100,150,1,0
100,145,2,0
100,141,3,0
100,160,4,0
100,2013,5,0
100,157,6,0
100,154,7,0
100,161,8,0
100,168,9,0
100,172,10,0
100,175,11,0
100,179,12,0
100,188,13,0
100,187,14,0
100,2016,15,0
100,183,16,0
100,205,17,0
100,201,18,0
100,203,19,0
100,746,20,0
100,199056,21,0
100,9068,22,0
100,2018,23,0
100,202,24,0
100,198,25,0
100,196,26,0
100,195,27,0
100,190,28,0
100,191,29,0
100,2015,30,0
100,2022,31,0
100,2023,32,0
100,224,33,0
100,190225,34,0
100,2025,35,0
100,54,36,0
100,250,37,0
100,2029,38,0
100,254,39,0
100,9097,40,0
100,2030,41,0
100,262,42,0
100,265,43,0
100,192039,44,0
100,297,45,0
100,299,46,0
100,301,47,0
100,317,48,0
100,190427,49,0
100,428,50,0
100,190430,51,0
100,192042,52,0
100,107,53,0
100,437,54,0
100,440,55,0
100,441,56,0
100,190444,57,0
100,456,58,0
100,55,59,0
100,458,60,0
100,459,61,0
100,460,62,0
100,464,63,0
100,192070,64,1
101,192070,1,0
101,751,2,0
101,2069,3,0
101,2068,4,0
101,455,5,0
101,192009,6,0
101,696,7,0
101,2043,8,0
101,436,9,0
101,433,10,0
101,190431,11,0
101,429,12,0
101,190426,13,0
101,318,14,0
101,302,15,0
101,300,16,0
101,192040,17,0
101,9093,18,0
101,261,19,0
101,259,20,0
101,257,21,0
101,253,22,0
101,252,23,0
101,251,24,0
101,230,25,0
101,229,26,0
101,190226,27,0
101,223,28,0
101,222,29,0
101,213,30,0
101,212,31,0
101,192,32,0
101,193,33,0
101,194,34,0
101,197,35,0
101,199,36,0
101,203,37,0
101,2018,38,0
101,200,39,0
101,204,40,0
101,184,41,0
101,185,42,0
101,186,43,0
101,189,44,0
101,57,45,0
101,174,46,0
101,9238,47,0
101,171,48,0
101,146,49,0
101,150,50,1
200,150,1,0
200,145,2,0
200,141,3,0
200,160,4,0
200,2013,5,0
200,157,6,0
200,154,7,0
200,161,8,0
200,168,9,0
200,9092,10,0
200,181,11,0
200,207,12,0
200,2017,13,0
200,210,14,0
200,745,15,0
200,217,16,0
200,199074,17,0
200,9076,18,0
200,73,19,0
200,2021,20,0
200,2001,21,0
200,235,22,0
200,2026,23,0
200,70,24,0
200,192028,25,0
200,288,26,0
200,286,27,0
200,283,28,0
200,280,29,0
200,3024,30,0
200,3005,31,0
200,192039,32,0
200,297,33,0
200,299,34,0
200,301,35,0
200,317,36,0
200,190427,37,0
200,428,38,0
200,190430,39,0
200,192042,40,0
200,107,41,0
200,437,42,0
200,440,43,0
200,441,44,0
200,190444,45,0
200,456,46,0
200,55,47,0
200,458,48,0
200,459,49,0
200,460,50,0
200,464,51,0
200,192070,52,0
200,461,53,0
200,190451,54,0
200,855,55,0
200,450,56,0
200,447,57,0
200,9083,58,0
200,2056,59,0
200,488,60,0
200,486,61,0
200,484,62,0
200,481,63,0
200,471,64,0
200,479,65,0
200,477,66,0
200,498,67,0
200,474,68,0
200,473,69,0
200,190502,70,1
201,190502,1,0
201,472,2,0
201,475,3,0
201,2059,4,0
201,476,5,0
201,478,6,0
201,480,7,0
201,482,8,0
201,483,9,0
201,485,10,0
201,487,11,0
201,489,12,0
201,445,13,0
201,448,14,0
201,449,15,0
201,454,16,0
201,190800,17,0
201,452,18,0
201,464,19,0
201,192070,20,0
201,751,21,0
201,2069,22,0
201,2068,23,0
201,455,24,0
201,192009,25,0
201,696,26,0
201,2043,27,0
201,436,28,0
201,433,29,0
201,190431,30,0
201,429,31,0
201,190426,32,0
201,318,33,0
201,302,34,0
201,300,35,0
201,192036,36,0
201,3020,37,0
201,279,38,0
201,284,39,0
201,285,40,0
201,287,41,0
201,190231,42,0
201,232,43,0
201,233,44,0
201,234,45,0
201,9229,46,0
201,216,47,0
201,51,48,0
201,690,49,0
201,190052,50,0
201,218,51,0
201,746,52,0
201,209,53,0
201,208,54,0
201,206,55,0
201,182,56,0
201,163,57,0
201,169,58,0
201,162,59,0
201,155,60,0
201,156,61,0
201,158,62,0
201,159,63,0
201,142,64,0
201,150,65,1
300,190503,1,0
300,111,2,0
300,1017,3,0
300,508,4,0
300,509,5,0
300,2063,6,0
300,2065,7,0
300,507,8,0
300,504,9,0
300,503,10,0
300,497,11,0
300,494,12,0
300,492,13,0
300,491,14,0
300,467,15,0
300,192070,16,0
300,751,17,0
300,2069,18,0
300,2068,19,0
300,455,20,0
300,192009,21,0
300,190413,22,0
300,415,23,0
300,190417,24,0
300,420,25,0
300,423,26,0
300,424,27,0
300,324,28,0
300,322,29,0
300,316,30,0
300,314,31,0
300,311,32,0
300,309,33,0
300,305,34,0
300,192035,35,1
301,192035,1,0
301,303,2,0
301,304,3,0
301,310,4,0
301,312,5,0
301,313,6,0
301,315,7,0
301,321,8,0
301,323,9,0
301,425,10,0
301,422,11,0
301,421,12,0
301,190411,13,0
301,414,14,0
301,412,15,0
301,190444,16,0
301,456,17,0
301,55,18,0
301,458,19,0
301,459,20,0
301,460,21,0
301,464,22,0
301,192070,23,0
301,465,24,0
301,490,25,0
301,493,26,0
301,495,27,0
301,496,28,0
301,502,29,0
301,505,30,0
301,2067,31,0
301,2066,32,0
301,2064,33,0
301,2062,34,0
301,2061,35,0
301,2060,36,0
301,2008,37,0
301,190503,38,1
400,192077,1,0
400,799,2,0
400,744,3,0
400,192076,4,0
400,41,5,0
400,190399,6,0
400,397,7,0
400,190044,8,0
400,378,9,0
400,192053,10,0
400,382,11,0
400,190501,12,0
400,2052,13,0
400,190363,14,0
400,361,15,0
400,359,16,0
400,190356,17,0
400,9070,18,0
400,277,19,0
400,190272,20,0
400,9082,21,0
400,192037,22,0
400,192039,23,1
401,192037,1,0
401,294,2,0
401,190292,3,0
401,273,4,0
401,278,5,0
401,275,6,0
401,190357,7,0
401,360,8,0
401,190364,9,0
401,366,10,0
401,190504,11,0
401,383,12,0
401,381,13,0
401,190380,14,0
401,9077,15,0
401,190043,16,0
401,398,17,0
401,190400,18,0
401,402,19,0
401,190584,20,0
401,816,21,0
401,192077,22,1
600,192079,1,0
600,799,2,0
600,741,3,0
600,739,4,0
600,642,5,0
600,190090,6,0
600,192004,7,0
600,9054,8,0
600,2002,9,0
600,100,10,0
600,40,11,0
600,606,12,0
600,615,13,0
600,9208,14,0
600,9228,15,0
600,192075,16,0
600,558,17,0
600,556,18,0
600,554,19,0
600,568,20,0
600,717,21,0
600,550,22,0
600,718,23,0
600,754,24,0
600,547,25,0
600,199037,26,0
600,537,27,0
600,534,28,0
600,190033,29,0
600,190034,30,0
600,2072,31,0
600,520,32,0
600,460,33,0
600,464,34,0
600,192070,35,1
601,192070,1,0
601,751,2,0
601,521,3,0
601,190523,4,0
601,190524,5,0
601,535,6,0
601,536,7,0
601,9043,8,0
601,546,9,0
601,716,10,0
601,549,11,0
601,551,12,0
601,803,13,0
601,567,14,0
601,555,15,0
601,557,16,0
601,9007,17,0
601,192074,18,0
601,612,19,0
601,614,20,0
601,607,21,0
601,39,22,0
601,692,23,0
601,632,24,0
601,192003,25,0
601,190662,26,0
601,641,27,0
601,9057,28,0
601,740,29,0
601,97,30,0
601,192079,31,0
601,192084,32,1
700,190712,1,0
700,48,2,0
700,515,3,0
700,854,4,0
700,648,5,0
700,651,6,0
700,97,7,0
700,192082,8,0
700,799,9,0
700,744,10,0
700,192076,11,0
700,41,12,0
700,190399,13,0
700,396,14,0
700,839,15,0
700,837,16,0
700,835,17,0
700,833,18,0
700,9044,19,0
700,199074,20,0
700,9076,21,0
700,73,22,0
700,2021,23,0
700,746,24,0
700,199056,25,0
700,9068,26,0
700,2018,27,0
700,200,28,0
700,204,29,0
700,184,30,0
700,847,31,0
700,9094,32,0
700,155,33,0
700,156,34,0
700,158,35,0
700,142,36,0
700,150,37,1
701,150,1,0
701,145,2,0
701,141,3,0
701,160,4,0
701,2013,5,0
701,157,6,0
701,154,7,0
701,9095,8,0
701,182,9,0
701,183,10,0
701,205,11,0
701,201,12,0
701,203,13,0
701,832,14,0
701,216,15,0
701,51,16,0
701,690,17,0
701,190052,18,0
701,9050,19,0
701,2050,20,0
701,834,21,0
701,836,22,0
701,838,23,0
701,398,24,0
701,190400,25,0
701,402,26,0
701,190584,27,0
701,816,28,0
701,192083,29,0
701,799,30,0
701,77,31,0
701,649,32,0
701,822,33,0
701,824,34,0
701,819,35,0
701,190712,36,1
800,192070,1,0
800,751,2,0
800,2069,3,0
800,2068,4,0
800,455,5,0
800,192009,6,0
800,696,7,0
800,2043,8,0
800,436,9,0
800,433,10,0
800,190431,11,0
800,429,12,0
800,190426,13,0
800,318,14,0
800,302,15,0
800,300,16,0
800,192039,17,1
801,192039,1,0
801,297,2,0
801,299,3,0
801,301,4,0
801,317,5,0
801,190427,6,0
801,428,7,0
801,190430,8,0
801,192042,9,0
801,107,10,0
801,437,11,0
801,440,12,0
801,441,13,0
801,190444,14,0
801,456,15,0
801,55,16,0
801,458,17,0
801,459,18,0
801,460,19,0
801,464,20,0
801,192070,21,1
1000,199088,1,0
1000,871,2,0
1000,872,3,0
1000,7,4,0
1000,785,5,0
1000,780,6,0
1000,774,7,0
1000,775,8,0
1000,776,9,0
1000,873,10,0
1000,9060,11,0
1000,9061,12,0
1000,787,13,0
1000,788,14,0
1000,789,15,0
1000,790,16,0
1000,791,17,0
1000,190792,18,0
1000,777,19,0
1000,24,20,0
1000,69,21,0
1000,22,22,0
1000,20,23,0
1000,9085,24,0
1000,9048,25,0
1000,9001,26,0
1000,9002,27,0
1000,9003,28,0
1000,9062,29,0
1000,671,30,0
1000,192003,31,0
1000,190662,32,0
1000,641,33,0
1000,9057,34,0
1000,740,35,0
1000,97,36,0
1000,192084,37,1
1001,192084,1,0
1001,799,2,0
1001,741,3,0
1001,739,4,0
1001,642,5,0
1001,190090,6,0
1001,9053,7,0
1001,672,8,0
1001,9004,9,0
1001,9005,10,0
1001,9006,11,0
1001,9049,12,0
1001,8,13,0
1001,19,14,0
1001,21,15,0
1001,23,16,0
1001,25,17,0
1001,793,18,0
1001,190794,19,0
1001,795,20,0
1001,796,21,0
1001,765,22,0
1001,766,23,0
1001,767,24,0
1001,768,25,0
1001,780,26,0
1001,774,27,0
1001,775,28,0
1001,776,29,0
1001,873,30,0
1001,9060,31,0
1001,9061,32,0
1001,797,33,0
1001,2019,34,0
1001,866,35,0
1001,867,36,0
1001,868,37,0
1001,869,38,0
1001,782,39,0
1001,199088,40,1
1100,192082,1,0
1100,9231,2,0
1100,9046,3,0
1100,190103,4,0
1100,9208,5,0
1100,9228,6,0
1100,192075,7,0
1100,527,8,0
1100,9029,9,0
1100,9026,10,0
1100,9018,11,0
1100,9019,12,0
1100,9020,13,0
1100,9021,14,0
1100,518,15,0
1100,732,16,0
1100,517,17,0
1100,513,18,0
1100,511,19,0
1100,2062,20,0
1100,2061,21,0
1100,2060,22,0
1100,2008,23,0
1100,190506,24,0
1100,190502,25,1
1101,190506,1,0
1101,111,2,0
1101,1017,3,0
1101,508,4,0
1101,509,5,0
1101,510,6,0
1101,512,7,0
1101,516,8,0
1101,731,9,0
1101,519,10,0
1101,9022,11,0
1101,9023,12,0
1101,9024,13,0
1101,9025,14,0
1101,9027,15,0
1101,9028,16,0
1101,528,17,0
1101,192074,18,0
1101,612,19,0
1101,190101,20,0
1101,9045,21,0
1101,9232,22,0
1101,192082,23,1
1200,58,1,0
1200,59,2,0
1200,89,3,0
1200,190029,4,0
1200,86,5,0
1200,117,6,0
1200,84,7,0
1200,83,8,0
1200,82,9,0
1200,123,10,0
1200,190127,11,0
1200,128,12,0
1200,266,13,0
1200,305,14,0
1200,192035,15,0
1200,294,16,0
1200,190292,17,0
1200,274,18,0
1200,353,19,0
1200,351,20,0
1200,349,21,0
1200,347,22,0
1200,345,23,0
1200,335,24,0
1200,334,25,0
1200,331,26,0
1200,330,27,0
1200,328,28,0
1200,325,29,0
1200,326,30,0
1200,190502,31,1
1201,190502,1,0
1201,2046,2,0
1201,327,3,0
1201,329,4,0
1201,2044,5,0
1201,332,6,0
1201,333,7,0
1201,336,8,0
1201,344,9,0
1201,346,10,0
1201,348,11,0
1201,350,12,0
1201,108,13,0
1201,352,14,0
1201,290,15,0
1201,291,16,0
1201,9212,17,0
1201,756,18,0
1201,303,19,0
1201,92,20,0
1201,192038,21,0
1201,42,22,0
1201,9203,23,0
1201,93,24,0
1201,190126,25,0
1201,9096,26,0
1201,755,27,0
1201,80,28,0
1201,190029,29,1
1401,192084,1,0
1401,799,2,0
1401,842,3,0
1401,841,4,0
1401,848,5,0
1401,849,6,0
1401,850,7,0
1401,3023,8,0
1401,852,9,0
1401,856,10,0
1401,9074,11,0
1401,9075,12,0
1401,858,13,0
1401,6,14,0
1401,190399,15,1
1402,190399,1,0
1402,407,2,0
1402,406,3,0
1402,403,4,0
1402,586,5,0
1402,583,6,0
1402,589,7,0
1402,582,8,0
1402,591,9,0
1402,593,10,0
1402,595,11,0
1402,697,12,0
1402,410,13,0
1402,50,14,0
1402,98,15,0
1402,815,16,0
1402,404,17,0
1402,618,18,0
1402,619,19,0
1402,94,20,0
1402,96,21,0
1402,635,22,0
1402,736,23,0
1402,634,24,0
1402,97,25,0
1402,192079,26,0
1402,192084,27,1
1503,199037,1,0
1503,9043,2,0
1503,539,3,0
1503,685,4,0
1503,809,5,0
1503,810,6,0
1503,542,7,0
1503,687,8,0
1503,569,9,0
1503,565,10,0
1503,563,11,0
1503,564,12,0
1503,571,13,0
1503,570,14,0
1503,576,15,0
1503,578,16,0
1503,579,17,0
1503,580,18,0
1503,581,19,0
1503,575,20,0
1503,562,21,0
1503,560,22,0
1503,9007,23,0
1503,192074,24,0
1503,610,25,0
1503,609,26,0
1503,598,27,0
1503,553,28,0
1503,628,29,0
1503,737,30,0
1503,9090,31,0
1503,4,32,0
1503,3,33,0
1503,2,34,0
1503,1,35,0
1503,681,36,0
1503,600,37,0
1503,599,38,0
1503,15,39,0
1503,16,40,0
1503,190028,41,0
1503,17,42,0
1503,105,43,0
1503,14,44,0
1503,13,45,0
1503,12,46,0
1503,679,47,0
1503,625,48,0
1503,624,49,0
1503,623,50,0
1503,622,51,0
1503,621,52,0
1503,604,53,0
1503,603,54,0
1503,602,55,0
1503,675,56,0
1503,601,57,0
1503,671,58,0
1503,192003,59,0
1503,660,60,0
1503,640,61,0
1503,9230,62,0
1503,635,63,0
1503,736,64,0
1503,97,65,0
1503,192077,66,0
1503,192081,67,0
1503,799,68,0
1503,741,69,0
1503,739,70,0
1503,656,71,0
1503,658,72,0
1503,654,73,0
1503,652,74,0
1503,643,75,0
1503,190693,76,0
1503,49,77,0
1503,743,78,0
1503,457,79,0
1503,75,80,0
1503,9078,81,0
1503,647,82,0
1503,854,83,0
1503,648,84,0
1503,651,85,0
1503,77,86,0
1503,649,87,0
1503,78,88,0
1503,9079,89,0
1503,646,90,0
1503,645,91,0
1503,742,92,1
1504,742,1,0
1504,9084,2,0
1504,190694,3,0
1504,644,4,0
1504,653,5,0
1504,655,6,0
1504,659,7,0
1504,657,8,0
1504,9057,9,0
1504,740,10,0
1504,97,11,0
1504,192085,12,0
1504,566,13,0
1504,735,14,0
1504,552,15,0
1504,548,16,0
1504,639,17,0
1504,661,18,0
1504,9053,19,0
1504,672,20,0
1504,673,21,0
1504,663,22,0
1504,664,23,0
1504,665,24,0
1504,666,25,0
1504,758,26,0
1504,667,27,0
1504,668,28,0
1504,669,29,0
1504,670,30,0
1504,678,31,0
1504,676,32,0
1504,540,33,0
1504,533,34,0
1504,531,35,0
1504,530,36,0
1504,190018,37,0
1504,532,38,0
1504,470,39,0
1504,469,40,0
1504,468,41,0
1504,680,42,0
1504,682,43,0
1504,91,44,0
1504,689,45,0
1504,5,46,0
1504,9091,47,0
1504,629,48,0
1504,627,49,0
1504,68,50,0
1504,597,51,0
1504,608,52,0
1504,611,53,0
1504,192075,54,0
1504,35,55,0
1504,804,56,0
1504,698,57,0
1504,31,58,0
1504,30,59,0
1504,27,60,0
1504,26,61,0
1504,11,62,0
1504,405,63,0
1504,408,64,0
1504,588,65,0
1504,590,66,0
1504,592,67,0
1504,594,68,0
1504,596,69,0
1504,9051,70,0
1504,545,71,0
1504,684,72,0
1504,199037,73,1
1600,728,1,0
1600,826,2,0
1600,827,3,0
1600,830,4,0
1600,9069,5,0
1600,190730,6,0
1600,209,7,0
1600,208,8,0
1600,206,9,0
1600,182,10,0
1600,183,11,0
1600,205,12,0
1600,201,13,0
1600,203,14,0
1600,832,15,0
1600,216,16,0
1600,51,17,0
1600,690,18,0
1600,192014,19,0
1600,190052,20,0
1600,217,21,0
1600,199074,22,0
1600,9076,23,0
1600,73,24,0
1600,2021,25,0
1600,237,26,0
1600,239,27,0
1600,860,28,0
1600,861,29,0
1600,862,30,0
1600,863,31,0
1600,865,32,0
1600,762,33,0
1600,368,34,0
1600,366,35,0
1600,190505,36,0
1600,111,37,0
1600,1017,38,0
1600,506,39,0
1600,374,40,0
1600,375,41,0
1600,376,42,0
1600,377,43,0
1600,190043,44,0
1600,396,45,0
1600,190396,46,1
1601,190396,1,0
1601,837,2,0
1601,394,3,0
1601,393,4,0
1601,9089,5,0
1601,391,6,0
1601,390,7,0
1601,389,8,0
1601,388,9,0
1601,387,10,0
1601,386,11,0
1601,385,12,0
1601,384,13,0
1601,761,14,0
1601,190506,15,0
1601,2052,16,0
1601,367,17,0
1601,369,18,0
1601,372,19,0
1601,243,20,0
1601,2027,21,0
1601,242,22,0
1601,241,23,0
1601,240,24,0
1601,238,25,0
1601,9229,26,0
1601,216,27,0
1601,192014,28,0
1601,218,29,0
1601,746,30,0
1601,199056,31,0
1601,9068,32,0
1601,2018,33,0
1601,200,34,0
1601,204,35,0
1601,184,36,0
1601,847,37,0
1601,207,38,0
1601,2017,39,0
1601,210,40,0
1601,831,41,0
1601,829,42,0
1601,828,43,0
1601,9081,44,0
1601,190818,45,0
1601,726,46,0
1601,725,47,0
1601,727,48,0
1601,728,49,1
1800,464,1,0
1800,465,2,0
1800,843,3,0
1800,845,4,0
1800,846,5,0
1800,506,6,0
1800,374,7,0
1800,375,8,0
1800,376,9,0
1800,377,10,0
1800,190043,11,0
1800,396,12,0
1800,190396,13,1
1801,190396,1,0
1801,837,2,0
1801,835,3,0
1801,833,4,0
1801,9044,5,0
1801,192007,6,0
1801,199074,7,0
1801,9076,8,0
1801,73,9,0
1801,2021,10,0
1801,2001,11,0
1801,235,12,0
1801,2026,13,0
1801,70,14,0
1801,192028,15,0
1801,288,16,0
1801,286,17,0
1801,283,18,0
1801,280,19,0
1801,3024,20,0
1801,3005,21,0
1801,192039,22,0
1801,297,23,0
1801,299,24,0
1801,301,25,0
1801,317,26,0
1801,190427,27,0
1801,428,28,0
1801,190430,29,0
1801,192042,30,0
1801,107,31,0
1801,437,32,0
1801,440,33,0
1801,441,34,0
1801,190444,35,0
1801,456,36,0
1801,55,37,0
1801,458,38,0
1801,459,39,0
1801,460,40,0
1801,464,41,0
1801,192070,42,1
2001,192009,1,0
2001,696,2,0
2001,2043,3,0
2001,436,4,0
2001,433,5,0
2001,190431,6,0
2001,709,7,0
2001,9235,8,0
2001,275,9,0
2001,190357,10,1
2002,190356,1,0
2002,9070,2,0
2002,9236,3,0
2002,9088,4,0
2002,9201,5,0
2002,192042,6,0
2002,107,7,0
2002,437,8,0
2002,440,9,0
2002,441,10,0
2002,190444,11,1
50100,192077,1,0
50100,192076,2,0
50100,190399,3,0
50100,190044,4,0
50100,192053,5,0
50100,199042,6,0
50100,190363,7,0
50100,190356,8,0
50100,190272,9,0
50100,192039,10,1
50101,192039,1,0
50101,190427,2,0
50101,190411,3,0
50101,199040,4,0
50101,199038,5,0
50101,190523,6,0
50101,190524,7,0
50101,199036,8,0
50101,199034,9,0
50101,199032,10,0
50101,199030,11,0
50101,192003,12,0
50101,190662,13,0
50101,9057,14,0
50101,192077,15,1
50200,192078,1,0
50200,739,2,0
50200,190090,3,0
50200,199015,4,0
50200,199031,5,0
50200,199033,6,0
50200,199035,7,0
50200,199037,8,0
50200,190033,9,0
50200,190034,10,0
50200,199039,11,0
50200,190413,12,0
50200,190417,13,0
50200,190426,14,0
50200,192037,15,1
50201,192037,1,0
50201,190292,2,0
50201,190357,3,0
50201,190364,4,0
50201,199041,5,0
50201,190380,6,0
50201,190043,7,0
50201,190400,8,0
50201,190584,9,0
50201,192078,10,1
60100,683,1,0
60100,814,2,0
60100,9239,3,0
60100,192080,4,0
60100,9234,5,0
60100,700,6,0
60100,65,7,0
60100,2012,8,0
60100,190139,9,0
60100,134,10,0
60100,132,11,0
60100,2010,12,0
60100,190127,13,0
60100,266,14,0
60100,192041,15,0
60100,190292,16,0
60100,9201,17,0
60100,190426,18,1
60200,190426,1,0
60200,192038,2,0
60200,9203,3,0
60200,190126,4,0
60200,79,5,0
60200,9225,6,0
60200,9226,7,0
60200,199205,8,0
60200,9206,9,0
60200,9221,10,0
60200,9207,11,0
60200,9241,12,0
60200,683,13,0
60200,814,14,0
60200,9239,15,0
60200,192080,16,1
70100,199227,1,0
70100,745,2,0
70100,2001,3,0
70100,192028,4,0
70100,283,5,0
70100,3024,6,0
70100,192037,7,0
70100,190292,8,0
70100,353,9,0
70100,349,10,0
70100,345,11,0
70100,9217,12,0
70100,199217,13,0
70100,1017,14,0
70100,510,15,0
70100,9030,16,0
70100,734,17,0
70100,199218,18,0
70100,612,19,0
70100,617,20,0
70100,192079,21,1
70200,192079,1,0
70200,616,2,0
70200,9208,3,0
70200,199209,4,0
70200,733,5,0
70200,806,6,0
70200,511,7,0
70200,2060,8,0
70200,199210,9,0
70200,9211,10,0
70200,346,11,0
70200,350,12,0
70200,352,13,0
70200,9212,14,0
70200,192036,15,0
70200,3020,16,0
70200,284,17,0
70200,190231,18,0
70200,9229,19,0
70200,832,20,0
70200,9215,21,0
70200,199227,22,1
80100,970000,1,0
80100,9237,2,0
80100,172,3,0
80100,179,4,0
80100,2022,5,0
80100,224,6,0
80100,54,7,0
80100,254,8,0
80100,9240,9,0
80100,192039,10,0
80100,190292,11,0
80100,9201,12,0
80100,190426,13,1
80200,190426,1,0
80200,192040,2,0
80200,2031,3,0
80200,253,4,0
80200,230,5,0
80200,223,6,0
80200,213,7,0
80200,57,8,0
80200,9238,9,0
80200,148,10,0
80200,970000,11,1
101700,190356,1,0
101700,9070,2,0
101700,9236,3,0
101700,9088,4,0
101700,9201,5,0
101700,192042,6,0
101700,9098,7,0
101700,351,8,0
101700,349,9,0
101700,347,10,0
101700,345,11,0
101700,472,12,1
401700,190444,1,0
401700,37,2,0
401700,708,3,0
401700,706,4,0
401700,696,5,0
401700,2043,6,0
401700,436,7,0
401700,433,8,0
401700,190431,9,0
401700,429,10,0
401700,190426,11,0
401700,318,12,0
401700,302,13,0
401700,300,14,0
401700,192037,15,0
401700,192039,16,1
1601700,192039,1,0
1601700,297,2,0
1601700,299,3,0
1601700,301,4,0
1601700,317,5,0
1601700,190427,6,0
1601700,428,7,0
1601700,190430,8,0
1601700,709,9,0
1601700,9235,10,0
1601700,275,11,0
1601700,190357,12,0
1601700,190356,13,1
1701800,190396,1,0
1701800,837,2,0
1701800,835,3,0
1701800,833,4,0
1701800,9044,5,0
1701800,192007,6,0
1701800,199074,7,0
1701800,9076,8,0
1701800,73,9,0
1701800,2021,10,0
1701800,2001,11,0
1701800,235,12,0
1701800,2026,13,0
1701800,70,14,0
1701800,192028,15,0
1701800,288,16,0
1701800,286,17,0
1701800,283,18,0
1701800,280,19,0
1701800,190292,20,0
1701800,274,21,0
1701800,9088,22,0
1701800,9201,23,0
1701800,429,24,0
1701800,710,25,0
1701800,9080,26,1
1701801,9080,1,0
1701801,428,2,0
1701801,190430,3,0
1701801,192042,4,0
1701801,107,5,0
1701801,437,6,0
1701801,440,7,0
1701801,441,8,0
1701801,190444,9,0
1701801,456,10,0
1701801,55,11,0
1701801,458,12,0
1701801,459,13,0
1701801,460,14,0
1701801,464,15,0
1701801,192070,16,0
1701801,465,17,0
1701801,472,18,1
2301700,472,1,0
2301700,475,2,0
2301700,346,3,0
2301700,348,4,0
2301700,350,5,0
2301700,108,6,0
2301700,352,7,0
2301700,9088,8,0
2301700,9201,9,0
2301700,190444,10,0
2301700,37,11,0
2301700,708,12,0
2301700,706,13,0
2301700,696,14,0
2301700,2043,15,0
2301700,436,16,0
2301700,433,17,0
2301700,9080,18,0
2301700,428,19,0
2301700,190430,20,0
2301700,192042,21,0
2301700,107,22,0
2301700,437,23,0
2301700,440,24,0
2301700,441,25,1
9900100,667,1,0
9900100,9057,2,0
9900100,192079,3,1
