100,150,1,0
100,145,2,0
100,141,3,0
100,160,4,0
100,2013,5,0
100,157,6,0
100,154,7,0
100,161,8,0
100,168,9,0
100,172,10,0
100,175,11,0
100,179,12,0
100,188,13,0
100,187,14,0
100,2016,15,0
100,183,16,0
100,205,17,0
100,201,18,0
100,203,19,0
100,746,20,0
100,199056,21,0
100,9068,22,0
100,2018,23,0
100,202,24,0
100,198,25,0
100,196,26,0
100,195,27,0
100,191,28,0
100,2015,29,0
100,2022,30,0
100,2023,31,0
100,224,32,0
100,190225,33,0
100,2025,34,0
100,54,35,0
100,250,36,0
100,2029,37,0
100,254,38,0
100,9097,39,0
100,2030,40,0
100,262,41,0
100,265,42,0
100,192039,43,0
100,297,44,0
100,299,45,0
100,301,46,0
100,317,47,0
100,190427,48,0
100,9101,49,0
100,192042,50,0
100,107,51,0
100,437,52,0
100,440,53,0
100,441,54,0
100,190444,55,0
100,456,56,0
100,55,57,0
100,458,58,0
100,459,59,0
100,460,60,0
100,464,61,0
100,192070,62,1
101,192070,1,0
101,751,2,0
101,2069,3,0
101,2068,4,0
101,455,5,0
101,192009,6,0
101,696,7,0
101,2043,8,0
101,436,9,0
101,433,10,0
101,9099,11,0
101,9100,12,0
101,190426,13,0
101,318,14,0
101,302,15,0
101,300,16,0
101,192040,17,0
101,9093,18,0
101,261,19,0
101,259,20,0
101,257,21,0
101,253,22,0
101,252,23,0
101,251,24,0
101,230,25,0
101,229,26,0
101,190226,27,0
101,223,28,0
101,222,29,0
101,213,30,0
101,212,31,0
101,192,32,0
101,194,33,0
101,197,34,0
101,199,35,0
101,203,36,0
101,746,37,0
101,199056,38,0
101,9068,39,0
101,2018,40,0
101,200,41,0
101,204,42,0
101,184,43,0
101,185,44,0
101,186,45,0
101,189,46,0
101,57,47,0
101,174,48,0
101,9238,49,0
101,171,50,0
101,146,51,0
101,150,52,1
200,150,1,0
200,145,2,0
200,141,3,0
200,160,4,0
200,2013,5,0
200,157,6,0
200,154,7,0
200,161,8,0
200,168,9,0
200,9092,10,0
200,181,11,0
200,207,12,0
200,2017,13,0
200,210,14,0
200,745,15,0
200,217,16,0
200,199074,17,0
200,9076,18,0
200,73,19,0
200,2021,20,0
200,2001,21,0
200,235,22,0
200,2026,23,0
200,70,24,0
200,192028,25,0
200,288,26,0
200,286,27,0
200,283,28,0
200,280,29,0
200,190272,30,0
200,9082,31,0
200,192039,32,0
200,297,33,0
200,299,34,0
200,301,35,0
200,317,36,0
200,190427,37,0
200,9101,38,0
200,192042,39,0
200,107,40,0
200,437,41,0
200,440,42,0
200,441,43,0
200,190444,44,0
200,456,45,0
200,55,46,0
200,458,47,0
200,459,48,0
200,460,49,0
200,464,50,0
200,192070,51,0
200,461,52,0
200,190451,53,0
200,855,54,0
200,450,55,0
200,447,56,0
200,9083,57,0
200,2056,58,0
200,488,59,0
200,486,60,0
200,484,61,0
200,481,62,0
200,471,63,0
200,479,64,0
200,477,65,0
200,498,66,0
200,474,67,0
200,473,68,0
200,190502,69,1
201,190502,1,0
201,472,2,0
201,475,3,0
201,2059,4,0
201,476,5,0
201,478,6,0
201,480,7,0
201,482,8,0
201,483,9,0
201,485,10,0
201,487,11,0
201,489,12,0
201,445,13,0
201,448,14,0
201,449,15,0
201,454,16,0
201,190800,17,0
201,452,18,0
201,464,19,0
201,192070,20,0
201,751,21,0
201,2069,22,0
201,2068,23,0
201,455,24,0
201,192009,25,0
201,696,26,0
201,2043,27,0
201,436,28,0
201,433,29,0
201,9099,30,0
201,9100,31,0
201,190426,32,0
201,318,33,0
201,302,34,0
201,300,35,0
201,192036,36,0
201,294,37,0
201,190292,38,0
201,273,39,0
201,279,40,0
201,284,41,0
201,285,42,0
201,287,43,0
201,190231,44,0
201,232,45,0
201,233,46,0
201,234,47,0
201,9229,48,0
201,216,49,0
201,51,50,0
201,690,51,0
201,190052,52,0
201,218,53,0
201,746,54,0
201,209,55,0
201,208,56,0
201,206,57,0
201,182,58,0
201,163,59,0
201,169,60,0
201,162,61,0
201,155,62,0
201,156,63,0
201,158,64,0
201,159,65,0
201,142,66,0
201,150,67,1
300,190503,1,0
300,111,2,0
300,1017,3,0
300,509,4,0
300,2063,5,0
300,2065,6,0
300,507,7,0
300,504,8,0
300,497,9,0
300,492,10,0
300,491,11,0
300,467,12,0
300,192070,13,0
300,751,14,0
300,2069,15,0
300,2068,16,0
300,455,17,0
300,192009,18,0
300,190413,19,0
300,415,20,0
300,190417,21,0
300,423,22,0
300,424,23,0
300,324,24,0
300,322,25,0
300,316,26,0
300,314,27,0
300,311,28,0
300,309,29,0
300,305,30,0
300,192035,31,1
301,192035,1,0
301,303,2,0
301,304,3,0
301,310,4,0
301,312,5,0
301,313,6,0
301,315,7,0
301,321,8,0
301,323,9,0
301,425,10,0
301,422,11,0
301,421,12,0
301,190411,13,0
301,414,14,0
301,412,15,0
301,190444,16,0
301,456,17,0
301,55,18,0
301,458,19,0
301,459,20,0
301,460,21,0
301,464,22,0
301,192070,23,0
301,465,24,0
301,490,25,0
301,493,26,0
301,496,27,0
301,505,28,0
301,2067,29,0
301,2066,30,0
301,2064,31,0
301,2062,32,0
301,2061,33,0
301,2060,34,0
301,2008,35,0
301,190503,36,1
400,192077,1,0
400,799,2,0
400,744,3,0
400,192076,4,0
400,41,5,0
400,190399,6,0
400,397,7,0
400,190044,8,0
400,378,9,0
400,192053,10,0
400,382,11,0
400,190501,12,0
400,2052,13,0
400,190363,14,0
400,361,15,0
400,359,16,0
400,190356,17,0
400,9070,18,0
400,277,19,0
400,190272,20,0
400,9082,21,0
400,192037,22,0
400,192039,23,1
401,192037,1,0
401,294,2,0
401,190292,3,0
401,273,4,0
401,278,5,0
401,275,6,0
401,3026,7,0
401,360,8,0
401,190364,9,0
401,366,10,0
401,190504,11,0
401,383,12,0
401,381,13,0
401,190380,14,0
401,9077,15,0
401,190043,16,0
401,398,17,0
401,190400,18,0
401,402,19,0
401,190584,20,0
401,816,21,0
401,192077,22,1
600,192079,1,0
600,799,2,0
600,741,3,0
600,739,4,0
600,642,5,0
600,190090,6,0
600,192004,7,0
600,9054,8,0
600,2002,9,0
600,100,10,0
600,40,11,0
600,606,12,0
600,615,13,0
600,9208,14,0
600,9228,15,0
600,192075,16,0
600,558,17,0
600,556,18,0
600,554,19,0
600,568,20,0
600,717,21,0
600,550,22,0
600,718,23,0
600,754,24,0
600,547,25,0
600,199037,26,0
600,537,27,0
600,534,28,0
600,190033,29,0
600,190034,30,0
600,2072,31,0
600,520,32,0
600,460,33,0
600,464,34,0
600,192070,35,1
601,192070,1,0
601,751,2,0
601,521,3,0
601,190523,4,0
601,190524,5,0
601,535,6,0
601,536,7,0
601,9043,8,0
601,546,9,0
601,716,10,0
601,549,11,0
601,551,12,0
601,803,13,0
601,567,14,0
601,555,15,0
601,557,16,0
601,9007,17,0
601,192074,18,0
601,612,19,0
601,614,20,0
601,607,21,0
601,39,22,0
601,692,23,0
601,632,24,0
601,192003,25,0
601,190662,26,0
601,641,27,0
601,9057,28,0
601,740,29,0
601,97,30,0
601,192084,31,0
601,192079,32,1
700,190712,1,0
700,48,2,0
700,515,3,0
700,854,4,0
700,648,5,0
700,651,6,0
700,97,7,0
700,192082,8,0
700,799,9,0
700,744,10,0
700,192076,11,0
700,41,12,0
700,190399,13,0
700,396,14,0
700,199120,15,0
700,837,16,0
700,835,17,0
700,833,18,0
700,9044,19,0
700,199074,20,0
700,9076,21,0
700,73,22,0
700,2021,23,0
700,746,24,0
700,199056,25,0
700,9068,26,0
700,2018,27,0
700,200,28,0
700,204,29,0
700,184,30,0
700,847,31,0
700,9094,32,0
700,155,33,0
700,156,34,0
700,158,35,0
700,159,36,0
700,142,37,0
700,150,38,0
700,145,39,0
700,141,40,0
700,160,41,0
700,2013,42,0
700,157,43,0
700,154,44,0
700,9095,45,0
700,182,46,0
700,183,47,0
700,205,48,0
700,201,49,0
700,203,50,0
700,832,51,0
700,216,52,0
700,51,53,0
700,690,54,0
700,190052,55,1
701,150,1,0
701,145,2,0
701,141,3,0
701,160,4,0
701,2013,5,0
701,157,6,0
701,154,7,0
701,9095,8,0
701,182,9,0
701,183,10,0
701,205,11,0
701,201,12,0
701,203,13,0
701,832,14,0
701,216,15,0
701,51,16,0
701,690,17,0
701,190052,18,0
701,9050,19,0
701,2050,20,0
701,834,21,0
701,836,22,0
701,838,23,0
701,398,24,0
701,190400,25,0
701,402,26,0
701,190584,27,0
701,816,28,0
701,192083,29,0
701,799,30,0
701,77,31,0
701,649,32,0
701,822,33,0
701,824,34,0
701,819,35,0
701,190712,36,1
800,192070,1,0
800,751,2,0
800,2069,3,0
800,2068,4,0
800,455,5,0
800,192009,6,0
800,696,7,0
800,2043,8,0
800,436,9,0
800,433,10,0
800,9099,11,0
800,9100,12,0
800,190426,13,0
800,318,14,0
800,302,15,0
800,300,16,0
800,192039,17,1
801,192039,1,0
801,297,2,0
801,299,3,0
801,301,4,0
801,317,5,0
801,190427,6,0
801,9101,7,0
801,192042,8,0
801,107,9,0
801,437,10,0
801,440,11,0
801,441,12,0
801,190444,13,0
801,456,14,0
801,55,15,0
801,458,16,0
801,459,17,0
801,460,18,0
801,464,19,0
801,192070,20,0
801,190292,21,0
801,9201,22,0
801,190426,23,1
1000,199088,1,0
1000,871,2,0
1000,872,3,0
1000,9103,4,0
1000,7,5,0
1000,785,6,0
1000,768,7,0
1000,780,8,0
1000,774,9,0
1000,775,10,0
1000,776,11,0
1000,873,12,0
1000,9060,13,0
1000,9061,14,0
1000,787,15,0
1000,788,16,0
1000,789,17,0
1000,790,18,0
1000,791,19,0
1000,190792,20,0
1000,777,21,0
1000,24,22,0
1000,69,23,0
1000,22,24,0
1000,20,25,0
1000,9085,26,0
1000,9048,27,0
1000,9001,28,0
1000,9002,29,0
1000,9003,30,0
1000,9062,31,0
1000,671,32,0
1000,192003,33,0
1000,190662,34,0
1000,641,35,0
1000,9057,36,0
1000,740,37,0
1000,97,38,0
1000,192084,39,1
1001,192084,1,0
1001,799,2,0
1001,741,3,0
1001,739,4,0
1001,642,5,0
1001,190090,6,0
1001,9053,7,0
1001,672,8,0
1001,9004,9,0
1001,9005,10,0
1001,9006,11,0
1001,9049,12,0
1001,8,13,0
1001,19,14,0
1001,21,15,0
1001,23,16,0
1001,25,17,0
1001,793,18,0
1001,190794,19,0
1001,795,20,0
1001,796,21,0
1001,765,22,0
1001,766,23,0
1001,767,24,0
1001,768,25,0
1001,780,26,0
1001,774,27,0
1001,775,28,0
1001,776,29,0
1001,873,30,0
1001,9060,31,0
1001,9061,32,0
1001,797,33,0
1001,2019,34,0
1001,9102,35,0
1001,866,36,0
1001,9104,37,0
1001,868,38,0
1001,869,39,0
1001,782,40,0
1001,199088,41,1
1100,192082,1,0
1100,9119,2,0
1100,9231,3,0
1100,9046,4,0
1100,190103,5,0
1100,9208,6,0
1100,9228,7,0
1100,192075,8,0
1100,527,9,0
1100,9029,10,0
1100,9026,11,0
1100,9018,12,0
1100,9019,13,0
1100,9020,14,0
1100,9021,15,0
1100,518,16,0
1100,732,17,0
1100,517,18,0
1100,513,19,0
1100,511,20,0
1100,2062,21,0
1100,2061,22,0
1100,2060,23,0
1100,2008,24,0
1100,190506,25,0
1100,190502,26,1
1101,190506,1,0
1101,111,2,0
1101,1017,3,0
1101,509,4,0
1101,510,5,0
1101,512,6,0
1101,516,7,0
1101,731,8,0
1101,519,9,0
1101,9022,10,0
1101,9023,11,0
1101,9024,12,0
1101,9025,13,0
1101,9027,14,0
1101,9028,15,0
1101,528,16,0
1101,192074,17,0
1101,612,18,0
1101,190101,19,0
1101,9045,20,0
1101,9232,21,0
1101,192082,22,1
1200,190029,1,0
1200,86,2,0
1200,117,3,0
1200,84,4,0
1200,83,5,0
1200,82,6,0
1200,123,7,0
1200,190127,8,0
1200,128,9,0
1200,266,10,0
1200,305,11,0
1200,192035,12,0
1200,294,13,0
1200,190292,14,0
1200,274,15,0
1200,353,16,0
1200,351,17,0
1200,349,18,0
1200,347,19,0
1200,345,20,0
1200,335,21,0
1200,334,22,0
1200,331,23,0
1200,330,24,0
1200,328,25,0
1200,325,26,0
1200,326,27,0
1200,190502,28,1
1201,190502,1,0
1201,2046,2,0
1201,327,3,0
1201,329,4,0
1201,2044,5,0
1201,332,6,0
1201,333,7,0
1201,336,8,0
1201,344,9,0
1201,346,10,0
1201,350,11,0
1201,108,12,0
1201,352,13,0
1201,290,14,0
1201,291,15,0
1201,9212,16,0
1201,756,17,0
1201,303,18,0
1201,92,19,0
1201,192038,20,0
1201,3027,21,0
1201,93,22,0
1201,190126,23,0
1201,9096,24,0
1201,755,25,0
1201,80,26,0
1201,58,27,0
1201,59,28,0
1201,89,29,0
1201,190029,30,1
1401,192084,1,0
1401,799,2,0
1401,842,3,0
1401,841,4,0
1401,848,5,0
1401,849,6,0
1401,850,7,0
1401,3023,8,0
1401,852,9,0
1401,856,10,0
1401,9074,11,0
1401,9075,12,0
1401,858,13,0
1401,6,14,0
1401,190399,15,1
1402,190399,1,0
1402,407,2,0
1402,406,3,0
1402,403,4,0
1402,586,5,0
1402,583,6,0
1402,589,7,0
1402,582,8,0
1402,591,9,0
1402,593,10,0
1402,595,11,0
1402,697,12,0
1402,410,13,0
1402,50,14,0
1402,98,15,0
1402,815,16,0
1402,404,17,0
1402,618,18,0
1402,619,19,0
1402,94,20,0
1402,96,21,0
1402,635,22,0
1402,736,23,0
1402,634,24,0
1402,97,25,0
1402,192079,26,0
1402,192084,27,1
1500,199037,1,0
1500,9043,2,0
1500,539,3,0
1500,685,4,0
1500,809,5,0
1500,810,6,0
1500,542,7,0
1500,687,8,0
1500,569,9,0
1500,565,10,0
1500,563,11,0
1500,564,12,0
1500,571,13,0
1500,570,14,0
1500,576,15,0
1500,578,16,0
1500,579,17,0
1500,580,18,0
1500,581,19,0
1500,575,20,0
1500,562,21,0
1500,560,22,0
1500,9007,23,0
1500,192074,24,0
1500,610,25,0
1500,609,26,0
1500,598,27,0
1500,553,28,0
1500,628,29,0
1500,737,30,0
1500,9090,31,0
1500,4,32,0
1500,3,33,0
1500,2,34,0
1500,1,35,0
1500,681,36,0
1500,600,37,0
1500,599,38,0
1500,15,39,0
1500,16,40,0
1500,190028,41,0
1500,17,42,0
1500,105,43,0
1500,14,44,0
1500,13,45,0
1500,12,46,0
1500,679,47,0
1500,625,48,0
1500,624,49,0
1500,623,50,0
1500,622,51,0
1500,621,52,0
1500,604,53,0
1500,603,54,0
1500,602,55,0
1500,675,56,0
1500,601,57,0
1500,671,58,0
1500,192003,59,0
1500,660,60,0
1500,640,61,0
1500,9230,62,0
1500,635,63,0
1500,736,64,0
1500,97,65,0
1500,192081,66,0
1500,799,67,0
1500,741,68,0
1500,739,69,0
1500,656,70,0
1500,658,71,0
1500,654,72,0
1500,652,73,0
1500,643,74,0
1500,190693,75,0
1500,49,76,0
1500,743,77,0
1500,457,78,0
1500,75,79,0
1500,9078,80,0
1500,647,81,0
1500,854,82,0
1500,648,83,0
1500,651,84,0
1500,77,85,0
1500,649,86,0
1500,78,87,0
1500,9079,88,0
1500,646,89,0
1500,645,90,0
1500,742,91,0
1500,192077,92,1
1501,742,1,0
1501,9084,2,0
1501,190694,3,0
1501,644,4,0
1501,653,5,0
1501,655,6,0
1501,659,7,0
1501,657,8,0
1501,9057,9,0
1501,740,10,0
1501,97,11,0
1501,192085,12,0
1501,566,13,0
1501,735,14,0
1501,552,15,0
1501,548,16,0
1501,639,17,0
1501,661,18,0
1501,9053,19,0
1501,672,20,0
1501,673,21,0
1501,663,22,0
1501,664,23,0
1501,665,24,0
1501,666,25,0
1501,758,26,0
1501,667,27,0
1501,668,28,0
1501,669,29,0
1501,670,30,0
1501,678,31,0
1501,676,32,0
1501,540,33,0
1501,9005,34,0
1501,533,35,0
1501,531,36,0
1501,530,37,0
1501,190018,38,0
1501,532,39,0
1501,470,40,0
1501,469,41,0
1501,468,42,0
1501,680,43,0
1501,682,44,0
1501,91,45,0
1501,689,46,0
1501,5,47,0
1501,9091,48,0
1501,629,49,0
1501,627,50,0
1501,68,51,0
1501,597,52,0
1501,608,53,0
1501,611,54,0
1501,192075,55,0
1501,35,56,0
1501,804,57,0
1501,698,58,0
1501,31,59,0
1501,30,60,0
1501,27,61,0
1501,26,62,0
1501,11,63,0
1501,405,64,0
1501,408,65,0
1501,588,66,0
1501,590,67,0
1501,592,68,0
1501,594,69,0
1501,596,70,0
1501,9051,71,0
1501,545,72,0
1501,684,73,0
1501,199037,74,1
1600,728,1,0
1600,826,2,0
1600,827,3,0
1600,830,4,0
1600,9069,5,0
1600,190730,6,0
1600,209,7,0
1600,208,8,0
1600,206,9,0
1600,182,10,0
1600,183,11,0
1600,205,12,0
1600,201,13,0
1600,203,14,0
1600,832,15,0
1600,217,16,0
1600,199074,17,0
1600,9076,18,0
1600,73,19,0
1600,2021,20,0
1600,237,21,0
1600,239,22,0
1600,860,23,0
1600,861,24,0
1600,862,25,0
1600,863,26,0
1600,865,27,0
1600,762,28,0
1600,368,29,0
1600,366,30,0
1600,190505,31,0
1600,111,32,0
1600,1017,33,0
1600,506,34,0
1600,374,35,0
1600,375,36,0
1600,376,37,0
1600,377,38,0
1600,190043,39,0
1600,396,40,0
1600,199120,41,0
1600,837,42,0
1600,394,43,0
1600,393,44,0
1600,9089,45,0
1600,391,46,0
1600,390,47,0
1600,389,48,0
1600,388,49,0
1600,387,50,0
1600,386,51,0
1600,385,52,0
1600,384,53,0
1600,761,54,0
1600,190503,55,0
1600,2052,56,0
1600,367,57,0
1600,369,58,0
1600,372,59,0
1600,243,60,0
1600,2027,61,0
1600,242,62,0
1600,241,63,0
1600,240,64,0
1600,238,65,0
1600,9229,66,0
1600,216,67,0
1600,51,68,0
1600,690,69,0
1600,190052,70,0
1600,192014,71,1
1601,199120,1,0
1601,837,2,0
1601,394,3,0
1601,393,4,0
1601,9089,5,0
1601,391,6,0
1601,390,7,0
1601,389,8,0
1601,388,9,0
1601,387,10,0
1601,386,11,0
1601,385,12,0
1601,384,13,0
1601,761,14,0
1601,190503,15,0
1601,2052,16,0
1601,367,17,0
1601,369,18,0
1601,372,19,0
1601,243,20,0
1601,2027,21,0
1601,242,22,0
1601,241,23,0
1601,240,24,0
1601,238,25,0
1601,9229,26,0
1601,216,27,0
1601,51,28,0
1601,690,29,0
1601,192014,30,0
1601,218,31,0
1601,746,32,0
1601,199056,33,0
1601,9068,34,0
1601,2018,35,0
1601,200,36,0
1601,204,37,0
1601,184,38,0
1601,847,39,0
1601,207,40,0
1601,2017,41,0
1601,210,42,0
1601,831,43,0
1601,829,44,0
1601,828,45,0
1601,9081,46,0
1601,190818,47,0
1601,726,48,0
1601,725,49,0
1601,727,50,0
1601,728,51,1
50100,192077,1,0
50100,192076,2,0
50100,190399,3,0
50100,190044,4,0
50100,192053,5,0
50100,199042,6,0
50100,190363,7,0
50100,190356,8,0
50100,190272,9,0
50100,192039,10,1
50101,192039,1,0
50101,190427,2,0
50101,190411,3,0
50101,199040,4,0
50101,199038,5,0
50101,190523,6,0
50101,190524,7,0
50101,199036,8,0
50101,199034,9,0
50101,199032,10,0
50101,199030,11,0
50101,192003,12,0
50101,190662,13,0
50101,9057,14,0
50101,192077,15,1
50200,192078,1,0
50200,739,2,0
50200,190090,3,0
50200,199015,4,0
50200,199031,5,0
50200,199033,6,0
50200,199035,7,0
50200,199037,8,0
50200,190033,9,0
50200,190034,10,0
50200,199039,11,0
50200,190413,12,0
50200,190417,13,0
50200,190426,14,0
50200,192037,15,1
50201,192037,1,0
50201,190292,2,0
50201,3026,3,0
50201,190364,4,0
50201,199041,5,0
50201,190380,6,0
50201,190043,7,0
50201,190400,8,0
50201,190584,9,0
50201,192078,10,1
60100,814,1,0
60100,752,2,0
60100,9239,3,0
60100,192080,4,0
60100,9234,5,0
60100,700,6,0
60100,65,7,0
60100,2012,8,0
60100,190139,9,0
60100,134,10,0
60100,132,11,0
60100,2010,12,0
60100,190127,13,0
60100,266,14,0
60100,192041,15,0
60100,190292,16,0
60100,9201,17,0
60100,190426,18,1
60201,190292,1,0
60201,9201,2,0
60201,190426,3,0
60201,192038,4,0
60201,3027,5,0
60201,190126,6,0
60201,79,7,0
60201,9225,8,0
60201,9226,9,0
60201,199205,10,0
60201,9206,11,0
60201,9221,12,0
60201,9207,13,0
60201,9241,14,0
60201,683,15,0
60201,814,16,0
60201,752,17,0
60201,9239,18,0
60201,192080,19,1
70100,199227,1,0
70100,745,2,0
70100,2001,3,0
70100,192028,4,0
70100,283,5,0
70100,190272,6,0
70100,192037,7,0
70100,190292,8,0
70100,353,9,0
70100,349,10,0
70100,345,11,0
70100,9217,12,0
70100,199217,13,0
70100,1017,14,0
70100,510,15,0
70100,9030,16,0
70100,734,17,0
70100,199218,18,0
70100,612,19,0
70100,617,20,0
70100,192079,21,1
70200,192079,1,0
70200,616,2,0
70200,9208,3,0
70200,199209,4,0
70200,733,5,0
70200,806,6,0
70200,511,7,0
70200,2060,8,0
70200,199210,9,0
70200,9211,10,0
70200,346,11,0
70200,350,12,0
70200,352,13,0
70200,9212,14,0
70200,192036,15,0
70200,190292,16,0
70200,284,17,0
70200,190231,18,0
70200,9229,19,0
70200,832,20,0
70200,9215,21,0
70200,199227,22,1
80100,970000,1,0
80100,9237,2,0
80100,172,3,0
80100,179,4,0
80100,2022,5,0
80100,224,6,0
80100,54,7,0
80100,254,8,0
80100,9240,9,0
80100,192039,10,0
80100,190292,11,1
80200,190292,1,0
80200,9201,2,0
80200,190426,3,0
80200,192040,4,0
80200,2031,5,0
80200,253,6,0
80200,230,7,0
80200,223,8,0
80200,213,9,0
80200,57,10,0
80200,9238,11,0
80200,148,12,0
80200,970000,13,1
9900100,667,1,0
9900100,9057,2,0
9900100,192079,3,1
