'1209',6029,62300,,'',0,3000,,'',0,6900,,'',0,3000,,'',0,7000,,'',0,3000,,'',0,7000,,'',0,3000,,'',0,7000,,'',0,3000,,'',0,7000,,'',0,3000,,'',0,7000,,'',0,3000,,'',0,7000,,'',0,3000,,'',0,7000,,'',0,3000,,'',0,7000,,'',0,3000,,'',0,7000,,'',0,3000,,'',0,7000,,'',0,3000,,'',0,7000,,'',0,3000,,'',0,10000,,'',0,10000,,'',0,10000,,'',0,10000,,'',0
'1210',6029,62300,,'',0,3000,,'',0,6900,,'',0,3000,,'',0,7000,,'',0,3000,,'',0,7000,,'',0,3000,,'',0,7000,,'',0,3000,,'',0,7000,,'',0,3000,,'',0,7000,,'',0,3000,,'',0,7000,,'',0,3000,,'',0,7000,,'',0,3000,,'',0,7000,,'',0,3000,,'',0,7000,,'',0,3000,,'',0,7000,,'',0,3000,,'',0,7000,,'',0,3000,,'',0,10000,,'',0,10000,,'',0,10000,,'',0,10000,,'',0
'1211',6029,85200,,'',0,10000,,'',0,10000,,'',0,10000,,'',0,10000,,'',0,10000,,'',0,10000,,'',0,10000,,'',0,10000,,'',0,10000,,'',0,10000,,'',0,10000,,'',0
'1209',15019,71500,4,'',0,3000,4,'',0,7000,4,'',0,3000,4,'',0,7000,4,'',0,10000,4,'',0,10000,4,'',0,10000,4,'',0,10000,4,'',0,10000,4,'',0,3000,4,'',0,7000,4,'',0,10000,4,'',0,10000,4,'',0,10000,4,'',0,10000,4,'',0,10000,4,'',0,10000,4,'',0,10000,4,'',0,10000,4,'',0
'1209',15029,61500,,'',0,10000,,'',0,3000,,'',0,7000,,'',0,10000,,'',0,10000,,'',0,10000,,'',0,10000,,'',0,10000,,'',0,10000,,'',0,3000,0,'Cataraqui Ctr',0,7000,,'',0,10000,,'',0,10000,,'',0,10000,,'',0,10000,,'',0,10000,,'',0,10000,,'',0,10000,,'',0,10000,0,'Cataraqui Ctr',0
'1210',15019,71500,4,'',0,10000,4,'',0,10000,4,'',0,10000,4,'',0,10000,4,'',0,10000,4,'',0,10000,4,'',0,10000,4,'',0,10000,4,'',0,10000,4,'',0,10000,4,'',0,10000,4,'',0,10000,4,'',0,10000,4,'',0,10000,4,'',0,10000,4,'',0,10000,4,'',0
'1210',15029,61500,,'',0,10000,,'',0,10000,,'',0,10000,,'',0,10000,,'',0,10000,,'',0,10000,,'',0,10000,,'',0,10000,,'',0,10000,,'',0,10000,,'',0,10000,,'',0,10000,,'',0,10000,,'',0,10000,,'',0,10000,,'',0,10000,,'',0,10000,0,'Cataraqui Ctr',0
'1211',15019,61700,4,'',0,9800,4,'',0,10000,4,'',0,10000,4,'',0,10000,4,'',0,10000,4,'',0,10000,4,'',0,10000,4,'',0,10000,4,'',0,10000,4,'',0,10000,4,'',0,10000,4,'',0,10000,4,'',0,10000,4,'',0,10000,4,'',0,10000,4,'',0,10000,4,'',0,10000,4,'',0
'1211',15029,61700,,'',0,9800,,'',0,10000,,'',0,10000,,'',0,10000,,'',0,10000,,'',0,10000,,'',0,10000,,'',0,10000,,'',0,10000,,'',0,10000,,'',0,10000,,'',0,10000,,'',0,10000,,'',0,10000,,'',0,10000,,'',0,10000,,'',0,10000,0,'Cataraqui Ctr',0
'1209',50209,53800,0,'Downtown',0,7600,0,'Downtown',0,1500,0,'Downtown',0,1000,0,'Downtown',0,500,0,'Downtown',0,1000,0,'Downtown',0,5000,0,'Downtown',0,900,0,'Downtown',0,900,0,'Downtown',0,900,0,'Downtown',0,900,0,'Downtown',0,900,0,'Downtown',0,900,0,'Downtown',0,4400,0,'Downtown',0,500,0,'Downtown',0,800,0,'Downtown',0,900,0,'Downtown',0,900,0,'Downtown',0,900,0,'Downtown',0,900,0,'Downtown',0,4900,0,'Downtown',0,1000,0,'Downtown',0,1000,0,'Downtown',0,2000,0,'Downtown',0,6000,0,'Downtown',0,2000,0,'Downtown',0,2000,0,'Downtown',0,6000,0,'Downtown',0,2000,0,'Downtown',0,2000,0,'Downtown',0,6000,0,'Downtown',0,2000,0,'Downtown',0,2000,0,'Downtown',0,6000,0,'Downtown',0,2000,0,'Downtown',0,2000,0,'Downtown',0,6000,0,'Downtown',0,1000,0,'Downtown',0,1500,0,'Downtown',0,1500,0,'Downtown',0,1600,0,'Downtown',0,5500,0,'Downtown',0,1500,0,'Downtown',0,1500,0,'Downtown',0,1500,0,'Downtown',0,5500,0,'Downtown',0,1500,0,'Downtown',0,1600,0,'Downtown',0,1500,0,'Downtown',0,5700,0,'Downtown',0,1300,0,'Downtown',0,1500,0,'Downtown',0,1500,0,'Downtown',0,5700,0,'Downtown',0,2500,0,'Downtown',0,7000,0,'Downtown',0,3000,0,'Downtown',0,7000,0,'Downtown',0,3000,0,'Downtown',0,7000,0,'Downtown',0,3000,0,'Downtown',0,7000,0,'Downtown',0,3000,0,'Downtown',0,7000,0,'Downtown',0
'1210',50209,61500,0,'Downtown',0,2800,0,'Downtown',0,6500,0,'Downtown',0,3000,0,'Downtown',0,7100,0,'Downtown',0,3000,0,'Downtown',0,7000,0,'Downtown',0,3000,0,'Downtown',0,7100,0,'Downtown',0,3000,0,'Downtown',0,7000,0,'Downtown',0,3000,0,'Downtown',0,7000,0,'Downtown',0,3000,0,'Downtown',0,7000,0,'Downtown',0,3000,0,'Downtown',0,7000,0,'Downtown',0,3000,0,'Downtown',0,7000,0,'Downtown',0,3000,0,'Downtown',0,7000,0,'Downtown',0,3000,0,'Downtown',0,6900,0,'Downtown',0,3000,0,'Downtown',0,7000,0,'Downtown',0,3000,0,'Downtown',0,7000,0,'Downtown',0,3000,0,'Downtown',0,7000,0,'Downtown',0,3000,0,'Downtown',0,7000,0,'Downtown',0,3000,0,'Downtown',0,6900,0,'Downtown',0,3000,0,'Downtown',0,7000,0,'Downtown',0
'1211',50209,61500,0,'Downtown',0,2800,0,'Downtown',0,6500,0,'Downtown',0,3000,0,'Downtown',0,7100,0,'Downtown',0,3000,0,'Downtown',0,7000,0,'Downtown',0,3000,0,'Downtown',0,7100,0,'Downtown',0,3000,0,'Downtown',0,7000,0,'Downtown',0,3000,0,'Downtown',0,7000,0,'Downtown',0,3000,0,'Downtown',0,7000,0,'Downtown',0,3000,0,'Downtown',0,7000,0,'Downtown',0,3000,0,'Downtown',0,7000,0,'Downtown',0,3000,0,'Downtown',0,7000,0,'Downtown',0,3000,0,'Downtown',0,6900,0,'Downtown',0,3000,0,'Downtown',0,7000,0,'Downtown',0,3000,0,'Downtown',0,7000,0,'Downtown',0,3000,0,'Downtown',0,7000,0,'Downtown',0,3000,0,'Downtown',0,7000,0,'Downtown',0,3000,0,'Downtown',0,6900,0,'Downtown',0,3000,0,'Downtown',0,7000,0,'Downtown',0
