'1209',4019,61500,,'',0,3000,,'',0,7000,,'',0,3000,,'',0,7000,,'',0,3000,,'',0,7000,,'',0,3000,,'',0,7000,,'',0,3000,,'',0,7000,,'',0,3000,,'',0,7000,,'',0,3000,,'',0,7000,,'',0,3000,,'',0,7000,,'',0,3000,,'',0,7000,,'',0,3000,,'',0,7000,,'',0,3000,,'',0,7000,,'',0,3000,,'',0,7000,,'',0,3000,,'',0,7000,,'',0,10000,,'',0,10000,,'',0,10000,,'',0
'1209',4029,64200,4,'',0,7300,4,'',0,3000,4,'',0,7000,4,'',0,3000,4,'',0,7000,4,'',0,3000,4,'',0,7000,4,'',0,3000,4,'',0,7000,4,'',0,3000,4,'',0,7000,4,'',0,3000,4,'',0,7000,4,'',0,3000,4,'',0,7000,4,'',0,3000,4,'',0,7000,4,'',0,3000,4,'',0,7000,4,'',0,3000,4,'',0,7000,4,'',0,3000,4,'',0,7000,4,'',0,3000,4,'',0,7000,4,'',0,10000,4,'',0,10000,4,'',0,10000,4,'',0
'1210',4019,61500,,'',0,3000,,'',0,7000,,'',0,3000,,'',0,7000,,'',0,3000,,'',0,7000,,'',0,3000,,'',0,7000,,'',0,3000,,'',0,7000,,'',0,3000,,'',0,7000,,'',0,3000,,'',0,7000,,'',0,3000,,'',0,7000,,'',0,3000,,'',0,7000,,'',0,3000,,'',0,7000,,'',0,3000,,'',0,7000,,'',0,3000,,'',0,7000,,'',0,3000,,'',0,7000,,'',0,10000,,'',0,10000,,'',0,10000,,'',0
'1210',4029,64200,4,'',0,7300,4,'',0,3000,4,'',0,7000,4,'',0,3000,4,'',0,7000,4,'',0,3000,4,'',0,7000,4,'',0,3000,4,'',0,7000,4,'',0,3000,4,'',0,7000,4,'',0,3000,4,'',0,7000,4,'',0,3000,4,'',0,7000,4,'',0,3000,4,'',0,7000,4,'',0,3000,4,'',0,7000,4,'',0,3000,4,'',0,7000,4,'',0,3000,4,'',0,7000,4,'',0,3000,4,'',0,7000,4,'',0,10000,4,'',0,10000,4,'',0,10000,4,'',0
'1211',4019,81500,,'',0,10000,,'',0,10000,,'',0,10000,,'',0,10000,,'',0,10000,,'',0,10000,,'',0,10000,,'',0,10000,,'',0,10000,,'',0,10000,,'',0,10000,,'',0,10000,,'',0
'1211',4029,91500,4,'',0,10000,4,'',0,10000,4,'',0,10000,4,'',0,10000,4,'',0,10000,4,'',0,10000,4,'',0,10000,4,'',0,10000,4,'',0,10000,4,'',0,10000,4,'',0,10000,4,'',0
'1209',50209,55200,4,'',0,300,,'',0,5700,,'',0,1700,4,'',0,100,,'',0,1400,4,'',0,100,,'',0,900,4,'',0,500,4,'',0,4100,,'',0,1000,4,'',0,100,,'',0,900,4,'',0,100,,'',0,900,4,'',0,100,,'',0,800,4,'',0,100,,'',0,800,4,'',0,100,,'',0,800,4,'',0,100,,'',0,4800,4,'',0,100,,'',0,800,4,'',0,100,,'',0,200,4,'',0,600,4,'',0,100,,'',0,600,4,'',0,300,,'',0,600,4,'',0,300,,'',0,600,4,'',0,300,,'',0,600,4,'',0,4300,,'',0,500,4,'',0,400,,'',0,500,4,'',0,400,,'',0,600,4,'',0,400,,'',0,600,4,'',0,500,,'',0,1500,4,'',0,4500,,'',0,1500,4,'',0,500,,'',0,1500,4,'',0,500,,'',0,1500,4,'',0,4500,,'',0,1500,4,'',0,500,,'',0,1500,4,'',0,500,,'',0,1500,4,'',0,4500,,'',0,1500,4,'',0,500,,'',0,1500,4,'',0,500,,'',0,1500,4,'',0,4500,,'',0,1500,4,'',0,500,,'',0,1500,4,'',0,500,,'',0,1500,4,'',0,4500,,'',0,1500,,'',0,1000,4,'',0,500,,'',0,1000,4,'',0,500,,'',0,1000,4,'',0,4500,,'',0,1200,4,'',0,300,,'',0,1200,4,'',0,300,,'',0,1200,4,'',0,100,,'',0,1400,,'',0,5500,,'',0,1500,4,'',0,100,,'',0,1400,4,'',0,200,,'',0,1400,,'',0,5500,4,'',0,200,,'',0,1500,,'',0,1200,4,'',0,300,,'',0,1200,4,'',0,4300,,'',0,1200,4,'',0,300,,'',0,1400,4,'',0,100,,'',0,2400,4,'',0,4600,,'',0,2400,4,'',0,600,,'',0,2400,4,'',0,4600,,'',0,2300,4,'',0,700,,'',0,2300,4,'',0,4700,,'',0,2300,4,'',0,700,,'',0,2300,4,'',0,4700,,'',0,2300,4,'',0,700,,'',0,2300,4,'',0,4700,,'',0,2300,4,'',0,700,,'',0
'1210',50209,61000,,'',0,1900,4,'',0,100,,'',0,2700,4,'',0,4300,,'',0,2200,4,'',0,800,,'',0,2200,4,'',0,4800,,'',0,2300,4,'',0,700,,'',0,2300,4,'',0,4700,,'',0,2300,4,'',0,700,,'',0,2300,4,'',0,4700,,'',0,2500,4,'',0,500,,'',0,2500,4,'',0,4500,,'',0,2500,4,'',0,500,,'',0,2500,4,'',0,4500,,'',0,2500,4,'',0,500,,'',0,2500,4,'',0,4500,,'',0,2500,4,'',0,500,,'',0,2500,4,'',0,4500,,'',0,2500,4,'',0,500,,'',0,2500,4,'',0,4500,,'',0,2500,4,'',0,500,,'',0,2500,4,'',0,4500,,'',0,2500,4,'',0,500,,'',0,2500,4,'',0,4500,,'',0,2400,4,'',0,600,,'',0,2400,4,'',0,4600,,'',0,2400,4,'',0,600,,'',0,2400,4,'',0,4600,,'',0,2400,4,'',0,600,,'',0,2400,4,'',0,4600,,'',0,2300,4,'',0,700,,'',0,2300,4,'',0,4700,,'',0,2300,4,'',0,700,,'',0,2300,4,'',0,4700,,'',0,2200,4,'',0,800,,'',0,2200,4,'',0,4800,,'',0,2200,4,'',0,800,,'',0
'1211',50209,61000,,'',0,1900,4,'',0,100,,'',0,2700,4,'',0,4300,,'',0,2200,4,'',0,800,,'',0,2200,4,'',0,4800,,'',0,2300,4,'',0,700,,'',0,2300,4,'',0,4700,,'',0,2300,4,'',0,700,,'',0,2300,4,'',0,4700,,'',0,2500,4,'',0,500,,'',0,2500,4,'',0,4500,,'',0,2500,4,'',0,500,,'',0,2500,4,'',0,4500,,'',0,2500,4,'',0,500,,'',0,2500,4,'',0,4500,,'',0,2500,4,'',0,500,,'',0,2500,4,'',0,4500,,'',0,2500,4,'',0,500,,'',0,2500,4,'',0,4500,,'',0,2500,4,'',0,500,,'',0,2500,4,'',0,4500,,'',0,2500,4,'',0,500,,'',0,2500,4,'',0,4500,,'',0,2400,4,'',0,600,,'',0,2400,4,'',0,4600,,'',0,2400,4,'',0,600,,'',0,2400,4,'',0,4600,,'',0,2400,4,'',0,600,,'',0,2400,4,'',0,4600,,'',0,2300,4,'',0,700,,'',0,2300,4,'',0,4700,,'',0,2300,4,'',0,700,,'',0,2300,4,'',0,4700,,'',0,2200,4,'',0,800,,'',0,2200,4,'',0,4800,,'',0,2200,4,'',0,800,,'',0
'1209',70109,61600,4,'',0,100,,'',0,2700,4,'',0,100,,'',0,5500,,'',0,1300,4,'',0,200,,'',0,1000,4,'',0,400,,'',0,1100,4,'',0,400,,'',0,1100,4,'',0,400,,'',0,5100,4,'',0,400,,'',0,1100,4,'',0,400,,'',0,1100,4,'',0,400,,'',0,1100,4,'',0,400,,'',0,5100,4,'',0,400,,'',0,1100,4,'',0,400,,'',0,1400,4,'',0,200,,'',0,6900,4,'',0,100,,'',0,2900,4,'',0,100,,'',0,6900,4,'',0,100,,'',0,2900,4,'',0,100,,'',0,7000,4,'',0,3000,4,'',0,7000,4,'',0,3000,4,'',0,7000,4,'',0,2700,4,'',0,1300,4,'',0,5500,4,'',0,1500,4,'',0,1500,4,'',0,1500,4,'',0,5500,4,'',0,1500,4,'',0,1500,4,'',0,1500,4,'',0,5400,4,'',0,100,,'',0,1400,4,'',0,100,,'',0,1400,4,'',0,100,,'',0,1400,4,'',0,100,,'',0,5400,4,'',0,100,,'',0,1400,4,'',0,100,,'',0,1900,4,'',0,100,,'',0,6800,4,'',0,200,,'',0,2800,4,'',0,200,,'',0,6800,4,'',0,200,,'',0,2800,4,'',0,200,,'',0,6800,4,'',0,200,,'',0,2800,4,'',0,200,,'',0,6700,4,'',0,300,,'',0,2700,4,'',0,300,,'',0,6700,4,'',0,300,,'',0
'1210',70109,61600,4,'',0,100,,'',0,2700,4,'',0,100,,'',0,6800,4,'',0,200,,'',0,2800,4,'',0,200,,'',0,6800,4,'',0,200,,'',0,2800,4,'',0,200,,'',0,6800,4,'',0,200,,'',0,2800,4,'',0,200,,'',0,6900,4,'',0,100,,'',0,2900,4,'',0,100,,'',0,6900,4,'',0,100,,'',0,2900,4,'',0,100,,'',0,7000,4,'',0,3000,4,'',0,7000,4,'',0,3000,4,'',0,7000,4,'',0,3000,4,'',0,7000,4,'',0,3000,4,'',0,7000,4,'',0,3000,4,'',0,6900,4,'',0,100,,'',0,2900,4,'',0,100,,'',0,6900,4,'',0,100,,'',0,2900,4,'',0,100,,'',0,6800,4,'',0,200,,'',0,2800,4,'',0,200,,'',0,6800,4,'',0,200,,'',0,2800,4,'',0,200,,'',0,6800,4,'',0,200,,'',0,2800,4,'',0,200,,'',0,6700,4,'',0,300,,'',0,2700,4,'',0,300,,'',0,6700,4,'',0,300,,'',0
'1211',70109,61600,4,'',0,100,,'',0,2700,4,'',0,100,,'',0,6800,4,'',0,200,,'',0,2800,4,'',0,200,,'',0,6800,4,'',0,200,,'',0,2800,4,'',0,200,,'',0,6800,4,'',0,200,,'',0,2800,4,'',0,200,,'',0,6900,4,'',0,100,,'',0,2900,4,'',0,100,,'',0,6900,4,'',0,100,,'',0,2900,4,'',0,100,,'',0,7000,4,'',0,3000,4,'',0,7000,4,'',0,3000,4,'',0,7000,4,'',0,3000,4,'',0,7000,4,'',0,3000,4,'',0,7000,4,'',0,3000,4,'',0,6900,4,'',0,100,,'',0,2900,4,'',0,100,,'',0,6900,4,'',0,100,,'',0,2900,4,'',0,100,,'',0,6800,4,'',0,200,,'',0,2800,4,'',0,200,,'',0,6800,4,'',0,200,,'',0,2800,4,'',0,200,,'',0,6800,4,'',0,200,,'',0,2800,4,'',0,200,,'',0,6700,4,'',0,300,,'',0,2700,4,'',0,300,,'',0,6700,4,'',0,300,,'',0
