'1169',6029,60700,,'',0,3000,,'',0,6800,,'',0,3000,,'',0,7000,,'',0,3000,,'',0,7000,,'',0,3000,,'',0,7000,,'',0,3000,,'',0,7000,,'',0,3000,,'',0,7000,,'',0,3000,,'',0,7000,,'',0,3000,,'',0,7000,,'',0,3000,,'',0,7000,,'',0,3000,,'',0,7000,,'',0,3000,,'',0,7000,,'',0,3000,,'',0,7000,,'',0,3000,,'',0,10000,,'',0,10000,,'',0,10000,,'',0,10000,,'',0
'1203',6029,60700,,'',0,3000,,'',0,6800,,'',0,3000,,'',0,7000,,'',0,3000,,'',0,7000,,'',0,3000,,'',0,7000,,'',0,3000,,'',0,7000,,'',0,3000,,'',0,7000,,'',0,3000,,'',0,7000,,'',0,3000,,'',0,7000,,'',0,3000,,'',0,7000,,'',0,3000,,'',0,7000,,'',0,3000,,'',0,7000,,'',0,3000,,'',0,7000,,'',0,3000,,'',0,10000,,'',0,10000,,'',0,10000,,'',0,10000,,'',0
'1205',6029,83500,,'',0,10000,,'',0,10000,,'',0,10000,,'',0,10000,,'',0,10000,,'',0,10000,,'',0,10000,,'',0,10000,,'',0,10000,,'',0,10000,,'',0,10000,,'',0
'1214',6029,60700,,'',0,3000,,'',0,6800,,'',0,3000,,'',0,7000,,'',0,3000,,'',0,7000,,'',0,3000,,'',0,7000,,'',0,3000,,'',0,7000,,'',0,3000,,'',0,7000,,'',0,3000,,'',0,7000,,'',0,3000,,'',0,7000,,'',0,3000,,'',0,7000,,'',0,3000,,'',0,7000,,'',0,3000,,'',0,7000,,'',0,3000,,'',0,7000,,'',0,3000,,'',0,10000,,'',0,10000,,'',0,10000,,'',0,10000,,'',0
'1216',6029,60700,,'',0,3000,,'',0,6800,,'',0,3000,,'',0,7000,,'',0,3000,,'',0,7000,,'',0,3000,,'',0,7000,,'',0,3000,,'',0,7000,,'',0,3000,,'',0,7000,,'',0,3000,,'',0,7000,,'',0,3000,,'',0,7000,,'',0,3000,,'',0
'1169',10019,55900,,'',0,10000,,'',0,10000,,'',0,10000,,'',0,10000,,'',0,10000,,'',0,10000,,'',0,10000,,'',0,10000,,'',0,10000,,'',0,10000,,'',0,10000,,'',0,10000,,'',0,10000,,'',0,10000,,'',0,10000,,'',0,10000,,'',0
'1203',10019,65900,,'',0,10000,,'',0,10000,,'',0,10000,,'',0,10000,,'',0,10000,,'',0,10000,,'',0,10000,,'',0,10000,,'',0,10000,,'',0,10000,,'',0,10000,,'',0,10000,,'',0,10000,,'',0,10000,,'',0
'1205',10019,85900,,'',0,10000,,'',0,10000,,'',0,10000,,'',0,10000,,'',0,10000,,'',0,10000,,'',0,10000,,'',0,10000,,'',0,10000,,'',0,10000,,'',0
'1214',10019,55900,,'',0,10000,,'',0,10000,,'',0,10000,,'',0,10000,,'',0,10000,,'',0,10000,,'',0,10000,,'',0,10000,,'',0,10000,,'',0,10000,,'',0,10000,,'',0,10000,,'',0,10000,,'',0,10000,,'',0,10000,,'',0,10000,,'',0
'1216',10019,55900,,'',0,10000,,'',0,10000,,'',0,10000,,'',0,10000,,'',0,10000,,'',0,10000,,'',0,10000,,'',0,10000,,'',0
'1169',50209,52800,0,'Downtown',0,7600,0,'Downtown',0,1500,0,'Downtown',0,1000,0,'Downtown',0,500,0,'Downtown',0,1000,0,'Downtown',0,1000,0,'Downtown',0,4700,0,'Downtown',0,900,0,'Downtown',0,900,0,'Downtown',0,900,0,'Downtown',0,900,0,'Downtown',0,900,0,'Downtown',0,400,0,'Downtown',0,500,0,'Downtown',0,4900,0,'Downtown',0,900,0,'Downtown',0,900,0,'Downtown',0,900,0,'Downtown',0,900,0,'Downtown',0,900,0,'Downtown',0,1000,0,'Downtown',0,5000,0,'Downtown',0,2000,0,'Downtown',0,2000,0,'Downtown',0,6000,0,'Downtown',0,2000,0,'Downtown',0,2000,0,'Downtown',0,6000,0,'Downtown',0,2000,0,'Downtown',0,2000,0,'Downtown',0,6000,0,'Downtown',0,2000,0,'Downtown',0,2000,0,'Downtown',0,6000,0,'Downtown',0,2000,0,'Downtown',0,2000,0,'Downtown',0,1000,0,'Downtown',0,5500,0,'Downtown',0,1500,0,'Downtown',0,1500,0,'Downtown',0,1500,0,'Downtown',0,5500,0,'Downtown',0,1500,0,'Downtown',0,1500,0,'Downtown',0,1500,0,'Downtown',0,5500,0,'Downtown',0,1600,0,'Downtown',0,1600,0,'Downtown',0,5600,0,'Downtown',0,1500,0,'Downtown',0,1500,0,'Downtown',0,1500,0,'Downtown',0,5700,0,'Downtown',0,2500,0,'Downtown',0,3000,0,'Downtown',0,7000,0,'Downtown',0,2900,0,'Downtown',0,7000,0,'Downtown',0,3000,0,'Downtown',0,7000,0,'Downtown',0,3000,0,'Downtown',0,7000,0,'Downtown',0,3000,0,'Downtown',0
'1203',50209,60500,0,'Downtown',0,2800,0,'Downtown',0,2500,0,'Downtown',0,7000,0,'Downtown',0,3000,0,'Downtown',0,7000,0,'Downtown',0,3000,0,'Downtown',0,7000,0,'Downtown',0,3100,0,'Downtown',0,7000,0,'Downtown',0,3000,0,'Downtown',0,7000,0,'Downtown',0,3000,0,'Downtown',0,7000,0,'Downtown',0,3000,0,'Downtown',0,7000,0,'Downtown',0,3000,0,'Downtown',0,7000,0,'Downtown',0,3000,0,'Downtown',0,7000,0,'Downtown',0,3000,0,'Downtown',0,7000,0,'Downtown',0,3000,0,'Downtown',0,7000,0,'Downtown',0,3000,0,'Downtown',0,7000,0,'Downtown',0,3000,0,'Downtown',0,7000,0,'Downtown',0,2900,0,'Downtown',0,7000,0,'Downtown',0,3000,0,'Downtown',0,7000,0,'Downtown',0,3000,0,'Downtown',0,7000,0,'Downtown',0,3000,0,'Downtown',0
'1205',50209,60500,0,'Downtown',0,2800,0,'Downtown',0,2500,0,'Downtown',0,7000,0,'Downtown',0,3000,0,'Downtown',0,7000,0,'Downtown',0,3000,0,'Downtown',0,7000,0,'Downtown',0,3100,0,'Downtown',0,7000,0,'Downtown',0,3000,0,'Downtown',0,7000,0,'Downtown',0,3000,0,'Downtown',0,7000,0,'Downtown',0,3000,0,'Downtown',0,7000,0,'Downtown',0,3000,0,'Downtown',0,7000,0,'Downtown',0,3000,0,'Downtown',0,7000,0,'Downtown',0,3000,0,'Downtown',0,7000,0,'Downtown',0,3000,0,'Downtown',0,7000,0,'Downtown',0,3000,0,'Downtown',0,7000,0,'Downtown',0,3000,0,'Downtown',0,7000,0,'Downtown',0,2900,0,'Downtown',0,7000,0,'Downtown',0,3000,0,'Downtown',0,7000,0,'Downtown',0,3000,0,'Downtown',0,7000,0,'Downtown',0,3000,0,'Downtown',0
'1214',50209,52800,0,'Downtown',0,7600,0,'Downtown',0,1500,0,'Downtown',0,1500,0,'Downtown',0,1000,0,'Downtown',0,1000,0,'Downtown',0,4700,0,'Downtown',0,900,0,'Downtown',0,900,0,'Downtown',0,900,0,'Downtown',0,900,0,'Downtown',0,900,0,'Downtown',0,400,0,'Downtown',0,500,0,'Downtown',0,4900,0,'Downtown',0,900,0,'Downtown',0,900,0,'Downtown',0,900,0,'Downtown',0,900,0,'Downtown',0,900,0,'Downtown',0,1000,0,'Downtown',0,5000,0,'Downtown',0,2000,0,'Downtown',0,2000,0,'Downtown',0,6000,0,'Downtown',0,2000,0,'Downtown',0,2000,0,'Downtown',0,6000,0,'Downtown',0,2000,0,'Downtown',0,2000,0,'Downtown',0,6000,0,'Downtown',0,2000,0,'Downtown',0,2000,0,'Downtown',0,6000,0,'Downtown',0,2000,0,'Downtown',0,2000,0,'Downtown',0,1000,0,'Downtown',0,5500,0,'Downtown',0,1500,0,'Downtown',0,1500,0,'Downtown',0,1500,0,'Downtown',0,5500,0,'Downtown',0,1500,0,'Downtown',0,1500,0,'Downtown',0,1500,0,'Downtown',0,5500,0,'Downtown',0,1600,0,'Downtown',0,1600,0,'Downtown',0,5600,0,'Downtown',0,1500,0,'Downtown',0,1500,0,'Downtown',0,1500,0,'Downtown',0,5700,0,'Downtown',0,2500,0,'Downtown',0,3000,0,'Downtown',0,7000,0,'Downtown',0,2900,0,'Downtown',0,7000,0,'Downtown',0,3000,0,'Downtown',0,7000,0,'Downtown',0,3000,0,'Downtown',0,7000,0,'Downtown',0,3000,0,'Downtown',0
'1215',50209,62900,0,'Downtown',0
'1216',50209,52800,0,'Downtown',0,7600,0,'Downtown',0,1500,0,'Downtown',0,1000,0,'Downtown',0,500,0,'Downtown',0,1000,0,'Downtown',0,1000,0,'Downtown',0,4700,0,'Downtown',0,900,0,'Downtown',0,900,0,'Downtown',0,900,0,'Downtown',0,900,0,'Downtown',0,900,0,'Downtown',0,400,0,'Downtown',0,500,0,'Downtown',0,4900,0,'Downtown',0,900,0,'Downtown',0,900,0,'Downtown',0,900,0,'Downtown',0,900,0,'Downtown',0,900,0,'Downtown',0,1000,0,'Downtown',0,5000,0,'Downtown',0,2000,0,'Downtown',0,2000,0,'Downtown',0,6000,0,'Downtown',0,2000,0,'Downtown',0,2000,0,'Downtown',0,6000,0,'Downtown',0,2000,0,'Downtown',0,2000,0,'Downtown',0,6000,0,'Downtown',0,2000,0,'Downtown',0,2000,0,'Downtown',0,6000,0,'Downtown',0,2000,0,'Downtown',0,2000,0,'Downtown',0,6500,0,'Downtown',0,1500,0,'Downtown',0,12200,0,'Queen''s / KGH',0,6000,0,'Queen''s / KGH',0,2000,0,'Queen''s / KGH',0,2000,0,'Queen''s / KGH',0,6000,0,'Queen''s / KGH',0,2000,0,'Queen''s / KGH',0,1900,0,'Queen''s / KGH',0,8800,0,'Queen''s / KGH',0,8000,0,'Queen''s / KGH',0,2000,0,'Queen''s / KGH',0,7000,0,'Queen''s / KGH',0,3000,0,'Queen''s / KGH',0,7000,0,'Queen''s / KGH',0,3000,0,'Queen''s / KGH',0,7500,0,'Queen''s / KGH',0,2300,0,'Queen''s / KGH',0
