'1107',10019,55500,,'',0,10000,,'',0,10000,,'',0,10000,,'',0,10000,,'',0,10000,,'',0,10000,,'',0,10000,,'',0,10000,,'',0,10000,,'',0,10000,,'',0,10000,,'',0,10000,,'',0,10000,,'',0,10000,,'',0,10000,,'',0,10000,,'',0
'1107',10029,65500,4,'',0,10000,4,'',0,10000,4,'',0,10000,4,'',0,10000,4,'',0,10000,4,'',0,10000,4,'',0,10000,4,'',0,15000,4,'',0,5000,4,'',0,10000,4,'',0,10000,4,'',0,10000,4,'',0,10000,4,'',0,10000,4,'',0,9600,4,'',0,10000,4,'',0
'1108',10019,65500,,'',0,10000,,'',0,10000,,'',0,10000,,'',0,10000,,'',0,10000,,'',0,10000,,'',0,10000,,'',0,10000,,'',0,10000,,'',0,10000,,'',0,10000,,'',0,10000,,'',0,10000,,'',0,10000,,'',0
'1108',10029,75500,4,'',0,10000,4,'',0,10000,4,'',0,10000,4,'',0,10000,4,'',0,10000,4,'',0,10000,4,'',0,10000,4,'',0,10000,4,'',0,10000,4,'',0,10000,4,'',0,10000,4,'',0,10000,4,'',0,10000,4,'',0,9600,4,'',0
'1109',10019,85500,,'',0,10000,,'',0,10000,,'',0,10000,,'',0,10000,,'',0,10000,,'',0,10000,,'',0,10000,,'',0,10000,,'',0,10000,,'',0,10000,,'',0
'1109',10029,95500,4,'',0,10000,4,'',0,10000,4,'',0,10000,4,'',0,10000,4,'',0,10000,4,'',0,10000,4,'',0,10000,4,'',0,10000,4,'',0,10000,4,'',0,9600,4,'',0
'1110',10019,55500,,'',0,10000,,'',0,10000,,'',0,10000,,'',0,10000,,'',0,10000,,'',0,10000,,'',0,10000,,'',0,10000,,'',0,10000,,'',0,10000,,'',0,10000,,'',0,10000,,'',0,10000,,'',0,10000,,'',0,10000,,'',0,10000,,'',0
'1110',10029,65500,4,'',0,10000,4,'',0,10000,4,'',0,10000,4,'',0,10000,4,'',0,10000,4,'',0,10000,4,'',0,10000,4,'',0,15000,4,'',0,5000,4,'',0,10000,4,'',0,10000,4,'',0,10000,4,'',0,10000,4,'',0,10000,4,'',0,9600,4,'',0,10000,4,'',0
'1111',10019,65500,,'',0,10000,,'',0,10000,,'',0,10000,,'',0,10000,,'',0,10000,,'',0,10000,,'',0,10000,,'',0,10000,,'',0,10000,,'',0,10000,,'',0,10000,,'',0,10000,,'',0,10000,,'',0,10000,,'',0
'1111',10029,75500,4,'',0,10000,4,'',0,10000,4,'',0,10000,4,'',0,10000,4,'',0,10000,4,'',0,10000,4,'',0,10000,4,'',0,10000,4,'',0,10000,4,'',0,10000,4,'',0,10000,4,'',0,10000,4,'',0,10000,4,'',0,9600,4,'',0
'1112',10019,85500,,'',0,10000,,'',0,10000,,'',0,10000,,'',0,10000,,'',0,10000,,'',0,10000,,'',0,10000,,'',0,10000,,'',0,10000,,'',0,10000,,'',0
'1112',10029,95500,4,'',0,10000,4,'',0,10000,4,'',0,10000,4,'',0,10000,4,'',0,10000,4,'',0,10000,4,'',0,10000,4,'',0,10000,4,'',0,10000,4,'',0,9600,4,'',0
'1107',14019,63000,,'',0,2800,4,'',0,4200,,'',0,2800,4,'',0,200,,'',0,2800,4,'',0,4200,,'',0,2800,4,'',0,200,,'',0,2800,4,'',0,4200,,'',0,2800,4,'',0,200,,'',0,2800,4,'',0,4200,,'',0,2800,4,'',0,200,,'',0,2800,4,'',0,4200,,'',0,2800,4,'',0,200,,'',0,2800,4,'',0,4200,,'',0,2800,4,'',0,200,,'',0,2800,4,'',0,4200,,'',0,2800,4,'',0,200,,'',0,2800,4,'',0,4200,,'',0,2800,4,'',0,200,,'',0,2800,4,'',0,4200,,'',0,2800,4,'',0,200,,'',0,2800,4,'',0,4200,,'',0,2800,4,'',0,200,,'',0,2800,4,'',0,4200,,'',0,2800,4,'',0,200,,'',0,2800,4,'',0,4200,,'',0,2800,4,'',0,200,,'',0,2800,4,'',0,4200,,'',0,10000,,'',0,10000,,'',0,10000,,'',0
'1108',14019,63000,,'',0,2800,4,'',0,4200,,'',0,2800,4,'',0,200,,'',0,2800,4,'',0,4200,,'',0,2800,4,'',0,200,,'',0,2800,4,'',0,4200,,'',0,2800,4,'',0,200,,'',0,2800,4,'',0,4200,,'',0,2800,4,'',0,200,,'',0,2800,4,'',0,4200,,'',0,2800,4,'',0,200,,'',0,2800,4,'',0,4200,,'',0,2800,4,'',0,200,,'',0,2800,4,'',0,4200,,'',0,2800,4,'',0,200,,'',0,2800,4,'',0,4200,,'',0,2800,4,'',0,200,,'',0,2800,4,'',0,4200,,'',0,2800,4,'',0,200,,'',0,2800,4,'',0,4200,,'',0,2800,4,'',0,200,,'',0,2800,4,'',0,4200,,'',0,2800,4,'',0,200,,'',0,2800,4,'',0,4200,,'',0,2800,4,'',0,200,,'',0,2800,4,'',0,4200,,'',0,10000,,'',0,10000,,'',0,10000,,'',0
'1109',14019,80000,,'',0,10000,,'',0,10000,,'',0,10000,,'',0,10000,,'',0,10000,,'',0,10000,,'',0,10000,,'',0,10000,,'',0,10000,,'',0,10000,,'',0,10000,,'',0,10000,,'',0
'1110',14019,63000,,'',0,2800,4,'',0,4200,,'',0,2800,4,'',0,200,,'',0,2800,4,'',0,4200,,'',0,2800,4,'',0,200,,'',0,2800,4,'',0,4200,,'',0,2800,4,'',0,200,,'',0,2800,4,'',0,4200,,'',0,2800,4,'',0,200,,'',0,2800,4,'',0,4200,,'',0,2800,4,'',0,200,,'',0,2800,4,'',0,4200,,'',0,2800,4,'',0,200,,'',0,2800,4,'',0,4200,,'',0,2800,4,'',0,200,,'',0,2800,4,'',0,4200,,'',0,2800,4,'',0,200,,'',0,2800,4,'',0,4200,,'',0,2800,4,'',0,200,,'',0,2800,4,'',0,4200,,'',0,2800,4,'',0,200,,'',0,2800,4,'',0,4200,,'',0,2800,4,'',0,200,,'',0,2800,4,'',0,4200,,'',0,2800,4,'',0,200,,'',0,2800,4,'',0,4200,,'',0,10000,,'',0,10000,,'',0,10000,,'',0
'1111',14019,63000,,'',0,2800,4,'',0,4200,,'',0,2800,4,'',0,200,,'',0,2800,4,'',0,4200,,'',0,2800,4,'',0,200,,'',0,2800,4,'',0,4200,,'',0,2800,4,'',0,200,,'',0,2800,4,'',0,4200,,'',0,2800,4,'',0,200,,'',0,2800,4,'',0,4200,,'',0,2800,4,'',0,200,,'',0,2800,4,'',0,4200,,'',0,2800,4,'',0,200,,'',0,2800,4,'',0,4200,,'',0,2800,4,'',0,200,,'',0,2800,4,'',0,4200,,'',0,2800,4,'',0,200,,'',0,2800,4,'',0,4200,,'',0,2800,4,'',0,200,,'',0,2800,4,'',0,4200,,'',0,2800,4,'',0,200,,'',0,2800,4,'',0,4200,,'',0,2800,4,'',0,200,,'',0,2800,4,'',0,4200,,'',0,2800,4,'',0,200,,'',0,2800,4,'',0,4200,,'',0,10000,,'',0,10000,,'',0,10000,,'',0
'1112',14019,80000,,'',0,10000,,'',0,10000,,'',0,10000,,'',0,10000,,'',0,10000,,'',0,10000,,'',0,10000,,'',0,10000,,'',0,10000,,'',0,10000,,'',0,10000,,'',0,10000,,'',0
'1107',19019,200000,4,'',0,10000,4,'',0,5700,4,'',0,10000,4,'',0
'1108',19019,200000,4,'',0,10000,4,'',0,5700,4,'',0,10000,4,'',0
'1109',19019,75800,4,'',0,14200,4,'',0,10000,4,'',0,10000,4,'',0,10000,4,'',0,10000,4,'',0,10000,4,'',0,10000,4,'',0,10000,4,'',0,10000,4,'',0,10000,4,'',0,10000,4,'',0,10000,4,'',0,10000,4,'',0
'1110',19019,200000,4,'',0,10000,4,'',0,5700,4,'',0,10000,4,'',0
'1111',19019,200000,4,'',0,10000,4,'',0,5700,4,'',0,10000,4,'',0
'1112',19019,75800,4,'',0,14200,4,'',0,10000,4,'',0,10000,4,'',0,10000,4,'',0,10000,4,'',0,10000,4,'',0,10000,4,'',0,10000,4,'',0,10000,4,'',0,10000,4,'',0,10000,4,'',0,10000,4,'',0,10000,4,'',0
