109,192070,1,0
109,751,2,0
109,2069,3,0
109,2068,4,0
109,455,5,0
109,192009,6,0
109,696,7,0
109,2043,8,0
109,436,9,0
109,433,10,0
109,9099,11,0
109,9100,12,0
109,190426,13,0
109,318,14,0
109,302,15,0
109,300,16,0
109,192040,17,0
109,9093,18,0
109,261,19,0
109,259,20,0
109,257,21,0
109,253,22,0
109,252,23,0
109,251,24,0
109,230,25,0
109,229,26,0
109,190226,27,0
109,223,28,0
109,222,29,0
109,213,30,0
109,212,31,0
109,192,32,0
109,194,33,0
109,197,34,0
109,9121,35,0
109,203,36,0
109,746,37,0
109,199056,38,0
109,2018,39,0
109,200,40,0
109,204,41,0
109,184,42,0
109,185,43,0
109,186,44,0
109,189,45,0
109,57,46,0
109,174,47,0
109,9238,48,0
109,171,49,0
109,146,50,0
109,150,51,0
109,145,52,0
109,141,53,0
109,160,54,0
109,2013,55,0
109,157,56,0
109,154,57,0
109,9095,58,0
109,182,59,0
109,161,60,0
109,168,61,0
109,172,62,0
109,175,63,0
109,179,64,0
109,188,65,0
109,187,66,0
109,2016,67,0
109,183,68,0
109,205,69,0
109,201,70,0
109,202,71,0
109,196,72,0
109,195,73,0
109,191,74,0
109,2015,75,0
109,2022,76,0
109,2023,77,0
109,224,78,0
109,190225,79,0
109,2025,80,0
109,54,81,0
109,250,82,0
109,2029,83,0
109,254,84,0
109,9097,85,0
109,2030,86,0
109,262,87,0
109,265,88,0
109,9240,89,0
109,192039,90,0
109,297,91,0
109,299,92,0
109,301,93,0
109,317,94,0
109,190427,95,0
109,9101,96,0
109,192042,97,0
109,107,98,0
109,437,99,0
109,440,100,0
109,441,101,0
109,190444,102,0
109,456,103,0
109,55,104,0
109,458,105,0
109,459,106,0
109,460,107,0
109,464,108,0
109,2031,109,0
109,847,123,0
109,9094,124,0
109,155,125,0
109,156,126,0
109,158,127,0
109,159,128,0
109,142,129,0
709,150,1,0
709,145,2,0
709,141,3,0
709,160,4,0
709,2013,5,0
709,157,6,0
709,154,7,0
709,9095,8,0
709,182,9,0
709,183,10,0
709,205,11,0
709,201,12,0
709,203,13,0
709,832,14,0
709,216,15,0
709,51,16,0
709,690,17,0
709,190052,18,0
709,9050,19,0
709,192007,20,0
709,2050,21,0
709,834,22,0
709,836,23,0
709,838,24,0
709,398,25,0
709,190400,26,0
709,402,27,0
709,190584,28,0
709,816,29,0
709,3043,30,0
709,3044,31,0
709,98,32,0
709,815,33,0
709,404,34,0
709,192083,35,0
709,799,36,0
709,77,37,0
709,649,38,0
709,822,39,0
709,824,40,0
709,819,41,0
709,78,42,0
709,9079,43,0
709,190712,44,0
709,48,45,0
709,515,46,0
709,9078,47,0
709,647,48,0
709,854,49,0
709,648,50,0
709,651,51,0
709,97,52,0
709,192082,53,0
709,9119,54,0
709,3045,55,0
709,3046,56,0
709,3047,57,0
709,744,58,0
709,192076,59,0
709,41,60,0
709,190399,61,0
709,396,62,0
709,199120,63,0
709,837,64,0
709,835,65,0
709,833,66,0
709,9044,67,0
709,199074,68,0
709,9076,69,0
709,73,70,0
709,2021,71,0
709,746,72,0
709,199056,73,0
709,2018,74,0
709,200,75,0
709,204,76,0
709,184,77,0
709,847,78,0
709,9094,79,0
709,155,80,0
709,156,81,0
709,158,82,0
709,159,83,0
709,142,84,0
2019,190502,1,0
2019,472,2,0
2019,475,3,0
2019,2059,4,0
2019,476,5,0
2019,478,6,0
2019,480,7,0
2019,482,8,0
2019,483,9,0
2019,485,10,0
2019,487,11,0
2019,489,12,0
2019,445,13,0
2019,448,14,0
2019,449,15,0
2019,454,16,0
2019,190800,17,0
2019,452,18,0
2019,464,19,0
2019,192070,20,0
2019,751,21,0
2019,2069,22,0
2019,2068,23,0
2019,455,24,0
2019,192009,25,0
2019,696,26,0
2019,2043,27,0
2019,436,28,0
2019,433,29,0
2019,9099,30,0
2019,9100,31,0
2019,190426,32,0
2019,318,33,0
2019,302,34,0
2019,300,35,0
2019,192036,36,0
2019,294,37,0
2019,190292,38,0
2019,273,39,0
2019,279,40,0
2019,284,41,0
2019,285,42,0
2019,287,43,0
2019,190231,44,0
2019,232,45,0
2019,233,46,0
2019,234,47,0
2019,9229,48,0
2019,216,49,0
2019,51,50,0
2019,690,51,0
2019,190052,52,0
2019,218,53,0
2019,746,54,0
2019,209,55,0
2019,208,56,0
2019,206,57,0
2019,182,58,0
2019,163,59,0
2019,169,60,0
2019,162,61,0
2019,155,62,0
2019,156,63,0
2019,158,64,0
2019,159,65,0
2019,142,66,0
2019,150,67,1
2029,150,1,0
2029,145,2,0
2029,141,3,0
2029,160,4,0
2029,2013,5,0
2029,157,6,0
2029,154,7,0
2029,161,8,0
2029,168,9,0
2029,9092,10,0
2029,181,11,0
2029,207,12,0
2029,2017,13,0
2029,210,14,0
2029,745,15,0
2029,217,16,0
2029,199074,17,0
2029,9076,18,0
2029,73,19,0
2029,2021,20,0
2029,2001,21,0
2029,235,22,0
2029,2026,23,0
2029,70,24,0
2029,192028,25,0
2029,288,26,0
2029,286,27,0
2029,283,28,0
2029,280,29,0
2029,190272,30,0
2029,9082,31,0
2029,192039,32,0
2029,297,33,0
2029,299,34,0
2029,301,35,0
2029,317,36,0
2029,190427,37,0
2029,9101,38,0
2029,192042,39,0
2029,107,40,0
2029,437,41,0
2029,440,42,0
2029,441,43,0
2029,190444,44,0
2029,456,45,0
2029,55,46,0
2029,458,47,0
2029,459,48,0
2029,460,49,0
2029,464,50,0
2029,192070,51,0
2029,461,52,0
2029,190451,53,0
2029,855,54,0
2029,450,55,0
2029,447,56,0
2029,9083,57,0
2029,2056,58,0
2029,488,59,0
2029,486,60,0
2029,484,61,0
2029,481,62,0
2029,471,63,0
2029,479,64,0
2029,477,65,0
2029,498,66,0
2029,474,67,0
2029,473,68,0
2029,190502,69,1
3019,190503,1,0
3019,111,2,0
3019,1017,3,0
3019,509,4,0
3019,2063,5,0
3019,2065,6,0
3019,507,7,0
3019,504,8,0
3019,497,9,0
3019,492,10,0
3019,491,11,0
3019,467,12,0
3019,192070,13,0
3019,751,14,0
3019,2069,15,0
3019,2068,16,0
3019,455,17,0
3019,192009,18,0
3019,190413,19,0
3019,415,20,0
3019,190417,21,0
3019,423,22,0
3019,424,23,0
3019,324,24,0
3019,322,25,0
3019,316,26,0
3019,314,27,0
3019,311,28,0
3019,309,29,0
3019,305,30,0
3019,192035,31,1
3029,192035,1,0
3029,303,2,0
3029,304,3,0
3029,310,4,0
3029,312,5,0
3029,313,6,0
3029,315,7,0
3029,321,8,0
3029,323,9,0
3029,425,10,0
3029,422,11,0
3029,421,12,0
3029,190411,13,0
3029,414,14,0
3029,412,15,0
3029,190444,16,0
3029,456,17,0
3029,55,18,0
3029,458,19,0
3029,459,20,0
3029,460,21,0
3029,464,22,0
3029,192070,23,0
3029,465,24,0
3029,490,25,0
3029,493,26,0
3029,496,27,0
3029,505,28,0
3029,2067,29,0
3029,2066,30,0
3029,2064,31,0
3029,2062,32,0
3029,2061,33,0
3029,2060,34,0
3029,2008,35,0
3029,190503,36,1
4019,192077,1,0
4019,799,2,0
4019,744,3,0
4019,192076,4,0
4019,41,5,0
4019,190399,6,0
4019,397,7,0
4019,190044,8,0
4019,378,9,0
4019,192053,10,0
4019,382,11,0
4019,190501,12,0
4019,2052,13,0
4019,190363,14,0
4019,361,15,0
4019,359,16,0
4019,190356,17,0
4019,9070,18,0
4019,277,19,0
4019,190272,20,0
4019,9082,21,0
4019,192037,22,1
4019,192039,23,1
4029,192037,1,0
4029,294,2,0
4029,190292,3,0
4029,273,4,0
4029,278,5,0
4029,275,6,0
4029,3026,7,0
4029,360,8,0
4029,190364,9,0
4029,366,10,0
4029,190504,11,0
4029,383,12,0
4029,381,13,0
4029,190380,14,0
4029,9077,15,0
4029,190043,16,0
4029,398,17,0
4029,190400,18,0
4029,402,19,0
4029,190584,20,0
4029,816,21,0
4029,192077,22,1
6019,192070,1,0
6019,751,2,0
6019,521,3,0
6019,190523,4,0
6019,190524,5,0
6019,535,6,0
6019,536,7,0
6019,9043,8,0
6019,546,9,0
6019,716,10,0
6019,549,11,0
6019,551,12,0
6019,803,13,0
6019,567,14,0
6019,555,15,0
6019,557,16,0
6019,9007,17,0
6019,192074,18,0
6019,612,19,0
6019,614,20,0
6019,607,21,0
6019,39,22,0
6019,692,23,0
6019,632,24,0
6019,192003,25,0
6019,190662,26,0
6019,641,27,0
6019,9057,28,0
6019,740,29,0
6019,97,30,0
6019,192079,31,1
6029,192079,1,0
6029,799,2,0
6029,741,3,0
6029,739,4,0
6029,642,5,0
6029,190090,6,0
6029,192004,7,0
6029,9054,8,0
6029,2002,9,0
6029,100,10,0
6029,40,11,0
6029,606,12,0
6029,615,13,0
6029,9208,14,0
6029,9228,15,0
6029,192075,16,0
6029,558,17,0
6029,556,18,0
6029,554,19,0
6029,9120,20,0
6029,550,21,0
6029,718,22,0
6029,754,23,0
6029,547,24,0
6029,199037,25,0
6029,537,26,0
6029,534,27,0
6029,190033,28,0
6029,190034,29,0
6029,2072,30,0
6029,520,31,0
6029,460,32,0
6029,464,33,0
6029,192070,34,1
10019,192084,1,0
10019,799,2,0
10019,741,3,0
10019,739,4,0
10019,642,5,0
10019,190090,6,0
10019,9119,7,0
10019,618,8,0
10019,692,9,0
10019,632,10,0
10019,9053,11,0
10019,672,12,0
10019,9304,13,0
10019,9004,14,0
10019,9005,15,0
10019,9006,16,0
10019,9049,17,0
10019,8,18,0
10019,19,19,0
10019,21,20,0
10019,23,21,0
10019,25,22,0
10019,793,23,0
10019,190794,24,0
10019,795,25,0
10019,796,26,0
10019,765,27,0
10019,766,28,0
10019,767,29,0
10019,768,30,0
10019,780,31,0
10019,774,32,0
10019,775,33,0
10019,776,34,0
10019,873,35,0
10019,9060,36,0
10019,9061,37,0
10019,797,38,0
10019,2019,39,0
10019,9102,40,0
10019,866,41,0
10019,9104,42,0
10019,868,43,0
10019,869,44,0
10019,782,45,0
10019,199088,46,1
10029,199088,1,0
10029,871,2,0
10029,872,3,0
10029,9103,4,0
10029,7,5,0
10029,785,6,0
10029,768,7,0
10029,780,8,0
10029,774,9,0
10029,775,10,0
10029,776,11,0
10029,873,12,0
10029,9060,13,0
10029,9061,14,0
10029,787,15,0
10029,788,16,0
10029,789,17,0
10029,790,18,0
10029,791,19,0
10029,190792,20,0
10029,777,21,0
10029,24,22,0
10029,69,23,0
10029,22,24,0
10029,20,25,0
10029,9085,26,0
10029,9048,27,0
10029,9001,28,0
10029,9002,29,0
10029,9003,30,0
10029,9062,31,0
10029,671,32,0
10029,192003,33,0
10029,190662,34,0
10029,641,35,0
10029,9057,36,0
10029,740,37,0
10029,97,38,0
10029,192084,39,1
11019,190506,1,0
11019,111,2,0
11019,1017,3,0
11019,509,4,0
11019,510,5,0
11019,512,6,0
11019,516,7,0
11019,731,8,0
11019,519,9,0
11019,9022,10,0
11019,9023,11,0
11019,9024,12,0
11019,9025,13,0
11019,9027,14,0
11019,9028,15,0
11019,528,16,0
11019,192074,17,0
11019,612,18,0
11019,190101,19,0
11019,9045,20,0
11019,9232,21,0
11019,192082,22,1
11029,192082,1,0
11029,9119,2,0
11029,9231,3,0
11029,9046,4,0
11029,190103,5,0
11029,9208,6,0
11029,9228,7,0
11029,192075,8,0
11029,527,9,0
11029,9029,10,0
11029,9026,11,0
11029,9018,12,0
11029,9019,13,0
11029,9020,14,0
11029,9021,15,0
11029,518,16,0
11029,732,17,0
11029,517,18,0
11029,513,19,0
11029,511,20,0
11029,2062,21,0
11029,2061,22,0
11029,2060,23,0
11029,2008,24,0
11029,190506,25,1
11029,190502,26,1
12019,190502,1,0
12019,2046,2,0
12019,327,3,0
12019,329,4,0
12019,2044,5,0
12019,332,6,0
12019,333,7,0
12019,336,8,0
12019,344,9,0
12019,346,10,0
12019,350,11,0
12019,108,12,0
12019,352,13,0
12019,290,14,0
12019,291,15,0
12019,9212,16,0
12019,756,17,0
12019,303,18,0
12019,92,19,0
12019,192038,20,0
12019,3027,21,0
12019,93,22,0
12019,190126,23,0
12019,9096,24,0
12019,755,25,0
12019,80,26,0
12019,58,27,0
12019,59,28,0
12019,89,29,0
12019,190029,30,1
12029,190029,1,0
12029,86,2,0
12029,117,3,0
12029,84,4,0
12029,83,5,0
12029,82,6,0
12029,123,7,0
12029,190127,8,0
12029,128,9,0
12029,266,10,0
12029,305,11,0
12029,192035,12,0
12029,294,13,0
12029,190292,14,0
12029,274,15,0
12029,353,16,0
12029,351,17,0
12029,349,18,0
12029,347,19,0
12029,345,20,0
12029,335,21,0
12029,334,22,0
12029,331,23,0
12029,330,24,0
12029,328,25,0
12029,325,26,0
12029,326,27,0
12029,190502,28,1
14019,192084,1,0
14019,799,2,0
14019,842,3,0
14019,841,4,0
14019,848,5,0
14019,849,6,0
14019,850,7,0
14019,3023,8,0
14019,852,9,0
14019,856,10,0
14019,9074,11,0
14019,9075,12,0
14019,858,13,0
14019,6,14,0
14019,190399,15,0
14019,407,16,0
14019,406,17,0
14019,403,18,0
14019,586,19,0
14019,583,20,0
14019,589,21,0
14019,582,22,0
14019,591,23,0
14019,593,24,0
14019,595,25,0
14019,697,26,0
14019,410,27,0
14019,50,28,0
14019,98,29,0
14019,815,30,0
14019,404,31,0
14019,618,32,0
14019,619,33,0
14019,94,34,0
14019,96,35,0
14019,635,36,0
14019,736,37,0
14019,634,38,0
14019,97,39,0
14019,192083,40,1
15019,742,1,0
15019,9084,2,0
15019,190694,3,0
15019,644,4,0
15019,653,5,0
15019,655,6,0
15019,659,7,0
15019,657,8,0
15019,9057,9,0
15019,740,10,0
15019,97,11,0
15019,192085,12,0
15019,566,13,0
15019,735,14,0
15019,552,15,0
15019,548,16,0
15019,639,17,0
15019,661,18,0
15019,9053,19,0
15019,672,20,0
15019,9304,21,0
15019,673,22,0
15019,663,23,0
15019,664,24,0
15019,665,25,0
15019,666,26,0
15019,758,27,0
15019,667,28,0
15019,668,29,0
15019,669,30,0
15019,670,31,0
15019,678,32,0
15019,676,33,0
15019,540,34,0
15019,9005,35,0
15019,533,36,0
15019,531,37,0
15019,530,38,0
15019,190018,39,0
15019,532,40,0
15019,470,41,0
15019,469,42,0
15019,468,43,0
15019,680,44,0
15019,682,45,0
15019,91,46,0
15019,689,47,0
15019,5,48,0
15019,9091,49,0
15019,629,50,0
15019,627,51,0
15019,68,52,0
15019,597,53,0
15019,608,54,0
15019,611,55,0
15019,192075,56,0
15019,35,57,0
15019,804,58,0
15019,698,59,0
15019,31,60,0
15019,30,61,0
15019,27,62,0
15019,26,63,0
15019,11,64,0
15019,405,65,0
15019,408,66,0
15019,588,67,0
15019,590,68,0
15019,592,69,0
15019,594,70,0
15019,596,71,0
15019,9051,72,0
15019,545,73,0
15019,684,74,0
15019,199037,75,1
15029,199037,1,0
15029,9043,2,0
15029,539,3,0
15029,685,4,0
15029,809,5,0
15029,810,6,0
15029,542,7,0
15029,687,8,0
15029,569,9,0
15029,565,10,0
15029,563,11,0
15029,564,12,0
15029,571,13,0
15029,570,14,0
15029,576,15,0
15029,578,16,0
15029,579,17,0
15029,580,18,0
15029,581,19,0
15029,575,20,0
15029,562,21,0
15029,560,22,0
15029,9007,23,0
15029,192074,24,0
15029,610,25,0
15029,609,26,0
15029,598,27,0
15029,553,28,0
15029,628,29,0
15029,737,30,0
15029,9090,31,0
15029,4,32,0
15029,3,33,0
15029,2,34,0
15029,1,35,0
15029,681,36,0
15029,600,37,0
15029,599,38,0
15029,15,39,0
15029,16,40,0
15029,190028,41,0
15029,17,42,0
15029,105,43,0
15029,14,44,0
15029,13,45,0
15029,12,46,0
15029,679,47,0
15029,625,48,0
15029,624,49,0
15029,623,50,0
15029,622,51,0
15029,621,52,0
15029,604,53,0
15029,603,54,0
15029,602,55,0
15029,675,56,0
15029,601,57,0
15029,671,58,0
15029,192003,59,0
15029,660,60,0
15029,640,61,0
15029,9230,62,0
15029,635,63,0
15029,736,64,0
15029,97,65,0
15029,192081,66,0
15029,799,67,0
15029,741,68,0
15029,739,69,0
15029,656,70,0
15029,658,71,0
15029,654,72,0
15029,652,73,0
15029,643,74,0
15029,190693,75,0
15029,49,76,0
15029,743,77,0
15029,457,78,0
15029,75,79,0
15029,9078,80,0
15029,647,81,0
15029,854,82,0
15029,648,83,0
15029,651,84,0
15029,77,85,0
15029,649,86,0
15029,78,87,0
15029,9079,88,0
15029,646,89,0
15029,645,90,0
15029,742,91,1
15029,192079,92,1
15029,192077,93,1
16019,728,1,0
16019,826,2,0
16019,827,3,0
16019,830,4,0
16019,9069,5,0
16019,190730,6,0
16019,209,7,0
16019,208,8,0
16019,206,9,0
16019,182,10,0
16019,183,11,0
16019,205,12,0
16019,201,13,0
16019,203,14,0
16019,832,15,0
16019,217,16,0
16019,199074,17,0
16019,9076,18,0
16019,73,19,0
16019,2021,20,0
16019,237,21,0
16019,239,22,0
16019,860,23,0
16019,861,24,0
16019,862,25,0
16019,863,26,0
16019,865,27,0
16019,762,28,0
16019,368,29,0
16019,366,30,0
16019,190505,31,0
16019,111,32,0
16019,1017,33,0
16019,506,34,0
16019,374,35,0
16019,375,36,0
16019,376,37,0
16019,377,38,0
16019,190043,39,0
16019,396,40,0
16019,199120,41,1
16019,216,42,0
16019,51,43,0
16019,690,44,0
16019,190052,45,1
16019,192014,46,1
16029,199120,1,0
16029,837,2,0
16029,394,3,0
16029,393,4,0
16029,9089,5,0
16029,391,6,0
16029,390,7,0
16029,389,8,0
16029,388,9,0
16029,387,10,0
16029,386,11,0
16029,385,12,0
16029,384,13,0
16029,761,14,0
16029,190503,15,0
16029,2052,16,0
16029,367,17,0
16029,369,18,0
16029,372,19,0
16029,243,20,0
16029,2027,21,0
16029,242,22,0
16029,241,23,0
16029,240,24,0
16029,238,25,0
16029,9229,26,0
16029,216,27,0
16029,51,28,0
16029,690,29,0
16029,190052,30,1
16029,192014,31,0
16029,218,32,0
16029,746,33,0
16029,199056,34,0
16029,2018,35,0
16029,200,36,0
16029,204,37,0
16029,184,38,0
16029,847,39,0
16029,207,40,0
16029,2017,41,0
16029,210,42,0
16029,831,43,0
16029,829,44,0
16029,828,45,0
16029,9081,46,0
16029,190818,47,0
16029,726,48,0
16029,725,49,0
16029,727,50,0
16029,728,51,1
18019,9127,1,0
18019,837,2,0
18019,835,3,0
18019,833,4,0
18019,9044,5,0
18019,199074,6,0
18019,9076,7,0
18019,73,8,0
18019,2021,9,0
18019,2001,10,0
18019,235,11,0
18019,2026,12,0
18019,70,13,0
18019,192028,14,0
18019,288,15,0
18019,286,16,0
18019,283,17,0
18019,280,18,0
18019,190272,19,0
18019,9082,20,0
18019,192039,21,0
18019,297,22,0
18019,299,23,0
18019,301,24,0
18019,317,25,0
18019,190427,26,0
18019,9101,27,0
18019,192042,28,0
18019,107,29,0
18019,437,30,0
18019,440,31,0
18019,441,32,0
18019,190444,33,0
18019,456,34,0
18019,55,35,0
18019,458,36,0
18019,459,37,0
18019,460,38,0
18019,464,39,0
18019,192070,40,0
18019,465,41,0
18019,843,42,0
18019,845,43,0
18019,846,44,0
18019,506,45,0
18019,374,46,0
18019,375,47,0
18019,376,48,0
18019,377,49,0
18019,190043,50,0
18019,396,51,0
19019,9109,1,0
19019,9112,2,0
19019,9122,3,0
19019,9123,4,0
19019,9124,5,0
19019,9125,6,0
19019,9114,7,0
19019,9115,8,0
19019,9117,9,0
19019,9118,10,0
19019,9126,11,0
19019,854,12,0
19019,648,13,0
19019,651,14,0
19019,97,15,0
19019,192084,16,1
19019,192083,17,1
19029,192083,1,0
19029,799,2,0
19029,77,3,0
19029,649,4,0
19029,9105,5,0
19029,9106,6,0
19029,9107,7,0
19029,9109,8,1
20019,441,1,0
20019,3025,2,0
20019,455,3,0
20019,192009,4,1
20019,696,5,0
20019,2043,6,0
20019,436,7,0
20019,433,8,0
20019,9099,9,0
20019,3030,10,0
20019,9235,11,0
20019,275,12,0
20019,190357,13,1
20029,190357,1,0
20029,190356,2,0
20029,9070,3,0
20029,9236,4,0
20029,9088,5,0
20029,192042,6,0
20029,107,7,0
20029,437,8,0
20029,440,9,0
20029,441,10,1
50109,192039,1,0
50109,190427,2,0
50109,190411,3,0
50109,199040,4,0
50109,199038,5,0
50109,190523,6,0
50109,190524,7,0
50109,199036,8,0
50109,9128,9,0
50109,9130,10,0
50109,199032,11,0
50109,199030,12,0
50109,192003,13,0
50109,190662,14,0
50109,9057,15,0
50109,190501,16,0
50109,383,17,0
50109,381,18,0
50109,190380,19,0
50109,9077,20,0
50109,190043,21,0
50109,398,22,0
50109,190400,23,0
50109,402,24,0
50109,190584,25,0
50109,816,26,0
50109,192077,27,0
50109,799,28,0
50109,744,29,0
50109,192076,30,0
50109,41,31,0
50109,190399,32,0
50109,397,33,0
50109,190044,34,0
50109,378,35,0
50109,192053,36,0
50109,382,37,0
50109,761,38,0
50109,190502,39,0
50109,199046,40,0
50109,3025,41,0
50109,190413,42,0
50109,415,43,0
50109,190417,44,0
50109,190426,45,0
50109,425,46,0
50109,422,47,0
50109,421,48,0
50109,414,49,0
50109,412,50,0
50109,199047,51,0
50109,3049,52,0
50109,199042,53,0
50109,190363,54,0
50109,190356,55,0
50109,190272,56,0
50209,190426,1,0
50209,425,2,0
50209,422,3,0
50209,421,4,0
50209,190411,5,0
50209,414,6,0
50209,199040,7,0
50209,458,8,0
50209,199038,9,0
50209,521,10,0
50209,190523,11,0
50209,190524,12,0
50209,535,13,0
50209,536,14,0
50209,199036,15,0
50209,9128,16,0
50209,9130,17,0
50209,199032,18,0
50209,199030,19,0
50209,192003,20,0
50209,190662,21,0
50209,641,22,0
50209,9057,23,0
50209,740,24,0
50209,97,25,0
50209,192078,26,0
50209,799,27,0
50209,741,28,0
50209,739,29,0
50209,642,30,0
50209,190090,31,0
50209,192004,32,0
50209,199015,33,0
50209,199031,34,0
50209,199033,35,0
50209,9129,36,0
50209,9120,37,0
50209,199037,38,0
50209,537,39,0
50209,534,40,0
50209,190033,41,0
50209,190034,42,0
50209,2072,43,0
50209,520,44,0
50209,199039,45,0
50209,2069,46,0
50209,2068,47,0
50209,190413,48,0
50209,415,49,0
50209,190417,50,0
50209,423,51,0
50209,192037,52,0
50209,190292,53,0
50209,3026,54,0
50209,190364,55,0
50209,199041,56,0
50209,190380,57,0
50209,190043,58,0
50209,190400,59,0
50209,190584,60,0
70109,199227,1,0
70109,745,2,0
70109,9242,3,0
70109,2001,4,0
70109,192028,5,0
70109,283,6,0
70109,190272,7,0
70109,192037,8,0
70109,190292,9,0
70109,353,10,0
70109,349,11,0
70109,345,12,0
70109,9217,13,0
70109,199217,14,0
70109,190503,15,0
70109,199046,16,0
70109,3025,17,0
70109,190413,18,0
70109,415,19,0
70109,190417,20,0
70109,423,21,0
70109,190426,22,0
70109,425,23,0
70109,422,24,0
70109,421,25,0
70109,190411,26,0
70109,414,27,0
70109,412,28,0
70109,199047,29,0
70109,190506,30,0
70109,111,31,0
70109,1017,32,0
70109,509,33,0
70109,510,34,0
70109,9030,35,0
70109,734,36,0
70109,528,37,0
70109,199218,38,0
70109,192074,39,0
70109,612,40,0
70109,617,41,0
70109,9232,42,0
70109,192079,43,0
70109,9119,44,0
70109,9231,45,0
70109,616,46,0
70109,9208,47,0
70109,9228,48,0
70109,192075,49,0
70109,199209,50,0
70109,527,51,0
70109,733,52,0
70109,806,53,0
70109,511,54,0
70109,2062,55,0
70109,2061,56,0
70109,2060,57,0
70109,2008,58,0
70209,192079,1,0
70209,616,2,0
70209,9208,3,0
70209,199209,4,0
70209,733,5,0
70209,806,6,0
70209,511,7,0
70209,2060,8,0
70209,199210,9,0
70209,9211,10,0
70209,346,11,0
70209,350,12,0
70209,352,13,0
70209,9212,14,0
70209,192036,15,0
70209,190292,16,0
70209,284,17,0
70209,190231,18,0
70209,9229,19,0
70209,3038,20,0
70209,832,21,0
70209,190426,22,0
70209,425,23,0
70209,422,24,0
70209,421,25,0
70209,190411,26,0
70209,414,27,0
70209,412,28,0
70209,199047,29,0
70209,3049,30,0
70209,9141,31,0
70209,827,32,0
70209,830,33,0
70209,9069,34,0
70209,190730,35,0
70209,745,36,0
70209,9215,37,0
70209,199227,38,0
70209,829,39,0
70209,828,40,0
70209,9081,41,0
70209,190818,42,0
70209,726,43,0
70209,725,44,0
70209,727,45,0
70209,728,46,0
70209,826,47,0
70209,761,48,0
70209,199046,49,0
70209,3025,50,0
70209,190413,51,0
70209,415,52,0
70209,190417,53,0
70209,423,54,0
600019,192080,1,0
600019,9234,2,0
600019,3039,3,0
600019,134,4,0
600019,132,5,0
600019,193048,6,1
600029,193048,1,0
600029,9225,2,0
600029,9226,3,0
600029,3040,4,0
600029,9241,5,0
600029,683,6,0
600029,814,7,0
600029,752,8,0
600029,9239,9,0
600029,192080,10,1
601019,814,1,0
601019,752,2,0
601019,9239,3,0
601019,192080,4,0
601019,9234,5,0
601019,700,6,0
601019,65,7,0
601019,2012,8,0
601019,190139,9,0
601019,3036,10,0
601019,134,11,0
601019,132,12,0
601019,2010,13,0
601019,190127,14,0
601019,266,15,0
601019,192041,16,0
601019,190292,17,0
601019,9088,18,0
601019,190426,19,1
602019,190426,1,0
602019,192038,2,0
602019,3027,3,0
602019,190126,4,0
602019,79,5,0
602019,9225,6,0
602019,9226,7,0
602019,3034,8,0
602019,199205,9,0
602019,9206,10,0
602019,9221,11,0
602019,9207,12,0
602019,9241,13,0
602019,683,14,0
602019,814,15,0
602019,752,16,0
602019,9239,17,0
602019,192080,18,1
801019,970000,1,0
801019,9237,2,0
801019,172,3,0
801019,179,4,0
801019,2022,5,0
801019,224,6,0
801019,54,7,0
801019,254,8,0
801019,9240,9,0
801019,192039,10,0
801019,190426,11,1
802019,190426,1,0
802019,192040,2,0
802019,2031,3,0
802019,253,4,0
802019,230,5,0
802019,223,6,0
802019,213,7,0
802019,57,8,0
802019,9238,9,0
802019,148,10,0
802019,970000,11,1
9900209,667,1,0
9900209,9057,2,0
9900209,192079,3,1
9900209,199074,4,0
9900209,9076,5,0
9900209,73,6,0
9900209,2021,7,0
9900209,2001,8,0
9900209,235,9,0
9900209,2026,10,0
9900209,70,11,0
9900209,192028,12,0
9900209,288,13,0
9900209,286,14,0
9900209,283,15,0
9900209,280,16,0
9900209,190272,17,0
9900209,9082,18,0
9900209,192039,19,0
9900209,297,20,0
9900209,299,21,0
9900209,301,22,0
9900209,317,23,0
9900209,190427,24,0
9900209,9101,25,0
9900209,192042,26,0
9900209,107,27,0
9900209,437,28,0
9900209,440,29,0
9900209,441,30,0
9900209,190444,31,0
9900209,456,32,0
9900209,55,33,0
9900209,458,34,0
9900209,459,35,0
9900209,460,36,0
9900209,472,37,0
9900209,475,38,0
9900209,2059,39,0
9900209,476,40,0
9900209,478,41,0
9900209,480,42,0
9900209,482,43,0
9900209,483,44,0
9900209,485,45,0
9900209,487,46,0
9900209,489,47,0
9900209,445,48,0
9900209,448,49,0
9900209,449,50,0
9900209,454,51,0
9900209,190800,52,0
9900209,452,53,0
9900209,464,54,0
9900209,192070,55,0
9900209,751,56,0
9900209,2069,57,0
9900209,2068,58,0
9900209,455,59,0
9900209,192009,60,0
9900209,696,61,0
9900209,2043,62,0
9900209,436,63,0
9900209,433,64,0
9900209,9099,65,0
9900209,9100,66,0
9900209,190426,67,0
9900209,318,68,0
9900209,302,69,0
9900209,300,70,0
9900209,192036,71,0
10012019,190029,1,0
10012019,86,2,0
10012019,117,3,0
10012019,84,4,0
10012019,83,5,0
10012019,82,6,0
10012019,123,7,0
10012019,79,8,0
10012019,193048,9,0
10012019,9225,10,0
10012019,9226,11,0
10012019,3036,12,0
10012019,3041,13,0
10012019,3032,14,0
10012019,216,15,0
10012019,51,16,0
10012019,690,17,0
10012019,190052,18,0
10012019,199074,19,1
10012019,192007,20,1
10012029,192007,1,0
10012029,199074,2,0
10012029,9076,3,0
10012029,73,4,0
10012029,2021,5,0
10012029,3031,6,0
10012029,3034,7,0
10012029,134,8,0
10012029,132,9,0
10012029,2010,10,0
10012029,9096,11,0
10012029,82,12,1
10012029,190029,13,1
10012029,193048,14,1
10017019,192042,1,0
10017019,9098,2,0
10017019,351,3,0
10017019,349,4,0
10017019,347,5,0
10017019,345,6,0
10017019,472,7,1
10017029,190356,1,0
10017029,9070,2,0
10017029,9236,3,0
10017029,9088,4,0
10017029,192042,5,1
16001709,192039,1,0
16001709,297,2,0
16001709,299,3,0
16001709,301,4,0
16001709,317,5,0
16001709,190427,6,0
16001709,9101,7,0
16001709,3030,8,0
16001709,9235,9,0
16001709,275,10,0
16001709,190357,11,0
16001709,190356,12,1
20010019,192084,1,0
20010019,9119,2,0
20010019,618,3,0
20010019,692,4,0
20010019,632,5,0
20010019,9053,6,0
20010019,672,7,0
20010019,9304,8,0
20010019,9004,9,0
20010019,9005,10,0
20010019,9006,11,0
20010019,9049,12,0
20010019,31,13,0
20010019,199030,14,0
20010019,192003,15,0
20010019,190662,16,0
20010019,641,17,0
20010019,9057,18,0
20010019,740,19,0
20010019,97,20,0
23001709,472,1,0
23001709,475,2,0
23001709,346,3,0
23001709,350,4,0
23001709,108,5,0
23001709,352,6,0
23001709,9088,7,0
23001709,9201,8,0
23001709,190444,9,1
23001709,37,10,0
23001709,708,11,0
23001709,706,12,0
23001709,696,13,0
23001709,2043,14,0
23001709,436,15,0
23001709,433,16,0
23001709,9080,17,0
23001709,9101,18,0
23001709,192042,19,0
23001709,107,20,0
23001709,437,21,0
23001709,440,22,0
23001709,441,23,0
40017019,9099,1,0
40017019,9100,2,0
40017019,190426,3,0
40017019,318,4,0
40017019,302,5,0
40017019,300,6,0
40017019,192037,7,0
40017019,192039,8,1
40017029,190444,1,0
40017029,37,2,0
40017029,708,3,0
40017029,706,4,0
40017029,696,5,0
40017029,2043,6,0
40017029,436,7,0
40017029,433,8,0
40017029,9099,9,1
