'1169',6029,62300,,'',0,3000,,'',0,6900,,'',0,3000,,'',0,7000,,'',0,3000,,'',0,7000,,'',0,3000,,'',0,7000,,'',0,3000,,'',0,7000,,'',0,3000,,'',0,7000,,'',0,3000,,'',0,7000,,'',0,3000,,'',0,7000,,'',0,3000,,'',0,7000,,'',0,3000,,'',0,7000,,'',0,3000,,'',0,7000,,'',0,3000,,'',0,7000,,'',0,3000,,'',0,10000,,'',0,10000,,'',0,10000,,'',0,10000,,'',0
'1203',6029,62300,,'',0,3000,,'',0,6900,,'',0,3000,,'',0,7000,,'',0,3000,,'',0,7000,,'',0,3000,,'',0,7000,,'',0,3000,,'',0,7000,,'',0,3000,,'',0,7000,,'',0,3000,,'',0,7000,,'',0,3000,,'',0,7000,,'',0,3000,,'',0,7000,,'',0,3000,,'',0,7000,,'',0,3000,,'',0,7000,,'',0,3000,,'',0,7000,,'',0,3000,,'',0,10000,,'',0,10000,,'',0,10000,,'',0,10000,,'',0
'1205',6029,85200,,'',0,10000,,'',0,10000,,'',0,10000,,'',0,10000,,'',0,10000,,'',0,10000,,'',0,10000,,'',0,10000,,'',0,10000,,'',0,10000,,'',0,10000,,'',0
'1214',6029,62300,,'',0,3000,,'',0,6900,,'',0,3000,,'',0,7000,,'',0,3000,,'',0,7000,,'',0,3000,,'',0,7000,,'',0,3000,,'',0,7000,,'',0,3000,,'',0,7000,,'',0,3000,,'',0,7000,,'',0,3000,,'',0,7000,,'',0,3000,,'',0,7000,,'',0,3000,,'',0,7000,,'',0,3000,,'',0,7000,,'',0,3000,,'',0,7000,,'',0,3000,,'',0,10000,,'',0,10000,,'',0,10000,,'',0,10000,,'',0
'1216',6029,62300,,'',0,3000,,'',0,6900,,'',0,3000,,'',0,7000,,'',0,3000,,'',0,7000,,'',0,3000,,'',0,7000,,'',0,3000,,'',0,7000,,'',0,3000,,'',0,7000,,'',0,3000,,'',0,7000,,'',0,3000,,'',0,7000,,'',0,3000,,'',0
'1169',15019,71500,4,'',0,3000,4,'',0,7000,4,'',0,3000,4,'',0,7000,4,'',0,10000,4,'',0,10000,4,'',0,10000,4,'',0,10000,4,'',0,10000,4,'',0,3000,4,'',0,7000,4,'',0,10000,4,'',0,10000,4,'',0,10000,4,'',0,10000,4,'',0,10000,4,'',0,10000,4,'',0,10000,4,'',0,10000,4,'',0
'1169',15029,61500,,'',0,10000,,'',0,3000,,'',0,7000,,'',0,10000,,'',0,10000,,'',0,10000,,'',0,10000,,'',0,10000,,'',0,10000,,'',0,3000,0,'Cataraqui Ctr',0,7000,,'',0,10000,,'',0,10000,,'',0,10000,,'',0,10000,,'',0,10000,,'',0,10000,,'',0,10000,,'',0,10000,0,'Cataraqui Ctr',0
'1203',15019,71500,4,'',0,10000,4,'',0,10000,4,'',0,10000,4,'',0,10000,4,'',0,10000,4,'',0,10000,4,'',0,10000,4,'',0,10000,4,'',0,10000,4,'',0,10000,4,'',0,10000,4,'',0,10000,4,'',0,10000,4,'',0,10000,4,'',0,10000,4,'',0,10000,4,'',0
'1203',15029,61500,,'',0,10000,,'',0,10000,,'',0,10000,,'',0,10000,,'',0,10000,,'',0,10000,,'',0,10000,,'',0,10000,,'',0,10000,,'',0,10000,,'',0,10000,,'',0,10000,,'',0,10000,,'',0,10000,,'',0,10000,,'',0,10000,,'',0,10000,0,'Cataraqui Ctr',0
'1205',15019,61700,4,'',0,9800,4,'',0,10000,4,'',0,10000,4,'',0,10000,4,'',0,10000,4,'',0,10000,4,'',0,10000,4,'',0,10000,4,'',0,10000,4,'',0,10000,4,'',0,10000,4,'',0,10000,4,'',0,10000,4,'',0,10000,4,'',0,10000,4,'',0,10000,4,'',0,10000,4,'',0
'1205',15029,61700,,'',0,9800,,'',0,10000,,'',0,10000,,'',0,10000,,'',0,10000,,'',0,10000,,'',0,10000,,'',0,10000,,'',0,10000,,'',0,10000,,'',0,10000,,'',0,10000,,'',0,10000,,'',0,10000,,'',0,10000,,'',0,10000,,'',0,10000,0,'Cataraqui Ctr',0
'1214',15019,71500,4,'',0,3000,4,'',0,7000,4,'',0,3000,4,'',0,7000,4,'',0,10000,4,'',0,10000,4,'',0,10000,4,'',0,10000,4,'',0,10000,4,'',0,3000,4,'',0,7000,4,'',0,10000,4,'',0,10000,4,'',0,10000,4,'',0,10000,4,'',0,10000,4,'',0,10000,4,'',0,10000,4,'',0,10000,4,'',0
'1214',15029,61500,,'',0,10000,,'',0,3000,,'',0,7000,,'',0,10000,,'',0,10000,,'',0,10000,,'',0,10000,,'',0,10000,,'',0,10000,,'',0,3000,0,'Cataraqui Ctr',0,7000,,'',0,10000,,'',0,10000,,'',0,10000,,'',0,10000,,'',0,10000,,'',0,10000,,'',0,10000,,'',0,10000,0,'Cataraqui Ctr',0
'1216',15019,71500,4,'',0,3000,4,'',0,7000,4,'',0,3000,4,'',0,7000,4,'',0,10000,4,'',0,10000,4,'',0,10000,4,'',0,10000,4,'',0,10000,4,'',0
'1216',15029,61500,,'',0,10000,,'',0,3000,,'',0,7000,,'',0,10000,,'',0,10000,,'',0,10000,,'',0,10000,,'',0,10000,,'',0,10000,0,'Cataraqui Ctr',0
'1169',50209,53800,0,'Downtown',0,7600,0,'Downtown',0,1500,0,'Downtown',0,1000,0,'Downtown',0,500,0,'Downtown',0,1000,0,'Downtown',0,5000,0,'Downtown',0,900,0,'Downtown',0,900,0,'Downtown',0,900,0,'Downtown',0,900,0,'Downtown',0,900,0,'Downtown',0,900,0,'Downtown',0,4400,0,'Downtown',0,500,0,'Downtown',0,800,0,'Downtown',0,900,0,'Downtown',0,900,0,'Downtown',0,900,0,'Downtown',0,900,0,'Downtown',0,4900,0,'Downtown',0,1000,0,'Downtown',0,1000,0,'Downtown',0,2000,0,'Downtown',0,6000,0,'Downtown',0,2000,0,'Downtown',0,2000,0,'Downtown',0,6000,0,'Downtown',0,2000,0,'Downtown',0,2000,0,'Downtown',0,6000,0,'Downtown',0,2000,0,'Downtown',0,2000,0,'Downtown',0,6000,0,'Downtown',0,2000,0,'Downtown',0,2000,0,'Downtown',0,6000,0,'Downtown',0,1000,0,'Downtown',0,1500,0,'Downtown',0,1500,0,'Downtown',0,1600,0,'Downtown',0,5500,0,'Downtown',0,1500,0,'Downtown',0,1500,0,'Downtown',0,1500,0,'Downtown',0,5500,0,'Downtown',0,1500,0,'Downtown',0,1600,0,'Downtown',0,1500,0,'Downtown',0,5700,0,'Downtown',0,1300,0,'Downtown',0,1500,0,'Downtown',0,1500,0,'Downtown',0,5700,0,'Downtown',0,2500,0,'Downtown',0,7000,0,'Downtown',0,3000,0,'Downtown',0,7000,0,'Downtown',0,3000,0,'Downtown',0,7000,0,'Downtown',0,3000,0,'Downtown',0,7000,0,'Downtown',0,3000,0,'Downtown',0,7000,0,'Downtown',0
'1203',50209,61500,0,'Downtown',0,2800,0,'Downtown',0,6500,0,'Downtown',0,3000,0,'Downtown',0,7100,0,'Downtown',0,3000,0,'Downtown',0,7000,0,'Downtown',0,3000,0,'Downtown',0,7100,0,'Downtown',0,3000,0,'Downtown',0,7000,0,'Downtown',0,3000,0,'Downtown',0,7000,0,'Downtown',0,3000,0,'Downtown',0,7000,0,'Downtown',0,3000,0,'Downtown',0,7000,0,'Downtown',0,3000,0,'Downtown',0,7000,0,'Downtown',0,3000,0,'Downtown',0,7000,0,'Downtown',0,3000,0,'Downtown',0,6900,0,'Downtown',0,3000,0,'Downtown',0,7000,0,'Downtown',0,3000,0,'Downtown',0,7000,0,'Downtown',0,3000,0,'Downtown',0,7000,0,'Downtown',0,3000,0,'Downtown',0,7000,0,'Downtown',0,3000,0,'Downtown',0,6900,0,'Downtown',0,3000,0,'Downtown',0,7000,0,'Downtown',0
'1205',50209,61500,0,'Downtown',0,2800,0,'Downtown',0,6500,0,'Downtown',0,3000,0,'Downtown',0,7100,0,'Downtown',0,3000,0,'Downtown',0,7000,0,'Downtown',0,3000,0,'Downtown',0,7100,0,'Downtown',0,3000,0,'Downtown',0,7000,0,'Downtown',0,3000,0,'Downtown',0,7000,0,'Downtown',0,3000,0,'Downtown',0,7000,0,'Downtown',0,3000,0,'Downtown',0,7000,0,'Downtown',0,3000,0,'Downtown',0,7000,0,'Downtown',0,3000,0,'Downtown',0,7000,0,'Downtown',0,3000,0,'Downtown',0,6900,0,'Downtown',0,3000,0,'Downtown',0,7000,0,'Downtown',0,3000,0,'Downtown',0,7000,0,'Downtown',0,3000,0,'Downtown',0,7000,0,'Downtown',0,3000,0,'Downtown',0,7000,0,'Downtown',0,3000,0,'Downtown',0,6900,0,'Downtown',0,3000,0,'Downtown',0,7000,0,'Downtown',0
'1214',50209,53800,0,'Downtown',0,7600,0,'Downtown',0,1500,0,'Downtown',0,1500,0,'Downtown',0,1000,0,'Downtown',0,5000,0,'Downtown',0,900,0,'Downtown',0,900,0,'Downtown',0,900,0,'Downtown',0,900,0,'Downtown',0,900,0,'Downtown',0,900,0,'Downtown',0,4400,0,'Downtown',0,500,0,'Downtown',0,800,0,'Downtown',0,900,0,'Downtown',0,900,0,'Downtown',0,900,0,'Downtown',0,900,0,'Downtown',0,4900,0,'Downtown',0,1000,0,'Downtown',0,1000,0,'Downtown',0,2000,0,'Downtown',0,6000,0,'Downtown',0,2000,0,'Downtown',0,2000,0,'Downtown',0,6000,0,'Downtown',0,2000,0,'Downtown',0,2000,0,'Downtown',0,6000,0,'Downtown',0,2000,0,'Downtown',0,2000,0,'Downtown',0,6000,0,'Downtown',0,2000,0,'Downtown',0,2000,0,'Downtown',0,6000,0,'Downtown',0,1000,0,'Downtown',0,1500,0,'Downtown',0,1500,0,'Downtown',0,1600,0,'Downtown',0,5500,0,'Downtown',0,1500,0,'Downtown',0,1500,0,'Downtown',0,1500,0,'Downtown',0,5500,0,'Downtown',0,1500,0,'Downtown',0,1600,0,'Downtown',0,1500,0,'Downtown',0,5700,0,'Downtown',0,1300,0,'Downtown',0,1500,0,'Downtown',0,1500,0,'Downtown',0,5700,0,'Downtown',0,2500,0,'Downtown',0,7000,0,'Downtown',0,3000,0,'Downtown',0,7000,0,'Downtown',0,3000,0,'Downtown',0,7000,0,'Downtown',0,3000,0,'Downtown',0,7000,0,'Downtown',0,3000,0,'Downtown',0,7000,0,'Downtown',0
'1215',50209,63900,0,'Downtown',0
'1216',50209,53800,0,'Downtown',0,7600,0,'Downtown',0,1500,0,'Downtown',0,1000,0,'Downtown',0,500,0,'Downtown',0,1000,0,'Downtown',0,5000,0,'Downtown',0,900,0,'Downtown',0,900,0,'Downtown',0,900,0,'Downtown',0,900,0,'Downtown',0,900,0,'Downtown',0,900,0,'Downtown',0,4400,0,'Downtown',0,500,0,'Downtown',0,800,0,'Downtown',0,900,0,'Downtown',0,900,0,'Downtown',0,900,0,'Downtown',0,900,0,'Downtown',0,4900,0,'Downtown',0,1000,0,'Downtown',0,1000,0,'Downtown',0,2000,0,'Downtown',0,6000,0,'Downtown',0,2000,0,'Downtown',0,2000,0,'Downtown',0,6000,0,'Downtown',0,2000,0,'Downtown',0,2000,0,'Downtown',0,6000,0,'Downtown',0,2000,0,'Downtown',0,2000,0,'Downtown',0,6000,0,'Downtown',0,2000,0,'Downtown',0,2000,0,'Downtown',0,6000,0,'Downtown',0,2500,0,'Downtown',0,1500,0,'Downtown',0,16600,0,'Queen''s / KGH',0,1900,0,'Queen''s / KGH',0,2000,0,'Queen''s / KGH',0,6000,0,'Queen''s / KGH',0,2000,0,'Queen''s / KGH',0,2000,0,'Queen''s / KGH',0,5800,0,'Queen''s / KGH',0,1800,0,'Queen''s / KGH',0,1500,0,'Queen''s / KGH',0,6700,0,'Queen''s / KGH',0,4000,0,'Queen''s / KGH',0,6000,0,'Queen''s / KGH',0,3000,0,'Queen''s / KGH',0,7000,0,'Queen''s / KGH',0,3000,0,'Queen''s / KGH',0,7000,0,'Queen''s / KGH',0,3500,0,'Queen''s / KGH',0,1700,0,'Queen''s / KGH',0
