2019,'1796',500,,14046,22,0,5 2 13 14,0,136,,14015,31,,,0,70,,14016,31,,,0,30,,14017,31,,,0,70,,14018,31,,,0,31,,14019,31,,,0,69,,14020,31,,,0,30,,14021,31,,,0,70,,14022,31,,,0,30,,14023,31,,,0,70,,14024,31,,,0,30,,14025,31,,,0,70,,14026,31,,,0,30,,14027,31,,,0,70,,14028,31,,,0,30,,14029,31,,,0,70,,14030,31,,,0,30,,14031,31,,,0,70,,14032,31,,,0,30,,14033,31,,,0,71,,14034,31,,,0,30,,14035,31,,,0,69,,14036,31,,,0,30,,14037,31,,,0,70,,14038,31,,,0,30,,14039,31,,,0,70,,14045,31,,,0,30,,14040,31,,,0,100,,14041,31,,,0,100,,14042,31,,,0,100,,14043,31,,,0,100,,14044,31,,,0
2019,'1797',635,,14047,22,,,0,70,,14054,31,,,0,30,,14063,31,,,0,71,,14070,31,,,0,30,,14048,31,,,0,70,,14055,31,,,0,30,,14064,31,,,0,70,,14071,31,,,0,30,,14049,31,,,0,70,,14056,31,,,0,30,,14065,31,,,0,70,,14072,31,,,0,30,,14050,31,,,0,70,,14057,31,,,0,30,,14066,31,,,0,70,,14073,31,,,0,30,,14051,31,,,0,70,,14058,31,,,0,30,,14067,31,,,0,70,,14074,31,,,0,30,,14052,31,,,0,70,,14059,31,,,0,30,,14068,31,,,0,70,,14075,31,,,0,30,,14053,31,,,0,70,,14060,31,,,0,30,,14069,31,,,0,99,,14061,31,,,0,100,,14076,31,,,0,100,,14062,31,,,0,100,,14077,31,,,0
2019,'1798',705,,14105,31,,,0,30,,14082,31,,,0,70,,14086,31,,,0,30,,14098,31,,,0,71,,14093,31,,,0,30,,14083,31,,,0,70,,14087,31,,,0,30,,14099,31,,,0,70,,14094,31,,,0,30,,14084,31,,,0,70,,14088,31,,,0,30,,14100,31,,,0,70,,14095,31,,,0,30,,14085,31,,,0,70,,14089,31,,,0,30,,14101,31,,,0,70,,14096,31,,,0,30,,14080,31,,,0,70,,14090,31,,,0,30,,14102,31,,,0,70,,14097,31,,,0,30,,14078,31,,,0,70,,14091,31,,,0,30,,14103,31,,,0,100,,14079,31,,,0,99,,14104,31,,,0,100,,14081,31,,,0,100,,14092,31,,,0,99,,14106,31,,,0
2019,'1799',705,,14134,31,,,0,30,,14111,31,,,0,70,,14115,31,,,0,30,,14127,31,,,0,71,,14122,31,,,0,30,,14112,31,,,0,70,,14116,31,,,0,30,,14128,31,,,0,70,,14123,31,,,0,30,,14113,31,,,0,70,,14117,31,,,0,30,,14129,31,,,0,70,,14124,31,,,0,30,,14114,31,,,0,70,,14118,31,,,0,30,,14130,31,,,0,70,,14125,31,,,0,30,,14109,31,,,0,70,,14119,31,,,0,30,,14131,31,,,0,70,,14126,31,,,0,30,,14107,31,,,0,70,,14120,31,,,0,30,,14132,31,,,0,100,,14108,31,,,0,99,,14133,31,,,0,100,,14110,31,,,0,100,,14121,31,,,0,99,,14135,31,,,0
2019,'1800',705,,14163,31,,,0,30,,14140,31,,,0,70,,14144,31,,,0,30,,14156,31,,,0,71,,14151,31,,,0,30,,14141,31,,,0,70,,14145,31,,,0,30,,14157,31,,,0,70,,14152,31,,,0,30,,14142,31,,,0,70,,14146,31,,,0,30,,14158,31,,,0,70,,14153,31,,,0,30,,14143,31,,,0,70,,14147,31,,,0,30,,14159,31,,,0,70,,14154,31,,,0,30,,14138,31,,,0,70,,14148,31,,,0,30,,14160,31,,,0,70,,14155,31,,,0,30,,14136,31,,,0,70,,14149,31,,,0,30,,14161,31,,,0,100,,14137,31,,,0,99,,14162,31,,,0,100,,14139,31,,,0,100,,14150,31,,,0,99,,14164,31,,,0
14000001019,'1796',2429,,19498,38,,,0,30,,19495,38,,,0,70,,19496,38,,,0,30,,19497,38,,,0,70,,19494,38,,,0
14000001019,'1797',2429,,19503,38,,,0,30,,19499,38,,,0,70,,19502,38,,,0,30,,19501,38,,,0,70,,19500,38,,,0
14000001019,'1798',2429,,19507,38,,,0,30,,19506,38,,,0,70,,19504,38,,,0,30,,19508,38,,,0,70,,19505,38,,,0
14000001019,'1799',2429,,19512,38,,,0,30,,19511,38,,,0,70,,19509,38,,,0,30,,19513,38,,,0,70,,19510,38,,,0
14000001019,'1800',2429,,19517,38,,,0,30,,19516,38,,,0,70,,19514,38,,,0,30,,19518,38,,,0,70,,19515,38,,,0
