7029,'1796',506,,15002,6,,,0,100,,15003,6,,,0,31,,20395,6,,,0,71,,15005,6,,,0,30,,15006,6,,,0,70,,15007,6,,,0,30,,20396,6,,,0,69,,20397,6,,,0,30,,20398,6,,,0,70,,20399,6,,,0,30,,20400,6,,,0,71,,20401,6,,,0,30,,15014,6,,,0,70,,20392,6,,,0,30,,20393,6,,,0,70,,20394,6,,,0,30,,20391,6,,,0,70,,14996,6,,,0,30,,15001,6,,,0,70,,20402,6,,,0,30,,20403,6,,,0,70,,20404,6,,,0,30,,15018,6,,,0,70,,20405,6,,,0,29,,15020,6,,,0,70,,15021,6,,,0,30,,20406,6,,,0,70,,20407,6,,,0,30,,20408,6,,,0,70,,15025,6,,,0,99,,15026,6,,,0,100,,15027,6,,,0,100,,15028,6,,,0
7029,'1797',638,,20409,6,,,0,70,,20420,6,,,0,30,,20410,6,,,0,69,,20421,6,,,0,30,,20411,6,,,0,70,,15045,6,,,0,30,,20412,6,,,0,70,,20422,6,,,0,30,,20413,6,,,0,70,,20423,6,,,0,30,,15034,6,,,0,70,,15048,6,,,0,30,,20414,6,,,0,70,,20424,6,,,0,30,,15036,6,,,0,71,,20425,6,,,0,30,,15037,6,,,0,70,,15051,6,,,0,30,,20415,6,,,0,69,,20426,6,,,0,30,,20416,6,,,0,70,,20427,6,,,0,30,,20417,6,,,0,70,,15054,6,,,0,30,,20418,6,,,0,70,,20428,6,,,0,30,,20419,6,,,0,69,,20429,6,,,0,100,,15057,6,,,0,100,,15058,6,,,0,100,,15059,6,,,0,30,,20430,6,0,13 14,0
7029,'1798',707,,15063,6,,,0,100,,15064,6,,,0,100,,20432,6,,,0,100,,15066,6,,,0,100,,15067,6,,,0,100,,20433,6,,,0,100,,15069,6,,,0,101,,15070,6,,,0,100,,20434,6,,,0,99,,15072,6,,,0,100,,15073,6,,,0,100,,20435,6,,,0,100,,15075,6,,,0,99,,15076,6,,,0,100,,20431,6,,,0,230,,20436,6,0,13 14,0
7029,'1799',707,,15079,6,,,0,100,,15080,6,,,0,100,,20438,6,,,0,100,,15082,6,,,0,100,,15083,6,,,0,100,,20439,6,,,0,100,,15085,6,,,0,101,,15086,6,,,0,100,,20440,6,,,0,99,,15088,6,,,0,100,,15089,6,,,0,100,,20441,6,,,0,100,,15091,6,,,0,99,,15092,6,,,0,100,,20437,6,,,0,230,,20442,6,0,13 14,0
7029,'1800',707,,15095,6,,,0,100,,15096,6,,,0,100,,20444,6,,,0,100,,15098,6,,,0,100,,15099,6,,,0,100,,20445,6,,,0,100,,15101,6,,,0,101,,15102,6,,,0,100,,20446,6,,,0,99,,15104,6,,,0,100,,15105,6,,,0,100,,20447,6,,,0,100,,15107,6,,,0,99,,15108,6,,,0,100,,20443,6,,,0,230,,20448,6,0,13 14,0
20007019,'1796',541,,19415,6,,,0,1495,,23319,6,,,0,100,,23320,6,,,0,100,,19418,6,,,0,100,,23322,6,,,0,100,,23321,6,,,0
20007019,'1797',2036,,23323,6,,,0,100,,23324,6,,,0,100,,19423,6,,,0
20007019,'1798',637,,23341,6,,,0,200,,23327,6,,,0,100,,23328,6,,,0,100,,23329,6,,,0,100,,23330,6,,,0,100,,23331,6,,,0,100,,23332,6,,,0,100,,23333,6,,,0,100,,23334,6,,,0,100,,23335,6,,,0,100,,23336,6,,,0,100,,23337,6,,,0,100,,23338,6,,,0,99,,23339,6,,,0,100,,23340,6,,,0,70,,19440,6,,,0,30,,23326,6,,,0,70,,23325,6,,,0
20007019,'1799',637,,23358,6,,,0,200,,23344,6,,,0,100,,23345,6,,,0,100,,23346,6,,,0,100,,23347,6,,,0,100,,23348,6,,,0,100,,23349,6,,,0,100,,23350,6,,,0,100,,23351,6,,,0,100,,23352,6,,,0,100,,23353,6,,,0,100,,23354,6,,,0,100,,23355,6,,,0,99,,23356,6,,,0,100,,23357,6,,,0,70,,19458,6,,,0,30,,23343,6,,,0,70,,23342,6,,,0
20007019,'1800',637,,23375,6,,,0,200,,23361,6,,,0,100,,23362,6,,,0,100,,23363,6,,,0,100,,23364,6,,,0,100,,23365,6,,,0,100,,23366,6,,,0,100,,23367,6,,,0,100,,23368,6,,,0,100,,23369,6,,,0,100,,23370,6,,,0,100,,23371,6,,,0,100,,23372,6,,,0,99,,23373,6,,,0,100,,23374,6,,,0,70,,19476,6,,,0,30,,23360,6,,,0,70,,23359,6,,,0
