2019,'1796',455,,19803,17,0,5 2 13 14,0,176,,14015,26,,,0,70,,14016,26,,,0,30,,14017,26,,,0,70,,14018,26,,,0,31,,14019,26,,,0,69,,14020,26,,,0,30,,14021,26,,,0,70,,14022,26,,,0,30,,14023,26,,,0,70,,14024,26,,,0,30,,14025,26,,,0,70,,14026,26,,,0,30,,14027,26,,,0,70,,14028,26,,,0,30,,14029,26,,,0,70,,14030,26,,,0,30,,14031,26,,,0,70,,14032,26,,,0,30,,14033,26,,,0,70,,14034,26,,,0,30,,14035,26,,,0,70,,14036,26,,,0,30,,14037,26,,,0,70,,14038,26,,,0,30,,14039,26,,,0,70,,14045,26,,,0,30,,14040,26,,,0,100,,14041,26,,,0,100,,14042,26,,,0,100,,14043,26,,,0,100,,14044,26,,,0
2019,'1797',631,,14047,17,,,0,70,,14054,26,,,0,30,,14063,26,,,0,70,,14070,26,,,0,30,,14048,26,,,0,70,,14055,26,,,0,30,,14064,26,,,0,70,,14071,26,,,0,30,,14049,26,,,0,70,,14056,26,,,0,30,,14065,26,,,0,70,,14072,26,,,0,30,,14050,26,,,0,70,,14057,26,,,0,30,,14066,26,,,0,70,,14073,26,,,0,30,,14051,26,,,0,70,,14058,26,,,0,30,,14067,26,,,0,70,,14074,26,,,0,30,,14052,26,,,0,70,,14059,26,,,0,30,,14068,26,,,0,70,,14075,26,,,0,30,,14053,26,,,0,70,,14060,26,,,0,30,,14069,26,,,0,100,,14061,26,,,0,100,,14076,26,,,0,100,,14062,26,,,0,100,,14077,26,,,0
2019,'1798',701,,14105,26,,,0,30,,14082,26,,,0,70,,14086,26,,,0,30,,14098,26,,,0,70,,14093,26,,,0,30,,14083,26,,,0,70,,14087,26,,,0,30,,14099,26,,,0,70,,14094,26,,,0,30,,14084,26,,,0,70,,14088,26,,,0,30,,14100,26,,,0,70,,14095,26,,,0,30,,14085,26,,,0,70,,14089,26,,,0,30,,14101,26,,,0,70,,14096,26,,,0,30,,14080,26,,,0,70,,14090,26,,,0,30,,14102,26,,,0,70,,14097,26,,,0,30,,14078,26,,,0,70,,14091,26,,,0,30,,14103,26,,,0,100,,14079,26,,,0,100,,14104,26,,,0,100,,14081,26,,,0,100,,14092,26,,,0,99,,14106,26,,,0
2019,'1799',701,,14134,26,,,0,30,,14111,26,,,0,70,,14115,26,,,0,30,,14127,26,,,0,70,,14122,26,,,0,30,,14112,26,,,0,70,,14116,26,,,0,30,,14128,26,,,0,70,,14123,26,,,0,30,,14113,26,,,0,70,,14117,26,,,0,30,,14129,26,,,0,70,,14124,26,,,0,30,,14114,26,,,0,70,,14118,26,,,0,30,,14130,26,,,0,70,,14125,26,,,0,30,,14109,26,,,0,70,,14119,26,,,0,30,,14131,26,,,0,70,,14126,26,,,0,30,,14107,26,,,0,70,,14120,26,,,0,30,,14132,26,,,0,100,,14108,26,,,0,100,,14133,26,,,0,100,,14110,26,,,0,100,,14121,26,,,0,99,,14135,26,,,0
2019,'1800',701,,14163,26,,,0,30,,14140,26,,,0,70,,14144,26,,,0,30,,14156,26,,,0,70,,14151,26,,,0,30,,14141,26,,,0,70,,14145,26,,,0,30,,14157,26,,,0,70,,14152,26,,,0,30,,14142,26,,,0,70,,14146,26,,,0,30,,14158,26,,,0,70,,14153,26,,,0,30,,14143,26,,,0,70,,14147,26,,,0,30,,14159,26,,,0,70,,14154,26,,,0,30,,14138,26,,,0,70,,14148,26,,,0,30,,14160,26,,,0,70,,14155,26,,,0,30,,14136,26,,,0,70,,14149,26,,,0,30,,14161,26,,,0,100,,14137,26,,,0,100,,14162,26,,,0,100,,14139,26,,,0,100,,14150,26,,,0,99,,14164,26,,,0
702019,'1796',630,,22900,1,,,0,25,,18594,1,,,0,64,,18628,1,,,0,21,,18595,1,,,0,15,,22901,1,,,0,63,,18597,1,,,0,17,,18629,1,,,0,12,,18627,1,,,0,68,,18598,1,,,0,30,,18599,1,,,0,70,,18600,1,,,0,30,,18633,1,,,0,70,,18601,1,,,0,30,,22902,1,,,0,70,,18603,1,,,0,30,,22903,1,,,0,70,,22904,1,,,0,30,,22905,1,,,0,70,,18607,1,,,0,30,,22906,1,,,0,65,,18630,1,,,0,20,,18609,1,,,0,20,,22907,1,,,0,60,,22908,1,,,0,20,,22909,1,,,0,20,,22916,1,,,0,60,,22910,1,,,0,20,,22911,1,,,0,20,,22912,1,,,0,65,,18616,1,,,0,30,,18617,1,,,0,70,,22913,1,,,0,30,,18619,1,,,0,70,,18620,1,,,0,30,,22914,1,,,0,70,,18622,1,,,0,30,,18623,1,,,0,70,,18624,1,,,0,30,,22915,1,,,0,65,,18626,1,,,0,25,,18632,1,,,0
702019,'1797',645,,18661,1,,,0,70,,18663,1,,,0,30,,22944,1,,,0,70,,18660,1,,,0,30,,18662,1,,,0,70,,22942,1,,,0,30,,18667,1,,,0,70,,22943,1,,,0,30,,22923,1,,,0,70,,18647,1,,,0,30,,22936,1,,,0,70,,22917,1,,,0,30,,22924,1,,,0,70,,22930,1,,,0,30,,22937,1,,,0,70,,22918,1,,,0,30,,22925,1,,,0,70,,22931,1,,,0,30,,22938,1,,,0,70,,22919,1,,,0,30,,22926,1,,,0,70,,22932,1,,,0,30,,22939,1,,,0,70,,22920,1,,,0,30,,22927,1,,,0,70,,22933,1,,,0,30,,22940,1,,,0,70,,22921,1,,,0,30,,22928,1,,,0,70,,22934,1,,,0,30,,22941,1,,,0,70,,22922,1,,,0,30,,22929,1,,,0,65,,22935,1,,,0,25,,22945,1,,,0
702019,'1798',645,,22966,1,,,0,70,,22956,1,,,0,30,,22976,1,,,0,70,,22962,1,,,0,30,,22955,1,,,0,70,,22975,1,,,0,30,,22965,1,,,0,70,,22954,1,,,0,30,,18695,1,,,0,70,,22961,1,,,0,30,,22953,1,,,0,70,,22967,1,,,0,30,,18680,1,,,0,70,,22952,1,,,0,30,,22974,1,,,0,70,,22960,1,,,0,30,,22951,1,,,0,70,,22971,1,,,0,30,,22964,1,,,0,70,,22950,1,,,0,30,,22970,1,,,0,70,,22959,1,,,0,30,,22949,1,,,0,70,,22969,1,,,0,30,,22958,1,,,0,70,,22948,1,,,0,30,,22973,1,,,0,70,,22957,1,,,0,30,,22947,1,,,0,70,,22972,1,,,0,30,,22963,1,,,0,70,,22946,1,,,0,30,,22968,1,,,0,65,,22977,1,,,0,25,,22978,1,,,0
702019,'1799',645,,22999,1,,,0,70,,22989,1,,,0,30,,23009,1,,,0,70,,22995,1,,,0,30,,22988,1,,,0,70,,23008,1,,,0,30,,22998,1,,,0,70,,22987,1,,,0,30,,18730,1,,,0,70,,22994,1,,,0,30,,22986,1,,,0,70,,23000,1,,,0,30,,18715,1,,,0,70,,22985,1,,,0,30,,23007,1,,,0,70,,22993,1,,,0,30,,22984,1,,,0,70,,23004,1,,,0,30,,22997,1,,,0,70,,22983,1,,,0,30,,23003,1,,,0,70,,22992,1,,,0,30,,22982,1,,,0,70,,23002,1,,,0,30,,22991,1,,,0,70,,22981,1,,,0,30,,23006,1,,,0,70,,22990,1,,,0,30,,22980,1,,,0,70,,23005,1,,,0,30,,22996,1,,,0,70,,22979,1,,,0,30,,23001,1,,,0,65,,23010,1,,,0,25,,23011,1,,,0
702019,'1800',645,,23032,1,,,0,70,,23022,1,,,0,30,,23042,1,,,0,70,,23028,1,,,0,30,,23021,1,,,0,70,,23041,1,,,0,30,,23031,1,,,0,70,,23020,1,,,0,30,,18765,1,,,0,70,,23027,1,,,0,30,,23019,1,,,0,70,,23033,1,,,0,30,,18750,1,,,0,70,,23018,1,,,0,30,,23040,1,,,0,70,,23026,1,,,0,30,,23017,1,,,0,70,,23037,1,,,0,30,,23030,1,,,0,70,,23016,1,,,0,30,,23036,1,,,0,70,,23025,1,,,0,30,,23015,1,,,0,70,,23035,1,,,0,30,,23024,1,,,0,70,,23014,1,,,0,30,,23039,1,,,0,70,,23023,1,,,0,30,,23013,1,,,0,70,,23038,1,,,0,30,,23029,1,,,0,70,,23012,1,,,0,30,,23034,1,,,0,65,,23043,1,,,0,25,,23044,1,,,0
702029,'1796',627,,23045,19,4,,0,20,,18775,19,4,,0,72,,18831,19,4,,0,18,,18776,19,4,,0,17,,23046,19,4,,0,62,,18778,19,4,,0,14,,18779,19,4,,0,14,,18829,19,4,,0,70,,18830,19,4,,0,30,,18780,19,4,,0,70,,18781,19,4,,0,30,,18837,19,4,,0,70,,18782,19,4,,0,30,,23047,19,4,,0,70,,18784,19,4,,0,30,,23048,19,4,,0,70,,23049,19,4,,0,30,,23050,19,4,,0,70,,18788,19,4,,0,31,,23051,19,4,,0,55,,18833,19,4,,0,30,,18790,19,4,,0,15,,23078,19,4,,0,55,,23052,19,4,,0,30,,23054,19,4,,0,15,,23053,19,4,,0,55,,23079,19,4,,0,30,,23055,19,4,,0,14,,23056,19,4,,0,67,,18796,19,4,,0,29,,18838,19,4,,0,70,,23057,19,4,,0,30,,18798,19,4,,0,70,,18799,19,4,,0,30,,23058,19,4,,0,70,,18801,19,4,,0,30,,18802,19,4,,0,70,,18803,19,4,,0,30,,23059,19,4,,0,66,,18805,19,4,,0,25,,18832,19,4,,0
702029,'1797',643,,18871,19,4,,0,65,,18839,19,4,,0,30,,23088,19,4,,0,70,,18856,19,4,,0,32,,18864,19,4,,0,70,,23081,19,4,,0,30,,18849,19,4,,0,70,,23095,19,4,,0,31,,23102,19,4,,0,70,,18841,19,4,,0,30,,23089,19,4,,0,70,,23096,19,4,,0,30,,23103,19,4,,0,70,,23082,19,4,,0,32,,23090,19,4,,0,70,,23097,19,4,,0,30,,23119,19,4,,0,70,,23083,19,4,,0,30,,23091,19,4,,0,70,,23098,19,4,,0,30,,23104,19,4,,0,70,,23084,19,4,,0,28,,23092,19,4,,0,70,,23099,19,4,,0,28,,23105,19,4,,0,70,,23085,19,4,,0,30,,23093,19,4,,0,70,,23100,19,4,,0,30,,23106,19,4,,0,70,,23086,19,4,,0,28,,23094,19,4,,0,70,,23101,19,4,,0,30,,23107,19,4,,0,70,,23087,19,4,,0,25,,23118,19,4,,0
702029,'1798',643,,23141,19,4,,0,65,,23130,19,4,,0,30,,23143,19,4,,0,70,,23139,19,4,,0,32,,23129,19,4,,0,70,,23142,19,4,,0,30,,23131,19,4,,0,70,,23128,19,4,,0,31,,18931,19,4,,0,70,,23134,19,4,,0,30,,23127,19,4,,0,70,,23150,19,4,,0,30,,18920,19,4,,0,70,,23126,19,4,,0,32,,23144,19,4,,0,70,,23137,19,4,,0,30,,23125,19,4,,0,70,,23145,19,4,,0,30,,23133,19,4,,0,70,,23124,19,4,,0,30,,23151,19,4,,0,70,,23132,19,4,,0,28,,23123,19,4,,0,70,,23147,19,4,,0,28,,23140,19,4,,0,70,,23122,19,4,,0,30,,23148,19,4,,0,70,,23136,19,4,,0,30,,23121,19,4,,0,70,,23146,19,4,,0,28,,23138,19,4,,0,70,,23120,19,4,,0,30,,23149,19,4,,0,70,,23135,19,4,,0,25,,23154,19,4,,0
702029,'1799',643,,23176,19,4,,0,65,,23165,19,4,,0,30,,23178,19,4,,0,70,,23174,19,4,,0,32,,23164,19,4,,0,70,,23177,19,4,,0,30,,23166,19,4,,0,70,,23163,19,4,,0,31,,18994,19,4,,0,70,,23169,19,4,,0,30,,23162,19,4,,0,70,,23185,19,4,,0,30,,18983,19,4,,0,70,,23161,19,4,,0,32,,23179,19,4,,0,70,,23172,19,4,,0,30,,23160,19,4,,0,70,,23180,19,4,,0,30,,23168,19,4,,0,70,,23159,19,4,,0,30,,23186,19,4,,0,70,,23167,19,4,,0,28,,23158,19,4,,0,70,,23182,19,4,,0,28,,23175,19,4,,0,70,,23157,19,4,,0,30,,23183,19,4,,0,70,,23171,19,4,,0,30,,23156,19,4,,0,70,,23181,19,4,,0,28,,23173,19,4,,0,70,,23155,19,4,,0,30,,23184,19,4,,0,70,,23170,19,4,,0,25,,23189,19,4,,0
702029,'1800',643,,23211,19,4,,0,65,,23200,19,4,,0,30,,23213,19,4,,0,70,,23209,19,4,,0,32,,23199,19,4,,0,70,,23212,19,4,,0,30,,23201,19,4,,0,70,,23198,19,4,,0,31,,19057,19,4,,0,70,,23204,19,4,,0,30,,23197,19,4,,0,70,,23220,19,4,,0,30,,19046,19,4,,0,70,,23196,19,4,,0,32,,23214,19,4,,0,70,,23207,19,4,,0,30,,23195,19,4,,0,70,,23215,19,4,,0,30,,23203,19,4,,0,70,,23194,19,4,,0,30,,23221,19,4,,0,70,,23202,19,4,,0,28,,23193,19,4,,0,70,,23217,19,4,,0,28,,23210,19,4,,0,70,,23192,19,4,,0,30,,23218,19,4,,0,70,,23206,19,4,,0,30,,23191,19,4,,0,70,,23216,19,4,,0,28,,23208,19,4,,0,70,,23190,19,4,,0,30,,23219,19,4,,0,70,,23205,19,4,,0,25,,23224,19,4,,0
