2029,'1796',543,,14165,13,,,0,70,,14166,13,,,0,30,,14167,13,,,0,65,,14168,13,,,0,28,,14169,13,,,0,72,,14170,13,,,0,30,,14171,13,,,0,70,,14172,13,,,0,30,,14173,13,,,0,70,,14174,13,,,0,30,,14175,13,,,0,70,,14176,13,,,0,30,,14177,13,,,0,70,,14178,13,,,0,30,,14179,13,,,0,70,,14180,13,,,0,30,,14181,13,,,0,70,,14182,13,,,0,30,,14183,13,,,0,70,,14184,13,,,0,30,,14185,13,,,0,70,,14186,13,,,0,31,,14187,13,,,0,72,,14188,13,,,0,27,,14189,13,,,0,70,,14190,13,,,0,30,,14194,13,,,0,70,,14195,13,,,0,29,,14198,13,0,5 2 13 14,0,71,,14196,13,,,0,100,,14197,13,,,0,100,,14193,13,,,0,99,,14192,13,0,5 2 13 14,0,96,,14199,13,0,5 2 13 14,0
2029,'1797',543,,14231,13,0,5 2 15 16 17,0,70,,14214,13,,,0,30,,14221,13,,,0,65,,14200,13,,,0,30,,14206,13,,,0,70,,14215,13,,,0,30,,14222,13,,,0,70,,14201,13,,,0,30,,14207,13,,,0,70,,14216,13,,,0,30,,14223,13,,,0,70,,14202,13,,,0,30,,14208,13,,,0,70,,14217,13,,,0,30,,14224,13,,,0,70,,14203,13,,,0,30,,14209,13,,,0,70,,14218,13,,,0,30,,14225,13,,,0,70,,14204,13,,,0,30,,14210,13,,,0,70,,14219,13,,,0,30,,14226,13,,,0,70,,14205,13,,,0,30,,14211,13,,,0,70,,14220,13,,,0,30,,14227,13,,,0,70,,14212,13,,,0,31,,14233,13,0,5 2 13 14,0,69,,14228,13,,,0,100,,14213,13,,,0,100,,14229,13,,,0,95,,14230,13,0,5 2 13 14,0,99,,14232,13,0,5 2 13 14,0
2029,'1798',613,,14235,13,,,0,30,,14243,13,,,0,67,,14254,13,,,0,28,,14249,13,,,0,70,,14236,13,,,0,30,,14244,13,,,0,70,,14255,13,,,0,30,,14250,13,,,0,70,,14237,13,,,0,30,,14245,13,,,0,70,,14256,13,,,0,30,,14251,13,,,0,70,,14238,13,,,0,30,,14246,13,,,0,70,,14257,13,,,0,30,,14252,13,,,0,70,,14239,13,,,0,30,,14247,13,,,0,70,,14258,13,,,0,30,,14253,13,,,0,70,,14240,13,,,0,30,,14248,13,,,0,70,,14259,13,,,0,29,,14263,13,0,5 2 13 14,0,71,,14241,13,,,0,29,,14262,13,0,5 2 13 14,0,71,,14260,13,,,0,100,,14242,13,,,0,100,,14261,13,,,0,100,,14234,13,,,0,94,,14264,13,0,5 2 13 14,0,101,,14265,13,0,5 2 13 14,0
2029,'1799',613,,14267,13,,,0,30,,14275,13,,,0,67,,14286,13,,,0,28,,14281,13,,,0,70,,14268,13,,,0,30,,14276,13,,,0,70,,14287,13,,,0,30,,14282,13,,,0,70,,14269,13,,,0,30,,14277,13,,,0,70,,14288,13,,,0,30,,14283,13,,,0,70,,14270,13,,,0,30,,14278,13,,,0,70,,14289,13,,,0,30,,14284,13,,,0,70,,14271,13,,,0,30,,14279,13,,,0,70,,14290,13,,,0,30,,14285,13,,,0,70,,14272,13,,,0,30,,14280,13,,,0,70,,14291,13,,,0,29,,14295,13,0,5 2 13 14,0,71,,14273,13,,,0,29,,14294,13,0,5 2 13 14,0,71,,14292,13,,,0,100,,14274,13,,,0,100,,14293,13,,,0,100,,14266,13,,,0,94,,14296,13,0,5 2 13 14,0,101,,14297,13,0,5 2 13 14,0
2029,'1800',613,,14299,13,,,0,30,,14307,13,,,0,67,,14318,13,,,0,28,,14313,13,,,0,70,,14300,13,,,0,30,,14308,13,,,0,70,,14319,13,,,0,30,,14314,13,,,0,70,,14301,13,,,0,30,,14309,13,,,0,70,,14320,13,,,0,30,,14315,13,,,0,70,,14302,13,,,0,30,,14310,13,,,0,70,,14321,13,,,0,30,,14316,13,,,0,70,,14303,13,,,0,30,,14311,13,,,0,70,,14322,13,,,0,30,,14317,13,,,0,70,,14304,13,,,0,30,,14312,13,,,0,70,,14323,13,,,0,29,,14327,13,0,5 2 13 14,0,71,,14305,13,,,0,29,,14326,13,0,5 2 13 14,0,71,,14324,13,,,0,100,,14306,13,,,0,100,,14325,13,,,0,100,,14298,13,,,0,94,,14328,13,0,5 2 13 14,0,101,,14329,13,0,5 2 13 14,0
7029,'1796',521,,15002,25,,,0,103,,15003,25,,,0,29,,20395,25,,,0,72,,15005,25,,,0,30,,15006,25,,,0,71,,15007,25,,,0,29,,20396,25,,,0,70,,20397,25,,,0,30,,20398,25,,,0,70,,20399,25,,,0,30,,20400,25,,,0,70,,20401,25,,,0,30,,15014,25,,,0,70,,20392,25,,,0,30,,20393,25,,,0,70,,20394,25,,,0,31,,20391,25,,,0,70,,14996,25,,,0,31,,15001,25,,,0,69,,20402,25,,,0,30,,20403,25,,,0,70,,20404,25,,,0,29,,15018,25,,,0,70,,20405,25,,,0,29,,15020,25,,,0,70,,15021,25,,,0,30,,20406,25,,,0,70,,20407,25,,,0,30,,20408,25,,,0,69,,15025,25,,,0,101,,15026,25,,,0,99,,15027,25,,,0,100,,15028,25,,,0
7029,'1797',624,,15060,14,,,0,29,,20409,25,,,0,70,,20420,25,,,0,30,,20410,25,,,0,70,,20421,25,,,0,30,,20411,25,,,0,70,,15045,25,,,0,30,,20412,25,,,0,70,,20422,25,,,0,30,,20413,25,,,0,70,,20423,25,,,0,30,,15034,25,,,0,70,,15048,25,,,0,30,,20414,25,,,0,70,,20424,25,,,0,30,,15036,25,,,0,71,,20425,25,,,0,30,,15037,25,,,0,70,,15051,25,,,0,30,,20415,25,,,0,69,,20426,25,,,0,30,,20416,25,,,0,70,,20427,25,,,0,30,,20417,25,,,0,70,,15054,25,,,0,30,,20418,25,,,0,70,,20428,25,,,0,30,,20419,25,,,0,70,,20429,25,,,0,100,,15057,25,,,0,100,,15058,25,,,0,100,,15059,25,,,0
7029,'1798',723,,15063,25,,,0,100,,15064,25,,,0,100,,20432,25,,,0,100,,15066,25,,,0,100,,15067,25,,,0,100,,20433,25,,,0,100,,15069,25,,,0,101,,15070,25,,,0,100,,20434,25,,,0,99,,15072,25,,,0,100,,15073,25,,,0,100,,20435,25,,,0,100,,15075,25,,,0,100,,15076,25,,,0,100,,20431,25,,,0
7029,'1799',723,,15079,25,,,0,100,,15080,25,,,0,100,,20438,25,,,0,100,,15082,25,,,0,100,,15083,25,,,0,100,,20439,25,,,0,100,,15085,25,,,0,101,,15086,25,,,0,100,,20440,25,,,0,99,,15088,25,,,0,100,,15089,25,,,0,100,,20441,25,,,0,100,,15091,25,,,0,100,,15092,25,,,0,100,,20437,25,,,0
7029,'1800',723,,15095,25,,,0,100,,15096,25,,,0,100,,20444,25,,,0,100,,15098,25,,,0,100,,15099,25,,,0,100,,20445,25,,,0,100,,15101,25,,,0,101,,15102,25,,,0,100,,20446,25,,,0,99,,15104,25,,,0,100,,15105,25,,,0,100,,20447,25,,,0,100,,15107,25,,,0,100,,15108,25,,,0,100,,20443,25,,,0
