1019,'1796',543,,13774,15,,,0,70,,19586,15,,,0,30,,19562,15,,,0,70,,19557,15,,,0,30,,19575,15,,,0,71,,19559,15,,,0,30,,19564,15,,,0,70,,19589,15,,,0,30,,19561,15,,,0,70,,19555,15,,,0,31,,19574,15,,,0,70,,19560,15,,,0,30,,19565,15,,,0,70,,19585,15,,,0,30,,19563,15,,,0,70,,19556,15,,,0,30,,19587,15,,,0,70,,19558,15,,,0,30,,19566,15,,,0,70,,19584,15,,,0,29,,19577,15,,,0,70,,19569,15,,,0,30,,19567,15,,,0,70,,19570,15,,,0,30,,19572,15,,,0,70,,19571,15,,,0,29,,19568,15,,,0,70,,19588,15,,,0,30,,19582,15,,,0,70,,19583,15,,,0,30,,19581,15,,,0,70,,19580,15,,,0,30,,19579,15,,,0,70,,19578,15,,,0,30,,19576,15,,,0,70,,19573,15,,,0
1019,'1797',543,,19601,15,,,0,70,,19615,15,,,0,30,,19600,15,,,0,70,,19620,15,,,0,30,,19610,15,,,0,70,,19594,15,,,0,30,,19616,15,,,0,70,,19618,15,,,0,30,,19599,15,,,0,70,,19621,15,,,0,30,,19609,15,,,0,70,,19593,15,,,0,30,,19604,15,,,0,70,,19614,15,,,0,30,,19598,15,,,0,70,,19622,15,,,0,30,,19608,15,,,0,70,,19592,15,,,0,30,,19603,15,,,0,70,,19613,15,,,0,30,,19597,15,,,0,70,,19623,15,,,0,30,,19607,15,,,0,70,,19591,15,,,0,30,,19602,15,,,0,70,,19612,15,,,0,30,,19595,15,,,0,70,,19624,15,,,0,30,,19605,15,,,0,70,,19590,15,,,0,30,,19596,15,,,0,70,,19611,15,,,0,30,,19606,15,,,0,70,,19625,15,,,0,30,,19619,15,,,0,70,,19617,15,,,0
1019,'1798',613,,19626,15,,,0,100,,19627,15,,,0,100,,19628,15,,,0,100,,19629,15,,,0,100,,19630,15,,,0,100,,19631,15,,,0,100,,19632,15,,,0,100,,19633,15,,,0,100,,19634,15,,,0,100,,19635,15,,,0,100,,19636,15,,,0,100,,19637,15,,,0,100,,19638,15,,,0,100,,19639,15,,,0,100,,19640,15,,,0,100,,19641,15,,,0,100,,19642,15,,,0,100,,19643,15,,,0
1019,'1799',613,,19644,15,,,0,100,,19645,15,,,0,100,,19646,15,,,0,100,,19647,15,,,0,100,,19648,15,,,0,100,,19649,15,,,0,100,,19650,15,,,0,100,,19651,15,,,0,100,,19652,15,,,0,100,,19653,15,,,0,100,,19654,15,,,0,100,,19655,15,,,0,100,,19656,15,,,0,100,,19657,15,,,0,100,,19658,15,,,0,100,,19659,15,,,0,100,,19660,15,,,0,100,,19661,15,,,0
1019,'1800',613,,19662,15,,,0,100,,19663,15,,,0,100,,19664,15,,,0,100,,19665,15,,,0,100,,19666,15,,,0,100,,19667,15,,,0,100,,19668,15,,,0,100,,19669,15,,,0,100,,19670,15,,,0,100,,19671,15,,,0,100,,19672,15,,,0,100,,19673,15,,,0,100,,19674,15,,,0,100,,19675,15,,,0,100,,19676,15,,,0,100,,19677,15,,,0,100,,19678,15,,,0,100,,19679,15,,,0
2019,'1796',453,,19803,15,0,5 2 13 14,0,175,,14015,24,,,0,30,,14016,24,,,0,70,,14017,24,,,0,30,,14018,24,,,0,71,,14019,24,,,0,29,,14020,24,,,0,70,,14021,24,,,0,30,,14022,24,,,0,70,,14023,24,,,0,30,,14024,24,,,0,70,,14025,24,,,0,30,,14026,24,,,0,70,,14027,24,,,0,30,,14028,24,,,0,70,,14029,24,,,0,30,,14030,24,,,0,70,,14031,24,,,0,30,,14032,24,,,0,70,,14033,24,,,0,30,,14034,24,,,0,70,,14035,24,,,0,30,,14036,24,,,0,70,,14037,24,,,0,30,,14038,24,,,0,70,,14039,24,,,0,30,,14045,24,,,0,70,,14040,24,,,0,100,,14041,24,,,0,100,,14042,24,,,0,100,,14043,24,,,0,100,,14044,24,,,0
2019,'1797',628,,14047,15,,,0,30,,14054,24,,,0,70,,14063,24,,,0,30,,14070,24,,,0,70,,14048,24,,,0,30,,14055,24,,,0,70,,14064,24,,,0,30,,14071,24,,,0,70,,14049,24,,,0,30,,14056,24,,,0,70,,14065,24,,,0,30,,14072,24,,,0,70,,14050,24,,,0,30,,14057,24,,,0,70,,14066,24,,,0,30,,14073,24,,,0,70,,14051,24,,,0,30,,14058,24,,,0,70,,14067,24,,,0,30,,14074,24,,,0,70,,14052,24,,,0,30,,14059,24,,,0,70,,14068,24,,,0,30,,14075,24,,,0,70,,14053,24,,,0,30,,14060,24,,,0,70,,14069,24,,,0,100,,14061,24,,,0,100,,14076,24,,,0,100,,14062,24,,,0,100,,14077,24,,,0
2019,'1798',658,,14105,24,,,0,70,,14082,24,,,0,30,,14086,24,,,0,70,,14098,24,,,0,30,,14093,24,,,0,70,,14083,24,,,0,30,,14087,24,,,0,70,,14099,24,,,0,30,,14094,24,,,0,70,,14084,24,,,0,30,,14088,24,,,0,70,,14100,24,,,0,30,,14095,24,,,0,70,,14085,24,,,0,30,,14089,24,,,0,70,,14101,24,,,0,30,,14096,24,,,0,70,,14080,24,,,0,30,,14090,24,,,0,70,,14102,24,,,0,30,,14097,24,,,0,70,,14078,24,,,0,30,,14091,24,,,0,70,,14103,24,,,0,100,,14079,24,,,0,100,,14104,24,,,0,100,,14081,24,,,0,100,,14092,24,,,0,99,,14106,24,,,0
2019,'1799',658,,14134,24,,,0,70,,14111,24,,,0,30,,14115,24,,,0,70,,14127,24,,,0,30,,14122,24,,,0,70,,14112,24,,,0,30,,14116,24,,,0,70,,14128,24,,,0,30,,14123,24,,,0,70,,14113,24,,,0,30,,14117,24,,,0,70,,14129,24,,,0,30,,14124,24,,,0,70,,14114,24,,,0,30,,14118,24,,,0,70,,14130,24,,,0,30,,14125,24,,,0,70,,14109,24,,,0,30,,14119,24,,,0,70,,14131,24,,,0,30,,14126,24,,,0,70,,14107,24,,,0,30,,14120,24,,,0,70,,14132,24,,,0,100,,14108,24,,,0,100,,14133,24,,,0,100,,14110,24,,,0,100,,14121,24,,,0,99,,14135,24,,,0
2019,'1800',658,,14163,24,,,0,70,,14140,24,,,0,30,,14144,24,,,0,70,,14156,24,,,0,30,,14151,24,,,0,70,,14141,24,,,0,30,,14145,24,,,0,70,,14157,24,,,0,30,,14152,24,,,0,70,,14142,24,,,0,30,,14146,24,,,0,70,,14158,24,,,0,30,,14153,24,,,0,70,,14143,24,,,0,30,,14147,24,,,0,70,,14159,24,,,0,30,,14154,24,,,0,70,,14138,24,,,0,30,,14148,24,,,0,70,,14160,24,,,0,30,,14155,24,,,0,70,,14136,24,,,0,30,,14149,24,,,0,70,,14161,24,,,0,100,,14137,24,,,0,100,,14162,24,,,0,100,,14139,24,,,0,100,,14150,24,,,0,99,,14164,24,,,0
14000001019,'1796',2422,,23379,31,,,0,30,,23377,31,,,0,70,,19496,31,,,0,30,,23378,31,,,0,70,,23376,31,,,0
14000001019,'1797',2422,,23383,31,,,0,30,,23380,31,,,0,70,,19502,31,,,0,30,,23382,31,,,0,70,,23381,31,,,0
14000001019,'1798',2422,,23386,31,,,0,30,,23385,31,,,0,70,,19504,31,,,0,30,,23387,31,,,0,70,,23384,31,,,0
14000001019,'1799',2422,,23390,31,,,0,30,,23389,31,,,0,70,,19509,31,,,0,30,,23391,31,,,0,70,,23388,31,,,0
14000001019,'1800',2422,,23394,31,,,0,30,,23393,31,,,0,70,,19514,31,,,0,30,,23395,31,,,0,70,,23392,31,,,0
