16019,'1796',620,,20843,9,,,0,30,,20844,9,,,0,70,,20845,9,,,0,30,,15782,9,,,0,70,,15783,9,,,0,30,,20846,9,,,0,70,,20847,9,,,0,30,,20848,9,,,0,70,,20849,9,,,0,30,,20850,9,,,0,70,,20851,9,,,0,30,,20852,9,,,0,70,,20853,9,,,0,30,,20854,9,,,0,70,,20855,9,,,0,30,,20856,9,,,0,70,,20857,9,,,0,30,,20858,9,,,0,70,,20859,9,,,0,30,,20860,9,,,0,70,,20861,9,,,0,30,,20862,9,,,0,70,,20863,9,,,0,30,,20864,9,,,0,70,,15803,9,,,0,30,,20865,9,,,0,70,,20866,9,,,0,30,,20867,9,,,0,70,,15807,9,,,0,30,,20868,9,,,0,70,,20841,9,,,0,30,,15777,9,,,0,70,,20842,9,,,0
16019,'1797',619,,15832,9,,,0,30,,15828,9,,,0,70,,15836,9,,,0,30,,15820,9,,,0,71,,15834,9,,,0,30,,15815,9,,,0,70,,15813,9,,,0,30,,15810,9,,,0,70,,15821,9,,,0,30,,15831,9,,,0,70,,15825,9,,,0,30,,15833,9,,,0,70,,15817,9,,,0,30,,15835,9,,,0,70,,15812,9,,,0,30,,15823,9,,,0,70,,15822,9,,,0,30,,15826,9,,,0,70,,15827,9,,,0,30,,15811,9,,,0,70,,15819,9,,,0,30,,15829,9,,,0,70,,15814,9,,,0,30,,15818,9,,,0,70,,15824,9,,,0,30,,15838,9,,,0,70,,15830,9,,,0,29,,15837,9,,,0,70,,15816,9,,,0,30,,15840,9,,,0,100,,15839,9,,,0,70,,15809,9,,,0
16019,'1798',749,,20869,9,,,0,101,,20872,9,,,0,100,,20880,9,,,0,100,,20879,9,,,0,100,,20870,9,,,0,100,,20873,9,,,0,100,,20874,9,,,0,100,,20877,9,,,0,100,,20876,9,,,0,100,,20871,9,,,0,100,,20878,9,,,0,100,,15852,9,,,0,99,,20875,9,,,0,100,,15846,9,,,0,100,,20881,9,,,0
16019,'1799',749,,20882,9,,,0,101,,20885,9,,,0,100,,20893,9,,,0,100,,20892,9,,,0,100,,20883,9,,,0,100,,20886,9,,,0,100,,20887,9,,,0,100,,20890,9,,,0,100,,20889,9,,,0,100,,20884,9,,,0,100,,20891,9,,,0,100,,15867,9,,,0,99,,20888,9,,,0,100,,15861,9,,,0,100,,20894,9,,,0
16019,'1800',749,,20895,9,,,0,101,,20898,9,,,0,100,,20906,9,,,0,100,,20905,9,,,0,100,,20896,9,,,0,100,,20899,9,,,0,100,,20900,9,,,0,100,,20903,9,,,0,100,,20902,9,,,0,100,,20897,9,,,0,100,,20904,9,,,0,100,,15882,9,,,0,99,,20901,9,,,0,100,,15876,9,,,0,100,,20907,9,,,0
14000001019,'1796',2408,,23379,15,,,0,30,,23377,15,,,0,70,,19496,15,,,0,30,,23378,15,,,0,70,,23376,15,,,0
14000001019,'1797',2408,,23383,15,,,0,30,,23380,15,,,0,70,,19502,15,,,0,30,,23382,15,,,0,70,,23381,15,,,0
14000001019,'1798',2408,,23386,15,,,0,30,,23385,15,,,0,70,,19504,15,,,0,30,,23387,15,,,0,70,,23384,15,,,0
14000001019,'1799',2408,,23390,15,,,0,30,,23389,15,,,0,70,,19509,15,,,0,30,,23391,15,,,0,70,,23388,15,,,0
14000001019,'1800',2408,,23394,15,,,0,30,,23393,15,,,0,70,,19514,15,,,0,30,,23395,15,,,0,70,,23392,15,,,0
