2029,'1796',525,,14191,6,,,0,27,,14165,21,,,0,70,,14166,21,,,0,30,,14167,21,,,0,68,,14168,21,,,0,30,,14169,21,,,0,70,,14170,21,,,0,30,,14171,21,,,0,70,,14172,21,,,0,30,,14173,21,,,0,70,,14174,21,,,0,30,,14175,21,,,0,70,,14176,21,,,0,30,,14177,21,,,0,70,,14178,21,,,0,30,,14179,21,,,0,70,,14180,21,,,0,30,,14181,21,,,0,70,,14182,21,,,0,30,,14183,21,,,0,69,,14184,21,,,0,30,,14185,21,,,0,70,,14186,21,,,0,31,,14187,21,,,0,70,,14188,21,,,0,29,,14189,21,,,0,70,,14190,21,,,0,30,,14194,21,,,0,70,,14195,21,,,0,100,,14196,21,,,0,100,,14197,21,,,0,100,,14193,21,,,0
2029,'1797',552,,14231,21,0,5 2 15 16 17,0,70,,14214,21,,,0,30,,14221,21,,,0,68,,14200,21,,,0,30,,14206,21,,,0,70,,14215,21,,,0,30,,14222,21,,,0,70,,14201,21,,,0,30,,14207,21,,,0,70,,14216,21,,,0,30,,14223,21,,,0,70,,14202,21,,,0,30,,14208,21,,,0,70,,14217,21,,,0,30,,14224,21,,,0,70,,14203,21,,,0,30,,14209,21,,,0,70,,14218,21,,,0,30,,14225,21,,,0,70,,14204,21,,,0,30,,14210,21,,,0,70,,14219,21,,,0,30,,14226,21,,,0,70,,14205,21,,,0,30,,14211,21,,,0,70,,14220,21,,,0,30,,14227,21,,,0,69,,14212,21,,,0,100,,14228,21,,,0,100,,14213,21,,,0,100,,14229,21,,,0
2029,'1798',622,,14235,21,,,0,30,,14243,21,,,0,68,,14254,21,,,0,30,,14249,21,,,0,70,,14236,21,,,0,30,,14244,21,,,0,70,,14255,21,,,0,30,,14250,21,,,0,70,,14237,21,,,0,30,,14245,21,,,0,70,,14256,21,,,0,30,,14251,21,,,0,70,,14238,21,,,0,30,,14246,21,,,0,70,,14257,21,,,0,30,,14252,21,,,0,70,,14239,21,,,0,30,,14247,21,,,0,70,,14258,21,,,0,30,,14253,21,,,0,70,,14240,21,,,0,30,,14248,21,,,0,70,,14259,21,,,0,100,,14241,21,,,0,99,,14260,21,,,0,100,,14242,21,,,0,100,,14261,21,,,0,100,,14234,21,,,0
2029,'1799',622,,14267,21,,,0,30,,14275,21,,,0,68,,14286,21,,,0,30,,14281,21,,,0,70,,14268,21,,,0,30,,14276,21,,,0,70,,14287,21,,,0,30,,14282,21,,,0,70,,14269,21,,,0,30,,14277,21,,,0,70,,14288,21,,,0,30,,14283,21,,,0,70,,14270,21,,,0,30,,14278,21,,,0,70,,14289,21,,,0,30,,14284,21,,,0,70,,14271,21,,,0,30,,14279,21,,,0,70,,14290,21,,,0,30,,14285,21,,,0,70,,14272,21,,,0,30,,14280,21,,,0,70,,14291,21,,,0,100,,14273,21,,,0,99,,14292,21,,,0,100,,14274,21,,,0,100,,14293,21,,,0,100,,14266,21,,,0
2029,'1800',622,,14299,21,,,0,30,,14307,21,,,0,68,,14318,21,,,0,30,,14313,21,,,0,70,,14300,21,,,0,30,,14308,21,,,0,70,,14319,21,,,0,30,,14314,21,,,0,70,,14301,21,,,0,30,,14309,21,,,0,70,,14320,21,,,0,30,,14315,21,,,0,70,,14302,21,,,0,30,,14310,21,,,0,70,,14321,21,,,0,30,,14316,21,,,0,70,,14303,21,,,0,30,,14311,21,,,0,70,,14322,21,,,0,30,,14317,21,,,0,70,,14304,21,,,0,30,,14312,21,,,0,70,,14323,21,,,0,100,,14305,21,,,0,99,,14324,21,,,0,100,,14306,21,,,0,100,,14325,21,,,0,100,,14298,21,,,0
701019,'1796',550,,18178,5,,,0,70,,22624,5,,,0,18,,18189,5,,,0,16,,22625,5,,,0,66,,18188,5,,,0,17,,18181,5,,,0,65,,18182,5,,,0,13,,22626,5,,,0,20,,18184,5,,,0,71,,18151,5,,,0,30,,18195,5,,,0,70,,18152,5,,,0,30,,18153,5,,,0,70,,22610,5,,,0,30,,18155,5,,,0,70,,22611,5,,,0,30,,18157,5,,,0,70,,22612,5,,,0,30,,22613,5,,,0,68,,22614,5,,,0,28,,22615,5,,,0,18,,18193,5,0,5 2 11 2 12,0,66,,22616,5,,,0,20,,22628,5,,,0,19,,18192,5,0,5 2 11 2 12,0,61,,22617,5,,,0,20,,22618,5,,,0,21,,22630,5,0,5 2 11 2 12,0,60,,22627,5,,,0,20,,22623,5,,,0,64,,22622,5,,,0,20,,22621,5,,,0,15,,18165,5,,,0,70,,18166,5,,,0,30,,22619,5,,,0,70,,18168,5,,,0,30,,18169,5,,,0,70,,18170,5,,,0,30,,18171,5,,,0,69,,18172,5,,,0,30,,18173,5,,,0,70,,22620,5,,,0,25,,18191,5,,,0
701019,'1797',609,,18264,5,,,0,28,,22650,5,,,0,69,,18257,5,,,0,30,,18243,5,,,0,70,,22674,5,,,0,30,,18253,5,,,0,70,,18258,5,,,0,30,,22671,5,,,0,70,,18249,5,,,0,30,,22678,5,,,0,70,,22681,5,,,0,30,,18245,5,,,0,71,,22675,5,,,0,30,,22679,5,,,0,70,,22682,5,,,0,30,,22672,5,,,0,70,,22676,5,,,0,30,,22680,5,,,0,70,,22683,5,,,0,30,,22673,5,,,0,70,,22677,5,,,0,30,,22685,5,,,0,69,,22631,5,,,0,30,,22641,5,,,0,70,,22651,5,,,0,30,,22661,5,,,0,70,,22632,5,,,0,30,,22642,5,,,0,70,,22652,5,,,0,30,,22662,5,,,0,70,,22633,5,,,0,30,,22643,5,,,0,69,,22653,5,,,0,30,,22663,5,,,0,70,,22634,5,,,0,25,,22698,5,,,0
701019,'1798',609,,22724,5,,,0,28,,22751,5,,,0,69,,22742,5,,,0,30,,22721,5,,,0,70,,22743,5,,,0,30,,22725,5,,,0,70,,22720,5,,,0,30,,18371,5,,,0,70,,22728,5,,,0,30,,22717,5,,,0,70,,22746,5,,,0,30,,18348,5,,,0,71,,22716,5,,,0,30,,18368,5,,,0,70,,18352,5,,,0,30,,22714,5,,,0,70,,22745,5,,,0,30,,22729,5,,,0,70,,22712,5,,,0,30,,22744,5,,,0,70,,22726,5,,,0,30,,22710,5,,,0,69,,22747,5,,,0,30,,22734,5,,,0,70,,22707,5,,,0,30,,22758,5,,,0,70,,22736,5,,,0,30,,22705,5,,,0,70,,22754,5,,,0,30,,22738,5,,,0,70,,22702,5,,,0,30,,22750,5,,,0,69,,22737,5,,,0,30,,22704,5,,,0,70,,22753,5,,,0,25,,22765,5,,,0
701019,'1799',609,,22791,5,,,0,28,,22818,5,,,0,69,,22809,5,,,0,30,,22788,5,,,0,70,,22810,5,,,0,30,,22792,5,,,0,70,,22787,5,,,0,30,,18470,5,,,0,70,,22795,5,,,0,30,,22784,5,,,0,70,,22813,5,,,0,30,,18447,5,,,0,71,,22783,5,,,0,30,,18467,5,,,0,70,,18451,5,,,0,30,,22781,5,,,0,70,,22812,5,,,0,30,,22796,5,,,0,70,,22779,5,,,0,30,,22811,5,,,0,70,,22793,5,,,0,30,,22777,5,,,0,69,,22814,5,,,0,30,,22801,5,,,0,70,,22774,5,,,0,30,,22825,5,,,0,70,,22803,5,,,0,30,,22772,5,,,0,70,,22821,5,,,0,30,,22805,5,,,0,70,,22769,5,,,0,30,,22817,5,,,0,69,,22804,5,,,0,30,,22771,5,,,0,70,,22820,5,,,0,25,,22832,5,,,0
701019,'1800',609,,22858,5,,,0,28,,22885,5,,,0,69,,22876,5,,,0,30,,22855,5,,,0,70,,22877,5,,,0,30,,22859,5,,,0,70,,22854,5,,,0,30,,18569,5,,,0,70,,22862,5,,,0,30,,22851,5,,,0,70,,22880,5,,,0,30,,18546,5,,,0,71,,22850,5,,,0,30,,18566,5,,,0,70,,18550,5,,,0,30,,22848,5,,,0,70,,22879,5,,,0,30,,22863,5,,,0,70,,22846,5,,,0,30,,22878,5,,,0,70,,22860,5,,,0,30,,22844,5,,,0,69,,22881,5,,,0,30,,22868,5,,,0,70,,22841,5,,,0,30,,22892,5,,,0,70,,22870,5,,,0,30,,22839,5,,,0,70,,22888,5,,,0,30,,22872,5,,,0,70,,22836,5,,,0,30,,22884,5,,,0,69,,22871,5,,,0,30,,22838,5,,,0,70,,22887,5,,,0,25,,22899,5,,,0
20002019,'1798',1005,,23316,6,,,0
20002019,'1799',1005,,23317,6,,,0
20002019,'1800',1005,,23318,6,,,0
14000001029,'1796',432,,19519,6,0,18 7,0,102,,23396,6,0,18 7,0,1812,,23398,6,,,0,68,,19523,6,,,0,30,,23400,6,,,0,70,,23397,6,,,0,30,,19524,6,,,0,70,,23399,6,,,0
14000001029,'1797',534,,19531,6,0,18 7,0,1812,,23404,6,,,0,68,,19528,6,,,0,30,,23401,6,,,0,70,,23402,6,,,0,30,,19532,6,,,0,70,,23403,6,,,0
14000001029,'1798',534,,23409,6,0,18 7,0,1812,,23405,6,,,0,68,,19538,6,,,0,30,,23408,6,,,0,70,,23407,6,,,0,30,,19537,6,,,0,70,,23406,6,,,0
14000001029,'1799',534,,23414,6,0,18 7,0,1812,,23410,6,,,0,68,,19545,6,,,0,30,,23413,6,,,0,70,,23412,6,,,0,30,,19544,6,,,0,70,,23411,6,,,0
14000001029,'1800',534,,23419,6,0,18 7,0,1812,,23415,6,,,0,68,,19552,6,,,0,30,,23418,6,,,0,70,,23417,6,,,0,30,,19551,6,,,0,70,,23416,6,,,0
