1019,'1796',534,,13774,6,,,0,70,,19586,6,,,0,30,,19562,6,,,0,70,,19557,6,,,0,30,,19575,6,,,0,71,,19559,6,,,0,30,,19564,6,,,0,70,,19589,6,,,0,30,,19561,6,,,0,70,,19555,6,,,0,30,,19574,6,,,0,70,,19560,6,,,0,30,,19565,6,,,0,70,,19585,6,,,0,30,,19563,6,,,0,70,,19556,6,,,0,30,,19587,6,,,0,70,,19558,6,,,0,30,,19566,6,,,0,70,,19584,6,,,0,30,,19577,6,,,0,70,,19569,6,,,0,30,,19567,6,,,0,70,,19570,6,,,0,30,,19572,6,,,0,70,,19571,6,,,0,29,,19568,6,,,0,70,,19588,6,,,0,30,,19582,6,,,0,70,,19583,6,,,0,30,,19581,6,,,0,70,,19580,6,,,0,30,,19579,6,,,0,70,,19578,6,,,0,30,,19576,6,,,0,70,,19573,6,,,0
1019,'1797',534,,19601,6,,,0,70,,19615,6,,,0,30,,19600,6,,,0,70,,19620,6,,,0,30,,19610,6,,,0,70,,19594,6,,,0,30,,19616,6,,,0,70,,19618,6,,,0,30,,19599,6,,,0,70,,19621,6,,,0,30,,19609,6,,,0,70,,19593,6,,,0,30,,19604,6,,,0,70,,19614,6,,,0,30,,19598,6,,,0,70,,19622,6,,,0,30,,19608,6,,,0,70,,19592,6,,,0,30,,19603,6,,,0,70,,19613,6,,,0,30,,19597,6,,,0,70,,19623,6,,,0,30,,19607,6,,,0,70,,19591,6,,,0,30,,19602,6,,,0,70,,19612,6,,,0,30,,19595,6,,,0,70,,19624,6,,,0,30,,19605,6,,,0,70,,19590,6,,,0,30,,19596,6,,,0,70,,19611,6,,,0,30,,19606,6,,,0,70,,19625,6,,,0,30,,19619,6,,,0,70,,19617,6,,,0
1019,'1798',604,,19626,6,,,0,100,,19627,6,,,0,100,,19628,6,,,0,100,,19629,6,,,0,100,,19630,6,,,0,100,,19631,6,,,0,100,,19632,6,,,0,100,,19633,6,,,0,100,,19634,6,,,0,100,,19635,6,,,0,100,,19636,6,,,0,100,,19637,6,,,0,100,,19638,6,,,0,100,,19639,6,,,0,100,,19640,6,,,0,100,,19641,6,,,0,100,,19642,6,,,0,100,,19643,6,,,0
1019,'1799',604,,19644,6,,,0,100,,19645,6,,,0,100,,19646,6,,,0,100,,19647,6,,,0,100,,19648,6,,,0,100,,19649,6,,,0,100,,19650,6,,,0,100,,19651,6,,,0,100,,19652,6,,,0,100,,19653,6,,,0,100,,19654,6,,,0,100,,19655,6,,,0,100,,19656,6,,,0,100,,19657,6,,,0,100,,19658,6,,,0,100,,19659,6,,,0,100,,19660,6,,,0,100,,19661,6,,,0
1019,'1800',604,,19662,6,,,0,100,,19663,6,,,0,100,,19664,6,,,0,100,,19665,6,,,0,100,,19666,6,,,0,100,,19667,6,,,0,100,,19668,6,,,0,100,,19669,6,,,0,100,,19670,6,,,0,100,,19671,6,,,0,100,,19672,6,,,0,100,,19673,6,,,0,100,,19674,6,,,0,100,,19675,6,,,0,100,,19676,6,,,0,100,,19677,6,,,0,100,,19678,6,,,0,100,,19679,6,,,0
2019,'1796',444,,19803,6,0,5 2 13 14,0,175,,14015,15,,,0,30,,14016,15,,,0,70,,14017,15,,,0,30,,14018,15,,,0,71,,14019,15,,,0,29,,14020,15,,,0,70,,14021,15,,,0,30,,14022,15,,,0,70,,14023,15,,,0,30,,14024,15,,,0,70,,14025,15,,,0,30,,14026,15,,,0,70,,14027,15,,,0,30,,14028,15,,,0,70,,14029,15,,,0,30,,14030,15,,,0,70,,14031,15,,,0,30,,14032,15,,,0,70,,14033,15,,,0,30,,14034,15,,,0,70,,14035,15,,,0,30,,14036,15,,,0,70,,14037,15,,,0,30,,14038,15,,,0,70,,14039,15,,,0,30,,14045,15,,,0,70,,14040,15,,,0,100,,14041,15,,,0,100,,14042,15,,,0,100,,14043,15,,,0,100,,14044,15,,,0
2019,'1797',619,,14047,6,,,0,30,,14054,15,,,0,70,,14063,15,,,0,30,,14070,15,,,0,70,,14048,15,,,0,30,,14055,15,,,0,70,,14064,15,,,0,30,,14071,15,,,0,70,,14049,15,,,0,30,,14056,15,,,0,70,,14065,15,,,0,30,,14072,15,,,0,70,,14050,15,,,0,30,,14057,15,,,0,70,,14066,15,,,0,30,,14073,15,,,0,70,,14051,15,,,0,30,,14058,15,,,0,70,,14067,15,,,0,30,,14074,15,,,0,70,,14052,15,,,0,30,,14059,15,,,0,70,,14068,15,,,0,30,,14075,15,,,0,70,,14053,15,,,0,30,,14060,15,,,0,70,,14069,15,,,0,100,,14061,15,,,0,100,,14076,15,,,0,100,,14062,15,,,0,100,,14077,15,,,0
2019,'1798',649,,14105,15,,,0,70,,14082,15,,,0,30,,14086,15,,,0,70,,14098,15,,,0,30,,14093,15,,,0,70,,14083,15,,,0,30,,14087,15,,,0,70,,14099,15,,,0,30,,14094,15,,,0,70,,14084,15,,,0,30,,14088,15,,,0,70,,14100,15,,,0,30,,14095,15,,,0,70,,14085,15,,,0,30,,14089,15,,,0,70,,14101,15,,,0,30,,14096,15,,,0,70,,14080,15,,,0,30,,14090,15,,,0,70,,14102,15,,,0,30,,14097,15,,,0,70,,14078,15,,,0,30,,14091,15,,,0,70,,14103,15,,,0,100,,14079,15,,,0,100,,14104,15,,,0,100,,14081,15,,,0,100,,14092,15,,,0,99,,14106,15,,,0
2019,'1799',649,,14134,15,,,0,70,,14111,15,,,0,30,,14115,15,,,0,70,,14127,15,,,0,30,,14122,15,,,0,70,,14112,15,,,0,30,,14116,15,,,0,70,,14128,15,,,0,30,,14123,15,,,0,70,,14113,15,,,0,30,,14117,15,,,0,70,,14129,15,,,0,30,,14124,15,,,0,70,,14114,15,,,0,30,,14118,15,,,0,70,,14130,15,,,0,30,,14125,15,,,0,70,,14109,15,,,0,30,,14119,15,,,0,70,,14131,15,,,0,30,,14126,15,,,0,70,,14107,15,,,0,30,,14120,15,,,0,70,,14132,15,,,0,100,,14108,15,,,0,100,,14133,15,,,0,100,,14110,15,,,0,100,,14121,15,,,0,99,,14135,15,,,0
2019,'1800',649,,14163,15,,,0,70,,14140,15,,,0,30,,14144,15,,,0,70,,14156,15,,,0,30,,14151,15,,,0,70,,14141,15,,,0,30,,14145,15,,,0,70,,14157,15,,,0,30,,14152,15,,,0,70,,14142,15,,,0,30,,14146,15,,,0,70,,14158,15,,,0,30,,14153,15,,,0,70,,14143,15,,,0,30,,14147,15,,,0,70,,14159,15,,,0,30,,14154,15,,,0,70,,14138,15,,,0,30,,14148,15,,,0,70,,14160,15,,,0,30,,14155,15,,,0,70,,14136,15,,,0,30,,14149,15,,,0,70,,14161,15,,,0,100,,14137,15,,,0,100,,14162,15,,,0,100,,14139,15,,,0,100,,14150,15,,,0,99,,14164,15,,,0
14000001019,'1796',2414,,23379,22,,,0,30,,23377,22,,,0,70,,19496,22,,,0,30,,23378,22,,,0,70,,23376,22,,,0
14000001019,'1797',2414,,23383,22,,,0,30,,23380,22,,,0,70,,19502,22,,,0,30,,23382,22,,,0,70,,23381,22,,,0
14000001019,'1798',2414,,23386,22,,,0,30,,23385,22,,,0,70,,19504,22,,,0,30,,23387,22,,,0,70,,23384,22,,,0
14000001019,'1799',2414,,23390,22,,,0,30,,23389,22,,,0,70,,19509,22,,,0,30,,23391,22,,,0,70,,23388,22,,,0
14000001019,'1800',2414,,23394,22,,,0,30,,23393,22,,,0,70,,19514,22,,,0,30,,23395,22,,,0,70,,23392,22,,,0
