2019,'1796',502,,14046,24,0,5 2 13 14,0,136,,14015,33,,,0,70,,14016,33,,,0,29,,14017,33,,,0,71,,14018,33,,,0,30,,14019,33,,,0,70,,14020,33,,,0,30,,14021,33,,,0,70,,14022,33,,,0,30,,14023,33,,,0,70,,14024,33,,,0,30,,14025,33,,,0,70,,14026,33,,,0,30,,14027,33,,,0,70,,14028,33,,,0,30,,14029,33,,,0,70,,14030,33,,,0,30,,14031,33,,,0,70,,14032,33,,,0,30,,14033,33,,,0,71,,14034,33,,,0,30,,14035,33,,,0,69,,14036,33,,,0,30,,14037,33,,,0,70,,14038,33,,,0,30,,14039,33,,,0,70,,14045,33,,,0,30,,14040,33,,,0,100,,14041,33,,,0,100,,14042,33,,,0,100,,14043,33,,,0,100,,14044,33,,,0
2019,'1797',637,,14047,24,,,0,70,,14054,33,,,0,30,,14063,33,,,0,70,,14070,33,,,0,30,,14048,33,,,0,70,,14055,33,,,0,30,,14064,33,,,0,70,,14071,33,,,0,30,,14049,33,,,0,70,,14056,33,,,0,30,,14065,33,,,0,70,,14072,33,,,0,30,,14050,33,,,0,70,,14057,33,,,0,30,,14066,33,,,0,70,,14073,33,,,0,30,,14051,33,,,0,70,,14058,33,,,0,30,,14067,33,,,0,70,,14074,33,,,0,30,,14052,33,,,0,70,,14059,33,,,0,30,,14068,33,,,0,70,,14075,33,,,0,30,,14053,33,,,0,70,,14060,33,,,0,30,,14069,33,,,0,100,,14061,33,,,0,100,,14076,33,,,0,100,,14062,33,,,0,99,,14077,33,,,0
2019,'1798',706,,14105,33,,,0,30,,14082,33,,,0,70,,14086,33,,,0,30,,14098,33,,,0,71,,14093,33,,,0,30,,14083,33,,,0,70,,14087,33,,,0,30,,14099,33,,,0,70,,14094,33,,,0,30,,14084,33,,,0,70,,14088,33,,,0,30,,14100,33,,,0,70,,14095,33,,,0,30,,14085,33,,,0,70,,14089,33,,,0,30,,14101,33,,,0,70,,14096,33,,,0,30,,14080,33,,,0,70,,14090,33,,,0,30,,14102,33,,,0,70,,14097,33,,,0,30,,14078,33,,,0,70,,14091,33,,,0,30,,14103,33,,,0,100,,14079,33,,,0,100,,14104,33,,,0,100,,14081,33,,,0,100,,14092,33,,,0,99,,14106,33,,,0
2019,'1799',706,,14134,33,,,0,30,,14111,33,,,0,70,,14115,33,,,0,30,,14127,33,,,0,71,,14122,33,,,0,30,,14112,33,,,0,70,,14116,33,,,0,30,,14128,33,,,0,70,,14123,33,,,0,30,,14113,33,,,0,70,,14117,33,,,0,30,,14129,33,,,0,70,,14124,33,,,0,30,,14114,33,,,0,70,,14118,33,,,0,30,,14130,33,,,0,70,,14125,33,,,0,30,,14109,33,,,0,70,,14119,33,,,0,30,,14131,33,,,0,70,,14126,33,,,0,30,,14107,33,,,0,70,,14120,33,,,0,30,,14132,33,,,0,100,,14108,33,,,0,100,,14133,33,,,0,100,,14110,33,,,0,100,,14121,33,,,0,99,,14135,33,,,0
2019,'1800',706,,14163,33,,,0,30,,14140,33,,,0,70,,14144,33,,,0,30,,14156,33,,,0,71,,14151,33,,,0,30,,14141,33,,,0,70,,14145,33,,,0,30,,14157,33,,,0,70,,14152,33,,,0,30,,14142,33,,,0,70,,14146,33,,,0,30,,14158,33,,,0,70,,14153,33,,,0,30,,14143,33,,,0,70,,14147,33,,,0,30,,14159,33,,,0,70,,14154,33,,,0,30,,14138,33,,,0,70,,14148,33,,,0,30,,14160,33,,,0,70,,14155,33,,,0,30,,14136,33,,,0,70,,14149,33,,,0,30,,14161,33,,,0,100,,14137,33,,,0,100,,14162,33,,,0,100,,14139,33,,,0,100,,14150,33,,,0,99,,14164,33,,,0
14000001019,'1796',2430,,19498,40,,,0,70,,19495,40,,,0,30,,19496,40,,,0,70,,19497,40,,,0,30,,19494,40,,,0
14000001019,'1797',2430,,19503,40,,,0,70,,19499,40,,,0,30,,19502,40,,,0,70,,19501,40,,,0,30,,19500,40,,,0
14000001019,'1798',2430,,19507,40,,,0,70,,19506,40,,,0,30,,19504,40,,,0,70,,19508,40,,,0,30,,19505,40,,,0
14000001019,'1799',2430,,19512,40,,,0,70,,19511,40,,,0,30,,19509,40,,,0,70,,19513,40,,,0,30,,19510,40,,,0
14000001019,'1800',2430,,19517,40,,,0,70,,19516,40,,,0,30,,19514,40,,,0,70,,19518,40,,,0,30,,19515,40,,,0
