1029,'1796',609,,19689,26,,,0,31,,13901,26,,,0,67,,19709,26,,,0,30,,19686,26,,,0,70,,19681,26,,,0,30,,19713,26,,,0,69,,19684,26,,,0,31,,19690,26,,,0,70,,19708,26,,,0,30,,19688,26,,,0,70,,19680,26,,,0,30,,19712,26,,,0,70,,19685,26,,,0,29,,19691,26,,,0,70,,19707,26,,,0,30,,19687,26,,,0,71,,19682,26,,,0,30,,19710,26,,,0,72,,19683,26,,,0,30,,19692,26,,,0,70,,19706,26,,,0,29,,19695,26,,,0,70,,19694,26,,,0,29,,19693,26,,,0,72,,19699,26,,,0,30,,19698,26,,,0,70,,19697,26,,,0,30,,19696,26,,,0,69,,19711,26,,,0,30,,19705,26,,,0,70,,19704,26,,,0,30,,19703,26,,,0,70,,19702,26,,,0,30,,19701,26,,,0,65,,19700,26,,,0
1029,'1797',610,,19719,26,,,0,28,,19731,26,,,0,70,,19738,26,,,0,30,,19726,26,,,0,70,,19747,26,,,0,30,,19735,26,,,0,70,,19718,26,,,0,31,,19730,26,,,0,70,,19741,26,,,0,30,,19725,26,,,0,70,,19748,26,,,0,30,,19734,26,,,0,70,,19717,26,,,0,30,,19729,26,,,0,70,,19740,26,,,0,30,,19724,26,,,0,70,,19720,26,,,0,30,,19733,26,,,0,70,,19716,26,,,0,30,,19728,26,,,0,69,,19736,26,,,0,30,,19723,26,,,0,70,,19745,26,,,0,30,,19732,26,,,0,70,,19715,26,,,0,30,,19727,26,,,0,70,,19739,26,,,0,30,,19721,26,,,0,70,,19743,26,,,0,30,,19742,26,,,0,70,,19714,26,,,0,30,,19722,26,,,0,68,,19737,26,,,0,30,,19746,26,,,0,70,,19744,26,,,0
1029,'1798',610,,19749,26,,,0,98,,19750,26,,,0,100,,19751,26,,,0,100,,19752,26,,,0,101,,19753,26,,,0,100,,19754,26,,,0,100,,19755,26,,,0,100,,19756,26,,,0,100,,19757,26,,,0,100,,19758,26,,,0,99,,19759,26,,,0,100,,19760,26,,,0,100,,19761,26,,,0,100,,19762,26,,,0,100,,19763,26,,,0,100,,19764,26,,,0,98,,19765,26,,,0,100,,19766,26,,,0
1029,'1799',610,,19767,26,,,0,98,,19768,26,,,0,100,,19769,26,,,0,100,,19770,26,,,0,101,,19771,26,,,0,100,,19772,26,,,0,100,,19773,26,,,0,100,,19774,26,,,0,100,,19775,26,,,0,100,,19776,26,,,0,99,,19777,26,,,0,100,,19778,26,,,0,100,,19779,26,,,0,100,,19780,26,,,0,100,,19781,26,,,0,100,,19782,26,,,0,98,,19783,26,,,0,100,,19784,26,,,0
1029,'1800',610,,19785,26,,,0,98,,19786,26,,,0,100,,19787,26,,,0,100,,19788,26,,,0,101,,19789,26,,,0,100,,19790,26,,,0,100,,19791,26,,,0,100,,19792,26,,,0,100,,19793,26,,,0,100,,19794,26,,,0,99,,19795,26,,,0,100,,19796,26,,,0,100,,19797,26,,,0,100,,19798,26,,,0,100,,19799,26,,,0,100,,19800,26,,,0,98,,19801,26,,,0,100,,19802,26,,,0
801019,'1796',558,,19113,7,0,12,0,70,,19121,7,0,12,0,20,,23244,7,0,12,0,66,,23241,7,0,12,0,15,,23243,7,0,12,0,19,,23240,7,0,12,0,60,,23242,7,0,12,0,20,,23247,7,0,12,0,25,,19091,7,0,12,0,71,,23225,7,0,12,0,30,,23226,7,0,12,0,70,,19094,7,0,12,0,30,,23227,7,0,12,0,70,,23228,7,0,12,0,30,,23229,7,0,12,0,70,,23230,7,0,12,0,30,,23231,7,0,12,0,70,,23232,7,0,12,0,30,,23233,7,0,12,0,70,,23234,7,0,12,0,30,,23245,7,0,12,0,70,,19123,7,0,12,0,25,,23235,7,0,12,0,60,,19104,7,0,12,0,20,,19124,7,0,12,0,20,,19105,7,0,12,0,60,,19106,7,0,12,0,20,,23248,7,0,12,0,20,,23236,7,0,12,0,59,,23246,7,0,12,0,20,,19119,7,0,12,0,25,,23237,7,0,12,0,70,,19109,7,0,12,0,30,,23238,7,0,12,0,70,,23239,7,0,12,0
801019,'1797',753,,23256,7,0,12,0,70,,19147,7,0,12,0,30,,19148,7,0,12,0,70,,23252,7,0,12,0,30,,19133,7,0,12,0,70,,19132,7,0,12,0,30,,23255,7,0,12,0,70,,19137,7,0,12,0,30,,19142,7,0,12,0,70,,23254,7,0,12,0,30,,19140,7,0,12,0,70,,19139,7,0,12,0,30,,23249,7,0,12,0,70,,19136,7,0,12,0,30,,19145,7,0,12,0,70,,23251,7,0,12,0,30,,19126,7,0,12,0,70,,19127,7,0,12,0,30,,23250,7,0,12,0,70,,19131,7,0,12,0,30,,19144,7,0,12,0,70,,23253,7,0,12,0,30,,19135,7,0,12,0,71,,19149,7,0,12,0,30,,23257,7,0,12,0,70,,19151,7,0,12,0
801019,'1798',753,,19165,7,0,12,0,70,,23259,7,0,12,0,30,,19169,7,0,12,0,70,,19158,7,0,12,0,30,,23258,7,0,12,0,70,,19163,7,0,12,0,30,,19176,7,0,12,0,70,,19167,7,0,12,0,30,,19164,7,0,12,0,70,,19173,7,0,12,0,30,,19159,7,0,12,0,70,,19170,7,0,12,0,30,,19172,7,0,12,0,70,,19168,7,0,12,0,30,,19155,7,0,12,0,70,,19174,7,0,12,0,30,,19160,7,0,12,0,70,,19156,7,0,12,0,30,,19171,7,0,12,0,70,,19154,7,0,12,0,30,,19157,7,0,12,0,70,,19175,7,0,12,0,30,,19152,7,0,12,0,71,,19162,7,0,12,0,30,,19177,7,0,12,0,70,,19166,7,0,12,0
801019,'1799',753,,19191,7,0,12,0,70,,23261,7,0,12,0,30,,19195,7,0,12,0,70,,19184,7,0,12,0,30,,23260,7,0,12,0,70,,19189,7,0,12,0,30,,19202,7,0,12,0,70,,19193,7,0,12,0,30,,19190,7,0,12,0,70,,19199,7,0,12,0,30,,19185,7,0,12,0,70,,19196,7,0,12,0,30,,19198,7,0,12,0,70,,19194,7,0,12,0,30,,19181,7,0,12,0,70,,19200,7,0,12,0,30,,19186,7,0,12,0,70,,19182,7,0,12,0,30,,19197,7,0,12,0,70,,19180,7,0,12,0,30,,19183,7,0,12,0,70,,19201,7,0,12,0,30,,19178,7,0,12,0,71,,19188,7,0,12,0,30,,19203,7,0,12,0,70,,19192,7,0,12,0
801019,'1800',753,,19217,7,0,12,0,70,,23263,7,0,12,0,30,,19221,7,0,12,0,70,,19210,7,0,12,0,30,,23262,7,0,12,0,70,,19215,7,0,12,0,30,,19228,7,0,12,0,70,,19219,7,0,12,0,30,,19216,7,0,12,0,70,,19225,7,0,12,0,30,,19211,7,0,12,0,70,,19222,7,0,12,0,30,,19224,7,0,12,0,70,,19220,7,0,12,0,30,,19207,7,0,12,0,70,,19226,7,0,12,0,30,,19212,7,0,12,0,70,,19208,7,0,12,0,30,,19223,7,0,12,0,70,,19206,7,0,12,0,30,,19209,7,0,12,0,70,,19227,7,0,12,0,30,,19204,7,0,12,0,71,,19214,7,0,12,0,30,,19229,7,0,12,0,70,,19218,7,0,12,0
