2029,'1796',532,,14191,15,,,0,27,,14165,30,,,0,70,,14166,30,,,0,30,,14167,30,,,0,68,,14168,30,,,0,30,,14169,30,,,0,70,,14170,30,,,0,30,,14171,30,,,0,69,,14172,30,,,0,30,,14173,30,,,0,70,,14174,30,,,0,30,,14175,30,,,0,70,,14176,30,,,0,30,,14177,30,,,0,70,,14178,30,,,0,30,,14179,30,,,0,70,,14180,30,,,0,30,,14181,30,,,0,70,,14182,30,,,0,30,,14183,30,,,0,69,,14184,30,,,0,30,,14185,30,,,0,70,,14186,30,,,0,32,,14187,30,,,0,69,,14188,30,,,0,29,,14189,30,,,0,70,,14190,30,,,0,30,,14194,30,,,0,70,,14195,30,,,0,100,,14196,30,,,0,100,,14197,30,,,0,100,,14193,30,,,0
2029,'1797',559,,14231,30,0,5 2 15 16 17,0,70,,14214,30,,,0,30,,14221,30,,,0,68,,14200,30,,,0,30,,14206,30,,,0,70,,14215,30,,,0,30,,14222,30,,,0,69,,14201,30,,,0,30,,14207,30,,,0,70,,14216,30,,,0,30,,14223,30,,,0,70,,14202,30,,,0,30,,14208,30,,,0,70,,14217,30,,,0,30,,14224,30,,,0,70,,14203,30,,,0,30,,14209,30,,,0,70,,14218,30,,,0,30,,14225,30,,,0,70,,14204,30,,,0,30,,14210,30,,,0,70,,14219,30,,,0,30,,14226,30,,,0,70,,14205,30,,,0,30,,14211,30,,,0,70,,14220,30,,,0,30,,14227,30,,,0,69,,14212,30,,,0,100,,14228,30,,,0,100,,14213,30,,,0,100,,14229,30,,,0
2029,'1798',629,,14235,30,,,0,30,,14243,30,,,0,68,,14254,30,,,0,30,,14249,30,,,0,70,,14236,30,,,0,30,,14244,30,,,0,69,,14255,30,,,0,30,,14250,30,,,0,70,,14237,30,,,0,30,,14245,30,,,0,70,,14256,30,,,0,30,,14251,30,,,0,70,,14238,30,,,0,30,,14246,30,,,0,70,,14257,30,,,0,30,,14252,30,,,0,70,,14239,30,,,0,30,,14247,30,,,0,70,,14258,30,,,0,30,,14253,30,,,0,70,,14240,30,,,0,30,,14248,30,,,0,70,,14259,30,,,0,100,,14241,30,,,0,99,,14260,30,,,0,100,,14242,30,,,0,100,,14261,30,,,0,100,,14234,30,,,0
2029,'1799',629,,14267,30,,,0,30,,14275,30,,,0,68,,14286,30,,,0,30,,14281,30,,,0,70,,14268,30,,,0,30,,14276,30,,,0,69,,14287,30,,,0,30,,14282,30,,,0,70,,14269,30,,,0,30,,14277,30,,,0,70,,14288,30,,,0,30,,14283,30,,,0,70,,14270,30,,,0,30,,14278,30,,,0,70,,14289,30,,,0,30,,14284,30,,,0,70,,14271,30,,,0,30,,14279,30,,,0,70,,14290,30,,,0,30,,14285,30,,,0,70,,14272,30,,,0,30,,14280,30,,,0,70,,14291,30,,,0,100,,14273,30,,,0,99,,14292,30,,,0,100,,14274,30,,,0,100,,14293,30,,,0,100,,14266,30,,,0
2029,'1800',629,,14299,30,,,0,30,,14307,30,,,0,68,,14318,30,,,0,30,,14313,30,,,0,70,,14300,30,,,0,30,,14308,30,,,0,69,,14319,30,,,0,30,,14314,30,,,0,70,,14301,30,,,0,30,,14309,30,,,0,70,,14320,30,,,0,30,,14315,30,,,0,70,,14302,30,,,0,30,,14310,30,,,0,70,,14321,30,,,0,30,,14316,30,,,0,70,,14303,30,,,0,30,,14311,30,,,0,70,,14322,30,,,0,30,,14317,30,,,0,70,,14304,30,,,0,30,,14312,30,,,0,70,,14323,30,,,0,100,,14305,30,,,0,99,,14324,30,,,0,100,,14306,30,,,0,100,,14325,30,,,0,100,,14298,30,,,0
4029,'1796',640,,19953,17,,,0,70,,19954,17,,,0,35,,19955,17,,,0,66,,19956,17,,,0,36,,19957,17,,,0,64,,19958,17,,,0,31,,19959,17,,,0,70,,19960,17,,,0,30,,19961,17,,,0,70,,19962,17,,,0,30,,19963,17,,,0,71,,19964,17,,,0,30,,19965,17,,,0,70,,19966,17,,,0,30,,19967,17,,,0,70,,19968,17,,,0,30,,19969,17,,,0,75,,19970,17,,,0,25,,19971,17,,,0,76,,19972,17,,,0,24,,19973,17,,,0,76,,19974,17,,,0,24,,19975,17,,,0,75,,19976,17,,,0,26,,19977,17,,,0,69,,19978,17,,,0,30,,19979,17,,,0,70,,19980,17,,,0,29,,19981,17,,,0,70,,19982,17,,,0,30,,19983,17,,,0,70,,19984,17,,,0
4029,'1797',641,,20009,17,,,0,68,,20010,17,,,0,30,,20011,17,,,0,70,,20012,17,,,0,30,,20013,17,,,0,72,,20014,17,,,0,30,,20015,17,,,0,70,,20002,17,,,0,31,,19996,17,,,0,69,,19989,17,,,0,31,,20000,17,,,0,69,,20006,17,,,0,30,,20001,17,,,0,70,,19988,17,,,0,30,,19993,17,,,0,70,,20004,17,,,0,30,,19987,17,,,0,70,,20003,17,,,0,30,,19998,17,,,0,70,,19990,17,,,0,29,,19985,17,,,0,70,,20005,17,,,0,30,,20008,17,,,0,70,,19999,17,,,0,30,,19994,17,,,0,69,,20016,17,,,0,35,,19991,17,,,0,70,,19986,17,,,0,27,,19992,17,,,0,70,,19997,17,,,0,30,,20007,17,,,0,70,,19995,17,,,0
4029,'1798',739,,20038,17,,,0,70,,20040,17,,,0,30,,20036,17,,,0,70,,20039,17,,,0,32,,20037,17,,,0,70,,20029,17,,,0,29,,20032,17,,,0,70,,20017,17,,,0,30,,20022,17,,,0,70,,20025,17,,,0,30,,20028,17,,,0,70,,20030,17,,,0,30,,20018,17,,,0,70,,20021,17,,,0,30,,20024,17,,,0,70,,20027,17,,,0,30,,20031,17,,,0,70,,20019,17,,,0,30,,20020,17,,,0,70,,20023,17,,,0,30,,20026,17,,,0,70,,20044,17,,,0,30,,20043,17,,,0,71,,20045,17,,,0,30,,20042,17,,,0,70,,20035,17,,,0,30,,20041,17,,,0,70,,20033,17,,,0,100,,20034,17,,,0
4029,'1799',739,,20067,17,,,0,70,,20069,17,,,0,30,,20065,17,,,0,70,,20068,17,,,0,32,,20066,17,,,0,70,,20058,17,,,0,29,,20061,17,,,0,70,,20046,17,,,0,30,,20051,17,,,0,70,,20054,17,,,0,30,,20057,17,,,0,70,,20059,17,,,0,30,,20047,17,,,0,70,,20050,17,,,0,30,,20053,17,,,0,70,,20056,17,,,0,30,,20060,17,,,0,70,,20048,17,,,0,30,,20049,17,,,0,70,,20052,17,,,0,30,,20055,17,,,0,70,,20073,17,,,0,30,,20072,17,,,0,71,,20074,17,,,0,30,,20071,17,,,0,70,,20064,17,,,0,30,,20070,17,,,0,70,,20062,17,,,0,100,,20063,17,,,0
4029,'1800',739,,20096,17,,,0,70,,20098,17,,,0,30,,20094,17,,,0,70,,20097,17,,,0,32,,20095,17,,,0,70,,20087,17,,,0,29,,20090,17,,,0,70,,20075,17,,,0,30,,20080,17,,,0,70,,20083,17,,,0,30,,20086,17,,,0,70,,20088,17,,,0,30,,20076,17,,,0,70,,20079,17,,,0,30,,20082,17,,,0,70,,20085,17,,,0,30,,20089,17,,,0,70,,20077,17,,,0,30,,20078,17,,,0,70,,20081,17,,,0,30,,20084,17,,,0,70,,20102,17,,,0,30,,20101,17,,,0,71,,20103,17,,,0,30,,20100,17,,,0,70,,20093,17,,,0,30,,20099,17,,,0,70,,20091,17,,,0,100,,20092,17,,,0
20002019,'1798',1011,,23316,15,,,0
20002019,'1799',1011,,23317,15,,,0
20002019,'1800',1011,,23318,15,,,0
