22029,'1796',637,,21307,3,0,19 2 20 21,0,70,,21308,3,0,19 2 20 21,0,30,,21309,3,0,19 2 20 21,0,73,,21310,3,0,19 2 20 21,0,30,,21311,3,0,19 2 20 21,0,70,,21312,3,,,0,29,,21313,3,,,0,70,,21318,3,,,0,30,,21314,3,,,0,70,,21319,3,,,0,30,,21315,3,,,0,70,,21306,3,,,0,30,,21316,3,,,0,70,,21317,3,,,0,31,,21320,3,,,0,70,,21321,3,,,0,30,,21322,3,,,0,70,,21323,3,,,0,30,,21324,3,,,0,70,,21325,3,,,0,30,,21326,3,,,0,69,,21327,3,,,0,30,,21328,3,,,0,70,,21329,3,,,0,28,,21330,3,,,0,70,,16417,3,,,0,30,,21331,3,,,0,65,,21332,3,,,0,30,,21333,3,,,0,70,,16421,3,,,0,30,,21334,3,0,19 2 20 21,0,170,,16423,3,0,19 2 20 21,0,35,,16424,3,0,19 2 20 21,0
22029,'1797',605,,16449,3,0,19 2 20 21,0,30,,16443,3,0,19 2 20 21,0,67,,16450,3,0,19 2 20 21,0,30,,16444,3,0,19 2 20 21,0,70,,16451,3,0,19 2 20 21,0,30,,16425,3,,,0,70,,16426,3,,,0,30,,16427,3,,,0,70,,16428,3,,,0,30,,16429,3,,,0,70,,16430,3,,,0,30,,16431,3,,,0,70,,16432,3,,,0,30,,16433,3,,,0,70,,16434,3,,,0,31,,16435,3,,,0,69,,16436,3,,,0,31,,16437,3,,,0,70,,16438,3,,,0,30,,16439,3,,,0,70,,16440,3,,,0,30,,16441,3,,,0,69,,16442,3,,,0,31,,16445,3,0,19 2 20 21,0,69,,16452,3,0,19 2 20 21,0,30,,16446,3,0,19 2 20 21,0,70,,16453,3,0,19 2 20 21,0,30,,16447,3,0,19 2 20 21,0,70,,16454,3,0,19 2 20 21,0,30,,16448,3,0,19 2 20 21,0,27,,16455,3,0,19 2 20 21,0,73,,16456,3,0,19 2 20 21,0,175,,16458,3,0,19 2 20 21,0,30,,16457,3,0,19 2 20 21,0
22029,'1798',705,,21346,3,0,19 2 20 21,0,97,,21335,3,,,0,100,,21336,3,,,0,100,,21337,3,,,0,100,,21338,3,,,0,100,,21339,3,,,0,100,,21340,3,,,0,100,,21341,3,,,0,100,,21342,3,,,0,100,,21343,3,,,0,100,,21344,3,,,0,100,,16473,3,0,19 2 20 21,0,100,,21345,3,0,19 2 20 21,0,100,,16471,3,0,19 2 20 21,0,100,,21347,3,0,19 2 20 21,0,205,,16475,3,0,19 2 20 21,0,30,,16474,3,0,19 2 20 21,0
22029,'1799',705,,21359,3,0,19 2 20 21,0,97,,21348,3,,,0,100,,21349,3,,,0,100,,21350,3,,,0,100,,21351,3,,,0,100,,21352,3,,,0,100,,21353,3,,,0,100,,21354,3,,,0,100,,21355,3,,,0,100,,21356,3,,,0,100,,21357,3,,,0,100,,16490,3,0,19 2 20 21,0,100,,21358,3,0,19 2 20 21,0,100,,16488,3,0,19 2 20 21,0,100,,21360,3,0,19 2 20 21,0,205,,16492,3,0,19 2 20 21,0,30,,16491,3,0,19 2 20 21,0
22029,'1800',705,,21372,3,0,19 2 20 21,0,97,,21361,3,,,0,100,,21362,3,,,0,100,,21363,3,,,0,100,,21364,3,,,0,100,,21365,3,,,0,100,,21366,3,,,0,100,,21367,3,,,0,100,,21368,3,,,0,100,,21369,3,,,0,100,,21370,3,,,0,100,,16507,3,0,19 2 20 21,0,100,,21371,3,0,19 2 20 21,0,100,,16505,3,0,19 2 20 21,0,100,,21373,3,0,19 2 20 21,0,205,,16509,3,0,19 2 20 21,0,30,,16508,3,0,19 2 20 21,0
601019,'1796',609,,17864,3,,,0,20,,17856,3,,,0,15,,22567,3,0,19 2 11 2 22 1 23,0,13,,17851,3,0,19 2 11 2 22 1 23,0,52,,22566,3,0,19 2 11 2 22 1 23,0,15,,17866,3,0,19 2 11 2 22 1 23,0,16,,22568,3,0,19 2 11 2 22 1 23,0,15,,17850,3,0,19 2 11 2 22 1 23,0,55,,22565,3,0,19 2 11 2 22 1 23,0,15,,17865,3,0,19 2 11 2 22 1 23,0,24,,17876,3,,,0,70,,17881,3,,,0,30,,17882,3,,,0,70,,17879,3,,,0,30,,17877,3,,,0,70,,17883,3,,,0,30,,17885,3,,,0,70,,17880,3,,,0,30,,17878,3,,,0,70,,17886,3,,,0,30,,17884,3,,,0,60,,17844,3,,,0,15,,17873,3,0,19 2 11 2 22 1 23,0,15,,17861,3,0,19 2 11 2 22 1 23,0,15,,17869,3,0,19 2 11 2 22 1 23,0,55,,17857,3,0,19 2 11 2 22 1 23,0,15,,17870,3,0,19 2 11 2 22 1 23,0,15,,17860,3,0,19 2 11 2 22 1 23,0,15,,17867,3,0,19 2 11 2 22 1 23,0,55,,17862,3,0,19 2 11 2 22 1 23,0,15,,17868,3,0,19 2 11 2 22 1 23,0,15,,17854,3,0,19 2 11 2 22 1 23,0,15,,17871,3,0,19 2 11 2 22 1 23,0,55,,17849,3,0,19 2 11 2 22 1 23,0,15,,17874,3,0,19 2 11 2 22 1 23,0,15,,17853,3,0,19 2 11 2 22 1 23,0,15,,17872,3,0,19 2 11 2 22 1 23,0,55,,17838,3,,,0,30,,17839,3,,,0,15,,17847,3,,,0,55,,17845,3,,,0,30,,17842,3,,,0,70,,17843,3,,,0,30,,17837,3,,,0,70,,17840,3,,,0,30,,17836,3,,,0,70,,17841,3,,,0,33,,17846,3,,,0
601019,'1797',612,,17903,3,,,0,30,,17921,3,,,0,70,,17902,3,,,0,30,,17920,3,,,0,70,,17901,3,,,0,30,,17919,3,,,0,70,,17900,3,,,0,30,,17918,3,,,0,70,,17898,3,,,0,30,,17916,3,,,0,70,,17899,3,,,0,30,,17917,3,,,0,70,,17897,3,,,0,30,,17915,3,,,0,70,,17888,3,,,0,30,,17914,3,,,0,70,,17896,3,,,0,30,,17913,3,,,0,70,,17894,3,,,0,30,,17912,3,,,0,70,,17889,3,,,0,30,,17910,3,,,0,70,,17891,3,,,0,30,,17911,3,,,0,70,,17895,3,,,0,30,,17909,3,,,0,70,,17890,3,,,0,30,,17908,3,,,0,70,,17893,3,,,0,30,,17907,3,,,0,70,,17892,3,,,0,30,,17906,3,,,0,70,,17887,3,,,0,30,,17905,3,,,0
601019,'1798',2242,,17922,3,,,0
601019,'1799',612,,17927,3,,,0,30,,17930,3,,,0,70,,17954,3,,,0,30,,17939,3,,,0,70,,17957,3,,,0,30,,17925,3,,,0,70,,17932,3,,,0,30,,17952,3,,,0,70,,17955,3,,,0,30,,17926,3,,,0,70,,17938,3,,,0,30,,17956,3,,,0,70,,17951,3,,,0,30,,17929,3,,,0,70,,17941,3,,,0,30,,17947,3,,,0,70,,17944,3,,,0,30,,17934,3,,,0,70,,17933,3,,,0,30,,17928,3,,,0,70,,17948,3,,,0,30,,17937,3,,,0,70,,17950,3,,,0,30,,17946,3,,,0,70,,17931,3,,,0,30,,17953,3,,,0,70,,17945,3,,,0,30,,17959,3,,,0,70,,17942,3,,,0,30,,17958,3,,,0,70,,17935,3,,,0,30,,17936,3,,,0,70,,17943,3,,,0,30,,17940,3,,,0
601019,'1800',2242,,17960,3,,,0
