16029,'1796',609,,20908,22,,,0,30,,20909,22,,,0,73,,20910,22,,,0,37,,20911,22,,,0,70,,20912,22,,,0,32,,20913,22,,,0,70,,20914,22,,,0,29,,20915,22,,,0,67,,20916,22,,,0,30,,20917,22,,,0,70,,20918,22,,,0,30,,20919,22,,,0,70,,20920,22,,,0,30,,20921,22,,,0,70,,20922,22,,,0,30,,20923,22,,,0,71,,20924,22,,,0,32,,20925,22,,,0,71,,20926,22,,,0,29,,20927,22,,,0,72,,20928,22,,,0,30,,20929,22,,,0,69,,20930,22,,,0,28,,20931,22,,,0,69,,20932,22,,,0,30,,20938,22,,,0,67,,20933,22,,,0,30,,15912,22,,,0,70,,20934,22,,,0,24,,20935,22,,,0,70,,20936,22,,,0,29,,15916,22,,,0,70,,20937,22,,,0
16029,'1797',609,,15926,22,,,0,27,,15941,22,,,0,70,,15934,22,,,0,30,,15919,22,,,0,70,,15927,22,,,0,30,,15942,22,,,0,70,,15935,22,,,0,30,,15920,22,,,0,71,,15928,22,,,0,30,,15943,22,,,0,70,,15936,22,,,0,31,,15921,22,,,0,70,,15929,22,,,0,30,,15944,22,,,0,71,,15937,22,,,0,30,,15922,22,,,0,71,,15930,22,,,0,29,,15945,22,,,0,71,,15938,22,,,0,30,,15923,22,,,0,69,,15931,22,,,0,30,,15946,22,,,0,69,,15939,22,,,0,29,,15924,22,,,0,71,,15932,22,,,0,30,,15947,22,,,0,70,,15940,22,,,0,30,,15925,22,,,0,69,,15933,22,,,0,31,,15948,22,,,0,97,,15949,22,,,0,73,,15950,22,,,0
16029,'1798',740,,20942,22,,,0,99,,20943,22,,,0,97,,20940,22,,,0,104,,20948,22,,,0,98,,20950,22,,,0,100,,20947,22,,,0,101,,20949,22,,,0,100,,20939,22,,,0,100,,20941,22,,,0,99,,20945,22,,,0,99,,20944,22,,,0,101,,15963,22,,,0,100,,20946,22,,,0,102,,15959,22,,,0,98,,20951,22,,,0
16029,'1799',740,,20955,22,,,0,99,,20956,22,,,0,97,,20953,22,,,0,104,,20961,22,,,0,98,,20963,22,,,0,100,,20960,22,,,0,101,,20962,22,,,0,100,,20952,22,,,0,100,,20954,22,,,0,99,,20958,22,,,0,99,,20957,22,,,0,101,,15978,22,,,0,100,,20959,22,,,0,102,,15974,22,,,0,98,,20964,22,,,0
16029,'1800',740,,20968,22,,,0,99,,20969,22,,,0,97,,20966,22,,,0,104,,20974,22,,,0,98,,20976,22,,,0,100,,20973,22,,,0,101,,20975,22,,,0,100,,20965,22,,,0,100,,20967,22,,,0,99,,20971,22,,,0,99,,20970,22,,,0,101,,15993,22,,,0,100,,20972,22,,,0,102,,15989,22,,,0,98,,20977,22,,,0
14000001029,'1796',454,,19519,38,0,18 7,0,102,,23396,38,0,18 7,0,1852,,23398,38,,,0,30,,19523,38,,,0,70,,23400,38,,,0,30,,23397,38,,,0,70,,19524,38,,,0,30,,23399,38,,,0
14000001029,'1797',554,,19531,38,0,18 7,0,1854,,23404,38,,,0,30,,19528,38,,,0,70,,23401,38,,,0,30,,23402,38,,,0,70,,19532,38,,,0,30,,23403,38,,,0
14000001029,'1798',554,,23409,38,0,18 7,0,1854,,23405,38,,,0,30,,19538,38,,,0,70,,23408,38,,,0,30,,23407,38,,,0,70,,19537,38,,,0,30,,23406,38,,,0
14000001029,'1799',554,,23414,38,0,18 7,0,1854,,23410,38,,,0,30,,19545,38,,,0,70,,23413,38,,,0,30,,23412,38,,,0,70,,19544,38,,,0,30,,23411,38,,,0
14000001029,'1800',554,,23419,38,0,18 7,0,1854,,23415,38,,,0,30,,19552,38,,,0,70,,23418,38,,,0,30,,23417,38,,,0,70,,19551,38,,,0,30,,23416,38,,,0
