4019,'1796',638,,19810,13,,,0,71,,19836,13,,,0,30,,19811,13,,,0,67,,19812,13,,,0,36,,19813,13,,,0,64,,19814,13,,,0,36,,19815,13,,,0,67,,19816,13,,,0,29,,19817,13,,,0,70,,19818,13,,,0,31,,19819,13,,,0,72,,19820,13,,,0,30,,19821,13,,,0,70,,19822,13,,,0,30,,19823,13,,,0,71,,19824,13,,,0,30,,19825,13,,,0,75,,19826,13,,,0,30,,19827,13,,,0,71,,19828,13,,,0,24,,19829,13,,,0,74,,19830,13,,,0,22,,19831,13,,,0,75,,19832,13,,,0,21,,19833,13,,,0,75,,19834,13,,,0,29,,19835,13,,,0,70,,19804,13,,,0,30,,19805,13,,,0,70,,19806,13,,,0,30,,19807,13,,,0,70,,19808,13,,,0,30,,19809,13,,,0
4019,'1797',708,,19868,13,,,0,30,,19844,13,,,0,71,,19838,13,,,0,30,,19848,13,,,0,70,,19859,13,,,0,30,,19854,13,,,0,71,,19842,13,,,0,30,,19864,13,,,0,70,,19841,13,,,0,30,,19861,13,,,0,69,,19856,13,,,0,32,,19849,13,,,0,69,,19862,13,,,0,30,,19865,13,,,0,70,,19840,13,,,0,30,,19851,13,,,0,70,,19839,13,,,0,30,,19845,13,,,0,70,,19863,13,,,0,30,,19860,13,,,0,69,,19857,13,,,0,30,,19846,13,,,0,70,,19866,13,,,0,29,,19867,13,,,0,70,,19837,13,,,0,30,,19852,13,,,0,70,,19850,13,,,0,30,,19858,13,,,0,70,,19843,13,,,0,30,,19853,13,,,0,70,,19847,13,,,0,30,,19855,13,,,0
4019,'1798',808,,19892,13,,,0,30,,19893,13,,,0,70,,19890,13,,,0,30,,19894,13,,,0,72,,19891,13,,,0,30,,19875,13,,,0,70,,19879,13,,,0,30,,19883,13,,,0,69,,19886,13,,,0,32,,19871,13,,,0,69,,19874,13,,,0,30,,19878,13,,,0,69,,19882,13,,,0,30,,19884,13,,,0,70,,19870,13,,,0,30,,19873,13,,,0,70,,19877,13,,,0,30,,19881,13,,,0,69,,19885,13,,,0,31,,19869,13,,,0,70,,19872,13,,,0,29,,19876,13,,,0,70,,19880,13,,,0,30,,19889,13,,,0,70,,19895,13,,,0,30,,19887,13,,,0,70,,19896,13,,,0,30,,19888,13,,,0
4019,'1799',808,,19920,13,,,0,30,,19921,13,,,0,70,,19918,13,,,0,30,,19922,13,,,0,72,,19919,13,,,0,30,,19903,13,,,0,70,,19907,13,,,0,30,,19911,13,,,0,69,,19914,13,,,0,32,,19899,13,,,0,69,,19902,13,,,0,30,,19906,13,,,0,69,,19910,13,,,0,30,,19912,13,,,0,70,,19898,13,,,0,30,,19901,13,,,0,70,,19905,13,,,0,30,,19909,13,,,0,69,,19913,13,,,0,31,,19897,13,,,0,70,,19900,13,,,0,29,,19904,13,,,0,70,,19908,13,,,0,30,,19917,13,,,0,70,,19923,13,,,0,30,,19915,13,,,0,70,,19924,13,,,0,30,,19916,13,,,0
4019,'1800',808,,19948,13,,,0,30,,19949,13,,,0,70,,19946,13,,,0,30,,19950,13,,,0,72,,19947,13,,,0,30,,19931,13,,,0,70,,19935,13,,,0,30,,19939,13,,,0,69,,19942,13,,,0,32,,19927,13,,,0,69,,19930,13,,,0,30,,19934,13,,,0,69,,19938,13,,,0,30,,19940,13,,,0,70,,19926,13,,,0,30,,19929,13,,,0,70,,19933,13,,,0,30,,19937,13,,,0,69,,19941,13,,,0,31,,19925,13,,,0,70,,19928,13,,,0,29,,19932,13,,,0,70,,19936,13,,,0,30,,19945,13,,,0,70,,19951,13,,,0,30,,19943,13,,,0,70,,19952,13,,,0,30,,19944,13,,,0
7019,'1796',517,,20281,8,,,0,36,,14820,27,,,0,72,,20300,8,,,0,31,,14821,27,,,0,71,,20282,27,,,0,32,,14830,27,,,0,72,,14823,27,,,0,69,,14831,27,,,0,28,,20283,27,,,0,30,,20288,27,,,0,71,,20284,27,,,0,30,,20289,27,,,0,70,,20285,27,,,0,71,,20290,27,,,0,30,,14827,27,,,0,70,,20291,27,,,0,30,,20286,27,,,0,70,,20292,27,,,0,31,,20287,27,,,0,74,,14849,27,,,0,33,,14850,27,,,0,14,,14856,8,,,0,52,,20298,27,,,0,30,,20299,27,,,0,70,,20293,27,,,0,28,,14839,27,,,0,26,,20294,27,,,0,70,,14841,27,,,0,28,,14842,27,,,0,70,,20295,27,,,0,28,,20296,27,,,0,70,,20297,27,,,0,30,,14846,27,,,0,67,,20301,8,,,0,31,,14847,27,,,0,72,,14854,12,,,0,27,,14848,27,,,0,100,,14840,27,,,0
7019,'1797',625,,20323,8,,,0,28,,14869,27,,,0,70,,20304,27,,,0,30,,20310,27,,,0,70,,20305,27,,,0,31,,20311,27,,,0,70,,20306,27,,,0,30,,14872,27,,,0,73,,20307,27,,,0,30,,20312,27,,,0,70,,20308,27,,,0,30,,20313,27,,,0,70,,14867,27,,,0,30,,14875,27,,,0,70,,20309,27,,,0,30,,20314,27,,,0,70,,14881,27,,,0,31,,20315,27,,,0,70,,14883,27,,,0,30,,14878,27,,,0,70,,20318,27,,,0,29,,20316,27,,,0,70,,20319,27,,,0,30,,20317,27,,,0,70,,20322,27,,,0,29,,14857,27,,,0,67,,20320,27,,,0,30,,20302,27,,,0,69,,20321,27,,,0,30,,20303,27,,,0,70,,20324,8,,,0,30,,14860,27,,,0,72,,14889,12,,,0,27,,14861,27,,,0
7019,'1798',555,,20329,8,,,0,70,,20332,8,,,0,30,,20333,8,,,0,68,,20334,8,,,0,30,,14896,27,,,0,71,,20346,12,,,0,30,,14897,27,,,0,73,,20339,12,,,0,27,,20330,27,,,0,75,,20345,12,,,0,28,,14898,27,,,0,72,,20338,12,,,0,28,,14899,27,,,0,72,,20344,12,,,0,28,,20327,27,,,0,73,,20337,12,,,0,27,,14901,27,,,0,73,,20343,12,,,0,28,,14902,27,,,0,73,,20336,12,,,0,27,,20328,27,,,0,73,,20342,12,,,0,26,,14904,27,,,0,73,,20335,12,,,0,27,,14892,27,,,0,72,,20341,12,,,0,27,,20325,27,,,0,70,,14917,12,,,0,27,,14891,27,,,0,71,,20340,12,,,0,28,,14895,27,,,0,72,,14925,12,,,0,28,,20326,27,,,0,70,,14911,8,,,0,30,,20331,8,,,0
7019,'1799',555,,20351,8,,,0,70,,20354,8,,,0,30,,20355,8,,,0,68,,20356,8,,,0,30,,14931,27,,,0,71,,20368,12,,,0,30,,14932,27,,,0,73,,20361,12,,,0,27,,20352,27,,,0,75,,20367,12,,,0,28,,14933,27,,,0,72,,20360,12,,,0,28,,14934,27,,,0,72,,20366,12,,,0,28,,20349,27,,,0,73,,20359,12,,,0,27,,14936,27,,,0,73,,20365,12,,,0,28,,14937,27,,,0,73,,20358,12,,,0,27,,20350,27,,,0,73,,20364,12,,,0,26,,14939,27,,,0,73,,20357,12,,,0,27,,14927,27,,,0,72,,20363,12,,,0,27,,20347,27,,,0,70,,14952,12,,,0,27,,14926,27,,,0,71,,20362,12,,,0,28,,14930,27,,,0,72,,14960,12,,,0,28,,20348,27,,,0,70,,14946,8,,,0,30,,20353,8,,,0
7019,'1800',555,,20373,8,,,0,70,,20376,8,,,0,30,,20377,8,,,0,68,,20378,8,,,0,30,,14966,27,,,0,71,,20390,12,,,0,30,,14967,27,,,0,73,,20383,12,,,0,27,,20374,27,,,0,75,,20389,12,,,0,28,,14968,27,,,0,72,,20382,12,,,0,28,,14969,27,,,0,72,,20388,12,,,0,28,,20371,27,,,0,73,,20381,12,,,0,27,,14971,27,,,0,73,,20387,12,,,0,28,,14972,27,,,0,73,,20380,12,,,0,27,,20372,27,,,0,73,,20386,12,,,0,26,,14974,27,,,0,73,,20379,12,,,0,27,,14962,27,,,0,72,,20385,12,,,0,27,,20369,27,,,0,70,,14987,12,,,0,27,,14961,27,,,0,71,,20384,12,,,0,28,,14965,27,,,0,72,,14995,12,,,0,28,,20370,27,,,0,70,,14981,8,,,0,30,,20375,8,,,0
14019,'1796',525,,15534,17,,,0,100,,20690,17,,,0,80,,20670,17,,,0,30,,20678,17,,,0,68,,20671,17,,,0,23,,15518,17,,,0,30,,15506,17,,,0,70,,15519,17,,,0,30,,20672,17,,,0,70,,20679,17,,,0,30,,20673,17,,,0,70,,20680,17,,,0,30,,20674,17,,,0,70,,20681,17,,,0,30,,15510,17,,,0,70,,20682,17,,,0,30,,20675,17,,,0,70,,20683,17,,,0,30,,20676,17,,,0,71,,20684,17,,,0,80,,15513,17,,,0,30,,20685,17,,,0,70,,15514,17,,,0,30,,20686,17,,,0,70,,20677,17,,,0,19,,20687,17,,,0,30,,15516,17,,,0,70,,20688,17,,,0,30,,20691,17,,,0,69,,20689,17,,,0,92,,15531,17,,,0,100,,15532,17,,,0
14019,'1797',650,,20692,17,,,0,100,,20693,17,,,0,101,,20694,17,,,0,100,,20695,17,,,0,100,,20696,17,,,0,100,,20697,17,,,0,100,,15542,17,,,0,101,,20698,17,,,0,100,,15544,17,,,0,100,,15545,17,,,0,99,,20699,17,,,0,100,,20700,17,,,0,100,,20701,17,,,0,99,,20702,17,,,0,100,,20703,17,,,0,95,,15551,17,,,0,100,,15552,17,,,0
14019,'1798',650,,15566,17,,,0,100,,20716,17,,,0,101,,20705,17,,,0,100,,20706,17,,,0,100,,20707,17,,,0,100,,20708,17,,,0,100,,20709,17,,,0,101,,20710,17,,,0,100,,20711,17,,,0,100,,20712,17,,,0,99,,20713,17,,,0,100,,20714,17,,,0,100,,20715,17,,,0,99,,15554,17,,,0,95,,20704,17,,,0
14019,'1799',650,,15581,17,,,0,100,,20729,17,,,0,101,,20718,17,,,0,100,,20719,17,,,0,100,,20720,17,,,0,100,,20721,17,,,0,100,,20722,17,,,0,101,,20723,17,,,0,100,,20724,17,,,0,100,,20725,17,,,0,99,,20726,17,,,0,100,,20727,17,,,0,100,,20728,17,,,0,99,,15569,17,,,0,95,,20717,17,,,0
14019,'1800',650,,15596,17,,,0,100,,20742,17,,,0,101,,20731,17,,,0,100,,20732,17,,,0,100,,20733,17,,,0,100,,20734,17,,,0,100,,20735,17,,,0,101,,20736,17,,,0,100,,20737,17,,,0,100,,20738,17,,,0,99,,20739,17,,,0,100,,20740,17,,,0,100,,20741,17,,,0,99,,15584,17,,,0,95,,20730,17,,,0
502019,'1796',614,,22109,9,,,0,30,,22110,9,,,0,65,,22150,9,,,0,10,,22111,9,,,0,27,,22112,9,,,0,65,,22113,9,,,0,12,,22114,9,,,0,24,,22115,9,,,0,64,,22116,9,,,0,12,,22117,9,,,0,24,,22118,9,,,0,72,,22119,9,,,0,30,,22120,9,,,0,70,,22121,9,,,0,30,,22122,9,,,0,70,,22123,9,,,0,30,,22124,9,,,0,70,,22125,9,,,0,30,,22126,9,,,0,70,,22127,9,,,0,36,,22128,9,,,0,70,,22129,9,,,0,30,,22130,9,,,0,68,,22131,9,,,0,24,,22132,9,,,0,12,,22133,9,,,0,62,,22134,9,,,0,5,,22151,9,,,0,16,,22135,9,,,0,12,,22136,9,,,0,64,,22137,9,,,0,22,,22138,9,,,0,12,,22139,9,,,0,64,,22140,9,,,0,30,,22141,9,,,0,70,,22142,9,,,0,30,,22143,9,,,0,70,,22144,9,,,0,30,,22145,9,,,0,70,,22146,9,,,0,30,,22147,9,,,0,69,,22148,9,,,0,30,,22149,9,,,0
502019,'1797',644,,22159,9,,,0,70,,22166,9,,,0,30,,22158,9,,,0,70,,22167,9,,,0,32,,22157,9,,,0,70,,22168,9,,,0,30,,22156,9,,,0,71,,22169,9,,,0,30,,22177,9,,,0,70,,22170,9,,,0,30,,22178,9,,,0,71,,22171,9,,,0,30,,22179,9,,,0,70,,22172,9,,,0,30,,22180,9,,,0,71,,22173,9,,,0,30,,22181,9,,,0,70,,22174,9,,,0,30,,22182,9,,,0,69,,22175,9,,,0,30,,22183,9,,,0,69,,22176,9,,,0,30,,22184,9,,,0,69,,22160,9,,,0,30,,22185,9,,,0,70,,22162,9,,,0,99,,22161,9,,,0,30,,22155,9,,,0,70,,22163,9,,,0,30,,22154,9,,,0,70,,22164,9,,,0,30,,22153,9,,,0,70,,22165,9,,,0,30,,22152,9,,,0
502019,'1798',644,,22200,9,,,0,70,,22186,9,,,0,30,,22203,9,,,0,70,,22217,9,,,0,32,,22197,9,,,0,70,,22216,9,,,0,30,,22199,9,,,0,71,,22215,9,,,0,30,,22194,9,,,0,70,,22214,9,,,0,30,,22189,9,,,0,71,,22213,9,,,0,30,,22192,9,,,0,70,,22211,9,,,0,30,,22190,9,,,0,70,,22212,9,,,0,30,,22193,9,,,0,70,,22210,9,,,0,30,,22187,9,,,0,70,,22209,9,,,0,30,,22191,9,,,0,69,,22208,9,,,0,30,,22188,9,,,0,69,,22207,9,,,0,30,,22201,9,,,0,70,,22206,9,,,0,30,,22202,9,,,0,69,,22205,9,,,0,30,,22195,9,,,0,70,,22218,9,,,0,30,,22204,9,,,0,70,,22219,9,,,0,30,,22198,9,,,0,68,,22220,9,,,0,30,,22196,9,,,0
502019,'1799',644,,22235,9,,,0,70,,22221,9,,,0,30,,22238,9,,,0,70,,22252,9,,,0,32,,22232,9,,,0,70,,22251,9,,,0,30,,22234,9,,,0,71,,22250,9,,,0,30,,22229,9,,,0,70,,22249,9,,,0,30,,22224,9,,,0,71,,22248,9,,,0,30,,22227,9,,,0,70,,22246,9,,,0,30,,22225,9,,,0,70,,22247,9,,,0,30,,22228,9,,,0,70,,22245,9,,,0,30,,22222,9,,,0,70,,22244,9,,,0,30,,22226,9,,,0,69,,22243,9,,,0,30,,22223,9,,,0,69,,22242,9,,,0,30,,22236,9,,,0,70,,22241,9,,,0,30,,22237,9,,,0,69,,22240,9,,,0,30,,22230,9,,,0,70,,22253,9,,,0,30,,22239,9,,,0,70,,22254,9,,,0,30,,22233,9,,,0,68,,22255,9,,,0,30,,22231,9,,,0
502019,'1800',644,,22270,9,,,0,70,,22256,9,,,0,30,,22273,9,,,0,70,,22287,9,,,0,32,,22267,9,,,0,70,,22286,9,,,0,30,,22269,9,,,0,71,,22285,9,,,0,30,,22264,9,,,0,70,,22284,9,,,0,30,,22259,9,,,0,71,,22283,9,,,0,30,,22262,9,,,0,70,,22281,9,,,0,30,,22260,9,,,0,70,,22282,9,,,0,30,,22263,9,,,0,70,,22280,9,,,0,30,,22257,9,,,0,70,,22279,9,,,0,30,,22261,9,,,0,69,,22278,9,,,0,30,,22258,9,,,0,69,,22277,9,,,0,30,,22271,9,,,0,70,,22276,9,,,0,30,,22272,9,,,0,69,,22275,9,,,0,30,,22265,9,,,0,70,,22288,9,,,0,30,,22274,9,,,0,70,,22289,9,,,0,30,,22268,9,,,0,68,,22290,9,,,0,30,,22266,9,,,0
14000001029,'1796',504,,19519,46,0,18 7,0,102,,23396,46,0,18 7,0,1812,,23398,46,,,0,30,,19523,46,,,0,70,,23400,46,,,0,30,,23397,46,,,0,70,,19524,46,,,0,30,,23399,46,,,0
14000001029,'1797',602,,19531,46,0,18 7,0,1816,,23404,46,,,0,30,,19528,46,,,0,70,,23401,46,,,0,30,,23402,46,,,0,70,,19532,46,,,0,30,,23403,46,,,0
14000001029,'1798',602,,23409,46,0,18 7,0,1816,,23405,46,,,0,30,,19538,46,,,0,70,,23408,46,,,0,30,,23407,46,,,0,70,,19537,46,,,0,30,,23406,46,,,0
14000001029,'1799',602,,23414,46,0,18 7,0,1816,,23410,46,,,0,30,,19545,46,,,0,70,,23413,46,,,0,30,,23412,46,,,0,70,,19544,46,,,0,30,,23411,46,,,0
14000001029,'1800',602,,23419,46,0,18 7,0,1816,,23415,46,,,0,30,,19552,46,,,0,70,,23418,46,,,0,30,,23417,46,,,0,70,,19551,46,,,0,30,,23416,46,,,0
