16029,'1796',601,,20908,11,,,0,30,,20909,11,,,0,73,,20910,11,,,0,36,,20911,11,,,0,71,,20912,11,,,0,32,,20913,11,,,0,70,,20914,11,,,0,29,,20915,11,,,0,67,,20916,11,,,0,30,,20917,11,,,0,70,,20918,11,,,0,30,,20919,11,,,0,70,,20920,11,,,0,30,,20921,11,,,0,70,,20922,11,,,0,30,,20923,11,,,0,71,,20924,11,,,0,32,,20925,11,,,0,71,,20926,11,,,0,29,,20927,11,,,0,72,,20928,11,,,0,30,,20929,11,,,0,69,,20930,11,,,0,28,,20931,11,,,0,69,,20932,11,,,0,30,,20938,11,,,0,67,,20933,11,,,0,30,,15912,11,,,0,70,,20934,11,,,0,24,,20935,11,,,0,70,,20936,11,,,0,29,,15916,11,,,0,70,44,20937,11,,,0
16029,'1797',603,,15926,11,,,0,27,,15941,11,,,0,70,41,15934,11,,,0,30,4,15919,11,,,0,70,44,15927,11,,,0,30,3,15942,11,,,0,70,43,15935,11,,,0,28,,15920,11,,,0,31,,15928,11,,,0,70,,15943,11,,,0,30,,15936,11,,,0,71,,15921,11,,,0,70,41,15929,11,,,0,30,,15944,11,,,0,71,,15937,11,,,0,30,,15922,11,,,0,71,,15930,11,,,0,29,,15945,11,,,0,71,,15938,11,,,0,30,,15923,11,,,0,69,,15931,11,,,0,30,,15946,11,,,0,69,41,15939,11,,,0,29,,15924,11,,,0,71,41,15932,11,,,0,30,2,15947,11,,,0,70,42,15940,11,,,0,30,2,15925,11,,,0,70,43,15933,11,,,0,31,3,15948,11,,,0,97,4,15949,11,,,0,73,44,15950,11,,,0
16029,'1798',734,4,20942,11,,,0,99,3,20943,11,,,0,95,,20940,11,,,0,104,,20948,11,,,0,98,,20950,11,,,0,100,,20947,11,,,0,101,,20949,11,,,0,100,,20939,11,,,0,100,,20941,11,,,0,99,,20945,11,,,0,99,,20944,11,,,0,101,2,15963,11,,,0,100,2,20946,11,,,0,103,3,15959,11,,,0,97,3,20951,11,,,0
16029,'1799',734,4,20955,11,,,0,99,3,20956,11,,,0,95,,20953,11,,,0,104,,20961,11,,,0,98,,20963,11,,,0,100,,20960,11,,,0,101,,20962,11,,,0,100,,20952,11,,,0,100,,20954,11,,,0,99,,20958,11,,,0,99,,20957,11,,,0,101,2,15978,11,,,0,100,2,20959,11,,,0,103,3,15974,11,,,0,97,3,20964,11,,,0
16029,'1800',734,4,20968,11,,,0,99,3,20969,11,,,0,95,,20966,11,,,0,104,,20974,11,,,0,98,,20976,11,,,0,100,,20973,11,,,0,101,,20975,11,,,0,100,,20965,11,,,0,100,,20967,11,,,0,99,,20971,11,,,0,99,,20970,11,,,0,101,2,15993,11,,,0,100,2,20972,11,,,0,103,3,15989,11,,,0,97,3,20977,11,,,0
31019,'1796',554,,21409,1,,,0,66,,21404,1,,,0,25,5,21374,13,,,0,70,3,21389,13,,,0,29,2,21402,13,,,0,70,,21385,13,,,0,30,,21382,13,,,0,70,,21396,13,,,0,30,,21377,13,,,0,72,3,21390,13,,,0,28,3,21401,13,,,0,70,3,21388,13,,,0,30,3,21383,13,,,0,70,3,21395,13,,,0,30,3,21376,13,,,0,70,2,21391,13,,,0,30,2,21400,13,,,0,70,2,21386,13,,,0,30,2,21380,13,,,0,70,,21394,13,,,0,30,,21378,13,,,0,70,,21392,13,,,0,30,,21399,13,,,0,70,,21387,13,,,0,30,,21381,13,,,0,71,3,21393,13,,,0,30,3,21375,13,,,0,70,3,21410,13,,,0,30,3,21398,13,,,0,67,,21405,13,4,,0,33,3,21384,13,,,0,65,,21406,13,4,,0,35,5,21379,13,,,0,65,,21408,13,4,,0,35,5,21397,13,,,0,65,,21407,13,4,,0,25,,21403,13,4,,0
31019,'1797',555,,21446,1,,,0,66,,21439,1,,,0,24,5,21416,13,,,0,70,5,21432,13,,,0,30,5,21445,13,,,0,70,5,21428,13,,,0,30,5,21422,13,,,0,70,4,21438,13,,,0,30,4,21415,13,,,0,70,4,21431,13,,,0,30,4,21440,13,,,0,70,3,21427,13,,,0,30,3,21421,13,,,0,70,3,21437,13,,,0,30,3,21414,13,,,0,70,3,21430,13,,,0,30,3,21443,13,,,0,70,3,21426,13,,,0,30,3,21420,13,,,0,70,3,21436,13,,,0,30,3,21413,13,,,0,70,3,21429,13,,,0,30,3,21442,13,,,0,70,3,21425,13,,,0,30,3,21419,13,,,0,70,3,21435,13,,,0,30,3,21412,13,,,0,70,5,21447,13,,,0,30,5,21441,13,,,0,65,,21424,13,4,,0,35,5,21418,13,,,0,65,,21434,13,4,,0,35,5,21411,13,,,0,65,,21423,13,4,,0,35,5,21444,13,,,0,65,,21433,13,4,,0,25,,21417,13,4,,0
31019,'1798',555,,21465,1,,,0,90,5,21448,13,,,0,100,5,21449,13,,,0,100,5,21450,13,,,0,100,4,21451,13,,,0,100,4,21452,13,,,0,100,3,21453,13,,,0,100,3,21454,13,,,0,100,3,21455,13,,,0,100,3,21456,13,,,0,100,3,21457,13,,,0,100,3,21458,13,,,0,100,3,21459,13,,,0,100,3,21460,13,,,0,100,5,21461,13,,,0,100,5,21462,13,,,0,100,5,21463,13,,,0,100,5,21464,13,,,0,90,,21466,13,4,,0
31019,'1799',555,,21484,1,,,0,90,5,21467,13,,,0,100,5,21468,13,,,0,100,5,21469,13,,,0,100,4,21470,13,,,0,100,4,21471,13,,,0,100,3,21472,13,,,0,100,3,21473,13,,,0,100,3,21474,13,,,0,100,3,21475,13,,,0,100,3,21476,13,,,0,100,3,21477,13,,,0,100,3,21478,13,,,0,100,3,21479,13,,,0,100,5,21480,13,,,0,100,5,21481,13,,,0,100,5,21482,13,,,0,100,5,21483,13,,,0,90,,21485,13,4,,0
31019,'1800',555,,21503,1,,,0,90,5,21486,13,,,0,100,5,21487,13,,,0,100,5,21488,13,,,0,100,4,21489,13,,,0,100,4,21490,13,,,0,100,3,21491,13,,,0,100,3,21492,13,,,0,100,3,21493,13,,,0,100,3,21494,13,,,0,100,3,21495,13,,,0,100,3,21496,13,,,0,100,3,21497,13,,,0,100,3,21498,13,,,0,100,5,21499,13,,,0,100,5,21500,13,,,0,100,5,21501,13,,,0,100,5,21502,13,,,0,90,,21504,13,4,,0
