11029,'1796',627,,20545,15,,,0,98,,20536,22,,,0,101,,20537,22,,,0,100,,20538,22,,,0,101,,20539,22,,,0,100,,15328,22,,,0,100,,20540,22,,,0,100,,15330,22,,,0,100,,20541,22,,,0,100,,20542,22,,,0,100,,15333,22,,,0,100,,15334,22,,,0,99,,20543,22,,,0,100,,15336,22,,,0,100,,20544,22,,,0,100,,20535,22,,,0
11029,'1797',626,,20546,15,,,0,98,,20557,22,,,0,100,,20547,22,,,0,100,,20548,22,,,0,105,,20549,22,,,0,100,,20550,22,,,0,100,,20551,22,,,0,100,,15345,22,,,0,100,,20552,22,,,0,100,,15347,22,,,0,100,,15348,22,,,0,97,,20553,22,,,0,100,,20554,22,,,0,99,,20555,22,,,0,100,,20556,22,,,0
11029,'1798',824,,20558,22,,,0,100,,20559,22,,,0,105,,20560,22,,,0,100,,20561,22,,,0,100,,20562,22,,,0,100,,20563,22,,,0,100,,20564,22,,,0,100,,20565,22,,,0,100,,20566,22,,,0,97,,20567,22,,,0,100,,20568,22,,,0,99,,20569,22,,,0,100,,15366,22,,,0
11029,'1799',824,,20570,22,,,0,100,,20571,22,,,0,105,,20572,22,,,0,100,,20573,22,,,0,100,,20574,22,,,0,100,,20575,22,,,0,100,,20576,22,,,0,100,,20577,22,,,0,100,,20578,22,,,0,97,,20579,22,,,0,100,,20580,22,,,0,99,,20581,22,,,0,100,,15379,22,,,0
11029,'1800',824,,20582,22,,,0,100,,20583,22,,,0,105,,20584,22,,,0,100,,20585,22,,,0,100,,20586,22,,,0,100,,20587,22,,,0,100,,20588,22,,,0,100,,20589,22,,,0,100,,20590,22,,,0,97,,20591,22,,,0,100,,20592,22,,,0,99,,20593,22,,,0,100,,15392,22,,,0
31019,'1796',637,,21374,10,,,0,71,,21389,10,,,0,30,,21402,10,,,0,71,,21385,10,,,0,30,,21382,10,,,0,70,,21396,10,,,0,30,,21377,10,,,0,70,,21390,10,,,0,28,,21401,10,,,0,70,,21388,10,,,0,30,,21383,10,,,0,70,,21395,10,,,0,30,,21376,10,,,0,71,,21391,10,,,0,30,,21400,10,,,0,70,,21386,10,,,0,30,,21380,10,,,0,71,,21394,10,,,0,30,,21378,10,,,0,70,,21392,10,,,0,30,,21399,10,,,0,70,,21387,10,,,0,30,,21381,10,,,0,69,,21393,10,,,0,30,,21375,10,,,0,70,,21410,10,,,0,30,,21398,10,,,0,70,,21405,10,0,5 2 8 7,0,30,,21384,10,,,0,69,,21406,10,0,5 2 8 7,0,30,,21379,10,,,0,70,,21408,10,0,5 2 8 7,0,30,,21397,10,,,0,70,,21407,10,0,5 2 8 7,0,25,,21403,10,0,5 2 8 7,0
31019,'1797',637,,21416,10,,,0,70,,21432,10,,,0,30,,21445,10,,,0,70,,21428,10,,,0,30,,21422,10,,,0,70,,21438,10,,,0,30,,21415,10,,,0,70,,21431,10,,,0,30,,21440,10,,,0,71,,21427,10,,,0,30,,21421,10,,,0,70,,21437,10,,,0,30,,21414,10,,,0,70,,21430,10,,,0,30,,21443,10,,,0,70,,21426,10,,,0,30,,21420,10,,,0,70,,21436,10,,,0,30,,21413,10,,,0,70,,21429,10,,,0,30,,21442,10,,,0,70,,21425,10,,,0,30,,21419,10,,,0,70,,21435,10,,,0,30,,21412,10,,,0,69,,21447,10,,,0,30,,21441,10,,,0,70,,21424,10,0,5 2 8 7,0,30,,21418,10,,,0,70,,21434,10,0,5 2 8 7,0,30,,21411,10,,,0,70,,21423,10,0,5 2 8 7,0,30,,21444,10,,,0,70,,21433,10,0,5 2 8 7,0,25,,21417,10,0,5 2 8 7,0
31019,'1798',637,,21448,10,,,0,100,,21449,10,,,0,100,,21450,10,,,0,100,,21451,10,,,0,100,,21452,10,,,0,101,,21453,10,,,0,100,,21454,10,,,0,100,,21455,10,,,0,100,,21456,10,,,0,100,,21457,10,,,0,100,,21458,10,,,0,100,,21459,10,,,0,100,,21460,10,,,0,99,,21461,10,,,0,100,,21462,10,,,0,100,,21463,10,,,0,100,,21464,10,,,0,95,,21466,10,0,5 2 8 7,0
31019,'1799',637,,21467,10,,,0,100,,21468,10,,,0,100,,21469,10,,,0,100,,21470,10,,,0,100,,21471,10,,,0,101,,21472,10,,,0,100,,21473,10,,,0,100,,21474,10,,,0,100,,21475,10,,,0,100,,21476,10,,,0,100,,21477,10,,,0,100,,21478,10,,,0,100,,21479,10,,,0,99,,21480,10,,,0,100,,21481,10,,,0,100,,21482,10,,,0,100,,21483,10,,,0,95,,21485,10,0,5 2 8 7,0
31019,'1800',637,,21486,10,,,0,100,,21487,10,,,0,100,,21488,10,,,0,100,,21489,10,,,0,100,,21490,10,,,0,101,,21491,10,,,0,100,,21492,10,,,0,100,,21493,10,,,0,100,,21494,10,,,0,100,,21495,10,,,0,100,,21496,10,,,0,100,,21497,10,,,0,100,,21498,10,,,0,99,,21499,10,,,0,100,,21500,10,,,0,100,,21501,10,,,0,100,,21502,10,,,0,95,,21504,10,0,5 2 8 7,0
