1019,'1796',546,,13774,18,,,0,70,,19586,18,,,0,30,,19562,18,,,0,70,,19557,18,,,0,31,,19575,18,,,0,71,,19559,18,,,0,30,,19564,18,,,0,70,,19589,18,,,0,30,,19561,18,,,0,70,,19555,18,,,0,31,,19574,18,,,0,70,,19560,18,,,0,30,,19565,18,,,0,70,,19585,18,,,0,30,,19563,18,,,0,70,,19556,18,,,0,30,,19587,18,,,0,70,,19558,18,,,0,30,,19566,18,,,0,70,,19584,18,,,0,29,,19577,18,,,0,70,,19569,18,,,0,30,,19567,18,,,0,70,,19570,18,,,0,30,,19572,18,,,0,70,,19571,18,,,0,29,,19568,18,,,0,70,,19588,18,,,0,30,,19582,18,,,0,70,,19583,18,,,0,30,,19581,18,,,0,70,,19580,18,,,0,34,,19579,18,,,0,70,,19578,18,,,0,30,,19576,18,,,0,65,,19573,18,,,0
1019,'1797',546,,19601,18,,,0,70,,19615,18,,,0,30,,19600,18,,,0,70,,19620,18,,,0,31,,19610,18,,,0,70,,19594,18,,,0,30,,19616,18,,,0,70,,19618,18,,,0,30,,19599,18,,,0,70,,19621,18,,,0,30,,19609,18,,,0,70,,19593,18,,,0,30,,19604,18,,,0,70,,19614,18,,,0,30,,19598,18,,,0,70,,19622,18,,,0,30,,19608,18,,,0,70,,19592,18,,,0,30,,19603,18,,,0,70,,19613,18,,,0,30,,19597,18,,,0,70,,19623,18,,,0,30,,19607,18,,,0,70,,19591,18,,,0,30,,19602,18,,,0,70,,19612,18,,,0,30,,19595,18,,,0,70,,19624,18,,,0,30,,19605,18,,,0,70,,19590,18,,,0,30,,19596,18,,,0,70,,19611,18,,,0,34,,19606,18,,,0,70,,19625,18,,,0,30,,19619,18,,,0,65,,19617,18,,,0
1019,'1798',616,,19626,18,,,0,100,,19627,18,,,0,101,,19628,18,,,0,100,,19629,18,,,0,100,,19630,18,,,0,100,,19631,18,,,0,100,,19632,18,,,0,100,,19633,18,,,0,100,,19634,18,,,0,100,,19635,18,,,0,100,,19636,18,,,0,100,,19637,18,,,0,100,,19638,18,,,0,100,,19639,18,,,0,100,,19640,18,,,0,100,,19641,18,,,0,104,,19642,18,,,0,95,,19643,18,,,0
1019,'1799',616,,19644,18,,,0,100,,19645,18,,,0,101,,19646,18,,,0,100,,19647,18,,,0,100,,19648,18,,,0,100,,19649,18,,,0,100,,19650,18,,,0,100,,19651,18,,,0,100,,19652,18,,,0,100,,19653,18,,,0,100,,19654,18,,,0,100,,19655,18,,,0,100,,19656,18,,,0,100,,19657,18,,,0,100,,19658,18,,,0,100,,19659,18,,,0,104,,19660,18,,,0,95,,19661,18,,,0
1019,'1800',616,,19662,18,,,0,100,,19663,18,,,0,101,,19664,18,,,0,100,,19665,18,,,0,100,,19666,18,,,0,100,,19667,18,,,0,100,,19668,18,,,0,100,,19669,18,,,0,100,,19670,18,,,0,100,,19671,18,,,0,100,,19672,18,,,0,100,,19673,18,,,0,100,,19674,18,,,0,100,,19675,18,,,0,100,,19676,18,,,0,100,,19677,18,,,0,104,,19678,18,,,0,95,,19679,18,,,0
32019,'1796',633,,21513,18,,,0,26,,21529,18,,,0,71,,21508,18,,,0,70,,21524,18,,,0,30,,21534,18,,,0,70,,21518,18,,,0,30,,21516,18,,,0,70,,21528,18,,,0,30,,21506,18,,,0,70,,21522,18,,,0,30,,21533,18,,,0,70,,21520,18,,,0,30,,21515,18,,,0,70,,21527,18,,,0,30,,21509,18,,,0,70,,21521,18,,,0,30,,21532,18,,,0,70,,21519,18,,,0,31,,21512,18,,,0,70,,21526,18,,,0,31,,21505,18,,,0,69,,21523,18,,,0,29,,21531,18,,,0,70,,21517,18,,,0,30,,21514,18,,,0,70,,21525,18,,,0,29,,21510,18,,,0,100,,21530,18,,,0,99,,21511,18,,,0,100,,21507,18,,,0,95,,21540,18,0,5 2 8 7,0
32019,'1797',633,,21553,18,,,0,25,,21570,18,,,0,70,,21547,18,,,0,30,,21564,18,,,0,70,,21571,18,,,0,30,,21559,18,,,0,70,,21552,18,,,0,30,,21569,18,,,0,70,,21546,18,,,0,30,,21563,18,,,0,71,,21574,18,,,0,30,,21558,18,,,0,70,,21551,18,,,0,30,,21568,18,,,0,70,,21545,18,,,0,30,,21562,18,,,0,70,,21573,18,,,0,30,,21557,18,,,0,70,,21550,18,,,0,30,,21567,18,,,0,70,,21544,18,,,0,30,,21561,18,,,0,70,,21575,18,,,0,30,,21556,18,,,0,70,,21549,18,,,0,30,,21565,18,,,0,70,,21543,18,,,0,100,,21572,18,,,0,99,,21548,18,,,0,100,,21542,18,,,0,100,,21576,18,0,5 2 8 7,0
32019,'1798',633,,21579,18,,,0,95,,21580,18,,,0,100,,21581,18,,,0,100,,21582,18,,,0,100,,21583,18,,,0,101,,21584,18,,,0,100,,21585,18,,,0,100,,21586,18,,,0,100,,21587,18,,,0,100,,21588,18,,,0,100,,21589,18,,,0,100,,21590,18,,,0,100,,21591,18,,,0,100,,21592,18,,,0,100,,21593,18,,,0,99,,21594,18,,,0,100,,21595,18,,,0,95,,21597,18,0,5 2 8 7,0
32019,'1799',633,,21598,18,,,0,95,,21599,18,,,0,100,,21600,18,,,0,100,,21601,18,,,0,100,,21602,18,,,0,101,,21603,18,,,0,100,,21604,18,,,0,100,,21605,18,,,0,100,,21606,18,,,0,100,,21607,18,,,0,100,,21608,18,,,0,100,,21609,18,,,0,100,,21610,18,,,0,100,,21611,18,,,0,100,,21612,18,,,0,99,,21613,18,,,0,100,,21614,18,,,0,95,,21616,18,0,5 2 8 7,0
32019,'1800',633,,21617,18,,,0,95,,21618,18,,,0,100,,21619,18,,,0,100,,21620,18,,,0,100,,21621,18,,,0,101,,21622,18,,,0,100,,21623,18,,,0,100,,21624,18,,,0,100,,21625,18,,,0,100,,21626,18,,,0,100,,21627,18,,,0,100,,21628,18,,,0,100,,21629,18,,,0,100,,21630,18,,,0,100,,21631,18,,,0,99,,21632,18,,,0,100,,21633,18,,,0,95,,21635,18,0,5 2 8 7,0
