1029,'1796',626,,19689,47,,,0,30,,13901,47,,,0,70,,19709,47,,,0,30,,19686,47,,,0,71,,19681,47,,,0,30,,19713,47,,,0,69,,19684,47,,,0,30,,19690,47,,,0,71,,19708,47,,,0,30,,19688,47,,,0,70,,19680,47,,,0,30,,19712,47,,,0,70,,19685,47,,,0,30,,19691,47,,,0,70,,19707,47,,,0,30,,19687,47,,,0,70,,19682,47,,,0,30,,19710,47,,,0,70,,19683,47,,,0,30,,19692,47,,,0,70,,19706,47,,,0,30,,19695,47,,,0,70,,19694,47,,,0,29,,19693,47,,,0,70,,19699,47,,,0,30,,19698,47,,,0,70,,19697,47,,,0,30,,19696,47,,,0,70,,19711,47,,,0,30,,19705,47,,,0,70,,19704,47,,,0,30,,19703,47,,,0,70,,19702,47,,,0,30,,19701,47,,,0,65,,19700,47,,,0
1029,'1797',626,,19719,47,,,0,30,,19731,47,,,0,70,,19738,47,,,0,30,,19726,47,,,0,70,,19747,47,,,0,30,,19735,47,,,0,69,,19718,47,,,0,31,,19730,47,,,0,70,,19741,47,,,0,30,,19725,47,,,0,70,,19748,47,,,0,30,,19734,47,,,0,70,,19717,47,,,0,30,,19729,47,,,0,70,,19740,47,,,0,30,,19724,47,,,0,70,,19720,47,,,0,30,,19733,47,,,0,70,,19716,47,,,0,30,,19728,47,,,0,70,,19736,47,,,0,30,,19723,47,,,0,70,,19745,47,,,0,30,,19732,47,,,0,70,,19715,47,,,0,30,,19727,47,,,0,70,,19739,47,,,0,30,,19721,47,,,0,70,,19743,47,,,0,30,,19742,47,,,0,70,,19714,47,,,0,30,,19722,47,,,0,70,,19737,47,,,0,30,,19746,47,,,0,65,,19744,47,,,0
1029,'1798',626,,19749,47,,,0,100,,19750,47,,,0,100,,19751,47,,,0,100,,19752,47,,,0,100,,19753,47,,,0,100,,19754,47,,,0,100,,19755,47,,,0,100,,19756,47,,,0,100,,19757,47,,,0,100,,19758,47,,,0,100,,19759,47,,,0,100,,19760,47,,,0,100,,19761,47,,,0,100,,19762,47,,,0,100,,19763,47,,,0,100,,19764,47,,,0,100,,19765,47,,,0,95,,19766,47,,,0
1029,'1799',626,,19767,47,,,0,100,,19768,47,,,0,100,,19769,47,,,0,100,,19770,47,,,0,100,,19771,47,,,0,100,,19772,47,,,0,100,,19773,47,,,0,100,,19774,47,,,0,100,,19775,47,,,0,100,,19776,47,,,0,100,,19777,47,,,0,100,,19778,47,,,0,100,,19779,47,,,0,100,,19780,47,,,0,100,,19781,47,,,0,100,,19782,47,,,0,100,,19783,47,,,0,95,,19784,47,,,0
1029,'1800',626,,19785,47,,,0,100,,19786,47,,,0,100,,19787,47,,,0,100,,19788,47,,,0,100,,19789,47,,,0,100,,19790,47,,,0,100,,19791,47,,,0,100,,19792,47,,,0,100,,19793,47,,,0,100,,19794,47,,,0,100,,19795,47,,,0,100,,19796,47,,,0,100,,19797,47,,,0,100,,19798,47,,,0,100,,19799,47,,,0,100,,19800,47,,,0,100,,19801,47,,,0,95,,19802,47,,,0
2029,'1796',544,,14191,29,,,0,67,,14165,44,,,0,30,,14166,44,,,0,70,,14167,44,,,0,30,,14168,44,,,0,70,,14169,44,,,0,30,,14170,44,,,0,70,,14171,44,,,0,30,,14172,44,,,0,70,,14173,44,,,0,30,,14174,44,,,0,70,,14175,44,,,0,30,,14176,44,,,0,70,,14177,44,,,0,30,,14178,44,,,0,70,,14179,44,,,0,30,,14180,44,,,0,70,,14181,44,,,0,30,,14182,44,,,0,70,,14183,44,,,0,30,,14184,44,,,0,70,,14185,44,,,0,30,,14186,44,,,0,70,,14187,44,,,0,31,,14188,44,,,0,69,,14189,44,,,0,30,,14190,44,,,0,70,,14194,44,,,0,30,,14195,44,,,0,100,,14196,44,,,0,100,,14197,44,,,0,100,,14193,44,,,0
2029,'1797',611,,14231,44,0,5 2 15 16 17,0,30,,14214,44,,,0,70,,14221,44,,,0,30,,14200,44,,,0,70,,14206,44,,,0,30,,14215,44,,,0,70,,14222,44,,,0,30,,14201,44,,,0,70,,14207,44,,,0,30,,14216,44,,,0,70,,14223,44,,,0,30,,14202,44,,,0,70,,14208,44,,,0,30,,14217,44,,,0,70,,14224,44,,,0,30,,14203,44,,,0,70,,14209,44,,,0,30,,14218,44,,,0,70,,14225,44,,,0,30,,14204,44,,,0,70,,14210,44,,,0,30,,14219,44,,,0,70,,14226,44,,,0,30,,14205,44,,,0,70,,14211,44,,,0,30,,14220,44,,,0,70,,14227,44,,,0,30,,14212,44,,,0,100,,14228,44,,,0,100,,14213,44,,,0,100,,14229,44,,,0
2029,'1798',641,,14235,44,,,0,70,,14243,44,,,0,30,,14254,44,,,0,70,,14249,44,,,0,30,,14236,44,,,0,70,,14244,44,,,0,30,,14255,44,,,0,70,,14250,44,,,0,30,,14237,44,,,0,70,,14245,44,,,0,30,,14256,44,,,0,70,,14251,44,,,0,30,,14238,44,,,0,70,,14246,44,,,0,30,,14257,44,,,0,70,,14252,44,,,0,30,,14239,44,,,0,70,,14247,44,,,0,30,,14258,44,,,0,70,,14253,44,,,0,30,,14240,44,,,0,70,,14248,44,,,0,30,,14259,44,,,0,100,,14241,44,,,0,100,,14260,44,,,0,100,,14242,44,,,0,100,,14261,44,,,0,100,,14234,44,,,0
2029,'1799',641,,14267,44,,,0,70,,14275,44,,,0,30,,14286,44,,,0,70,,14281,44,,,0,30,,14268,44,,,0,70,,14276,44,,,0,30,,14287,44,,,0,70,,14282,44,,,0,30,,14269,44,,,0,70,,14277,44,,,0,30,,14288,44,,,0,70,,14283,44,,,0,30,,14270,44,,,0,70,,14278,44,,,0,30,,14289,44,,,0,70,,14284,44,,,0,30,,14271,44,,,0,70,,14279,44,,,0,30,,14290,44,,,0,70,,14285,44,,,0,30,,14272,44,,,0,70,,14280,44,,,0,30,,14291,44,,,0,100,,14273,44,,,0,100,,14292,44,,,0,100,,14274,44,,,0,100,,14293,44,,,0,100,,14266,44,,,0
2029,'1800',641,,14299,44,,,0,70,,14307,44,,,0,30,,14318,44,,,0,70,,14313,44,,,0,30,,14300,44,,,0,70,,14308,44,,,0,30,,14319,44,,,0,70,,14314,44,,,0,30,,14301,44,,,0,70,,14309,44,,,0,30,,14320,44,,,0,70,,14315,44,,,0,30,,14302,44,,,0,70,,14310,44,,,0,30,,14321,44,,,0,70,,14316,44,,,0,30,,14303,44,,,0,70,,14311,44,,,0,30,,14322,44,,,0,70,,14317,44,,,0,30,,14304,44,,,0,70,,14312,44,,,0,30,,14323,44,,,0,100,,14305,44,,,0,100,,14324,44,,,0,100,,14306,44,,,0,100,,14325,44,,,0,100,,14298,44,,,0
14000001029,'1796',448,,19519,28,0,18 7,0,102,,23396,28,0,18 7,0,1852,,23398,28,,,0,30,,19523,28,,,0,70,,23400,28,,,0,30,,23397,28,,,0,70,,19524,28,,,0,30,,23399,28,,,0
14000001029,'1797',549,,19531,28,0,18 7,0,1853,,23404,28,,,0,30,,19528,28,,,0,70,,23401,28,,,0,30,,23402,28,,,0,70,,19532,28,,,0,30,,23403,28,,,0
14000001029,'1798',549,,23409,28,0,18 7,0,1853,,23405,28,,,0,30,,19538,28,,,0,70,,23408,28,,,0,30,,23407,28,,,0,70,,19537,28,,,0,30,,23406,28,,,0
14000001029,'1799',549,,23414,28,0,18 7,0,1853,,23410,28,,,0,30,,19545,28,,,0,70,,23413,28,,,0,30,,23412,28,,,0,70,,19544,28,,,0,30,,23411,28,,,0
14000001029,'1800',549,,23419,28,0,18 7,0,1853,,23415,28,,,0,30,,19552,28,,,0,70,,23418,28,,,0,30,,23417,28,,,0,70,,19551,28,,,0,30,,23416,28,,,0
