7019,'1796',512,,20281,5,,,0,36,,14820,24,,,0,72,,20300,5,,,0,31,,14821,24,,,0,71,,20282,24,,,0,32,,14830,24,,,0,72,,14823,24,,,0,30,,14831,24,,,0,68,,20283,24,,,0,30,,20288,24,,,0,70,,20284,24,,,0,30,,20289,24,,,0,70,,20285,24,,,0,30,,20290,24,,,0,70,,14827,24,,,0,30,,20291,24,,,0,70,,20286,24,,,0,30,,20292,24,,,0,72,,20287,24,,,0,33,,14849,24,,,0,73,,14850,24,,,0,14,,14856,5,,,0,12,,20298,24,,,0,70,,20299,24,,,0,30,,20293,24,,,0,68,,14839,24,,,0,28,,20294,24,,,0,70,,14841,24,,,0,28,,14842,24,,,0,70,,20295,24,,,0,27,,20296,24,,,0,70,,20297,24,,,0,30,,14846,24,,,0,69,,20301,5,,,0,31,,14847,24,,,0,71,,14854,9,,,0,28,,14848,24,,,0,100,,14840,24,,,0
7019,'1797',621,,20323,5,,,0,28,,14869,24,,,0,70,,20304,24,,,0,30,,20310,24,,,0,70,,20305,24,,,0,31,,20311,24,,,0,70,,20306,24,,,0,30,,14872,24,,,0,71,,20307,24,,,0,30,,20312,24,,,0,70,,20308,24,,,0,30,,20313,24,,,0,70,,14867,24,,,0,30,,14875,24,,,0,70,,20309,24,,,0,30,,20314,24,,,0,70,,14881,24,,,0,31,,20315,24,,,0,70,,14883,24,,,0,30,,14878,24,,,0,70,,20318,24,,,0,29,,20316,24,,,0,70,,20319,24,,,0,30,,20317,24,,,0,70,,20322,24,,,0,29,,14857,24,,,0,69,,20320,24,,,0,30,,20302,24,,,0,69,,20321,24,,,0,30,,20303,24,,,0,70,,20324,5,,,0,30,,14860,24,,,0,72,,14889,9,,,0,28,,14861,24,,,0
7019,'1798',551,,20329,5,,,0,70,,20332,5,,,0,30,,20333,5,,,0,68,,20334,5,,,0,30,,14896,24,,,0,71,,20346,9,,,0,30,,14897,24,,,0,73,,20339,9,,,0,27,,20330,24,,,0,73,,20345,9,,,0,28,,14898,24,,,0,72,,20338,9,,,0,28,,14899,24,,,0,72,,20344,9,,,0,28,,20327,24,,,0,73,,20337,9,,,0,27,,14901,24,,,0,73,,20343,9,,,0,28,,14902,24,,,0,73,,20336,9,,,0,27,,20328,24,,,0,73,,20342,9,,,0,26,,14904,24,,,0,73,,20335,9,,,0,27,,14892,24,,,0,72,,20341,9,,,0,27,,20325,24,,,0,72,,14917,9,,,0,27,,14891,24,,,0,71,,20340,9,,,0,28,,14895,24,,,0,72,,14925,9,,,0,28,,20326,24,,,0,70,,14911,5,,,0,30,,20331,5,,,0
7019,'1799',551,,20351,5,,,0,70,,20354,5,,,0,30,,20355,5,,,0,68,,20356,5,,,0,30,,14931,24,,,0,71,,20368,9,,,0,30,,14932,24,,,0,73,,20361,9,,,0,27,,20352,24,,,0,73,,20367,9,,,0,28,,14933,24,,,0,72,,20360,9,,,0,28,,14934,24,,,0,72,,20366,9,,,0,28,,20349,24,,,0,73,,20359,9,,,0,27,,14936,24,,,0,73,,20365,9,,,0,28,,14937,24,,,0,73,,20358,9,,,0,27,,20350,24,,,0,73,,20364,9,,,0,26,,14939,24,,,0,73,,20357,9,,,0,27,,14927,24,,,0,72,,20363,9,,,0,27,,20347,24,,,0,72,,14952,9,,,0,27,,14926,24,,,0,71,,20362,9,,,0,28,,14930,24,,,0,72,,14960,9,,,0,28,,20348,24,,,0,70,,14946,5,,,0,30,,20353,5,,,0
7019,'1800',551,,20373,5,,,0,70,,20376,5,,,0,30,,20377,5,,,0,68,,20378,5,,,0,30,,14966,24,,,0,71,,20390,9,,,0,30,,14967,24,,,0,73,,20383,9,,,0,27,,20374,24,,,0,73,,20389,9,,,0,28,,14968,24,,,0,72,,20382,9,,,0,28,,14969,24,,,0,72,,20388,9,,,0,28,,20371,24,,,0,73,,20381,9,,,0,27,,14971,24,,,0,73,,20387,9,,,0,28,,14972,24,,,0,73,,20380,9,,,0,27,,20372,24,,,0,73,,20386,9,,,0,26,,14974,24,,,0,73,,20379,9,,,0,27,,14962,24,,,0,72,,20385,9,,,0,27,,20369,24,,,0,72,,14987,9,,,0,27,,14961,24,,,0,71,,20384,9,,,0,28,,14965,24,,,0,72,,14995,9,,,0,28,,20370,24,,,0,70,,14981,5,,,0,30,,20375,5,,,0
11029,'1796',642,,20545,25,,,0,100,,20536,32,,,0,100,,20537,32,,,0,100,,20538,32,,,0,100,,20539,32,,,0,100,,15328,32,,,0,100,,20540,32,,,0,100,,15330,32,,,0,100,,20541,32,,,0,100,,20542,32,,,0,100,,15333,32,,,0,100,,15334,32,,,0,100,,20543,32,,,0,100,,15336,32,,,0,100,,20544,32,,,0,95,,20535,32,,,0
11029,'1797',641,,20546,25,,,0,98,,20557,32,,,0,102,,20547,32,,,0,100,,20548,32,,,0,101,,20549,32,,,0,103,,20550,32,,,0,100,,20551,32,,,0,100,,15345,32,,,0,100,,20552,32,,,0,100,,15347,32,,,0,100,,15348,32,,,0,97,,20553,32,,,0,100,,20554,32,,,0,99,,20555,32,,,0,101,,20556,32,,,0
11029,'1798',841,,20558,32,,,0,100,,20559,32,,,0,104,,20560,32,,,0,100,,20561,32,,,0,100,,20562,32,,,0,100,,20563,32,,,0,100,,20564,32,,,0,100,,20565,32,,,0,100,,20566,32,,,0,97,,20567,32,,,0,99,,20568,32,,,0,101,,20569,32,,,0,95,,15366,32,,,0
11029,'1799',841,,20570,32,,,0,100,,20571,32,,,0,104,,20572,32,,,0,100,,20573,32,,,0,100,,20574,32,,,0,100,,20575,32,,,0,100,,20576,32,,,0,100,,20577,32,,,0,100,,20578,32,,,0,97,,20579,32,,,0,99,,20580,32,,,0,101,,20581,32,,,0,95,,15379,32,,,0
11029,'1800',841,,20582,32,,,0,100,,20583,32,,,0,104,,20584,32,,,0,100,,20585,32,,,0,100,,20586,32,,,0,100,,20587,32,,,0,100,,20588,32,,,0,100,,20589,32,,,0,100,,20590,32,,,0,97,,20591,32,,,0,99,,20592,32,,,0,101,,20593,32,,,0,95,,15392,32,,,0
