14019,'1796',515,,15534,5,,,0,100,,20690,5,,,0,40,,20670,5,,,0,70,,20678,5,,,0,28,,20671,5,,,0,62,,15518,5,,,0,30,,15506,5,,,0,70,,15519,5,,,0,30,,20672,5,,,0,70,,20679,5,,,0,30,,20673,5,,,0,70,,20680,5,,,0,30,,20674,5,,,0,70,,20681,5,,,0,30,,15510,5,,,0,70,,20682,5,,,0,30,,20675,5,,,0,70,,20683,5,,,0,30,,20676,5,,,0,70,,20684,5,,,0,40,,15513,5,,,0,70,,20685,5,,,0,30,,15514,5,,,0,70,,20686,5,,,0,30,,20677,5,,,0,60,,20687,5,,,0,30,,15516,5,,,0,70,,20688,5,,,0,30,,20691,5,,,0,70,,20689,5,,,0,92,,15531,5,,,0,100,,15532,5,,,0
14019,'1797',640,,20692,5,,,0,100,,20693,5,,,0,100,,20694,5,,,0,100,,20695,5,,,0,100,,20696,5,,,0,100,,20697,5,,,0,100,,15542,5,,,0,100,,20698,5,,,0,100,,15544,5,,,0,100,,15545,5,,,0,100,,20699,5,,,0,100,,20700,5,,,0,100,,20701,5,,,0,100,,20702,5,,,0,100,,20703,5,,,0,95,,15551,5,,,0,100,,15552,5,,,0
14019,'1798',640,,15566,5,,,0,100,,20716,5,,,0,100,,20705,5,,,0,100,,20706,5,,,0,100,,20707,5,,,0,100,,20708,5,,,0,100,,20709,5,,,0,100,,20710,5,,,0,100,,20711,5,,,0,100,,20712,5,,,0,100,,20713,5,,,0,100,,20714,5,,,0,100,,20715,5,,,0,100,,15554,5,,,0,95,,20704,5,,,0
14019,'1799',640,,15581,5,,,0,100,,20729,5,,,0,100,,20718,5,,,0,100,,20719,5,,,0,100,,20720,5,,,0,100,,20721,5,,,0,100,,20722,5,,,0,100,,20723,5,,,0,100,,20724,5,,,0,100,,20725,5,,,0,100,,20726,5,,,0,100,,20727,5,,,0,100,,20728,5,,,0,100,,15569,5,,,0,95,,20717,5,,,0
14019,'1800',640,,15596,5,,,0,100,,20742,5,,,0,100,,20731,5,,,0,100,,20732,5,,,0,100,,20733,5,,,0,100,,20734,5,,,0,100,,20735,5,,,0,100,,20736,5,,,0,100,,20737,5,,,0,100,,20738,5,,,0,100,,20739,5,,,0,100,,20740,5,,,0,100,,20741,5,,,0,100,,15584,5,,,0,95,,20730,5,,,0
14000001019,'1796',2354,,23379,3,,,0,70,,23377,3,,,0,30,,19496,3,,,0,70,,23378,3,,,0,30,,23376,3,,,0
14000001019,'1797',2354,,23383,3,,,0,70,,23380,3,,,0,30,,19502,3,,,0,70,,23382,3,,,0,30,,23381,3,,,0
14000001019,'1798',2354,,23386,3,,,0,70,,23385,3,,,0,30,,19504,3,,,0,70,,23387,3,,,0,30,,23384,3,,,0
14000001019,'1799',2354,,23390,3,,,0,70,,23389,3,,,0,30,,19509,3,,,0,70,,23391,3,,,0,30,,23388,3,,,0
14000001019,'1800',2354,,23394,3,,,0,70,,23393,3,,,0,30,,19514,3,,,0,70,,23395,3,,,0,30,,23392,3,,,0
