1019,'1796',537,,13774,8,,,0,70,,19586,8,,,0,30,,19562,8,,,0,70,,19557,8,,,0,30,,19575,8,,,0,70,,19559,8,,,0,30,,19564,8,,,0,70,,19589,8,,,0,30,,19561,8,,,0,70,,19555,8,,,0,31,,19574,8,,,0,70,,19560,8,,,0,30,,19565,8,,,0,70,,19585,8,,,0,30,,19563,8,,,0,70,,19556,8,,,0,30,,19587,8,,,0,70,,19558,8,,,0,30,,19566,8,,,0,70,,19584,8,,,0,29,,19577,8,,,0,70,,19569,8,,,0,30,,19567,8,,,0,70,,19570,8,,,0,30,,19572,8,,,0,70,,19571,8,,,0,30,,19568,8,,,0,70,,19588,8,,,0,30,,19582,8,,,0,70,,19583,8,,,0,30,,19581,8,,,0,70,,19580,8,,,0,30,,19579,8,,,0,70,,19578,8,,,0,30,,19576,8,,,0,70,,19573,8,,,0
1019,'1797',537,,19601,8,,,0,70,,19615,8,,,0,30,,19600,8,,,0,70,,19620,8,,,0,30,,19610,8,,,0,70,,19594,8,,,0,30,,19616,8,,,0,70,,19618,8,,,0,30,,19599,8,,,0,70,,19621,8,,,0,30,,19609,8,,,0,70,,19593,8,,,0,30,,19604,8,,,0,70,,19614,8,,,0,30,,19598,8,,,0,70,,19622,8,,,0,30,,19608,8,,,0,70,,19592,8,,,0,30,,19603,8,,,0,70,,19613,8,,,0,30,,19597,8,,,0,70,,19623,8,,,0,30,,19607,8,,,0,70,,19591,8,,,0,30,,19602,8,,,0,70,,19612,8,,,0,30,,19595,8,,,0,70,,19624,8,,,0,30,,19605,8,,,0,70,,19590,8,,,0,30,,19596,8,,,0,70,,19611,8,,,0,30,,19606,8,,,0,70,,19625,8,,,0,30,,19619,8,,,0,70,,19617,8,,,0
1019,'1798',607,,19626,8,,,0,100,,19627,8,,,0,100,,19628,8,,,0,100,,19629,8,,,0,100,,19630,8,,,0,100,,19631,8,,,0,100,,19632,8,,,0,100,,19633,8,,,0,100,,19634,8,,,0,100,,19635,8,,,0,100,,19636,8,,,0,100,,19637,8,,,0,100,,19638,8,,,0,100,,19639,8,,,0,100,,19640,8,,,0,100,,19641,8,,,0,100,,19642,8,,,0,100,,19643,8,,,0
1019,'1799',607,,19644,8,,,0,100,,19645,8,,,0,100,,19646,8,,,0,100,,19647,8,,,0,100,,19648,8,,,0,100,,19649,8,,,0,100,,19650,8,,,0,100,,19651,8,,,0,100,,19652,8,,,0,100,,19653,8,,,0,100,,19654,8,,,0,100,,19655,8,,,0,100,,19656,8,,,0,100,,19657,8,,,0,100,,19658,8,,,0,100,,19659,8,,,0,100,,19660,8,,,0,100,,19661,8,,,0
1019,'1800',607,,19662,8,,,0,100,,19663,8,,,0,100,,19664,8,,,0,100,,19665,8,,,0,100,,19666,8,,,0,100,,19667,8,,,0,100,,19668,8,,,0,100,,19669,8,,,0,100,,19670,8,,,0,100,,19671,8,,,0,100,,19672,8,,,0,100,,19673,8,,,0,100,,19674,8,,,0,100,,19675,8,,,0,100,,19676,8,,,0,100,,19677,8,,,0,100,,19678,8,,,0,100,,19679,8,,,0
2019,'1796',447,,19803,8,0,5 2 13 14,0,175,,14015,17,,,0,30,,14016,17,,,0,70,,14017,17,,,0,30,,14018,17,,,0,71,,14019,17,,,0,29,,14020,17,,,0,70,,14021,17,,,0,30,,14022,17,,,0,70,,14023,17,,,0,30,,14024,17,,,0,70,,14025,17,,,0,30,,14026,17,,,0,70,,14027,17,,,0,30,,14028,17,,,0,70,,14029,17,,,0,30,,14030,17,,,0,70,,14031,17,,,0,30,,14032,17,,,0,70,,14033,17,,,0,30,,14034,17,,,0,70,,14035,17,,,0,30,,14036,17,,,0,70,,14037,17,,,0,30,,14038,17,,,0,70,,14039,17,,,0,30,,14045,17,,,0,70,,14040,17,,,0,100,,14041,17,,,0,100,,14042,17,,,0,100,,14043,17,,,0,100,,14044,17,,,0
2019,'1797',622,,14047,8,,,0,30,,14054,17,,,0,70,,14063,17,,,0,30,,14070,17,,,0,70,,14048,17,,,0,30,,14055,17,,,0,70,,14064,17,,,0,30,,14071,17,,,0,70,,14049,17,,,0,30,,14056,17,,,0,70,,14065,17,,,0,30,,14072,17,,,0,70,,14050,17,,,0,30,,14057,17,,,0,70,,14066,17,,,0,30,,14073,17,,,0,70,,14051,17,,,0,30,,14058,17,,,0,70,,14067,17,,,0,30,,14074,17,,,0,70,,14052,17,,,0,30,,14059,17,,,0,70,,14068,17,,,0,30,,14075,17,,,0,70,,14053,17,,,0,30,,14060,17,,,0,70,,14069,17,,,0,100,,14061,17,,,0,100,,14076,17,,,0,100,,14062,17,,,0,100,,14077,17,,,0
2019,'1798',652,,14105,17,,,0,70,,14082,17,,,0,30,,14086,17,,,0,70,,14098,17,,,0,30,,14093,17,,,0,70,,14083,17,,,0,30,,14087,17,,,0,70,,14099,17,,,0,30,,14094,17,,,0,70,,14084,17,,,0,30,,14088,17,,,0,70,,14100,17,,,0,30,,14095,17,,,0,70,,14085,17,,,0,30,,14089,17,,,0,70,,14101,17,,,0,30,,14096,17,,,0,70,,14080,17,,,0,30,,14090,17,,,0,70,,14102,17,,,0,30,,14097,17,,,0,70,,14078,17,,,0,30,,14091,17,,,0,70,,14103,17,,,0,100,,14079,17,,,0,100,,14104,17,,,0,100,,14081,17,,,0,100,,14092,17,,,0,99,,14106,17,,,0
2019,'1799',652,,14134,17,,,0,70,,14111,17,,,0,30,,14115,17,,,0,70,,14127,17,,,0,30,,14122,17,,,0,70,,14112,17,,,0,30,,14116,17,,,0,70,,14128,17,,,0,30,,14123,17,,,0,70,,14113,17,,,0,30,,14117,17,,,0,70,,14129,17,,,0,30,,14124,17,,,0,70,,14114,17,,,0,30,,14118,17,,,0,70,,14130,17,,,0,30,,14125,17,,,0,70,,14109,17,,,0,30,,14119,17,,,0,70,,14131,17,,,0,30,,14126,17,,,0,70,,14107,17,,,0,30,,14120,17,,,0,70,,14132,17,,,0,100,,14108,17,,,0,100,,14133,17,,,0,100,,14110,17,,,0,100,,14121,17,,,0,99,,14135,17,,,0
2019,'1800',652,,14163,17,,,0,70,,14140,17,,,0,30,,14144,17,,,0,70,,14156,17,,,0,30,,14151,17,,,0,70,,14141,17,,,0,30,,14145,17,,,0,70,,14157,17,,,0,30,,14152,17,,,0,70,,14142,17,,,0,30,,14146,17,,,0,70,,14158,17,,,0,30,,14153,17,,,0,70,,14143,17,,,0,30,,14147,17,,,0,70,,14159,17,,,0,30,,14154,17,,,0,70,,14138,17,,,0,30,,14148,17,,,0,70,,14160,17,,,0,30,,14155,17,,,0,70,,14136,17,,,0,30,,14149,17,,,0,70,,14161,17,,,0,100,,14137,17,,,0,100,,14162,17,,,0,100,,14139,17,,,0,100,,14150,17,,,0,99,,14164,17,,,0
14000001019,'1796',2416,,23379,24,,,0,30,,23377,24,,,0,70,,19496,24,,,0,30,,23378,24,,,0,70,,23376,24,,,0
14000001019,'1797',2416,,23383,24,,,0,30,,23380,24,,,0,70,,19502,24,,,0,30,,23382,24,,,0,70,,23381,24,,,0
14000001019,'1798',2416,,23386,24,,,0,30,,23385,24,,,0,70,,19504,24,,,0,30,,23387,24,,,0,70,,23384,24,,,0
14000001019,'1799',2416,,23390,24,,,0,30,,23389,24,,,0,70,,19509,24,,,0,30,,23391,24,,,0,70,,23388,24,,,0
14000001019,'1800',2416,,23394,24,,,0,30,,23393,24,,,0,70,,19514,24,,,0,30,,23395,24,,,0,70,,23392,24,,,0
