1029,'1796',613,,19689,33,,,0,31,,13901,33,,,0,67,,19709,33,,,0,31,,19686,33,,,0,70,,19681,33,,,0,30,,19713,33,,,0,69,,19684,33,,,0,30,,19690,33,,,0,70,,19708,33,,,0,30,,19688,33,,,0,70,,19680,33,,,0,30,,19712,33,,,0,70,,19685,33,,,0,29,,19691,33,,,0,70,,19707,33,,,0,30,,19687,33,,,0,71,,19682,33,,,0,31,,19710,33,,,0,72,,19683,33,,,0,30,,19692,33,,,0,69,,19706,33,,,0,29,,19695,33,,,0,70,,19694,33,,,0,29,,19693,33,,,0,72,,19699,33,,,0,30,,19698,33,,,0,70,,19697,33,,,0,30,,19696,33,,,0,69,,19711,33,,,0,30,,19705,33,,,0,70,,19704,33,,,0,30,,19703,33,,,0,70,,19702,33,,,0,30,,19701,33,,,0,65,,19700,33,,,0
1029,'1797',613,,19719,33,,,0,28,,19731,33,,,0,70,,19738,33,,,0,30,,19726,33,,,0,70,,19747,33,,,0,30,,19735,33,,,0,71,,19718,33,,,0,31,,19730,33,,,0,70,,19741,33,,,0,30,,19725,33,,,0,70,,19748,33,,,0,30,,19734,33,,,0,70,,19717,33,,,0,30,,19729,33,,,0,70,,19740,33,,,0,30,,19724,33,,,0,70,,19720,33,,,0,30,,19733,33,,,0,70,,19716,33,,,0,30,,19728,33,,,0,69,,19736,33,,,0,30,,19723,33,,,0,70,,19745,33,,,0,30,,19732,33,,,0,70,,19715,33,,,0,30,,19727,33,,,0,70,,19739,33,,,0,30,,19721,33,,,0,70,,19743,33,,,0,30,,19742,33,,,0,70,,19714,33,,,0,30,,19722,33,,,0,67,,19737,33,,,0,30,,19746,33,,,0,70,,19744,33,,,0
1029,'1798',613,,19749,33,,,0,98,,19750,33,,,0,100,,19751,33,,,0,101,,19752,33,,,0,101,,19753,33,,,0,100,,19754,33,,,0,100,,19755,33,,,0,100,,19756,33,,,0,100,,19757,33,,,0,100,,19758,33,,,0,99,,19759,33,,,0,100,,19760,33,,,0,100,,19761,33,,,0,100,,19762,33,,,0,100,,19763,33,,,0,100,,19764,33,,,0,97,,19765,33,,,0,100,,19766,33,,,0
1029,'1799',613,,19767,33,,,0,98,,19768,33,,,0,100,,19769,33,,,0,101,,19770,33,,,0,101,,19771,33,,,0,100,,19772,33,,,0,100,,19773,33,,,0,100,,19774,33,,,0,100,,19775,33,,,0,100,,19776,33,,,0,99,,19777,33,,,0,100,,19778,33,,,0,100,,19779,33,,,0,100,,19780,33,,,0,100,,19781,33,,,0,100,,19782,33,,,0,97,,19783,33,,,0,100,,19784,33,,,0
1029,'1800',613,,19785,33,,,0,98,,19786,33,,,0,100,,19787,33,,,0,101,,19788,33,,,0,101,,19789,33,,,0,100,,19790,33,,,0,100,,19791,33,,,0,100,,19792,33,,,0,100,,19793,33,,,0,100,,19794,33,,,0,99,,19795,33,,,0,100,,19796,33,,,0,100,,19797,33,,,0,100,,19798,33,,,0,100,,19799,33,,,0,100,,19800,33,,,0,97,,19801,33,,,0,100,,19802,33,,,0
31019,'1796',605,,21409,13,,,0,26,,21404,13,,,0,25,,21374,25,,,0,73,,21389,25,,,0,29,,21402,25,,,0,70,,21385,25,,,0,30,,21382,25,,,0,69,,21396,25,,,0,30,,21377,25,,,0,72,,21390,25,,,0,28,,21401,25,,,0,70,,21388,25,,,0,30,,21383,25,,,0,70,,21395,25,,,0,30,,21376,25,,,0,70,,21391,25,,,0,30,,21400,25,,,0,70,,21386,25,,,0,30,,21380,25,,,0,71,,21394,25,,,0,30,,21378,25,,,0,70,,21392,25,,,0,30,,21399,25,,,0,69,,21387,25,,,0,30,,21381,25,,,0,70,,21393,25,,,0,30,,21375,25,,,0,70,,21410,25,,,0,30,,21398,25,,,0,100,,21384,25,,,0,99,,21379,25,,,0,100,,21397,25,,,0
31019,'1797',605,,21446,13,,,0,26,,21439,13,,,0,24,,21416,25,,,0,70,,21432,25,,,0,30,,21445,25,,,0,71,,21428,25,,,0,30,,21422,25,,,0,70,,21438,25,,,0,30,,21415,25,,,0,70,,21431,25,,,0,30,,21440,25,,,0,71,,21427,25,,,0,30,,21421,25,,,0,70,,21437,25,,,0,30,,21414,25,,,0,70,,21430,25,,,0,30,,21443,25,,,0,70,,21426,25,,,0,30,,21420,25,,,0,70,,21436,25,,,0,30,,21413,25,,,0,70,,21429,25,,,0,30,,21442,25,,,0,70,,21425,25,,,0,30,,21419,25,,,0,70,,21435,25,,,0,30,,21412,25,,,0,70,,21447,25,,,0,30,,21441,25,,,0,99,,21418,25,,,0,99,,21411,25,,,0,100,,21444,25,,,0
31019,'1798',605,,21465,13,,,0,50,,21448,25,,,0,100,,21449,25,,,0,101,,21450,25,,,0,100,,21451,25,,,0,100,,21452,25,,,0,101,,21453,25,,,0,100,,21454,25,,,0,100,,21455,25,,,0,100,,21456,25,,,0,100,,21457,25,,,0,100,,21458,25,,,0,100,,21459,25,,,0,100,,21460,25,,,0,100,,21461,25,,,0,99,,21462,25,,,0,99,,21463,25,,,0,100,,21464,25,,,0
31019,'1799',605,,21484,13,,,0,50,,21467,25,,,0,100,,21468,25,,,0,101,,21469,25,,,0,100,,21470,25,,,0,100,,21471,25,,,0,101,,21472,25,,,0,100,,21473,25,,,0,100,,21474,25,,,0,100,,21475,25,,,0,100,,21476,25,,,0,100,,21477,25,,,0,100,,21478,25,,,0,100,,21479,25,,,0,100,,21480,25,,,0,99,,21481,25,,,0,99,,21482,25,,,0,100,,21483,25,,,0
31019,'1800',605,,21503,13,,,0,50,,21486,25,,,0,100,,21487,25,,,0,101,,21488,25,,,0,100,,21489,25,,,0,100,,21490,25,,,0,101,,21491,25,,,0,100,,21492,25,,,0,100,,21493,25,,,0,100,,21494,25,,,0,100,,21495,25,,,0,100,,21496,25,,,0,100,,21497,25,,,0,100,,21498,25,,,0,100,,21499,25,,,0,99,,21500,25,,,0,99,,21501,25,,,0,100,,21502,25,,,0
