2029,'1796',530,,14191,13,,,0,27,,14165,28,,,0,70,,14166,28,,,0,30,,14167,28,,,0,68,,14168,28,,,0,30,,14169,28,,,0,70,,14170,28,,,0,30,,14171,28,,,0,69,,14172,28,,,0,30,,14173,28,,,0,70,,14174,28,,,0,30,,14175,28,,,0,70,,14176,28,,,0,30,,14177,28,,,0,70,,14178,28,,,0,30,,14179,28,,,0,70,,14180,28,,,0,30,,14181,28,,,0,70,,14182,28,,,0,30,,14183,28,,,0,70,,14184,28,,,0,30,,14185,28,,,0,70,,14186,28,,,0,31,,14187,28,,,0,70,,14188,28,,,0,29,,14189,28,,,0,70,,14190,28,,,0,30,,14194,28,,,0,70,,14195,28,,,0,100,,14196,28,,,0,100,,14197,28,,,0,100,,14193,28,,,0
2029,'1797',557,,14231,28,0,5 2 15 16 17,0,70,,14214,28,,,0,30,,14221,28,,,0,68,,14200,28,,,0,30,,14206,28,,,0,70,,14215,28,,,0,30,,14222,28,,,0,69,,14201,28,,,0,30,,14207,28,,,0,70,,14216,28,,,0,30,,14223,28,,,0,70,,14202,28,,,0,30,,14208,28,,,0,70,,14217,28,,,0,30,,14224,28,,,0,70,,14203,28,,,0,30,,14209,28,,,0,70,,14218,28,,,0,30,,14225,28,,,0,70,,14204,28,,,0,30,,14210,28,,,0,70,,14219,28,,,0,30,,14226,28,,,0,70,,14205,28,,,0,30,,14211,28,,,0,70,,14220,28,,,0,30,,14227,28,,,0,70,,14212,28,,,0,100,,14228,28,,,0,100,,14213,28,,,0,100,,14229,28,,,0
2029,'1798',627,,14235,28,,,0,30,,14243,28,,,0,68,,14254,28,,,0,30,,14249,28,,,0,70,,14236,28,,,0,30,,14244,28,,,0,69,,14255,28,,,0,30,,14250,28,,,0,70,,14237,28,,,0,30,,14245,28,,,0,70,,14256,28,,,0,30,,14251,28,,,0,70,,14238,28,,,0,30,,14246,28,,,0,70,,14257,28,,,0,30,,14252,28,,,0,70,,14239,28,,,0,30,,14247,28,,,0,70,,14258,28,,,0,30,,14253,28,,,0,70,,14240,28,,,0,30,,14248,28,,,0,70,,14259,28,,,0,100,,14241,28,,,0,100,,14260,28,,,0,100,,14242,28,,,0,100,,14261,28,,,0,100,,14234,28,,,0
2029,'1799',627,,14267,28,,,0,30,,14275,28,,,0,68,,14286,28,,,0,30,,14281,28,,,0,70,,14268,28,,,0,30,,14276,28,,,0,69,,14287,28,,,0,30,,14282,28,,,0,70,,14269,28,,,0,30,,14277,28,,,0,70,,14288,28,,,0,30,,14283,28,,,0,70,,14270,28,,,0,30,,14278,28,,,0,70,,14289,28,,,0,30,,14284,28,,,0,70,,14271,28,,,0,30,,14279,28,,,0,70,,14290,28,,,0,30,,14285,28,,,0,70,,14272,28,,,0,30,,14280,28,,,0,70,,14291,28,,,0,100,,14273,28,,,0,100,,14292,28,,,0,100,,14274,28,,,0,100,,14293,28,,,0,100,,14266,28,,,0
2029,'1800',627,,14299,28,,,0,30,,14307,28,,,0,68,,14318,28,,,0,30,,14313,28,,,0,70,,14300,28,,,0,30,,14308,28,,,0,69,,14319,28,,,0,30,,14314,28,,,0,70,,14301,28,,,0,30,,14309,28,,,0,70,,14320,28,,,0,30,,14315,28,,,0,70,,14302,28,,,0,30,,14310,28,,,0,70,,14321,28,,,0,30,,14316,28,,,0,70,,14303,28,,,0,30,,14311,28,,,0,70,,14322,28,,,0,30,,14317,28,,,0,70,,14304,28,,,0,30,,14312,28,,,0,70,,14323,28,,,0,100,,14305,28,,,0,100,,14324,28,,,0,100,,14306,28,,,0,100,,14325,28,,,0,100,,14298,28,,,0
20002019,'1798',1009,,19412,13,,,0
20002019,'1799',1009,,19413,13,,,0
20002019,'1800',1009,,19414,13,,,0
14000001029,'1796',436,,19519,13,0,18 7,0,102,,19520,13,0,18 7,0,1812,,19522,13,,,0,68,,19523,13,,,0,30,,19526,13,,,0,70,,19521,13,,,0,30,,19524,13,,,0,70,,19525,13,,,0
14000001029,'1797',538,,19531,13,0,18 7,0,1812,,19533,13,,,0,68,,19528,13,,,0,30,,19527,13,,,0,70,,19529,13,,,0,30,,19532,13,,,0,70,,19530,13,,,0
14000001029,'1798',538,,19540,13,0,18 7,0,1812,,19534,13,,,0,68,,19538,13,,,0,30,,19539,13,,,0,70,,19536,13,,,0,30,,19537,13,,,0,70,,19535,13,,,0
14000001029,'1799',538,,19547,13,0,18 7,0,1812,,19541,13,,,0,68,,19545,13,,,0,30,,19546,13,,,0,70,,19543,13,,,0,30,,19544,13,,,0,70,,19542,13,,,0
14000001029,'1800',538,,19554,13,0,18 7,0,1812,,19548,13,,,0,68,,19552,13,,,0,30,,19553,13,,,0,70,,19550,13,,,0,30,,19551,13,,,0,70,,19549,13,,,0
