13019,'1796',625,,20594,22,,,0,30,,20595,22,,,0,70,,20596,22,,,0,30,,20597,22,,,0,96,,20598,22,,,0,100,,20599,22,,,0,100,,20600,22,,,0,100,,20601,22,,,0,100,,15427,22,,,0,100,,20602,22,,,0,70,,20603,22,,,0,31,,20604,22,,,0,71,,20605,22,,,0,31,,20611,22,,,0,70,,20606,22,,,0,30,,20612,22,,,0,70,,15433,22,,,0,30,,20610,22,,,0,98,,20607,22,,,0,100,,20609,22,,,0,99,,20608,22,,,0,98,,15437,22,,,0,71,,15435,1,,,0,29,,15436,22,,,0
13019,'1797',714,,20613,22,,,0,101,,20614,22,,,0,100,,20615,22,,,0,100,,20616,22,,,0,101,,15447,22,,,0,100,,20617,22,,,0,100,,15449,22,,,0,100,,15450,22,,,0,100,,20618,22,,,0,100,,20619,22,,,0,99,,20620,22,,,0,100,,20621,22,,,0,100,,20622,22,,,0,99,,20623,22,,,0,100,,15457,22,,,0,200,,20624,22,,,0
13019,'1798',815,,20626,22,,,0,100,,20627,22,,,0,100,,20628,22,,,0,101,,20629,22,,,0,100,,20630,22,,,0,100,,20631,22,,,0,100,,20632,22,,,0,100,,20633,22,,,0,100,,20634,22,,,0,99,,20635,22,,,0,100,,20636,22,,,0,100,,20637,22,,,0,99,,20638,22,,,0,100,,20639,22,,,0,100,,20625,22,,,0
13019,'1799',815,,20641,22,,,0,100,,20642,22,,,0,100,,20643,22,,,0,101,,20644,22,,,0,100,,20645,22,,,0,100,,20646,22,,,0,100,,20647,22,,,0,100,,20648,22,,,0,100,,20649,22,,,0,99,,20650,22,,,0,100,,20651,22,,,0,100,,20652,22,,,0,99,,20653,22,,,0,100,,20654,22,,,0,100,,20640,22,,,0
13019,'1800',815,,20656,22,,,0,100,,20657,22,,,0,100,,20658,22,,,0,101,,20659,22,,,0,100,,20660,22,,,0,100,,20661,22,,,0,100,,20662,22,,,0,100,,20663,22,,,0,100,,20664,22,,,0,99,,20665,22,,,0,100,,20666,22,,,0,100,,20667,22,,,0,99,,20668,22,,,0,100,,20669,22,,,0,100,,20655,22,,,0
14019,'1796',518,,15534,7,,,0,100,,20690,7,,,0,40,,20670,7,,,0,70,,20678,7,,,0,28,,20671,7,,,0,62,,15518,7,,,0,30,,15506,7,,,0,70,,15519,7,,,0,30,,20672,7,,,0,70,,20679,7,,,0,30,,20673,7,,,0,70,,20680,7,,,0,30,,20674,7,,,0,70,,20681,7,,,0,30,,15510,7,,,0,70,,20682,7,,,0,30,,20675,7,,,0,70,,20683,7,,,0,30,,20676,7,,,0,71,,20684,7,,,0,40,,15513,7,,,0,70,,20685,7,,,0,30,,15514,7,,,0,70,,20686,7,,,0,30,,20677,7,,,0,59,,20687,7,,,0,30,,15516,7,,,0,70,,20688,7,,,0,30,,20691,7,,,0,70,,20689,7,,,0,92,,15531,7,,,0,100,,15532,7,,,0
14019,'1797',643,,20692,7,,,0,100,,20693,7,,,0,100,,20694,7,,,0,100,,20695,7,,,0,100,,20696,7,,,0,100,,20697,7,,,0,100,,15542,7,,,0,101,,20698,7,,,0,100,,15544,7,,,0,100,,15545,7,,,0,99,,20699,7,,,0,100,,20700,7,,,0,100,,20701,7,,,0,100,,20702,7,,,0,100,,20703,7,,,0,95,,15551,7,,,0,100,,15552,7,,,0
14019,'1798',643,,15566,7,,,0,100,,20716,7,,,0,100,,20705,7,,,0,100,,20706,7,,,0,100,,20707,7,,,0,100,,20708,7,,,0,100,,20709,7,,,0,101,,20710,7,,,0,100,,20711,7,,,0,100,,20712,7,,,0,99,,20713,7,,,0,100,,20714,7,,,0,100,,20715,7,,,0,100,,15554,7,,,0,95,,20704,7,,,0
14019,'1799',643,,15581,7,,,0,100,,20729,7,,,0,100,,20718,7,,,0,100,,20719,7,,,0,100,,20720,7,,,0,100,,20721,7,,,0,100,,20722,7,,,0,101,,20723,7,,,0,100,,20724,7,,,0,100,,20725,7,,,0,99,,20726,7,,,0,100,,20727,7,,,0,100,,20728,7,,,0,100,,15569,7,,,0,95,,20717,7,,,0
14019,'1800',643,,15596,7,,,0,100,,20742,7,,,0,100,,20731,7,,,0,100,,20732,7,,,0,100,,20733,7,,,0,100,,20734,7,,,0,100,,20735,7,,,0,101,,20736,7,,,0,100,,20737,7,,,0,100,,20738,7,,,0,99,,20739,7,,,0,100,,20740,7,,,0,100,,20741,7,,,0,100,,15584,7,,,0,95,,20730,7,,,0
