7029,'1796',509,,15002,8,,,0,100,,15003,8,,,0,30,,20395,8,,,0,72,,15005,8,,,0,30,,15006,8,,,0,70,,15007,8,,,0,30,,20396,8,,,0,69,,20397,8,,,0,30,,20398,8,,,0,70,,20399,8,,,0,30,,20400,8,,,0,71,,20401,8,,,0,30,,15014,8,,,0,70,,20392,8,,,0,30,,20393,8,,,0,70,,20394,8,,,0,31,,20391,8,,,0,70,,14996,8,,,0,30,,15001,8,,,0,70,,20402,8,,,0,30,,20403,8,,,0,70,,20404,8,,,0,29,,15018,8,,,0,70,,20405,8,,,0,29,,15020,8,,,0,70,,15021,8,,,0,30,,20406,8,,,0,70,,20407,8,,,0,30,,20408,8,,,0,70,,15025,8,,,0,99,,15026,8,,,0,100,,15027,8,,,0,100,,15028,8,,,0
7029,'1797',641,,20409,8,,,0,70,,20420,8,,,0,30,,20410,8,,,0,69,,20421,8,,,0,30,,20411,8,,,0,70,,15045,8,,,0,30,,20412,8,,,0,70,,20422,8,,,0,30,,20413,8,,,0,70,,20423,8,,,0,30,,15034,8,,,0,70,,15048,8,,,0,30,,20414,8,,,0,70,,20424,8,,,0,30,,15036,8,,,0,71,,20425,8,,,0,30,,15037,8,,,0,70,,15051,8,,,0,30,,20415,8,,,0,69,,20426,8,,,0,30,,20416,8,,,0,70,,20427,8,,,0,30,,20417,8,,,0,70,,15054,8,,,0,30,,20418,8,,,0,70,,20428,8,,,0,30,,20419,8,,,0,69,,20429,8,,,0,100,,15057,8,,,0,100,,15058,8,,,0,100,,15059,8,,,0,30,,20430,8,0,13 14,0
7029,'1798',710,,15063,8,,,0,100,,15064,8,,,0,100,,20432,8,,,0,100,,15066,8,,,0,100,,15067,8,,,0,100,,20433,8,,,0,100,,15069,8,,,0,101,,15070,8,,,0,100,,20434,8,,,0,99,,15072,8,,,0,100,,15073,8,,,0,100,,20435,8,,,0,100,,15075,8,,,0,99,,15076,8,,,0,100,,20431,8,,,0,230,,20436,8,0,13 14,0
7029,'1799',710,,15079,8,,,0,100,,15080,8,,,0,100,,20438,8,,,0,100,,15082,8,,,0,100,,15083,8,,,0,100,,20439,8,,,0,100,,15085,8,,,0,101,,15086,8,,,0,100,,20440,8,,,0,99,,15088,8,,,0,100,,15089,8,,,0,100,,20441,8,,,0,100,,15091,8,,,0,99,,15092,8,,,0,100,,20437,8,,,0,230,,20442,8,0,13 14,0
7029,'1800',710,,15095,8,,,0,100,,15096,8,,,0,100,,20444,8,,,0,100,,15098,8,,,0,100,,15099,8,,,0,100,,20445,8,,,0,100,,15101,8,,,0,101,,15102,8,,,0,100,,20446,8,,,0,99,,15104,8,,,0,100,,15105,8,,,0,100,,20447,8,,,0,100,,15107,8,,,0,99,,15108,8,,,0,100,,20443,8,,,0,230,,20448,8,0,13 14,0
11019,'1796',648,,20476,2,,,0,101,,20477,2,,,0,99,,20478,2,,,0,100,,20479,2,,,0,100,,20480,2,,,0,100,,15258,2,,,0,101,,20481,2,,,0,100,,15260,2,,,0,100,,20482,2,,,0,100,,20483,2,,,0,100,,15263,2,,,0,100,,15264,2,,,0,99,,20484,2,,,0,100,,15266,2,,,0,100,,20485,2,,,0,95,,20486,2,0,5 2 8 7,0
11019,'1797',648,,20489,2,,,0,100,,20490,2,,,0,100,,20491,2,,,0,100,,20492,2,,,0,100,,20493,2,,,0,103,,20494,2,,,0,100,,20495,2,,,0,100,,15278,2,,,0,100,,20496,2,,,0,100,,15280,2,,,0,100,,15281,2,,,0,97,,20497,2,,,0,100,,20487,2,,,0,100,,20488,2,,,0,100,,20498,2,0,5 2 8 7,0
11019,'1798',848,,20499,2,,,0,100,,20500,2,,,0,103,,20501,2,,,0,100,,20502,2,,,0,100,,20503,2,,,0,100,,20504,2,,,0,100,,20505,2,,,0,100,,20506,2,,,0,100,,20507,2,,,0,97,,20508,2,,,0,100,,20509,2,,,0,100,,20510,2,,,0,95,,15296,2,0,5 2 8 7,0
11019,'1799',848,,20511,2,,,0,100,,20512,2,,,0,103,,20513,2,,,0,100,,20514,2,,,0,100,,20515,2,,,0,100,,20516,2,,,0,100,,20517,2,,,0,100,,20518,2,,,0,100,,20519,2,,,0,97,,20520,2,,,0,100,,20521,2,,,0,100,,20522,2,,,0,95,,15309,2,0,5 2 8 7,0
11019,'1800',848,,20523,2,,,0,100,,20524,2,,,0,103,,20525,2,,,0,100,,20526,2,,,0,100,,20527,2,,,0,100,,20528,2,,,0,100,,20529,2,,,0,100,,20530,2,,,0,100,,20531,2,,,0,97,,20532,2,,,0,100,,20533,2,,,0,100,,20534,2,,,0,95,,15322,2,0,5 2 8 7,0
20007019,'1796',544,,19415,8,,,0,1494,,23319,8,,,0,100,,23320,8,,,0,100,,19418,8,,,0,100,,23322,8,,,0,100,,23321,8,,,0
20007019,'1797',2038,,23323,8,,,0,100,,23324,8,,,0,100,,19423,8,,,0
20007019,'1798',640,,23341,8,,,0,200,,23327,8,,,0,100,,23328,8,,,0,100,,23329,8,,,0,100,,23330,8,,,0,100,,23331,8,,,0,100,,23332,8,,,0,101,,23333,8,,,0,100,,23334,8,,,0,99,,23335,8,,,0,100,,23336,8,,,0,100,,23337,8,,,0,100,,23338,8,,,0,98,,23339,8,,,0,100,,23340,8,,,0,70,,19440,8,,,0,30,,23326,8,,,0,70,,23325,8,,,0
20007019,'1799',640,,23358,8,,,0,200,,23344,8,,,0,100,,23345,8,,,0,100,,23346,8,,,0,100,,23347,8,,,0,100,,23348,8,,,0,100,,23349,8,,,0,101,,23350,8,,,0,100,,23351,8,,,0,99,,23352,8,,,0,100,,23353,8,,,0,100,,23354,8,,,0,100,,23355,8,,,0,98,,23356,8,,,0,100,,23357,8,,,0,70,,19458,8,,,0,30,,23343,8,,,0,70,,23342,8,,,0
20007019,'1800',640,,23375,8,,,0,200,,23361,8,,,0,100,,23362,8,,,0,100,,23363,8,,,0,100,,23364,8,,,0,100,,23365,8,,,0,100,,23366,8,,,0,101,,23367,8,,,0,100,,23368,8,,,0,99,,23369,8,,,0,100,,23370,8,,,0,100,,23371,8,,,0,100,,23372,8,,,0,98,,23373,8,,,0,100,,23374,8,,,0,70,,19476,8,,,0,30,,23360,8,,,0,70,,23359,8,,,0
