1029,'1796',619,,19689,39,,,0,30,,13901,39,,,0,70,,19709,39,,,0,30,,19686,39,,,0,70,,19681,39,,,0,30,,19713,39,,,0,70,,19684,39,,,0,30,,19690,39,,,0,70,,19708,39,,,0,30,,19688,39,,,0,70,,19680,39,,,0,30,,19712,39,,,0,70,,19685,39,,,0,30,,19691,39,,,0,70,,19707,39,,,0,30,,19687,39,,,0,70,,19682,39,,,0,30,,19710,39,,,0,70,,19683,39,,,0,30,,19692,39,,,0,70,,19706,39,,,0,30,,19695,39,,,0,70,,19694,39,,,0,30,,19693,39,,,0,70,,19699,39,,,0,30,,19698,39,,,0,70,,19697,39,,,0,30,,19696,39,,,0,70,,19711,39,,,0,30,,19705,39,,,0,70,,19704,39,,,0,30,,19703,39,,,0,70,,19702,39,,,0,30,,19701,39,,,0,65,,19700,39,,,0
1029,'1797',619,,19719,39,,,0,30,,19731,39,,,0,70,,19738,39,,,0,30,,19726,39,,,0,70,,19747,39,,,0,30,,19735,39,,,0,69,,19718,39,,,0,31,,19730,39,,,0,70,,19741,39,,,0,30,,19725,39,,,0,70,,19748,39,,,0,30,,19734,39,,,0,70,,19717,39,,,0,30,,19729,39,,,0,70,,19740,39,,,0,30,,19724,39,,,0,70,,19720,39,,,0,30,,19733,39,,,0,70,,19716,39,,,0,30,,19728,39,,,0,70,,19736,39,,,0,30,,19723,39,,,0,70,,19745,39,,,0,30,,19732,39,,,0,70,,19715,39,,,0,30,,19727,39,,,0,70,,19739,39,,,0,30,,19721,39,,,0,70,,19743,39,,,0,30,,19742,39,,,0,70,,19714,39,,,0,30,,19722,39,,,0,70,,19737,39,,,0,30,,19746,39,,,0,65,,19744,39,,,0
1029,'1798',619,,19749,39,,,0,100,,19750,39,,,0,100,,19751,39,,,0,100,,19752,39,,,0,100,,19753,39,,,0,100,,19754,39,,,0,100,,19755,39,,,0,100,,19756,39,,,0,100,,19757,39,,,0,100,,19758,39,,,0,100,,19759,39,,,0,100,,19760,39,,,0,100,,19761,39,,,0,100,,19762,39,,,0,100,,19763,39,,,0,100,,19764,39,,,0,100,,19765,39,,,0,95,,19766,39,,,0
1029,'1799',619,,19767,39,,,0,100,,19768,39,,,0,100,,19769,39,,,0,100,,19770,39,,,0,100,,19771,39,,,0,100,,19772,39,,,0,100,,19773,39,,,0,100,,19774,39,,,0,100,,19775,39,,,0,100,,19776,39,,,0,100,,19777,39,,,0,100,,19778,39,,,0,100,,19779,39,,,0,100,,19780,39,,,0,100,,19781,39,,,0,100,,19782,39,,,0,100,,19783,39,,,0,95,,19784,39,,,0
1029,'1800',619,,19785,39,,,0,100,,19786,39,,,0,100,,19787,39,,,0,100,,19788,39,,,0,100,,19789,39,,,0,100,,19790,39,,,0,100,,19791,39,,,0,100,,19792,39,,,0,100,,19793,39,,,0,100,,19794,39,,,0,100,,19795,39,,,0,100,,19796,39,,,0,100,,19797,39,,,0,100,,19798,39,,,0,100,,19799,39,,,0,100,,19800,39,,,0,100,,19801,39,,,0,95,,19802,39,,,0
2029,'1796',537,,14191,21,,,0,67,,14165,36,,,0,30,,14166,36,,,0,70,,14167,36,,,0,30,,14168,36,,,0,70,,14169,36,,,0,30,,14170,36,,,0,70,,14171,36,,,0,30,,14172,36,,,0,70,,14173,36,,,0,30,,14174,36,,,0,70,,14175,36,,,0,30,,14176,36,,,0,70,,14177,36,,,0,30,,14178,36,,,0,70,,14179,36,,,0,30,,14180,36,,,0,70,,14181,36,,,0,30,,14182,36,,,0,70,,14183,36,,,0,30,,14184,36,,,0,70,,14185,36,,,0,30,,14186,36,,,0,70,,14187,36,,,0,30,,14188,36,,,0,70,,14189,36,,,0,30,,14190,36,,,0,70,,14194,36,,,0,30,,14195,36,,,0,100,,14196,36,,,0,100,,14197,36,,,0,100,,14193,36,,,0
2029,'1797',604,,14231,36,0,5 2 15 16 17,0,30,,14214,36,,,0,70,,14221,36,,,0,30,,14200,36,,,0,70,,14206,36,,,0,30,,14215,36,,,0,70,,14222,36,,,0,30,,14201,36,,,0,70,,14207,36,,,0,30,,14216,36,,,0,70,,14223,36,,,0,30,,14202,36,,,0,70,,14208,36,,,0,30,,14217,36,,,0,70,,14224,36,,,0,30,,14203,36,,,0,70,,14209,36,,,0,30,,14218,36,,,0,70,,14225,36,,,0,30,,14204,36,,,0,70,,14210,36,,,0,30,,14219,36,,,0,70,,14226,36,,,0,30,,14205,36,,,0,70,,14211,36,,,0,30,,14220,36,,,0,70,,14227,36,,,0,30,,14212,36,,,0,100,,14228,36,,,0,100,,14213,36,,,0,100,,14229,36,,,0
2029,'1798',634,,14235,36,,,0,70,,14243,36,,,0,30,,14254,36,,,0,70,,14249,36,,,0,30,,14236,36,,,0,70,,14244,36,,,0,30,,14255,36,,,0,70,,14250,36,,,0,30,,14237,36,,,0,70,,14245,36,,,0,30,,14256,36,,,0,70,,14251,36,,,0,30,,14238,36,,,0,70,,14246,36,,,0,30,,14257,36,,,0,70,,14252,36,,,0,30,,14239,36,,,0,70,,14247,36,,,0,30,,14258,36,,,0,70,,14253,36,,,0,30,,14240,36,,,0,70,,14248,36,,,0,30,,14259,36,,,0,100,,14241,36,,,0,100,,14260,36,,,0,100,,14242,36,,,0,100,,14261,36,,,0,100,,14234,36,,,0
2029,'1799',634,,14267,36,,,0,70,,14275,36,,,0,30,,14286,36,,,0,70,,14281,36,,,0,30,,14268,36,,,0,70,,14276,36,,,0,30,,14287,36,,,0,70,,14282,36,,,0,30,,14269,36,,,0,70,,14277,36,,,0,30,,14288,36,,,0,70,,14283,36,,,0,30,,14270,36,,,0,70,,14278,36,,,0,30,,14289,36,,,0,70,,14284,36,,,0,30,,14271,36,,,0,70,,14279,36,,,0,30,,14290,36,,,0,70,,14285,36,,,0,30,,14272,36,,,0,70,,14280,36,,,0,30,,14291,36,,,0,100,,14273,36,,,0,100,,14292,36,,,0,100,,14274,36,,,0,100,,14293,36,,,0,100,,14266,36,,,0
2029,'1800',634,,14299,36,,,0,70,,14307,36,,,0,30,,14318,36,,,0,70,,14313,36,,,0,30,,14300,36,,,0,70,,14308,36,,,0,30,,14319,36,,,0,70,,14314,36,,,0,30,,14301,36,,,0,70,,14309,36,,,0,30,,14320,36,,,0,70,,14315,36,,,0,30,,14302,36,,,0,70,,14310,36,,,0,30,,14321,36,,,0,70,,14316,36,,,0,30,,14303,36,,,0,70,,14311,36,,,0,30,,14322,36,,,0,70,,14317,36,,,0,30,,14304,36,,,0,70,,14312,36,,,0,30,,14323,36,,,0,100,,14305,36,,,0,100,,14324,36,,,0,100,,14306,36,,,0,100,,14325,36,,,0,100,,14298,36,,,0
501029,'1796',534,,21820,2,,,0,95,,21821,2,,,0,10,,17154,2,,,0,10,,21822,2,,,0,10,,21823,2,,,0,60,,21824,2,,,0,15,,21825,2,,,0,17,,21826,2,,,0,52,,21827,2,,,0,13,,21828,2,,,0,5,,21885,2,,,0,5,,21829,2,,,0,11,,21830,2,,,0,15,,21831,2,,,0,52,,21832,2,,,0,15,,21833,2,,,0,15,,21834,2,,,0,15,,21835,2,,,0,55,,21836,2,,,0,15,,21837,2,,,0,15,,21838,2,,,0,15,,21839,2,,,0,55,,21840,2,,,0,15,,21841,2,,,0,15,,21842,2,,,0,15,,21843,2,,,0,55,,21844,2,,,0,15,,21845,2,,,0,15,,21846,2,,,0,15,,21847,2,,,0,55,,21848,2,,,0,15,,21849,2,,,0,15,,21850,2,,,0,15,,21851,2,,,0,56,,21852,2,,,0,15,,21853,2,,,0,15,,21818,2,,,0,15,,21819,2,,,0,52,,21854,2,,,0,6,,17152,2,,,0,6,,21855,2,,,0,12,,21856,2,,,0,12,,21857,2,,,0,12,,21858,2,,,0,52,,21859,2,,,0,6,,17155,2,,,0,6,,21860,2,,,0,12,,21861,2,,,0,12,,21862,2,,,0,11,,21863,2,,,0,52,,21864,2,,,0,12,,21865,2,,,0,12,,21866,2,,,0,12,,21867,2,,,0,12,,21868,2,,,0,52,,21869,2,,,0,12,,21870,2,,,0,12,,21871,2,,,0,12,,21872,2,,,0,12,,21873,2,,,0,55,,21874,2,,,0,15,,21875,2,,,0,15,,21876,2,,,0,70,,21877,2,,,0,30,,21878,2,,,0,70,,21879,2,,,0,25,,21880,2,,,0,30,,21881,2,,,0,70,,21882,2,,,0,30,,21883,2,,,0,66,,21884,2,,,0
501029,'1797',629,,21898,2,,,0,18,,21945,2,4,,0,57,,21903,2,,,0,15,,21938,2,,,0,15,,21897,2,,,0,70,,21904,2,,,0,30,,21896,2,,,0,70,,21902,2,,,0,30,,21895,2,,,0,15,,21888,2,,,0,55,,21901,2,,,0,15,,21900,2,,,0,15,,21913,2,,,0,15,,21922,2,,,0,55,,21939,2,,,0,15,,21931,2,,,0,15,,21914,2,,,0,15,,21923,2,,,0,55,,21940,2,,,0,15,,21932,2,,,0,15,,21915,2,,,0,15,,21924,2,,,0,55,,21941,2,,,0,15,,21933,2,,,0,15,,21916,2,,,0,15,,21925,2,,,0,55,,21942,2,,,0,15,,21934,2,,,0,15,,21917,2,,,0,15,,21926,2,,,0,55,,21943,2,,,0,16,,21935,2,,,0,15,,21918,2,,,0,15,,21927,2,,,0,55,,21944,2,,,0,15,,21936,2,,,0,15,,21919,2,,,0,15,,21928,2,,,0,55,,21921,2,,,0,15,,21937,2,,,0,15,,21920,2,,,0,15,,21929,2,,,0,55,,21910,2,,,0,15,,21912,2,,,0,15,,21894,2,,,0,14,,21930,2,,,0,55,,21911,2,,,0,15,,21946,2,,,0,15,,21893,2,,,0,70,,21908,2,,,0,25,,21892,2,,,0,30,,21909,2,,,0,70,,21891,2,,,0,30,,21907,2,,,0,70,,21890,2,,,0,30,,21906,2,,,0,65,,21889,2,,,0
501029,'1798',629,,21964,2,,,0,30,,21975,2,,,0,70,,21963,2,,,0,30,,21974,2,,,0,70,,21962,2,,,0,30,,21977,2,,,0,70,,21965,2,,,0,75,,21973,2,,,0,15,,21993,2,,,0,15,,21954,2,,,0,15,,21997,2,,,0,55,,21966,2,,,0,15,,21999,2,,,0,15,,21955,2,,,0,15,,21986,2,,,0,55,,21967,2,,,0,15,,21989,2,,,0,15,,21949,2,,,0,15,,21992,2,,,0,55,,21972,2,,,0,15,,21995,2,,,0,15,,21950,2,,,0,15,,22000,2,,,0,55,,21971,2,,,0,15,,21985,2,,,0,15,,21952,2,,,0,15,,21988,2,,,0,55,,21969,2,,,0,16,,21991,2,,,0,15,,21948,2,,,0,15,,21996,2,,,0,55,,21968,2,,,0,15,,21998,2,,,0,15,,21953,2,,,0,15,,21984,2,,,0,55,,21970,2,,,0,15,,21987,2,,,0,15,,21951,2,,,0,15,,21990,2,,,0,55,,21980,2,,,0,30,,21961,2,,,0,69,,21983,2,,,0,15,,21994,2,,,0,10,,21960,2,,,0,30,,21979,2,,,0,70,,21959,2,,,0,30,,21981,2,,,0,70,,21958,2,,,0,30,,21982,2,,,0,70,,21957,2,,,0,30,,21978,2,,,0,65,,21956,2,,,0
501029,'1799',629,,22018,2,,,0,30,,22029,2,,,0,70,,22017,2,,,0,30,,22028,2,,,0,70,,22016,2,,,0,30,,22031,2,,,0,70,,22019,2,,,0,75,,22027,2,,,0,15,,22047,2,,,0,15,,22008,2,,,0,15,,22051,2,,,0,55,,22020,2,,,0,15,,22053,2,,,0,15,,22009,2,,,0,15,,22040,2,,,0,55,,22021,2,,,0,15,,22043,2,,,0,15,,22003,2,,,0,15,,22046,2,,,0,55,,22026,2,,,0,15,,22049,2,,,0,15,,22004,2,,,0,15,,22054,2,,,0,55,,22025,2,,,0,15,,22039,2,,,0,15,,22006,2,,,0,15,,22042,2,,,0,55,,22023,2,,,0,16,,22045,2,,,0,15,,22002,2,,,0,15,,22050,2,,,0,55,,22022,2,,,0,15,,22052,2,,,0,15,,22007,2,,,0,15,,22038,2,,,0,55,,22024,2,,,0,15,,22041,2,,,0,15,,22005,2,,,0,15,,22044,2,,,0,55,,22034,2,,,0,30,,22015,2,,,0,69,,22037,2,,,0,15,,22048,2,,,0,10,,22014,2,,,0,30,,22033,2,,,0,70,,22013,2,,,0,30,,22035,2,,,0,70,,22012,2,,,0,30,,22036,2,,,0,70,,22011,2,,,0,30,,22032,2,,,0,65,,22010,2,,,0
501029,'1800',629,,22072,2,,,0,30,,22083,2,,,0,70,,22071,2,,,0,30,,22082,2,,,0,70,,22070,2,,,0,30,,22085,2,,,0,70,,22073,2,,,0,75,,22081,2,,,0,15,,22101,2,,,0,15,,22062,2,,,0,15,,22105,2,,,0,55,,22074,2,,,0,15,,22107,2,,,0,15,,22063,2,,,0,15,,22094,2,,,0,55,,22075,2,,,0,15,,22097,2,,,0,15,,22057,2,,,0,15,,22100,2,,,0,55,,22080,2,,,0,15,,22103,2,,,0,15,,22058,2,,,0,15,,22108,2,,,0,55,,22079,2,,,0,15,,22093,2,,,0,15,,22060,2,,,0,15,,22096,2,,,0,55,,22077,2,,,0,16,,22099,2,,,0,15,,22056,2,,,0,15,,22104,2,,,0,55,,22076,2,,,0,15,,22106,2,,,0,15,,22061,2,,,0,15,,22092,2,,,0,55,,22078,2,,,0,15,,22095,2,,,0,15,,22059,2,,,0,15,,22098,2,,,0,55,,22088,2,,,0,30,,22069,2,,,0,69,,22091,2,,,0,15,,22102,2,,,0,10,,22068,2,,,0,30,,22087,2,,,0,70,,22067,2,,,0,30,,22089,2,,,0,70,,22066,2,,,0,30,,22090,2,,,0,70,,22065,2,,,0,30,,22086,2,,,0,65,,22064,2,,,0
14000001029,'1796',441,,19519,20,0,18 7,0,102,,23396,20,0,18 7,0,1812,,23398,20,,,0,70,,19523,20,,,0,30,,23400,20,,,0,70,,23397,20,,,0,30,,19524,20,,,0,70,,23399,20,,,0
14000001029,'1797',543,,19531,20,0,18 7,0,1812,,23404,20,,,0,70,,19528,20,,,0,30,,23401,20,,,0,70,,23402,20,,,0,30,,19532,20,,,0,70,,23403,20,,,0
14000001029,'1798',543,,23409,20,0,18 7,0,1812,,23405,20,,,0,70,,19538,20,,,0,30,,23408,20,,,0,70,,23407,20,,,0,30,,19537,20,,,0,70,,23406,20,,,0
14000001029,'1799',543,,23414,20,0,18 7,0,1812,,23410,20,,,0,70,,19545,20,,,0,30,,23413,20,,,0,70,,23412,20,,,0,30,,19544,20,,,0,70,,23411,20,,,0
14000001029,'1800',543,,23419,20,0,18 7,0,1812,,23415,20,,,0,70,,19552,20,,,0,30,,23418,20,,,0,70,,23417,20,,,0,30,,19551,20,,,0,70,,23416,20,,,0
