10029,'1796',604,,15190,10,,,0,100,,20469,10,,,0,100,,20468,10,,,0,101,,20470,10,,,0,100,,20467,10,,,0,100,,20466,10,,,0,100,,20465,10,,,0,100,,20463,10,,,0,100,,20462,10,,,0,100,,20464,10,,,0,100,,15183,10,,,0,100,,15181,10,,,0,100,,20471,10,,,0,100,,15194,10,,,0,100,,15195,10,,,0,100,,20472,10,,,0,100,,20473,10,,,0,99,,20474,10,0,27 28 1 29,0,100,,15198,10,0,27 28 1 29,0
10029,'1797',705,,15214,10,,,0,100,,15207,10,,,0,100,,15200,10,,,0,100,,15208,10,,,0,100,,15201,10,,,0,100,,15209,10,,,0,100,,15202,10,,,0,100,,15210,10,,,0,100,,15203,10,,,0,100,,15211,10,,,0,100,,15204,10,,,0,100,,15212,10,,,0,100,,15205,10,,,0,100,,15213,10,,,0,100,,15206,10,,,0,99,,15216,10,0,27 28 1 29,0,200,,20475,10,0,27 28 1 29,0
10029,'1798',905,,15221,10,,,0,100,,15227,10,,,0,100,,15220,10,,,0,100,,15225,10,,,0,100,,15218,10,,,0,100,,15223,10,,,0,100,,15224,10,,,0,100,,15226,10,,,0,100,,15219,10,,,0,100,,15217,10,,,0,100,,15222,10,,,0,99,,15228,10,0,27 28 1 29,0
10029,'1799',905,,15233,10,,,0,100,,15239,10,,,0,100,,15232,10,,,0,100,,15237,10,,,0,100,,15230,10,,,0,100,,15235,10,,,0,100,,15236,10,,,0,100,,15238,10,,,0,100,,15231,10,,,0,100,,15229,10,,,0,100,,15234,10,,,0,99,,15240,10,0,27 28 1 29,0
10029,'1800',905,,15245,10,,,0,100,,15251,10,,,0,100,,15244,10,,,0,100,,15249,10,,,0,100,,15242,10,,,0,100,,15247,10,,,0,100,,15248,10,,,0,100,,15250,10,,,0,100,,15243,10,,,0,100,,15241,10,,,0,100,,15246,10,,,0,99,,15252,10,0,27 28 1 29,0
15019,'1796',652,,20744,32,,,0,70,,20745,32,,,0,35,,20746,32,,,0,70,,20747,32,,,0,26,,20748,32,,,0,70,,20749,32,,,0,30,,15605,32,,,0,70,,20750,32,,,0,30,,20751,32,,,0,70,,20752,32,,,0,30,,20753,32,,,0,70,,15610,32,,,0,30,,15611,32,,,0,70,,20754,32,,,0,30,,20755,32,,,0,70,,15614,32,,,0,32,,20756,32,,,0,70,,20757,32,,,0,30,,20758,32,,,0,70,,15618,32,,,0,29,,20759,32,,,0,70,,20760,32,,,0,28,,20761,32,,,0,70,,15622,32,,,0,30,,20762,32,,,0,70,,20763,32,,,0,30,,20764,32,,,0,100,,20765,32,,,0,98,,20766,32,,,0,100,,15628,32,0,5 2 6 7,0
15019,'1797',727,,15629,32,,,0,100,,20767,32,,,0,100,,20768,32,,,0,101,,15632,32,,,0,100,,20769,32,,,0,100,,20770,32,,,0,101,,15635,32,,,0,100,,20771,32,,,0,100,,20772,32,,,0,99,,15638,32,,,0,100,,20773,32,,,0,100,,20774,32,,,0,100,,15641,32,,,0,99,,20775,32,,,0
15019,'1798',727,,20781,32,,,0,100,,15653,32,,,0,100,,15656,32,,,0,101,,20780,32,,,0,100,,15651,32,,,0,100,,15649,32,,,0,101,,20779,32,,,0,100,,15650,32,,,0,100,,15647,32,,,0,99,,20778,32,,,0,100,,15645,32,,,0,100,,15646,32,,,0,100,,20777,32,,,0,99,,15657,32,,,0
15019,'1799',727,,20786,32,,,0,100,,15667,32,,,0,100,,15670,32,,,0,101,,20785,32,,,0,100,,15665,32,,,0,100,,15663,32,,,0,101,,20784,32,,,0,100,,15664,32,,,0,100,,15661,32,,,0,99,,20783,32,,,0,100,,15659,32,,,0,100,,15660,32,,,0,100,,20782,32,,,0,99,,15671,32,,,0
15019,'1800',727,,20791,32,,,0,100,,15681,32,,,0,100,,15684,32,,,0,101,,20790,32,,,0,100,,15679,32,,,0,100,,15677,32,,,0,101,,20789,32,,,0,100,,15678,32,,,0,100,,15675,32,,,0,99,,20788,32,,,0,100,,15673,32,,,0,100,,15674,32,,,0,100,,20787,32,,,0,99,,15685,32,,,0
