1019,'1796',548,,13774,22,,,0,70,,19586,22,,,0,30,,19562,22,,,0,71,,19557,22,,,0,31,,19575,22,,,0,71,,19559,22,,,0,30,,19564,22,,,0,69,,19589,22,,,0,30,,19561,22,,,0,70,,19555,22,,,0,31,,19574,22,,,0,70,,19560,22,,,0,30,,19565,22,,,0,70,,19585,22,,,0,30,,19563,22,,,0,71,,19556,22,,,0,30,,19587,22,,,0,70,,19558,22,,,0,30,,19566,22,,,0,70,,19584,22,,,0,29,,19577,22,,,0,70,,19569,22,,,0,30,,19567,22,,,0,70,,19570,22,,,0,30,,19572,22,,,0,69,,19571,22,,,0,29,,19568,22,,,0,70,,19588,22,,,0,30,,19582,22,,,0,70,,19583,22,,,0,30,,19581,22,,,0,70,,19580,22,,,0,34,,19579,22,,,0,70,,19578,22,,,0,30,,19576,22,,,0,65,,19573,22,,,0
1019,'1797',548,,19601,22,,,0,70,,19615,22,,,0,30,,19600,22,,,0,70,,19620,22,,,0,31,,19610,22,,,0,70,,19594,22,,,0,30,,19616,22,,,0,70,,19618,22,,,0,30,,19599,22,,,0,70,,19621,22,,,0,30,,19609,22,,,0,70,,19593,22,,,0,30,,19604,22,,,0,70,,19614,22,,,0,30,,19598,22,,,0,70,,19622,22,,,0,30,,19608,22,,,0,70,,19592,22,,,0,30,,19603,22,,,0,70,,19613,22,,,0,30,,19597,22,,,0,70,,19623,22,,,0,30,,19607,22,,,0,70,,19591,22,,,0,30,,19602,22,,,0,70,,19612,22,,,0,30,,19595,22,,,0,70,,19624,22,,,0,30,,19605,22,,,0,70,,19590,22,,,0,30,,19596,22,,,0,70,,19611,22,,,0,34,,19606,22,,,0,70,,19625,22,,,0,30,,19619,22,,,0,65,,19617,22,,,0
1019,'1798',618,,19626,22,,,0,100,,19627,22,,,0,101,,19628,22,,,0,100,,19629,22,,,0,100,,19630,22,,,0,100,,19631,22,,,0,100,,19632,22,,,0,100,,19633,22,,,0,100,,19634,22,,,0,100,,19635,22,,,0,100,,19636,22,,,0,100,,19637,22,,,0,100,,19638,22,,,0,100,,19639,22,,,0,100,,19640,22,,,0,100,,19641,22,,,0,104,,19642,22,,,0,95,,19643,22,,,0
1019,'1799',618,,19644,22,,,0,100,,19645,22,,,0,101,,19646,22,,,0,100,,19647,22,,,0,100,,19648,22,,,0,100,,19649,22,,,0,100,,19650,22,,,0,100,,19651,22,,,0,100,,19652,22,,,0,100,,19653,22,,,0,100,,19654,22,,,0,100,,19655,22,,,0,100,,19656,22,,,0,100,,19657,22,,,0,100,,19658,22,,,0,100,,19659,22,,,0,104,,19660,22,,,0,95,,19661,22,,,0
1019,'1800',618,,19662,22,,,0,100,,19663,22,,,0,101,,19664,22,,,0,100,,19665,22,,,0,100,,19666,22,,,0,100,,19667,22,,,0,100,,19668,22,,,0,100,,19669,22,,,0,100,,19670,22,,,0,100,,19671,22,,,0,100,,19672,22,,,0,100,,19673,22,,,0,100,,19674,22,,,0,100,,19675,22,,,0,100,,19676,22,,,0,100,,19677,22,,,0,104,,19678,22,,,0,95,,19679,22,,,0
32019,'1796',636,,21513,22,,,0,66,,21529,22,,,0,32,,21508,22,,,0,70,,21524,22,,,0,30,,21534,22,,,0,69,,21518,22,,,0,30,,21516,22,,,0,70,,21528,22,,,0,30,,21506,22,,,0,70,,21522,22,,,0,30,,21533,22,,,0,70,,21520,22,,,0,30,,21515,22,,,0,70,,21527,22,,,0,30,,21509,22,,,0,70,,21521,22,,,0,30,,21532,22,,,0,70,,21519,22,,,0,31,,21512,22,,,0,70,,21526,22,,,0,31,,21505,22,,,0,70,,21523,22,,,0,29,,21531,22,,,0,69,,21517,22,,,0,30,,21514,22,,,0,70,,21525,22,,,0,29,,21510,22,,,0,100,,21530,22,,,0,99,,21511,22,,,0,100,,21507,22,,,0,95,,21540,22,0,5 2 8 7,0
32019,'1797',635,,21553,22,,,0,65,,21570,22,,,0,30,,21547,22,,,0,70,,21564,22,,,0,30,,21571,22,,,0,70,,21559,22,,,0,30,,21552,22,,,0,71,,21569,22,,,0,30,,21546,22,,,0,70,,21563,22,,,0,31,,21574,22,,,0,70,,21558,22,,,0,30,,21551,22,,,0,70,,21568,22,,,0,30,,21545,22,,,0,70,,21562,22,,,0,30,,21573,22,,,0,70,,21557,22,,,0,30,,21550,22,,,0,70,,21567,22,,,0,30,,21544,22,,,0,70,,21561,22,,,0,30,,21575,22,,,0,70,,21556,22,,,0,30,,21549,22,,,0,70,,21565,22,,,0,30,,21543,22,,,0,100,,21572,22,,,0,99,,21548,22,,,0,100,,21542,22,,,0,100,,21576,22,0,5 2 8 7,0
32019,'1798',635,,21579,22,,,0,95,,21580,22,,,0,100,,21581,22,,,0,100,,21582,22,,,0,101,,21583,22,,,0,101,,21584,22,,,0,100,,21585,22,,,0,100,,21586,22,,,0,100,,21587,22,,,0,100,,21588,22,,,0,100,,21589,22,,,0,100,,21590,22,,,0,100,,21591,22,,,0,100,,21592,22,,,0,100,,21593,22,,,0,99,,21594,22,,,0,100,,21595,22,,,0,95,,21597,22,0,5 2 8 7,0
32019,'1799',635,,21598,22,,,0,95,,21599,22,,,0,100,,21600,22,,,0,100,,21601,22,,,0,101,,21602,22,,,0,101,,21603,22,,,0,100,,21604,22,,,0,100,,21605,22,,,0,100,,21606,22,,,0,100,,21607,22,,,0,100,,21608,22,,,0,100,,21609,22,,,0,100,,21610,22,,,0,100,,21611,22,,,0,100,,21612,22,,,0,99,,21613,22,,,0,100,,21614,22,,,0,95,,21616,22,0,5 2 8 7,0
32019,'1800',635,,21617,22,,,0,95,,21618,22,,,0,100,,21619,22,,,0,100,,21620,22,,,0,101,,21621,22,,,0,101,,21622,22,,,0,100,,21623,22,,,0,100,,21624,22,,,0,100,,21625,22,,,0,100,,21626,22,,,0,100,,21627,22,,,0,100,,21628,22,,,0,100,,21629,22,,,0,100,,21630,22,,,0,100,,21631,22,,,0,99,,21632,22,,,0,100,,21633,22,,,0,95,,21635,22,0,5 2 8 7,0
802019,'1796',607,,19265,3,,,0,45,,23285,3,,,0,70,,23284,3,,,0,20,,23287,3,,,0,60,,23264,3,,,0,30,,19259,3,,,0,70,,23265,3,,,0,30,,23266,3,,,0,70,,19233,3,,,0,30,,23267,3,,,0,70,,23268,3,,,0,30,,23269,3,,,0,70,,23270,3,,,0,30,,23271,3,,,0,70,,23272,3,,,0,30,,23273,3,,,0,70,,23274,3,,,0,30,,23275,3,,,0,71,,19243,3,,,0,20,,23276,3,,,0,20,,19245,3,,,0,60,,19261,3,,,0,20,,19246,3,,,0,20,,19247,3,,,0,60,,23277,3,,,0,19,,23278,3,,,0,20,,23286,3,,,0,60,,19250,3,,,0,20,,23279,3,,,0,20,,19252,3,,,0,60,,19253,3,,,0,30,,23280,3,,,0,70,,23281,3,,,0,25,,19256,3,,,0,30,,23282,3,,,0,70,,23283,3,,,0
802019,'1797',832,,19292,3,,,0,70,,23295,3,,,0,30,,19288,3,,,0,70,,19289,3,,,0,30,,23293,3,,,0,70,,19270,3,,,0,30,,19283,3,,,0,70,,23292,3,,,0,30,,19269,3,,,0,70,,19282,3,,,0,30,,23290,3,,,0,70,,19271,3,,,0,30,,19281,3,,,0,70,,23291,3,,,0,30,,19267,3,,,0,70,,19280,3,,,0,30,,23289,3,,,0,70,,19268,3,,,0,30,,19279,3,,,0,70,,23288,3,,,0,30,,19266,3,,,0,70,,19278,3,,,0,30,,23294,3,,,0,70,,19285,3,,,0,30,,19286,3,,,0,70,,23296,3,,,0,30,,19290,3,,,0
802019,'1798',832,,19294,3,,,0,70,,19306,3,,,0,30,,23297,3,,,0,70,,19295,3,,,0,30,,19300,3,,,0,70,,19304,3,,,0,30,,19311,3,,,0,70,,19315,3,,,0,30,,19303,3,,,0,70,,19305,3,,,0,30,,19316,3,,,0,70,,19310,3,,,0,30,,19299,3,,,0,70,,19314,3,,,0,30,,19309,3,,,0,70,,19297,3,,,0,30,,19313,3,,,0,70,,19293,3,,,0,30,,19312,3,,,0,70,,19319,3,,,0,30,,19308,3,,,0,70,,19298,3,,,0,30,,19317,3,,,0,70,,19301,3,,,0,30,,19296,3,,,0,70,,19318,3,,,0,30,,19302,3,,,0
802019,'1799',832,,19321,3,,,0,70,,19333,3,,,0,30,,23298,3,,,0,70,,19322,3,,,0,30,,19327,3,,,0,70,,19331,3,,,0,30,,19338,3,,,0,70,,19342,3,,,0,30,,19330,3,,,0,70,,19332,3,,,0,30,,19343,3,,,0,70,,19337,3,,,0,30,,19326,3,,,0,70,,19341,3,,,0,30,,19336,3,,,0,70,,19324,3,,,0,30,,19340,3,,,0,70,,19320,3,,,0,30,,19339,3,,,0,70,,19346,3,,,0,30,,19335,3,,,0,70,,19325,3,,,0,30,,19344,3,,,0,70,,19328,3,,,0,30,,19323,3,,,0,70,,19345,3,,,0,30,,19329,3,,,0
802019,'1800',832,,19348,3,,,0,70,,19360,3,,,0,30,,23299,3,,,0,70,,19349,3,,,0,30,,19354,3,,,0,70,,19358,3,,,0,30,,19365,3,,,0,70,,19369,3,,,0,30,,19357,3,,,0,70,,19359,3,,,0,30,,19370,3,,,0,70,,19364,3,,,0,30,,19353,3,,,0,70,,19368,3,,,0,30,,19363,3,,,0,70,,19351,3,,,0,30,,19367,3,,,0,70,,19347,3,,,0,30,,19366,3,,,0,70,,19373,3,,,0,30,,19362,3,,,0,70,,19352,3,,,0,30,,19371,3,,,0,70,,19355,3,,,0,30,,19350,3,,,0,70,,19372,3,,,0,30,,19356,3,,,0
