22029,'1796',638,,21307,4,0,19 2 20 21,0,70,,21308,4,0,19 2 20 21,0,30,,21309,4,0,19 2 20 21,0,73,,21310,4,0,19 2 20 21,0,30,,21311,4,0,19 2 20 21,0,70,,21312,4,,,0,29,,21313,4,,,0,70,,21318,4,,,0,30,,21314,4,,,0,70,,21319,4,,,0,30,,21315,4,,,0,70,,21306,4,,,0,30,,21316,4,,,0,70,,21317,4,,,0,31,,21320,4,,,0,70,,21321,4,,,0,30,,21322,4,,,0,70,,21323,4,,,0,30,,21324,4,,,0,70,,21325,4,,,0,30,,21326,4,,,0,69,,21327,4,,,0,30,,21328,4,,,0,70,,21329,4,,,0,28,,21330,4,,,0,70,,16417,4,,,0,30,,21331,4,,,0,65,,21332,4,,,0,30,,21333,4,,,0,70,,16421,4,,,0,29,,21334,4,0,19 2 20 21,0,170,,16423,4,0,19 2 20 21,0,35,,16424,4,0,19 2 20 21,0
22029,'1797',606,,16449,4,0,19 2 20 21,0,30,,16443,4,0,19 2 20 21,0,67,,16450,4,0,19 2 20 21,0,30,,16444,4,0,19 2 20 21,0,70,,16451,4,0,19 2 20 21,0,30,,16425,4,,,0,70,,16426,4,,,0,30,,16427,4,,,0,70,,16428,4,,,0,30,,16429,4,,,0,70,,16430,4,,,0,30,,16431,4,,,0,70,,16432,4,,,0,30,,16433,4,,,0,70,,16434,4,,,0,31,,16435,4,,,0,69,,16436,4,,,0,31,,16437,4,,,0,70,,16438,4,,,0,30,,16439,4,,,0,70,,16440,4,,,0,30,,16441,4,,,0,69,,16442,4,,,0,31,,16445,4,0,19 2 20 21,0,69,,16452,4,0,19 2 20 21,0,30,,16446,4,0,19 2 20 21,0,70,,16453,4,0,19 2 20 21,0,30,,16447,4,0,19 2 20 21,0,70,,16454,4,0,19 2 20 21,0,30,,16448,4,0,19 2 20 21,0,67,,16455,4,0,19 2 20 21,0,33,,16456,4,0,19 2 20 21,0,175,,16458,4,0,19 2 20 21,0,30,,16457,4,0,19 2 20 21,0
22029,'1798',706,,21346,4,0,19 2 20 21,0,97,,21335,4,,,0,100,,21336,4,,,0,100,,21337,4,,,0,100,,21338,4,,,0,100,,21339,4,,,0,100,,21340,4,,,0,100,,21341,4,,,0,100,,21342,4,,,0,100,,21343,4,,,0,100,,21344,4,,,0,100,,16473,4,0,19 2 20 21,0,100,,21345,4,0,19 2 20 21,0,100,,16471,4,0,19 2 20 21,0,100,,21347,4,0,19 2 20 21,0,205,,16475,4,0,19 2 20 21,0,30,,16474,4,0,19 2 20 21,0
22029,'1799',706,,21359,4,0,19 2 20 21,0,97,,21348,4,,,0,100,,21349,4,,,0,100,,21350,4,,,0,100,,21351,4,,,0,100,,21352,4,,,0,100,,21353,4,,,0,100,,21354,4,,,0,100,,21355,4,,,0,100,,21356,4,,,0,100,,21357,4,,,0,100,,16490,4,0,19 2 20 21,0,100,,21358,4,0,19 2 20 21,0,100,,16488,4,0,19 2 20 21,0,100,,21360,4,0,19 2 20 21,0,205,,16492,4,0,19 2 20 21,0,30,,16491,4,0,19 2 20 21,0
22029,'1800',706,,21372,4,0,19 2 20 21,0,97,,21361,4,,,0,100,,21362,4,,,0,100,,21363,4,,,0,100,,21364,4,,,0,100,,21365,4,,,0,100,,21366,4,,,0,100,,21367,4,,,0,100,,21368,4,,,0,100,,21369,4,,,0,100,,21370,4,,,0,100,,16507,4,0,19 2 20 21,0,100,,21371,4,0,19 2 20 21,0,100,,16505,4,0,19 2 20 21,0,100,,21373,4,0,19 2 20 21,0,205,,16509,4,0,19 2 20 21,0,30,,16508,4,0,19 2 20 21,0
601019,'1796',610,,17864,4,,,0,20,,17856,4,,,0,14,,22567,4,0,19 2 11 2 22 1 23,0,14,,17851,4,0,19 2 11 2 22 1 23,0,52,,22566,4,0,19 2 11 2 22 1 23,0,15,,17866,4,0,19 2 11 2 22 1 23,0,15,,22568,4,0,19 2 11 2 22 1 23,0,15,,17850,4,0,19 2 11 2 22 1 23,0,55,,22565,4,0,19 2 11 2 22 1 23,0,15,,17865,4,0,19 2 11 2 22 1 23,0,25,,17876,4,,,0,70,,17881,4,,,0,30,,17882,4,,,0,70,,17879,4,,,0,30,,17877,4,,,0,70,,17883,4,,,0,30,,17885,4,,,0,70,,17880,4,,,0,30,,17878,4,,,0,70,,17886,4,,,0,30,,17884,4,,,0,60,,17844,4,,,0,15,,17873,4,0,19 2 11 2 22 1 23,0,15,,17861,4,0,19 2 11 2 22 1 23,0,15,,17869,4,0,19 2 11 2 22 1 23,0,55,,17857,4,0,19 2 11 2 22 1 23,0,15,,17870,4,0,19 2 11 2 22 1 23,0,15,,17860,4,0,19 2 11 2 22 1 23,0,15,,17867,4,0,19 2 11 2 22 1 23,0,55,,17862,4,0,19 2 11 2 22 1 23,0,15,,17868,4,0,19 2 11 2 22 1 23,0,15,,17854,4,0,19 2 11 2 22 1 23,0,15,,17871,4,0,19 2 11 2 22 1 23,0,55,,17849,4,0,19 2 11 2 22 1 23,0,15,,17874,4,0,19 2 11 2 22 1 23,0,15,,17853,4,0,19 2 11 2 22 1 23,0,15,,17872,4,0,19 2 11 2 22 1 23,0,55,,17838,4,,,0,30,,17839,4,,,0,15,,17847,4,,,0,55,,17845,4,,,0,29,,17842,4,,,0,70,,17843,4,,,0,30,,17837,4,,,0,70,,17840,4,,,0,30,,17836,4,,,0,70,,17841,4,,,0,33,,17846,4,,,0
601019,'1797',613,,17903,4,,,0,30,,17921,4,,,0,70,,17902,4,,,0,30,,17920,4,,,0,70,,17901,4,,,0,30,,17919,4,,,0,70,,17900,4,,,0,30,,17918,4,,,0,70,,17898,4,,,0,30,,17916,4,,,0,70,,17899,4,,,0,30,,17917,4,,,0,70,,17897,4,,,0,30,,17915,4,,,0,70,,17888,4,,,0,30,,17914,4,,,0,70,,17896,4,,,0,30,,17913,4,,,0,70,,17894,4,,,0,30,,17912,4,,,0,70,,17889,4,,,0,30,,17910,4,,,0,70,,17891,4,,,0,30,,17911,4,,,0,70,,17895,4,,,0,30,,17909,4,,,0,69,,17890,4,,,0,30,,17908,4,,,0,70,,17893,4,,,0,30,,17907,4,,,0,70,,17892,4,,,0,30,,17906,4,,,0,70,,17887,4,,,0,30,,17905,4,,,0
601019,'1798',2242,,17922,4,,,0
601019,'1799',613,,17927,4,,,0,30,,17930,4,,,0,70,,17954,4,,,0,30,,17939,4,,,0,70,,17957,4,,,0,30,,17925,4,,,0,70,,17932,4,,,0,30,,17952,4,,,0,70,,17955,4,,,0,30,,17926,4,,,0,70,,17938,4,,,0,30,,17956,4,,,0,70,,17951,4,,,0,30,,17929,4,,,0,70,,17941,4,,,0,30,,17947,4,,,0,70,,17944,4,,,0,30,,17934,4,,,0,70,,17933,4,,,0,30,,17928,4,,,0,70,,17948,4,,,0,30,,17937,4,,,0,70,,17950,4,,,0,30,,17946,4,,,0,70,,17931,4,,,0,30,,17953,4,,,0,69,,17945,4,,,0,30,,17959,4,,,0,70,,17942,4,,,0,30,,17958,4,,,0,70,,17935,4,,,0,30,,17936,4,,,0,70,,17943,4,,,0,30,,17940,4,,,0
601019,'1800',2242,,17960,4,,,0
