6019,'1796',702,,20108,25,,,0,29,,14636,25,,,0,70,,20109,25,,,0,30,,20110,25,,,0,70,,20111,25,,,0,31,,20112,25,,,0,70,,20113,25,,,0,30,,20114,25,,,0,70,,20115,25,,,0,30,,20116,25,,,0,70,,20117,25,,,0,30,,20118,25,,,0,70,,20119,25,,,0,30,,20120,25,,,0,70,,20121,25,,,0,31,,20122,25,,,0,73,,20123,25,,,0,30,,20124,25,,,0,70,,20125,25,,,0,30,,20126,25,,,0,70,,20127,25,,,0,28,,20128,25,,,0,67,,20129,25,,,0,30,,20130,25,,,0,70,,20131,25,,,0,27,,20107,25,,,0,96,,20104,25,,,0,100,,14632,25,,,0,100,,20105,25,,,0,100,,20106,25,,,0
6019,'1797',656,,20134,25,,,0,70,,14662,25,,,0,28,,20152,25,,,0,70,,14675,25,,,0,30,,20136,25,,,0,70,,20145,25,,,0,30,,20153,25,,,0,72,,20151,25,,,0,30,,20144,25,,,0,70,,20156,25,,,0,30,,20143,25,,,0,70,,20150,25,,,0,30,,20142,25,,,0,70,,20155,25,,,0,30,,20141,25,,,0,70,,20149,25,,,0,30,,20140,25,,,0,70,,20154,25,,,0,30,,20139,25,,,0,70,,20148,25,,,0,30,,20138,25,,,0,70,,20132,25,,,0,30,,20137,25,,,0,70,,20147,25,,,0,30,,20135,25,,,0,68,,20146,25,,,0,101,,14687,13,,,0,100,,20133,13,,,0
6019,'1798',855,,20163,13,,,0,100,,20157,13,,,0,100,,20162,13,,,0,100,,20167,13,,,0,101,,20161,13,,,0,100,,20166,13,,,0,100,,20160,13,,,0,100,,20165,13,,,0,100,,20159,13,,,0,100,,20164,13,,,0,99,,20158,13,,,0,100,,20168,13,,,0
6019,'1799',855,,20175,13,,,0,100,,20169,13,,,0,100,,20174,13,,,0,100,,20179,13,,,0,101,,20173,13,,,0,100,,20178,13,,,0,100,,20172,13,,,0,100,,20177,13,,,0,100,,20171,13,,,0,100,,20176,13,,,0,99,,20170,13,,,0,100,,20180,13,,,0
6019,'1800',855,,20187,13,,,0,100,,20181,13,,,0,100,,20186,13,,,0,100,,20191,13,,,0,101,,20185,13,,,0,100,,20190,13,,,0,100,,20184,13,,,0,100,,20189,13,,,0,100,,20183,13,,,0,100,,20188,13,,,0,99,,20182,13,,,0,100,,20192,13,,,0
13019,'1796',631,,20594,28,,,0,71,,20595,28,,,0,30,,20596,28,,,0,70,,20597,28,,,0,56,,20598,28,,,0,100,,20599,28,,,0,100,,20600,28,,,0,100,,20601,28,,,0,100,,15427,28,,,0,100,,20602,28,,,0,70,,20603,28,,,0,31,,20604,28,,,0,72,,20605,28,,,0,71,,20611,28,,,0,30,,20606,28,,,0,70,,20612,28,,,0,30,,15433,28,,,0,70,,20610,28,,,0,57,,20607,28,,,0,100,,20609,28,,,0,99,,20608,28,,,0,98,,15437,28,,,0,71,,15435,7,,,0,29,,15436,28,,,0
13019,'1797',721,,20613,28,,,0,101,,20614,28,,,0,100,,20615,28,,,0,100,,20616,28,,,0,101,,15447,28,,,0,101,,20617,28,,,0,100,,15449,28,,,0,100,,15450,28,,,0,100,,20618,28,,,0,100,,20619,28,,,0,98,,20620,28,,,0,100,,20621,28,,,0,100,,20622,28,,,0,99,,20623,28,,,0,100,,15457,28,,,0,200,,20624,28,,,0
13019,'1798',822,,20626,28,,,0,100,,20627,28,,,0,100,,20628,28,,,0,101,,20629,28,,,0,101,,20630,28,,,0,100,,20631,28,,,0,100,,20632,28,,,0,100,,20633,28,,,0,100,,20634,28,,,0,98,,20635,28,,,0,100,,20636,28,,,0,100,,20637,28,,,0,99,,20638,28,,,0,100,,20639,28,,,0,100,,20625,28,,,0
13019,'1799',822,,20641,28,,,0,100,,20642,28,,,0,100,,20643,28,,,0,101,,20644,28,,,0,101,,20645,28,,,0,100,,20646,28,,,0,100,,20647,28,,,0,100,,20648,28,,,0,100,,20649,28,,,0,98,,20650,28,,,0,100,,20651,28,,,0,100,,20652,28,,,0,99,,20653,28,,,0,100,,20654,28,,,0,100,,20640,28,,,0
13019,'1800',822,,20656,28,,,0,100,,20657,28,,,0,100,,20658,28,,,0,101,,20659,28,,,0,101,,20660,28,,,0,100,,20661,28,,,0,100,,20662,28,,,0,100,,20663,28,,,0,100,,20664,28,,,0,98,,20665,28,,,0,100,,20666,28,,,0,100,,20667,28,,,0,99,,20668,28,,,0,100,,20669,28,,,0,100,,20655,28,,,0
15029,'1796',629,,20792,38,,,0,20,,15687,38,,,0,71,,15688,78,,,0,33,,15689,78,,,0,74,,20793,78,,,0,29,,20794,78,,,0,73,,20795,78,,,0,30,,20796,78,,,0,65,,20797,78,,,0,30,,20798,78,,,0,70,,15696,78,,,0,30,,20799,78,,,0,70,,20800,78,,,0,30,,20801,78,,,0,70,,20802,78,,,0,30,,15701,78,,,0,70,,15702,78,,,0,34,,20803,78,,,0,73,,20804,78,,,0,75,,15705,78,,,0,32,,20805,78,,,0,68,,20806,78,,,0,24,,20807,78,,,0,23,,15709,78,,,0,69,,20808,78,,,0,29,,20809,78,,,0,67,,20810,78,,,0,30,,15713,78,,,0,70,,20811,78,,,0,30,,20812,78,,,0,70,,20813,78,,,0,98,,20815,78,,,0,97,,20814,78,,,0
15029,'1797',623,,20817,38,,,0,133,,20818,78,,,0,93,,15723,78,,,0,100,,20819,78,,,0,100,,20820,78,,,0,103,,15726,78,,,0,100,,20821,78,,,0,100,,20822,78,,,0,106,,15729,78,,,0,100,,20823,78,,,0,97,,20824,78,,,0,98,,15732,78,,,0,99,,20825,78,,,0,99,,20816,78,,,0,100,,15720,78,,,0
15029,'1798',751,,15747,78,,,0,98,,20829,78,,,0,102,,15744,78,,,0,100,,15745,78,,,0,103,,20830,78,,,0,100,,15742,78,,,0,100,,15739,78,,,0,102,,20828,78,,,0,100,,15741,78,,,0,98,,15738,78,,,0,99,,20827,78,,,0,99,,15736,78,,,0,99,,15737,78,,,0,100,,20826,78,,,0
15029,'1799',751,,15761,78,,,0,98,,20834,78,,,0,102,,15758,78,,,0,100,,15759,78,,,0,103,,20835,78,,,0,100,,15756,78,,,0,100,,15753,78,,,0,102,,20833,78,,,0,100,,15755,78,,,0,98,,15752,78,,,0,99,,20832,78,,,0,99,,15750,78,,,0,99,,15751,78,,,0,100,,20831,78,,,0
15029,'1800',751,,15775,78,,,0,98,,20839,78,,,0,102,,15772,78,,,0,100,,15773,78,,,0,103,,20840,78,,,0,100,,15770,78,,,0,100,,15767,78,,,0,102,,20838,78,,,0,100,,15769,78,,,0,98,,15766,78,,,0,99,,20837,78,,,0,99,,15764,78,,,0,99,,15765,78,,,0,100,,20836,78,,,0
19019,'1796',842,,20983,15,,,0,68,,20980,15,,,0,30,,20978,15,,,0,70,,20979,15,,,0,30,,20984,15,,,0,70,,20986,15,,,0,30,,15999,15,,,0,70,,20994,15,,,0,30,,20982,15,,,0,70,,20993,15,,,0,30,,15997,15,,,0,70,,20995,15,,,0,30,,20991,15,,,0,72,,20981,15,,,0,31,,16007,15,,,0,297,,20990,15,,,0,70,,20996,15,,,0,30,,20989,15,,,0,100,,20988,15,,,0,99,,20987,15,,,0,99,,20992,15,,,0,99,,20985,15,,,0
19019,'1797',628,,16048,15,,,0,80,,21010,15,,,0,30,,21001,15,,,0,70,,21020,15,,,0,30,,21012,15,,,0,70,,21003,15,,,0,30,,20998,15,,,0,70,,21018,15,,,0,31,,21019,15,,,0,71,,21011,15,,,0,30,,21002,15,,,0,70,,21000,15,,,0,30,,21014,15,,,0,70,,21008,15,,,0,30,,21016,15,,,0,70,,21024,15,,,0,31,,21017,15,,,0,71,,20999,15,,,0,30,,20997,15,,,0,70,,21004,15,,,0,30,,21013,15,,,0,68,,21007,15,,,0,29,,21005,15,,,0,70,,21015,15,,,0,30,,21021,15,,,0,70,,21006,15,,,0,30,,21022,15,,,0,110,,16044,15,,,0,70,,21009,15,,,0,100,,16035,15,,,0,100,,16030,15,,,0,25,,21023,15,,,0
19019,'1798',626,,21038,15,,,0,112,,21025,15,,,0,100,,21042,15,,,0,70,,21030,15,,,0,30,,21031,15,,,0,70,,21035,15,,,0,31,,21049,15,,,0,71,,21047,15,,,0,30,,21048,15,,,0,70,,21028,15,,,0,30,,21050,15,,,0,70,,21027,15,,,0,30,,21052,15,,,0,70,,21043,15,,,0,31,,21045,15,,,0,71,,21033,15,,,0,30,,21036,15,,,0,70,,21039,15,,,0,30,,21041,15,,,0,68,,21029,15,,,0,29,,21032,15,,,0,70,,21046,15,,,0,30,,21034,15,,,0,70,,21037,15,,,0,30,,21026,15,,,0,70,,21044,15,,,0,45,,21040,15,,,0,100,,16072,15,,,0,100,,16073,15,,,0,84,,21051,15,,,0
19019,'1799',626,,21066,15,,,0,112,,21053,15,,,0,100,,21070,15,,,0,70,,21058,15,,,0,30,,21059,15,,,0,70,,21063,15,,,0,31,,21077,15,,,0,71,,21075,15,,,0,30,,21076,15,,,0,70,,21056,15,,,0,30,,21078,15,,,0,70,,21055,15,,,0,30,,21080,15,,,0,70,,21071,15,,,0,31,,21073,15,,,0,71,,21061,15,,,0,30,,21064,15,,,0,70,,21067,15,,,0,30,,21069,15,,,0,68,,21057,15,,,0,29,,21060,15,,,0,70,,21074,15,,,0,30,,21062,15,,,0,70,,21065,15,,,0,30,,21054,15,,,0,70,,21072,15,,,0,45,,21068,15,,,0,100,,16102,15,,,0,100,,16103,15,,,0,84,,21079,15,,,0
19019,'1800',626,,21094,15,,,0,112,,21081,15,,,0,100,,21098,15,,,0,70,,21086,15,,,0,30,,21087,15,,,0,70,,21091,15,,,0,31,,21105,15,,,0,71,,21103,15,,,0,30,,21104,15,,,0,70,,21084,15,,,0,30,,21106,15,,,0,70,,21083,15,,,0,30,,21108,15,,,0,70,,21099,15,,,0,31,,21101,15,,,0,71,,21089,15,,,0,30,,21092,15,,,0,70,,21095,15,,,0,30,,21097,15,,,0,68,,21085,15,,,0,29,,21088,15,,,0,70,,21102,15,,,0,30,,21090,15,,,0,70,,21093,15,,,0,30,,21082,15,,,0,70,,21100,15,,,0,45,,21096,15,,,0,100,,16132,15,,,0,100,,16133,15,,,0,84,,21107,15,,,0
