1029,'1796',625,,19689,46,,,0,30,,13901,46,,,0,70,,19709,46,,,0,30,,19686,46,,,0,70,,19681,46,,,0,30,,19713,46,,,0,70,,19684,46,,,0,30,,19690,46,,,0,70,,19708,46,,,0,30,,19688,46,,,0,70,,19680,46,,,0,30,,19712,46,,,0,70,,19685,46,,,0,30,,19691,46,,,0,70,,19707,46,,,0,30,,19687,46,,,0,70,,19682,46,,,0,31,,19710,46,,,0,70,,19683,46,,,0,30,,19692,46,,,0,70,,19706,46,,,0,30,,19695,46,,,0,70,,19694,46,,,0,29,,19693,46,,,0,70,,19699,46,,,0,30,,19698,46,,,0,70,,19697,46,,,0,30,,19696,46,,,0,70,,19711,46,,,0,30,,19705,46,,,0,70,,19704,46,,,0,30,,19703,46,,,0,70,,19702,46,,,0,30,,19701,46,,,0,65,,19700,46,,,0
1029,'1797',625,,19719,46,,,0,30,,19731,46,,,0,70,,19738,46,,,0,30,,19726,46,,,0,70,,19747,46,,,0,30,,19735,46,,,0,69,,19718,46,,,0,31,,19730,46,,,0,70,,19741,46,,,0,30,,19725,46,,,0,70,,19748,46,,,0,30,,19734,46,,,0,70,,19717,46,,,0,30,,19729,46,,,0,70,,19740,46,,,0,30,,19724,46,,,0,70,,19720,46,,,0,30,,19733,46,,,0,70,,19716,46,,,0,30,,19728,46,,,0,70,,19736,46,,,0,30,,19723,46,,,0,70,,19745,46,,,0,30,,19732,46,,,0,70,,19715,46,,,0,30,,19727,46,,,0,70,,19739,46,,,0,30,,19721,46,,,0,70,,19743,46,,,0,30,,19742,46,,,0,70,,19714,46,,,0,30,,19722,46,,,0,70,,19737,46,,,0,30,,19746,46,,,0,65,,19744,46,,,0
1029,'1798',625,,19749,46,,,0,100,,19750,46,,,0,100,,19751,46,,,0,100,,19752,46,,,0,100,,19753,46,,,0,100,,19754,46,,,0,100,,19755,46,,,0,100,,19756,46,,,0,100,,19757,46,,,0,100,,19758,46,,,0,100,,19759,46,,,0,100,,19760,46,,,0,100,,19761,46,,,0,100,,19762,46,,,0,100,,19763,46,,,0,100,,19764,46,,,0,100,,19765,46,,,0,95,,19766,46,,,0
1029,'1799',625,,19767,46,,,0,100,,19768,46,,,0,100,,19769,46,,,0,100,,19770,46,,,0,100,,19771,46,,,0,100,,19772,46,,,0,100,,19773,46,,,0,100,,19774,46,,,0,100,,19775,46,,,0,100,,19776,46,,,0,100,,19777,46,,,0,100,,19778,46,,,0,100,,19779,46,,,0,100,,19780,46,,,0,100,,19781,46,,,0,100,,19782,46,,,0,100,,19783,46,,,0,95,,19784,46,,,0
1029,'1800',625,,19785,46,,,0,100,,19786,46,,,0,100,,19787,46,,,0,100,,19788,46,,,0,100,,19789,46,,,0,100,,19790,46,,,0,100,,19791,46,,,0,100,,19792,46,,,0,100,,19793,46,,,0,100,,19794,46,,,0,100,,19795,46,,,0,100,,19796,46,,,0,100,,19797,46,,,0,100,,19798,46,,,0,100,,19799,46,,,0,100,,19800,46,,,0,100,,19801,46,,,0,95,,19802,46,,,0
2029,'1796',543,,14191,28,,,0,67,,14165,43,,,0,30,,14166,43,,,0,70,,14167,43,,,0,30,,14168,43,,,0,70,,14169,43,,,0,30,,14170,43,,,0,70,,14171,43,,,0,30,,14172,43,,,0,70,,14173,43,,,0,30,,14174,43,,,0,70,,14175,43,,,0,30,,14176,43,,,0,70,,14177,43,,,0,30,,14178,43,,,0,70,,14179,43,,,0,30,,14180,43,,,0,70,,14181,43,,,0,30,,14182,43,,,0,70,,14183,43,,,0,30,,14184,43,,,0,70,,14185,43,,,0,30,,14186,43,,,0,70,,14187,43,,,0,30,,14188,43,,,0,70,,14189,43,,,0,30,,14190,43,,,0,70,,14194,43,,,0,30,,14195,43,,,0,100,,14196,43,,,0,100,,14197,43,,,0,100,,14193,43,,,0
2029,'1797',610,,14231,43,0,5 2 15 16 17,0,30,,14214,43,,,0,70,,14221,43,,,0,30,,14200,43,,,0,70,,14206,43,,,0,30,,14215,43,,,0,70,,14222,43,,,0,30,,14201,43,,,0,70,,14207,43,,,0,30,,14216,43,,,0,70,,14223,43,,,0,30,,14202,43,,,0,70,,14208,43,,,0,30,,14217,43,,,0,70,,14224,43,,,0,30,,14203,43,,,0,70,,14209,43,,,0,30,,14218,43,,,0,70,,14225,43,,,0,30,,14204,43,,,0,70,,14210,43,,,0,30,,14219,43,,,0,70,,14226,43,,,0,30,,14205,43,,,0,70,,14211,43,,,0,30,,14220,43,,,0,70,,14227,43,,,0,30,,14212,43,,,0,100,,14228,43,,,0,100,,14213,43,,,0,100,,14229,43,,,0
2029,'1798',640,,14235,43,,,0,70,,14243,43,,,0,30,,14254,43,,,0,70,,14249,43,,,0,30,,14236,43,,,0,70,,14244,43,,,0,30,,14255,43,,,0,70,,14250,43,,,0,30,,14237,43,,,0,70,,14245,43,,,0,30,,14256,43,,,0,70,,14251,43,,,0,30,,14238,43,,,0,70,,14246,43,,,0,30,,14257,43,,,0,70,,14252,43,,,0,30,,14239,43,,,0,70,,14247,43,,,0,30,,14258,43,,,0,70,,14253,43,,,0,30,,14240,43,,,0,70,,14248,43,,,0,30,,14259,43,,,0,100,,14241,43,,,0,100,,14260,43,,,0,100,,14242,43,,,0,100,,14261,43,,,0,100,,14234,43,,,0
2029,'1799',640,,14267,43,,,0,70,,14275,43,,,0,30,,14286,43,,,0,70,,14281,43,,,0,30,,14268,43,,,0,70,,14276,43,,,0,30,,14287,43,,,0,70,,14282,43,,,0,30,,14269,43,,,0,70,,14277,43,,,0,30,,14288,43,,,0,70,,14283,43,,,0,30,,14270,43,,,0,70,,14278,43,,,0,30,,14289,43,,,0,70,,14284,43,,,0,30,,14271,43,,,0,70,,14279,43,,,0,30,,14290,43,,,0,70,,14285,43,,,0,30,,14272,43,,,0,70,,14280,43,,,0,30,,14291,43,,,0,100,,14273,43,,,0,100,,14292,43,,,0,100,,14274,43,,,0,100,,14293,43,,,0,100,,14266,43,,,0
2029,'1800',640,,14299,43,,,0,70,,14307,43,,,0,30,,14318,43,,,0,70,,14313,43,,,0,30,,14300,43,,,0,70,,14308,43,,,0,30,,14319,43,,,0,70,,14314,43,,,0,30,,14301,43,,,0,70,,14309,43,,,0,30,,14320,43,,,0,70,,14315,43,,,0,30,,14302,43,,,0,70,,14310,43,,,0,30,,14321,43,,,0,70,,14316,43,,,0,30,,14303,43,,,0,70,,14311,43,,,0,30,,14322,43,,,0,70,,14317,43,,,0,30,,14304,43,,,0,70,,14312,43,,,0,30,,14323,43,,,0,100,,14305,43,,,0,100,,14324,43,,,0,100,,14306,43,,,0,100,,14325,43,,,0,100,,14298,43,,,0
14000001029,'1796',447,,19519,27,0,18 7,0,102,,23396,27,0,18 7,0,1852,,23398,27,,,0,30,,19523,27,,,0,70,,23400,27,,,0,30,,23397,27,,,0,70,,19524,27,,,0,30,,23399,27,,,0
14000001029,'1797',548,,19531,27,0,18 7,0,1853,,23404,27,,,0,30,,19528,27,,,0,70,,23401,27,,,0,30,,23402,27,,,0,70,,19532,27,,,0,30,,23403,27,,,0
14000001029,'1798',548,,23409,27,0,18 7,0,1853,,23405,27,,,0,30,,19538,27,,,0,70,,23408,27,,,0,30,,23407,27,,,0,70,,19537,27,,,0,30,,23406,27,,,0
14000001029,'1799',548,,23414,27,0,18 7,0,1853,,23410,27,,,0,30,,19545,27,,,0,70,,23413,27,,,0,30,,23412,27,,,0,70,,19544,27,,,0,30,,23411,27,,,0
14000001029,'1800',548,,23419,27,0,18 7,0,1853,,23415,27,,,0,30,,19552,27,,,0,70,,23418,27,,,0,30,,23417,27,,,0,70,,19551,27,,,0,30,,23416,27,,,0
