11029,'1796',615,,20545,1,,,0,98,,20536,8,,,0,101,,20537,8,,,0,100,,20538,8,,,0,101,,20539,8,,,0,100,,15328,8,,,0,100,,20540,8,,,0,100,,15330,8,,,0,100,,20541,8,,,0,100,,20542,8,,,0,100,,15333,8,,,0,100,,15334,8,,,0,100,,20543,8,,,0,100,,15336,8,,,0,100,,20544,8,,,0,100,,20535,8,,,0
11029,'1797',615,,20546,1,,,0,98,,20557,8,,,0,100,,20547,8,,,0,100,,20548,8,,,0,104,,20549,8,,,0,100,,20550,8,,,0,100,,20551,8,,,0,100,,15345,8,,,0,100,,20552,8,,,0,100,,15347,8,,,0,100,,15348,8,,,0,98,,20553,8,,,0,100,,20554,8,,,0,99,,20555,8,,,0,100,,20556,8,,,0
11029,'1798',813,,20558,8,,,0,100,,20559,8,,,0,104,,20560,8,,,0,100,,20561,8,,,0,100,,20562,8,,,0,100,,20563,8,,,0,100,,20564,8,,,0,100,,20565,8,,,0,100,,20566,8,,,0,98,,20567,8,,,0,100,,20568,8,,,0,99,,20569,8,,,0,100,,15366,8,,,0
11029,'1799',813,,20570,8,,,0,100,,20571,8,,,0,104,,20572,8,,,0,100,,20573,8,,,0,100,,20574,8,,,0,100,,20575,8,,,0,100,,20576,8,,,0,100,,20577,8,,,0,100,,20578,8,,,0,98,,20579,8,,,0,100,,20580,8,,,0,99,,20581,8,,,0,100,,15379,8,,,0
11029,'1800',813,,20582,8,,,0,100,,20583,8,,,0,104,,20584,8,,,0,100,,20585,8,,,0,100,,20586,8,,,0,100,,20587,8,,,0,100,,20588,8,,,0,100,,20589,8,,,0,100,,20590,8,,,0,98,,20591,8,,,0,100,,20592,8,,,0,99,,20593,8,,,0,100,,15392,8,,,0
15019,'1796',614,,20743,19,4,,0,94,,20744,53,,,0,30,,20745,53,,,0,76,,20746,53,,,0,31,,20747,53,,,0,65,,20748,53,,,0,30,,20749,53,,,0,70,,15605,53,,,0,30,,20750,53,,,0,70,,20751,53,,,0,30,,20752,53,,,0,70,,20753,53,,,0,30,,15610,53,,,0,70,,15611,53,,,0,30,,20754,53,,,0,70,,20755,53,,,0,31,,15614,53,,,0,72,,20756,53,,,0,30,,20757,53,,,0,70,,20758,53,,,0,30,,15618,53,,,0,69,,20759,53,,,0,29,,20760,53,,,0,67,,20761,53,,,0,30,,15622,53,,,0,70,,20762,53,,,0,30,,20763,53,,,0,70,,20764,53,,,0,100,,20765,53,,,0,98,,20766,53,,,0,100,,15628,53,4,,0
15019,'1797',615,,20776,19,4,,0,127,,15629,53,,,0,100,,20767,53,,,0,100,,20768,53,,,0,101,,15632,53,,,0,100,,20769,53,,,0,100,,20770,53,,,0,102,,15635,53,,,0,100,,20771,53,,,0,100,,20772,53,,,0,98,,15638,53,,,0,100,,20773,53,,,0,100,,20774,53,,,0,100,,15641,53,,,0,99,,20775,53,,,0
15019,'1798',742,,20781,53,,,0,100,,15653,53,,,0,100,,15656,53,,,0,101,,20780,53,,,0,100,,15651,53,,,0,100,,15649,53,,,0,101,,20779,53,,,0,100,,15650,53,,,0,100,,15647,53,,,0,99,,20778,53,,,0,100,,15645,53,,,0,100,,15646,53,,,0,100,,20777,53,,,0,99,,15657,53,,,0
15019,'1799',742,,20786,53,,,0,100,,15667,53,,,0,100,,15670,53,,,0,101,,20785,53,,,0,100,,15665,53,,,0,100,,15663,53,,,0,101,,20784,53,,,0,100,,15664,53,,,0,100,,15661,53,,,0,99,,20783,53,,,0,100,,15659,53,,,0,100,,15660,53,,,0,100,,20782,53,,,0,99,,15671,53,,,0
15019,'1800',742,,20791,53,,,0,100,,15681,53,,,0,100,,15684,53,,,0,101,,20790,53,,,0,100,,15679,53,,,0,100,,15677,53,,,0,101,,20789,53,,,0,100,,15678,53,,,0,100,,15675,53,,,0,99,,20788,53,,,0,100,,15673,53,,,0,100,,15674,53,,,0,100,,20787,53,,,0,99,,15685,53,,,0
