2019,'1796',613,,14015,9,,,0,29,,14016,9,,,0,69,,14017,9,,,0,32,,14018,9,,,0,71,,14019,9,,,0,30,,14020,9,,,0,67,,14021,9,,,0,30,,14022,9,,,0,70,,14023,9,,,0,30,,14024,9,,,0,70,,14025,9,,,0,30,,14026,9,,,0,70,,14027,9,,,0,30,,14028,9,,,0,70,,14029,9,,,0,30,,14030,9,,,0,70,,14031,9,,,0,30,,14032,9,,,0,70,,14033,9,,,0,30,,14034,9,,,0,70,,14035,9,,,0,30,,14036,9,,,0,70,,14037,9,,,0,30,,14038,9,,,0,70,,14039,9,,,0,30,,14045,9,,,0,70,,14040,9,,,0,100,,14041,9,,,0,100,,14042,9,,,0,100,,14043,9,,,0,102,,14044,9,,,0
2019,'1797',643,,14054,9,,,0,70,,14063,9,,,0,30,,14070,9,,,0,70,,14048,9,,,0,30,,14055,9,,,0,70,,14064,9,,,0,30,,14071,9,,,0,70,,14049,9,,,0,30,,14056,9,,,0,70,,14065,9,,,0,30,,14072,9,,,0,70,,14050,9,,,0,30,,14057,9,,,0,70,,14066,9,,,0,30,,14073,9,,,0,70,,14051,9,,,0,30,,14058,9,,,0,70,,14067,9,,,0,30,,14074,9,,,0,70,,14052,9,,,0,30,,14059,9,,,0,70,,14068,9,,,0,30,,14075,9,,,0,70,,14053,9,,,0,30,,14060,9,,,0,70,,14069,9,,,0,100,,14061,9,,,0,100,,14076,9,,,0,100,,14062,9,,,0,100,,14077,9,,,0
2019,'1798',643,,14105,9,,,0,70,,14082,9,,,0,30,,14086,9,,,0,70,,14098,9,,,0,30,,14093,9,,,0,70,,14083,9,,,0,30,,14087,9,,,0,70,,14099,9,,,0,30,,14094,9,,,0,70,,14084,9,,,0,30,,14088,9,,,0,70,,14100,9,,,0,30,,14095,9,,,0,70,,14085,9,,,0,30,,14089,9,,,0,70,,14101,9,,,0,30,,14096,9,,,0,70,,14080,9,,,0,30,,14090,9,,,0,70,,14102,9,,,0,30,,14097,9,,,0,70,,14078,9,,,0,30,,14091,9,,,0,70,,14103,9,,,0,100,,14079,9,,,0,100,,14104,9,,,0,100,,14081,9,,,0,100,,14092,9,,,0,99,,14106,9,,,0
2019,'1799',643,,14134,9,,,0,70,,14111,9,,,0,30,,14115,9,,,0,70,,14127,9,,,0,30,,14122,9,,,0,70,,14112,9,,,0,30,,14116,9,,,0,70,,14128,9,,,0,30,,14123,9,,,0,70,,14113,9,,,0,30,,14117,9,,,0,70,,14129,9,,,0,30,,14124,9,,,0,70,,14114,9,,,0,30,,14118,9,,,0,70,,14130,9,,,0,30,,14125,9,,,0,70,,14109,9,,,0,30,,14119,9,,,0,70,,14131,9,,,0,30,,14126,9,,,0,70,,14107,9,,,0,30,,14120,9,,,0,70,,14132,9,,,0,100,,14108,9,,,0,100,,14133,9,,,0,100,,14110,9,,,0,100,,14121,9,,,0,99,,14135,9,,,0
2019,'1800',643,,14163,9,,,0,70,,14140,9,,,0,30,,14144,9,,,0,70,,14156,9,,,0,30,,14151,9,,,0,70,,14141,9,,,0,30,,14145,9,,,0,70,,14157,9,,,0,30,,14152,9,,,0,70,,14142,9,,,0,30,,14146,9,,,0,70,,14158,9,,,0,30,,14153,9,,,0,70,,14143,9,,,0,30,,14147,9,,,0,70,,14159,9,,,0,30,,14154,9,,,0,70,,14138,9,,,0,30,,14148,9,,,0,70,,14160,9,,,0,30,,14155,9,,,0,70,,14136,9,,,0,30,,14149,9,,,0,70,,14161,9,,,0,100,,14137,9,,,0,100,,14162,9,,,0,100,,14139,9,,,0,100,,14150,9,,,0,99,,14164,9,,,0
32019,'1796',439,,21539,11,,,0,89,,16677,11,,,0,30,,21541,11,,,0,70,,21538,11,,,0,30,,21513,41,,,0,70,,21529,41,,,0,30,,21508,41,,,0,69,,21524,41,,,0,30,,21534,41,,,0,69,,21518,41,,,0,30,,21516,41,,,0,70,,21528,41,,,0,30,,21506,41,,,0,70,,21522,41,,,0,30,,21533,41,,,0,70,,21520,41,,,0,30,,21515,41,,,0,70,,21527,41,,,0,30,,21509,41,,,0,72,,21521,41,,,0,30,,21532,41,,,0,70,,21519,41,,,0,31,,21512,41,,,0,70,,21526,41,,,0,28,,21505,41,,,0,70,,21523,41,,,0,29,,21531,41,,,0,70,,21517,41,,,0,30,,21514,41,,,0,69,,21525,41,,,0,30,,21510,41,,,0,70,,21535,11,,,0,30,,21530,41,,,0,70,,21537,11,,,0,30,,21511,41,,,0,70,,21536,11,,,0,30,,21507,41,,,0
32019,'1797',528,,21577,11,,,0,30,,21578,11,,,0,70,,21560,11,,,0,26,,21553,41,,,0,70,,21570,41,,,0,30,,21547,41,,,0,70,,21564,41,,,0,30,,21571,41,,,0,70,,21559,41,,,0,29,,21552,41,,,0,72,,21569,41,,,0,31,,21546,41,,,0,70,,21563,41,,,0,30,,21574,41,,,0,70,,21558,41,,,0,30,,21551,41,,,0,70,,21568,41,,,0,30,,21545,41,,,0,70,,21562,41,,,0,30,,21573,41,,,0,70,,21557,41,,,0,30,,21550,41,,,0,70,,21567,41,,,0,30,,21544,41,,,0,70,,21561,41,,,0,30,,21575,41,,,0,70,,21556,41,,,0,30,,21549,41,,,0,69,,21565,41,,,0,30,,21543,41,,,0,70,,21555,11,,,0,30,,21572,41,,,0,70,,21566,11,,,0,30,,21548,41,,,0,70,,21554,11,,,0,30,,21542,41,,,0
32019,'1798',558,,21596,11,,,0,96,,21579,41,,,0,100,,21580,41,,,0,100,,21581,41,,,0,99,,21582,41,,,0,103,,21583,41,,,0,100,,21584,41,,,0,100,,21585,41,,,0,100,,21586,41,,,0,100,,21587,41,,,0,100,,21588,41,,,0,100,,21589,41,,,0,100,,21590,41,,,0,100,,21591,41,,,0,99,,21592,41,,,0,100,,21593,41,,,0,100,,21594,41,,,0,100,,21595,41,,,0
32019,'1799',558,,21615,11,,,0,96,,21598,41,,,0,100,,21599,41,,,0,100,,21600,41,,,0,99,,21601,41,,,0,103,,21602,41,,,0,100,,21603,41,,,0,100,,21604,41,,,0,100,,21605,41,,,0,100,,21606,41,,,0,100,,21607,41,,,0,100,,21608,41,,,0,100,,21609,41,,,0,100,,21610,41,,,0,99,,21611,41,,,0,100,,21612,41,,,0,100,,21613,41,,,0,100,,21614,41,,,0
32019,'1800',558,,21634,11,,,0,96,,21617,41,,,0,100,,21618,41,,,0,100,,21619,41,,,0,99,,21620,41,,,0,103,,21621,41,,,0,100,,21622,41,,,0,100,,21623,41,,,0,100,,21624,41,,,0,100,,21625,41,,,0,100,,21626,41,,,0,100,,21627,41,,,0,100,,21628,41,,,0,100,,21629,41,,,0,99,,21630,41,,,0,100,,21631,41,,,0,100,,21632,41,,,0,100,,21633,41,,,0
14000001019,'1796',2409,,23379,16,,,0,30,,23377,16,,,0,70,,19496,16,,,0,30,,23378,16,,,0,70,,23376,16,,,0
14000001019,'1797',2409,,23383,16,,,0,30,,23380,16,,,0,70,,19502,16,,,0,30,,23382,16,,,0,70,,23381,16,,,0
14000001019,'1798',2409,,23386,16,,,0,30,,23385,16,,,0,70,,19504,16,,,0,30,,23387,16,,,0,70,,23384,16,,,0
14000001019,'1799',2409,,23390,16,,,0,30,,23389,16,,,0,70,,19509,16,,,0,30,,23391,16,,,0,70,,23388,16,,,0
14000001019,'1800',2409,,23394,16,,,0,30,,23393,16,,,0,70,,19514,16,,,0,30,,23395,16,,,0,70,,23392,16,,,0
