6029,'1796',617,,20196,7,,,0,30,,20197,7,,,0,71,,14730,7,,,0,30,,14731,7,,,0,70,,20198,7,,,0,30,,20199,7,,,0,70,,20200,7,,,0,30,,20201,7,,,0,70,,20202,7,,,0,30,,20203,7,,,0,70,,20204,7,,,0,30,,20205,7,,,0,70,,20206,7,,,0,30,,20207,7,,,0,70,,20208,7,,,0,30,,20209,7,,,0,70,,20210,7,,,0,30,,20211,7,,,0,70,,20212,7,,,0,30,,20213,7,,,0,70,,20214,7,,,0,30,,20215,7,,,0,70,,20216,7,,,0,30,,14751,7,,,0,70,,20217,7,,,0,30,,20218,7,,,0,90,,20194,7,,,0,99,,14727,7,,,0,100,,20193,7,,,0,100,,20195,7,,,0
6029,'1797',612,,20220,7,,,0,30,,14757,7,,,0,65,,20237,7,,,0,30,,14781,7,,,0,70,,20221,7,,,0,30,,20231,7,,,0,70,,20238,7,,,0,30,,20244,7,,,0,71,,20230,7,,,0,30,,20243,7,,,0,70,,20229,7,,,0,30,,20235,7,,,0,70,,20228,7,,,0,30,,20242,7,,,0,70,,20227,7,,,0,30,,20234,7,,,0,70,,20226,7,,,0,30,,20241,7,,,0,70,,20225,7,,,0,30,,20233,7,,,0,70,,20224,7,,,0,30,,20240,7,,,0,70,,20223,7,,,0,30,,20232,7,,,0,70,,20222,7,,,0,30,,20239,7,,,0,69,,20219,7,0,5 2 6 7,0,100,,14780,7,0,5 2 6 7,0,100,,20236,7,0,5 2 6 7,0
6029,'1798',837,,20256,7,0,5 2 6 7,0,100,,20247,7,0,5 2 6 7,0,100,,20255,7,0,5 2 6 7,0,100,,20245,7,0,5 2 6 7,0,101,,20254,7,0,5 2 6 7,0,100,,20250,7,0,5 2 6 7,0,100,,20253,7,0,5 2 6 7,0,100,,20248,7,0,5 2 6 7,0,100,,20252,7,0,5 2 6 7,0,100,,20249,7,0,5 2 6 7,0,99,,20251,7,0,5 2 6 7,0,100,,20246,7,0,5 2 6 7,0
6029,'1799',837,,20268,7,0,5 2 6 7,0,100,,20259,7,0,5 2 6 7,0,100,,20267,7,0,5 2 6 7,0,100,,20257,7,0,5 2 6 7,0,101,,20266,7,0,5 2 6 7,0,100,,20262,7,0,5 2 6 7,0,100,,20265,7,0,5 2 6 7,0,100,,20260,7,0,5 2 6 7,0,100,,20264,7,0,5 2 6 7,0,100,,20261,7,0,5 2 6 7,0,99,,20263,7,0,5 2 6 7,0,100,,20258,7,0,5 2 6 7,0
6029,'1800',837,,20280,7,0,5 2 6 7,0,100,,20271,7,0,5 2 6 7,0,100,,20279,7,0,5 2 6 7,0,100,,20269,7,0,5 2 6 7,0,101,,20278,7,0,5 2 6 7,0,100,,20274,7,0,5 2 6 7,0,100,,20277,7,0,5 2 6 7,0,100,,20272,7,0,5 2 6 7,0,100,,20276,7,0,5 2 6 7,0,100,,20273,7,0,5 2 6 7,0,99,,20275,7,0,5 2 6 7,0,100,,20270,7,0,5 2 6 7,0
10019,'1796',550,,15127,7,,,0,100,,15122,33,,,0,99,,20449,33,,,0,101,,20458,33,,,0,100,,20459,33,,,0,100,,20460,33,,,0,100,,20457,33,,,0,100,,20456,33,,,0,100,,20455,33,,,0,100,,20454,33,,,0,100,,20453,33,,,0,100,,15116,33,,,0,100,,15115,33,,,0,100,,20452,33,,,0,100,,15126,33,,,0,100,,15112,33,,,0,100,,20451,33,,,0,100,,20450,33,,,0
10019,'1797',550,,20461,7,,,0,100,,15144,7,,,0,100,,15135,33,,,0,100,,15128,33,,,0,100,,15136,33,,,0,100,,15129,33,,,0,100,,15137,33,,,0,100,,15130,33,,,0,100,,15138,33,,,0,100,,15131,33,,,0,100,,15139,33,,,0,100,,15132,33,,,0,100,,15140,33,,,0,100,,15133,33,,,0,100,,15141,33,,,0,100,,15134,33,,,0,100,,15142,33,,,0
10019,'1798',851,,15156,7,,,0,99,,15153,33,,,0,100,,15155,33,,,0,100,,15146,33,,,0,100,,15148,33,,,0,100,,15150,33,,,0,100,,15152,33,,,0,100,,15154,33,,,0,100,,15145,33,,,0,100,,15147,33,,,0,100,,15149,33,,,0,100,,15151,33,,,0
10019,'1799',851,,15168,7,,,0,99,,15165,33,,,0,100,,15167,33,,,0,100,,15158,33,,,0,100,,15160,33,,,0,100,,15162,33,,,0,100,,15164,33,,,0,100,,15166,33,,,0,100,,15157,33,,,0,100,,15159,33,,,0,100,,15161,33,,,0,100,,15163,33,,,0
10019,'1800',851,,15180,7,,,0,99,,15177,33,,,0,100,,15179,33,,,0,100,,15170,33,,,0,100,,15172,33,,,0,100,,15174,33,,,0,100,,15176,33,,,0,100,,15178,33,,,0,100,,15169,33,,,0,100,,15171,33,,,0,100,,15173,33,,,0,100,,15175,33,,,0
