6019,'1796',703,,20108,26,4,,0,29,,14636,26,4,,0,70,,20109,26,4,,0,30,,20110,26,4,,0,70,,20111,26,4,,0,31,,20112,26,4,,0,70,,20113,26,4,,0,30,,20114,26,4,,0,70,,20115,26,4,,0,30,,20116,26,4,,0,70,,20117,26,4,,0,30,,20118,26,4,,0,70,,20119,26,4,,0,30,,20120,26,4,,0,70,,20121,26,4,,0,31,,20122,26,4,,0,73,,20123,26,4,,0,30,,20124,26,4,,0,70,,20125,26,4,,0,30,,20126,26,4,,0,70,,20127,26,4,,0,28,,20128,26,4,,0,67,,20129,26,4,,0,30,,20130,26,4,,0,70,,20131,26,4,,0,27,,20107,26,4,,0,96,,20104,26,4,,0,100,,14632,26,4,,0,100,,20105,26,4,,0,100,,20106,26,4,,0
6019,'1797',657,,20134,26,4,,0,70,,14662,26,4,,0,28,,20152,26,4,,0,70,,14675,26,4,,0,30,,20136,26,4,,0,70,,20145,26,4,,0,30,,20153,26,4,,0,72,,20151,26,4,,0,30,,20144,26,4,,0,70,,20156,26,4,,0,30,,20143,26,4,,0,70,,20150,26,4,,0,30,,20142,26,4,,0,70,,20155,26,4,,0,30,,20141,26,4,,0,70,,20149,26,4,,0,30,,20140,26,4,,0,70,,20154,26,4,,0,30,,20139,26,4,,0,70,,20148,26,4,,0,30,,20138,26,4,,0,70,,20132,26,4,,0,30,,20137,26,4,,0,70,,20147,26,4,,0,30,,20135,26,4,,0,68,,20146,26,4,,0,101,,14687,14,4,,0,100,,20133,14,4,,0
6019,'1798',856,,20163,14,4,,0,100,,20157,14,4,,0,100,,20162,14,4,,0,100,,20167,14,4,,0,101,,20161,14,4,,0,100,,20166,14,4,,0,100,,20160,14,4,,0,100,,20165,14,4,,0,100,,20159,14,4,,0,100,,20164,14,4,,0,99,,20158,14,4,,0,100,,20168,14,4,,0
6019,'1799',856,,20175,14,4,,0,100,,20169,14,4,,0,100,,20174,14,4,,0,100,,20179,14,4,,0,101,,20173,14,4,,0,100,,20178,14,4,,0,100,,20172,14,4,,0,100,,20177,14,4,,0,100,,20171,14,4,,0,100,,20176,14,4,,0,99,,20170,14,4,,0,100,,20180,14,4,,0
6019,'1800',856,,20187,14,4,,0,100,,20181,14,4,,0,100,,20186,14,4,,0,100,,20191,14,4,,0,101,,20185,14,4,,0,100,,20190,14,4,,0,100,,20184,14,4,,0,100,,20189,14,4,,0,100,,20183,14,4,,0,100,,20188,14,4,,0,99,,20182,14,4,,0,100,,20192,14,4,,0
6029,'1796',610,,20196,1,,,0,30,,20197,1,,,0,70,,14730,1,,,0,30,,14731,1,,,0,70,,20198,1,,,0,30,,20199,1,,,0,70,,20200,1,,,0,30,,20201,1,,,0,70,,20202,1,,,0,30,,20203,1,,,0,70,,20204,1,,,0,30,,20205,1,,,0,70,,20206,1,,,0,30,,20207,1,,,0,70,,20208,1,,,0,30,,20209,1,,,0,70,,20210,1,,,0,30,,20211,1,,,0,70,,20212,1,,,0,30,,20213,1,,,0,70,,20214,1,,,0,30,,20215,1,,,0,70,,20216,1,,,0,30,,14751,1,,,0,70,,20217,1,,,0,30,,20218,1,,,0,90,,20194,1,,,0,100,,14727,1,,,0,100,,20193,1,,,0,100,,20195,1,,,0
6029,'1797',605,,20220,1,,,0,30,,14757,1,,,0,65,,20237,1,,,0,30,,14781,1,,,0,70,,20221,1,,,0,30,,20231,1,,,0,70,,20238,1,,,0,30,,20244,1,,,0,70,,20230,1,,,0,30,,20243,1,,,0,70,,20229,1,,,0,30,,20235,1,,,0,70,,20228,1,,,0,30,,20242,1,,,0,70,,20227,1,,,0,30,,20234,1,,,0,70,,20226,1,,,0,30,,20241,1,,,0,70,,20225,1,,,0,30,,20233,1,,,0,70,,20224,1,,,0,30,,20240,1,,,0,70,,20223,1,,,0,30,,20232,1,,,0,70,,20222,1,,,0,30,,20239,1,,,0,70,,20219,1,0,5 2 6 7,0,100,,14780,1,0,5 2 6 7,0,100,,20236,1,0,5 2 6 7,0
6029,'1798',830,,20256,1,0,5 2 6 7,0,100,,20247,1,0,5 2 6 7,0,100,,20255,1,0,5 2 6 7,0,100,,20245,1,0,5 2 6 7,0,100,,20254,1,0,5 2 6 7,0,100,,20250,1,0,5 2 6 7,0,100,,20253,1,0,5 2 6 7,0,100,,20248,1,0,5 2 6 7,0,100,,20252,1,0,5 2 6 7,0,100,,20249,1,0,5 2 6 7,0,100,,20251,1,0,5 2 6 7,0,100,,20246,1,0,5 2 6 7,0
6029,'1799',830,,20268,1,0,5 2 6 7,0,100,,20259,1,0,5 2 6 7,0,100,,20267,1,0,5 2 6 7,0,100,,20257,1,0,5 2 6 7,0,100,,20266,1,0,5 2 6 7,0,100,,20262,1,0,5 2 6 7,0,100,,20265,1,0,5 2 6 7,0,100,,20260,1,0,5 2 6 7,0,100,,20264,1,0,5 2 6 7,0,100,,20261,1,0,5 2 6 7,0,100,,20263,1,0,5 2 6 7,0,100,,20258,1,0,5 2 6 7,0
6029,'1800',830,,20280,1,0,5 2 6 7,0,100,,20271,1,0,5 2 6 7,0,100,,20279,1,0,5 2 6 7,0,100,,20269,1,0,5 2 6 7,0,100,,20278,1,0,5 2 6 7,0,100,,20274,1,0,5 2 6 7,0,100,,20277,1,0,5 2 6 7,0,100,,20272,1,0,5 2 6 7,0,100,,20276,1,0,5 2 6 7,0,100,,20273,1,0,5 2 6 7,0,100,,20275,1,0,5 2 6 7,0,100,,20270,1,0,5 2 6 7,0
11019,'1796',724,,20476,31,4,,0,102,,20477,31,4,,0,100,,20478,31,4,,0,100,,20479,31,4,,0,100,,20480,31,4,,0,101,,15258,31,4,,0,100,,20481,31,4,,0,100,,15260,31,4,,0,100,,20482,31,4,,0,100,,20483,31,4,,0,100,,15263,31,4,,0,97,,15264,31,4,,0,100,,20484,31,4,,0,100,,15266,31,4,,0,98,,20485,31,4,,0
11019,'1797',1923,,20487,31,4,,0,100,,20488,31,4,,0
15029,'1797',624,,20817,39,4,,0
