1029,'1796',610,,19689,28,,,0,31,,13901,28,,,0,67,,19709,28,,,0,30,,19686,28,,,0,70,,19681,28,,,0,30,,19713,28,,,0,70,,19684,28,,,0,30,,19690,28,,,0,70,,19708,28,,,0,30,,19688,28,,,0,70,,19680,28,,,0,30,,19712,28,,,0,70,,19685,28,,,0,29,,19691,28,,,0,70,,19707,28,,,0,30,,19687,28,,,0,71,,19682,28,,,0,31,,19710,28,,,0,72,,19683,28,,,0,30,,19692,28,,,0,69,,19706,28,,,0,29,,19695,28,,,0,70,,19694,28,,,0,29,,19693,28,,,0,72,,19699,28,,,0,30,,19698,28,,,0,70,,19697,28,,,0,30,,19696,28,,,0,70,,19711,28,,,0,30,,19705,28,,,0,70,,19704,28,,,0,30,,19703,28,,,0,70,,19702,28,,,0,30,,19701,28,,,0,65,,19700,28,,,0
1029,'1797',611,,19719,28,,,0,28,,19731,28,,,0,70,,19738,28,,,0,30,,19726,28,,,0,70,,19747,28,,,0,30,,19735,28,,,0,71,,19718,28,,,0,30,,19730,28,,,0,70,,19741,28,,,0,30,,19725,28,,,0,70,,19748,28,,,0,30,,19734,28,,,0,70,,19717,28,,,0,30,,19729,28,,,0,70,,19740,28,,,0,30,,19724,28,,,0,70,,19720,28,,,0,30,,19733,28,,,0,70,,19716,28,,,0,30,,19728,28,,,0,70,,19736,28,,,0,30,,19723,28,,,0,70,,19745,28,,,0,30,,19732,28,,,0,70,,19715,28,,,0,30,,19727,28,,,0,70,,19739,28,,,0,30,,19721,28,,,0,70,,19743,28,,,0,30,,19742,28,,,0,70,,19714,28,,,0,30,,19722,28,,,0,67,,19737,28,,,0,30,,19746,28,,,0,70,,19744,28,,,0
1029,'1798',611,,19749,28,,,0,98,,19750,28,,,0,100,,19751,28,,,0,101,,19752,28,,,0,100,,19753,28,,,0,100,,19754,28,,,0,100,,19755,28,,,0,100,,19756,28,,,0,100,,19757,28,,,0,100,,19758,28,,,0,100,,19759,28,,,0,100,,19760,28,,,0,100,,19761,28,,,0,100,,19762,28,,,0,100,,19763,28,,,0,100,,19764,28,,,0,97,,19765,28,,,0,100,,19766,28,,,0
1029,'1799',611,,19767,28,,,0,98,,19768,28,,,0,100,,19769,28,,,0,101,,19770,28,,,0,100,,19771,28,,,0,100,,19772,28,,,0,100,,19773,28,,,0,100,,19774,28,,,0,100,,19775,28,,,0,100,,19776,28,,,0,100,,19777,28,,,0,100,,19778,28,,,0,100,,19779,28,,,0,100,,19780,28,,,0,100,,19781,28,,,0,100,,19782,28,,,0,97,,19783,28,,,0,100,,19784,28,,,0
1029,'1800',611,,19785,28,,,0,98,,19786,28,,,0,100,,19787,28,,,0,101,,19788,28,,,0,100,,19789,28,,,0,100,,19790,28,,,0,100,,19791,28,,,0,100,,19792,28,,,0,100,,19793,28,,,0,100,,19794,28,,,0,100,,19795,28,,,0,100,,19796,28,,,0,100,,19797,28,,,0,100,,19798,28,,,0,100,,19799,28,,,0,100,,19800,28,,,0,97,,19801,28,,,0,100,,19802,28,,,0
31019,'1796',602,,21409,8,,,0,26,,21404,8,,,0,25,,21374,20,,,0,72,,21389,20,,,0,29,,21402,20,,,0,70,,21385,20,,,0,30,,21382,20,,,0,69,,21396,20,,,0,30,,21377,20,,,0,72,,21390,20,,,0,28,,21401,20,,,0,70,,21388,20,,,0,30,,21383,20,,,0,70,,21395,20,,,0,30,,21376,20,,,0,70,,21391,20,,,0,30,,21400,20,,,0,70,,21386,20,,,0,30,,21380,20,,,0,71,,21394,20,,,0,30,,21378,20,,,0,70,,21392,20,,,0,30,,21399,20,,,0,69,,21387,20,,,0,30,,21381,20,,,0,70,,21393,20,,,0,30,,21375,20,,,0,70,,21410,20,,,0,30,,21398,20,,,0,100,,21384,20,,,0,100,,21379,20,,,0,100,,21397,20,,,0
31019,'1797',602,,21446,8,,,0,26,,21439,8,,,0,24,,21416,20,,,0,70,,21432,20,,,0,30,,21445,20,,,0,71,,21428,20,,,0,30,,21422,20,,,0,70,,21438,20,,,0,30,,21415,20,,,0,70,,21431,20,,,0,30,,21440,20,,,0,70,,21427,20,,,0,30,,21421,20,,,0,70,,21437,20,,,0,30,,21414,20,,,0,70,,21430,20,,,0,30,,21443,20,,,0,70,,21426,20,,,0,30,,21420,20,,,0,70,,21436,20,,,0,30,,21413,20,,,0,70,,21429,20,,,0,30,,21442,20,,,0,70,,21425,20,,,0,30,,21419,20,,,0,70,,21435,20,,,0,30,,21412,20,,,0,70,,21447,20,,,0,30,,21441,20,,,0,100,,21418,20,,,0,99,,21411,20,,,0,100,,21444,20,,,0
31019,'1798',602,,21465,8,,,0,50,,21448,20,,,0,100,,21449,20,,,0,101,,21450,20,,,0,100,,21451,20,,,0,100,,21452,20,,,0,100,,21453,20,,,0,100,,21454,20,,,0,100,,21455,20,,,0,100,,21456,20,,,0,100,,21457,20,,,0,100,,21458,20,,,0,100,,21459,20,,,0,100,,21460,20,,,0,100,,21461,20,,,0,100,,21462,20,,,0,99,,21463,20,,,0,100,,21464,20,,,0
31019,'1799',602,,21484,8,,,0,50,,21467,20,,,0,100,,21468,20,,,0,101,,21469,20,,,0,100,,21470,20,,,0,100,,21471,20,,,0,100,,21472,20,,,0,100,,21473,20,,,0,100,,21474,20,,,0,100,,21475,20,,,0,100,,21476,20,,,0,100,,21477,20,,,0,100,,21478,20,,,0,100,,21479,20,,,0,100,,21480,20,,,0,100,,21481,20,,,0,99,,21482,20,,,0,100,,21483,20,,,0
31019,'1800',602,,21503,8,,,0,50,,21486,20,,,0,100,,21487,20,,,0,101,,21488,20,,,0,100,,21489,20,,,0,100,,21490,20,,,0,100,,21491,20,,,0,100,,21492,20,,,0,100,,21493,20,,,0,100,,21494,20,,,0,100,,21495,20,,,0,100,,21496,20,,,0,100,,21497,20,,,0,100,,21498,20,,,0,100,,21499,20,,,0,100,,21500,20,,,0,99,,21501,20,,,0,100,,21502,20,,,0
