1029,'1796',617,,19689,37,,,0,30,,13901,37,,,0,70,,19709,37,,,0,30,,19686,37,,,0,70,,19681,37,,,0,30,,19713,37,,,0,70,,19684,37,,,0,30,,19690,37,,,0,70,,19708,37,,,0,30,,19688,37,,,0,70,,19680,37,,,0,30,,19712,37,,,0,70,,19685,37,,,0,30,,19691,37,,,0,70,,19707,37,,,0,30,,19687,37,,,0,70,,19682,37,,,0,30,,19710,37,,,0,70,,19683,37,,,0,30,,19692,37,,,0,70,,19706,37,,,0,30,,19695,37,,,0,70,,19694,37,,,0,30,,19693,37,,,0,70,,19699,37,,,0,30,,19698,37,,,0,70,,19697,37,,,0,30,,19696,37,,,0,70,,19711,37,,,0,30,,19705,37,,,0,70,,19704,37,,,0,30,,19703,37,,,0,70,,19702,37,,,0,30,,19701,37,,,0,65,,19700,37,,,0
1029,'1797',617,,19719,37,,,0,30,,19731,37,,,0,70,,19738,37,,,0,30,,19726,37,,,0,70,,19747,37,,,0,30,,19735,37,,,0,69,,19718,37,,,0,31,,19730,37,,,0,70,,19741,37,,,0,30,,19725,37,,,0,70,,19748,37,,,0,30,,19734,37,,,0,70,,19717,37,,,0,30,,19729,37,,,0,70,,19740,37,,,0,30,,19724,37,,,0,70,,19720,37,,,0,30,,19733,37,,,0,70,,19716,37,,,0,30,,19728,37,,,0,70,,19736,37,,,0,30,,19723,37,,,0,70,,19745,37,,,0,30,,19732,37,,,0,70,,19715,37,,,0,30,,19727,37,,,0,70,,19739,37,,,0,30,,19721,37,,,0,70,,19743,37,,,0,30,,19742,37,,,0,70,,19714,37,,,0,30,,19722,37,,,0,70,,19737,37,,,0,30,,19746,37,,,0,65,,19744,37,,,0
1029,'1798',617,,19749,37,,,0,100,,19750,37,,,0,100,,19751,37,,,0,100,,19752,37,,,0,100,,19753,37,,,0,100,,19754,37,,,0,100,,19755,37,,,0,100,,19756,37,,,0,100,,19757,37,,,0,100,,19758,37,,,0,100,,19759,37,,,0,100,,19760,37,,,0,100,,19761,37,,,0,100,,19762,37,,,0,100,,19763,37,,,0,100,,19764,37,,,0,100,,19765,37,,,0,95,,19766,37,,,0
1029,'1799',617,,19767,37,,,0,100,,19768,37,,,0,100,,19769,37,,,0,100,,19770,37,,,0,100,,19771,37,,,0,100,,19772,37,,,0,100,,19773,37,,,0,100,,19774,37,,,0,100,,19775,37,,,0,100,,19776,37,,,0,100,,19777,37,,,0,100,,19778,37,,,0,100,,19779,37,,,0,100,,19780,37,,,0,100,,19781,37,,,0,100,,19782,37,,,0,100,,19783,37,,,0,95,,19784,37,,,0
1029,'1800',617,,19785,37,,,0,100,,19786,37,,,0,100,,19787,37,,,0,100,,19788,37,,,0,100,,19789,37,,,0,100,,19790,37,,,0,100,,19791,37,,,0,100,,19792,37,,,0,100,,19793,37,,,0,100,,19794,37,,,0,100,,19795,37,,,0,100,,19796,37,,,0,100,,19797,37,,,0,100,,19798,37,,,0,100,,19799,37,,,0,100,,19800,37,,,0,100,,19801,37,,,0,95,,19802,37,,,0
2029,'1796',535,,14191,19,,,0,67,,14165,34,,,0,30,,14166,34,,,0,70,,14167,34,,,0,30,,14168,34,,,0,70,,14169,34,,,0,30,,14170,34,,,0,70,,14171,34,,,0,30,,14172,34,,,0,70,,14173,34,,,0,30,,14174,34,,,0,70,,14175,34,,,0,30,,14176,34,,,0,70,,14177,34,,,0,30,,14178,34,,,0,70,,14179,34,,,0,30,,14180,34,,,0,70,,14181,34,,,0,30,,14182,34,,,0,70,,14183,34,,,0,30,,14184,34,,,0,70,,14185,34,,,0,30,,14186,34,,,0,70,,14187,34,,,0,30,,14188,34,,,0,70,,14189,34,,,0,30,,14190,34,,,0,70,,14194,34,,,0,30,,14195,34,,,0,100,,14196,34,,,0,100,,14197,34,,,0,100,,14193,34,,,0
2029,'1797',602,,14231,34,0,5 2 15 16 17,0,30,,14214,34,,,0,70,,14221,34,,,0,30,,14200,34,,,0,70,,14206,34,,,0,30,,14215,34,,,0,70,,14222,34,,,0,30,,14201,34,,,0,70,,14207,34,,,0,30,,14216,34,,,0,70,,14223,34,,,0,30,,14202,34,,,0,70,,14208,34,,,0,30,,14217,34,,,0,70,,14224,34,,,0,30,,14203,34,,,0,70,,14209,34,,,0,30,,14218,34,,,0,70,,14225,34,,,0,30,,14204,34,,,0,70,,14210,34,,,0,30,,14219,34,,,0,70,,14226,34,,,0,30,,14205,34,,,0,70,,14211,34,,,0,30,,14220,34,,,0,70,,14227,34,,,0,30,,14212,34,,,0,100,,14228,34,,,0,100,,14213,34,,,0,100,,14229,34,,,0
2029,'1798',632,,14235,34,,,0,70,,14243,34,,,0,30,,14254,34,,,0,70,,14249,34,,,0,30,,14236,34,,,0,70,,14244,34,,,0,30,,14255,34,,,0,70,,14250,34,,,0,30,,14237,34,,,0,70,,14245,34,,,0,30,,14256,34,,,0,70,,14251,34,,,0,30,,14238,34,,,0,70,,14246,34,,,0,30,,14257,34,,,0,70,,14252,34,,,0,30,,14239,34,,,0,70,,14247,34,,,0,30,,14258,34,,,0,70,,14253,34,,,0,30,,14240,34,,,0,70,,14248,34,,,0,30,,14259,34,,,0,100,,14241,34,,,0,100,,14260,34,,,0,100,,14242,34,,,0,100,,14261,34,,,0,100,,14234,34,,,0
2029,'1799',632,,14267,34,,,0,70,,14275,34,,,0,30,,14286,34,,,0,70,,14281,34,,,0,30,,14268,34,,,0,70,,14276,34,,,0,30,,14287,34,,,0,70,,14282,34,,,0,30,,14269,34,,,0,70,,14277,34,,,0,30,,14288,34,,,0,70,,14283,34,,,0,30,,14270,34,,,0,70,,14278,34,,,0,30,,14289,34,,,0,70,,14284,34,,,0,30,,14271,34,,,0,70,,14279,34,,,0,30,,14290,34,,,0,70,,14285,34,,,0,30,,14272,34,,,0,70,,14280,34,,,0,30,,14291,34,,,0,100,,14273,34,,,0,100,,14292,34,,,0,100,,14274,34,,,0,100,,14293,34,,,0,100,,14266,34,,,0
2029,'1800',632,,14299,34,,,0,70,,14307,34,,,0,30,,14318,34,,,0,70,,14313,34,,,0,30,,14300,34,,,0,70,,14308,34,,,0,30,,14319,34,,,0,70,,14314,34,,,0,30,,14301,34,,,0,70,,14309,34,,,0,30,,14320,34,,,0,70,,14315,34,,,0,30,,14302,34,,,0,70,,14310,34,,,0,30,,14321,34,,,0,70,,14316,34,,,0,30,,14303,34,,,0,70,,14311,34,,,0,30,,14322,34,,,0,70,,14317,34,,,0,30,,14304,34,,,0,70,,14312,34,,,0,30,,14323,34,,,0,100,,14305,34,,,0,100,,14324,34,,,0,100,,14306,34,,,0,100,,14325,34,,,0,100,,14298,34,,,0
14000001029,'1796',440,,19519,18,0,18 7,0,102,,23396,18,0,18 7,0,1812,,23398,18,,,0,70,,19523,18,,,0,30,,23400,18,,,0,70,,23397,18,,,0,30,,19524,18,,,0,70,,23399,18,,,0
14000001029,'1797',541,,19531,18,0,18 7,0,1813,,23404,18,,,0,70,,19528,18,,,0,30,,23401,18,,,0,70,,23402,18,,,0,30,,19532,18,,,0,70,,23403,18,,,0
14000001029,'1798',541,,23409,18,0,18 7,0,1813,,23405,18,,,0,70,,19538,18,,,0,30,,23408,18,,,0,70,,23407,18,,,0,30,,19537,18,,,0,70,,23406,18,,,0
14000001029,'1799',541,,23414,18,0,18 7,0,1813,,23410,18,,,0,70,,19545,18,,,0,30,,23413,18,,,0,70,,23412,18,,,0,30,,19544,18,,,0,70,,23411,18,,,0
14000001029,'1800',541,,23419,18,0,18 7,0,1813,,23415,18,,,0,70,,19552,18,,,0,30,,23418,18,,,0,70,,23417,18,,,0,30,,19551,18,,,0,70,,23416,18,,,0
