14019,'1796',512,,15534,2,,,0,100,,20690,2,,,0,40,,20670,2,,,0,70,,20678,2,,,0,28,,20671,2,,,0,62,,15518,2,,,0,30,,15506,2,,,0,70,,15519,2,,,0,30,,20672,2,,,0,70,,20679,2,,,0,30,,20673,2,,,0,70,,20680,2,,,0,30,,20674,2,,,0,70,,20681,2,,,0,30,,15510,2,,,0,70,,20682,2,,,0,30,,20675,2,,,0,70,,20683,2,,,0,30,,20676,2,,,0,70,,20684,2,,,0,40,,15513,2,,,0,70,,20685,2,,,0,30,,15514,2,,,0,70,,20686,2,,,0,30,,20677,2,,,0,60,,20687,2,,,0,30,,15516,2,,,0,70,,20688,2,,,0,30,,20691,2,,,0,70,,20689,2,,,0,92,,15531,2,,,0,100,,15532,2,,,0
14019,'1797',637,,20692,2,,,0,100,,20693,2,,,0,100,,20694,2,,,0,100,,20695,2,,,0,100,,20696,2,,,0,100,,20697,2,,,0,100,,15542,2,,,0,100,,20698,2,,,0,100,,15544,2,,,0,100,,15545,2,,,0,100,,20699,2,,,0,100,,20700,2,,,0,100,,20701,2,,,0,100,,20702,2,,,0,100,,20703,2,,,0,95,,15551,2,,,0,100,,15552,2,,,0
14019,'1798',637,,15566,2,,,0,100,,20716,2,,,0,100,,20705,2,,,0,100,,20706,2,,,0,100,,20707,2,,,0,100,,20708,2,,,0,100,,20709,2,,,0,100,,20710,2,,,0,100,,20711,2,,,0,100,,20712,2,,,0,100,,20713,2,,,0,100,,20714,2,,,0,100,,20715,2,,,0,100,,15554,2,,,0,95,,20704,2,,,0
14019,'1799',637,,15581,2,,,0,100,,20729,2,,,0,100,,20718,2,,,0,100,,20719,2,,,0,100,,20720,2,,,0,100,,20721,2,,,0,100,,20722,2,,,0,100,,20723,2,,,0,100,,20724,2,,,0,100,,20725,2,,,0,100,,20726,2,,,0,100,,20727,2,,,0,100,,20728,2,,,0,100,,15569,2,,,0,95,,20717,2,,,0
14019,'1800',637,,15596,2,,,0,100,,20742,2,,,0,100,,20731,2,,,0,100,,20732,2,,,0,100,,20733,2,,,0,100,,20734,2,,,0,100,,20735,2,,,0,100,,20736,2,,,0,100,,20737,2,,,0,100,,20738,2,,,0,100,,20739,2,,,0,100,,20740,2,,,0,100,,20741,2,,,0,100,,15584,2,,,0,95,,20730,2,,,0
15019,'1796',632,,20744,2,,,0,70,,20745,2,,,0,30,,20746,2,,,0,70,,20747,2,,,0,30,,20748,2,,,0,70,,20749,2,,,0,30,,15605,2,,,0,70,,20750,2,,,0,30,,20751,2,,,0,70,,20752,2,,,0,30,,20753,2,,,0,70,,15610,2,,,0,30,,15611,2,,,0,70,,20754,2,,,0,30,,20755,2,,,0,70,,15614,2,,,0,30,,20756,2,,,0,70,,20757,2,,,0,30,,20758,2,,,0,70,,15618,2,,,0,30,,20759,2,,,0,70,,20760,2,,,0,30,,20761,2,,,0,70,,15622,2,,,0,30,,20762,2,,,0,70,,20763,2,,,0,30,,20764,2,,,0,100,,20765,2,,,0,99,,20766,2,,,0,100,,15628,2,0,5 2 6 7,0
15019,'1797',707,,15629,2,,,0,100,,20767,2,,,0,100,,20768,2,,,0,100,,15632,2,,,0,100,,20769,2,,,0,100,,20770,2,,,0,100,,15635,2,,,0,100,,20771,2,,,0,100,,20772,2,,,0,100,,15638,2,,,0,100,,20773,2,,,0,100,,20774,2,,,0,100,,15641,2,,,0,100,,20775,2,,,0
15019,'1798',707,,20781,2,,,0,100,,15653,2,,,0,100,,15656,2,,,0,100,,20780,2,,,0,100,,15651,2,,,0,100,,15649,2,,,0,100,,20779,2,,,0,100,,15650,2,,,0,100,,15647,2,,,0,100,,20778,2,,,0,100,,15645,2,,,0,100,,15646,2,,,0,100,,20777,2,,,0,100,,15657,2,,,0
15019,'1799',707,,20786,2,,,0,100,,15667,2,,,0,100,,15670,2,,,0,100,,20785,2,,,0,100,,15665,2,,,0,100,,15663,2,,,0,100,,20784,2,,,0,100,,15664,2,,,0,100,,15661,2,,,0,100,,20783,2,,,0,100,,15659,2,,,0,100,,15660,2,,,0,100,,20782,2,,,0,100,,15671,2,,,0
15019,'1800',707,,20791,2,,,0,100,,15681,2,,,0,100,,15684,2,,,0,100,,20790,2,,,0,100,,15679,2,,,0,100,,15677,2,,,0,100,,20789,2,,,0,100,,15678,2,,,0,100,,15675,2,,,0,100,,20788,2,,,0,100,,15673,2,,,0,100,,15674,2,,,0,100,,20787,2,,,0,100,,15685,2,,,0
19029,'1796',822,,21115,2,,,0,30,,21117,2,,,0,70,,21110,2,,,0,30,,21109,2,,,0,70,,21112,2,,,0,30,,21113,2,,,0,70,,16143,2,,,0,30,,21114,2,,,0,70,,21116,2,,,0,30,,21118,2,,,0,70,,16142,2,,,0,30,,21111,2,,,0,70,,21119,2,,,0,30,,21121,2,,,0,70,,16161,2,,,0,300,,21123,2,,,0,30,,21122,2,,,0,70,,21127,2,,,0,100,,21126,2,,,0,100,,21125,2,,,0,100,,21124,2,,,0,100,,21120,2,,,0
19029,'1797',612,,16186,2,,,0,40,,21152,2,,,0,70,,21146,2,,,0,30,,21130,2,,,0,70,,21148,2,,,0,30,,21147,2,,,0,70,,21128,2,,,0,30,,21142,2,,,0,70,,21149,2,,,0,30,,21135,2,,,0,70,,21145,2,,,0,30,,21134,2,,,0,70,,21144,2,,,0,30,,21140,2,,,0,70,,21151,2,,,0,30,,21155,2,,,0,70,,21138,2,,,0,30,,21133,2,,,0,70,,21137,2,,,0,30,,21143,2,,,0,70,,21139,2,,,0,30,,21150,2,,,0,70,,21131,2,,,0,30,,21141,2,,,0,70,,21136,2,,,0,30,,21129,2,,,0,70,,21153,2,,,0,110,,16192,2,,,0,70,,21154,2,,,0,100,,16190,2,,,0,100,,16191,2,,,0,25,,21132,2,,,0
19029,'1798',610,,21179,2,,,0,112,,21180,2,,,0,100,,21178,2,,,0,30,,21177,2,,,0,70,,21172,2,,,0,30,,21175,2,,,0,70,,21160,2,,,0,30,,21164,2,,,0,70,,21168,2,,,0,30,,21171,2,,,0,70,,21173,2,,,0,30,,21158,2,,,0,70,,21163,2,,,0,30,,21167,2,,,0,70,,21170,2,,,0,30,,21174,2,,,0,70,,21157,2,,,0,30,,21162,2,,,0,70,,21166,2,,,0,30,,21169,2,,,0,70,,21176,2,,,0,30,,21159,2,,,0,70,,21161,2,,,0,30,,21165,2,,,0,70,,21181,2,,,0,30,,21183,2,,,0,85,,21182,2,,,0,100,,16222,2,,,0,100,,16216,2,,,0,85,,21156,2,,,0
19029,'1799',610,,21207,2,,,0,112,,21208,2,,,0,100,,21206,2,,,0,30,,21205,2,,,0,70,,21200,2,,,0,30,,21203,2,,,0,70,,21188,2,,,0,30,,21192,2,,,0,70,,21196,2,,,0,30,,21199,2,,,0,70,,21201,2,,,0,30,,21186,2,,,0,70,,21191,2,,,0,30,,21195,2,,,0,70,,21198,2,,,0,30,,21202,2,,,0,70,,21185,2,,,0,30,,21190,2,,,0,70,,21194,2,,,0,30,,21197,2,,,0,70,,21204,2,,,0,30,,21187,2,,,0,70,,21189,2,,,0,30,,21193,2,,,0,70,,21209,2,,,0,30,,21211,2,,,0,85,,21210,2,,,0,100,,16252,2,,,0,100,,16246,2,,,0,85,,21184,2,,,0
19029,'1800',610,,21235,2,,,0,112,,21236,2,,,0,100,,21234,2,,,0,30,,21233,2,,,0,70,,21228,2,,,0,30,,21231,2,,,0,70,,21216,2,,,0,30,,21220,2,,,0,70,,21224,2,,,0,30,,21227,2,,,0,70,,21229,2,,,0,30,,21214,2,,,0,70,,21219,2,,,0,30,,21223,2,,,0,70,,21226,2,,,0,30,,21230,2,,,0,70,,21213,2,,,0,30,,21218,2,,,0,70,,21222,2,,,0,30,,21225,2,,,0,70,,21232,2,,,0,30,,21215,2,,,0,70,,21217,2,,,0,30,,21221,2,,,0,70,,21237,2,,,0,30,,21239,2,,,0,85,,21238,2,,,0,100,,16282,2,,,0,100,,16276,2,,,0,85,,21212,2,,,0
10019029,'1796',612,,23308,2,,,0,30,,23310,2,,,0,70,,19387,2,,,0,30,,23311,2,,,0,800,,23314,2,,,0,70,,19392,2,,,0,30,,23312,2,,,0,70,,23315,2,,,0,30,,19391,2,,,0,210,,23313,2,,,0
14000001029,'1796',2421,,23398,49,,,0,30,,19523,49,,,0,70,,23400,49,,,0,30,,23397,49,,,0,70,,19524,49,,,0,30,,23399,49,,,0
14000001029,'1797',2421,,23404,49,,,0,30,,19528,49,,,0,70,,23401,49,,,0,30,,23402,49,,,0,70,,19532,49,,,0,30,,23403,49,,,0
14000001029,'1798',2421,,23405,49,,,0,30,,19538,49,,,0,70,,23408,49,,,0,30,,23407,49,,,0,70,,19537,49,,,0,30,,23406,49,,,0
14000001029,'1799',2421,,23410,49,,,0,30,,19545,49,,,0,70,,23413,49,,,0,30,,23412,49,,,0,70,,19544,49,,,0,30,,23411,49,,,0
14000001029,'1800',2421,,23415,49,,,0,30,,19552,49,,,0,70,,23418,49,,,0,30,,23417,49,,,0,70,,19551,49,,,0,30,,23416,49,,,0
