4029,'1796',619,,19953,3,,,0,30,,19954,3,,,0,71,,19955,3,,,0,24,,19956,3,,,0,76,,19957,3,,,0,24,,19958,3,,,0,71,,19959,3,,,0,30,,19960,3,,,0,70,,19961,3,,,0,30,,19962,3,,,0,70,,19963,3,,,0,31,,19964,3,,,0,70,,19965,3,,,0,30,,19966,3,,,0,70,,19967,3,,,0,30,,19968,3,,,0,70,,19969,3,,,0,35,,19970,3,,,0,65,,19971,3,,,0,36,,19972,3,,,0,64,,19973,3,,,0,36,,19974,3,,,0,64,,19975,3,,,0,36,,19976,3,,,0,67,,19977,3,,,0,29,,19978,3,,,0,70,,19979,3,,,0,30,,19980,3,,,0,71,,19981,3,,,0,30,,19982,3,,,0,70,,19983,3,,,0,30,,19984,3,,,0
4029,'1797',621,,20009,3,,,0,28,,20010,3,,,0,70,,20011,3,,,0,30,,20012,3,,,0,70,,20013,3,,,0,30,,20014,3,,,0,70,,20015,3,,,0,30,,20002,3,,,0,70,,19996,3,,,0,28,,19989,3,,,0,70,,20000,3,,,0,28,,20006,3,,,0,70,,20001,3,,,0,30,,19988,3,,,0,70,,19993,3,,,0,30,,20004,3,,,0,70,,19987,3,,,0,30,,20003,3,,,0,70,,19998,3,,,0,30,,19990,3,,,0,70,,19985,3,,,0,30,,20005,3,,,0,70,,20008,3,,,0,30,,19999,3,,,0,70,,19994,3,,,0,30,,20016,3,,,0,75,,19991,3,,,0,30,,19986,3,,,0,69,,19992,3,,,0,30,,19997,3,,,0,70,,20007,3,,,0,30,,19995,3,,,0
4029,'1798',719,,20038,3,,,0,30,,20040,3,,,0,70,,20036,3,,,0,30,,20039,3,,,0,70,,20037,3,,,0,30,,20029,3,,,0,68,,20032,3,,,0,30,,20017,3,,,0,70,,20022,3,,,0,30,,20025,3,,,0,68,,20028,3,,,0,30,,20030,3,,,0,70,,20018,3,,,0,30,,20021,3,,,0,70,,20024,3,,,0,30,,20027,3,,,0,70,,20031,3,,,0,30,,20019,3,,,0,70,,20020,3,,,0,30,,20023,3,,,0,70,,20026,3,,,0,30,,20044,3,,,0,70,,20043,3,,,0,34,,20045,3,,,0,70,,20042,3,,,0,30,,20035,3,,,0,70,,20041,3,,,0,30,,20033,3,,,0,100,,20034,3,,,0
4029,'1799',719,,20067,3,,,0,30,,20069,3,,,0,70,,20065,3,,,0,30,,20068,3,,,0,70,,20066,3,,,0,30,,20058,3,,,0,68,,20061,3,,,0,30,,20046,3,,,0,70,,20051,3,,,0,30,,20054,3,,,0,68,,20057,3,,,0,30,,20059,3,,,0,70,,20047,3,,,0,30,,20050,3,,,0,70,,20053,3,,,0,30,,20056,3,,,0,70,,20060,3,,,0,30,,20048,3,,,0,70,,20049,3,,,0,30,,20052,3,,,0,70,,20055,3,,,0,30,,20073,3,,,0,70,,20072,3,,,0,34,,20074,3,,,0,70,,20071,3,,,0,30,,20064,3,,,0,70,,20070,3,,,0,30,,20062,3,,,0,100,,20063,3,,,0
4029,'1800',719,,20096,3,,,0,30,,20098,3,,,0,70,,20094,3,,,0,30,,20097,3,,,0,70,,20095,3,,,0,30,,20087,3,,,0,68,,20090,3,,,0,30,,20075,3,,,0,70,,20080,3,,,0,30,,20083,3,,,0,68,,20086,3,,,0,30,,20088,3,,,0,70,,20076,3,,,0,30,,20079,3,,,0,70,,20082,3,,,0,30,,20085,3,,,0,70,,20089,3,,,0,30,,20077,3,,,0,70,,20078,3,,,0,30,,20081,3,,,0,70,,20084,3,,,0,30,,20102,3,,,0,70,,20101,3,,,0,34,,20103,3,,,0,70,,20100,3,,,0,30,,20093,3,,,0,70,,20099,3,,,0,30,,20091,3,,,0,100,,20092,3,,,0
7029,'1796',504,,15002,3,,,0,100,,15003,3,,,0,30,,20395,3,,,0,70,,15005,3,,,0,30,,15006,3,,,0,70,,15007,3,,,0,30,,20396,3,,,0,70,,20397,3,,,0,30,,20398,3,,,0,70,,20399,3,,,0,30,,20400,3,,,0,70,,20401,3,,,0,30,,15014,3,,,0,70,,20392,3,,,0,30,,20393,3,,,0,70,,20394,3,,,0,31,,20391,3,,,0,70,,14996,3,,,0,30,,15001,3,,,0,70,,20402,3,,,0,30,,20403,3,,,0,70,,20404,3,,,0,29,,15018,3,,,0,70,,20405,3,,,0,30,,15020,3,,,0,70,,15021,3,,,0,30,,20406,3,,,0,70,,20407,3,,,0,30,,20408,3,,,0,70,,15025,3,,,0,100,,15026,3,,,0,100,,15027,3,,,0,100,,15028,3,,,0
7029,'1797',635,,20409,3,,,0,70,,20420,3,,,0,30,,20410,3,,,0,69,,20421,3,,,0,30,,20411,3,,,0,70,,15045,3,,,0,30,,20412,3,,,0,70,,20422,3,,,0,30,,20413,3,,,0,70,,20423,3,,,0,30,,15034,3,,,0,70,,15048,3,,,0,30,,20414,3,,,0,70,,20424,3,,,0,30,,15036,3,,,0,70,,20425,3,,,0,30,,15037,3,,,0,70,,15051,3,,,0,30,,20415,3,,,0,70,,20426,3,,,0,30,,20416,3,,,0,70,,20427,3,,,0,30,,20417,3,,,0,70,,15054,3,,,0,30,,20418,3,,,0,70,,20428,3,,,0,30,,20419,3,,,0,70,,20429,3,,,0,100,,15057,3,,,0,100,,15058,3,,,0,100,,15059,3,,,0,30,,20430,3,0,13 14,0
7029,'1798',704,,15063,3,,,0,100,,15064,3,,,0,100,,20432,3,,,0,100,,15066,3,,,0,100,,15067,3,,,0,100,,20433,3,,,0,100,,15069,3,,,0,100,,15070,3,,,0,100,,20434,3,,,0,100,,15072,3,,,0,100,,15073,3,,,0,100,,20435,3,,,0,100,,15075,3,,,0,100,,15076,3,,,0,100,,20431,3,,,0,230,,20436,3,0,13 14,0
7029,'1799',704,,15079,3,,,0,100,,15080,3,,,0,100,,20438,3,,,0,100,,15082,3,,,0,100,,15083,3,,,0,100,,20439,3,,,0,100,,15085,3,,,0,100,,15086,3,,,0,100,,20440,3,,,0,100,,15088,3,,,0,100,,15089,3,,,0,100,,20441,3,,,0,100,,15091,3,,,0,100,,15092,3,,,0,100,,20437,3,,,0,230,,20442,3,0,13 14,0
7029,'1800',704,,15095,3,,,0,100,,15096,3,,,0,100,,20444,3,,,0,100,,15098,3,,,0,100,,15099,3,,,0,100,,20445,3,,,0,100,,15101,3,,,0,100,,15102,3,,,0,100,,20446,3,,,0,100,,15104,3,,,0,100,,15105,3,,,0,100,,20447,3,,,0,100,,15107,3,,,0,100,,15108,3,,,0,100,,20443,3,,,0,230,,20448,3,0,13 14,0
13019,'1796',616,,20594,10,,,0,30,,20595,10,,,0,69,,20596,10,,,0,30,,20597,10,,,0,96,,20598,10,,,0,100,,20599,10,,,0,100,,20600,10,,,0,100,,20601,10,,,0,100,,15427,10,,,0,100,,20602,10,,,0,70,,20603,10,,,0,31,,20604,10,,,0,70,,20605,10,,,0,31,,20611,10,,,0,70,,20606,10,,,0,30,,20612,10,,,0,70,,15433,10,,,0,30,,20610,10,,,0,99,,20607,10,,,0,100,,20609,10,,,0,100,,20608,10,,,0,98,,15437,10,,,0,100,,15436,10,,,0
13019,'1797',705,,20613,10,,,0,100,,20614,10,,,0,100,,20615,10,,,0,100,,20616,10,,,0,101,,15447,10,,,0,100,,20617,10,,,0,100,,15449,10,,,0,100,,15450,10,,,0,100,,20618,10,,,0,100,,20619,10,,,0,99,,20620,10,,,0,100,,20621,10,,,0,100,,20622,10,,,0,100,,20623,10,,,0,100,,15457,10,,,0,200,,20624,10,,,0
13019,'1798',805,,20626,10,,,0,100,,20627,10,,,0,100,,20628,10,,,0,101,,20629,10,,,0,100,,20630,10,,,0,100,,20631,10,,,0,100,,20632,10,,,0,100,,20633,10,,,0,100,,20634,10,,,0,99,,20635,10,,,0,100,,20636,10,,,0,100,,20637,10,,,0,100,,20638,10,,,0,100,,20639,10,,,0,100,,20625,10,,,0
13019,'1799',805,,20641,10,,,0,100,,20642,10,,,0,100,,20643,10,,,0,101,,20644,10,,,0,100,,20645,10,,,0,100,,20646,10,,,0,100,,20647,10,,,0,100,,20648,10,,,0,100,,20649,10,,,0,99,,20650,10,,,0,100,,20651,10,,,0,100,,20652,10,,,0,100,,20653,10,,,0,100,,20654,10,,,0,100,,20640,10,,,0
13019,'1800',805,,20656,10,,,0,100,,20657,10,,,0,100,,20658,10,,,0,101,,20659,10,,,0,100,,20660,10,,,0,100,,20661,10,,,0,100,,20662,10,,,0,100,,20663,10,,,0,100,,20664,10,,,0,99,,20665,10,,,0,100,,20666,10,,,0,100,,20667,10,,,0,100,,20668,10,,,0,100,,20669,10,,,0,100,,20655,10,,,0
501019,'1796',604,,21637,2,,,0,30,,21638,2,,,0,74,,21639,2,,,0,24,,21640,2,,,0,24,,21641,2,,,0,52,,21642,2,,,0,24,,21643,2,,,0,22,,21644,2,,,0,51,,21645,2,,,0,30,,21646,2,,,0,70,,21647,2,,,0,30,,21648,2,,,0,70,,21649,2,,,0,30,,21650,2,,,0,70,,21651,2,,,0,30,,21652,2,,,0,70,,21653,2,,,0,30,,21654,2,,,0,70,,21655,2,,,0,26,,21656,2,,,0,12,,21657,2,,,0,62,,21658,2,,,0,24,,21659,2,,,0,12,,21660,2,,,0,64,,21661,2,,,0,24,,21662,2,,,0,12,,21663,2,,,0,64,,21664,2,,,0,24,,21665,2,,,0,12,,21666,2,,,0,66,,21667,2,,,0,28,,21668,2,,,0,70,,21669,2,,,0,30,,21670,2,,,0,70,,21671,2,,,0,30,,21672,2,,,0,69,,21673,2,,,0,30,,21674,2,,,0,70,,21675,2,,,0,30,,21676,2,,,0,70,,21677,2,,,0
501019,'1797',607,,21687,2,,,0,30,,21690,2,,,0,67,,21686,2,,,0,30,,21689,2,,,0,70,,21685,2,,,0,30,,21691,2,,,0,70,,21684,2,,,0,30,,21688,2,,,0,71,,21697,2,,,0,30,,21707,2,,,0,70,,21698,2,,,0,30,,21708,2,,,0,70,,21699,2,,,0,30,,21709,2,,,0,70,,21700,2,,,0,30,,21710,2,,,0,70,,21701,2,,,0,30,,21711,2,,,0,70,,21702,2,,,0,30,,21712,2,,,0,70,,21703,2,,,0,30,,21705,2,,,0,70,,21704,2,,,0,30,,21706,2,,,0,70,,21683,2,,,0,30,,21696,2,,,0,70,,21682,2,,,0,30,,21694,2,,,0,69,,21681,2,,,0,30,,21695,2,,,0,70,,21680,2,,,0,30,,21692,2,,,0,70,,21679,2,,,0,30,,21693,2,,,0,70,,21678,2,,,0
501019,'1798',607,,21728,2,,,0,30,,21742,2,,,0,67,,21727,2,,,0,30,,21741,2,,,0,70,,21730,2,,,0,30,,21743,2,,,0,70,,21731,2,,,0,30,,21740,2,,,0,71,,21719,2,,,0,30,,21732,2,,,0,70,,21718,2,,,0,30,,21733,2,,,0,70,,21721,2,,,0,30,,21734,2,,,0,70,,21717,2,,,0,30,,21739,2,,,0,70,,21716,2,,,0,30,,21738,2,,,0,70,,21715,2,,,0,30,,21735,2,,,0,70,,21714,2,,,0,30,,21737,2,,,0,70,,21720,2,,,0,30,,21736,2,,,0,70,,21729,2,,,0,30,,21744,2,,,0,69,,21726,2,,,0,30,,21747,2,,,0,70,,21725,2,,,0,30,,21713,2,,,0,70,,21724,2,,,0,30,,21745,2,,,0,70,,21723,2,,,0,30,,21746,2,,,0,70,,21722,2,,,0
501019,'1799',607,,21763,2,,,0,30,,21777,2,,,0,67,,21762,2,,,0,30,,21776,2,,,0,70,,21765,2,,,0,30,,21778,2,,,0,70,,21766,2,,,0,30,,21775,2,,,0,71,,21754,2,,,0,30,,21767,2,,,0,70,,21753,2,,,0,30,,21768,2,,,0,70,,21756,2,,,0,30,,21769,2,,,0,70,,21752,2,,,0,30,,21774,2,,,0,70,,21751,2,,,0,30,,21773,2,,,0,70,,21750,2,,,0,30,,21770,2,,,0,70,,21749,2,,,0,30,,21772,2,,,0,70,,21755,2,,,0,30,,21771,2,,,0,70,,21764,2,,,0,30,,21779,2,,,0,69,,21761,2,,,0,30,,21782,2,,,0,70,,21760,2,,,0,30,,21748,2,,,0,70,,21759,2,,,0,30,,21780,2,,,0,70,,21758,2,,,0,30,,21781,2,,,0,70,,21757,2,,,0
501019,'1800',607,,21798,2,,,0,30,,21812,2,,,0,67,,21797,2,,,0,30,,21811,2,,,0,70,,21800,2,,,0,30,,21813,2,,,0,70,,21801,2,,,0,30,,21810,2,,,0,71,,21789,2,,,0,30,,21802,2,,,0,70,,21788,2,,,0,30,,21803,2,,,0,70,,21791,2,,,0,30,,21804,2,,,0,70,,21787,2,,,0,30,,21809,2,,,0,70,,21786,2,,,0,30,,21808,2,,,0,70,,21785,2,,,0,30,,21805,2,,,0,70,,21784,2,,,0,30,,21807,2,,,0,70,,21790,2,,,0,30,,21806,2,,,0,70,,21799,2,,,0,30,,21814,2,,,0,69,,21796,2,,,0,30,,21817,2,,,0,70,,21795,2,,,0,30,,21783,2,,,0,70,,21794,2,,,0,30,,21815,2,,,0,70,,21793,2,,,0,30,,21816,2,,,0,70,,21792,2,,,0
20007019,'1796',539,,19415,3,,,0,1494,,23319,3,,,0,100,,23320,3,,,0,100,,19418,3,,,0,100,,23322,3,,,0,100,,23321,3,,,0
20007019,'1797',2033,,23323,3,,,0,100,,23324,3,,,0,100,,19423,3,,,0
20007019,'1798',634,,23341,3,,,0,200,,23327,3,,,0,100,,23328,3,,,0,100,,23329,3,,,0,100,,23330,3,,,0,100,,23331,3,,,0,100,,23332,3,,,0,100,,23333,3,,,0,100,,23334,3,,,0,100,,23335,3,,,0,100,,23336,3,,,0,100,,23337,3,,,0,100,,23338,3,,,0,99,,23339,3,,,0,100,,23340,3,,,0,70,,19440,3,,,0,30,,23326,3,,,0,70,,23325,3,,,0
20007019,'1799',634,,23358,3,,,0,200,,23344,3,,,0,100,,23345,3,,,0,100,,23346,3,,,0,100,,23347,3,,,0,100,,23348,3,,,0,100,,23349,3,,,0,100,,23350,3,,,0,100,,23351,3,,,0,100,,23352,3,,,0,100,,23353,3,,,0,100,,23354,3,,,0,100,,23355,3,,,0,99,,23356,3,,,0,100,,23357,3,,,0,70,,19458,3,,,0,30,,23343,3,,,0,70,,23342,3,,,0
20007019,'1800',634,,23375,3,,,0,200,,23361,3,,,0,100,,23362,3,,,0,100,,23363,3,,,0,100,,23364,3,,,0,100,,23365,3,,,0,100,,23366,3,,,0,100,,23367,3,,,0,100,,23368,3,,,0,100,,23369,3,,,0,100,,23370,3,,,0,100,,23371,3,,,0,100,,23372,3,,,0,99,,23373,3,,,0,100,,23374,3,,,0,70,,19476,3,,,0,30,,23360,3,,,0,70,,23359,3,,,0
14000001019,'1796',2358,,23379,5,,,0,70,,23377,5,,,0,30,,19496,5,,,0,70,,23378,5,,,0,30,,23376,5,,,0
14000001019,'1797',2358,,23383,5,,,0,70,,23380,5,,,0,30,,19502,5,,,0,70,,23382,5,,,0,30,,23381,5,,,0
14000001019,'1798',2358,,23386,5,,,0,70,,23385,5,,,0,30,,19504,5,,,0,70,,23387,5,,,0,30,,23384,5,,,0
14000001019,'1799',2358,,23390,5,,,0,70,,23389,5,,,0,30,,19509,5,,,0,70,,23391,5,,,0,30,,23388,5,,,0
14000001019,'1800',2358,,23394,5,,,0,70,,23393,5,,,0,30,,19514,5,,,0,70,,23395,5,,,0,30,,23392,5,,,0
