6029,'1796',621,,20196,13,,,0,30,,20197,13,,,0,72,,14730,13,,,0,30,,14731,13,,,0,70,,20198,13,,,0,30,,20199,13,,,0,69,,20200,13,,,0,30,,20201,13,,,0,70,,20202,13,,,0,30,,20203,13,,,0,70,,20204,13,,,0,30,,20205,13,,,0,70,,20206,13,,,0,30,,20207,13,,,0,70,,20208,13,,,0,30,,20209,13,,,0,70,,20210,13,,,0,32,,20211,13,,,0,70,,20212,13,,,0,30,,20213,13,,,0,70,,20214,13,,,0,30,,20215,13,,,0,70,,20216,13,,,0,28,,14751,13,,,0,70,,20217,13,,,0,30,,20218,13,,,0,90,,20194,13,,,0,98,,14727,13,,,0,100,,20193,13,,,0,100,,20195,13,,,0
6029,'1797',618,,20220,13,,,0,30,,14757,13,,,0,65,,20237,13,,,0,30,,14781,13,,,0,70,,20221,13,,,0,30,,20231,13,,,0,70,,20238,13,,,0,30,,20244,13,,,0,71,,20230,13,,,0,30,,20243,13,,,0,70,,20229,13,,,0,30,,20235,13,,,0,70,,20228,13,,,0,30,,20242,13,,,0,70,,20227,13,,,0,30,,20234,13,,,0,70,,20226,13,,,0,30,,20241,13,,,0,70,,20225,13,,,0,30,,20233,13,,,0,70,,20224,13,,,0,30,,20240,13,,,0,70,,20223,13,,,0,30,,20232,13,,,0,70,,20222,13,,,0,30,,20239,13,,,0,69,,20219,13,0,5 2 6 7,0,100,,14780,13,0,5 2 6 7,0,100,,20236,13,0,5 2 6 7,0
6029,'1798',840,,20256,13,0,5 2 6 7,0,100,,20247,13,0,5 2 6 7,0,100,,20255,13,0,5 2 6 7,0,100,,20245,13,0,5 2 6 7,0,102,,20254,13,0,5 2 6 7,0,100,,20250,13,0,5 2 6 7,0,100,,20253,13,0,5 2 6 7,0,100,,20248,13,0,5 2 6 7,0,100,,20252,13,0,5 2 6 7,0,100,,20249,13,0,5 2 6 7,0,98,,20251,13,0,5 2 6 7,0,100,,20246,13,0,5 2 6 7,0
6029,'1799',840,,20268,13,0,5 2 6 7,0,100,,20259,13,0,5 2 6 7,0,100,,20267,13,0,5 2 6 7,0,100,,20257,13,0,5 2 6 7,0,102,,20266,13,0,5 2 6 7,0,100,,20262,13,0,5 2 6 7,0,100,,20265,13,0,5 2 6 7,0,100,,20260,13,0,5 2 6 7,0,100,,20264,13,0,5 2 6 7,0,100,,20261,13,0,5 2 6 7,0,98,,20263,13,0,5 2 6 7,0,100,,20258,13,0,5 2 6 7,0
6029,'1800',840,,20280,13,0,5 2 6 7,0,100,,20271,13,0,5 2 6 7,0,100,,20279,13,0,5 2 6 7,0,100,,20269,13,0,5 2 6 7,0,102,,20278,13,0,5 2 6 7,0,100,,20274,13,0,5 2 6 7,0,100,,20277,13,0,5 2 6 7,0,100,,20272,13,0,5 2 6 7,0,100,,20276,13,0,5 2 6 7,0,100,,20273,13,0,5 2 6 7,0,98,,20275,13,0,5 2 6 7,0,100,,20270,13,0,5 2 6 7,0
11029,'1796',712,,20536,6,,,0,100,,20537,6,,,0,100,,20538,6,,,0,101,,20539,6,,,0,100,,15328,6,,,0,100,,20540,6,,,0,100,,15330,6,,,0,100,,20541,6,,,0,100,,20542,6,,,0,100,,15333,6,,,0,100,,15334,6,,,0,100,,20543,6,,,0,100,,15336,6,,,0,100,,20544,6,,,0,100,,20535,6,,,0
11029,'1797',712,,20557,6,,,0,100,,20547,6,,,0,100,,20548,6,,,0,103,,20549,6,,,0,100,,20550,6,,,0,100,,20551,6,,,0,100,,15345,6,,,0,100,,20552,6,,,0,100,,15347,6,,,0,100,,15348,6,,,0,98,,20553,6,,,0,100,,20554,6,,,0,99,,20555,6,,,0,100,,20556,6,,,0
11029,'1798',812,,20558,6,,,0,100,,20559,6,,,0,103,,20560,6,,,0,100,,20561,6,,,0,100,,20562,6,,,0,100,,20563,6,,,0,100,,20564,6,,,0,100,,20565,6,,,0,100,,20566,6,,,0,98,,20567,6,,,0,100,,20568,6,,,0,99,,20569,6,,,0,100,,15366,6,,,0
11029,'1799',812,,20570,6,,,0,100,,20571,6,,,0,103,,20572,6,,,0,100,,20573,6,,,0,100,,20574,6,,,0,100,,20575,6,,,0,100,,20576,6,,,0,100,,20577,6,,,0,100,,20578,6,,,0,98,,20579,6,,,0,100,,20580,6,,,0,99,,20581,6,,,0,100,,15379,6,,,0
11029,'1800',812,,20582,6,,,0,100,,20583,6,,,0,103,,20584,6,,,0,100,,20585,6,,,0,100,,20586,6,,,0,100,,20587,6,,,0,100,,20588,6,,,0,100,,20589,6,,,0,100,,20590,6,,,0,98,,20591,6,,,0,100,,20592,6,,,0,99,,20593,6,,,0,100,,15392,6,,,0
702029,'1796',610,,23045,4,0,9 10,0,20,,18775,4,0,9 10,0,71,,18831,4,0,9 10,0,16,,18776,4,0,9 10,0,15,,23046,4,0,9 10,0,20,,18778,4,0,9 10,0,55,,18779,4,0,9 10,0,15,,18829,4,0,9 10,0,15,,23061,4,0,5 2 11 2 12,0,15,,18830,4,0,9 10,0,55,,23062,4,0,5 2 11 2 12,0,15,,18780,4,0,9 10,0,15,,18809,4,0,5 2 11 2 12,0,15,,18781,4,0,9 10,0,55,,23063,4,0,5 2 11 2 12,0,15,,18837,4,0,9 10,0,15,,23064,4,0,5 2 11 2 12,0,15,,18782,4,0,9 10,0,55,,23065,4,0,5 2 11 2 12,0,15,,23047,4,0,9 10,0,15,,23066,4,0,5 2 11 2 12,0,15,,18784,4,0,9 10,0,55,,23067,4,0,5 2 11 2 12,0,15,,23048,4,0,9 10,0,15,,23068,4,0,5 2 11 2 12,0,15,,23049,4,0,9 10,0,55,,23069,4,0,5 2 11 2 12,0,15,,23050,4,0,9 10,0,15,,23070,4,0,5 2 11 2 12,0,15,,18788,4,0,9 10,0,55,,23071,4,0,5 2 11 2 12,0,15,,23051,4,0,9 10,0,15,,18833,4,0,9 10,0,15,,23072,4,0,5 2 11 2 12,0,55,,18790,4,0,9 10,0,15,,23078,4,0,9 10,0,15,,23052,4,0,9 10,0,15,,18820,4,0,5 2 11 2 12,0,55,,23054,4,0,9 10,0,15,,23053,4,0,9 10,0,15,,23079,4,0,9 10,0,15,,23080,4,0,5 2 11 2 12,0,55,,23055,4,0,9 10,0,15,,23056,4,0,9 10,0,15,,18821,4,0,5 2 11 2 12,0,14,,18796,4,0,9 10,0,55,,23073,4,0,5 2 11 2 12,0,15,,18838,4,0,9 10,0,15,,18823,4,0,5 2 11 2 12,0,15,,23057,4,0,9 10,0,55,,23074,4,0,5 2 11 2 12,0,15,,18798,4,0,9 10,0,15,,23075,4,0,5 2 11 2 12,0,15,,18799,4,0,9 10,0,55,,18826,4,0,5 2 11 2 12,0,15,,23058,4,0,9 10,0,15,,23076,4,0,5 2 11 2 12,0,15,,18801,4,0,9 10,0,55,,23077,4,0,5 2 11 2 12,0,15,,18802,4,0,9 10,0,30,,18803,4,0,9 10,0,70,,23059,4,0,9 10,0,29,,18805,4,0,9 10,0,65,,18832,4,0,9 10,0,30,,23060,4,0,5 2 11 2 12,0
702029,'1797',627,,18871,4,0,9 10,0,24,,18839,4,0,9 10,0,70,,23088,4,0,9 10,0,30,,18856,4,0,9 10,0,55,,18898,4,0,5 2 11 2 12,0,15,,18864,4,0,9 10,0,15,,23115,4,0,5 2 11 2 12,0,15,,23081,4,0,9 10,0,55,,18893,4,0,5 2 11 2 12,0,15,,18849,4,0,9 10,0,15,,18894,4,0,5 2 11 2 12,0,15,,23095,4,0,9 10,0,55,,23113,4,0,5 2 11 2 12,0,15,,23102,4,0,9 10,0,15,,18877,4,0,5 2 11 2 12,0,15,,18841,4,0,9 10,0,55,,18889,4,0,5 2 11 2 12,0,15,,23089,4,0,9 10,0,15,,23111,4,0,5 2 11 2 12,0,15,,23096,4,0,9 10,0,55,,18872,4,0,5 2 11 2 12,0,15,,23103,4,0,9 10,0,15,,18888,4,0,5 2 11 2 12,0,15,,23082,4,0,9 10,0,56,,23112,4,0,5 2 11 2 12,0,15,,23090,4,0,9 10,0,15,,18875,4,0,5 2 11 2 12,0,15,,23097,4,0,9 10,0,55,,18887,4,0,5 2 11 2 12,0,15,,23119,4,0,9 10,0,15,,23110,4,0,5 2 11 2 12,0,15,,23083,4,0,9 10,0,55,,18874,4,0,5 2 11 2 12,0,15,,23091,4,0,9 10,0,15,,18886,4,0,5 2 11 2 12,0,15,,23098,4,0,9 10,0,55,,23108,4,0,5 2 11 2 12,0,15,,23104,4,0,9 10,0,15,,18873,4,0,5 2 11 2 12,0,15,,23084,4,0,9 10,0,55,,18885,4,0,5 2 11 2 12,0,14,,23092,4,0,9 10,0,15,,23109,4,0,5 2 11 2 12,0,15,,23099,4,0,9 10,0,55,,18876,4,0,5 2 11 2 12,0,15,,23105,4,0,9 10,0,15,,18884,4,0,5 2 11 2 12,0,15,,23085,4,0,9 10,0,55,,23114,4,0,5 2 11 2 12,0,15,,23093,4,0,9 10,0,15,,18891,4,0,5 2 11 2 12,0,15,,23100,4,0,9 10,0,55,,18895,4,0,5 2 11 2 12,0,15,,23106,4,0,9 10,0,15,,23116,4,0,5 2 11 2 12,0,15,,23086,4,0,9 10,0,55,,18897,4,0,5 2 11 2 12,0,14,,23094,4,0,9 10,0,30,,23101,4,0,9 10,0,70,,23107,4,0,9 10,0,30,,23087,4,0,9 10,0,65,,23118,4,0,9 10,0,30,,23117,4,0,5 2 11 2 12,0
702029,'1798',627,,23141,4,0,9 10,0,24,,23130,4,0,9 10,0,70,,23143,4,0,9 10,0,30,,23139,4,0,9 10,0,55,,18943,4,0,5 2 11 2 12,0,15,,23129,4,0,9 10,0,15,,18955,4,0,5 2 11 2 12,0,15,,23142,4,0,9 10,0,55,,23152,4,0,5 2 11 2 12,0,15,,23131,4,0,9 10,0,15,,18941,4,0,5 2 11 2 12,0,15,,23128,4,0,9 10,0,55,,18950,4,0,5 2 11 2 12,0,15,,18931,4,0,9 10,0,15,,18951,4,0,5 2 11 2 12,0,15,,23134,4,0,9 10,0,55,,18942,4,0,5 2 11 2 12,0,15,,23127,4,0,9 10,0,15,,18961,4,0,5 2 11 2 12,0,15,,23150,4,0,9 10,0,55,,18939,4,0,5 2 11 2 12,0,15,,18920,4,0,9 10,0,15,,18953,4,0,5 2 11 2 12,0,15,,23126,4,0,9 10,0,56,,18962,4,0,5 2 11 2 12,0,15,,23144,4,0,9 10,0,15,,18945,4,0,5 2 11 2 12,0,15,,23137,4,0,9 10,0,55,,18948,4,0,5 2 11 2 12,0,15,,23125,4,0,9 10,0,15,,18960,4,0,5 2 11 2 12,0,15,,23145,4,0,9 10,0,55,,18940,4,0,5 2 11 2 12,0,15,,23133,4,0,9 10,0,15,,18949,4,0,5 2 11 2 12,0,15,,23124,4,0,9 10,0,55,,18958,4,0,5 2 11 2 12,0,15,,23151,4,0,9 10,0,15,,18938,4,0,5 2 11 2 12,0,15,,23132,4,0,9 10,0,55,,18954,4,0,5 2 11 2 12,0,14,,23123,4,0,9 10,0,15,,18956,4,0,5 2 11 2 12,0,15,,23147,4,0,9 10,0,55,,18946,4,0,5 2 11 2 12,0,15,,23140,4,0,9 10,0,15,,18952,4,0,5 2 11 2 12,0,15,,23122,4,0,9 10,0,55,,18957,4,0,5 2 11 2 12,0,15,,23148,4,0,9 10,0,15,,18944,4,0,5 2 11 2 12,0,15,,23136,4,0,9 10,0,55,,18947,4,0,5 2 11 2 12,0,15,,23121,4,0,9 10,0,15,,18959,4,0,5 2 11 2 12,0,15,,23146,4,0,9 10,0,55,,18937,4,0,5 2 11 2 12,0,14,,23138,4,0,9 10,0,30,,23120,4,0,9 10,0,70,,23149,4,0,9 10,0,30,,23135,4,0,9 10,0,65,,23154,4,0,9 10,0,30,,23153,4,0,5 2 11 2 12,0
702029,'1799',627,,23176,4,0,9 10,0,24,,23165,4,0,9 10,0,70,,23178,4,0,9 10,0,30,,23174,4,0,9 10,0,55,,19006,4,0,5 2 11 2 12,0,15,,23164,4,0,9 10,0,15,,19018,4,0,5 2 11 2 12,0,15,,23177,4,0,9 10,0,55,,23187,4,0,5 2 11 2 12,0,15,,23166,4,0,9 10,0,15,,19004,4,0,5 2 11 2 12,0,15,,23163,4,0,9 10,0,55,,19013,4,0,5 2 11 2 12,0,15,,18994,4,0,9 10,0,15,,19014,4,0,5 2 11 2 12,0,15,,23169,4,0,9 10,0,55,,19005,4,0,5 2 11 2 12,0,15,,23162,4,0,9 10,0,15,,19024,4,0,5 2 11 2 12,0,15,,23185,4,0,9 10,0,55,,19002,4,0,5 2 11 2 12,0,15,,18983,4,0,9 10,0,15,,19016,4,0,5 2 11 2 12,0,15,,23161,4,0,9 10,0,56,,19025,4,0,5 2 11 2 12,0,15,,23179,4,0,9 10,0,15,,19008,4,0,5 2 11 2 12,0,15,,23172,4,0,9 10,0,55,,19011,4,0,5 2 11 2 12,0,15,,23160,4,0,9 10,0,15,,19023,4,0,5 2 11 2 12,0,15,,23180,4,0,9 10,0,55,,19003,4,0,5 2 11 2 12,0,15,,23168,4,0,9 10,0,15,,19012,4,0,5 2 11 2 12,0,15,,23159,4,0,9 10,0,55,,19021,4,0,5 2 11 2 12,0,15,,23186,4,0,9 10,0,15,,19001,4,0,5 2 11 2 12,0,15,,23167,4,0,9 10,0,55,,19017,4,0,5 2 11 2 12,0,14,,23158,4,0,9 10,0,15,,19019,4,0,5 2 11 2 12,0,15,,23182,4,0,9 10,0,55,,19009,4,0,5 2 11 2 12,0,15,,23175,4,0,9 10,0,15,,19015,4,0,5 2 11 2 12,0,15,,23157,4,0,9 10,0,55,,19020,4,0,5 2 11 2 12,0,15,,23183,4,0,9 10,0,15,,19007,4,0,5 2 11 2 12,0,15,,23171,4,0,9 10,0,55,,19010,4,0,5 2 11 2 12,0,15,,23156,4,0,9 10,0,15,,19022,4,0,5 2 11 2 12,0,15,,23181,4,0,9 10,0,55,,19000,4,0,5 2 11 2 12,0,14,,23173,4,0,9 10,0,30,,23155,4,0,9 10,0,70,,23184,4,0,9 10,0,30,,23170,4,0,9 10,0,65,,23189,4,0,9 10,0,30,,23188,4,0,5 2 11 2 12,0
702029,'1800',627,,23211,4,0,9 10,0,24,,23200,4,0,9 10,0,70,,23213,4,0,9 10,0,30,,23209,4,0,9 10,0,55,,19069,4,0,5 2 11 2 12,0,15,,23199,4,0,9 10,0,15,,19081,4,0,5 2 11 2 12,0,15,,23212,4,0,9 10,0,55,,23222,4,0,5 2 11 2 12,0,15,,23201,4,0,9 10,0,15,,19067,4,0,5 2 11 2 12,0,15,,23198,4,0,9 10,0,55,,19076,4,0,5 2 11 2 12,0,15,,19057,4,0,9 10,0,15,,19077,4,0,5 2 11 2 12,0,15,,23204,4,0,9 10,0,55,,19068,4,0,5 2 11 2 12,0,15,,23197,4,0,9 10,0,15,,19087,4,0,5 2 11 2 12,0,15,,23220,4,0,9 10,0,55,,19065,4,0,5 2 11 2 12,0,15,,19046,4,0,9 10,0,15,,19079,4,0,5 2 11 2 12,0,15,,23196,4,0,9 10,0,56,,19088,4,0,5 2 11 2 12,0,15,,23214,4,0,9 10,0,15,,19071,4,0,5 2 11 2 12,0,15,,23207,4,0,9 10,0,55,,19074,4,0,5 2 11 2 12,0,15,,23195,4,0,9 10,0,15,,19086,4,0,5 2 11 2 12,0,15,,23215,4,0,9 10,0,55,,19066,4,0,5 2 11 2 12,0,15,,23203,4,0,9 10,0,15,,19075,4,0,5 2 11 2 12,0,15,,23194,4,0,9 10,0,55,,19084,4,0,5 2 11 2 12,0,15,,23221,4,0,9 10,0,15,,19064,4,0,5 2 11 2 12,0,15,,23202,4,0,9 10,0,55,,19080,4,0,5 2 11 2 12,0,14,,23193,4,0,9 10,0,15,,19082,4,0,5 2 11 2 12,0,15,,23217,4,0,9 10,0,55,,19072,4,0,5 2 11 2 12,0,15,,23210,4,0,9 10,0,15,,19078,4,0,5 2 11 2 12,0,15,,23192,4,0,9 10,0,55,,19083,4,0,5 2 11 2 12,0,15,,23218,4,0,9 10,0,15,,19070,4,0,5 2 11 2 12,0,15,,23206,4,0,9 10,0,55,,19073,4,0,5 2 11 2 12,0,15,,23191,4,0,9 10,0,15,,19085,4,0,5 2 11 2 12,0,15,,23216,4,0,9 10,0,55,,19063,4,0,5 2 11 2 12,0,14,,23208,4,0,9 10,0,30,,23190,4,0,9 10,0,70,,23219,4,0,9 10,0,30,,23205,4,0,9 10,0,65,,23224,4,0,9 10,0,30,,23223,4,0,5 2 11 2 12,0
