6029,'1796',622,,20196,14,,,0,30,,20197,14,,,0,72,,14730,14,,,0,30,,14731,14,,,0,70,,20198,14,,,0,30,,20199,14,,,0,69,,20200,14,,,0,30,,20201,14,,,0,70,,20202,14,,,0,30,,20203,14,,,0,70,,20204,14,,,0,30,,20205,14,,,0,70,,20206,14,,,0,30,,20207,14,,,0,70,,20208,14,,,0,30,,20209,14,,,0,70,,20210,14,,,0,32,,20211,14,,,0,70,,20212,14,,,0,30,,20213,14,,,0,70,,20214,14,,,0,30,,20215,14,,,0,70,,20216,14,,,0,28,,14751,14,,,0,70,,20217,14,,,0,30,,20218,14,,,0,90,,20194,14,,,0,98,,14727,14,,,0,100,,20193,14,,,0,100,,20195,14,,,0
6029,'1797',619,,20220,14,,,0,30,,14757,14,,,0,65,,20237,14,,,0,30,,14781,14,,,0,70,,20221,14,,,0,30,,20231,14,,,0,70,,20238,14,,,0,30,,20244,14,,,0,71,,20230,14,,,0,30,,20243,14,,,0,70,,20229,14,,,0,30,,20235,14,,,0,70,,20228,14,,,0,30,,20242,14,,,0,70,,20227,14,,,0,30,,20234,14,,,0,70,,20226,14,,,0,30,,20241,14,,,0,70,,20225,14,,,0,30,,20233,14,,,0,70,,20224,14,,,0,30,,20240,14,,,0,70,,20223,14,,,0,30,,20232,14,,,0,70,,20222,14,,,0,30,,20239,14,,,0,69,,20219,14,4,,0,100,,14780,14,4,,0,100,,20236,14,4,,0
6029,'1798',841,,20256,14,4,,0,100,,20247,14,4,,0,100,,20255,14,4,,0,100,,20245,14,4,,0,102,,20254,14,4,,0,100,,20250,14,4,,0,100,,20253,14,4,,0,100,,20248,14,4,,0,100,,20252,14,4,,0,100,,20249,14,4,,0,98,,20251,14,4,,0,100,,20246,14,4,,0
6029,'1799',841,,20268,14,4,,0,100,,20259,14,4,,0,100,,20267,14,4,,0,100,,20257,14,4,,0,102,,20266,14,4,,0,100,,20262,14,4,,0,100,,20265,14,4,,0,100,,20260,14,4,,0,100,,20264,14,4,,0,100,,20261,14,4,,0,98,,20263,14,4,,0,100,,20258,14,4,,0
6029,'1800',841,,20280,14,4,,0,100,,20271,14,4,,0,100,,20279,14,4,,0,100,,20269,14,4,,0,102,,20278,14,4,,0,100,,20274,14,4,,0,100,,20277,14,4,,0,100,,20272,14,4,,0,100,,20276,14,4,,0,100,,20273,14,4,,0,98,,20275,14,4,,0,100,,20270,14,4,,0
11029,'1796',712,,20536,7,,,0,101,,20537,7,,,0,100,,20538,7,,,0,101,,20539,7,,,0,100,,15328,7,,,0,100,,20540,7,,,0,100,,15330,7,,,0,100,,20541,7,,,0,100,,20542,7,,,0,100,,15333,7,,,0,100,,15334,7,,,0,100,,20543,7,,,0,100,,15336,7,,,0,100,,20544,7,,,0,100,,20535,7,,,0
11029,'1797',712,,20557,7,,,0,100,,20547,7,,,0,100,,20548,7,,,0,104,,20549,7,,,0,100,,20550,7,,,0,100,,20551,7,,,0,100,,15345,7,,,0,100,,20552,7,,,0,100,,15347,7,,,0,100,,15348,7,,,0,98,,20553,7,,,0,100,,20554,7,,,0,99,,20555,7,,,0,100,,20556,7,,,0
11029,'1798',812,,20558,7,,,0,100,,20559,7,,,0,104,,20560,7,,,0,100,,20561,7,,,0,100,,20562,7,,,0,100,,20563,7,,,0,100,,20564,7,,,0,100,,20565,7,,,0,100,,20566,7,,,0,98,,20567,7,,,0,100,,20568,7,,,0,99,,20569,7,,,0,100,,15366,7,,,0
11029,'1799',812,,20570,7,,,0,100,,20571,7,,,0,104,,20572,7,,,0,100,,20573,7,,,0,100,,20574,7,,,0,100,,20575,7,,,0,100,,20576,7,,,0,100,,20577,7,,,0,100,,20578,7,,,0,98,,20579,7,,,0,100,,20580,7,,,0,99,,20581,7,,,0,100,,15379,7,,,0
11029,'1800',812,,20582,7,,,0,100,,20583,7,,,0,104,,20584,7,,,0,100,,20585,7,,,0,100,,20586,7,,,0,100,,20587,7,,,0,100,,20588,7,,,0,100,,20589,7,,,0,100,,20590,7,,,0,98,,20591,7,,,0,100,,20592,7,,,0,99,,20593,7,,,0,100,,15392,7,,,0
15019,'1796',613,,20743,18,0,5 2 6 7,0,94,,20744,52,,,0,30,,20745,52,,,0,76,,20746,52,,,0,31,,20747,52,,,0,65,,20748,52,,,0,30,,20749,52,,,0,70,,15605,52,,,0,30,,20750,52,,,0,70,,20751,52,,,0,30,,20752,52,,,0,70,,20753,52,,,0,30,,15610,52,,,0,70,,15611,52,,,0,30,,20754,52,,,0,70,,20755,52,,,0,31,,15614,52,,,0,72,,20756,52,,,0,30,,20757,52,,,0,70,,20758,52,,,0,30,,15618,52,,,0,69,,20759,52,,,0,29,,20760,52,,,0,67,,20761,52,,,0,30,,15622,52,,,0,70,,20762,52,,,0,30,,20763,52,,,0,70,,20764,52,,,0,100,,20765,52,,,0,98,,20766,52,,,0,100,,15628,52,0,5 2 6 7,0
15019,'1797',614,,20776,18,0,5 2 6 7,0,127,,15629,52,,,0,100,,20767,52,,,0,100,,20768,52,,,0,101,,15632,52,,,0,100,,20769,52,,,0,100,,20770,52,,,0,102,,15635,52,,,0,100,,20771,52,,,0,100,,20772,52,,,0,98,,15638,52,,,0,100,,20773,52,,,0,100,,20774,52,,,0,100,,15641,52,,,0,99,,20775,52,,,0
15019,'1798',741,,20781,52,,,0,100,,15653,52,,,0,100,,15656,52,,,0,101,,20780,52,,,0,100,,15651,52,,,0,100,,15649,52,,,0,101,,20779,52,,,0,100,,15650,52,,,0,100,,15647,52,,,0,99,,20778,52,,,0,100,,15645,52,,,0,100,,15646,52,,,0,100,,20777,52,,,0,99,,15657,52,,,0
15019,'1799',741,,20786,52,,,0,100,,15667,52,,,0,100,,15670,52,,,0,101,,20785,52,,,0,100,,15665,52,,,0,100,,15663,52,,,0,101,,20784,52,,,0,100,,15664,52,,,0,100,,15661,52,,,0,99,,20783,52,,,0,100,,15659,52,,,0,100,,15660,52,,,0,100,,20782,52,,,0,99,,15671,52,,,0
15019,'1800',741,,20791,52,,,0,100,,15681,52,,,0,100,,15684,52,,,0,101,,20790,52,,,0,100,,15679,52,,,0,100,,15677,52,,,0,101,,20789,52,,,0,100,,15678,52,,,0,100,,15675,52,,,0,99,,20788,52,,,0,100,,15673,52,,,0,100,,15674,52,,,0,100,,20787,52,,,0,99,,15685,52,,,0
