22029,'1796',641,,21307,7,0,19 2 20 21,0,71,,21308,7,0,19 2 20 21,0,30,,21309,7,0,19 2 20 21,0,73,,21310,7,0,19 2 20 21,0,30,,21311,7,0,19 2 20 21,0,70,,21312,7,,,0,29,,21313,7,,,0,70,,21318,7,,,0,30,,21314,7,,,0,70,,21319,7,,,0,30,,21315,7,,,0,70,,21306,7,,,0,30,,21316,7,,,0,70,,21317,7,,,0,31,,21320,7,,,0,70,,21321,7,,,0,30,,21322,7,,,0,70,,21323,7,,,0,30,,21324,7,,,0,70,,21325,7,,,0,30,,21326,7,,,0,69,,21327,7,,,0,30,,21328,7,,,0,70,,21329,7,,,0,28,,21330,7,,,0,70,,16417,7,,,0,30,,21331,7,,,0,65,,21332,7,,,0,30,,21333,7,,,0,69,,16421,7,,,0,29,,21334,7,0,19 2 20 21,0,170,,16423,7,0,19 2 20 21,0,35,,16424,7,0,19 2 20 21,0
22029,'1797',609,,16449,7,0,19 2 20 21,0,30,,16443,7,0,19 2 20 21,0,67,,16450,7,0,19 2 20 21,0,30,,16444,7,0,19 2 20 21,0,70,,16451,7,0,19 2 20 21,0,30,,16425,7,,,0,70,,16426,7,,,0,30,,16427,7,,,0,70,,16428,7,,,0,30,,16429,7,,,0,70,,16430,7,,,0,30,,16431,7,,,0,70,,16432,7,,,0,31,,16433,7,,,0,70,,16434,7,,,0,31,,16435,7,,,0,69,,16436,7,,,0,31,,16437,7,,,0,70,,16438,7,,,0,30,,16439,7,,,0,70,,16440,7,,,0,29,,16441,7,,,0,69,,16442,7,,,0,31,,16445,7,0,19 2 20 21,0,69,,16452,7,0,19 2 20 21,0,30,,16446,7,0,19 2 20 21,0,70,,16453,7,0,19 2 20 21,0,30,,16447,7,0,19 2 20 21,0,70,,16454,7,0,19 2 20 21,0,30,,16448,7,0,19 2 20 21,0,67,,16455,7,0,19 2 20 21,0,33,,16456,7,0,19 2 20 21,0,175,,16458,7,0,19 2 20 21,0,30,,16457,7,0,19 2 20 21,0
22029,'1798',709,,21346,7,0,19 2 20 21,0,97,,21335,7,,,0,100,,21336,7,,,0,100,,21337,7,,,0,100,,21338,7,,,0,100,,21339,7,,,0,101,,21340,7,,,0,100,,21341,7,,,0,100,,21342,7,,,0,100,,21343,7,,,0,99,,21344,7,,,0,100,,16473,7,0,19 2 20 21,0,100,,21345,7,0,19 2 20 21,0,100,,16471,7,0,19 2 20 21,0,100,,21347,7,0,19 2 20 21,0,205,,16475,7,0,19 2 20 21,0,30,,16474,7,0,19 2 20 21,0
22029,'1799',709,,21359,7,0,19 2 20 21,0,97,,21348,7,,,0,100,,21349,7,,,0,100,,21350,7,,,0,100,,21351,7,,,0,100,,21352,7,,,0,101,,21353,7,,,0,100,,21354,7,,,0,100,,21355,7,,,0,100,,21356,7,,,0,99,,21357,7,,,0,100,,16490,7,0,19 2 20 21,0,100,,21358,7,0,19 2 20 21,0,100,,16488,7,0,19 2 20 21,0,100,,21360,7,0,19 2 20 21,0,205,,16492,7,0,19 2 20 21,0,30,,16491,7,0,19 2 20 21,0
22029,'1800',709,,21372,7,0,19 2 20 21,0,97,,21361,7,,,0,100,,21362,7,,,0,100,,21363,7,,,0,100,,21364,7,,,0,100,,21365,7,,,0,101,,21366,7,,,0,100,,21367,7,,,0,100,,21368,7,,,0,100,,21369,7,,,0,99,,21370,7,,,0,100,,16507,7,0,19 2 20 21,0,100,,21371,7,0,19 2 20 21,0,100,,16505,7,0,19 2 20 21,0,100,,21373,7,0,19 2 20 21,0,205,,16509,7,0,19 2 20 21,0,30,,16508,7,0,19 2 20 21,0
601019,'1796',613,,17864,7,,,0,20,,17856,7,,,0,15,,22567,7,0,19 2 11 2 22 1 23,0,54,,17851,7,0,19 2 11 2 22 1 23,0,12,,22566,7,0,19 2 11 2 22 1 23,0,15,,17866,7,0,19 2 11 2 22 1 23,0,16,,22568,7,0,19 2 11 2 22 1 23,0,55,,17850,7,0,19 2 11 2 22 1 23,0,15,,22565,7,0,19 2 11 2 22 1 23,0,14,,17865,7,0,19 2 11 2 22 1 23,0,25,,17876,7,,,0,70,,17881,7,,,0,30,,17882,7,,,0,69,,17879,7,,,0,30,,17877,7,,,0,70,,17883,7,,,0,30,,17885,7,,,0,70,,17880,7,,,0,30,,17878,7,,,0,70,,17886,7,,,0,30,,17884,7,,,0,60,,17844,7,,,0,16,,17873,7,0,19 2 11 2 22 1 23,0,15,,17861,7,0,19 2 11 2 22 1 23,0,15,,17869,7,0,19 2 11 2 22 1 23,0,55,,17857,7,0,19 2 11 2 22 1 23,0,15,,17870,7,0,19 2 11 2 22 1 23,0,15,,17860,7,0,19 2 11 2 22 1 23,0,15,,17867,7,0,19 2 11 2 22 1 23,0,54,,17862,7,0,19 2 11 2 22 1 23,0,15,,17868,7,0,19 2 11 2 22 1 23,0,15,,17854,7,0,19 2 11 2 22 1 23,0,15,,17871,7,0,19 2 11 2 22 1 23,0,55,,17849,7,0,19 2 11 2 22 1 23,0,15,,17874,7,0,19 2 11 2 22 1 23,0,15,,17853,7,0,19 2 11 2 22 1 23,0,15,,17872,7,0,19 2 11 2 22 1 23,0,55,,17838,7,,,0,30,,17839,7,,,0,15,,17847,7,,,0,55,,17845,7,,,0,30,,17842,7,,,0,70,,17843,7,,,0,30,,17837,7,,,0,70,,17840,7,,,0,30,,17836,7,,,0,70,,17841,7,,,0,33,,17846,7,,,0
601019,'1797',616,,17903,7,,,0,30,,17921,7,,,0,70,,17902,7,,,0,30,,17920,7,,,0,70,,17901,7,,,0,30,,17919,7,,,0,70,,17900,7,,,0,30,,17918,7,,,0,70,,17898,7,,,0,30,,17916,7,,,0,70,,17899,7,,,0,30,,17917,7,,,0,71,,17897,7,,,0,30,,17915,7,,,0,70,,17888,7,,,0,30,,17914,7,,,0,70,,17896,7,,,0,30,,17913,7,,,0,70,,17894,7,,,0,30,,17912,7,,,0,69,,17889,7,,,0,30,,17910,7,,,0,70,,17891,7,,,0,30,,17911,7,,,0,70,,17895,7,,,0,30,,17909,7,,,0,70,,17890,7,,,0,30,,17908,7,,,0,70,,17893,7,,,0,30,,17907,7,,,0,70,,17892,7,,,0,30,,17906,7,,,0,70,,17887,7,,,0,30,,17905,7,,,0
601019,'1798',2246,,17922,7,,,0
601019,'1799',616,,17927,7,,,0,30,,17930,7,,,0,70,,17954,7,,,0,30,,17939,7,,,0,70,,17957,7,,,0,30,,17925,7,,,0,70,,17932,7,,,0,30,,17952,7,,,0,70,,17955,7,,,0,30,,17926,7,,,0,70,,17938,7,,,0,30,,17956,7,,,0,71,,17951,7,,,0,30,,17929,7,,,0,70,,17941,7,,,0,30,,17947,7,,,0,70,,17944,7,,,0,30,,17934,7,,,0,70,,17933,7,,,0,30,,17928,7,,,0,69,,17948,7,,,0,30,,17937,7,,,0,70,,17950,7,,,0,30,,17946,7,,,0,70,,17931,7,,,0,30,,17953,7,,,0,70,,17945,7,,,0,30,,17959,7,,,0,70,,17942,7,,,0,30,,17958,7,,,0,70,,17935,7,,,0,30,,17936,7,,,0,70,,17943,7,,,0,30,,17940,7,,,0
601019,'1800',2246,,17960,7,,,0
