2029,'1796',1941,,14198,16,4,,0,370,,14192,16,4,,0
2029,'1797',1943,,14233,16,4,,0,364,,14230,16,4,,0
2029,'1798',1741,,14263,16,4,,0,100,,14262,16,4,,0,465,,14264,16,4,,0
2029,'1799',1741,,14295,16,4,,0,100,,14294,16,4,,0,465,,14296,16,4,,0
2029,'1800',1741,,14327,16,4,,0,100,,14326,16,4,,0,465,,14328,16,4,,0
20007019,'1796',2042,,23319,12,4,,0,100,,23320,12,4,,0,100,,19418,12,4,,0,200,,23321,12,4,,0
20007019,'1797',2042,,23323,12,4,,0,100,,23324,12,4,,0
20007019,'1798',944,,23328,12,4,,0,100,,23329,12,4,,0,100,,23330,12,4,,0,100,,23331,12,4,,0,100,,23332,12,4,,0,101,,23333,12,4,,0,100,,23334,12,4,,0,99,,23335,12,4,,0,100,,23336,12,4,,0,100,,23337,12,4,,0,100,,23338,12,4,,0,198,,23340,12,4,,0,170,,23325,12,4,,0
20007019,'1799',944,,23345,12,4,,0,100,,23346,12,4,,0,100,,23347,12,4,,0,100,,23348,12,4,,0,100,,23349,12,4,,0,101,,23350,12,4,,0,100,,23351,12,4,,0,99,,23352,12,4,,0,100,,23353,12,4,,0,100,,23354,12,4,,0,100,,23355,12,4,,0,198,,23357,12,4,,0,170,,23342,12,4,,0
20007019,'1800',944,,23362,12,4,,0,100,,23363,12,4,,0,100,,23364,12,4,,0,100,,23365,12,4,,0,100,,23366,12,4,,0,101,,23367,12,4,,0,100,,23368,12,4,,0,99,,23369,12,4,,0,100,,23370,12,4,,0,100,,23371,12,4,,0,100,,23372,12,4,,0,198,,23374,12,4,,0,170,,23359,12,4,,0
