2029,'1796',546,,14165,15,,,0,70,,14166,15,,,0,30,,14167,15,,,0,66,,14168,15,,,0,28,,14169,15,,,0,72,,14170,15,,,0,30,,14171,15,,,0,70,,14172,15,,,0,30,,14173,15,,,0,70,,14174,15,,,0,30,,14175,15,,,0,70,,14176,15,,,0,30,,14177,15,,,0,70,,14178,15,,,0,30,,14179,15,,,0,70,,14180,15,,,0,30,,14181,15,,,0,70,,14182,15,,,0,30,,14183,15,,,0,70,,14184,15,,,0,30,,14185,15,,,0,70,,14186,15,,,0,31,,14187,15,,,0,72,,14188,15,,,0,27,,14189,15,,,0,70,,14190,15,,,0,30,,14194,15,,,0,70,,14195,15,,,0,28,,14198,15,0,5 2 13 14,0,72,,14196,15,,,0,100,,14197,15,,,0,100,,14193,15,,,0,98,,14192,15,0,5 2 13 14,0,97,,14199,15,0,5 2 13 14,0
2029,'1797',546,,14231,15,0,5 2 15 16 17,0,70,,14214,15,,,0,30,,14221,15,,,0,66,,14200,15,,,0,30,,14206,15,,,0,70,,14215,15,,,0,30,,14222,15,,,0,70,,14201,15,,,0,30,,14207,15,,,0,70,,14216,15,,,0,30,,14223,15,,,0,70,,14202,15,,,0,30,,14208,15,,,0,70,,14217,15,,,0,30,,14224,15,,,0,70,,14203,15,,,0,30,,14209,15,,,0,70,,14218,15,,,0,30,,14225,15,,,0,70,,14204,15,,,0,30,,14210,15,,,0,70,,14219,15,,,0,30,,14226,15,,,0,70,,14205,15,,,0,30,,14211,15,,,0,70,,14220,15,,,0,30,,14227,15,,,0,70,,14212,15,,,0,30,,14233,15,0,5 2 13 14,0,70,,14228,15,,,0,100,,14213,15,,,0,100,,14229,15,,,0,94,,14230,15,0,5 2 13 14,0,100,,14232,15,0,5 2 13 14,0
2029,'1798',616,,14235,15,,,0,30,,14243,15,,,0,68,,14254,15,,,0,28,,14249,15,,,0,70,,14236,15,,,0,30,,14244,15,,,0,70,,14255,15,,,0,30,,14250,15,,,0,70,,14237,15,,,0,30,,14245,15,,,0,70,,14256,15,,,0,30,,14251,15,,,0,70,,14238,15,,,0,30,,14246,15,,,0,70,,14257,15,,,0,30,,14252,15,,,0,70,,14239,15,,,0,30,,14247,15,,,0,70,,14258,15,,,0,30,,14253,15,,,0,70,,14240,15,,,0,30,,14248,15,,,0,70,,14259,15,,,0,28,,14263,15,0,5 2 13 14,0,72,,14241,15,,,0,28,,14262,15,0,5 2 13 14,0,72,,14260,15,,,0,100,,14242,15,,,0,100,,14261,15,,,0,100,,14234,15,,,0,93,,14264,15,0,5 2 13 14,0,102,,14265,15,0,5 2 13 14,0
2029,'1799',616,,14267,15,,,0,30,,14275,15,,,0,68,,14286,15,,,0,28,,14281,15,,,0,70,,14268,15,,,0,30,,14276,15,,,0,70,,14287,15,,,0,30,,14282,15,,,0,70,,14269,15,,,0,30,,14277,15,,,0,70,,14288,15,,,0,30,,14283,15,,,0,70,,14270,15,,,0,30,,14278,15,,,0,70,,14289,15,,,0,30,,14284,15,,,0,70,,14271,15,,,0,30,,14279,15,,,0,70,,14290,15,,,0,30,,14285,15,,,0,70,,14272,15,,,0,30,,14280,15,,,0,70,,14291,15,,,0,28,,14295,15,0,5 2 13 14,0,72,,14273,15,,,0,28,,14294,15,0,5 2 13 14,0,72,,14292,15,,,0,100,,14274,15,,,0,100,,14293,15,,,0,100,,14266,15,,,0,93,,14296,15,0,5 2 13 14,0,102,,14297,15,0,5 2 13 14,0
2029,'1800',616,,14299,15,,,0,30,,14307,15,,,0,68,,14318,15,,,0,28,,14313,15,,,0,70,,14300,15,,,0,30,,14308,15,,,0,70,,14319,15,,,0,30,,14314,15,,,0,70,,14301,15,,,0,30,,14309,15,,,0,70,,14320,15,,,0,30,,14315,15,,,0,70,,14302,15,,,0,30,,14310,15,,,0,70,,14321,15,,,0,30,,14316,15,,,0,70,,14303,15,,,0,30,,14311,15,,,0,70,,14322,15,,,0,30,,14317,15,,,0,70,,14304,15,,,0,30,,14312,15,,,0,70,,14323,15,,,0,28,,14327,15,0,5 2 13 14,0,72,,14305,15,,,0,28,,14326,15,0,5 2 13 14,0,72,,14324,15,,,0,100,,14306,15,,,0,100,,14325,15,,,0,100,,14298,15,,,0,93,,14328,15,0,5 2 13 14,0,102,,14329,15,0,5 2 13 14,0
14000001019,'1796',2436,,19498,46,,,0,70,,19495,46,,,0,30,,19496,46,,,0,70,,19497,46,,,0,30,,19494,46,,,0
14000001019,'1797',2436,,19503,46,,,0,70,,19499,46,,,0,30,,19502,46,,,0,70,,19501,46,,,0,30,,19500,46,,,0
14000001019,'1798',2436,,19507,46,,,0,70,,19506,46,,,0,30,,19504,46,,,0,70,,19508,46,,,0,30,,19505,46,,,0
14000001019,'1799',2436,,19512,46,,,0,70,,19511,46,,,0,30,,19509,46,,,0,70,,19513,46,,,0,30,,19510,46,,,0
14000001019,'1800',2436,,19517,46,,,0,70,,19516,46,,,0,30,,19514,46,,,0,70,,19518,46,,,0,30,,19515,46,,,0
