2029,'1796',529,,14191,12,,,0,27,,14165,27,,,0,70,,14166,27,,,0,30,,14167,27,,,0,68,,14168,27,,,0,30,,14169,27,,,0,70,,14170,27,,,0,30,,14171,27,,,0,69,,14172,27,,,0,30,,14173,27,,,0,70,,14174,27,,,0,30,,14175,27,,,0,70,,14176,27,,,0,30,,14177,27,,,0,70,,14178,27,,,0,30,,14179,27,,,0,70,,14180,27,,,0,30,,14181,27,,,0,70,,14182,27,,,0,30,,14183,27,,,0,70,,14184,27,,,0,30,,14185,27,,,0,70,,14186,27,,,0,31,,14187,27,,,0,70,,14188,27,,,0,29,,14189,27,,,0,70,,14190,27,,,0,30,,14194,27,,,0,70,,14195,27,,,0,100,,14196,27,,,0,100,,14197,27,,,0,100,,14193,27,,,0
2029,'1797',556,,14231,27,0,5 2 15 16 17,0,70,,14214,27,,,0,30,,14221,27,,,0,68,,14200,27,,,0,30,,14206,27,,,0,70,,14215,27,,,0,30,,14222,27,,,0,69,,14201,27,,,0,30,,14207,27,,,0,70,,14216,27,,,0,30,,14223,27,,,0,70,,14202,27,,,0,30,,14208,27,,,0,70,,14217,27,,,0,30,,14224,27,,,0,70,,14203,27,,,0,30,,14209,27,,,0,70,,14218,27,,,0,30,,14225,27,,,0,70,,14204,27,,,0,30,,14210,27,,,0,70,,14219,27,,,0,30,,14226,27,,,0,70,,14205,27,,,0,30,,14211,27,,,0,70,,14220,27,,,0,30,,14227,27,,,0,70,,14212,27,,,0,100,,14228,27,,,0,100,,14213,27,,,0,100,,14229,27,,,0
2029,'1798',626,,14235,27,,,0,30,,14243,27,,,0,68,,14254,27,,,0,30,,14249,27,,,0,70,,14236,27,,,0,30,,14244,27,,,0,69,,14255,27,,,0,30,,14250,27,,,0,70,,14237,27,,,0,30,,14245,27,,,0,70,,14256,27,,,0,30,,14251,27,,,0,70,,14238,27,,,0,30,,14246,27,,,0,70,,14257,27,,,0,30,,14252,27,,,0,70,,14239,27,,,0,30,,14247,27,,,0,70,,14258,27,,,0,30,,14253,27,,,0,70,,14240,27,,,0,30,,14248,27,,,0,70,,14259,27,,,0,100,,14241,27,,,0,100,,14260,27,,,0,100,,14242,27,,,0,100,,14261,27,,,0,100,,14234,27,,,0
2029,'1799',626,,14267,27,,,0,30,,14275,27,,,0,68,,14286,27,,,0,30,,14281,27,,,0,70,,14268,27,,,0,30,,14276,27,,,0,69,,14287,27,,,0,30,,14282,27,,,0,70,,14269,27,,,0,30,,14277,27,,,0,70,,14288,27,,,0,30,,14283,27,,,0,70,,14270,27,,,0,30,,14278,27,,,0,70,,14289,27,,,0,30,,14284,27,,,0,70,,14271,27,,,0,30,,14279,27,,,0,70,,14290,27,,,0,30,,14285,27,,,0,70,,14272,27,,,0,30,,14280,27,,,0,70,,14291,27,,,0,100,,14273,27,,,0,100,,14292,27,,,0,100,,14274,27,,,0,100,,14293,27,,,0,100,,14266,27,,,0
2029,'1800',626,,14299,27,,,0,30,,14307,27,,,0,68,,14318,27,,,0,30,,14313,27,,,0,70,,14300,27,,,0,30,,14308,27,,,0,69,,14319,27,,,0,30,,14314,27,,,0,70,,14301,27,,,0,30,,14309,27,,,0,70,,14320,27,,,0,30,,14315,27,,,0,70,,14302,27,,,0,30,,14310,27,,,0,70,,14321,27,,,0,30,,14316,27,,,0,70,,14303,27,,,0,30,,14311,27,,,0,70,,14322,27,,,0,30,,14317,27,,,0,70,,14304,27,,,0,30,,14312,27,,,0,70,,14323,27,,,0,100,,14305,27,,,0,100,,14324,27,,,0,100,,14306,27,,,0,100,,14325,27,,,0,100,,14298,27,,,0
4029,'1796',637,,19953,15,,,0,70,,19954,15,,,0,34,,19955,15,,,0,66,,19956,15,,,0,36,,19957,15,,,0,64,,19958,15,,,0,31,,19959,15,,,0,70,,19960,15,,,0,30,,19961,15,,,0,70,,19962,15,,,0,30,,19963,15,,,0,71,,19964,15,,,0,30,,19965,15,,,0,70,,19966,15,,,0,30,,19967,15,,,0,70,,19968,15,,,0,30,,19969,15,,,0,75,,19970,15,,,0,25,,19971,15,,,0,76,,19972,15,,,0,24,,19973,15,,,0,76,,19974,15,,,0,24,,19975,15,,,0,76,,19976,15,,,0,26,,19977,15,,,0,69,,19978,15,,,0,29,,19979,15,,,0,71,,19980,15,,,0,29,,19981,15,,,0,70,,19982,15,,,0,30,,19983,15,,,0,70,,19984,15,,,0
4029,'1797',638,,20009,15,,,0,68,,20010,15,,,0,30,,20011,15,,,0,70,,20012,15,,,0,30,,20013,15,,,0,72,,20014,15,,,0,30,,20015,15,,,0,70,,20002,15,,,0,31,,19996,15,,,0,69,,19989,15,,,0,30,,20000,15,,,0,69,,20006,15,,,0,30,,20001,15,,,0,70,,19988,15,,,0,30,,19993,15,,,0,70,,20004,15,,,0,30,,19987,15,,,0,70,,20003,15,,,0,30,,19998,15,,,0,70,,19990,15,,,0,30,,19985,15,,,0,70,,20005,15,,,0,30,,20008,15,,,0,70,,19999,15,,,0,30,,19994,15,,,0,69,,20016,15,,,0,35,,19991,15,,,0,70,,19986,15,,,0,27,,19992,15,,,0,70,,19997,15,,,0,30,,20007,15,,,0,70,,19995,15,,,0
4029,'1798',736,,20038,15,,,0,70,,20040,15,,,0,30,,20036,15,,,0,70,,20039,15,,,0,32,,20037,15,,,0,70,,20029,15,,,0,29,,20032,15,,,0,70,,20017,15,,,0,30,,20022,15,,,0,70,,20025,15,,,0,30,,20028,15,,,0,70,,20030,15,,,0,30,,20018,15,,,0,70,,20021,15,,,0,30,,20024,15,,,0,70,,20027,15,,,0,30,,20031,15,,,0,70,,20019,15,,,0,30,,20020,15,,,0,70,,20023,15,,,0,30,,20026,15,,,0,70,,20044,15,,,0,30,,20043,15,,,0,71,,20045,15,,,0,30,,20042,15,,,0,70,,20035,15,,,0,30,,20041,15,,,0,70,,20033,15,,,0,100,,20034,15,,,0
4029,'1799',736,,20067,15,,,0,70,,20069,15,,,0,30,,20065,15,,,0,70,,20068,15,,,0,32,,20066,15,,,0,70,,20058,15,,,0,29,,20061,15,,,0,70,,20046,15,,,0,30,,20051,15,,,0,70,,20054,15,,,0,30,,20057,15,,,0,70,,20059,15,,,0,30,,20047,15,,,0,70,,20050,15,,,0,30,,20053,15,,,0,70,,20056,15,,,0,30,,20060,15,,,0,70,,20048,15,,,0,30,,20049,15,,,0,70,,20052,15,,,0,30,,20055,15,,,0,70,,20073,15,,,0,30,,20072,15,,,0,71,,20074,15,,,0,30,,20071,15,,,0,70,,20064,15,,,0,30,,20070,15,,,0,70,,20062,15,,,0,100,,20063,15,,,0
4029,'1800',736,,20096,15,,,0,70,,20098,15,,,0,30,,20094,15,,,0,70,,20097,15,,,0,32,,20095,15,,,0,70,,20087,15,,,0,29,,20090,15,,,0,70,,20075,15,,,0,30,,20080,15,,,0,70,,20083,15,,,0,30,,20086,15,,,0,70,,20088,15,,,0,30,,20076,15,,,0,70,,20079,15,,,0,30,,20082,15,,,0,70,,20085,15,,,0,30,,20089,15,,,0,70,,20077,15,,,0,30,,20078,15,,,0,70,,20081,15,,,0,30,,20084,15,,,0,70,,20102,15,,,0,30,,20101,15,,,0,71,,20103,15,,,0,30,,20100,15,,,0,70,,20093,15,,,0,30,,20099,15,,,0,70,,20091,15,,,0,100,,20092,15,,,0
501019,'1796',526,,21636,4,,,0,92,,21637,10,,,0,30,,21638,10,,,0,76,,21639,10,,,0,26,,21640,10,,,0,64,,21641,10,,,0,12,,21642,10,,,0,24,,21643,10,,,0,62,,21644,10,,,0,11,,21645,10,,,0,30,,21646,10,,,0,70,,21647,10,,,0,30,,21648,10,,,0,71,,21649,10,,,0,30,,21650,10,,,0,70,,21651,10,,,0,30,,21652,10,,,0,70,,21653,10,,,0,30,,21654,10,,,0,70,,21655,10,,,0,26,,21656,10,,,0,52,,21657,10,,,0,22,,21658,10,,,0,24,,21659,10,,,0,52,,21660,10,,,0,24,,21661,10,,,0,24,,21662,10,,,0,52,,21663,10,,,0,23,,21664,10,,,0,23,,21665,10,,,0,12,,21666,10,,,0,66,,21667,10,,,0,28,,21668,10,,,0,70,,21669,10,,,0,29,,21670,10,,,0,70,,21671,10,,,0,30,,21672,10,,,0,68,,21673,10,,,0,30,,21674,10,,,0,68,,21675,10,,,0,30,,21676,10,,,0,70,,21677,10,,,0
501019,'1797',620,,21687,10,,,0,30,,21690,10,,,0,67,,21686,10,,,0,30,,21689,10,,,0,70,,21685,10,,,0,32,,21691,10,,,0,70,,21684,10,,,0,30,,21688,10,,,0,72,,21697,10,,,0,30,,21707,10,,,0,71,,21698,10,,,0,30,,21708,10,,,0,71,,21699,10,,,0,30,,21709,10,,,0,70,,21700,10,,,0,30,,21710,10,,,0,70,,21701,10,,,0,31,,21711,10,,,0,70,,21702,10,,,0,30,,21712,10,,,0,70,,21703,10,,,0,30,,21705,10,,,0,70,,21704,10,,,0,30,,21706,10,,,0,70,,21683,10,,,0,27,,21696,10,,,0,70,,21682,10,,,0,30,,21694,10,,,0,67,,21681,10,,,0,30,,21695,10,,,0,70,,21680,10,,,0,30,,21692,10,,,0,69,,21679,10,,,0,30,,21693,10,,,0,70,,21678,10,,,0
501019,'1798',620,,21728,10,,,0,30,,21742,10,,,0,67,,21727,10,,,0,30,,21741,10,,,0,70,,21730,10,,,0,32,,21743,10,,,0,70,,21731,10,,,0,30,,21740,10,,,0,72,,21719,10,,,0,30,,21732,10,,,0,71,,21718,10,,,0,30,,21733,10,,,0,70,,21721,10,,,0,30,,21734,10,,,0,70,,21717,10,,,0,30,,21739,10,,,0,70,,21716,10,,,0,30,,21738,10,,,0,70,,21715,10,,,0,30,,21735,10,,,0,70,,21714,10,,,0,30,,21737,10,,,0,70,,21720,10,,,0,30,,21736,10,,,0,69,,21729,10,,,0,30,,21744,10,,,0,69,,21726,10,,,0,30,,21747,10,,,0,69,,21725,10,,,0,30,,21713,10,,,0,70,,21724,10,,,0,30,,21745,10,,,0,68,,21723,10,,,0,30,,21746,10,,,0,70,,21722,10,,,0
501019,'1799',620,,21763,10,,,0,30,,21777,10,,,0,67,,21762,10,,,0,30,,21776,10,,,0,70,,21765,10,,,0,32,,21778,10,,,0,70,,21766,10,,,0,30,,21775,10,,,0,72,,21754,10,,,0,30,,21767,10,,,0,71,,21753,10,,,0,30,,21768,10,,,0,70,,21756,10,,,0,30,,21769,10,,,0,70,,21752,10,,,0,30,,21774,10,,,0,70,,21751,10,,,0,30,,21773,10,,,0,70,,21750,10,,,0,30,,21770,10,,,0,70,,21749,10,,,0,30,,21772,10,,,0,70,,21755,10,,,0,30,,21771,10,,,0,69,,21764,10,,,0,30,,21779,10,,,0,69,,21761,10,,,0,30,,21782,10,,,0,69,,21760,10,,,0,30,,21748,10,,,0,70,,21759,10,,,0,30,,21780,10,,,0,68,,21758,10,,,0,30,,21781,10,,,0,70,,21757,10,,,0
501019,'1800',620,,21798,10,,,0,30,,21812,10,,,0,67,,21797,10,,,0,30,,21811,10,,,0,70,,21800,10,,,0,32,,21813,10,,,0,70,,21801,10,,,0,30,,21810,10,,,0,72,,21789,10,,,0,30,,21802,10,,,0,71,,21788,10,,,0,30,,21803,10,,,0,70,,21791,10,,,0,30,,21804,10,,,0,70,,21787,10,,,0,30,,21809,10,,,0,70,,21786,10,,,0,30,,21808,10,,,0,70,,21785,10,,,0,30,,21805,10,,,0,70,,21784,10,,,0,30,,21807,10,,,0,70,,21790,10,,,0,30,,21806,10,,,0,69,,21799,10,,,0,30,,21814,10,,,0,69,,21796,10,,,0,30,,21817,10,,,0,69,,21795,10,,,0,30,,21783,10,,,0,70,,21794,10,,,0,30,,21815,10,,,0,68,,21793,10,,,0,30,,21816,10,,,0,70,,21792,10,,,0
701019,'1796',553,,18178,7,,,0,70,,22624,7,,,0,18,,18189,7,,,0,16,,22625,7,,,0,66,,18188,7,,,0,18,,18181,7,,,0,65,,18182,7,,,0,13,,22626,7,,,0,20,,18184,7,,,0,71,,18151,7,,,0,30,,18195,7,,,0,70,,18152,7,,,0,30,,18153,7,,,0,70,,22610,7,,,0,30,,18155,7,,,0,70,,22611,7,,,0,30,,18157,7,,,0,70,,22612,7,,,0,30,,22613,7,,,0,68,,22614,7,,,0,29,,22615,7,,,0,17,,18193,7,0,5 2 11 2 12,0,66,,22616,7,,,0,20,,22628,7,,,0,19,,18192,7,0,5 2 11 2 12,0,61,,22617,7,,,0,20,,22618,7,,,0,61,,22630,7,0,5 2 11 2 12,0,20,,22627,7,,,0,20,,22623,7,,,0,64,,22622,7,,,0,20,,22621,7,,,0,15,,18165,7,,,0,70,,18166,7,,,0,29,,22619,7,,,0,70,,18168,7,,,0,30,,18169,7,,,0,70,,18170,7,,,0,30,,18171,7,,,0,70,,18172,7,,,0,30,,18173,7,,,0,70,,22620,7,,,0,25,,18191,7,,,0
701019,'1797',613,,18264,7,,,0,28,,22650,7,,,0,68,,18257,7,,,0,30,,18243,7,,,0,70,,22674,7,,,0,30,,18253,7,,,0,70,,18258,7,,,0,30,,22671,7,,,0,71,,18249,7,,,0,30,,22678,7,,,0,70,,22681,7,,,0,30,,18245,7,,,0,71,,22675,7,,,0,30,,22679,7,,,0,70,,22682,7,,,0,30,,22672,7,,,0,70,,22676,7,,,0,30,,22680,7,,,0,70,,22683,7,,,0,30,,22673,7,,,0,70,,22677,7,,,0,30,,22685,7,,,0,69,,22631,7,,,0,30,,22641,7,,,0,70,,22651,7,,,0,30,,22661,7,,,0,69,,22632,7,,,0,30,,22642,7,,,0,70,,22652,7,,,0,30,,22662,7,,,0,70,,22633,7,,,0,30,,22643,7,,,0,70,,22653,7,,,0,30,,22663,7,,,0,70,,22634,7,,,0,25,,22698,7,,,0
701019,'1798',613,,22724,7,,,0,28,,22751,7,,,0,68,,22742,7,,,0,30,,22721,7,,,0,70,,22743,7,,,0,30,,22725,7,,,0,70,,22720,7,,,0,30,,18371,7,,,0,71,,22728,7,,,0,30,,22717,7,,,0,70,,22746,7,,,0,30,,18348,7,,,0,71,,22716,7,,,0,30,,18368,7,,,0,70,,18352,7,,,0,30,,22714,7,,,0,70,,22745,7,,,0,30,,22729,7,,,0,70,,22712,7,,,0,30,,22744,7,,,0,70,,22726,7,,,0,30,,22710,7,,,0,69,,22747,7,,,0,30,,22734,7,,,0,70,,22707,7,,,0,30,,22758,7,,,0,69,,22736,7,,,0,30,,22705,7,,,0,70,,22754,7,,,0,30,,22738,7,,,0,70,,22702,7,,,0,30,,22750,7,,,0,70,,22737,7,,,0,30,,22704,7,,,0,70,,22753,7,,,0,25,,22765,7,,,0
701019,'1799',613,,22791,7,,,0,28,,22818,7,,,0,68,,22809,7,,,0,30,,22788,7,,,0,70,,22810,7,,,0,30,,22792,7,,,0,70,,22787,7,,,0,30,,18470,7,,,0,71,,22795,7,,,0,30,,22784,7,,,0,70,,22813,7,,,0,30,,18447,7,,,0,71,,22783,7,,,0,30,,18467,7,,,0,70,,18451,7,,,0,30,,22781,7,,,0,70,,22812,7,,,0,30,,22796,7,,,0,70,,22779,7,,,0,30,,22811,7,,,0,70,,22793,7,,,0,30,,22777,7,,,0,69,,22814,7,,,0,30,,22801,7,,,0,70,,22774,7,,,0,30,,22825,7,,,0,69,,22803,7,,,0,30,,22772,7,,,0,70,,22821,7,,,0,30,,22805,7,,,0,70,,22769,7,,,0,30,,22817,7,,,0,70,,22804,7,,,0,30,,22771,7,,,0,70,,22820,7,,,0,25,,22832,7,,,0
701019,'1800',613,,22858,7,,,0,28,,22885,7,,,0,68,,22876,7,,,0,30,,22855,7,,,0,70,,22877,7,,,0,30,,22859,7,,,0,70,,22854,7,,,0,30,,18569,7,,,0,71,,22862,7,,,0,30,,22851,7,,,0,70,,22880,7,,,0,30,,18546,7,,,0,71,,22850,7,,,0,30,,18566,7,,,0,70,,18550,7,,,0,30,,22848,7,,,0,70,,22879,7,,,0,30,,22863,7,,,0,70,,22846,7,,,0,30,,22878,7,,,0,70,,22860,7,,,0,30,,22844,7,,,0,69,,22881,7,,,0,30,,22868,7,,,0,70,,22841,7,,,0,30,,22892,7,,,0,69,,22870,7,,,0,30,,22839,7,,,0,70,,22888,7,,,0,30,,22872,7,,,0,70,,22836,7,,,0,30,,22884,7,,,0,70,,22871,7,,,0,30,,22838,7,,,0,70,,22887,7,,,0,25,,22899,7,,,0
20002019,'1798',1008,,23316,12,,,0
20002019,'1799',1008,,23317,12,,,0
20002019,'1800',1008,,23318,12,,,0
14000001029,'1796',435,,19519,12,0,18 7,0,102,,23396,12,0,18 7,0,1812,,23398,12,,,0,68,,19523,12,,,0,30,,23400,12,,,0,70,,23397,12,,,0,30,,19524,12,,,0,70,,23399,12,,,0
14000001029,'1797',537,,19531,12,0,18 7,0,1812,,23404,12,,,0,68,,19528,12,,,0,30,,23401,12,,,0,70,,23402,12,,,0,30,,19532,12,,,0,70,,23403,12,,,0
14000001029,'1798',537,,23409,12,0,18 7,0,1812,,23405,12,,,0,68,,19538,12,,,0,30,,23408,12,,,0,70,,23407,12,,,0,30,,19537,12,,,0,70,,23406,12,,,0
14000001029,'1799',537,,23414,12,0,18 7,0,1812,,23410,12,,,0,68,,19545,12,,,0,30,,23413,12,,,0,70,,23412,12,,,0,30,,19544,12,,,0,70,,23411,12,,,0
14000001029,'1800',537,,23419,12,0,18 7,0,1812,,23415,12,,,0,68,,19552,12,,,0,30,,23418,12,,,0,70,,23417,12,,,0,30,,19551,12,,,0,70,,23416,12,,,0
