2019,'1796',505,,19803,27,0,5 2 13 14,0,136,,14015,36,,,0,70,,14016,36,,,0,29,,14017,36,,,0,71,,14018,36,,,0,30,,14019,36,,,0,70,,14020,36,,,0,30,,14021,36,,,0,70,,14022,36,,,0,30,,14023,36,,,0,70,,14024,36,,,0,30,,14025,36,,,0,70,,14026,36,,,0,30,,14027,36,,,0,70,,14028,36,,,0,30,,14029,36,,,0,70,,14030,36,,,0,30,,14031,36,,,0,70,,14032,36,,,0,30,,14033,36,,,0,71,,14034,36,,,0,31,,14035,36,,,0,68,,14036,36,,,0,30,,14037,36,,,0,70,,14038,36,,,0,30,,14039,36,,,0,70,,14045,36,,,0,30,,14040,36,,,0,100,,14041,36,,,0,100,,14042,36,,,0,100,,14043,36,,,0,100,,14044,36,,,0
2019,'1797',639,,14047,27,,,0,70,,14054,36,,,0,30,,14063,36,,,0,71,,14070,36,,,0,30,,14048,36,,,0,70,,14055,36,,,0,30,,14064,36,,,0,70,,14071,36,,,0,30,,14049,36,,,0,70,,14056,36,,,0,30,,14065,36,,,0,70,,14072,36,,,0,30,,14050,36,,,0,70,,14057,36,,,0,30,,14066,36,,,0,70,,14073,36,,,0,30,,14051,36,,,0,70,,14058,36,,,0,30,,14067,36,,,0,70,,14074,36,,,0,30,,14052,36,,,0,70,,14059,36,,,0,30,,14068,36,,,0,70,,14075,36,,,0,30,,14053,36,,,0,70,,14060,36,,,0,30,,14069,36,,,0,99,,14061,36,,,0,100,,14076,36,,,0,100,,14062,36,,,0,99,,14077,36,,,0
2019,'1798',709,,14105,36,,,0,30,,14082,36,,,0,70,,14086,36,,,0,30,,14098,36,,,0,71,,14093,36,,,0,30,,14083,36,,,0,70,,14087,36,,,0,30,,14099,36,,,0,70,,14094,36,,,0,30,,14084,36,,,0,70,,14088,36,,,0,30,,14100,36,,,0,70,,14095,36,,,0,30,,14085,36,,,0,70,,14089,36,,,0,30,,14101,36,,,0,70,,14096,36,,,0,30,,14080,36,,,0,70,,14090,36,,,0,30,,14102,36,,,0,70,,14097,36,,,0,30,,14078,36,,,0,70,,14091,36,,,0,30,,14103,36,,,0,100,,14079,36,,,0,99,,14104,36,,,0,100,,14081,36,,,0,100,,14092,36,,,0,99,,14106,36,,,0
2019,'1799',709,,14134,36,,,0,30,,14111,36,,,0,70,,14115,36,,,0,30,,14127,36,,,0,71,,14122,36,,,0,30,,14112,36,,,0,70,,14116,36,,,0,30,,14128,36,,,0,70,,14123,36,,,0,30,,14113,36,,,0,70,,14117,36,,,0,30,,14129,36,,,0,70,,14124,36,,,0,30,,14114,36,,,0,70,,14118,36,,,0,30,,14130,36,,,0,70,,14125,36,,,0,30,,14109,36,,,0,70,,14119,36,,,0,30,,14131,36,,,0,70,,14126,36,,,0,30,,14107,36,,,0,70,,14120,36,,,0,30,,14132,36,,,0,100,,14108,36,,,0,99,,14133,36,,,0,100,,14110,36,,,0,100,,14121,36,,,0,99,,14135,36,,,0
2019,'1800',709,,14163,36,,,0,30,,14140,36,,,0,70,,14144,36,,,0,30,,14156,36,,,0,71,,14151,36,,,0,30,,14141,36,,,0,70,,14145,36,,,0,30,,14157,36,,,0,70,,14152,36,,,0,30,,14142,36,,,0,70,,14146,36,,,0,30,,14158,36,,,0,70,,14153,36,,,0,30,,14143,36,,,0,70,,14147,36,,,0,30,,14159,36,,,0,70,,14154,36,,,0,30,,14138,36,,,0,70,,14148,36,,,0,30,,14160,36,,,0,70,,14155,36,,,0,30,,14136,36,,,0,70,,14149,36,,,0,30,,14161,36,,,0,100,,14137,36,,,0,99,,14162,36,,,0,100,,14139,36,,,0,100,,14150,36,,,0,99,,14164,36,,,0
16019,'1796',641,,20843,29,,,0,70,,20844,29,,,0,31,,20845,29,,,0,70,,15782,29,,,0,30,,15783,29,,,0,69,,20846,29,,,0,30,,20847,29,,,0,70,,20848,29,,,0,30,,20849,29,,,0,70,,20850,29,,,0,30,,20851,29,,,0,70,,20852,29,,,0,30,,20853,29,,,0,71,,20854,29,,,0,30,,20855,29,,,0,70,,20856,29,,,0,32,,20857,29,,,0,70,,20858,29,,,0,28,,20859,29,,,0,70,,20860,29,,,0,30,,20861,29,,,0,69,,20862,29,,,0,30,,20863,29,,,0,70,,20864,29,,,0,30,,15803,29,,,0,70,,20865,29,,,0,30,,20866,29,,,0,68,,20867,29,,,0,30,,15807,29,,,0,70,,20868,29,,,0,29,,20841,29,,,0,70,,15777,29,,,0,30,,20842,29,,,0
16019,'1797',637,,15832,29,,,0,70,,15828,29,,,0,30,,15836,29,,,0,70,,15820,29,,,0,31,,15834,29,,,0,71,,15815,29,,,0,30,,15813,29,,,0,70,,15810,29,,,0,30,,15821,29,,,0,70,,15831,29,,,0,30,,15825,29,,,0,70,,15833,29,,,0,31,,15817,29,,,0,70,,15835,29,,,0,30,,15812,29,,,0,70,,15823,29,,,0,31,,15822,29,,,0,70,,15826,29,,,0,30,,15827,29,,,0,70,,15811,29,,,0,29,,15819,29,,,0,70,,15829,29,,,0,29,,15814,29,,,0,70,,15818,29,,,0,30,,15824,29,,,0,70,,15838,29,,,0,30,,15830,29,,,0,69,,15837,29,,,0,30,,15816,29,,,0,70,,15840,29,,,0,100,,15839,29,,,0,30,,15809,29,,,0
16019,'1798',807,,20869,29,,,0,102,,20872,29,,,0,100,,20880,29,,,0,100,,20879,29,,,0,100,,20870,29,,,0,101,,20873,29,,,0,100,,20874,29,,,0,101,,20877,29,,,0,100,,20876,29,,,0,99,,20871,29,,,0,99,,20878,29,,,0,100,,15852,29,,,0,99,,20875,29,,,0,100,,15846,29,,,0,100,,20881,29,,,0
16019,'1799',807,,20882,29,,,0,102,,20885,29,,,0,100,,20893,29,,,0,100,,20892,29,,,0,100,,20883,29,,,0,101,,20886,29,,,0,100,,20887,29,,,0,101,,20890,29,,,0,100,,20889,29,,,0,99,,20884,29,,,0,99,,20891,29,,,0,100,,15867,29,,,0,99,,20888,29,,,0,100,,15861,29,,,0,100,,20894,29,,,0
16019,'1800',807,,20895,29,,,0,102,,20898,29,,,0,100,,20906,29,,,0,100,,20905,29,,,0,100,,20896,29,,,0,101,,20899,29,,,0,100,,20900,29,,,0,101,,20903,29,,,0,100,,20902,29,,,0,99,,20897,29,,,0,99,,20904,29,,,0,100,,15882,29,,,0,99,,20901,29,,,0,100,,15876,29,,,0,100,,20907,29,,,0
702019,'1796',637,,22900,6,,,0,65,,18594,6,,,0,24,,18628,6,,,0,22,,18595,6,,,0,55,,22901,6,,,0,23,,18597,6,,,0,17,,18629,6,,,0,12,,18627,6,,,0,68,,18598,6,,,0,30,,18599,6,,,0,70,,18600,6,,,0,30,,18633,6,,,0,70,,18601,6,,,0,30,,22902,6,,,0,70,,18603,6,,,0,30,,22903,6,,,0,70,,22904,6,,,0,30,,22905,6,,,0,70,,18607,6,,,0,32,,22906,6,,,0,65,,18630,6,,,0,20,,18609,6,,,0,60,,22907,6,,,0,20,,22908,6,,,0,20,,22909,6,,,0,19,,22916,6,,,0,60,,22910,6,,,0,20,,22911,6,,,0,19,,22912,6,,,0,65,,18616,6,,,0,30,,18617,6,,,0,70,,22913,6,,,0,30,,18619,6,,,0,70,,18620,6,,,0,30,,22914,6,,,0,70,,18622,6,,,0,30,,18623,6,,,0,69,,18624,6,,,0,30,,22915,6,,,0,65,,18626,6,,,0,25,,18632,6,,,0
702019,'1797',652,,18661,6,,,0,71,,18663,6,,,0,30,,22944,6,,,0,70,,18660,6,,,0,30,,18662,6,,,0,70,,22942,6,,,0,30,,18667,6,,,0,70,,22943,6,,,0,30,,22923,6,,,0,70,,18647,6,,,0,30,,22936,6,,,0,70,,22917,6,,,0,30,,22924,6,,,0,70,,22930,6,,,0,30,,22937,6,,,0,70,,22918,6,,,0,30,,22925,6,,,0,70,,22931,6,,,0,30,,22938,6,,,0,70,,22919,6,,,0,30,,22926,6,,,0,70,,22932,6,,,0,30,,22939,6,,,0,70,,22920,6,,,0,30,,22927,6,,,0,70,,22933,6,,,0,30,,22940,6,,,0,70,,22921,6,,,0,30,,22928,6,,,0,69,,22934,6,,,0,30,,22941,6,,,0,70,,22922,6,,,0,30,,22929,6,,,0,65,,22935,6,,,0,25,,22945,6,,,0
702019,'1798',652,,22966,6,,,0,71,,22956,6,,,0,30,,22976,6,,,0,70,,22962,6,,,0,30,,22955,6,,,0,70,,22975,6,,,0,30,,22965,6,,,0,70,,22954,6,,,0,30,,18695,6,,,0,70,,22961,6,,,0,30,,22953,6,,,0,70,,22967,6,,,0,30,,18680,6,,,0,70,,22952,6,,,0,30,,22974,6,,,0,70,,22960,6,,,0,30,,22951,6,,,0,70,,22971,6,,,0,30,,22964,6,,,0,70,,22950,6,,,0,30,,22970,6,,,0,70,,22959,6,,,0,30,,22949,6,,,0,70,,22969,6,,,0,30,,22958,6,,,0,70,,22948,6,,,0,30,,22973,6,,,0,70,,22957,6,,,0,30,,22947,6,,,0,69,,22972,6,,,0,30,,22963,6,,,0,70,,22946,6,,,0,30,,22968,6,,,0,65,,22977,6,,,0,25,,22978,6,,,0
702019,'1799',652,,22999,6,,,0,71,,22989,6,,,0,30,,23009,6,,,0,70,,22995,6,,,0,30,,22988,6,,,0,70,,23008,6,,,0,30,,22998,6,,,0,70,,22987,6,,,0,30,,18730,6,,,0,70,,22994,6,,,0,30,,22986,6,,,0,70,,23000,6,,,0,30,,18715,6,,,0,70,,22985,6,,,0,30,,23007,6,,,0,70,,22993,6,,,0,30,,22984,6,,,0,70,,23004,6,,,0,30,,22997,6,,,0,70,,22983,6,,,0,30,,23003,6,,,0,70,,22992,6,,,0,30,,22982,6,,,0,70,,23002,6,,,0,30,,22991,6,,,0,70,,22981,6,,,0,30,,23006,6,,,0,70,,22990,6,,,0,30,,22980,6,,,0,69,,23005,6,,,0,30,,22996,6,,,0,70,,22979,6,,,0,30,,23001,6,,,0,65,,23010,6,,,0,25,,23011,6,,,0
702019,'1800',652,,23032,6,,,0,71,,23022,6,,,0,30,,23042,6,,,0,70,,23028,6,,,0,30,,23021,6,,,0,70,,23041,6,,,0,30,,23031,6,,,0,70,,23020,6,,,0,30,,18765,6,,,0,70,,23027,6,,,0,30,,23019,6,,,0,70,,23033,6,,,0,30,,18750,6,,,0,70,,23018,6,,,0,30,,23040,6,,,0,70,,23026,6,,,0,30,,23017,6,,,0,70,,23037,6,,,0,30,,23030,6,,,0,70,,23016,6,,,0,30,,23036,6,,,0,70,,23025,6,,,0,30,,23015,6,,,0,70,,23035,6,,,0,30,,23024,6,,,0,70,,23014,6,,,0,30,,23039,6,,,0,70,,23023,6,,,0,30,,23013,6,,,0,69,,23038,6,,,0,30,,23029,6,,,0,70,,23012,6,,,0,30,,23034,6,,,0,65,,23043,6,,,0,25,,23044,6,,,0
14000001019,'1796',2432,,23379,43,,,0,70,,23377,43,,,0,30,,19496,43,,,0,70,,23378,43,,,0,30,,23376,43,,,0
14000001019,'1797',2432,,23383,43,,,0,70,,23380,43,,,0,30,,19502,43,,,0,70,,23382,43,,,0,30,,23381,43,,,0
14000001019,'1798',2432,,23386,43,,,0,70,,23385,43,,,0,30,,19504,43,,,0,70,,23387,43,,,0,30,,23384,43,,,0
14000001019,'1799',2432,,23390,43,,,0,70,,23389,43,,,0,30,,19509,43,,,0,70,,23391,43,,,0,30,,23388,43,,,0
14000001019,'1800',2432,,23394,43,,,0,70,,23393,43,,,0,30,,19514,43,,,0,70,,23395,43,,,0,30,,23392,43,,,0
