1019,'1796',558,,13774,35,,,0,70,,19586,35,,,0,30,,19562,35,,,0,70,,19557,35,,,0,31,,19575,35,,,0,71,,19559,35,,,0,70,,19564,35,,,0,30,,19589,35,,,0,70,,19561,35,,,0,30,,19555,35,,,0,71,,19574,35,,,0,30,,19560,35,,,0,70,,19565,35,,,0,30,,19585,35,,,0,70,,19563,35,,,0,30,,19556,35,,,0,70,,19587,35,,,0,32,,19558,35,,,0,70,,19566,35,,,0,30,,19584,35,,,0,69,,19577,35,,,0,30,,19569,35,,,0,70,,19567,35,,,0,28,,19570,35,,,0,70,,19572,35,,,0,30,,19571,35,,,0,29,,19568,35,,,0,70,,19588,35,,,0,30,,19582,35,,,0,70,,19583,35,,,0,30,,19581,35,,,0,69,,19580,35,,,0,74,,19579,35,,,0,30,,19578,35,,,0,70,,19576,35,,,0,25,,19573,35,,,0
1019,'1797',557,,19601,35,,,0,70,,19615,35,,,0,30,,19600,35,,,0,70,,19620,35,,,0,31,,19610,35,,,0,70,,19594,35,,,0,30,,19616,35,,,0,70,,19618,35,,,0,30,,19599,35,,,0,70,,19621,35,,,0,30,,19609,35,,,0,71,,19593,35,,,0,30,,19604,35,,,0,70,,19614,35,,,0,30,,19598,35,,,0,70,,19622,35,,,0,30,,19608,35,,,0,70,,19592,35,,,0,30,,19603,35,,,0,70,,19613,35,,,0,30,,19597,35,,,0,70,,19623,35,,,0,30,,19607,35,,,0,70,,19591,35,,,0,30,,19602,35,,,0,70,,19612,35,,,0,29,,19595,35,,,0,70,,19624,35,,,0,30,,19605,35,,,0,70,,19590,35,,,0,30,,19596,35,,,0,70,,19611,35,,,0,73,,19606,35,,,0,30,,19625,35,,,0,70,,19619,35,,,0,25,,19617,35,,,0
1019,'1798',627,,19626,35,,,0,100,,19627,35,,,0,101,,19628,35,,,0,100,,19629,35,,,0,100,,19630,35,,,0,101,,19631,35,,,0,100,,19632,35,,,0,100,,19633,35,,,0,100,,19634,35,,,0,100,,19635,35,,,0,100,,19636,35,,,0,100,,19637,35,,,0,100,,19638,35,,,0,99,,19639,35,,,0,100,,19640,35,,,0,100,,19641,35,,,0,103,,19642,35,,,0,95,,19643,35,,,0
1019,'1799',627,,19644,35,,,0,100,,19645,35,,,0,101,,19646,35,,,0,100,,19647,35,,,0,100,,19648,35,,,0,101,,19649,35,,,0,100,,19650,35,,,0,100,,19651,35,,,0,100,,19652,35,,,0,100,,19653,35,,,0,100,,19654,35,,,0,100,,19655,35,,,0,100,,19656,35,,,0,99,,19657,35,,,0,100,,19658,35,,,0,100,,19659,35,,,0,103,,19660,35,,,0,95,,19661,35,,,0
1019,'1800',627,,19662,35,,,0,100,,19663,35,,,0,101,,19664,35,,,0,100,,19665,35,,,0,100,,19666,35,,,0,101,,19667,35,,,0,100,,19668,35,,,0,100,,19669,35,,,0,100,,19670,35,,,0,100,,19671,35,,,0,100,,19672,35,,,0,100,,19673,35,,,0,100,,19674,35,,,0,99,,19675,35,,,0,100,,19676,35,,,0,100,,19677,35,,,0,103,,19678,35,,,0,95,,19679,35,,,0
1029,'1796',558,,19689,13,,,0,71,,13901,13,,,0,25,,19709,13,,,0,69,,19686,13,,,0,30,,19681,13,,,0,70,,19713,13,,,0,30,,19684,13,,,0,71,,19690,13,,,0,30,,19708,13,,,0,70,,19688,13,,,0,30,,19680,13,,,0,70,,19712,13,,,0,30,,19685,13,,,0,70,,19691,13,,,0,30,,19707,13,,,0,70,,19687,13,,,0,30,,19682,13,,,0,71,,19710,13,,,0,32,,19683,13,,,0,70,,19692,13,,,0,29,,19706,13,,,0,69,,19695,13,,,0,30,,19694,13,,,0,70,,19693,13,,,0,33,,19699,13,,,0,70,,19698,13,,,0,30,,19697,13,,,0,70,,19696,13,,,0,30,,19711,13,,,0,70,,19705,13,,,0,30,,19704,13,,,0,70,,19703,13,,,0,30,,19702,13,,,0,70,,19701,13,,,0,25,,19700,13,,,0
1029,'1797',600,,19719,13,,,0,28,,19731,13,,,0,30,,19738,13,,,0,70,,19726,13,,,0,30,,19747,13,,,0,70,,19735,13,,,0,30,,19718,13,,,0,70,,19730,13,,,0,30,,19741,13,,,0,70,,19725,13,,,0,30,,19748,13,,,0,70,,19734,13,,,0,30,,19717,13,,,0,70,,19729,13,,,0,30,,19740,13,,,0,70,,19724,13,,,0,30,,19720,13,,,0,70,,19733,13,,,0,30,,19716,13,,,0,70,,19728,13,,,0,30,,19736,13,,,0,70,,19723,13,,,0,30,,19745,13,,,0,70,,19732,13,,,0,30,,19715,13,,,0,70,,19727,13,,,0,30,,19739,13,,,0,70,,19721,13,,,0,30,,19743,13,,,0,70,,19742,13,,,0,30,,19714,13,,,0,70,,19722,13,,,0,29,,19737,13,,,0,70,,19746,13,,,0,30,,19744,13,,,0
1029,'1798',600,,19749,13,,,0,58,,19750,13,,,0,100,,19751,13,,,0,100,,19752,13,,,0,100,,19753,13,,,0,100,,19754,13,,,0,100,,19755,13,,,0,100,,19756,13,,,0,100,,19757,13,,,0,100,,19758,13,,,0,100,,19759,13,,,0,100,,19760,13,,,0,100,,19761,13,,,0,100,,19762,13,,,0,100,,19763,13,,,0,100,,19764,13,,,0,99,,19765,13,,,0,100,,19766,13,,,0
1029,'1799',600,,19767,13,,,0,58,,19768,13,,,0,100,,19769,13,,,0,100,,19770,13,,,0,100,,19771,13,,,0,100,,19772,13,,,0,100,,19773,13,,,0,100,,19774,13,,,0,100,,19775,13,,,0,100,,19776,13,,,0,100,,19777,13,,,0,100,,19778,13,,,0,100,,19779,13,,,0,100,,19780,13,,,0,100,,19781,13,,,0,100,,19782,13,,,0,99,,19783,13,,,0,100,,19784,13,,,0
1029,'1800',600,,19785,13,,,0,58,,19786,13,,,0,100,,19787,13,,,0,100,,19788,13,,,0,100,,19789,13,,,0,100,,19790,13,,,0,100,,19791,13,,,0,100,,19792,13,,,0,100,,19793,13,,,0,100,,19794,13,,,0,100,,19795,13,,,0,100,,19796,13,,,0,100,,19797,13,,,0,100,,19798,13,,,0,100,,19799,13,,,0,100,,19800,13,,,0,99,,19801,13,,,0,100,,19802,13,,,0
7019,'1796',537,,14820,15,,,0,103,,14821,15,,,0,70,,20282,15,,,0,32,,14830,15,,,0,71,,14823,15,,,0,31,,14831,15,,,0,68,,20283,15,,,0,30,,20288,15,,,0,70,,20284,15,,,0,30,,20289,15,,,0,70,,20285,15,,,0,30,,20290,15,,,0,70,,14827,15,,,0,30,,20291,15,,,0,70,,20286,15,,,0,30,,20292,15,,,0,71,,20287,15,,,0,32,,14849,15,,,0,73,,14850,15,,,0,27,,20298,15,,,0,70,,20299,15,,,0,30,,20293,15,,,0,68,,14839,15,,,0,30,,20294,15,,,0,70,,14841,15,,,0,28,,14842,15,,,0,70,,20295,15,,,0,28,,20296,15,,,0,70,,20297,15,,,0,30,,14846,15,,,0,100,,14847,15,,,0,99,,14848,15,,,0,100,,14840,15,,,0
7019,'1797',639,,14869,15,,,0,69,,20304,15,,,0,30,,20310,15,,,0,70,,20305,15,,,0,31,,20311,15,,,0,70,,20306,15,,,0,30,,14872,15,,,0,71,,20307,15,,,0,30,,20312,15,,,0,70,,20308,15,,,0,30,,20313,15,,,0,70,,14867,15,,,0,30,,14875,15,,,0,70,,20309,15,,,0,30,,20314,15,,,0,70,,14881,15,,,0,31,,20315,15,,,0,70,,14883,15,,,0,30,,14878,15,,,0,70,,20318,15,,,0,29,,20316,15,,,0,70,,20319,15,,,0,30,,20317,15,,,0,70,,20322,15,,,0,29,,14857,15,,,0,69,,20320,15,,,0,30,,20302,15,,,0,70,,20321,15,,,0,30,,20303,15,,,0,100,,14860,15,,,0,100,,14861,15,,,0
7019,'1798',738,,14896,15,,,0,101,,14897,15,,,0,100,,20330,15,,,0,101,,14898,15,,,0,100,,14899,15,,,0,100,,20327,15,,,0,100,,14901,15,,,0,101,,14902,15,,,0,100,,20328,15,,,0,99,,14904,15,,,0,100,,14892,15,,,0,99,,20325,15,,,0,99,,14891,15,,,0,100,,14895,15,,,0,100,,20326,15,,,0
7019,'1799',738,,14931,15,,,0,101,,14932,15,,,0,100,,20352,15,,,0,101,,14933,15,,,0,100,,14934,15,,,0,100,,20349,15,,,0,100,,14936,15,,,0,101,,14937,15,,,0,100,,20350,15,,,0,99,,14939,15,,,0,100,,14927,15,,,0,99,,20347,15,,,0,99,,14926,15,,,0,100,,14930,15,,,0,100,,20348,15,,,0
7019,'1800',738,,14966,15,,,0,101,,14967,15,,,0,100,,20374,15,,,0,101,,14968,15,,,0,100,,14969,15,,,0,100,,20371,15,,,0,100,,14971,15,,,0,101,,14972,15,,,0,100,,20372,15,,,0,99,,14974,15,,,0,100,,14962,15,,,0,99,,20369,15,,,0,99,,14961,15,,,0,100,,14965,15,,,0,100,,20370,15,,,0
22029,'1796',649,,21307,14,0,19 2 20 21,0,73,,21308,14,0,19 2 20 21,0,30,,21309,14,0,19 2 20 21,0,73,,21310,14,0,19 2 20 21,0,30,,21311,14,0,19 2 20 21,0,71,,21312,16,,,0,27,,21313,16,,,0,70,,21318,16,,,0,30,,21314,16,,,0,70,,21319,16,,,0,30,,21315,16,,,0,70,,21306,16,,,0,30,,21316,16,,,0,70,,21317,16,,,0,31,,21320,16,,,0,70,,21321,16,,,0,30,,21322,16,,,0,70,,21323,16,,,0,32,,21324,16,,,0,70,,21325,16,,,0,30,,21326,16,,,0,68,,21327,16,,,0,30,,21328,16,,,0,70,,21329,16,,,0,27,,21330,16,,,0,70,,16417,16,,,0,30,,21331,16,,,0,65,,21332,16,,,0,30,,21333,16,,,0,69,,16421,16,,,0,27,,21334,14,0,19 2 20 21,0,170,,16423,14,0,19 2 20 21,0,35,,16424,14,0,19 2 20 21,0
22029,'1797',616,,16449,14,0,19 2 20 21,0,30,,16443,14,0,19 2 20 21,0,67,,16450,14,0,19 2 20 21,0,30,,16444,14,0,19 2 20 21,0,71,,16451,14,0,19 2 20 21,0,30,,16425,16,,,0,70,,16426,16,,,0,30,,16427,16,,,0,70,,16428,16,,,0,30,,16429,16,,,0,70,,16430,16,,,0,30,,16431,16,,,0,70,,16432,16,,,0,31,,16433,16,,,0,70,,16434,16,,,0,31,,16435,16,,,0,69,,16436,16,,,0,31,,16437,16,,,0,70,,16438,16,,,0,30,,16439,16,,,0,70,,16440,16,,,0,29,,16441,16,,,0,69,,16442,16,,,0,31,,16445,14,0,19 2 20 21,0,69,,16452,14,0,19 2 20 21,0,30,,16446,14,0,19 2 20 21,0,70,,16453,14,0,19 2 20 21,0,29,,16447,14,0,19 2 20 21,0,70,,16454,14,0,19 2 20 21,0,30,,16448,14,0,19 2 20 21,0,67,,16455,14,0,19 2 20 21,0,33,,16456,14,0,19 2 20 21,0,175,,16458,14,0,19 2 20 21,0,30,,16457,14,0,19 2 20 21,0
22029,'1798',717,,21346,14,0,19 2 20 21,0,97,,21335,16,,,0,100,,21336,16,,,0,100,,21337,16,,,0,100,,21338,16,,,0,100,,21339,16,,,0,101,,21340,16,,,0,100,,21341,16,,,0,100,,21342,16,,,0,100,,21343,16,,,0,99,,21344,16,,,0,100,,16473,14,0,19 2 20 21,0,100,,21345,14,0,19 2 20 21,0,99,,16471,14,0,19 2 20 21,0,100,,21347,14,0,19 2 20 21,0,205,,16475,14,0,19 2 20 21,0,30,,16474,14,0,19 2 20 21,0
22029,'1799',717,,21359,14,0,19 2 20 21,0,97,,21348,16,,,0,100,,21349,16,,,0,100,,21350,16,,,0,100,,21351,16,,,0,100,,21352,16,,,0,101,,21353,16,,,0,100,,21354,16,,,0,100,,21355,16,,,0,100,,21356,16,,,0,99,,21357,16,,,0,100,,16490,14,0,19 2 20 21,0,100,,21358,14,0,19 2 20 21,0,99,,16488,14,0,19 2 20 21,0,100,,21360,14,0,19 2 20 21,0,205,,16492,14,0,19 2 20 21,0,30,,16491,14,0,19 2 20 21,0
22029,'1800',717,,21372,14,0,19 2 20 21,0,97,,21361,16,,,0,100,,21362,16,,,0,100,,21363,16,,,0,100,,21364,16,,,0,100,,21365,16,,,0,101,,21366,16,,,0,100,,21367,16,,,0,100,,21368,16,,,0,100,,21369,16,,,0,99,,21370,16,,,0,100,,16507,14,0,19 2 20 21,0,100,,21371,14,0,19 2 20 21,0,99,,16505,14,0,19 2 20 21,0,100,,21373,14,0,19 2 20 21,0,205,,16509,14,0,19 2 20 21,0,30,,16508,14,0,19 2 20 21,0
