11029,'1796',626,,20545,14,,,0,98,,20536,21,,,0,101,,20537,21,,,0,100,,20538,21,,,0,101,,20539,21,,,0,100,,15328,21,,,0,100,,20540,21,,,0,100,,15330,21,,,0,100,,20541,21,,,0,100,,20542,21,,,0,100,,15333,21,,,0,100,,15334,21,,,0,99,,20543,21,,,0,100,,15336,21,,,0,100,,20544,21,,,0,100,,20535,21,,,0
11029,'1797',625,,20546,14,,,0,98,,20557,21,,,0,100,,20547,21,,,0,100,,20548,21,,,0,105,,20549,21,,,0,100,,20550,21,,,0,100,,20551,21,,,0,100,,15345,21,,,0,100,,20552,21,,,0,100,,15347,21,,,0,100,,15348,21,,,0,97,,20553,21,,,0,100,,20554,21,,,0,99,,20555,21,,,0,100,,20556,21,,,0
11029,'1798',823,,20558,21,,,0,100,,20559,21,,,0,105,,20560,21,,,0,100,,20561,21,,,0,100,,20562,21,,,0,100,,20563,21,,,0,100,,20564,21,,,0,100,,20565,21,,,0,100,,20566,21,,,0,97,,20567,21,,,0,100,,20568,21,,,0,99,,20569,21,,,0,100,,15366,21,,,0
11029,'1799',823,,20570,21,,,0,100,,20571,21,,,0,105,,20572,21,,,0,100,,20573,21,,,0,100,,20574,21,,,0,100,,20575,21,,,0,100,,20576,21,,,0,100,,20577,21,,,0,100,,20578,21,,,0,97,,20579,21,,,0,100,,20580,21,,,0,99,,20581,21,,,0,100,,15379,21,,,0
11029,'1800',823,,20582,21,,,0,100,,20583,21,,,0,105,,20584,21,,,0,100,,20585,21,,,0,100,,20586,21,,,0,100,,20587,21,,,0,100,,20588,21,,,0,100,,20589,21,,,0,100,,20590,21,,,0,97,,20591,21,,,0,100,,20592,21,,,0,99,,20593,21,,,0,100,,15392,21,,,0
31019,'1796',636,,21374,9,,,0,71,,21389,9,,,0,30,,21402,9,,,0,72,,21385,9,,,0,30,,21382,9,,,0,69,,21396,9,,,0,30,,21377,9,,,0,70,,21390,9,,,0,29,,21401,9,,,0,70,,21388,9,,,0,30,,21383,9,,,0,70,,21395,9,,,0,30,,21376,9,,,0,70,,21391,9,,,0,30,,21400,9,,,0,70,,21386,9,,,0,30,,21380,9,,,0,72,,21394,9,,,0,30,,21378,9,,,0,70,,21392,9,,,0,30,,21399,9,,,0,70,,21387,9,,,0,30,,21381,9,,,0,68,,21393,9,,,0,30,,21375,9,,,0,70,,21410,9,,,0,30,,21398,9,,,0,70,,21405,9,0,5 2 8 7,0,30,,21384,9,,,0,69,,21406,9,0,5 2 8 7,0,30,,21379,9,,,0,70,,21408,9,0,5 2 8 7,0,30,,21397,9,,,0,70,,21407,9,0,5 2 8 7,0,25,,21403,9,0,5 2 8 7,0
31019,'1797',636,,21416,9,,,0,70,,21432,9,,,0,30,,21445,9,,,0,70,,21428,9,,,0,30,,21422,9,,,0,71,,21438,9,,,0,30,,21415,9,,,0,70,,21431,9,,,0,30,,21440,9,,,0,70,,21427,9,,,0,30,,21421,9,,,0,70,,21437,9,,,0,30,,21414,9,,,0,70,,21430,9,,,0,30,,21443,9,,,0,70,,21426,9,,,0,30,,21420,9,,,0,70,,21436,9,,,0,30,,21413,9,,,0,70,,21429,9,,,0,30,,21442,9,,,0,70,,21425,9,,,0,30,,21419,9,,,0,70,,21435,9,,,0,30,,21412,9,,,0,69,,21447,9,,,0,30,,21441,9,,,0,70,,21424,9,0,5 2 8 7,0,30,,21418,9,,,0,70,,21434,9,0,5 2 8 7,0,30,,21411,9,,,0,70,,21423,9,0,5 2 8 7,0,30,,21444,9,,,0,70,,21433,9,0,5 2 8 7,0,25,,21417,9,0,5 2 8 7,0
31019,'1798',636,,21448,9,,,0,100,,21449,9,,,0,100,,21450,9,,,0,101,,21451,9,,,0,100,,21452,9,,,0,100,,21453,9,,,0,100,,21454,9,,,0,100,,21455,9,,,0,100,,21456,9,,,0,100,,21457,9,,,0,100,,21458,9,,,0,100,,21459,9,,,0,100,,21460,9,,,0,99,,21461,9,,,0,100,,21462,9,,,0,100,,21463,9,,,0,100,,21464,9,,,0,95,,21466,9,0,5 2 8 7,0
31019,'1799',636,,21467,9,,,0,100,,21468,9,,,0,100,,21469,9,,,0,101,,21470,9,,,0,100,,21471,9,,,0,100,,21472,9,,,0,100,,21473,9,,,0,100,,21474,9,,,0,100,,21475,9,,,0,100,,21476,9,,,0,100,,21477,9,,,0,100,,21478,9,,,0,100,,21479,9,,,0,99,,21480,9,,,0,100,,21481,9,,,0,100,,21482,9,,,0,100,,21483,9,,,0,95,,21485,9,0,5 2 8 7,0
31019,'1800',636,,21486,9,,,0,100,,21487,9,,,0,100,,21488,9,,,0,101,,21489,9,,,0,100,,21490,9,,,0,100,,21491,9,,,0,100,,21492,9,,,0,100,,21493,9,,,0,100,,21494,9,,,0,100,,21495,9,,,0,100,,21496,9,,,0,100,,21497,9,,,0,100,,21498,9,,,0,99,,21499,9,,,0,100,,21500,9,,,0,100,,21501,9,,,0,100,,21502,9,,,0,95,,21504,9,0,5 2 8 7,0
