6019,'1796',657,,20108,19,,,0,69,,14636,19,,,0,30,,20109,19,,,0,70,,20110,19,,,0,30,,20111,19,,,0,71,,20112,19,,,0,30,,20113,19,,,0,70,,20114,19,,,0,30,,20115,19,,,0,70,,20116,19,,,0,30,,20117,19,,,0,70,,20118,19,,,0,30,,20119,19,,,0,70,,20120,19,,,0,30,,20121,19,,,0,70,,20122,19,,,0,32,,20123,19,,,0,70,,20124,19,,,0,30,,20125,19,,,0,70,,20126,19,,,0,30,,20127,19,,,0,70,,20128,19,,,0,27,,20129,19,,,0,70,,20130,19,,,0,30,,20131,19,,,0,67,,20107,19,,,0,96,,20104,19,,,0,100,,14632,19,,,0,100,,20105,19,,,0,100,,20106,19,,,0
6019,'1797',651,,20134,19,,,0,70,,14662,19,,,0,28,,20152,19,,,0,70,,14675,19,,,0,30,,20136,19,,,0,70,,20145,19,,,0,30,,20153,19,,,0,72,,20151,19,,,0,30,,20144,19,,,0,70,,20156,19,,,0,30,,20143,19,,,0,70,,20150,19,,,0,30,,20142,19,,,0,70,,20155,19,,,0,30,,20141,19,,,0,70,,20149,19,,,0,30,,20140,19,,,0,70,,20154,19,,,0,30,,20139,19,,,0,70,,20148,19,,,0,30,,20138,19,,,0,70,,20132,19,,,0,30,,20137,19,,,0,70,,20147,19,,,0,30,,20135,19,,,0,68,,20146,19,,,0,101,,14687,7,,,0,100,,20133,7,,,0
6019,'1798',850,,20163,7,,,0,100,,20157,7,,,0,100,,20162,7,,,0,100,,20167,7,,,0,101,,20161,7,,,0,100,,20166,7,,,0,100,,20160,7,,,0,100,,20165,7,,,0,100,,20159,7,,,0,100,,20164,7,,,0,99,,20158,7,,,0,100,,20168,7,,,0
6019,'1799',850,,20175,7,,,0,100,,20169,7,,,0,100,,20174,7,,,0,100,,20179,7,,,0,101,,20173,7,,,0,100,,20178,7,,,0,100,,20172,7,,,0,100,,20177,7,,,0,100,,20171,7,,,0,100,,20176,7,,,0,99,,20170,7,,,0,100,,20180,7,,,0
6019,'1800',850,,20187,7,,,0,100,,20181,7,,,0,100,,20186,7,,,0,100,,20191,7,,,0,101,,20185,7,,,0,100,,20190,7,,,0,100,,20184,7,,,0,100,,20189,7,,,0,100,,20183,7,,,0,100,,20188,7,,,0,99,,20182,7,,,0,100,,20192,7,,,0
10029,'1796',600,,15190,6,,,0,100,,20469,6,,,0,100,,20468,6,,,0,101,,20470,6,,,0,100,,20467,6,,,0,100,,20466,6,,,0,100,,20465,6,,,0,100,,20463,6,,,0,100,,20462,6,,,0,100,,20464,6,,,0,100,,15183,6,,,0,100,,15181,6,,,0,100,,20471,6,,,0,100,,15194,6,,,0,100,,15195,6,,,0,100,,20472,6,,,0,100,,20473,6,,,0,100,,20474,6,0,27 28 1 29,0,100,,15198,6,0,27 28 1 29,0
10029,'1797',701,,15214,6,,,0,100,,15207,6,,,0,100,,15200,6,,,0,100,,15208,6,,,0,100,,15201,6,,,0,100,,15209,6,,,0,100,,15202,6,,,0,100,,15210,6,,,0,100,,15203,6,,,0,100,,15211,6,,,0,100,,15204,6,,,0,100,,15212,6,,,0,100,,15205,6,,,0,100,,15213,6,,,0,100,,15206,6,,,0,100,,15216,6,0,27 28 1 29,0,200,,20475,6,0,27 28 1 29,0
10029,'1798',901,,15221,6,,,0,100,,15227,6,,,0,100,,15220,6,,,0,100,,15225,6,,,0,100,,15218,6,,,0,100,,15223,6,,,0,100,,15224,6,,,0,100,,15226,6,,,0,100,,15219,6,,,0,100,,15217,6,,,0,100,,15222,6,,,0,100,,15228,6,0,27 28 1 29,0
10029,'1799',901,,15233,6,,,0,100,,15239,6,,,0,100,,15232,6,,,0,100,,15237,6,,,0,100,,15230,6,,,0,100,,15235,6,,,0,100,,15236,6,,,0,100,,15238,6,,,0,100,,15231,6,,,0,100,,15229,6,,,0,100,,15234,6,,,0,100,,15240,6,0,27 28 1 29,0
10029,'1800',901,,15245,6,,,0,100,,15251,6,,,0,100,,15244,6,,,0,100,,15249,6,,,0,100,,15242,6,,,0,100,,15247,6,,,0,100,,15248,6,,,0,100,,15250,6,,,0,100,,15243,6,,,0,100,,15241,6,,,0,100,,15246,6,,,0,100,,15252,6,0,27 28 1 29,0
