4019,'1796',623,,19810,5,,,0,30,,19836,5,,,0,71,,19811,5,,,0,27,,19812,5,,,0,76,,19813,5,,,0,24,,19814,5,,,0,76,,19815,5,,,0,27,,19816,5,,,0,70,,19817,5,,,0,30,,19818,5,,,0,70,,19819,5,,,0,32,,19820,5,,,0,70,,19821,5,,,0,30,,19822,5,,,0,70,,19823,5,,,0,30,,19824,5,,,0,70,,19825,5,,,0,32,,19826,5,,,0,70,,19827,5,,,0,31,,19828,5,,,0,64,,19829,5,,,0,36,,19830,5,,,0,64,,19831,5,,,0,36,,19832,5,,,0,61,,19833,5,,,0,35,,19834,5,,,0,69,,19835,5,,,0,30,,19804,5,,,0,70,,19805,5,,,0,30,,19806,5,,,0,70,,19807,5,,,0,30,,19808,5,,,0,70,,19809,5,,,0
4019,'1797',652,,19868,5,,,0,70,,19844,5,,,0,30,,19838,5,,,0,70,,19848,5,,,0,30,,19859,5,,,0,70,,19854,5,,,0,30,,19842,5,,,0,72,,19864,5,,,0,30,,19841,5,,,0,70,,19861,5,,,0,30,,19856,5,,,0,70,,19849,5,,,0,30,,19862,5,,,0,70,,19865,5,,,0,30,,19840,5,,,0,70,,19851,5,,,0,30,,19839,5,,,0,70,,19845,5,,,0,30,,19863,5,,,0,70,,19860,5,,,0,30,,19857,5,,,0,70,,19846,5,,,0,30,,19866,5,,,0,70,,19867,5,,,0,30,,19837,5,,,0,70,,19852,5,,,0,30,,19850,5,,,0,70,,19858,5,,,0,30,,19843,5,,,0,70,,19853,5,,,0,30,,19847,5,,,0,70,,19855,5,,,0
4019,'1798',752,,19892,5,,,0,70,,19893,5,,,0,30,,19890,5,,,0,70,,19894,5,,,0,30,,19891,5,,,0,72,,19875,5,,,0,30,,19879,5,,,0,70,,19883,5,,,0,30,,19886,5,,,0,70,,19871,5,,,0,30,,19874,5,,,0,70,,19878,5,,,0,30,,19882,5,,,0,70,,19884,5,,,0,30,,19870,5,,,0,70,,19873,5,,,0,30,,19877,5,,,0,70,,19881,5,,,0,30,,19885,5,,,0,70,,19869,5,,,0,30,,19872,5,,,0,70,,19876,5,,,0,30,,19880,5,,,0,70,,19889,5,,,0,30,,19895,5,,,0,70,,19887,5,,,0,30,,19896,5,,,0,70,,19888,5,,,0
4019,'1799',752,,19920,5,,,0,70,,19921,5,,,0,30,,19918,5,,,0,70,,19922,5,,,0,30,,19919,5,,,0,72,,19903,5,,,0,30,,19907,5,,,0,70,,19911,5,,,0,30,,19914,5,,,0,70,,19899,5,,,0,30,,19902,5,,,0,70,,19906,5,,,0,30,,19910,5,,,0,70,,19912,5,,,0,30,,19898,5,,,0,70,,19901,5,,,0,30,,19905,5,,,0,70,,19909,5,,,0,30,,19913,5,,,0,70,,19897,5,,,0,30,,19900,5,,,0,70,,19904,5,,,0,30,,19908,5,,,0,70,,19917,5,,,0,30,,19923,5,,,0,70,,19915,5,,,0,30,,19924,5,,,0,70,,19916,5,,,0
4019,'1800',752,,19948,5,,,0,70,,19949,5,,,0,30,,19946,5,,,0,70,,19950,5,,,0,30,,19947,5,,,0,72,,19931,5,,,0,30,,19935,5,,,0,70,,19939,5,,,0,30,,19942,5,,,0,70,,19927,5,,,0,30,,19930,5,,,0,70,,19934,5,,,0,30,,19938,5,,,0,70,,19940,5,,,0,30,,19926,5,,,0,70,,19929,5,,,0,30,,19933,5,,,0,70,,19937,5,,,0,30,,19941,5,,,0,70,,19925,5,,,0,30,,19928,5,,,0,70,,19932,5,,,0,30,,19936,5,,,0,70,,19945,5,,,0,30,,19951,5,,,0,70,,19943,5,,,0,30,,19952,5,,,0,70,,19944,5,,,0
502019,'1796',605,,22109,5,,,0,30,,22110,5,,,0,65,,22150,5,,,0,10,,22111,5,,,0,26,,22112,5,,,0,65,,22113,5,,,0,12,,22114,5,,,0,24,,22115,5,,,0,64,,22116,5,,,0,12,,22117,5,,,0,24,,22118,5,,,0,70,,22119,5,,,0,30,,22120,5,,,0,70,,22121,5,,,0,30,,22122,5,,,0,70,,22123,5,,,0,30,,22124,5,,,0,70,,22125,5,,,0,30,,22126,5,,,0,70,,22127,5,,,0,34,,22128,5,,,0,70,,22129,5,,,0,30,,22130,5,,,0,68,,22131,5,,,0,24,,22132,5,,,0,12,,22133,5,,,0,63,,22134,5,,,0,6,,22151,5,,,0,17,,22135,5,,,0,12,,22136,5,,,0,64,,22137,5,,,0,22,,22138,5,,,0,12,,22139,5,,,0,65,,22140,5,,,0,30,,22141,5,,,0,70,,22142,5,,,0,30,,22143,5,,,0,70,,22144,5,,,0,30,,22145,5,,,0,70,,22146,5,,,0,30,,22147,5,,,0,70,,22148,5,,,0,30,,22149,5,,,0
502019,'1797',635,,22159,5,,,0,70,,22166,5,,,0,30,,22158,5,,,0,70,,22167,5,,,0,31,,22157,5,,,0,70,,22168,5,,,0,30,,22156,5,,,0,71,,22169,5,,,0,30,,22177,5,,,0,70,,22170,5,,,0,30,,22178,5,,,0,70,,22171,5,,,0,30,,22179,5,,,0,70,,22172,5,,,0,30,,22180,5,,,0,70,,22173,5,,,0,30,,22181,5,,,0,70,,22174,5,,,0,30,,22182,5,,,0,70,,22175,5,,,0,30,,22183,5,,,0,70,,22176,5,,,0,30,,22184,5,,,0,69,,22160,5,,,0,30,,22185,5,,,0,70,,22162,5,,,0,100,,22161,5,,,0,30,,22155,5,,,0,70,,22163,5,,,0,30,,22154,5,,,0,70,,22164,5,,,0,30,,22153,5,,,0,70,,22165,5,,,0,30,,22152,5,,,0
502019,'1798',635,,22200,5,,,0,70,,22186,5,,,0,30,,22203,5,,,0,70,,22217,5,,,0,31,,22197,5,,,0,70,,22216,5,,,0,30,,22199,5,,,0,71,,22215,5,,,0,30,,22194,5,,,0,70,,22214,5,,,0,30,,22189,5,,,0,70,,22213,5,,,0,30,,22192,5,,,0,70,,22211,5,,,0,30,,22190,5,,,0,70,,22212,5,,,0,30,,22193,5,,,0,70,,22210,5,,,0,30,,22187,5,,,0,70,,22209,5,,,0,30,,22191,5,,,0,70,,22208,5,,,0,30,,22188,5,,,0,69,,22207,5,,,0,30,,22201,5,,,0,70,,22206,5,,,0,30,,22202,5,,,0,70,,22205,5,,,0,30,,22195,5,,,0,70,,22218,5,,,0,30,,22204,5,,,0,70,,22219,5,,,0,30,,22198,5,,,0,69,,22220,5,,,0,30,,22196,5,,,0
502019,'1799',635,,22235,5,,,0,70,,22221,5,,,0,30,,22238,5,,,0,70,,22252,5,,,0,31,,22232,5,,,0,70,,22251,5,,,0,30,,22234,5,,,0,71,,22250,5,,,0,30,,22229,5,,,0,70,,22249,5,,,0,30,,22224,5,,,0,70,,22248,5,,,0,30,,22227,5,,,0,70,,22246,5,,,0,30,,22225,5,,,0,70,,22247,5,,,0,30,,22228,5,,,0,70,,22245,5,,,0,30,,22222,5,,,0,70,,22244,5,,,0,30,,22226,5,,,0,70,,22243,5,,,0,30,,22223,5,,,0,69,,22242,5,,,0,30,,22236,5,,,0,70,,22241,5,,,0,30,,22237,5,,,0,70,,22240,5,,,0,30,,22230,5,,,0,70,,22253,5,,,0,30,,22239,5,,,0,70,,22254,5,,,0,30,,22233,5,,,0,69,,22255,5,,,0,30,,22231,5,,,0
502019,'1800',635,,22270,5,,,0,70,,22256,5,,,0,30,,22273,5,,,0,70,,22287,5,,,0,31,,22267,5,,,0,70,,22286,5,,,0,30,,22269,5,,,0,71,,22285,5,,,0,30,,22264,5,,,0,70,,22284,5,,,0,30,,22259,5,,,0,70,,22283,5,,,0,30,,22262,5,,,0,70,,22281,5,,,0,30,,22260,5,,,0,70,,22282,5,,,0,30,,22263,5,,,0,70,,22280,5,,,0,30,,22257,5,,,0,70,,22279,5,,,0,30,,22261,5,,,0,70,,22278,5,,,0,30,,22258,5,,,0,69,,22277,5,,,0,30,,22271,5,,,0,70,,22276,5,,,0,30,,22272,5,,,0,70,,22275,5,,,0,30,,22265,5,,,0,70,,22288,5,,,0,30,,22274,5,,,0,70,,22289,5,,,0,30,,22268,5,,,0,69,,22290,5,,,0,30,,22266,5,,,0
