11019,'1796',704,,20476,11,,,0,100,,20477,11,,,0,100,,20478,11,,,0,100,,20479,11,,,0,100,,20480,11,,,0,100,,15258,11,,,0,100,,20481,11,,,0,100,,15260,11,,,0,99,,20482,11,,,0,100,,20483,11,,,0,100,,15263,11,,,0,101,,15264,11,,,0,100,,20484,11,,,0,100,,15266,11,,,0,98,,20485,11,,,0
11019,'1797',704,,20489,11,,,0,100,,20490,11,,,0,100,,20491,11,,,0,100,,20492,11,,,0,100,,20493,11,,,0,103,,20494,11,,,0,100,,20495,11,,,0,100,,15278,11,,,0,100,,20496,11,,,0,100,,15280,11,,,0,100,,15281,11,,,0,97,,20497,11,,,0,100,,20487,11,,,0,100,,20488,11,,,0
11019,'1798',904,,20499,11,,,0,100,,20500,11,,,0,103,,20501,11,,,0,100,,20502,11,,,0,100,,20503,11,,,0,100,,20504,11,,,0,100,,20505,11,,,0,100,,20506,11,,,0,100,,20507,11,,,0,97,,20508,11,,,0,100,,20509,11,,,0,100,,20510,11,,,0
11019,'1799',904,,20511,11,,,0,100,,20512,11,,,0,103,,20513,11,,,0,100,,20514,11,,,0,100,,20515,11,,,0,100,,20516,11,,,0,100,,20517,11,,,0,100,,20518,11,,,0,100,,20519,11,,,0,97,,20520,11,,,0,100,,20521,11,,,0,100,,20522,11,,,0
11019,'1800',904,,20523,11,,,0,100,,20524,11,,,0,103,,20525,11,,,0,100,,20526,11,,,0,100,,20527,11,,,0,100,,20528,11,,,0,100,,20529,11,,,0,100,,20530,11,,,0,100,,20531,11,,,0,97,,20532,11,,,0,100,,20533,11,,,0,100,,20534,11,,,0
32019,'1796',431,,21539,2,,,0,88,,16677,2,,,0,30,,21541,2,,,0,70,,21538,2,,,0,30,,21513,32,,,0,68,,21529,32,,,0,30,,21508,32,,,0,70,,21524,32,,,0,30,,21534,32,,,0,70,,21518,32,,,0,30,,21516,32,,,0,70,,21528,32,,,0,30,,21506,32,,,0,70,,21522,32,,,0,30,,21533,32,,,0,70,,21520,32,,,0,30,,21515,32,,,0,70,,21527,32,,,0,30,,21509,32,,,0,70,,21521,32,,,0,30,,21532,32,,,0,70,,21519,32,,,0,31,,21512,32,,,0,72,,21526,32,,,0,28,,21505,32,,,0,70,,21523,32,,,0,29,,21531,32,,,0,70,,21517,32,,,0,30,,21514,32,,,0,70,,21525,32,,,0,30,,21510,32,,,0,70,,21535,2,,,0,30,,21530,32,,,0,70,,21537,2,,,0,30,,21511,32,,,0,70,,21536,2,,,0,30,,21507,32,,,0
32019,'1797',521,,21577,2,,,0,30,,21578,2,,,0,70,,21560,2,,,0,26,,21553,32,,,0,70,,21570,32,,,0,30,,21547,32,,,0,70,,21564,32,,,0,30,,21571,32,,,0,70,,21559,32,,,0,29,,21552,32,,,0,70,,21569,32,,,0,31,,21546,32,,,0,70,,21563,32,,,0,30,,21574,32,,,0,70,,21558,32,,,0,30,,21551,32,,,0,70,,21568,32,,,0,30,,21545,32,,,0,70,,21562,32,,,0,30,,21573,32,,,0,70,,21557,32,,,0,30,,21550,32,,,0,70,,21567,32,,,0,30,,21544,32,,,0,70,,21561,32,,,0,30,,21575,32,,,0,70,,21556,32,,,0,30,,21549,32,,,0,70,,21565,32,,,0,30,,21543,32,,,0,70,,21555,2,,,0,30,,21572,32,,,0,70,,21566,2,,,0,30,,21548,32,,,0,70,,21554,2,,,0,30,,21542,32,,,0
32019,'1798',551,,21596,2,,,0,96,,21579,32,,,0,100,,21580,32,,,0,100,,21581,32,,,0,99,,21582,32,,,0,101,,21583,32,,,0,100,,21584,32,,,0,100,,21585,32,,,0,100,,21586,32,,,0,100,,21587,32,,,0,100,,21588,32,,,0,100,,21589,32,,,0,100,,21590,32,,,0,100,,21591,32,,,0,100,,21592,32,,,0,100,,21593,32,,,0,100,,21594,32,,,0,100,,21595,32,,,0
32019,'1799',551,,21615,2,,,0,96,,21598,32,,,0,100,,21599,32,,,0,100,,21600,32,,,0,99,,21601,32,,,0,101,,21602,32,,,0,100,,21603,32,,,0,100,,21604,32,,,0,100,,21605,32,,,0,100,,21606,32,,,0,100,,21607,32,,,0,100,,21608,32,,,0,100,,21609,32,,,0,100,,21610,32,,,0,100,,21611,32,,,0,100,,21612,32,,,0,100,,21613,32,,,0,100,,21614,32,,,0
32019,'1800',551,,21634,2,,,0,96,,21617,32,,,0,100,,21618,32,,,0,100,,21619,32,,,0,99,,21620,32,,,0,101,,21621,32,,,0,100,,21622,32,,,0,100,,21623,32,,,0,100,,21624,32,,,0,100,,21625,32,,,0,100,,21626,32,,,0,100,,21627,32,,,0,100,,21628,32,,,0,100,,21629,32,,,0,100,,21630,32,,,0,100,,21631,32,,,0,100,,21632,32,,,0,100,,21633,32,,,0
