1029,'1796',606,,19689,21,,,0,31,,13901,21,,,0,66,,19709,21,,,0,30,,19686,21,,,0,70,,19681,21,,,0,30,,19713,21,,,0,70,,19684,21,,,0,30,,19690,21,,,0,70,,19708,21,,,0,30,,19688,21,,,0,70,,19680,21,,,0,30,,19712,21,,,0,70,,19685,21,,,0,29,,19691,21,,,0,70,,19707,21,,,0,30,,19687,21,,,0,71,,19682,21,,,0,31,,19710,21,,,0,72,,19683,21,,,0,30,,19692,21,,,0,69,,19706,21,,,0,29,,19695,21,,,0,70,,19694,21,,,0,29,,19693,21,,,0,73,,19699,21,,,0,30,,19698,21,,,0,70,,19697,21,,,0,30,,19696,21,,,0,69,,19711,21,,,0,30,,19705,21,,,0,70,,19704,21,,,0,30,,19703,21,,,0,70,,19702,21,,,0,30,,19701,21,,,0,65,,19700,21,,,0
1029,'1797',607,,19719,21,,,0,28,,19731,21,,,0,70,,19738,21,,,0,30,,19726,21,,,0,70,,19747,21,,,0,30,,19735,21,,,0,70,,19718,21,,,0,31,,19730,21,,,0,70,,19741,21,,,0,30,,19725,21,,,0,70,,19748,21,,,0,30,,19734,21,,,0,70,,19717,21,,,0,30,,19729,21,,,0,70,,19740,21,,,0,30,,19724,21,,,0,70,,19720,21,,,0,30,,19733,21,,,0,70,,19716,21,,,0,30,,19728,21,,,0,69,,19736,21,,,0,30,,19723,21,,,0,70,,19745,21,,,0,30,,19732,21,,,0,70,,19715,21,,,0,30,,19727,21,,,0,70,,19739,21,,,0,30,,19721,21,,,0,70,,19743,21,,,0,30,,19742,21,,,0,70,,19714,21,,,0,30,,19722,21,,,0,68,,19737,21,,,0,30,,19746,21,,,0,70,,19744,21,,,0
1029,'1798',607,,19749,21,,,0,98,,19750,21,,,0,100,,19751,21,,,0,100,,19752,21,,,0,101,,19753,21,,,0,100,,19754,21,,,0,100,,19755,21,,,0,100,,19756,21,,,0,100,,19757,21,,,0,100,,19758,21,,,0,99,,19759,21,,,0,100,,19760,21,,,0,100,,19761,21,,,0,100,,19762,21,,,0,100,,19763,21,,,0,100,,19764,21,,,0,98,,19765,21,,,0,100,,19766,21,,,0
1029,'1799',607,,19767,21,,,0,98,,19768,21,,,0,100,,19769,21,,,0,100,,19770,21,,,0,101,,19771,21,,,0,100,,19772,21,,,0,100,,19773,21,,,0,100,,19774,21,,,0,100,,19775,21,,,0,100,,19776,21,,,0,99,,19777,21,,,0,100,,19778,21,,,0,100,,19779,21,,,0,100,,19780,21,,,0,100,,19781,21,,,0,100,,19782,21,,,0,98,,19783,21,,,0,100,,19784,21,,,0
1029,'1800',607,,19785,21,,,0,98,,19786,21,,,0,100,,19787,21,,,0,100,,19788,21,,,0,101,,19789,21,,,0,100,,19790,21,,,0,100,,19791,21,,,0,100,,19792,21,,,0,100,,19793,21,,,0,100,,19794,21,,,0,99,,19795,21,,,0,100,,19796,21,,,0,100,,19797,21,,,0,100,,19798,21,,,0,100,,19799,21,,,0,100,,19800,21,,,0,98,,19801,21,,,0,100,,19802,21,,,0
801019,'1796',556,,19113,5,0,12,0,70,,19121,5,0,12,0,20,,23244,5,0,12,0,65,,23241,5,0,12,0,15,,23243,5,0,12,0,19,,23240,5,0,12,0,60,,23242,5,0,12,0,20,,23247,5,0,12,0,25,,19091,5,0,12,0,71,,23225,5,0,12,0,30,,23226,5,0,12,0,70,,19094,5,0,12,0,30,,23227,5,0,12,0,70,,23228,5,0,12,0,30,,23229,5,0,12,0,70,,23230,5,0,12,0,30,,23231,5,0,12,0,70,,23232,5,0,12,0,30,,23233,5,0,12,0,70,,23234,5,0,12,0,30,,23245,5,0,12,0,70,,19123,5,0,12,0,25,,23235,5,0,12,0,60,,19104,5,0,12,0,20,,19124,5,0,12,0,20,,19105,5,0,12,0,60,,19106,5,0,12,0,20,,23248,5,0,12,0,20,,23236,5,0,12,0,60,,23246,5,0,12,0,20,,19119,5,0,12,0,25,,23237,5,0,12,0,70,,19109,5,0,12,0,30,,23238,5,0,12,0,70,,23239,5,0,12,0
801019,'1797',750,,23256,5,0,12,0,70,,19147,5,0,12,0,30,,19148,5,0,12,0,70,,23252,5,0,12,0,30,,19133,5,0,12,0,70,,19132,5,0,12,0,30,,23255,5,0,12,0,70,,19137,5,0,12,0,30,,19142,5,0,12,0,70,,23254,5,0,12,0,30,,19140,5,0,12,0,70,,19139,5,0,12,0,30,,23249,5,0,12,0,70,,19136,5,0,12,0,30,,19145,5,0,12,0,70,,23251,5,0,12,0,30,,19126,5,0,12,0,70,,19127,5,0,12,0,30,,23250,5,0,12,0,70,,19131,5,0,12,0,30,,19144,5,0,12,0,70,,23253,5,0,12,0,30,,19135,5,0,12,0,71,,19149,5,0,12,0,30,,23257,5,0,12,0,70,,19151,5,0,12,0
801019,'1798',750,,19165,5,0,12,0,70,,23259,5,0,12,0,30,,19169,5,0,12,0,70,,19158,5,0,12,0,30,,23258,5,0,12,0,70,,19163,5,0,12,0,30,,19176,5,0,12,0,70,,19167,5,0,12,0,30,,19164,5,0,12,0,70,,19173,5,0,12,0,30,,19159,5,0,12,0,70,,19170,5,0,12,0,30,,19172,5,0,12,0,70,,19168,5,0,12,0,30,,19155,5,0,12,0,70,,19174,5,0,12,0,30,,19160,5,0,12,0,70,,19156,5,0,12,0,30,,19171,5,0,12,0,70,,19154,5,0,12,0,30,,19157,5,0,12,0,70,,19175,5,0,12,0,30,,19152,5,0,12,0,71,,19162,5,0,12,0,30,,19177,5,0,12,0,70,,19166,5,0,12,0
801019,'1799',750,,19191,5,0,12,0,70,,23261,5,0,12,0,30,,19195,5,0,12,0,70,,19184,5,0,12,0,30,,23260,5,0,12,0,70,,19189,5,0,12,0,30,,19202,5,0,12,0,70,,19193,5,0,12,0,30,,19190,5,0,12,0,70,,19199,5,0,12,0,30,,19185,5,0,12,0,70,,19196,5,0,12,0,30,,19198,5,0,12,0,70,,19194,5,0,12,0,30,,19181,5,0,12,0,70,,19200,5,0,12,0,30,,19186,5,0,12,0,70,,19182,5,0,12,0,30,,19197,5,0,12,0,70,,19180,5,0,12,0,30,,19183,5,0,12,0,70,,19201,5,0,12,0,30,,19178,5,0,12,0,71,,19188,5,0,12,0,30,,19203,5,0,12,0,70,,19192,5,0,12,0
801019,'1800',750,,19217,5,0,12,0,70,,23263,5,0,12,0,30,,19221,5,0,12,0,70,,19210,5,0,12,0,30,,23262,5,0,12,0,70,,19215,5,0,12,0,30,,19228,5,0,12,0,70,,19219,5,0,12,0,30,,19216,5,0,12,0,70,,19225,5,0,12,0,30,,19211,5,0,12,0,70,,19222,5,0,12,0,30,,19224,5,0,12,0,70,,19220,5,0,12,0,30,,19207,5,0,12,0,70,,19226,5,0,12,0,30,,19212,5,0,12,0,70,,19208,5,0,12,0,30,,19223,5,0,12,0,70,,19206,5,0,12,0,30,,19209,5,0,12,0,70,,19227,5,0,12,0,30,,19204,5,0,12,0,71,,19214,5,0,12,0,30,,19229,5,0,12,0,70,,19218,5,0,12,0
