14019,'1796',514,,15534,4,,,0,100,,20690,4,,,0,40,,20670,4,,,0,70,,20678,4,,,0,28,,20671,4,,,0,62,,15518,4,,,0,30,,15506,4,,,0,70,,15519,4,,,0,30,,20672,4,,,0,70,,20679,4,,,0,30,,20673,4,,,0,70,,20680,4,,,0,30,,20674,4,,,0,70,,20681,4,,,0,30,,15510,4,,,0,70,,20682,4,,,0,30,,20675,4,,,0,70,,20683,4,,,0,30,,20676,4,,,0,70,,20684,4,,,0,40,,15513,4,,,0,70,,20685,4,,,0,30,,15514,4,,,0,70,,20686,4,,,0,30,,20677,4,,,0,60,,20687,4,,,0,30,,15516,4,,,0,70,,20688,4,,,0,30,,20691,4,,,0,70,,20689,4,,,0,92,,15531,4,,,0,100,,15532,4,,,0
14019,'1797',639,,20692,4,,,0,100,,20693,4,,,0,100,,20694,4,,,0,100,,20695,4,,,0,100,,20696,4,,,0,100,,20697,4,,,0,100,,15542,4,,,0,100,,20698,4,,,0,100,,15544,4,,,0,100,,15545,4,,,0,100,,20699,4,,,0,100,,20700,4,,,0,100,,20701,4,,,0,100,,20702,4,,,0,100,,20703,4,,,0,95,,15551,4,,,0,100,,15552,4,,,0
14019,'1798',639,,15566,4,,,0,100,,20716,4,,,0,100,,20705,4,,,0,100,,20706,4,,,0,100,,20707,4,,,0,100,,20708,4,,,0,100,,20709,4,,,0,100,,20710,4,,,0,100,,20711,4,,,0,100,,20712,4,,,0,100,,20713,4,,,0,100,,20714,4,,,0,100,,20715,4,,,0,100,,15554,4,,,0,95,,20704,4,,,0
14019,'1799',639,,15581,4,,,0,100,,20729,4,,,0,100,,20718,4,,,0,100,,20719,4,,,0,100,,20720,4,,,0,100,,20721,4,,,0,100,,20722,4,,,0,100,,20723,4,,,0,100,,20724,4,,,0,100,,20725,4,,,0,100,,20726,4,,,0,100,,20727,4,,,0,100,,20728,4,,,0,100,,15569,4,,,0,95,,20717,4,,,0
14019,'1800',639,,15596,4,,,0,100,,20742,4,,,0,100,,20731,4,,,0,100,,20732,4,,,0,100,,20733,4,,,0,100,,20734,4,,,0,100,,20735,4,,,0,100,,20736,4,,,0,100,,20737,4,,,0,100,,20738,4,,,0,100,,20739,4,,,0,100,,20740,4,,,0,100,,20741,4,,,0,100,,15584,4,,,0,95,,20730,4,,,0
14000001019,'1796',2353,,23379,2,,,0,70,,23377,2,,,0,30,,19496,2,,,0,70,,23378,2,,,0,30,,23376,2,,,0
14000001019,'1797',2353,,23383,2,,,0,70,,23380,2,,,0,30,,19502,2,,,0,70,,23382,2,,,0,30,,23381,2,,,0
14000001019,'1798',2353,,23386,2,,,0,70,,23385,2,,,0,30,,19504,2,,,0,70,,23387,2,,,0,30,,23384,2,,,0
14000001019,'1799',2353,,23390,2,,,0,70,,23389,2,,,0,30,,19509,2,,,0,70,,23391,2,,,0,30,,23388,2,,,0
14000001019,'1800',2353,,23394,2,,,0,70,,23393,2,,,0,30,,19514,2,,,0,70,,23395,2,,,0,30,,23392,2,,,0
