2019,'1796',501,,19803,23,0,5 2 13 14,0,136,,14015,32,,,0,70,,14016,32,,,0,30,,14017,32,,,0,70,,14018,32,,,0,31,,14019,32,,,0,69,,14020,32,,,0,30,,14021,32,,,0,70,,14022,32,,,0,30,,14023,32,,,0,70,,14024,32,,,0,30,,14025,32,,,0,70,,14026,32,,,0,30,,14027,32,,,0,70,,14028,32,,,0,30,,14029,32,,,0,70,,14030,32,,,0,31,,14031,32,,,0,70,,14032,32,,,0,30,,14033,32,,,0,70,,14034,32,,,0,30,,14035,32,,,0,69,,14036,32,,,0,30,,14037,32,,,0,70,,14038,32,,,0,30,,14039,32,,,0,70,,14045,32,,,0,30,,14040,32,,,0,100,,14041,32,,,0,100,,14042,32,,,0,100,,14043,32,,,0,101,,14044,32,,,0
2019,'1797',636,,14047,23,,,0,70,,14054,32,,,0,30,,14063,32,,,0,71,,14070,32,,,0,30,,14048,32,,,0,70,,14055,32,,,0,30,,14064,32,,,0,70,,14071,32,,,0,30,,14049,32,,,0,70,,14056,32,,,0,30,,14065,32,,,0,70,,14072,32,,,0,30,,14050,32,,,0,70,,14057,32,,,0,30,,14066,32,,,0,70,,14073,32,,,0,30,,14051,32,,,0,70,,14058,32,,,0,30,,14067,32,,,0,70,,14074,32,,,0,30,,14052,32,,,0,70,,14059,32,,,0,30,,14068,32,,,0,70,,14075,32,,,0,30,,14053,32,,,0,70,,14060,32,,,0,30,,14069,32,,,0,99,,14061,32,,,0,100,,14076,32,,,0,100,,14062,32,,,0,99,,14077,32,,,0
2019,'1798',706,,14105,32,,,0,30,,14082,32,,,0,70,,14086,32,,,0,30,,14098,32,,,0,71,,14093,32,,,0,30,,14083,32,,,0,70,,14087,32,,,0,30,,14099,32,,,0,70,,14094,32,,,0,30,,14084,32,,,0,70,,14088,32,,,0,30,,14100,32,,,0,70,,14095,32,,,0,30,,14085,32,,,0,70,,14089,32,,,0,30,,14101,32,,,0,70,,14096,32,,,0,30,,14080,32,,,0,70,,14090,32,,,0,30,,14102,32,,,0,70,,14097,32,,,0,30,,14078,32,,,0,70,,14091,32,,,0,30,,14103,32,,,0,100,,14079,32,,,0,99,,14104,32,,,0,100,,14081,32,,,0,100,,14092,32,,,0,99,,14106,32,,,0
2019,'1799',706,,14134,32,,,0,30,,14111,32,,,0,70,,14115,32,,,0,30,,14127,32,,,0,71,,14122,32,,,0,30,,14112,32,,,0,70,,14116,32,,,0,30,,14128,32,,,0,70,,14123,32,,,0,30,,14113,32,,,0,70,,14117,32,,,0,30,,14129,32,,,0,70,,14124,32,,,0,30,,14114,32,,,0,70,,14118,32,,,0,30,,14130,32,,,0,70,,14125,32,,,0,30,,14109,32,,,0,70,,14119,32,,,0,30,,14131,32,,,0,70,,14126,32,,,0,30,,14107,32,,,0,70,,14120,32,,,0,30,,14132,32,,,0,100,,14108,32,,,0,99,,14133,32,,,0,100,,14110,32,,,0,100,,14121,32,,,0,99,,14135,32,,,0
2019,'1800',706,,14163,32,,,0,30,,14140,32,,,0,70,,14144,32,,,0,30,,14156,32,,,0,71,,14151,32,,,0,30,,14141,32,,,0,70,,14145,32,,,0,30,,14157,32,,,0,70,,14152,32,,,0,30,,14142,32,,,0,70,,14146,32,,,0,30,,14158,32,,,0,70,,14153,32,,,0,30,,14143,32,,,0,70,,14147,32,,,0,30,,14159,32,,,0,70,,14154,32,,,0,30,,14138,32,,,0,70,,14148,32,,,0,30,,14160,32,,,0,70,,14155,32,,,0,30,,14136,32,,,0,70,,14149,32,,,0,30,,14161,32,,,0,100,,14137,32,,,0,99,,14162,32,,,0,100,,14139,32,,,0,100,,14150,32,,,0,99,,14164,32,,,0
702019,'1796',634,,22900,4,,,0,25,,18594,4,,,0,64,,18628,4,,,0,22,,18595,4,,,0,55,,22901,4,,,0,23,,18597,4,,,0,17,,18629,4,,,0,12,,18627,4,,,0,68,,18598,4,,,0,30,,18599,4,,,0,70,,18600,4,,,0,30,,18633,4,,,0,70,,18601,4,,,0,30,,22902,4,,,0,70,,18603,4,,,0,30,,22903,4,,,0,70,,22904,4,,,0,30,,22905,4,,,0,70,,18607,4,,,0,31,,22906,4,,,0,65,,18630,4,,,0,20,,18609,4,,,0,20,,22907,4,,,0,60,,22908,4,,,0,20,,22909,4,,,0,20,,22916,4,,,0,60,,22910,4,,,0,20,,22911,4,,,0,19,,22912,4,,,0,65,,18616,4,,,0,30,,18617,4,,,0,70,,22913,4,,,0,30,,18619,4,,,0,70,,18620,4,,,0,30,,22914,4,,,0,70,,18622,4,,,0,30,,18623,4,,,0,69,,18624,4,,,0,30,,22915,4,,,0,65,,18626,4,,,0,25,,18632,4,,,0
702019,'1797',649,,18661,4,,,0,71,,18663,4,,,0,30,,22944,4,,,0,70,,18660,4,,,0,30,,18662,4,,,0,70,,22942,4,,,0,30,,18667,4,,,0,70,,22943,4,,,0,30,,22923,4,,,0,70,,18647,4,,,0,30,,22936,4,,,0,70,,22917,4,,,0,30,,22924,4,,,0,70,,22930,4,,,0,30,,22937,4,,,0,70,,22918,4,,,0,30,,22925,4,,,0,70,,22931,4,,,0,30,,22938,4,,,0,70,,22919,4,,,0,30,,22926,4,,,0,70,,22932,4,,,0,30,,22939,4,,,0,70,,22920,4,,,0,30,,22927,4,,,0,70,,22933,4,,,0,30,,22940,4,,,0,70,,22921,4,,,0,30,,22928,4,,,0,69,,22934,4,,,0,30,,22941,4,,,0,70,,22922,4,,,0,30,,22929,4,,,0,65,,22935,4,,,0,25,,22945,4,,,0
702019,'1798',649,,22966,4,,,0,71,,22956,4,,,0,30,,22976,4,,,0,70,,22962,4,,,0,30,,22955,4,,,0,70,,22975,4,,,0,30,,22965,4,,,0,70,,22954,4,,,0,30,,18695,4,,,0,70,,22961,4,,,0,30,,22953,4,,,0,70,,22967,4,,,0,30,,18680,4,,,0,70,,22952,4,,,0,30,,22974,4,,,0,70,,22960,4,,,0,30,,22951,4,,,0,70,,22971,4,,,0,30,,22964,4,,,0,70,,22950,4,,,0,30,,22970,4,,,0,70,,22959,4,,,0,30,,22949,4,,,0,70,,22969,4,,,0,30,,22958,4,,,0,70,,22948,4,,,0,30,,22973,4,,,0,70,,22957,4,,,0,30,,22947,4,,,0,69,,22972,4,,,0,30,,22963,4,,,0,70,,22946,4,,,0,30,,22968,4,,,0,65,,22977,4,,,0,25,,22978,4,,,0
702019,'1799',649,,22999,4,,,0,71,,22989,4,,,0,30,,23009,4,,,0,70,,22995,4,,,0,30,,22988,4,,,0,70,,23008,4,,,0,30,,22998,4,,,0,70,,22987,4,,,0,30,,18730,4,,,0,70,,22994,4,,,0,30,,22986,4,,,0,70,,23000,4,,,0,30,,18715,4,,,0,70,,22985,4,,,0,30,,23007,4,,,0,70,,22993,4,,,0,30,,22984,4,,,0,70,,23004,4,,,0,30,,22997,4,,,0,70,,22983,4,,,0,30,,23003,4,,,0,70,,22992,4,,,0,30,,22982,4,,,0,70,,23002,4,,,0,30,,22991,4,,,0,70,,22981,4,,,0,30,,23006,4,,,0,70,,22990,4,,,0,30,,22980,4,,,0,69,,23005,4,,,0,30,,22996,4,,,0,70,,22979,4,,,0,30,,23001,4,,,0,65,,23010,4,,,0,25,,23011,4,,,0
702019,'1800',649,,23032,4,,,0,71,,23022,4,,,0,30,,23042,4,,,0,70,,23028,4,,,0,30,,23021,4,,,0,70,,23041,4,,,0,30,,23031,4,,,0,70,,23020,4,,,0,30,,18765,4,,,0,70,,23027,4,,,0,30,,23019,4,,,0,70,,23033,4,,,0,30,,18750,4,,,0,70,,23018,4,,,0,30,,23040,4,,,0,70,,23026,4,,,0,30,,23017,4,,,0,70,,23037,4,,,0,30,,23030,4,,,0,70,,23016,4,,,0,30,,23036,4,,,0,70,,23025,4,,,0,30,,23015,4,,,0,70,,23035,4,,,0,30,,23024,4,,,0,70,,23014,4,,,0,30,,23039,4,,,0,70,,23023,4,,,0,30,,23013,4,,,0,69,,23038,4,,,0,30,,23029,4,,,0,70,,23012,4,,,0,30,,23034,4,,,0,65,,23043,4,,,0,25,,23044,4,,,0
14000001019,'1796',2430,,23379,39,,,0,70,,23377,39,,,0,30,,19496,39,,,0,70,,23378,39,,,0,30,,23376,39,,,0
14000001019,'1797',2430,,23383,39,,,0,70,,23380,39,,,0,30,,19502,39,,,0,70,,23382,39,,,0,30,,23381,39,,,0
14000001019,'1798',2430,,23386,39,,,0,70,,23385,39,,,0,30,,19504,39,,,0,70,,23387,39,,,0,30,,23384,39,,,0
14000001019,'1799',2430,,23390,39,,,0,70,,23389,39,,,0,30,,19509,39,,,0,70,,23391,39,,,0,30,,23388,39,,,0
14000001019,'1800',2430,,23394,39,,,0,70,,23393,39,,,0,30,,19514,39,,,0,70,,23395,39,,,0,30,,23392,39,,,0
