12029,'1796',641,,15406,2,,,0,70,,15407,2,,,0,30,,15408,2,,,0,70,,15409,2,,,0,30,,15410,2,,,0,602,,15411,2,,,0,70,,15412,2,,,0,30,,15413,2,,,0,70,,15414,2,,,0,30,,15415,2,,,0,70,,15416,2,,,0,30,,15417,2,,,0,70,,15418,2,,,0
31019,'1796',606,,21409,14,,,0,26,,21404,14,,,0,25,,21374,26,,,0,73,,21389,26,,,0,29,,21402,26,,,0,70,,21385,26,,,0,30,,21382,26,,,0,69,,21396,26,,,0,30,,21377,26,,,0,72,,21390,26,,,0,28,,21401,26,,,0,70,,21388,26,,,0,30,,21383,26,,,0,70,,21395,26,,,0,30,,21376,26,,,0,70,,21391,26,,,0,30,,21400,26,,,0,70,,21386,26,,,0,30,,21380,26,,,0,71,,21394,26,,,0,30,,21378,26,,,0,70,,21392,26,,,0,30,,21399,26,,,0,69,,21387,26,,,0,30,,21381,26,,,0,70,,21393,26,,,0,30,,21375,26,,,0,70,,21410,26,,,0,30,,21398,26,,,0,100,,21384,26,,,0,99,,21379,26,,,0,100,,21397,26,,,0
31019,'1797',606,,21446,14,,,0,26,,21439,14,,,0,24,,21416,26,,,0,70,,21432,26,,,0,30,,21445,26,,,0,71,,21428,26,,,0,30,,21422,26,,,0,70,,21438,26,,,0,30,,21415,26,,,0,70,,21431,26,,,0,30,,21440,26,,,0,71,,21427,26,,,0,30,,21421,26,,,0,70,,21437,26,,,0,30,,21414,26,,,0,70,,21430,26,,,0,30,,21443,26,,,0,70,,21426,26,,,0,30,,21420,26,,,0,70,,21436,26,,,0,30,,21413,26,,,0,70,,21429,26,,,0,30,,21442,26,,,0,70,,21425,26,,,0,30,,21419,26,,,0,70,,21435,26,,,0,30,,21412,26,,,0,70,,21447,26,,,0,30,,21441,26,,,0,99,,21418,26,,,0,99,,21411,26,,,0,100,,21444,26,,,0
31019,'1798',606,,21465,14,,,0,50,,21448,26,,,0,100,,21449,26,,,0,101,,21450,26,,,0,100,,21451,26,,,0,100,,21452,26,,,0,101,,21453,26,,,0,100,,21454,26,,,0,100,,21455,26,,,0,100,,21456,26,,,0,100,,21457,26,,,0,100,,21458,26,,,0,100,,21459,26,,,0,100,,21460,26,,,0,100,,21461,26,,,0,99,,21462,26,,,0,99,,21463,26,,,0,100,,21464,26,,,0
31019,'1799',606,,21484,14,,,0,50,,21467,26,,,0,100,,21468,26,,,0,101,,21469,26,,,0,100,,21470,26,,,0,100,,21471,26,,,0,101,,21472,26,,,0,100,,21473,26,,,0,100,,21474,26,,,0,100,,21475,26,,,0,100,,21476,26,,,0,100,,21477,26,,,0,100,,21478,26,,,0,100,,21479,26,,,0,100,,21480,26,,,0,99,,21481,26,,,0,99,,21482,26,,,0,100,,21483,26,,,0
31019,'1800',606,,21503,14,,,0,50,,21486,26,,,0,100,,21487,26,,,0,101,,21488,26,,,0,100,,21489,26,,,0,100,,21490,26,,,0,101,,21491,26,,,0,100,,21492,26,,,0,100,,21493,26,,,0,100,,21494,26,,,0,100,,21495,26,,,0,100,,21496,26,,,0,100,,21497,26,,,0,100,,21498,26,,,0,100,,21499,26,,,0,99,,21500,26,,,0,99,,21501,26,,,0,100,,21502,26,,,0
602019,'1796',611,,17998,2,,,0,25,,17974,3,0,19 2 11 2 24 1 25 26,0,20,,17988,3,0,19 2 11 2 24 1 25 26,0,53,,22573,3,0,19 2 11 2 24 1 25 26,0,15,,17973,3,0,19 2 11 2 24 1 25 26,0,15,,22570,3,0,19 2 11 2 24 1 25 26,0,15,,17987,3,0,19 2 11 2 24 1 25 26,0,55,,22572,3,0,19 2 11 2 24 1 25 26,0,15,,18000,3,0,19 2 11 2 24 1 25 26,0,15,,22571,3,0,19 2 11 2 24 1 25 26,0,15,,17997,3,,,0,63,,18006,3,,,0,30,,18004,3,,,0,70,,18011,3,,,0,30,,18009,3,,,0,70,,18005,3,,,0,30,,18003,3,,,0,70,,18010,3,,,0,30,,18001,3,,,0,70,,18007,3,,,0,30,,18002,3,,,0,70,,18008,3,,,0,20,,17984,3,0,19 2 11 2 24 1 25 26,0,15,,17993,3,0,19 2 11 2 24 1 25 26,0,55,,17985,3,0,19 2 11 2 24 1 25 26,0,15,,17992,3,0,19 2 11 2 24 1 25 26,0,15,,17978,3,0,19 2 11 2 24 1 25 26,0,15,,17991,3,0,19 2 11 2 24 1 25 26,0,55,,17983,3,0,19 2 11 2 24 1 25 26,0,15,,17995,3,0,19 2 11 2 24 1 25 26,0,15,,17982,3,0,19 2 11 2 24 1 25 26,0,15,,17990,3,0,19 2 11 2 24 1 25 26,0,55,,17979,3,0,19 2 11 2 24 1 25 26,0,15,,17994,3,0,19 2 11 2 24 1 25 26,0,15,,17975,3,0,19 2 11 2 24 1 25 26,0,15,,17999,3,0,19 2 11 2 24 1 25 26,0,55,,17980,3,0,19 2 11 2 24 1 25 26,0,15,,17989,3,,,0,17,,17963,3,,,0,70,,17964,3,,,0,12,,17996,3,,,0,18,,17969,3,,,0,70,,17967,3,,,0,30,,17968,3,,,0,70,,17972,3,,,0,30,,17965,3,,,0,70,,17970,3,,,0,30,,17966,3,,,0,76,,17971,3,,,0
602019,'1797',621,,18046,2,,,0,25,,18028,3,,,0,70,,18045,3,,,0,30,,18027,3,,,0,70,,18044,3,,,0,30,,18026,3,,,0,70,,18043,3,,,0,30,,18025,3,,,0,70,,18042,3,,,0,30,,18024,3,,,0,70,,18041,3,,,0,30,,18022,3,,,0,70,,18040,3,,,0,30,,18023,3,,,0,70,,18038,3,,,0,30,,18021,3,,,0,70,,18039,3,,,0,30,,18014,3,,,0,70,,18037,3,,,0,30,,18015,3,,,0,70,,18036,3,,,0,30,,18013,3,,,0,70,,18035,3,,,0,30,,18016,3,,,0,70,,18034,3,,,0,30,,18019,3,,,0,70,,18032,3,,,0,30,,18020,3,,,0,70,,18033,3,,,0,30,,18018,3,,,0,70,,18030,3,,,0,30,,18017,3,,,0,70,,18031,3,,,0,30,,18012,3,,,0,70,,18029,3,,,0
602019,'1798',2216,,18049,3,,,0,30,,18048,3,,,0,70,,18047,3,,,0
602019,'1799',621,,18078,2,,,0,25,,18075,3,,,0,70,,18060,3,,,0,30,,18064,3,,,0,70,,18079,3,,,0,30,,18055,3,,,0,70,,18051,3,,,0,30,,18074,3,,,0,70,,18071,3,,,0,30,,18065,3,,,0,70,,18073,3,,,0,30,,18083,3,,,0,70,,18072,3,,,0,30,,18052,3,,,0,70,,18081,3,,,0,30,,18082,3,,,0,70,,18050,3,,,0,30,,18076,3,,,0,70,,18059,3,,,0,30,,18061,3,,,0,70,,18084,3,,,0,30,,18066,3,,,0,70,,18056,3,,,0,30,,18069,3,,,0,70,,18080,3,,,0,30,,18054,3,,,0,70,,18058,3,,,0,30,,18067,3,,,0,70,,18057,3,,,0,30,,18070,3,,,0,70,,18063,3,,,0,30,,18077,3,,,0,70,,18062,3,,,0,30,,18068,3,,,0,70,,18053,3,,,0
602019,'1800',2216,,18087,3,,,0,30,,18086,3,,,0,70,,18085,3,,,0
