1029,'1796',612,,19689,31,,,0,31,,13901,31,,,0,67,,19709,31,,,0,31,,19686,31,,,0,70,,19681,31,,,0,30,,19713,31,,,0,69,,19684,31,,,0,30,,19690,31,,,0,70,,19708,31,,,0,30,,19688,31,,,0,70,,19680,31,,,0,30,,19712,31,,,0,70,,19685,31,,,0,29,,19691,31,,,0,70,,19707,31,,,0,30,,19687,31,,,0,71,,19682,31,,,0,31,,19710,31,,,0,72,,19683,31,,,0,30,,19692,31,,,0,69,,19706,31,,,0,29,,19695,31,,,0,70,,19694,31,,,0,29,,19693,31,,,0,72,,19699,31,,,0,30,,19698,31,,,0,70,,19697,31,,,0,30,,19696,31,,,0,69,,19711,31,,,0,30,,19705,31,,,0,70,,19704,31,,,0,30,,19703,31,,,0,70,,19702,31,,,0,30,,19701,31,,,0,65,,19700,31,,,0
1029,'1797',612,,19719,31,,,0,28,,19731,31,,,0,70,,19738,31,,,0,30,,19726,31,,,0,70,,19747,31,,,0,30,,19735,31,,,0,71,,19718,31,,,0,31,,19730,31,,,0,70,,19741,31,,,0,30,,19725,31,,,0,70,,19748,31,,,0,30,,19734,31,,,0,70,,19717,31,,,0,30,,19729,31,,,0,70,,19740,31,,,0,30,,19724,31,,,0,70,,19720,31,,,0,30,,19733,31,,,0,70,,19716,31,,,0,30,,19728,31,,,0,69,,19736,31,,,0,30,,19723,31,,,0,70,,19745,31,,,0,30,,19732,31,,,0,70,,19715,31,,,0,30,,19727,31,,,0,70,,19739,31,,,0,30,,19721,31,,,0,70,,19743,31,,,0,30,,19742,31,,,0,70,,19714,31,,,0,30,,19722,31,,,0,67,,19737,31,,,0,30,,19746,31,,,0,70,,19744,31,,,0
1029,'1798',612,,19749,31,,,0,98,,19750,31,,,0,100,,19751,31,,,0,101,,19752,31,,,0,101,,19753,31,,,0,100,,19754,31,,,0,100,,19755,31,,,0,100,,19756,31,,,0,100,,19757,31,,,0,100,,19758,31,,,0,99,,19759,31,,,0,100,,19760,31,,,0,100,,19761,31,,,0,100,,19762,31,,,0,100,,19763,31,,,0,100,,19764,31,,,0,97,,19765,31,,,0,100,,19766,31,,,0
1029,'1799',612,,19767,31,,,0,98,,19768,31,,,0,100,,19769,31,,,0,101,,19770,31,,,0,101,,19771,31,,,0,100,,19772,31,,,0,100,,19773,31,,,0,100,,19774,31,,,0,100,,19775,31,,,0,100,,19776,31,,,0,99,,19777,31,,,0,100,,19778,31,,,0,100,,19779,31,,,0,100,,19780,31,,,0,100,,19781,31,,,0,100,,19782,31,,,0,97,,19783,31,,,0,100,,19784,31,,,0
1029,'1800',612,,19785,31,,,0,98,,19786,31,,,0,100,,19787,31,,,0,101,,19788,31,,,0,101,,19789,31,,,0,100,,19790,31,,,0,100,,19791,31,,,0,100,,19792,31,,,0,100,,19793,31,,,0,100,,19794,31,,,0,99,,19795,31,,,0,100,,19796,31,,,0,100,,19797,31,,,0,100,,19798,31,,,0,100,,19799,31,,,0,100,,19800,31,,,0,97,,19801,31,,,0,100,,19802,31,,,0
31019,'1796',604,,21409,11,,,0,26,,21404,11,,,0,25,,21374,23,,,0,72,,21389,23,,,0,29,,21402,23,,,0,70,,21385,23,,,0,30,,21382,23,,,0,69,,21396,23,,,0,30,,21377,23,,,0,72,,21390,23,,,0,28,,21401,23,,,0,70,,21388,23,,,0,30,,21383,23,,,0,70,,21395,23,,,0,30,,21376,23,,,0,70,,21391,23,,,0,30,,21400,23,,,0,70,,21386,23,,,0,30,,21380,23,,,0,71,,21394,23,,,0,30,,21378,23,,,0,70,,21392,23,,,0,30,,21399,23,,,0,69,,21387,23,,,0,30,,21381,23,,,0,71,,21393,23,,,0,30,,21375,23,,,0,70,,21410,23,,,0,30,,21398,23,,,0,100,,21384,23,,,0,99,,21379,23,,,0,100,,21397,23,,,0
31019,'1797',604,,21446,11,,,0,26,,21439,11,,,0,24,,21416,23,,,0,70,,21432,23,,,0,30,,21445,23,,,0,71,,21428,23,,,0,30,,21422,23,,,0,70,,21438,23,,,0,30,,21415,23,,,0,70,,21431,23,,,0,30,,21440,23,,,0,71,,21427,23,,,0,30,,21421,23,,,0,70,,21437,23,,,0,30,,21414,23,,,0,70,,21430,23,,,0,30,,21443,23,,,0,70,,21426,23,,,0,30,,21420,23,,,0,70,,21436,23,,,0,30,,21413,23,,,0,70,,21429,23,,,0,30,,21442,23,,,0,70,,21425,23,,,0,30,,21419,23,,,0,70,,21435,23,,,0,30,,21412,23,,,0,70,,21447,23,,,0,30,,21441,23,,,0,99,,21418,23,,,0,99,,21411,23,,,0,100,,21444,23,,,0
31019,'1798',604,,21465,11,,,0,50,,21448,23,,,0,100,,21449,23,,,0,101,,21450,23,,,0,100,,21451,23,,,0,100,,21452,23,,,0,101,,21453,23,,,0,100,,21454,23,,,0,100,,21455,23,,,0,100,,21456,23,,,0,100,,21457,23,,,0,100,,21458,23,,,0,100,,21459,23,,,0,100,,21460,23,,,0,100,,21461,23,,,0,99,,21462,23,,,0,99,,21463,23,,,0,100,,21464,23,,,0
31019,'1799',604,,21484,11,,,0,50,,21467,23,,,0,100,,21468,23,,,0,101,,21469,23,,,0,100,,21470,23,,,0,100,,21471,23,,,0,101,,21472,23,,,0,100,,21473,23,,,0,100,,21474,23,,,0,100,,21475,23,,,0,100,,21476,23,,,0,100,,21477,23,,,0,100,,21478,23,,,0,100,,21479,23,,,0,100,,21480,23,,,0,99,,21481,23,,,0,99,,21482,23,,,0,100,,21483,23,,,0
31019,'1800',604,,21503,11,,,0,50,,21486,23,,,0,100,,21487,23,,,0,101,,21488,23,,,0,100,,21489,23,,,0,100,,21490,23,,,0,101,,21491,23,,,0,100,,21492,23,,,0,100,,21493,23,,,0,100,,21494,23,,,0,100,,21495,23,,,0,100,,21496,23,,,0,100,,21497,23,,,0,100,,21498,23,,,0,100,,21499,23,,,0,99,,21500,23,,,0,99,,21501,23,,,0,100,,21502,23,,,0
