1029,'1796',620,,19689,40,,,0,30,,13901,40,,,0,70,,19709,40,,,0,30,,19686,40,,,0,70,,19681,40,,,0,30,,19713,40,,,0,70,,19684,40,,,0,30,,19690,40,,,0,70,,19708,40,,,0,30,,19688,40,,,0,70,,19680,40,,,0,30,,19712,40,,,0,70,,19685,40,,,0,30,,19691,40,,,0,70,,19707,40,,,0,30,,19687,40,,,0,70,,19682,40,,,0,30,,19710,40,,,0,70,,19683,40,,,0,30,,19692,40,,,0,70,,19706,40,,,0,30,,19695,40,,,0,70,,19694,40,,,0,30,,19693,40,,,0,70,,19699,40,,,0,30,,19698,40,,,0,70,,19697,40,,,0,30,,19696,40,,,0,70,,19711,40,,,0,30,,19705,40,,,0,70,,19704,40,,,0,30,,19703,40,,,0,70,,19702,40,,,0,30,,19701,40,,,0,65,,19700,40,,,0
1029,'1797',620,,19719,40,,,0,30,,19731,40,,,0,70,,19738,40,,,0,30,,19726,40,,,0,70,,19747,40,,,0,30,,19735,40,,,0,69,,19718,40,,,0,31,,19730,40,,,0,70,,19741,40,,,0,30,,19725,40,,,0,70,,19748,40,,,0,30,,19734,40,,,0,70,,19717,40,,,0,30,,19729,40,,,0,70,,19740,40,,,0,30,,19724,40,,,0,70,,19720,40,,,0,30,,19733,40,,,0,70,,19716,40,,,0,30,,19728,40,,,0,70,,19736,40,,,0,30,,19723,40,,,0,70,,19745,40,,,0,30,,19732,40,,,0,70,,19715,40,,,0,30,,19727,40,,,0,70,,19739,40,,,0,30,,19721,40,,,0,70,,19743,40,,,0,30,,19742,40,,,0,70,,19714,40,,,0,30,,19722,40,,,0,70,,19737,40,,,0,30,,19746,40,,,0,65,,19744,40,,,0
1029,'1798',620,,19749,40,,,0,100,,19750,40,,,0,100,,19751,40,,,0,100,,19752,40,,,0,100,,19753,40,,,0,100,,19754,40,,,0,100,,19755,40,,,0,100,,19756,40,,,0,100,,19757,40,,,0,100,,19758,40,,,0,100,,19759,40,,,0,100,,19760,40,,,0,100,,19761,40,,,0,100,,19762,40,,,0,100,,19763,40,,,0,100,,19764,40,,,0,100,,19765,40,,,0,95,,19766,40,,,0
1029,'1799',620,,19767,40,,,0,100,,19768,40,,,0,100,,19769,40,,,0,100,,19770,40,,,0,100,,19771,40,,,0,100,,19772,40,,,0,100,,19773,40,,,0,100,,19774,40,,,0,100,,19775,40,,,0,100,,19776,40,,,0,100,,19777,40,,,0,100,,19778,40,,,0,100,,19779,40,,,0,100,,19780,40,,,0,100,,19781,40,,,0,100,,19782,40,,,0,100,,19783,40,,,0,95,,19784,40,,,0
1029,'1800',620,,19785,40,,,0,100,,19786,40,,,0,100,,19787,40,,,0,100,,19788,40,,,0,100,,19789,40,,,0,100,,19790,40,,,0,100,,19791,40,,,0,100,,19792,40,,,0,100,,19793,40,,,0,100,,19794,40,,,0,100,,19795,40,,,0,100,,19796,40,,,0,100,,19797,40,,,0,100,,19798,40,,,0,100,,19799,40,,,0,100,,19800,40,,,0,100,,19801,40,,,0,95,,19802,40,,,0
2029,'1796',538,,14191,22,,,0,67,,14165,37,,,0,30,,14166,37,,,0,70,,14167,37,,,0,30,,14168,37,,,0,70,,14169,37,,,0,30,,14170,37,,,0,70,,14171,37,,,0,30,,14172,37,,,0,70,,14173,37,,,0,30,,14174,37,,,0,70,,14175,37,,,0,30,,14176,37,,,0,70,,14177,37,,,0,30,,14178,37,,,0,70,,14179,37,,,0,30,,14180,37,,,0,70,,14181,37,,,0,30,,14182,37,,,0,70,,14183,37,,,0,30,,14184,37,,,0,70,,14185,37,,,0,30,,14186,37,,,0,70,,14187,37,,,0,30,,14188,37,,,0,70,,14189,37,,,0,30,,14190,37,,,0,70,,14194,37,,,0,30,,14195,37,,,0,100,,14196,37,,,0,100,,14197,37,,,0,100,,14193,37,,,0
2029,'1797',605,,14231,37,0,5 2 15 16 17,0,30,,14214,37,,,0,70,,14221,37,,,0,30,,14200,37,,,0,70,,14206,37,,,0,30,,14215,37,,,0,70,,14222,37,,,0,30,,14201,37,,,0,70,,14207,37,,,0,30,,14216,37,,,0,70,,14223,37,,,0,30,,14202,37,,,0,70,,14208,37,,,0,30,,14217,37,,,0,70,,14224,37,,,0,30,,14203,37,,,0,70,,14209,37,,,0,30,,14218,37,,,0,70,,14225,37,,,0,30,,14204,37,,,0,70,,14210,37,,,0,30,,14219,37,,,0,70,,14226,37,,,0,30,,14205,37,,,0,70,,14211,37,,,0,30,,14220,37,,,0,70,,14227,37,,,0,30,,14212,37,,,0,100,,14228,37,,,0,100,,14213,37,,,0,100,,14229,37,,,0
2029,'1798',635,,14235,37,,,0,70,,14243,37,,,0,30,,14254,37,,,0,70,,14249,37,,,0,30,,14236,37,,,0,70,,14244,37,,,0,30,,14255,37,,,0,70,,14250,37,,,0,30,,14237,37,,,0,70,,14245,37,,,0,30,,14256,37,,,0,70,,14251,37,,,0,30,,14238,37,,,0,70,,14246,37,,,0,30,,14257,37,,,0,70,,14252,37,,,0,30,,14239,37,,,0,70,,14247,37,,,0,30,,14258,37,,,0,70,,14253,37,,,0,30,,14240,37,,,0,70,,14248,37,,,0,30,,14259,37,,,0,100,,14241,37,,,0,100,,14260,37,,,0,100,,14242,37,,,0,100,,14261,37,,,0,100,,14234,37,,,0
2029,'1799',635,,14267,37,,,0,70,,14275,37,,,0,30,,14286,37,,,0,70,,14281,37,,,0,30,,14268,37,,,0,70,,14276,37,,,0,30,,14287,37,,,0,70,,14282,37,,,0,30,,14269,37,,,0,70,,14277,37,,,0,30,,14288,37,,,0,70,,14283,37,,,0,30,,14270,37,,,0,70,,14278,37,,,0,30,,14289,37,,,0,70,,14284,37,,,0,30,,14271,37,,,0,70,,14279,37,,,0,30,,14290,37,,,0,70,,14285,37,,,0,30,,14272,37,,,0,70,,14280,37,,,0,30,,14291,37,,,0,100,,14273,37,,,0,100,,14292,37,,,0,100,,14274,37,,,0,100,,14293,37,,,0,100,,14266,37,,,0
2029,'1800',635,,14299,37,,,0,70,,14307,37,,,0,30,,14318,37,,,0,70,,14313,37,,,0,30,,14300,37,,,0,70,,14308,37,,,0,30,,14319,37,,,0,70,,14314,37,,,0,30,,14301,37,,,0,70,,14309,37,,,0,30,,14320,37,,,0,70,,14315,37,,,0,30,,14302,37,,,0,70,,14310,37,,,0,30,,14321,37,,,0,70,,14316,37,,,0,30,,14303,37,,,0,70,,14311,37,,,0,30,,14322,37,,,0,70,,14317,37,,,0,30,,14304,37,,,0,70,,14312,37,,,0,30,,14323,37,,,0,100,,14305,37,,,0,100,,14324,37,,,0,100,,14306,37,,,0,100,,14325,37,,,0,100,,14298,37,,,0
14000001029,'1796',442,,19519,21,0,18 7,0,102,,23396,21,0,18 7,0,1812,,23398,21,,,0,70,,19523,21,,,0,30,,23400,21,,,0,70,,23397,21,,,0,30,,19524,21,,,0,70,,23399,21,,,0
14000001029,'1797',544,,19531,21,0,18 7,0,1812,,23404,21,,,0,70,,19528,21,,,0,30,,23401,21,,,0,70,,23402,21,,,0,30,,19532,21,,,0,70,,23403,21,,,0
14000001029,'1798',544,,23409,21,0,18 7,0,1812,,23405,21,,,0,70,,19538,21,,,0,30,,23408,21,,,0,70,,23407,21,,,0,30,,19537,21,,,0,70,,23406,21,,,0
14000001029,'1799',544,,23414,21,0,18 7,0,1812,,23410,21,,,0,70,,19545,21,,,0,30,,23413,21,,,0,70,,23412,21,,,0,30,,19544,21,,,0,70,,23411,21,,,0
14000001029,'1800',544,,23419,21,0,18 7,0,1812,,23415,21,,,0,70,,19552,21,,,0,30,,23418,21,,,0,70,,23417,21,,,0,30,,19551,21,,,0,70,,23416,21,,,0
