7029,'1796',509,,15002,9,,,0,100,,15003,9,,,0,31,,20395,9,,,0,72,,15005,9,,,0,30,,15006,9,,,0,70,,15007,9,,,0,30,,20396,9,,,0,69,,20397,9,,,0,30,,20398,9,,,0,70,,20399,9,,,0,30,,20400,9,,,0,71,,20401,9,,,0,30,,15014,9,,,0,70,,20392,9,,,0,30,,20393,9,,,0,70,,20394,9,,,0,31,,20391,9,,,0,70,,14996,9,,,0,30,,15001,9,,,0,70,,20402,9,,,0,30,,20403,9,,,0,70,,20404,9,,,0,29,,15018,9,,,0,70,,20405,9,,,0,29,,15020,9,,,0,70,,15021,9,,,0,30,,20406,9,,,0,70,,20407,9,,,0,30,,20408,9,,,0,70,,15025,9,,,0,98,,15026,9,,,0,100,,15027,9,,,0,100,,15028,9,,,0
7029,'1797',642,,20409,9,,,0,70,,20420,9,,,0,30,,20410,9,,,0,69,,20421,9,,,0,30,,20411,9,,,0,70,,15045,9,,,0,30,,20412,9,,,0,70,,20422,9,,,0,30,,20413,9,,,0,70,,20423,9,,,0,30,,15034,9,,,0,70,,15048,9,,,0,30,,20414,9,,,0,70,,20424,9,,,0,30,,15036,9,,,0,71,,20425,9,,,0,30,,15037,9,,,0,70,,15051,9,,,0,30,,20415,9,,,0,69,,20426,9,,,0,30,,20416,9,,,0,70,,20427,9,,,0,30,,20417,9,,,0,70,,15054,9,,,0,30,,20418,9,,,0,70,,20428,9,,,0,30,,20419,9,,,0,68,,20429,9,,,0,100,,15057,9,,,0,100,,15058,9,,,0,100,,15059,9,,,0,30,,20430,9,0,13 14,0
7029,'1798',711,,15063,9,,,0,100,,15064,9,,,0,100,,20432,9,,,0,100,,15066,9,,,0,100,,15067,9,,,0,100,,20433,9,,,0,100,,15069,9,,,0,101,,15070,9,,,0,100,,20434,9,,,0,99,,15072,9,,,0,100,,15073,9,,,0,100,,20435,9,,,0,100,,15075,9,,,0,98,,15076,9,,,0,100,,20431,9,,,0,230,,20436,9,0,13 14,0
7029,'1799',711,,15079,9,,,0,100,,15080,9,,,0,100,,20438,9,,,0,100,,15082,9,,,0,100,,15083,9,,,0,100,,20439,9,,,0,100,,15085,9,,,0,101,,15086,9,,,0,100,,20440,9,,,0,99,,15088,9,,,0,100,,15089,9,,,0,100,,20441,9,,,0,100,,15091,9,,,0,98,,15092,9,,,0,100,,20437,9,,,0,230,,20442,9,0,13 14,0
7029,'1800',711,,15095,9,,,0,100,,15096,9,,,0,100,,20444,9,,,0,100,,15098,9,,,0,100,,15099,9,,,0,100,,20445,9,,,0,100,,15101,9,,,0,101,,15102,9,,,0,100,,20446,9,,,0,99,,15104,9,,,0,100,,15105,9,,,0,100,,20447,9,,,0,100,,15107,9,,,0,98,,15108,9,,,0,100,,20443,9,,,0,230,,20448,9,0,13 14,0
20007019,'1796',545,,19415,9,,,0,1494,,23319,9,,,0,100,,23320,9,,,0,100,,19418,9,,,0,100,,23322,9,,,0,100,,23321,9,,,0
20007019,'1797',2039,,23323,9,,,0,100,,23324,9,,,0,100,,19423,9,,,0
20007019,'1798',641,,23341,9,,,0,200,,23327,9,,,0,100,,23328,9,,,0,100,,23329,9,,,0,100,,23330,9,,,0,100,,23331,9,,,0,100,,23332,9,,,0,101,,23333,9,,,0,100,,23334,9,,,0,99,,23335,9,,,0,100,,23336,9,,,0,100,,23337,9,,,0,100,,23338,9,,,0,98,,23339,9,,,0,100,,23340,9,,,0,70,,19440,9,,,0,30,,23326,9,,,0,70,,23325,9,,,0
20007019,'1799',641,,23358,9,,,0,200,,23344,9,,,0,100,,23345,9,,,0,100,,23346,9,,,0,100,,23347,9,,,0,100,,23348,9,,,0,100,,23349,9,,,0,101,,23350,9,,,0,100,,23351,9,,,0,99,,23352,9,,,0,100,,23353,9,,,0,100,,23354,9,,,0,100,,23355,9,,,0,98,,23356,9,,,0,100,,23357,9,,,0,70,,19458,9,,,0,30,,23343,9,,,0,70,,23342,9,,,0
20007019,'1800',641,,23375,9,,,0,200,,23361,9,,,0,100,,23362,9,,,0,100,,23363,9,,,0,100,,23364,9,,,0,100,,23365,9,,,0,100,,23366,9,,,0,101,,23367,9,,,0,100,,23368,9,,,0,99,,23369,9,,,0,100,,23370,9,,,0,100,,23371,9,,,0,100,,23372,9,,,0,98,,23373,9,,,0,100,,23374,9,,,0,70,,19476,9,,,0,30,,23360,9,,,0,70,,23359,9,,,0
