2019,'1796',659,,14015,49,4,,0,68,,14016,49,4,,0,30,,14017,49,4,,0,72,,14018,49,4,,0,30,,14019,49,4,,0,70,,14020,49,4,,0,30,,14021,49,4,,0,70,,14022,49,4,,0,30,,14023,49,4,,0,70,,14024,49,4,,0,30,,14025,49,4,,0,70,,14026,49,4,,0,30,,14027,49,4,,0,70,,14028,49,4,,0,30,,14029,49,4,,0,70,,14030,49,4,,0,30,,14031,49,4,,0,70,,14032,49,4,,0,30,,14033,49,4,,0,71,,14034,49,4,,0,72,,14035,49,4,,0,25,,14036,49,4,,0,32,,14037,49,4,,0,70,,14038,49,4,,0,30,,14039,49,4,,0,70,,14045,49,4,,0,30,,14040,49,4,,0,100,,14041,49,4,,0,100,,14042,49,4,,0,100,,14043,49,4,,0,95,,14044,49,4,,0
2019,'1797',659,,14047,40,4,,0,70,,14054,49,4,,0,30,,14063,49,4,,0,70,,14070,49,4,,0,30,,14048,49,4,,0,70,,14055,49,4,,0,30,,14064,49,4,,0,70,,14071,49,4,,0,30,,14049,49,4,,0,70,,14056,49,4,,0,30,,14065,49,4,,0,70,,14072,49,4,,0,30,,14050,49,4,,0,70,,14057,49,4,,0,30,,14066,49,4,,0,70,,14073,49,4,,0,30,,14051,49,4,,0,70,,14058,49,4,,0,30,,14067,49,4,,0,70,,14074,49,4,,0,30,,14052,49,4,,0,70,,14059,49,4,,0,30,,14068,49,4,,0,70,,14075,49,4,,0,30,,14053,49,4,,0,70,,14060,49,4,,0,30,,14069,49,4,,0,100,,14061,49,4,,0,100,,14076,49,4,,0,96,,14062,49,4,,0,98,,14077,49,4,,0
2019,'1798',729,,14105,49,4,,0,30,,14082,49,4,,0,70,,14086,49,4,,0,30,,14098,49,4,,0,70,,14093,49,4,,0,30,,14083,49,4,,0,70,,14087,49,4,,0,30,,14099,49,4,,0,70,,14094,49,4,,0,30,,14084,49,4,,0,70,,14088,49,4,,0,30,,14100,49,4,,0,70,,14095,49,4,,0,30,,14085,49,4,,0,70,,14089,49,4,,0,30,,14101,49,4,,0,70,,14096,49,4,,0,30,,14080,49,4,,0,70,,14090,49,4,,0,30,,14102,49,4,,0,70,,14097,49,4,,0,30,,14078,49,4,,0,70,,14091,49,4,,0,30,,14103,49,4,,0,100,,14079,49,4,,0,100,,14104,49,4,,0,100,,14081,49,4,,0,95,,14092,49,4,,0,100,,14106,49,4,,0
2019,'1799',729,,14134,49,4,,0,30,,14111,49,4,,0,70,,14115,49,4,,0,30,,14127,49,4,,0,70,,14122,49,4,,0,30,,14112,49,4,,0,70,,14116,49,4,,0,30,,14128,49,4,,0,70,,14123,49,4,,0,30,,14113,49,4,,0,70,,14117,49,4,,0,30,,14129,49,4,,0,70,,14124,49,4,,0,30,,14114,49,4,,0,70,,14118,49,4,,0,30,,14130,49,4,,0,70,,14125,49,4,,0,30,,14109,49,4,,0,70,,14119,49,4,,0,30,,14131,49,4,,0,70,,14126,49,4,,0,30,,14107,49,4,,0,70,,14120,49,4,,0,30,,14132,49,4,,0,100,,14108,49,4,,0,100,,14133,49,4,,0,100,,14110,49,4,,0,95,,14121,49,4,,0,100,,14135,49,4,,0
2019,'1800',729,,14163,49,4,,0,30,,14140,49,4,,0,70,,14144,49,4,,0,30,,14156,49,4,,0,70,,14151,49,4,,0,30,,14141,49,4,,0,70,,14145,49,4,,0,30,,14157,49,4,,0,70,,14152,49,4,,0,30,,14142,49,4,,0,70,,14146,49,4,,0,30,,14158,49,4,,0,70,,14153,49,4,,0,30,,14143,49,4,,0,70,,14147,49,4,,0,30,,14159,49,4,,0,70,,14154,49,4,,0,30,,14138,49,4,,0,70,,14148,49,4,,0,30,,14160,49,4,,0,70,,14155,49,4,,0,30,,14136,49,4,,0,70,,14149,49,4,,0,30,,14161,49,4,,0,100,,14137,49,4,,0,100,,14162,49,4,,0,100,,14139,49,4,,0,95,,14150,49,4,,0,100,,14164,49,4,,0
2029,'1796',535,,14165,1,,,0,70,,14166,1,,,0,30,,14167,1,,,0,24,,14168,1,,,0,68,,14169,1,,,0,30,,14170,1,,,0,72,,14171,1,,,0,30,,14172,1,,,0,70,,14173,1,,,0,30,,14174,1,,,0,70,,14175,1,,,0,30,,14176,1,,,0,70,,14177,1,,,0,30,,14178,1,,,0,70,,14179,1,,,0,30,,14180,1,,,0,70,,14181,1,,,0,30,,14182,1,,,0,70,,14183,1,,,0,30,,14184,1,,,0,70,,14185,1,,,0,30,,14186,1,,,0,71,,14187,1,,,0,72,,14188,1,,,0,27,,14189,1,,,0,30,,14190,1,,,0,70,,14194,1,,,0,30,,14195,1,,,0,70,,14198,1,0,5 2 13 14,0,30,,14196,1,,,0,100,,14197,1,,,0,100,,14193,1,,,0,100,,14192,1,0,5 2 13 14,0,95,,14199,1,0,5 2 13 14,0
2029,'1797',535,,14231,1,0,5 2 15 16 17,0,70,,14214,1,,,0,30,,14221,1,,,0,24,,14200,1,,,0,70,,14206,1,,,0,30,,14215,1,,,0,70,,14222,1,,,0,30,,14201,1,,,0,70,,14207,1,,,0,30,,14216,1,,,0,70,,14223,1,,,0,30,,14202,1,,,0,70,,14208,1,,,0,30,,14217,1,,,0,70,,14224,1,,,0,30,,14203,1,,,0,70,,14209,1,,,0,30,,14218,1,,,0,70,,14225,1,,,0,30,,14204,1,,,0,70,,14210,1,,,0,30,,14219,1,,,0,70,,14226,1,,,0,30,,14205,1,,,0,70,,14211,1,,,0,30,,14220,1,,,0,70,,14227,1,,,0,30,,14212,1,,,0,72,,14233,1,0,5 2 13 14,0,28,,14228,1,,,0,100,,14213,1,,,0,100,,14229,1,,,0,96,,14230,1,0,5 2 13 14,0,98,,14232,1,0,5 2 13 14,0
2029,'1798',605,,14235,1,,,0,30,,14243,1,,,0,66,,14254,1,,,0,28,,14249,1,,,0,30,,14236,1,,,0,70,,14244,1,,,0,30,,14255,1,,,0,70,,14250,1,,,0,30,,14237,1,,,0,70,,14245,1,,,0,30,,14256,1,,,0,70,,14251,1,,,0,30,,14238,1,,,0,70,,14246,1,,,0,30,,14257,1,,,0,70,,14252,1,,,0,30,,14239,1,,,0,70,,14247,1,,,0,30,,14258,1,,,0,70,,14253,1,,,0,30,,14240,1,,,0,70,,14248,1,,,0,30,,14259,1,,,0,70,,14263,1,0,5 2 13 14,0,30,,14241,1,,,0,70,,14262,1,0,5 2 13 14,0,30,,14260,1,,,0,100,,14242,1,,,0,100,,14261,1,,,0,100,,14234,1,,,0,95,,14264,1,0,5 2 13 14,0,100,,14265,1,0,5 2 13 14,0
2029,'1799',605,,14267,1,,,0,30,,14275,1,,,0,66,,14286,1,,,0,28,,14281,1,,,0,30,,14268,1,,,0,70,,14276,1,,,0,30,,14287,1,,,0,70,,14282,1,,,0,30,,14269,1,,,0,70,,14277,1,,,0,30,,14288,1,,,0,70,,14283,1,,,0,30,,14270,1,,,0,70,,14278,1,,,0,30,,14289,1,,,0,70,,14284,1,,,0,30,,14271,1,,,0,70,,14279,1,,,0,30,,14290,1,,,0,70,,14285,1,,,0,30,,14272,1,,,0,70,,14280,1,,,0,30,,14291,1,,,0,70,,14295,1,0,5 2 13 14,0,30,,14273,1,,,0,70,,14294,1,0,5 2 13 14,0,30,,14292,1,,,0,100,,14274,1,,,0,100,,14293,1,,,0,100,,14266,1,,,0,95,,14296,1,0,5 2 13 14,0,100,,14297,1,0,5 2 13 14,0
2029,'1800',605,,14299,1,,,0,30,,14307,1,,,0,66,,14318,1,,,0,28,,14313,1,,,0,30,,14300,1,,,0,70,,14308,1,,,0,30,,14319,1,,,0,70,,14314,1,,,0,30,,14301,1,,,0,70,,14309,1,,,0,30,,14320,1,,,0,70,,14315,1,,,0,30,,14302,1,,,0,70,,14310,1,,,0,30,,14321,1,,,0,70,,14316,1,,,0,30,,14303,1,,,0,70,,14311,1,,,0,30,,14322,1,,,0,70,,14317,1,,,0,30,,14304,1,,,0,70,,14312,1,,,0,30,,14323,1,,,0,70,,14327,1,0,5 2 13 14,0,30,,14305,1,,,0,70,,14326,1,0,5 2 13 14,0,30,,14324,1,,,0,100,,14306,1,,,0,100,,14325,1,,,0,100,,14298,1,,,0,95,,14328,1,0,5 2 13 14,0,100,,14329,1,0,5 2 13 14,0
