1029,'1796',554,,19689,7,,,0,71,,13901,7,,,0,26,,19709,7,,,0,68,,19686,7,,,0,30,,19681,7,,,0,70,,19713,7,,,0,30,,19684,7,,,0,72,,19690,7,,,0,30,,19708,7,,,0,70,,19688,7,,,0,30,,19680,7,,,0,70,,19712,7,,,0,30,,19685,7,,,0,69,,19691,7,,,0,30,,19707,7,,,0,70,,19687,7,,,0,31,,19682,7,,,0,70,,19710,7,,,0,32,,19683,7,,,0,70,,19692,7,,,0,30,,19706,7,,,0,69,,19695,7,,,0,30,,19694,7,,,0,69,,19693,7,,,0,34,,19699,7,,,0,70,,19698,7,,,0,30,,19697,7,,,0,70,,19696,7,,,0,30,,19711,7,,,0,70,,19705,7,,,0,30,,19704,7,,,0,70,,19703,7,,,0,30,,19702,7,,,0,70,,19701,7,,,0,25,,19700,7,,,0
1029,'1797',557,,19719,7,,,0,68,,19731,7,,,0,30,,19738,7,,,0,70,,19726,7,,,0,30,,19747,7,,,0,70,,19735,7,,,0,30,,19718,7,,,0,70,,19730,7,,,0,30,,19741,7,,,0,70,,19725,7,,,0,30,,19748,7,,,0,70,,19734,7,,,0,30,,19717,7,,,0,70,,19729,7,,,0,30,,19740,7,,,0,70,,19724,7,,,0,30,,19720,7,,,0,70,,19733,7,,,0,30,,19716,7,,,0,70,,19728,7,,,0,30,,19736,7,,,0,70,,19723,7,,,0,30,,19745,7,,,0,70,,19732,7,,,0,30,,19715,7,,,0,70,,19727,7,,,0,30,,19739,7,,,0,70,,19721,7,,,0,30,,19743,7,,,0,70,,19742,7,,,0,30,,19714,7,,,0,70,,19722,7,,,0,29,,19737,7,,,0,70,,19746,7,,,0,30,,19744,7,,,0
1029,'1798',557,,19749,7,,,0,98,,19750,7,,,0,100,,19751,7,,,0,100,,19752,7,,,0,100,,19753,7,,,0,100,,19754,7,,,0,100,,19755,7,,,0,100,,19756,7,,,0,100,,19757,7,,,0,100,,19758,7,,,0,100,,19759,7,,,0,100,,19760,7,,,0,100,,19761,7,,,0,100,,19762,7,,,0,100,,19763,7,,,0,100,,19764,7,,,0,99,,19765,7,,,0,100,,19766,7,,,0
1029,'1799',557,,19767,7,,,0,98,,19768,7,,,0,100,,19769,7,,,0,100,,19770,7,,,0,100,,19771,7,,,0,100,,19772,7,,,0,100,,19773,7,,,0,100,,19774,7,,,0,100,,19775,7,,,0,100,,19776,7,,,0,100,,19777,7,,,0,100,,19778,7,,,0,100,,19779,7,,,0,100,,19780,7,,,0,100,,19781,7,,,0,100,,19782,7,,,0,99,,19783,7,,,0,100,,19784,7,,,0
1029,'1800',557,,19785,7,,,0,98,,19786,7,,,0,100,,19787,7,,,0,100,,19788,7,,,0,100,,19789,7,,,0,100,,19790,7,,,0,100,,19791,7,,,0,100,,19792,7,,,0,100,,19793,7,,,0,100,,19794,7,,,0,100,,19795,7,,,0,100,,19796,7,,,0,100,,19797,7,,,0,100,,19798,7,,,0,100,,19799,7,,,0,100,,19800,7,,,0,99,,19801,7,,,0,100,,19802,7,,,0
2029,'1796',538,,14165,6,,,0,70,,14166,6,,,0,30,,14167,6,,,0,65,,14168,6,,,0,28,,14169,6,,,0,70,,14170,6,,,0,32,,14171,6,,,0,70,,14172,6,,,0,30,,14173,6,,,0,70,,14174,6,,,0,30,,14175,6,,,0,70,,14176,6,,,0,30,,14177,6,,,0,70,,14178,6,,,0,30,,14179,6,,,0,70,,14180,6,,,0,30,,14181,6,,,0,70,,14182,6,,,0,30,,14183,6,,,0,70,,14184,6,,,0,30,,14185,6,,,0,70,,14186,6,,,0,31,,14187,6,,,0,72,,14188,6,,,0,27,,14189,6,,,0,70,,14190,6,,,0,30,,14194,6,,,0,70,,14195,6,,,0,29,,14198,6,0,5 2 13 14,0,71,,14196,6,,,0,100,,14197,6,,,0,100,,14193,6,,,0,99,,14192,6,0,5 2 13 14,0,56,,14199,6,0,5 2 13 14,0
2029,'1797',538,,14231,6,0,5 2 15 16 17,0,70,,14214,6,,,0,30,,14221,6,,,0,65,,14200,6,,,0,30,,14206,6,,,0,70,,14215,6,,,0,30,,14222,6,,,0,70,,14201,6,,,0,30,,14207,6,,,0,70,,14216,6,,,0,30,,14223,6,,,0,70,,14202,6,,,0,30,,14208,6,,,0,70,,14217,6,,,0,30,,14224,6,,,0,70,,14203,6,,,0,30,,14209,6,,,0,70,,14218,6,,,0,30,,14225,6,,,0,70,,14204,6,,,0,30,,14210,6,,,0,70,,14219,6,,,0,30,,14226,6,,,0,70,,14205,6,,,0,30,,14211,6,,,0,70,,14220,6,,,0,30,,14227,6,,,0,70,,14212,6,,,0,31,,14233,6,0,5 2 13 14,0,69,,14228,6,,,0,100,,14213,6,,,0,100,,14229,6,,,0,55,,14230,6,0,5 2 13 14,0,99,,14232,6,0,5 2 13 14,0
2029,'1798',608,,14235,6,,,0,30,,14243,6,,,0,67,,14254,6,,,0,28,,14249,6,,,0,70,,14236,6,,,0,30,,14244,6,,,0,70,,14255,6,,,0,30,,14250,6,,,0,70,,14237,6,,,0,30,,14245,6,,,0,70,,14256,6,,,0,30,,14251,6,,,0,70,,14238,6,,,0,30,,14246,6,,,0,70,,14257,6,,,0,30,,14252,6,,,0,70,,14239,6,,,0,30,,14247,6,,,0,70,,14258,6,,,0,30,,14253,6,,,0,70,,14240,6,,,0,30,,14248,6,,,0,70,,14259,6,,,0,29,,14263,6,0,5 2 13 14,0,71,,14241,6,,,0,29,,14262,6,0,5 2 13 14,0,71,,14260,6,,,0,100,,14242,6,,,0,100,,14261,6,,,0,100,,14234,6,,,0,54,,14264,6,0,5 2 13 14,0,101,,14265,6,0,5 2 13 14,0
2029,'1799',608,,14267,6,,,0,30,,14275,6,,,0,67,,14286,6,,,0,28,,14281,6,,,0,70,,14268,6,,,0,30,,14276,6,,,0,70,,14287,6,,,0,30,,14282,6,,,0,70,,14269,6,,,0,30,,14277,6,,,0,70,,14288,6,,,0,30,,14283,6,,,0,70,,14270,6,,,0,30,,14278,6,,,0,70,,14289,6,,,0,30,,14284,6,,,0,70,,14271,6,,,0,30,,14279,6,,,0,70,,14290,6,,,0,30,,14285,6,,,0,70,,14272,6,,,0,30,,14280,6,,,0,70,,14291,6,,,0,29,,14295,6,0,5 2 13 14,0,71,,14273,6,,,0,29,,14294,6,0,5 2 13 14,0,71,,14292,6,,,0,100,,14274,6,,,0,100,,14293,6,,,0,100,,14266,6,,,0,54,,14296,6,0,5 2 13 14,0,101,,14297,6,0,5 2 13 14,0
2029,'1800',608,,14299,6,,,0,30,,14307,6,,,0,67,,14318,6,,,0,28,,14313,6,,,0,70,,14300,6,,,0,30,,14308,6,,,0,70,,14319,6,,,0,30,,14314,6,,,0,70,,14301,6,,,0,30,,14309,6,,,0,70,,14320,6,,,0,30,,14315,6,,,0,70,,14302,6,,,0,30,,14310,6,,,0,70,,14321,6,,,0,30,,14316,6,,,0,70,,14303,6,,,0,30,,14311,6,,,0,70,,14322,6,,,0,30,,14317,6,,,0,70,,14304,6,,,0,30,,14312,6,,,0,70,,14323,6,,,0,29,,14327,6,0,5 2 13 14,0,71,,14305,6,,,0,29,,14326,6,0,5 2 13 14,0,71,,14324,6,,,0,100,,14306,6,,,0,100,,14325,6,,,0,100,,14298,6,,,0,54,,14328,6,0,5 2 13 14,0,101,,14329,6,0,5 2 13 14,0
