7019,'1796',538,,14820,16,,,0,103,,14821,16,,,0,70,,20282,16,,,0,32,,14830,16,,,0,71,,14823,16,,,0,31,,14831,16,,,0,68,,20283,16,,,0,30,,20288,16,,,0,70,,20284,16,,,0,30,,20289,16,,,0,70,,20285,16,,,0,30,,20290,16,,,0,70,,14827,16,,,0,30,,20291,16,,,0,70,,20286,16,,,0,30,,20292,16,,,0,71,,20287,16,,,0,32,,14849,16,,,0,73,,14850,16,,,0,27,,20298,16,,,0,70,,20299,16,,,0,30,,20293,16,,,0,68,,14839,16,,,0,30,,20294,16,,,0,70,,14841,16,,,0,28,,14842,16,,,0,70,,20295,16,,,0,28,,20296,16,,,0,70,,20297,16,,,0,30,,14846,16,,,0,100,,14847,16,,,0,71,,14854,1,,,0,28,,14848,16,,,0,100,,14840,16,,,0
7019,'1797',640,,14869,16,,,0,69,,20304,16,,,0,30,,20310,16,,,0,70,,20305,16,,,0,31,,20311,16,,,0,70,,20306,16,,,0,30,,14872,16,,,0,71,,20307,16,,,0,30,,20312,16,,,0,70,,20308,16,,,0,30,,20313,16,,,0,70,,14867,16,,,0,30,,14875,16,,,0,70,,20309,16,,,0,30,,20314,16,,,0,70,,14881,16,,,0,31,,20315,16,,,0,70,,14883,16,,,0,30,,14878,16,,,0,70,,20318,16,,,0,29,,20316,16,,,0,70,,20319,16,,,0,30,,20317,16,,,0,70,,20322,16,,,0,29,,14857,16,,,0,69,,20320,16,,,0,30,,20302,16,,,0,70,,20321,16,,,0,30,,20303,16,,,0,100,,14860,16,,,0,72,,14889,1,,,0,28,,14861,16,,,0
7019,'1798',739,,14896,16,,,0,71,,20346,1,,,0,30,,14897,16,,,0,73,,20339,1,,,0,27,,20330,16,,,0,73,,20345,1,,,0,28,,14898,16,,,0,72,,20338,1,,,0,28,,14899,16,,,0,72,,20344,1,,,0,28,,20327,16,,,0,73,,20337,1,,,0,27,,14901,16,,,0,73,,20343,1,,,0,28,,14902,16,,,0,73,,20336,1,,,0,27,,20328,16,,,0,73,,20342,1,,,0,26,,14904,16,,,0,73,,20335,1,,,0,27,,14892,16,,,0,72,,20341,1,,,0,27,,20325,16,,,0,72,,14917,1,,,0,27,,14891,16,,,0,72,,20340,1,,,0,28,,14895,16,,,0,72,,14925,1,,,0,28,,20326,16,,,0
7019,'1799',739,,14931,16,,,0,71,,20368,1,,,0,30,,14932,16,,,0,73,,20361,1,,,0,27,,20352,16,,,0,73,,20367,1,,,0,28,,14933,16,,,0,72,,20360,1,,,0,28,,14934,16,,,0,72,,20366,1,,,0,28,,20349,16,,,0,73,,20359,1,,,0,27,,14936,16,,,0,73,,20365,1,,,0,28,,14937,16,,,0,73,,20358,1,,,0,27,,20350,16,,,0,73,,20364,1,,,0,26,,14939,16,,,0,73,,20357,1,,,0,27,,14927,16,,,0,72,,20363,1,,,0,27,,20347,16,,,0,72,,14952,1,,,0,27,,14926,16,,,0,72,,20362,1,,,0,28,,14930,16,,,0,72,,14960,1,,,0,28,,20348,16,,,0
7019,'1800',739,,14966,16,,,0,71,,20390,1,,,0,30,,14967,16,,,0,73,,20383,1,,,0,27,,20374,16,,,0,73,,20389,1,,,0,28,,14968,16,,,0,72,,20382,1,,,0,28,,14969,16,,,0,72,,20388,1,,,0,28,,20371,16,,,0,73,,20381,1,,,0,27,,14971,16,,,0,73,,20387,1,,,0,28,,14972,16,,,0,73,,20380,1,,,0,27,,20372,16,,,0,73,,20386,1,,,0,26,,14974,16,,,0,73,,20379,1,,,0,27,,14962,16,,,0,72,,20385,1,,,0,27,,20369,16,,,0,72,,14987,1,,,0,27,,14961,16,,,0,72,,20384,1,,,0,28,,14965,16,,,0,72,,14995,1,,,0,28,,20370,16,,,0
16019,'1796',2141,,20841,31,4,,0,70,,15777,31,4,,0,30,,20842,31,4,,0
16019,'1797',2211,,15839,31,4,,0,30,,15809,31,4,,0
16019,'1798',810,,20869,31,4,,0,103,,20872,31,4,,0,100,,20880,31,4,,0,100,,20879,31,4,,0,100,,20870,31,4,,0,101,,20873,31,4,,0,100,,20874,31,4,,0,101,,20877,31,4,,0,100,,20876,31,4,,0,99,,20871,31,4,,0,99,,20878,31,4,,0,99,,15852,31,4,,0,99,,20875,31,4,,0,100,,15846,31,4,,0,100,,20881,31,4,,0
16019,'1799',810,,20882,31,4,,0,103,,20885,31,4,,0,100,,20893,31,4,,0,100,,20892,31,4,,0,100,,20883,31,4,,0,101,,20886,31,4,,0,100,,20887,31,4,,0,101,,20890,31,4,,0,100,,20889,31,4,,0,99,,20884,31,4,,0,99,,20891,31,4,,0,99,,15867,31,4,,0,99,,20888,31,4,,0,100,,15861,31,4,,0,100,,20894,31,4,,0
16019,'1800',810,,20895,31,4,,0,103,,20898,31,4,,0,100,,20906,31,4,,0,100,,20905,31,4,,0,100,,20896,31,4,,0,101,,20899,31,4,,0,100,,20900,31,4,,0,101,,20903,31,4,,0,100,,20902,31,4,,0,99,,20897,31,4,,0,99,,20904,31,4,,0,99,,15882,31,4,,0,99,,20901,31,4,,0,100,,15876,31,4,,0,100,,20907,31,4,,0
16029,'1796',547,,20908,1,,,0,70,,20909,1,,,0,33,,20910,1,,,0,73,,20911,1,,,0,30,,20912,1,,,0,73,,20913,1,,,0,30,,20914,1,,,0,71,,20915,1,,,0,27,,20916,1,,,0,70,,20917,1,,,0,30,,20918,1,,,0,70,,20919,1,,,0,30,,20920,1,,,0,70,,20921,1,,,0,30,,20922,1,,,0,70,,20923,1,,,0,31,,20924,1,,,0,70,,20925,1,,,0,30,,20926,1,,,0,70,,20927,1,,,0,32,,20928,1,,,0,70,,20929,1,,,0,30,,20930,1,,,0,68,,20931,1,,,0,30,,20932,1,,,0,70,,20938,1,,,0,27,,20933,1,,,0,70,,15912,1,,,0,30,,20934,1,,,0,65,,20935,1,,,0,30,,20936,1,,,0,69,,15916,1,,,0,27,,20937,1,,,0
16029,'1797',550,,15926,1,,,0,67,,15941,1,,,0,30,,15934,1,,,0,67,,15919,1,,,0,30,,15927,1,,,0,71,,15942,1,,,0,30,,15935,1,,,0,70,,15920,1,,,0,30,,15928,1,,,0,70,,15943,1,,,0,30,,15936,1,,,0,70,,15921,1,,,0,30,,15929,1,,,0,70,,15944,1,,,0,31,,15937,1,,,0,70,,15922,1,,,0,31,,15930,1,,,0,69,,15945,1,,,0,31,,15938,1,,,0,70,,15923,1,,,0,30,,15931,1,,,0,70,,15946,1,,,0,29,,15939,1,,,0,69,,15924,1,,,0,31,,15932,1,,,0,69,,15947,1,,,0,30,,15940,1,,,0,70,,15925,1,,,0,29,,15933,1,,,0,71,,15948,1,,,0,96,,15949,1,,,0,33,,15950,1,,,0
16029,'1798',718,,20942,1,,,0,100,,20943,1,,,0,97,,20940,1,,,0,103,,20948,1,,,0,97,,20950,1,,,0,100,,20947,1,,,0,101,,20949,1,,,0,100,,20939,1,,,0,100,,20941,1,,,0,100,,20945,1,,,0,99,,20944,1,,,0,100,,15963,1,,,0,100,,20946,1,,,0,102,,15959,1,,,0,97,,20951,1,,,0
16029,'1799',718,,20955,1,,,0,100,,20956,1,,,0,97,,20953,1,,,0,103,,20961,1,,,0,97,,20963,1,,,0,100,,20960,1,,,0,101,,20962,1,,,0,100,,20952,1,,,0,100,,20954,1,,,0,100,,20958,1,,,0,99,,20957,1,,,0,100,,15978,1,,,0,100,,20959,1,,,0,102,,15974,1,,,0,97,,20964,1,,,0
16029,'1800',718,,20968,1,,,0,100,,20969,1,,,0,97,,20966,1,,,0,103,,20974,1,,,0,97,,20976,1,,,0,100,,20973,1,,,0,101,,20975,1,,,0,100,,20965,1,,,0,100,,20967,1,,,0,100,,20971,1,,,0,99,,20970,1,,,0,100,,15993,1,,,0,100,,20972,1,,,0,102,,15989,1,,,0,97,,20977,1,,,0
22029,'1796',650,,21307,15,4,,0,73,,21308,15,4,,0,30,,21309,15,4,,0,73,,21310,15,4,,0,30,,21311,15,4,,0,71,,21312,17,4,,0,27,,21313,17,4,,0,70,,21318,17,4,,0,30,,21314,17,4,,0,70,,21319,17,4,,0,30,,21315,17,4,,0,70,,21306,17,4,,0,30,,21316,17,4,,0,70,,21317,17,4,,0,31,,21320,17,4,,0,70,,21321,17,4,,0,30,,21322,17,4,,0,70,,21323,17,4,,0,32,,21324,17,4,,0,70,,21325,17,4,,0,30,,21326,17,4,,0,68,,21327,17,4,,0,30,,21328,17,4,,0,70,,21329,17,4,,0,27,,21330,17,4,,0,70,,16417,17,4,,0,30,,21331,17,4,,0,65,,21332,17,4,,0,30,,21333,17,4,,0,69,,16421,17,4,,0,27,,21334,15,4,,0,170,,16423,15,4,,0,35,,16424,15,4,,0
22029,'1797',617,,16449,15,4,,0,30,,16443,15,4,,0,67,,16450,15,4,,0,30,,16444,15,4,,0,71,,16451,15,4,,0,30,,16425,17,4,,0,70,,16426,17,4,,0,30,,16427,17,4,,0,70,,16428,17,4,,0,30,,16429,17,4,,0,70,,16430,17,4,,0,30,,16431,17,4,,0,70,,16432,17,4,,0,31,,16433,17,4,,0,70,,16434,17,4,,0,31,,16435,17,4,,0,69,,16436,17,4,,0,31,,16437,17,4,,0,70,,16438,17,4,,0,30,,16439,17,4,,0,70,,16440,17,4,,0,29,,16441,17,4,,0,69,,16442,17,4,,0,31,,16445,15,4,,0,69,,16452,15,4,,0,30,,16446,15,4,,0,70,,16453,15,4,,0,29,,16447,15,4,,0,70,,16454,15,4,,0,30,,16448,15,4,,0,67,,16455,15,4,,0,33,,16456,15,4,,0,175,,16458,15,4,,0,30,,16457,15,4,,0
22029,'1798',718,,21346,15,4,,0,97,,21335,17,4,,0,100,,21336,17,4,,0,100,,21337,17,4,,0,100,,21338,17,4,,0,100,,21339,17,4,,0,101,,21340,17,4,,0,100,,21341,17,4,,0,100,,21342,17,4,,0,100,,21343,17,4,,0,99,,21344,17,4,,0,100,,16473,15,4,,0,100,,21345,15,4,,0,99,,16471,15,4,,0,100,,21347,15,4,,0,205,,16475,15,4,,0,30,,16474,15,4,,0
22029,'1799',718,,21359,15,4,,0,97,,21348,17,4,,0,100,,21349,17,4,,0,100,,21350,17,4,,0,100,,21351,17,4,,0,100,,21352,17,4,,0,101,,21353,17,4,,0,100,,21354,17,4,,0,100,,21355,17,4,,0,100,,21356,17,4,,0,99,,21357,17,4,,0,100,,16490,15,4,,0,100,,21358,15,4,,0,99,,16488,15,4,,0,100,,21360,15,4,,0,205,,16492,15,4,,0,30,,16491,15,4,,0
22029,'1800',718,,21372,15,4,,0,97,,21361,17,4,,0,100,,21362,17,4,,0,100,,21363,17,4,,0,100,,21364,17,4,,0,100,,21365,17,4,,0,101,,21366,17,4,,0,100,,21367,17,4,,0,100,,21368,17,4,,0,100,,21369,17,4,,0,99,,21370,17,4,,0,100,,16507,15,4,,0,100,,21371,15,4,,0,99,,16505,15,4,,0,100,,21373,15,4,,0,205,,16509,15,4,,0,30,,16508,15,4,,0
60029,'1798',629,,16847,8,,,0,24,,16840,8,,,0,70,,16848,8,,,0,30,,16842,8,,,0,70,,16849,8,,,0,30,,16841,8,,,0,70,,16850,8,,,0,30,,16844,8,,,0,69,,16851,8,,,0,30,,16861,8,,,0,70,,16852,8,,,0,30,,16863,8,,,0,70,,16853,8,,,0,30,,16843,8,,,0,70,,16854,8,,,0,30,,16860,8,,,0,70,,16855,8,,,0,30,,16864,8,,,0,70,,16866,8,,,0,30,,16859,8,,,0,70,,16865,8,,,0,30,,16862,8,,,0,70,,16868,8,,,0,30,,16858,8,,,0,70,,16869,8,,,0,30,,16856,8,,,0,70,,16867,8,,,0,30,,16845,8,,,0,70,,16870,8,,,0,29,,16839,8,,,0,71,,16846,8,,,0,30,,16857,8,,,0
60029,'1800',629,,16879,8,,,0,24,,16872,8,,,0,70,,16880,8,,,0,30,,16874,8,,,0,70,,16881,8,,,0,30,,16873,8,,,0,70,,16882,8,,,0,30,,16876,8,,,0,69,,16883,8,,,0,30,,16893,8,,,0,70,,16884,8,,,0,30,,16895,8,,,0,70,,16885,8,,,0,30,,16875,8,,,0,70,,16886,8,,,0,30,,16892,8,,,0,70,,16887,8,,,0,30,,16896,8,,,0,70,,16898,8,,,0,30,,16891,8,,,0,70,,16897,8,,,0,30,,16894,8,,,0,70,,16900,8,,,0,30,,16890,8,,,0,70,,16901,8,,,0,30,,16888,8,,,0,70,,16899,8,,,0,30,,16877,8,,,0,70,,16902,8,,,0,29,,16871,8,,,0,71,,16878,8,,,0,30,,16889,8,,,0
702019,'1796',640,,22900,8,,,0,65,,18594,8,,,0,24,,18628,8,,,0,21,,18595,8,,,0,56,,22901,8,,,0,23,,18597,8,,,0,17,,18629,8,,,0,12,,18627,8,,,0,68,,18598,8,,,0,30,,18599,8,,,0,70,,18600,8,,,0,30,,18633,8,,,0,70,,18601,8,,,0,30,,22902,8,,,0,70,,18603,8,,,0,30,,22903,8,,,0,70,,22904,8,,,0,30,,22905,8,,,0,70,,18607,8,,,0,33,,22906,8,,,0,65,,18630,8,,,0,20,,18609,8,,,0,60,,22907,8,,,0,20,,22908,8,,,0,20,,22909,8,,,0,59,,22916,8,,,0,20,,22910,8,,,0,20,,22911,8,,,0,58,,22912,8,,,0,25,,18616,8,,,0,30,,18617,8,,,0,69,,22913,8,,,0,30,,18619,8,,,0,70,,18620,8,,,0,30,,22914,8,,,0,70,,18622,8,,,0,30,,18623,8,,,0,70,,18624,8,,,0,30,,22915,8,,,0,65,,18626,8,,,0,25,,18632,8,,,0
702019,'1797',655,,18661,8,,,0,70,,18663,8,,,0,30,,22944,8,,,0,70,,18660,8,,,0,30,,18662,8,,,0,70,,22942,8,,,0,30,,18667,8,,,0,70,,22943,8,,,0,30,,22923,8,,,0,70,,18647,8,,,0,30,,22936,8,,,0,70,,22917,8,,,0,30,,22924,8,,,0,70,,22930,8,,,0,30,,22937,8,,,0,70,,22918,8,,,0,30,,22925,8,,,0,70,,22931,8,,,0,30,,22938,8,,,0,70,,22919,8,,,0,30,,22926,8,,,0,70,,22932,8,,,0,30,,22939,8,,,0,70,,22920,8,,,0,30,,22927,8,,,0,70,,22933,8,,,0,30,,22940,8,,,0,70,,22921,8,,,0,30,,22928,8,,,0,70,,22934,8,,,0,30,,22941,8,,,0,70,,22922,8,,,0,30,,22929,8,,,0,65,,22935,8,,,0,25,,22945,8,,,0
702019,'1798',655,,22966,8,,,0,70,,22956,8,,,0,30,,22976,8,,,0,70,,22962,8,,,0,30,,22955,8,,,0,70,,22975,8,,,0,30,,22965,8,,,0,70,,22954,8,,,0,30,,18695,8,,,0,70,,22961,8,,,0,30,,22953,8,,,0,70,,22967,8,,,0,30,,18680,8,,,0,70,,22952,8,,,0,30,,22974,8,,,0,70,,22960,8,,,0,30,,22951,8,,,0,70,,22971,8,,,0,30,,22964,8,,,0,70,,22950,8,,,0,30,,22970,8,,,0,70,,22959,8,,,0,30,,22949,8,,,0,70,,22969,8,,,0,30,,22958,8,,,0,70,,22948,8,,,0,30,,22973,8,,,0,70,,22957,8,,,0,30,,22947,8,,,0,70,,22972,8,,,0,30,,22963,8,,,0,70,,22946,8,,,0,30,,22968,8,,,0,65,,22977,8,,,0,25,,22978,8,,,0
702019,'1799',655,,22999,8,,,0,70,,22989,8,,,0,30,,23009,8,,,0,70,,22995,8,,,0,30,,22988,8,,,0,70,,23008,8,,,0,30,,22998,8,,,0,70,,22987,8,,,0,30,,18730,8,,,0,70,,22994,8,,,0,30,,22986,8,,,0,70,,23000,8,,,0,30,,18715,8,,,0,70,,22985,8,,,0,30,,23007,8,,,0,70,,22993,8,,,0,30,,22984,8,,,0,70,,23004,8,,,0,30,,22997,8,,,0,70,,22983,8,,,0,30,,23003,8,,,0,70,,22992,8,,,0,30,,22982,8,,,0,70,,23002,8,,,0,30,,22991,8,,,0,70,,22981,8,,,0,30,,23006,8,,,0,70,,22990,8,,,0,30,,22980,8,,,0,70,,23005,8,,,0,30,,22996,8,,,0,70,,22979,8,,,0,30,,23001,8,,,0,65,,23010,8,,,0,25,,23011,8,,,0
702019,'1800',655,,23032,8,,,0,70,,23022,8,,,0,30,,23042,8,,,0,70,,23028,8,,,0,30,,23021,8,,,0,70,,23041,8,,,0,30,,23031,8,,,0,70,,23020,8,,,0,30,,18765,8,,,0,70,,23027,8,,,0,30,,23019,8,,,0,70,,23033,8,,,0,30,,18750,8,,,0,70,,23018,8,,,0,30,,23040,8,,,0,70,,23026,8,,,0,30,,23017,8,,,0,70,,23037,8,,,0,30,,23030,8,,,0,70,,23016,8,,,0,30,,23036,8,,,0,70,,23025,8,,,0,30,,23015,8,,,0,70,,23035,8,,,0,30,,23024,8,,,0,70,,23014,8,,,0,30,,23039,8,,,0,70,,23023,8,,,0,30,,23013,8,,,0,70,,23038,8,,,0,30,,23029,8,,,0,70,,23012,8,,,0,30,,23034,8,,,0,65,,23043,8,,,0,25,,23044,8,,,0
14000001019,'1796',2434,,23379,45,,,0,70,,23377,45,,,0,30,,19496,45,,,0,70,,23378,45,,,0,30,,23376,45,,,0
14000001019,'1797',2434,,23383,45,,,0,70,,23380,45,,,0,30,,19502,45,,,0,70,,23382,45,,,0,30,,23381,45,,,0
14000001019,'1798',2434,,23386,45,,,0,70,,23385,45,,,0,30,,19504,45,,,0,70,,23387,45,,,0,30,,23384,45,,,0
14000001019,'1799',2434,,23390,45,,,0,70,,23389,45,,,0,30,,19509,45,,,0,70,,23391,45,,,0,30,,23388,45,,,0
14000001019,'1800',2434,,23394,45,,,0,70,,23393,45,,,0,30,,19514,45,,,0,70,,23395,45,,,0,30,,23392,45,,,0
