4019,'1796',618,,19810,3,,,0,30,,19836,3,,,0,71,,19811,3,,,0,27,,19812,3,,,0,76,,19813,3,,,0,24,,19814,3,,,0,76,,19815,3,,,0,27,,19816,3,,,0,70,,19817,3,,,0,30,,19818,3,,,0,70,,19819,3,,,0,30,,19820,3,,,0,70,,19821,3,,,0,30,,19822,3,,,0,70,,19823,3,,,0,30,,19824,3,,,0,70,,19825,3,,,0,33,,19826,3,,,0,70,,19827,3,,,0,31,,19828,3,,,0,64,,19829,3,,,0,36,,19830,3,,,0,63,,19831,3,,,0,36,,19832,3,,,0,62,,19833,3,,,0,35,,19834,3,,,0,70,,19835,3,,,0,30,,19804,3,,,0,70,,19805,3,,,0,30,,19806,3,,,0,70,,19807,3,,,0,30,,19808,3,,,0,70,,19809,3,,,0
4019,'1797',648,,19868,3,,,0,70,,19844,3,,,0,30,,19838,3,,,0,70,,19848,3,,,0,30,,19859,3,,,0,70,,19854,3,,,0,30,,19842,3,,,0,70,,19864,3,,,0,30,,19841,3,,,0,70,,19861,3,,,0,30,,19856,3,,,0,70,,19849,3,,,0,31,,19862,3,,,0,70,,19865,3,,,0,30,,19840,3,,,0,70,,19851,3,,,0,30,,19839,3,,,0,70,,19845,3,,,0,30,,19863,3,,,0,70,,19860,3,,,0,30,,19857,3,,,0,70,,19846,3,,,0,30,,19866,3,,,0,70,,19867,3,,,0,29,,19837,3,,,0,70,,19852,3,,,0,30,,19850,3,,,0,70,,19858,3,,,0,30,,19843,3,,,0,70,,19853,3,,,0,30,,19847,3,,,0,70,,19855,3,,,0
4019,'1798',748,,19892,3,,,0,70,,19893,3,,,0,30,,19890,3,,,0,70,,19894,3,,,0,30,,19891,3,,,0,70,,19875,3,,,0,30,,19879,3,,,0,70,,19883,3,,,0,30,,19886,3,,,0,70,,19871,3,,,0,31,,19874,3,,,0,70,,19878,3,,,0,30,,19882,3,,,0,70,,19884,3,,,0,30,,19870,3,,,0,70,,19873,3,,,0,30,,19877,3,,,0,70,,19881,3,,,0,30,,19885,3,,,0,70,,19869,3,,,0,30,,19872,3,,,0,70,,19876,3,,,0,29,,19880,3,,,0,70,,19889,3,,,0,30,,19895,3,,,0,70,,19887,3,,,0,30,,19896,3,,,0,70,,19888,3,,,0
4019,'1799',748,,19920,3,,,0,70,,19921,3,,,0,30,,19918,3,,,0,70,,19922,3,,,0,30,,19919,3,,,0,70,,19903,3,,,0,30,,19907,3,,,0,70,,19911,3,,,0,30,,19914,3,,,0,70,,19899,3,,,0,31,,19902,3,,,0,70,,19906,3,,,0,30,,19910,3,,,0,70,,19912,3,,,0,30,,19898,3,,,0,70,,19901,3,,,0,30,,19905,3,,,0,70,,19909,3,,,0,30,,19913,3,,,0,70,,19897,3,,,0,30,,19900,3,,,0,70,,19904,3,,,0,29,,19908,3,,,0,70,,19917,3,,,0,30,,19923,3,,,0,70,,19915,3,,,0,30,,19924,3,,,0,70,,19916,3,,,0
4019,'1800',748,,19948,3,,,0,70,,19949,3,,,0,30,,19946,3,,,0,70,,19950,3,,,0,30,,19947,3,,,0,70,,19931,3,,,0,30,,19935,3,,,0,70,,19939,3,,,0,30,,19942,3,,,0,70,,19927,3,,,0,31,,19930,3,,,0,70,,19934,3,,,0,30,,19938,3,,,0,70,,19940,3,,,0,30,,19926,3,,,0,70,,19929,3,,,0,30,,19933,3,,,0,70,,19937,3,,,0,30,,19941,3,,,0,70,,19925,3,,,0,30,,19928,3,,,0,70,,19932,3,,,0,29,,19936,3,,,0,70,,19945,3,,,0,30,,19951,3,,,0,70,,19943,3,,,0,30,,19952,3,,,0,70,,19944,3,,,0
502019,'1796',602,,22109,3,,,0,30,,22110,3,,,0,25,,22150,3,,,0,50,,22111,3,,,0,26,,22112,3,,,0,24,,22113,3,,,0,52,,22114,3,,,0,24,,22115,3,,,0,24,,22116,3,,,0,52,,22117,3,,,0,24,,22118,3,,,0,70,,22119,3,,,0,30,,22120,3,,,0,70,,22121,3,,,0,30,,22122,3,,,0,70,,22123,3,,,0,30,,22124,3,,,0,70,,22125,3,,,0,30,,22126,3,,,0,70,,22127,3,,,0,33,,22128,3,,,0,70,,22129,3,,,0,30,,22130,3,,,0,68,,22131,3,,,0,24,,22132,3,,,0,12,,22133,3,,,0,63,,22134,3,,,0,6,,22151,3,,,0,18,,22135,3,,,0,12,,22136,3,,,0,64,,22137,3,,,0,22,,22138,3,,,0,12,,22139,3,,,0,66,,22140,3,,,0,30,,22141,3,,,0,69,,22142,3,,,0,30,,22143,3,,,0,70,,22144,3,,,0,30,,22145,3,,,0,70,,22146,3,,,0,30,,22147,3,,,0,70,,22148,3,,,0,30,,22149,3,,,0
502019,'1797',632,,22159,3,,,0,70,,22166,3,,,0,30,,22158,3,,,0,70,,22167,3,,,0,30,,22157,3,,,0,70,,22168,3,,,0,30,,22156,3,,,0,71,,22169,3,,,0,30,,22177,3,,,0,70,,22170,3,,,0,30,,22178,3,,,0,70,,22171,3,,,0,30,,22179,3,,,0,70,,22172,3,,,0,30,,22180,3,,,0,70,,22173,3,,,0,30,,22181,3,,,0,70,,22174,3,,,0,30,,22182,3,,,0,70,,22175,3,,,0,30,,22183,3,,,0,70,,22176,3,,,0,30,,22184,3,,,0,70,,22160,3,,,0,30,,22185,3,,,0,70,,22162,3,,,0,99,,22161,3,,,0,30,,22155,3,,,0,70,,22163,3,,,0,30,,22154,3,,,0,70,,22164,3,,,0,30,,22153,3,,,0,70,,22165,3,,,0,30,,22152,3,,,0
502019,'1798',632,,22200,3,,,0,70,,22186,3,,,0,30,,22203,3,,,0,70,,22217,3,,,0,30,,22197,3,,,0,70,,22216,3,,,0,30,,22199,3,,,0,71,,22215,3,,,0,30,,22194,3,,,0,70,,22214,3,,,0,30,,22189,3,,,0,70,,22213,3,,,0,30,,22192,3,,,0,70,,22211,3,,,0,30,,22190,3,,,0,70,,22212,3,,,0,30,,22193,3,,,0,70,,22210,3,,,0,30,,22187,3,,,0,70,,22209,3,,,0,30,,22191,3,,,0,70,,22208,3,,,0,30,,22188,3,,,0,70,,22207,3,,,0,30,,22201,3,,,0,70,,22206,3,,,0,30,,22202,3,,,0,69,,22205,3,,,0,30,,22195,3,,,0,70,,22218,3,,,0,30,,22204,3,,,0,70,,22219,3,,,0,30,,22198,3,,,0,70,,22220,3,,,0,30,,22196,3,,,0
502019,'1799',632,,22235,3,,,0,70,,22221,3,,,0,30,,22238,3,,,0,70,,22252,3,,,0,30,,22232,3,,,0,70,,22251,3,,,0,30,,22234,3,,,0,71,,22250,3,,,0,30,,22229,3,,,0,70,,22249,3,,,0,30,,22224,3,,,0,70,,22248,3,,,0,30,,22227,3,,,0,70,,22246,3,,,0,30,,22225,3,,,0,70,,22247,3,,,0,30,,22228,3,,,0,70,,22245,3,,,0,30,,22222,3,,,0,70,,22244,3,,,0,30,,22226,3,,,0,70,,22243,3,,,0,30,,22223,3,,,0,70,,22242,3,,,0,30,,22236,3,,,0,70,,22241,3,,,0,30,,22237,3,,,0,69,,22240,3,,,0,30,,22230,3,,,0,70,,22253,3,,,0,30,,22239,3,,,0,70,,22254,3,,,0,30,,22233,3,,,0,70,,22255,3,,,0,30,,22231,3,,,0
502019,'1800',632,,22270,3,,,0,70,,22256,3,,,0,30,,22273,3,,,0,70,,22287,3,,,0,30,,22267,3,,,0,70,,22286,3,,,0,30,,22269,3,,,0,71,,22285,3,,,0,30,,22264,3,,,0,70,,22284,3,,,0,30,,22259,3,,,0,70,,22283,3,,,0,30,,22262,3,,,0,70,,22281,3,,,0,30,,22260,3,,,0,70,,22282,3,,,0,30,,22263,3,,,0,70,,22280,3,,,0,30,,22257,3,,,0,70,,22279,3,,,0,30,,22261,3,,,0,70,,22278,3,,,0,30,,22258,3,,,0,70,,22277,3,,,0,30,,22271,3,,,0,70,,22276,3,,,0,30,,22272,3,,,0,69,,22275,3,,,0,30,,22265,3,,,0,70,,22288,3,,,0,30,,22274,3,,,0,70,,22289,3,,,0,30,,22268,3,,,0,70,,22290,3,,,0,30,,22266,3,,,0
701019,'1796',559,,18088,3,,,0,70,,22574,3,,,0,18,,18090,3,,,0,55,,22575,3,,,0,15,,18092,3,,,0,15,,18093,3,,,0,15,,18094,3,,,0,55,,22576,3,,,0,15,,18096,3,,,0,15,,22577,3,,,0,15,,18098,3,,,0,55,,18099,3,,,0,15,,18100,3,,,0,15,,22578,3,,,0,15,,18196,3,,,0,55,,22579,3,,,0,16,,18103,3,,,0,15,,18104,3,,,0,15,,18105,3,,,0,55,,22580,3,,,0,15,,22581,3,,,0,15,,22582,3,,,0,15,,18109,3,,,0,55,,22583,3,,,0,15,,22584,3,,,0,15,,22585,3,,,0,15,,18113,3,,,0,55,,22586,3,,,0,15,,22587,3,,,0,15,,22588,3,,,0,15,,22589,3,,,0,55,,22590,3,,,0,15,,22591,3,,,0,15,,22592,3,,,0,15,,22593,3,,,0,55,,22629,3,,,0,15,,18122,3,,,0,15,,22594,3,,,0,15,,22595,3,,,0,55,,22596,3,,,0,15,,18190,3,,,0,15,,22597,3,,,0,15,,22598,3,,,0,55,,18128,3,,,0,15,,18129,3,,,0,15,,22599,3,,,0,15,,22600,3,,,0,54,,22601,3,,,0,15,,22602,3,,,0,15,,22603,3,,,0,15,,18135,3,,,0,55,,22604,3,,,0,15,,18137,3,,,0,15,,18138,3,,,0,15,,22605,3,,,0,55,,22606,3,,,0,15,,18141,3,,,0,15,,22607,3,,,0,15,,18143,3,,,0,70,,18144,3,,,0,30,,18145,3,,,0,70,,18146,3,,,0,30,,18147,3,,,0,70,,22608,3,,,0,25,,18149,3,,,0,65,,22609,3,,,0
701019,'1797',619,,18266,3,,,0,28,,22660,3,,,0,70,,18211,3,,,0,30,,18223,3,,,0,55,,22688,3,,,0,15,,22664,3,,,0,15,,18270,3,,,0,15,,18201,3,,,0,55,,18271,3,,,0,15,,18212,3,,,0,15,,22691,3,,,0,15,,22654,3,,,0,55,,18281,3,,,0,15,,18236,3,,,0,15,,18276,3,,,0,15,,22635,3,,,0,55,,22692,3,,,0,15,,22644,3,,,0,15,,18277,3,,,0,15,,18225,3,,,0,55,,18280,3,,,0,15,,22665,3,,,0,15,,22695,3,,,0,15,,22636,3,,,0,55,,18291,3,,,0,15,,22645,3,,,0,15,,18290,3,,,0,15,,22655,3,,,0,55,,22694,3,,,0,15,,22666,3,,,0,15,,18288,3,,,0,15,,22637,3,,,0,55,,18287,3,,,0,15,,22646,3,,,0,15,,22696,3,,,0,15,,22656,3,,,0,55,,18286,3,,,0,15,,22667,3,,,0,15,,18285,3,,,0,15,,22638,3,,,0,55,,22693,3,,,0,15,,22647,3,,,0,15,,18283,3,,,0,15,,22657,3,,,0,55,,18282,3,,,0,15,,22668,3,,,0,15,,22697,3,,,0,15,,22639,3,,,0,55,,18267,3,,,0,15,,22648,3,,,0,15,,18272,3,,,0,15,,22658,3,,,0,55,,22689,3,,,0,15,,22669,3,,,0,15,,18274,3,,,0,15,,22640,3,,,0,70,,22649,3,,,0,30,,22659,3,,,0,70,,22670,3,,,0,30,,22684,3,,,0,70,,22686,3,,,0,25,,22690,3,,,0,65,,22687,3,,,0
701019,'1798',619,,22723,3,,,0,28,,22756,3,,,0,70,,22741,3,,,0,30,,22722,3,,,0,55,,18320,3,,,0,15,,22759,3,,,0,15,,22700,3,,,0,15,,22730,3,,,0,55,,18304,3,,,0,15,,22719,3,,,0,15,,18321,3,,,0,15,,18383,3,,,0,55,,22699,3,,,0,15,,22739,3,,,0,15,,18305,3,,,0,15,,22718,3,,,0,55,,18300,3,,,0,15,,22752,3,,,0,15,,18308,3,,,0,15,,18362,3,,,0,55,,18303,3,,,0,15,,22715,3,,,0,15,,18315,3,,,0,15,,18380,3,,,0,55,,18306,3,,,0,15,,18358,3,,,0,15,,18311,3,,,0,15,,22713,3,,,0,55,,18314,3,,,0,15,,22760,3,,,0,15,,18301,3,,,0,15,,22735,3,,,0,55,,18313,3,,,0,15,,22711,3,,,0,15,,18317,3,,,0,15,,22755,3,,,0,55,,18298,3,,,0,15,,22740,3,,,0,15,,18299,3,,,0,15,,22709,3,,,0,55,,18316,3,,,0,15,,22749,3,,,0,15,,18297,3,,,0,15,,22732,3,,,0,55,,18312,3,,,0,15,,22708,3,,,0,15,,18318,3,,,0,15,,22748,3,,,0,55,,18309,3,,,0,15,,22733,3,,,0,15,,18310,3,,,0,15,,22706,3,,,0,55,,18319,3,,,0,15,,22761,3,,,0,15,,18307,3,,,0,15,,22731,3,,,0,70,,22703,3,,,0,30,,22757,3,,,0,70,,22727,3,,,0,30,,22701,3,,,0,70,,22762,3,,,0,25,,22764,3,,,0,65,,22763,3,,,0
701019,'1799',619,,22790,3,,,0,28,,22823,3,,,0,70,,22808,3,,,0,30,,22789,3,,,0,55,,18419,3,,,0,15,,22826,3,,,0,15,,22767,3,,,0,15,,22797,3,,,0,55,,18403,3,,,0,15,,22786,3,,,0,15,,18420,3,,,0,15,,18482,3,,,0,55,,22766,3,,,0,15,,22806,3,,,0,15,,18404,3,,,0,15,,22785,3,,,0,55,,18399,3,,,0,15,,22819,3,,,0,15,,18407,3,,,0,15,,18461,3,,,0,55,,18402,3,,,0,15,,22782,3,,,0,15,,18414,3,,,0,15,,18479,3,,,0,55,,18405,3,,,0,15,,18457,3,,,0,15,,18410,3,,,0,15,,22780,3,,,0,55,,18413,3,,,0,15,,22827,3,,,0,15,,18400,3,,,0,15,,22802,3,,,0,55,,18412,3,,,0,15,,22778,3,,,0,15,,18416,3,,,0,15,,22822,3,,,0,55,,18397,3,,,0,15,,22807,3,,,0,15,,18398,3,,,0,15,,22776,3,,,0,55,,18415,3,,,0,15,,22816,3,,,0,15,,18396,3,,,0,15,,22799,3,,,0,55,,18411,3,,,0,15,,22775,3,,,0,15,,18417,3,,,0,15,,22815,3,,,0,55,,18408,3,,,0,15,,22800,3,,,0,15,,18409,3,,,0,15,,22773,3,,,0,55,,18418,3,,,0,15,,22828,3,,,0,15,,18406,3,,,0,15,,22798,3,,,0,70,,22770,3,,,0,30,,22824,3,,,0,70,,22794,3,,,0,30,,22768,3,,,0,70,,22829,3,,,0,25,,22831,3,,,0,65,,22830,3,,,0
701019,'1800',619,,22857,3,,,0,28,,22890,3,,,0,70,,22875,3,,,0,30,,22856,3,,,0,55,,18518,3,,,0,15,,22893,3,,,0,15,,22834,3,,,0,15,,22864,3,,,0,55,,18502,3,,,0,15,,22853,3,,,0,15,,18519,3,,,0,15,,18581,3,,,0,55,,22833,3,,,0,15,,22873,3,,,0,15,,18503,3,,,0,15,,22852,3,,,0,55,,18498,3,,,0,15,,22886,3,,,0,15,,18506,3,,,0,15,,18560,3,,,0,55,,18501,3,,,0,15,,22849,3,,,0,15,,18513,3,,,0,15,,18578,3,,,0,55,,18504,3,,,0,15,,18556,3,,,0,15,,18509,3,,,0,15,,22847,3,,,0,55,,18512,3,,,0,15,,22894,3,,,0,15,,18499,3,,,0,15,,22869,3,,,0,55,,18511,3,,,0,15,,22845,3,,,0,15,,18515,3,,,0,15,,22889,3,,,0,55,,18496,3,,,0,15,,22874,3,,,0,15,,18497,3,,,0,15,,22843,3,,,0,55,,18514,3,,,0,15,,22883,3,,,0,15,,18495,3,,,0,15,,22866,3,,,0,55,,18510,3,,,0,15,,22842,3,,,0,15,,18516,3,,,0,15,,22882,3,,,0,55,,18507,3,,,0,15,,22867,3,,,0,15,,18508,3,,,0,15,,22840,3,,,0,55,,18517,3,,,0,15,,22895,3,,,0,15,,18505,3,,,0,15,,22865,3,,,0,70,,22837,3,,,0,30,,22891,3,,,0,70,,22861,3,,,0,30,,22835,3,,,0,70,,22896,3,,,0,25,,22898,3,,,0,65,,22897,3,,,0
