1029,'1796',624,,19689,45,,,0,30,,13901,45,,,0,70,,19709,45,,,0,30,,19686,45,,,0,70,,19681,45,,,0,30,,19713,45,,,0,70,,19684,45,,,0,30,,19690,45,,,0,70,,19708,45,,,0,30,,19688,45,,,0,70,,19680,45,,,0,30,,19712,45,,,0,70,,19685,45,,,0,30,,19691,45,,,0,70,,19707,45,,,0,30,,19687,45,,,0,70,,19682,45,,,0,31,,19710,45,,,0,70,,19683,45,,,0,30,,19692,45,,,0,70,,19706,45,,,0,30,,19695,45,,,0,70,,19694,45,,,0,29,,19693,45,,,0,70,,19699,45,,,0,30,,19698,45,,,0,70,,19697,45,,,0,30,,19696,45,,,0,70,,19711,45,,,0,30,,19705,45,,,0,70,,19704,45,,,0,30,,19703,45,,,0,70,,19702,45,,,0,30,,19701,45,,,0,65,,19700,45,,,0
1029,'1797',624,,19719,45,,,0,30,,19731,45,,,0,70,,19738,45,,,0,30,,19726,45,,,0,70,,19747,45,,,0,30,,19735,45,,,0,69,,19718,45,,,0,31,,19730,45,,,0,70,,19741,45,,,0,30,,19725,45,,,0,70,,19748,45,,,0,30,,19734,45,,,0,70,,19717,45,,,0,30,,19729,45,,,0,70,,19740,45,,,0,30,,19724,45,,,0,70,,19720,45,,,0,30,,19733,45,,,0,70,,19716,45,,,0,30,,19728,45,,,0,70,,19736,45,,,0,30,,19723,45,,,0,70,,19745,45,,,0,30,,19732,45,,,0,70,,19715,45,,,0,30,,19727,45,,,0,70,,19739,45,,,0,30,,19721,45,,,0,70,,19743,45,,,0,30,,19742,45,,,0,70,,19714,45,,,0,30,,19722,45,,,0,70,,19737,45,,,0,30,,19746,45,,,0,65,,19744,45,,,0
1029,'1798',624,,19749,45,,,0,100,,19750,45,,,0,100,,19751,45,,,0,100,,19752,45,,,0,100,,19753,45,,,0,100,,19754,45,,,0,100,,19755,45,,,0,100,,19756,45,,,0,100,,19757,45,,,0,100,,19758,45,,,0,100,,19759,45,,,0,100,,19760,45,,,0,100,,19761,45,,,0,100,,19762,45,,,0,100,,19763,45,,,0,100,,19764,45,,,0,100,,19765,45,,,0,95,,19766,45,,,0
1029,'1799',624,,19767,45,,,0,100,,19768,45,,,0,100,,19769,45,,,0,100,,19770,45,,,0,100,,19771,45,,,0,100,,19772,45,,,0,100,,19773,45,,,0,100,,19774,45,,,0,100,,19775,45,,,0,100,,19776,45,,,0,100,,19777,45,,,0,100,,19778,45,,,0,100,,19779,45,,,0,100,,19780,45,,,0,100,,19781,45,,,0,100,,19782,45,,,0,100,,19783,45,,,0,95,,19784,45,,,0
1029,'1800',624,,19785,45,,,0,100,,19786,45,,,0,100,,19787,45,,,0,100,,19788,45,,,0,100,,19789,45,,,0,100,,19790,45,,,0,100,,19791,45,,,0,100,,19792,45,,,0,100,,19793,45,,,0,100,,19794,45,,,0,100,,19795,45,,,0,100,,19796,45,,,0,100,,19797,45,,,0,100,,19798,45,,,0,100,,19799,45,,,0,100,,19800,45,,,0,100,,19801,45,,,0,95,,19802,45,,,0
2029,'1796',542,,14191,27,,,0,67,,14165,42,,,0,30,,14166,42,,,0,70,,14167,42,,,0,30,,14168,42,,,0,70,,14169,42,,,0,30,,14170,42,,,0,70,,14171,42,,,0,30,,14172,42,,,0,70,,14173,42,,,0,30,,14174,42,,,0,70,,14175,42,,,0,30,,14176,42,,,0,70,,14177,42,,,0,30,,14178,42,,,0,70,,14179,42,,,0,30,,14180,42,,,0,70,,14181,42,,,0,30,,14182,42,,,0,70,,14183,42,,,0,30,,14184,42,,,0,70,,14185,42,,,0,30,,14186,42,,,0,70,,14187,42,,,0,30,,14188,42,,,0,70,,14189,42,,,0,30,,14190,42,,,0,70,,14194,42,,,0,30,,14195,42,,,0,100,,14196,42,,,0,100,,14197,42,,,0,100,,14193,42,,,0
2029,'1797',609,,14231,42,0,5 2 15 16 17,0,30,,14214,42,,,0,70,,14221,42,,,0,30,,14200,42,,,0,70,,14206,42,,,0,30,,14215,42,,,0,70,,14222,42,,,0,30,,14201,42,,,0,70,,14207,42,,,0,30,,14216,42,,,0,70,,14223,42,,,0,30,,14202,42,,,0,70,,14208,42,,,0,30,,14217,42,,,0,70,,14224,42,,,0,30,,14203,42,,,0,70,,14209,42,,,0,30,,14218,42,,,0,70,,14225,42,,,0,30,,14204,42,,,0,70,,14210,42,,,0,30,,14219,42,,,0,70,,14226,42,,,0,30,,14205,42,,,0,70,,14211,42,,,0,30,,14220,42,,,0,70,,14227,42,,,0,30,,14212,42,,,0,100,,14228,42,,,0,100,,14213,42,,,0,100,,14229,42,,,0
2029,'1798',639,,14235,42,,,0,70,,14243,42,,,0,30,,14254,42,,,0,70,,14249,42,,,0,30,,14236,42,,,0,70,,14244,42,,,0,30,,14255,42,,,0,70,,14250,42,,,0,30,,14237,42,,,0,70,,14245,42,,,0,30,,14256,42,,,0,70,,14251,42,,,0,30,,14238,42,,,0,70,,14246,42,,,0,30,,14257,42,,,0,70,,14252,42,,,0,30,,14239,42,,,0,70,,14247,42,,,0,30,,14258,42,,,0,70,,14253,42,,,0,30,,14240,42,,,0,70,,14248,42,,,0,30,,14259,42,,,0,100,,14241,42,,,0,100,,14260,42,,,0,100,,14242,42,,,0,100,,14261,42,,,0,100,,14234,42,,,0
2029,'1799',639,,14267,42,,,0,70,,14275,42,,,0,30,,14286,42,,,0,70,,14281,42,,,0,30,,14268,42,,,0,70,,14276,42,,,0,30,,14287,42,,,0,70,,14282,42,,,0,30,,14269,42,,,0,70,,14277,42,,,0,30,,14288,42,,,0,70,,14283,42,,,0,30,,14270,42,,,0,70,,14278,42,,,0,30,,14289,42,,,0,70,,14284,42,,,0,30,,14271,42,,,0,70,,14279,42,,,0,30,,14290,42,,,0,70,,14285,42,,,0,30,,14272,42,,,0,70,,14280,42,,,0,30,,14291,42,,,0,100,,14273,42,,,0,100,,14292,42,,,0,100,,14274,42,,,0,100,,14293,42,,,0,100,,14266,42,,,0
2029,'1800',639,,14299,42,,,0,70,,14307,42,,,0,30,,14318,42,,,0,70,,14313,42,,,0,30,,14300,42,,,0,70,,14308,42,,,0,30,,14319,42,,,0,70,,14314,42,,,0,30,,14301,42,,,0,70,,14309,42,,,0,30,,14320,42,,,0,70,,14315,42,,,0,30,,14302,42,,,0,70,,14310,42,,,0,30,,14321,42,,,0,70,,14316,42,,,0,30,,14303,42,,,0,70,,14311,42,,,0,30,,14322,42,,,0,70,,14317,42,,,0,30,,14304,42,,,0,70,,14312,42,,,0,30,,14323,42,,,0,100,,14305,42,,,0,100,,14324,42,,,0,100,,14306,42,,,0,100,,14325,42,,,0,100,,14298,42,,,0
14000001029,'1796',446,,19519,26,0,18 7,0,102,,23396,26,0,18 7,0,1852,,23398,26,,,0,30,,19523,26,,,0,70,,23400,26,,,0,30,,23397,26,,,0,70,,19524,26,,,0,30,,23399,26,,,0
14000001029,'1797',547,,19531,26,0,18 7,0,1853,,23404,26,,,0,30,,19528,26,,,0,70,,23401,26,,,0,30,,23402,26,,,0,70,,19532,26,,,0,30,,23403,26,,,0
14000001029,'1798',547,,23409,26,0,18 7,0,1853,,23405,26,,,0,30,,19538,26,,,0,70,,23408,26,,,0,30,,23407,26,,,0,70,,19537,26,,,0,30,,23406,26,,,0
14000001029,'1799',547,,23414,26,0,18 7,0,1853,,23410,26,,,0,30,,19545,26,,,0,70,,23413,26,,,0,30,,23412,26,,,0,70,,19544,26,,,0,30,,23411,26,,,0
14000001029,'1800',547,,23419,26,0,18 7,0,1853,,23415,26,,,0,30,,19552,26,,,0,70,,23418,26,,,0,30,,23417,26,,,0,70,,19551,26,,,0,30,,23416,26,,,0
