4019,'1796',625,,19810,6,,,0,30,,19836,6,,,0,71,,19811,6,,,0,27,,19812,6,,,0,76,,19813,6,,,0,24,,19814,6,,,0,76,,19815,6,,,0,27,,19816,6,,,0,70,,19817,6,,,0,30,,19818,6,,,0,70,,19819,6,,,0,32,,19820,6,,,0,70,,19821,6,,,0,30,,19822,6,,,0,70,,19823,6,,,0,30,,19824,6,,,0,70,,19825,6,,,0,73,,19826,6,,,0,30,,19827,6,,,0,71,,19828,6,,,0,24,,19829,6,,,0,76,,19830,6,,,0,23,,19831,6,,,0,76,,19832,6,,,0,21,,19833,6,,,0,35,,19834,6,,,0,69,,19835,6,,,0,30,,19804,6,,,0,70,,19805,6,,,0,30,,19806,6,,,0,70,,19807,6,,,0,30,,19808,6,,,0,70,,19809,6,,,0
4019,'1797',654,,19868,6,,,0,70,,19844,6,,,0,30,,19838,6,,,0,70,,19848,6,,,0,30,,19859,6,,,0,70,,19854,6,,,0,30,,19842,6,,,0,72,,19864,6,,,0,30,,19841,6,,,0,70,,19861,6,,,0,30,,19856,6,,,0,70,,19849,6,,,0,30,,19862,6,,,0,70,,19865,6,,,0,30,,19840,6,,,0,70,,19851,6,,,0,30,,19839,6,,,0,70,,19845,6,,,0,30,,19863,6,,,0,70,,19860,6,,,0,30,,19857,6,,,0,70,,19846,6,,,0,30,,19866,6,,,0,70,,19867,6,,,0,30,,19837,6,,,0,70,,19852,6,,,0,30,,19850,6,,,0,70,,19858,6,,,0,30,,19843,6,,,0,70,,19853,6,,,0,30,,19847,6,,,0,70,,19855,6,,,0
4019,'1798',754,,19892,6,,,0,70,,19893,6,,,0,30,,19890,6,,,0,70,,19894,6,,,0,30,,19891,6,,,0,72,,19875,6,,,0,30,,19879,6,,,0,70,,19883,6,,,0,30,,19886,6,,,0,70,,19871,6,,,0,30,,19874,6,,,0,70,,19878,6,,,0,30,,19882,6,,,0,70,,19884,6,,,0,30,,19870,6,,,0,70,,19873,6,,,0,30,,19877,6,,,0,70,,19881,6,,,0,30,,19885,6,,,0,70,,19869,6,,,0,30,,19872,6,,,0,70,,19876,6,,,0,30,,19880,6,,,0,70,,19889,6,,,0,30,,19895,6,,,0,70,,19887,6,,,0,30,,19896,6,,,0,70,,19888,6,,,0
4019,'1799',754,,19920,6,,,0,70,,19921,6,,,0,30,,19918,6,,,0,70,,19922,6,,,0,30,,19919,6,,,0,72,,19903,6,,,0,30,,19907,6,,,0,70,,19911,6,,,0,30,,19914,6,,,0,70,,19899,6,,,0,30,,19902,6,,,0,70,,19906,6,,,0,30,,19910,6,,,0,70,,19912,6,,,0,30,,19898,6,,,0,70,,19901,6,,,0,30,,19905,6,,,0,70,,19909,6,,,0,30,,19913,6,,,0,70,,19897,6,,,0,30,,19900,6,,,0,70,,19904,6,,,0,30,,19908,6,,,0,70,,19917,6,,,0,30,,19923,6,,,0,70,,19915,6,,,0,30,,19924,6,,,0,70,,19916,6,,,0
4019,'1800',754,,19948,6,,,0,70,,19949,6,,,0,30,,19946,6,,,0,70,,19950,6,,,0,30,,19947,6,,,0,72,,19931,6,,,0,30,,19935,6,,,0,70,,19939,6,,,0,30,,19942,6,,,0,70,,19927,6,,,0,30,,19930,6,,,0,70,,19934,6,,,0,30,,19938,6,,,0,70,,19940,6,,,0,30,,19926,6,,,0,70,,19929,6,,,0,30,,19933,6,,,0,70,,19937,6,,,0,30,,19941,6,,,0,70,,19925,6,,,0,30,,19928,6,,,0,70,,19932,6,,,0,30,,19936,6,,,0,70,,19945,6,,,0,30,,19951,6,,,0,70,,19943,6,,,0,30,,19952,6,,,0,70,,19944,6,,,0
16029,'1796',559,,20908,10,,,0,70,,20909,10,,,0,73,,20910,10,,,0,35,,20911,10,,,0,71,,20912,10,,,0,32,,20913,10,,,0,70,,20914,10,,,0,29,,20915,10,,,0,67,,20916,10,,,0,30,,20917,10,,,0,70,,20918,10,,,0,30,,20919,10,,,0,70,,20920,10,,,0,30,,20921,10,,,0,70,,20922,10,,,0,30,,20923,10,,,0,71,,20924,10,,,0,32,,20925,10,,,0,71,,20926,10,,,0,29,,20927,10,,,0,72,,20928,10,,,0,30,,20929,10,,,0,69,,20930,10,,,0,28,,20931,10,,,0,69,,20932,10,,,0,30,,20938,10,,,0,67,,20933,10,,,0,30,,15912,10,,,0,70,,20934,10,,,0,25,,20935,10,,,0,30,,20936,10,,,0,69,,15916,10,,,0,27,,20937,10,,,0
16029,'1797',601,,15926,10,,,0,27,,15941,10,,,0,30,,15934,10,,,0,67,,15919,10,,,0,30,,15927,10,,,0,71,,15942,10,,,0,30,,15935,10,,,0,70,,15920,10,,,0,31,,15928,10,,,0,70,,15943,10,,,0,30,,15936,10,,,0,70,,15921,10,,,0,30,,15929,10,,,0,70,,15944,10,,,0,31,,15937,10,,,0,70,,15922,10,,,0,31,,15930,10,,,0,69,,15945,10,,,0,31,,15938,10,,,0,70,,15923,10,,,0,30,,15931,10,,,0,70,,15946,10,,,0,29,,15939,10,,,0,69,,15924,10,,,0,31,,15932,10,,,0,69,,15947,10,,,0,30,,15940,10,,,0,70,,15925,10,,,0,29,,15933,10,,,0,71,,15948,10,,,0,96,,15949,10,,,0,33,,15950,10,,,0
16029,'1798',729,,20942,10,,,0,100,,20943,10,,,0,97,,20940,10,,,0,104,,20948,10,,,0,97,,20950,10,,,0,100,,20947,10,,,0,101,,20949,10,,,0,100,,20939,10,,,0,100,,20941,10,,,0,100,,20945,10,,,0,99,,20944,10,,,0,100,,15963,10,,,0,100,,20946,10,,,0,102,,15959,10,,,0,97,,20951,10,,,0
16029,'1799',729,,20955,10,,,0,100,,20956,10,,,0,97,,20953,10,,,0,104,,20961,10,,,0,97,,20963,10,,,0,100,,20960,10,,,0,101,,20962,10,,,0,100,,20952,10,,,0,100,,20954,10,,,0,100,,20958,10,,,0,99,,20957,10,,,0,100,,15978,10,,,0,100,,20959,10,,,0,102,,15974,10,,,0,97,,20964,10,,,0
16029,'1800',729,,20968,10,,,0,100,,20969,10,,,0,97,,20966,10,,,0,104,,20974,10,,,0,97,,20976,10,,,0,100,,20973,10,,,0,101,,20975,10,,,0,100,,20965,10,,,0,100,,20967,10,,,0,100,,20971,10,,,0,99,,20970,10,,,0,100,,15993,10,,,0,100,,20972,10,,,0,102,,15989,10,,,0,97,,20977,10,,,0
32019,'1796',643,,21513,30,,,0,66,,21529,30,,,0,33,,21508,30,,,0,70,,21524,30,,,0,30,,21534,30,,,0,69,,21518,30,,,0,29,,21516,30,,,0,70,,21528,30,,,0,30,,21506,30,,,0,70,,21522,30,,,0,30,,21533,30,,,0,70,,21520,30,,,0,30,,21515,30,,,0,70,,21527,30,,,0,30,,21509,30,,,0,70,,21521,30,,,0,32,,21532,30,,,0,70,,21519,30,,,0,31,,21512,30,,,0,70,,21526,30,,,0,31,,21505,30,,,0,69,,21523,30,,,0,29,,21531,30,,,0,69,,21517,30,,,0,29,,21514,30,,,0,70,,21525,30,,,0,28,,21510,30,,,0,100,,21530,30,,,0,99,,21511,30,,,0,100,,21507,30,,,0,95,,21540,30,0,5 2 8 7,0
32019,'1797',642,,21553,30,,,0,65,,21570,30,,,0,30,,21547,30,,,0,70,,21564,30,,,0,30,,21571,30,,,0,70,,21559,30,,,0,30,,21552,30,,,0,70,,21569,30,,,0,31,,21546,30,,,0,70,,21563,30,,,0,31,,21574,30,,,0,70,,21558,30,,,0,30,,21551,30,,,0,70,,21568,30,,,0,30,,21545,30,,,0,70,,21562,30,,,0,30,,21573,30,,,0,70,,21557,30,,,0,30,,21550,30,,,0,70,,21567,30,,,0,30,,21544,30,,,0,70,,21561,30,,,0,30,,21575,30,,,0,69,,21556,30,,,0,30,,21549,30,,,0,70,,21565,30,,,0,30,,21543,30,,,0,100,,21572,30,,,0,99,,21548,30,,,0,100,,21542,30,,,0,100,,21576,30,0,5 2 8 7,0
32019,'1798',642,,21579,30,,,0,95,,21580,30,,,0,100,,21581,30,,,0,100,,21582,30,,,0,101,,21583,30,,,0,101,,21584,30,,,0,100,,21585,30,,,0,100,,21586,30,,,0,100,,21587,30,,,0,100,,21588,30,,,0,100,,21589,30,,,0,100,,21590,30,,,0,99,,21591,30,,,0,100,,21592,30,,,0,100,,21593,30,,,0,99,,21594,30,,,0,100,,21595,30,,,0,95,,21597,30,0,5 2 8 7,0
32019,'1799',642,,21598,30,,,0,95,,21599,30,,,0,100,,21600,30,,,0,100,,21601,30,,,0,101,,21602,30,,,0,101,,21603,30,,,0,100,,21604,30,,,0,100,,21605,30,,,0,100,,21606,30,,,0,100,,21607,30,,,0,100,,21608,30,,,0,100,,21609,30,,,0,99,,21610,30,,,0,100,,21611,30,,,0,100,,21612,30,,,0,99,,21613,30,,,0,100,,21614,30,,,0,95,,21616,30,0,5 2 8 7,0
32019,'1800',642,,21617,30,,,0,95,,21618,30,,,0,100,,21619,30,,,0,100,,21620,30,,,0,101,,21621,30,,,0,101,,21622,30,,,0,100,,21623,30,,,0,100,,21624,30,,,0,100,,21625,30,,,0,100,,21626,30,,,0,100,,21627,30,,,0,100,,21628,30,,,0,99,,21629,30,,,0,100,,21630,30,,,0,100,,21631,30,,,0,99,,21632,30,,,0,100,,21633,30,,,0,95,,21635,30,0,5 2 8 7,0
