2019,'1796',507,,14046,30,0,5 2 13 14,0,136,,14015,39,,,0,70,,14016,39,,,0,30,,14017,39,,,0,70,,14018,39,,,0,31,,14019,39,,,0,69,,14020,39,,,0,30,,14021,39,,,0,70,,14022,39,,,0,30,,14023,39,,,0,70,,14024,39,,,0,30,,14025,39,,,0,70,,14026,39,,,0,30,,14027,39,,,0,70,,14028,39,,,0,30,,14029,39,,,0,70,,14030,39,,,0,31,,14031,39,,,0,70,,14032,39,,,0,30,,14033,39,,,0,71,,14034,39,,,0,31,,14035,39,,,0,67,,14036,39,,,0,30,,14037,39,,,0,70,,14038,39,,,0,30,,14039,39,,,0,70,,14045,39,,,0,30,,14040,39,,,0,100,,14041,39,,,0,100,,14042,39,,,0,100,,14043,39,,,0,101,,14044,39,,,0
2019,'1797',642,,14047,30,,,0,70,,14054,39,,,0,30,,14063,39,,,0,71,,14070,39,,,0,30,,14048,39,,,0,70,,14055,39,,,0,30,,14064,39,,,0,70,,14071,39,,,0,30,,14049,39,,,0,70,,14056,39,,,0,30,,14065,39,,,0,70,,14072,39,,,0,30,,14050,39,,,0,70,,14057,39,,,0,30,,14066,39,,,0,70,,14073,39,,,0,30,,14051,39,,,0,70,,14058,39,,,0,30,,14067,39,,,0,70,,14074,39,,,0,30,,14052,39,,,0,70,,14059,39,,,0,30,,14068,39,,,0,70,,14075,39,,,0,30,,14053,39,,,0,70,,14060,39,,,0,30,,14069,39,,,0,99,,14061,39,,,0,100,,14076,39,,,0,100,,14062,39,,,0,98,,14077,39,,,0
2019,'1798',711,,14105,39,,,0,30,,14082,39,,,0,70,,14086,39,,,0,30,,14098,39,,,0,72,,14093,39,,,0,30,,14083,39,,,0,70,,14087,39,,,0,30,,14099,39,,,0,70,,14094,39,,,0,30,,14084,39,,,0,70,,14088,39,,,0,30,,14100,39,,,0,70,,14095,39,,,0,30,,14085,39,,,0,70,,14089,39,,,0,30,,14101,39,,,0,70,,14096,39,,,0,30,,14080,39,,,0,70,,14090,39,,,0,30,,14102,39,,,0,70,,14097,39,,,0,30,,14078,39,,,0,70,,14091,39,,,0,30,,14103,39,,,0,100,,14079,39,,,0,99,,14104,39,,,0,100,,14081,39,,,0,100,,14092,39,,,0,99,,14106,39,,,0
2019,'1799',711,,14134,39,,,0,30,,14111,39,,,0,70,,14115,39,,,0,30,,14127,39,,,0,72,,14122,39,,,0,30,,14112,39,,,0,70,,14116,39,,,0,30,,14128,39,,,0,70,,14123,39,,,0,30,,14113,39,,,0,70,,14117,39,,,0,30,,14129,39,,,0,70,,14124,39,,,0,30,,14114,39,,,0,70,,14118,39,,,0,30,,14130,39,,,0,70,,14125,39,,,0,30,,14109,39,,,0,70,,14119,39,,,0,30,,14131,39,,,0,70,,14126,39,,,0,30,,14107,39,,,0,70,,14120,39,,,0,30,,14132,39,,,0,100,,14108,39,,,0,99,,14133,39,,,0,100,,14110,39,,,0,100,,14121,39,,,0,99,,14135,39,,,0
2019,'1800',711,,14163,39,,,0,30,,14140,39,,,0,70,,14144,39,,,0,30,,14156,39,,,0,72,,14151,39,,,0,30,,14141,39,,,0,70,,14145,39,,,0,30,,14157,39,,,0,70,,14152,39,,,0,30,,14142,39,,,0,70,,14146,39,,,0,30,,14158,39,,,0,70,,14153,39,,,0,30,,14143,39,,,0,70,,14147,39,,,0,30,,14159,39,,,0,70,,14154,39,,,0,30,,14138,39,,,0,70,,14148,39,,,0,30,,14160,39,,,0,70,,14155,39,,,0,30,,14136,39,,,0,70,,14149,39,,,0,30,,14161,39,,,0,100,,14137,39,,,0,99,,14162,39,,,0,100,,14139,39,,,0,100,,14150,39,,,0,99,,14164,39,,,0
7019,'1796',543,,14820,19,,,0,103,,14821,19,,,0,71,,14822,19,,,0,32,,14830,19,,,0,72,,14823,19,,,0,29,,14831,19,,,0,68,,14824,19,,,0,30,,14832,19,,,0,70,,14825,19,,,0,30,,14833,19,,,0,70,,14826,19,,,0,30,,14834,19,,,0,70,,14827,19,,,0,30,,14835,19,,,0,70,,14828,19,,,0,30,,14836,19,,,0,71,,14829,19,,,0,33,,14849,19,,,0,73,,14850,19,,,0,26,,14851,19,,,0,70,,14852,19,,,0,30,,14837,19,,,0,68,,14839,19,,,0,30,,14838,19,,,0,70,,14841,19,,,0,28,,14842,19,,,0,70,,14843,19,,,0,28,,14844,19,,,0,70,,14845,19,,,0,30,,14846,19,,,0,100,,14847,19,,,0,71,,14854,4,,,0,28,,14848,19,,,0,100,,14840,19,,,0
7019,'1797',644,,14869,19,,,0,70,,14862,19,,,0,30,,14870,19,,,0,70,,14863,19,,,0,31,,14871,19,,,0,70,,14864,19,,,0,30,,14872,19,,,0,71,,14865,19,,,0,30,,14873,19,,,0,70,,14866,19,,,0,30,,14874,19,,,0,70,,14867,19,,,0,30,,14875,19,,,0,70,,14868,19,,,0,30,,14876,19,,,0,70,,14881,19,,,0,31,,14877,19,,,0,70,,14883,19,,,0,30,,14878,19,,,0,70,,14882,19,,,0,29,,14879,19,,,0,70,,14884,19,,,0,30,,14880,19,,,0,70,,14887,19,,,0,29,,14857,19,,,0,69,,14885,19,,,0,30,,14858,19,,,0,70,,14886,19,,,0,30,,14859,19,,,0,100,,14860,19,,,0,72,,14889,4,,,0,28,,14861,19,,,0
7019,'1798',744,,14896,19,,,0,71,,14924,4,,,0,30,,14897,19,,,0,73,,14916,4,,,0,27,,14906,19,,,0,73,,14923,4,,,0,28,,14898,19,,,0,72,,14915,4,,,0,28,,14899,19,,,0,72,,14922,4,,,0,28,,14900,19,,,0,73,,14914,4,,,0,27,,14901,19,,,0,73,,14921,4,,,0,28,,14902,19,,,0,73,,14913,4,,,0,27,,14903,19,,,0,73,,14920,4,,,0,26,,14904,19,,,0,73,,14912,4,,,0,27,,14892,19,,,0,72,,14919,4,,,0,27,,14893,19,,,0,72,,14917,4,,,0,27,,14891,19,,,0,72,,14918,4,,,0,28,,14895,19,,,0,72,,14925,4,,,0,28,,14894,19,,,0
7019,'1799',744,,14931,19,,,0,71,,14959,4,,,0,30,,14932,19,,,0,73,,14951,4,,,0,27,,14941,19,,,0,73,,14958,4,,,0,28,,14933,19,,,0,72,,14950,4,,,0,28,,14934,19,,,0,72,,14957,4,,,0,28,,14935,19,,,0,73,,14949,4,,,0,27,,14936,19,,,0,73,,14956,4,,,0,28,,14937,19,,,0,73,,14948,4,,,0,27,,14938,19,,,0,73,,14955,4,,,0,26,,14939,19,,,0,73,,14947,4,,,0,27,,14927,19,,,0,72,,14954,4,,,0,27,,14928,19,,,0,72,,14952,4,,,0,27,,14926,19,,,0,72,,14953,4,,,0,28,,14930,19,,,0,72,,14960,4,,,0,28,,14929,19,,,0
7019,'1800',744,,14966,19,,,0,71,,14994,4,,,0,30,,14967,19,,,0,73,,14986,4,,,0,27,,14976,19,,,0,73,,14993,4,,,0,28,,14968,19,,,0,72,,14985,4,,,0,28,,14969,19,,,0,72,,14992,4,,,0,28,,14970,19,,,0,73,,14984,4,,,0,27,,14971,19,,,0,73,,14991,4,,,0,28,,14972,19,,,0,73,,14983,4,,,0,27,,14973,19,,,0,73,,14990,4,,,0,26,,14974,19,,,0,73,,14982,4,,,0,27,,14962,19,,,0,72,,14989,4,,,0,27,,14963,19,,,0,72,,14987,4,,,0,27,,14961,19,,,0,72,,14988,4,,,0,28,,14965,19,,,0,72,,14995,4,,,0,28,,14964,19,,,0
