4029,'1796',620,,19953,4,,,0,30,,19954,4,,,0,71,,19955,4,,,0,24,,19956,4,,,0,76,,19957,4,,,0,24,,19958,4,,,0,71,,19959,4,,,0,30,,19960,4,,,0,70,,19961,4,,,0,30,,19962,4,,,0,70,,19963,4,,,0,31,,19964,4,,,0,70,,19965,4,,,0,30,,19966,4,,,0,70,,19967,4,,,0,30,,19968,4,,,0,70,,19969,4,,,0,35,,19970,4,,,0,65,,19971,4,,,0,36,,19972,4,,,0,64,,19973,4,,,0,36,,19974,4,,,0,64,,19975,4,,,0,36,,19976,4,,,0,67,,19977,4,,,0,29,,19978,4,,,0,70,,19979,4,,,0,30,,19980,4,,,0,71,,19981,4,,,0,30,,19982,4,,,0,70,,19983,4,,,0,30,,19984,4,,,0
4029,'1797',622,,20009,4,,,0,28,,20010,4,,,0,70,,20011,4,,,0,30,,20012,4,,,0,70,,20013,4,,,0,30,,20014,4,,,0,70,,20015,4,,,0,30,,20002,4,,,0,70,,19996,4,,,0,28,,19989,4,,,0,70,,20000,4,,,0,28,,20006,4,,,0,70,,20001,4,,,0,30,,19988,4,,,0,70,,19993,4,,,0,30,,20004,4,,,0,70,,19987,4,,,0,30,,20003,4,,,0,70,,19998,4,,,0,30,,19990,4,,,0,70,,19985,4,,,0,30,,20005,4,,,0,70,,20008,4,,,0,30,,19999,4,,,0,70,,19994,4,,,0,30,,20016,4,,,0,75,,19991,4,,,0,30,,19986,4,,,0,69,,19992,4,,,0,30,,19997,4,,,0,70,,20007,4,,,0,30,,19995,4,,,0
4029,'1798',720,,20038,4,,,0,30,,20040,4,,,0,70,,20036,4,,,0,30,,20039,4,,,0,70,,20037,4,,,0,30,,20029,4,,,0,68,,20032,4,,,0,30,,20017,4,,,0,70,,20022,4,,,0,30,,20025,4,,,0,68,,20028,4,,,0,30,,20030,4,,,0,70,,20018,4,,,0,30,,20021,4,,,0,70,,20024,4,,,0,30,,20027,4,,,0,70,,20031,4,,,0,30,,20019,4,,,0,70,,20020,4,,,0,30,,20023,4,,,0,70,,20026,4,,,0,30,,20044,4,,,0,70,,20043,4,,,0,34,,20045,4,,,0,70,,20042,4,,,0,30,,20035,4,,,0,70,,20041,4,,,0,30,,20033,4,,,0,100,,20034,4,,,0
4029,'1799',720,,20067,4,,,0,30,,20069,4,,,0,70,,20065,4,,,0,30,,20068,4,,,0,70,,20066,4,,,0,30,,20058,4,,,0,68,,20061,4,,,0,30,,20046,4,,,0,70,,20051,4,,,0,30,,20054,4,,,0,68,,20057,4,,,0,30,,20059,4,,,0,70,,20047,4,,,0,30,,20050,4,,,0,70,,20053,4,,,0,30,,20056,4,,,0,70,,20060,4,,,0,30,,20048,4,,,0,70,,20049,4,,,0,30,,20052,4,,,0,70,,20055,4,,,0,30,,20073,4,,,0,70,,20072,4,,,0,34,,20074,4,,,0,70,,20071,4,,,0,30,,20064,4,,,0,70,,20070,4,,,0,30,,20062,4,,,0,100,,20063,4,,,0
4029,'1800',720,,20096,4,,,0,30,,20098,4,,,0,70,,20094,4,,,0,30,,20097,4,,,0,70,,20095,4,,,0,30,,20087,4,,,0,68,,20090,4,,,0,30,,20075,4,,,0,70,,20080,4,,,0,30,,20083,4,,,0,68,,20086,4,,,0,30,,20088,4,,,0,70,,20076,4,,,0,30,,20079,4,,,0,70,,20082,4,,,0,30,,20085,4,,,0,70,,20089,4,,,0,30,,20077,4,,,0,70,,20078,4,,,0,30,,20081,4,,,0,70,,20084,4,,,0,30,,20102,4,,,0,70,,20101,4,,,0,34,,20103,4,,,0,70,,20100,4,,,0,30,,20093,4,,,0,70,,20099,4,,,0,30,,20091,4,,,0,100,,20092,4,,,0
7029,'1796',504,,15002,4,,,0,100,,15003,4,,,0,30,,20395,4,,,0,71,,15005,4,,,0,30,,15006,4,,,0,70,,15007,4,,,0,30,,20396,4,,,0,70,,20397,4,,,0,30,,20398,4,,,0,70,,20399,4,,,0,30,,20400,4,,,0,70,,20401,4,,,0,30,,15014,4,,,0,70,,20392,4,,,0,30,,20393,4,,,0,70,,20394,4,,,0,30,,20391,4,,,0,70,,14996,4,,,0,30,,15001,4,,,0,70,,20402,4,,,0,30,,20403,4,,,0,70,,20404,4,,,0,30,,15018,4,,,0,70,,20405,4,,,0,30,,15020,4,,,0,70,,15021,4,,,0,30,,20406,4,,,0,70,,20407,4,,,0,30,,20408,4,,,0,70,,15025,4,,,0,99,,15026,4,,,0,100,,15027,4,,,0,100,,15028,4,,,0
7029,'1797',636,,20409,4,,,0,70,,20420,4,,,0,30,,20410,4,,,0,69,,20421,4,,,0,30,,20411,4,,,0,70,,15045,4,,,0,30,,20412,4,,,0,70,,20422,4,,,0,30,,20413,4,,,0,70,,20423,4,,,0,30,,15034,4,,,0,70,,15048,4,,,0,30,,20414,4,,,0,70,,20424,4,,,0,30,,15036,4,,,0,70,,20425,4,,,0,30,,15037,4,,,0,70,,15051,4,,,0,30,,20415,4,,,0,70,,20426,4,,,0,30,,20416,4,,,0,70,,20427,4,,,0,30,,20417,4,,,0,70,,15054,4,,,0,30,,20418,4,,,0,70,,20428,4,,,0,30,,20419,4,,,0,69,,20429,4,,,0,100,,15057,4,,,0,100,,15058,4,,,0,100,,15059,4,,,0,30,,20430,4,0,13 14,0
7029,'1798',705,,15063,4,,,0,100,,15064,4,,,0,100,,20432,4,,,0,100,,15066,4,,,0,100,,15067,4,,,0,100,,20433,4,,,0,100,,15069,4,,,0,100,,15070,4,,,0,100,,20434,4,,,0,100,,15072,4,,,0,100,,15073,4,,,0,100,,20435,4,,,0,100,,15075,4,,,0,99,,15076,4,,,0,100,,20431,4,,,0,230,,20436,4,0,13 14,0
7029,'1799',705,,15079,4,,,0,100,,15080,4,,,0,100,,20438,4,,,0,100,,15082,4,,,0,100,,15083,4,,,0,100,,20439,4,,,0,100,,15085,4,,,0,100,,15086,4,,,0,100,,20440,4,,,0,100,,15088,4,,,0,100,,15089,4,,,0,100,,20441,4,,,0,100,,15091,4,,,0,99,,15092,4,,,0,100,,20437,4,,,0,230,,20442,4,0,13 14,0
7029,'1800',705,,15095,4,,,0,100,,15096,4,,,0,100,,20444,4,,,0,100,,15098,4,,,0,100,,15099,4,,,0,100,,20445,4,,,0,100,,15101,4,,,0,100,,15102,4,,,0,100,,20446,4,,,0,100,,15104,4,,,0,100,,15105,4,,,0,100,,20447,4,,,0,100,,15107,4,,,0,99,,15108,4,,,0,100,,20443,4,,,0,230,,20448,4,0,13 14,0
13019,'1796',616,,20594,11,,,0,30,,20595,11,,,0,70,,20596,11,,,0,30,,20597,11,,,0,96,,20598,11,,,0,100,,20599,11,,,0,100,,20600,11,,,0,100,,20601,11,,,0,100,,15427,11,,,0,100,,20602,11,,,0,70,,20603,11,,,0,31,,20604,11,,,0,70,,20605,11,,,0,31,,20611,11,,,0,70,,20606,11,,,0,30,,20612,11,,,0,70,,15433,11,,,0,30,,20610,11,,,0,99,,20607,11,,,0,100,,20609,11,,,0,99,,20608,11,,,0,98,,15437,11,,,0,100,,15436,11,,,0
13019,'1797',705,,20613,11,,,0,101,,20614,11,,,0,100,,20615,11,,,0,100,,20616,11,,,0,101,,15447,11,,,0,100,,20617,11,,,0,100,,15449,11,,,0,100,,15450,11,,,0,100,,20618,11,,,0,100,,20619,11,,,0,99,,20620,11,,,0,100,,20621,11,,,0,100,,20622,11,,,0,99,,20623,11,,,0,100,,15457,11,,,0,200,,20624,11,,,0
13019,'1798',806,,20626,11,,,0,100,,20627,11,,,0,100,,20628,11,,,0,101,,20629,11,,,0,100,,20630,11,,,0,100,,20631,11,,,0,100,,20632,11,,,0,100,,20633,11,,,0,100,,20634,11,,,0,99,,20635,11,,,0,100,,20636,11,,,0,100,,20637,11,,,0,99,,20638,11,,,0,100,,20639,11,,,0,100,,20625,11,,,0
13019,'1799',806,,20641,11,,,0,100,,20642,11,,,0,100,,20643,11,,,0,101,,20644,11,,,0,100,,20645,11,,,0,100,,20646,11,,,0,100,,20647,11,,,0,100,,20648,11,,,0,100,,20649,11,,,0,99,,20650,11,,,0,100,,20651,11,,,0,100,,20652,11,,,0,99,,20653,11,,,0,100,,20654,11,,,0,100,,20640,11,,,0
13019,'1800',806,,20656,11,,,0,100,,20657,11,,,0,100,,20658,11,,,0,101,,20659,11,,,0,100,,20660,11,,,0,100,,20661,11,,,0,100,,20662,11,,,0,100,,20663,11,,,0,100,,20664,11,,,0,99,,20665,11,,,0,100,,20666,11,,,0,100,,20667,11,,,0,99,,20668,11,,,0,100,,20669,11,,,0,100,,20655,11,,,0
501019,'1796',605,,21637,3,,,0,30,,21638,3,,,0,73,,21639,3,,,0,25,,21640,3,,,0,24,,21641,3,,,0,52,,21642,3,,,0,24,,21643,3,,,0,22,,21644,3,,,0,51,,21645,3,,,0,30,,21646,3,,,0,70,,21647,3,,,0,30,,21648,3,,,0,70,,21649,3,,,0,30,,21650,3,,,0,70,,21651,3,,,0,30,,21652,3,,,0,70,,21653,3,,,0,30,,21654,3,,,0,70,,21655,3,,,0,26,,21656,3,,,0,12,,21657,3,,,0,62,,21658,3,,,0,24,,21659,3,,,0,12,,21660,3,,,0,64,,21661,3,,,0,24,,21662,3,,,0,12,,21663,3,,,0,64,,21664,3,,,0,24,,21665,3,,,0,12,,21666,3,,,0,66,,21667,3,,,0,28,,21668,3,,,0,70,,21669,3,,,0,29,,21670,3,,,0,70,,21671,3,,,0,30,,21672,3,,,0,70,,21673,3,,,0,30,,21674,3,,,0,69,,21675,3,,,0,30,,21676,3,,,0,70,,21677,3,,,0
501019,'1797',608,,21687,3,,,0,30,,21690,3,,,0,67,,21686,3,,,0,30,,21689,3,,,0,70,,21685,3,,,0,30,,21691,3,,,0,70,,21684,3,,,0,30,,21688,3,,,0,71,,21697,3,,,0,30,,21707,3,,,0,70,,21698,3,,,0,30,,21708,3,,,0,70,,21699,3,,,0,30,,21709,3,,,0,70,,21700,3,,,0,30,,21710,3,,,0,70,,21701,3,,,0,30,,21711,3,,,0,70,,21702,3,,,0,30,,21712,3,,,0,70,,21703,3,,,0,30,,21705,3,,,0,70,,21704,3,,,0,30,,21706,3,,,0,70,,21683,3,,,0,29,,21696,3,,,0,70,,21682,3,,,0,30,,21694,3,,,0,70,,21681,3,,,0,30,,21695,3,,,0,70,,21680,3,,,0,30,,21692,3,,,0,69,,21679,3,,,0,30,,21693,3,,,0,70,,21678,3,,,0
501019,'1798',608,,21728,3,,,0,30,,21742,3,,,0,67,,21727,3,,,0,30,,21741,3,,,0,70,,21730,3,,,0,30,,21743,3,,,0,70,,21731,3,,,0,30,,21740,3,,,0,71,,21719,3,,,0,30,,21732,3,,,0,70,,21718,3,,,0,30,,21733,3,,,0,70,,21721,3,,,0,30,,21734,3,,,0,70,,21717,3,,,0,30,,21739,3,,,0,70,,21716,3,,,0,30,,21738,3,,,0,70,,21715,3,,,0,30,,21735,3,,,0,70,,21714,3,,,0,30,,21737,3,,,0,70,,21720,3,,,0,30,,21736,3,,,0,69,,21729,3,,,0,30,,21744,3,,,0,70,,21726,3,,,0,30,,21747,3,,,0,70,,21725,3,,,0,30,,21713,3,,,0,70,,21724,3,,,0,30,,21745,3,,,0,69,,21723,3,,,0,30,,21746,3,,,0,70,,21722,3,,,0
501019,'1799',608,,21763,3,,,0,30,,21777,3,,,0,67,,21762,3,,,0,30,,21776,3,,,0,70,,21765,3,,,0,30,,21778,3,,,0,70,,21766,3,,,0,30,,21775,3,,,0,71,,21754,3,,,0,30,,21767,3,,,0,70,,21753,3,,,0,30,,21768,3,,,0,70,,21756,3,,,0,30,,21769,3,,,0,70,,21752,3,,,0,30,,21774,3,,,0,70,,21751,3,,,0,30,,21773,3,,,0,70,,21750,3,,,0,30,,21770,3,,,0,70,,21749,3,,,0,30,,21772,3,,,0,70,,21755,3,,,0,30,,21771,3,,,0,69,,21764,3,,,0,30,,21779,3,,,0,70,,21761,3,,,0,30,,21782,3,,,0,70,,21760,3,,,0,30,,21748,3,,,0,70,,21759,3,,,0,30,,21780,3,,,0,69,,21758,3,,,0,30,,21781,3,,,0,70,,21757,3,,,0
501019,'1800',608,,21798,3,,,0,30,,21812,3,,,0,67,,21797,3,,,0,30,,21811,3,,,0,70,,21800,3,,,0,30,,21813,3,,,0,70,,21801,3,,,0,30,,21810,3,,,0,71,,21789,3,,,0,30,,21802,3,,,0,70,,21788,3,,,0,30,,21803,3,,,0,70,,21791,3,,,0,30,,21804,3,,,0,70,,21787,3,,,0,30,,21809,3,,,0,70,,21786,3,,,0,30,,21808,3,,,0,70,,21785,3,,,0,30,,21805,3,,,0,70,,21784,3,,,0,30,,21807,3,,,0,70,,21790,3,,,0,30,,21806,3,,,0,69,,21799,3,,,0,30,,21814,3,,,0,70,,21796,3,,,0,30,,21817,3,,,0,70,,21795,3,,,0,30,,21783,3,,,0,70,,21794,3,,,0,30,,21815,3,,,0,69,,21793,3,,,0,30,,21816,3,,,0,70,,21792,3,,,0
20007019,'1796',539,,19415,4,,,0,1495,,23319,4,,,0,100,,23320,4,,,0,100,,19418,4,,,0,100,,23322,4,,,0,100,,23321,4,,,0
20007019,'1797',2034,,23323,4,,,0,100,,23324,4,,,0,100,,19423,4,,,0
20007019,'1798',635,,23341,4,,,0,200,,23327,4,,,0,100,,23328,4,,,0,100,,23329,4,,,0,100,,23330,4,,,0,100,,23331,4,,,0,100,,23332,4,,,0,100,,23333,4,,,0,100,,23334,4,,,0,100,,23335,4,,,0,100,,23336,4,,,0,100,,23337,4,,,0,100,,23338,4,,,0,99,,23339,4,,,0,100,,23340,4,,,0,70,,19440,4,,,0,30,,23326,4,,,0,70,,23325,4,,,0
20007019,'1799',635,,23358,4,,,0,200,,23344,4,,,0,100,,23345,4,,,0,100,,23346,4,,,0,100,,23347,4,,,0,100,,23348,4,,,0,100,,23349,4,,,0,100,,23350,4,,,0,100,,23351,4,,,0,100,,23352,4,,,0,100,,23353,4,,,0,100,,23354,4,,,0,100,,23355,4,,,0,99,,23356,4,,,0,100,,23357,4,,,0,70,,19458,4,,,0,30,,23343,4,,,0,70,,23342,4,,,0
20007019,'1800',635,,23375,4,,,0,200,,23361,4,,,0,100,,23362,4,,,0,100,,23363,4,,,0,100,,23364,4,,,0,100,,23365,4,,,0,100,,23366,4,,,0,100,,23367,4,,,0,100,,23368,4,,,0,100,,23369,4,,,0,100,,23370,4,,,0,100,,23371,4,,,0,100,,23372,4,,,0,99,,23373,4,,,0,100,,23374,4,,,0,70,,19476,4,,,0,30,,23360,4,,,0,70,,23359,4,,,0
14000001019,'1796',2358,,23379,6,,,0,70,,23377,6,,,0,30,,19496,6,,,0,70,,23378,6,,,0,30,,23376,6,,,0
14000001019,'1797',2358,,23383,6,,,0,70,,23380,6,,,0,30,,19502,6,,,0,70,,23382,6,,,0,30,,23381,6,,,0
14000001019,'1798',2358,,23386,6,,,0,70,,23385,6,,,0,30,,19504,6,,,0,70,,23387,6,,,0,30,,23384,6,,,0
14000001019,'1799',2358,,23390,6,,,0,70,,23389,6,,,0,30,,19509,6,,,0,70,,23391,6,,,0,30,,23388,6,,,0
14000001019,'1800',2358,,23394,6,,,0,70,,23393,6,,,0,30,,19514,6,,,0,70,,23395,6,,,0,30,,23392,6,,,0
