1029,'1796',556,,19689,10,,,0,71,,13901,10,,,0,25,,19709,10,,,0,69,,19686,10,,,0,30,,19681,10,,,0,70,,19713,10,,,0,30,,19684,10,,,0,71,,19690,10,,,0,30,,19708,10,,,0,70,,19688,10,,,0,30,,19680,10,,,0,70,,19712,10,,,0,30,,19685,10,,,0,70,,19691,10,,,0,30,,19707,10,,,0,70,,19687,10,,,0,30,,19682,10,,,0,71,,19710,10,,,0,32,,19683,10,,,0,70,,19692,10,,,0,29,,19706,10,,,0,69,,19695,10,,,0,30,,19694,10,,,0,70,,19693,10,,,0,34,,19699,10,,,0,70,,19698,10,,,0,30,,19697,10,,,0,70,,19696,10,,,0,29,,19711,10,,,0,70,,19705,10,,,0,30,,19704,10,,,0,70,,19703,10,,,0,30,,19702,10,,,0,70,,19701,10,,,0,25,,19700,10,,,0
1029,'1797',558,,19719,10,,,0,68,,19731,10,,,0,30,,19738,10,,,0,70,,19726,10,,,0,30,,19747,10,,,0,70,,19735,10,,,0,30,,19718,10,,,0,71,,19730,10,,,0,30,,19741,10,,,0,70,,19725,10,,,0,30,,19748,10,,,0,70,,19734,10,,,0,30,,19717,10,,,0,70,,19729,10,,,0,30,,19740,10,,,0,70,,19724,10,,,0,30,,19720,10,,,0,70,,19733,10,,,0,30,,19716,10,,,0,70,,19728,10,,,0,29,,19736,10,,,0,70,,19723,10,,,0,30,,19745,10,,,0,70,,19732,10,,,0,30,,19715,10,,,0,70,,19727,10,,,0,30,,19739,10,,,0,70,,19721,10,,,0,30,,19743,10,,,0,70,,19742,10,,,0,30,,19714,10,,,0,70,,19722,10,,,0,29,,19737,10,,,0,70,,19746,10,,,0,30,,19744,10,,,0
1029,'1798',558,,19749,10,,,0,98,,19750,10,,,0,100,,19751,10,,,0,100,,19752,10,,,0,101,,19753,10,,,0,100,,19754,10,,,0,100,,19755,10,,,0,100,,19756,10,,,0,100,,19757,10,,,0,100,,19758,10,,,0,99,,19759,10,,,0,100,,19760,10,,,0,100,,19761,10,,,0,100,,19762,10,,,0,100,,19763,10,,,0,100,,19764,10,,,0,99,,19765,10,,,0,100,,19766,10,,,0
1029,'1799',558,,19767,10,,,0,98,,19768,10,,,0,100,,19769,10,,,0,100,,19770,10,,,0,101,,19771,10,,,0,100,,19772,10,,,0,100,,19773,10,,,0,100,,19774,10,,,0,100,,19775,10,,,0,100,,19776,10,,,0,99,,19777,10,,,0,100,,19778,10,,,0,100,,19779,10,,,0,100,,19780,10,,,0,100,,19781,10,,,0,100,,19782,10,,,0,99,,19783,10,,,0,100,,19784,10,,,0
1029,'1800',558,,19785,10,,,0,98,,19786,10,,,0,100,,19787,10,,,0,100,,19788,10,,,0,101,,19789,10,,,0,100,,19790,10,,,0,100,,19791,10,,,0,100,,19792,10,,,0,100,,19793,10,,,0,100,,19794,10,,,0,99,,19795,10,,,0,100,,19796,10,,,0,100,,19797,10,,,0,100,,19798,10,,,0,100,,19799,10,,,0,100,,19800,10,,,0,99,,19801,10,,,0,100,,19802,10,,,0
7019,'1796',535,,14820,12,,,0,103,,14821,12,,,0,70,,20282,12,,,0,32,,14830,12,,,0,70,,14823,12,,,0,32,,14831,12,,,0,68,,20283,12,,,0,30,,20288,12,,,0,70,,20284,12,,,0,30,,20289,12,,,0,70,,20285,12,,,0,30,,20290,12,,,0,70,,14827,12,,,0,30,,20291,12,,,0,70,,20286,12,,,0,30,,20292,12,,,0,71,,20287,12,,,0,31,,14849,12,,,0,73,,14850,12,,,0,28,,20298,12,,,0,70,,20299,12,,,0,30,,20293,12,,,0,68,,14839,12,,,0,30,,20294,12,,,0,70,,14841,12,,,0,28,,14842,12,,,0,70,,20295,12,,,0,28,,20296,12,,,0,70,,20297,12,,,0,30,,14846,12,,,0,100,,14847,12,,,0,99,,14848,12,,,0,100,,14840,12,,,0
7019,'1797',637,,14869,12,,,0,69,,20304,12,,,0,30,,20310,12,,,0,70,,20305,12,,,0,31,,20311,12,,,0,70,,20306,12,,,0,30,,14872,12,,,0,71,,20307,12,,,0,30,,20312,12,,,0,70,,20308,12,,,0,30,,20313,12,,,0,70,,14867,12,,,0,30,,14875,12,,,0,70,,20309,12,,,0,30,,20314,12,,,0,70,,14881,12,,,0,31,,20315,12,,,0,70,,14883,12,,,0,30,,14878,12,,,0,70,,20318,12,,,0,29,,20316,12,,,0,70,,20319,12,,,0,30,,20317,12,,,0,70,,20322,12,,,0,29,,14857,12,,,0,69,,20320,12,,,0,30,,20302,12,,,0,70,,20321,12,,,0,30,,20303,12,,,0,100,,14860,12,,,0,100,,14861,12,,,0
7019,'1798',736,,14896,12,,,0,101,,14897,12,,,0,100,,20330,12,,,0,101,,14898,12,,,0,100,,14899,12,,,0,100,,20327,12,,,0,100,,14901,12,,,0,101,,14902,12,,,0,100,,20328,12,,,0,99,,14904,12,,,0,100,,14892,12,,,0,99,,20325,12,,,0,99,,14891,12,,,0,100,,14895,12,,,0,100,,20326,12,,,0
7019,'1799',736,,14931,12,,,0,101,,14932,12,,,0,100,,20352,12,,,0,101,,14933,12,,,0,100,,14934,12,,,0,100,,20349,12,,,0,100,,14936,12,,,0,101,,14937,12,,,0,100,,20350,12,,,0,99,,14939,12,,,0,100,,14927,12,,,0,99,,20347,12,,,0,99,,14926,12,,,0,100,,14930,12,,,0,100,,20348,12,,,0
7019,'1800',736,,14966,12,,,0,101,,14967,12,,,0,100,,20374,12,,,0,101,,14968,12,,,0,100,,14969,12,,,0,100,,20371,12,,,0,100,,14971,12,,,0,101,,14972,12,,,0,100,,20372,12,,,0,99,,14974,12,,,0,100,,14962,12,,,0,99,,20369,12,,,0,99,,14961,12,,,0,100,,14965,12,,,0,100,,20370,12,,,0
