31019,'1796',619,,21409,32,4,,0,26,,21404,32,4,,0,67,,21374,44,4,,0,33,,21389,44,4,,0,70,,21402,44,4,,0,30,,21385,44,4,,0,67,,21382,44,4,,0,29,,21396,44,4,,0,70,,21377,44,4,,0,32,,21390,44,4,,0,68,,21401,44,4,,0,30,,21388,44,4,,0,70,,21383,44,4,,0,30,,21395,44,4,,0,70,,21376,44,4,,0,30,,21391,44,4,,0,71,,21400,44,4,,0,30,,21386,44,4,,0,71,,21380,44,4,,0,31,,21394,44,4,,0,70,,21378,44,4,,0,30,,21392,44,4,,0,69,,21399,44,4,,0,29,,21387,44,4,,0,69,,21381,44,4,,0,30,,21393,44,4,,0,70,,21375,44,4,,0,30,,21410,44,4,,0,70,,21398,44,4,,0,100,,21384,44,4,,0,97,,21379,44,4,,0,100,,21397,44,4,,0
31019,'1797',618,,21446,32,4,,0,26,,21439,32,4,,0,64,,21416,44,4,,0,30,,21432,44,4,,0,71,,21445,44,4,,0,31,,21428,44,4,,0,70,,21422,44,4,,0,30,,21438,44,4,,0,70,,21415,44,4,,0,30,,21431,44,4,,0,70,,21440,44,4,,0,31,,21427,44,4,,0,70,,21421,44,4,,0,30,,21437,44,4,,0,70,,21414,44,4,,0,30,,21430,44,4,,0,70,,21443,44,4,,0,30,,21426,44,4,,0,70,,21420,44,4,,0,30,,21436,44,4,,0,70,,21413,44,4,,0,30,,21429,44,4,,0,70,,21442,44,4,,0,30,,21425,44,4,,0,70,,21419,44,4,,0,30,,21435,44,4,,0,70,,21412,44,4,,0,30,,21447,44,4,,0,70,,21441,44,4,,0,99,,21418,44,4,,0,98,,21411,44,4,,0,99,,21444,44,4,,0
31019,'1798',618,,21465,32,4,,0,90,,21448,44,4,,0,101,,21449,44,4,,0,101,,21450,44,4,,0,100,,21451,44,4,,0,100,,21452,44,4,,0,101,,21453,44,4,,0,100,,21454,44,4,,0,100,,21455,44,4,,0,100,,21456,44,4,,0,100,,21457,44,4,,0,100,,21458,44,4,,0,100,,21459,44,4,,0,100,,21460,44,4,,0,100,,21461,44,4,,0,99,,21462,44,4,,0,98,,21463,44,4,,0,99,,21464,44,4,,0
31019,'1799',618,,21484,32,4,,0,90,,21467,44,4,,0,101,,21468,44,4,,0,101,,21469,44,4,,0,100,,21470,44,4,,0,100,,21471,44,4,,0,101,,21472,44,4,,0,100,,21473,44,4,,0,100,,21474,44,4,,0,100,,21475,44,4,,0,100,,21476,44,4,,0,100,,21477,44,4,,0,100,,21478,44,4,,0,100,,21479,44,4,,0,100,,21480,44,4,,0,99,,21481,44,4,,0,98,,21482,44,4,,0,99,,21483,44,4,,0
31019,'1800',618,,21503,32,4,,0,90,,21486,44,4,,0,101,,21487,44,4,,0,101,,21488,44,4,,0,100,,21489,44,4,,0,100,,21490,44,4,,0,101,,21491,44,4,,0,100,,21492,44,4,,0,100,,21493,44,4,,0,100,,21494,44,4,,0,100,,21495,44,4,,0,100,,21496,44,4,,0,100,,21497,44,4,,0,100,,21498,44,4,,0,100,,21499,44,4,,0,99,,21500,44,4,,0,98,,21501,44,4,,0,99,,21502,44,4,,0
32019,'1796',620,,21513,1,,,0,26,,21529,1,,,0,69,,21508,1,,,0,30,,21524,1,,,0,70,,21534,1,,,0,30,,21518,1,,,0,70,,21516,1,,,0,30,,21528,1,,,0,70,,21506,1,,,0,30,,21522,1,,,0,70,,21533,1,,,0,30,,21520,1,,,0,70,,21515,1,,,0,30,,21527,1,,,0,70,,21509,1,,,0,30,,21521,1,,,0,69,,21532,1,,,0,30,,21519,1,,,0,71,,21512,1,,,0,30,,21526,1,,,0,70,,21505,1,,,0,30,,21523,1,,,0,70,,21531,1,,,0,30,,21517,1,,,0,70,,21514,1,,,0,30,,21525,1,,,0,70,,21510,1,,,0,100,,21530,1,,,0,100,,21511,1,,,0,100,,21507,1,,,0,95,,21540,1,0,5 2 8 7,0
32019,'1797',620,,21553,1,,,0,25,,21570,1,,,0,70,,21547,1,,,0,30,,21564,1,,,0,70,,21571,1,,,0,30,,21559,1,,,0,70,,21552,1,,,0,30,,21569,1,,,0,70,,21546,1,,,0,30,,21563,1,,,0,70,,21574,1,,,0,30,,21558,1,,,0,70,,21551,1,,,0,30,,21568,1,,,0,70,,21545,1,,,0,30,,21562,1,,,0,70,,21573,1,,,0,30,,21557,1,,,0,70,,21550,1,,,0,30,,21567,1,,,0,70,,21544,1,,,0,30,,21561,1,,,0,70,,21575,1,,,0,30,,21556,1,,,0,70,,21549,1,,,0,30,,21565,1,,,0,70,,21543,1,,,0,100,,21572,1,,,0,100,,21548,1,,,0,100,,21542,1,,,0,100,,21576,1,0,5 2 8 7,0
32019,'1798',620,,21579,1,,,0,95,,21580,1,,,0,100,,21581,1,,,0,100,,21582,1,,,0,100,,21583,1,,,0,100,,21584,1,,,0,100,,21585,1,,,0,100,,21586,1,,,0,100,,21587,1,,,0,100,,21588,1,,,0,100,,21589,1,,,0,100,,21590,1,,,0,100,,21591,1,,,0,100,,21592,1,,,0,100,,21593,1,,,0,100,,21594,1,,,0,100,,21595,1,,,0,95,,21597,1,0,5 2 8 7,0
32019,'1799',620,,21598,1,,,0,95,,21599,1,,,0,100,,21600,1,,,0,100,,21601,1,,,0,100,,21602,1,,,0,100,,21603,1,,,0,100,,21604,1,,,0,100,,21605,1,,,0,100,,21606,1,,,0,100,,21607,1,,,0,100,,21608,1,,,0,100,,21609,1,,,0,100,,21610,1,,,0,100,,21611,1,,,0,100,,21612,1,,,0,100,,21613,1,,,0,100,,21614,1,,,0,95,,21616,1,0,5 2 8 7,0
32019,'1800',620,,21617,1,,,0,95,,21618,1,,,0,100,,21619,1,,,0,100,,21620,1,,,0,100,,21621,1,,,0,100,,21622,1,,,0,100,,21623,1,,,0,100,,21624,1,,,0,100,,21625,1,,,0,100,,21626,1,,,0,100,,21627,1,,,0,100,,21628,1,,,0,100,,21629,1,,,0,100,,21630,1,,,0,100,,21631,1,,,0,100,,21632,1,,,0,100,,21633,1,,,0,95,,21635,1,0,5 2 8 7,0
