1019,'1796',557,,13774,33,,,0,70,,19586,33,,,0,30,,19562,33,,,0,70,,19557,33,,,0,31,,19575,33,,,0,71,,19559,33,,,0,30,,19564,33,,,0,70,,19589,33,,,0,30,,19561,33,,,0,70,,19555,33,,,0,71,,19574,33,,,0,30,,19560,33,,,0,70,,19565,33,,,0,30,,19585,33,,,0,70,,19563,33,,,0,30,,19556,33,,,0,70,,19587,33,,,0,31,,19558,33,,,0,70,,19566,33,,,0,30,,19584,33,,,0,69,,19577,33,,,0,30,,19569,33,,,0,70,,19567,33,,,0,29,,19570,33,,,0,30,,19572,33,,,0,70,,19571,33,,,0,29,,19568,33,,,0,70,,19588,33,,,0,30,,19582,33,,,0,70,,19583,33,,,0,30,,19581,33,,,0,69,,19580,33,,,0,74,,19579,33,,,0,30,,19578,33,,,0,70,,19576,33,,,0,25,,19573,33,,,0
1019,'1797',556,,19601,33,,,0,70,,19615,33,,,0,30,,19600,33,,,0,70,,19620,33,,,0,31,,19610,33,,,0,70,,19594,33,,,0,30,,19616,33,,,0,70,,19618,33,,,0,30,,19599,33,,,0,70,,19621,33,,,0,30,,19609,33,,,0,71,,19593,33,,,0,30,,19604,33,,,0,70,,19614,33,,,0,30,,19598,33,,,0,70,,19622,33,,,0,30,,19608,33,,,0,70,,19592,33,,,0,30,,19603,33,,,0,70,,19613,33,,,0,30,,19597,33,,,0,70,,19623,33,,,0,30,,19607,33,,,0,70,,19591,33,,,0,30,,19602,33,,,0,70,,19612,33,,,0,29,,19595,33,,,0,70,,19624,33,,,0,30,,19605,33,,,0,70,,19590,33,,,0,30,,19596,33,,,0,70,,19611,33,,,0,73,,19606,33,,,0,30,,19625,33,,,0,70,,19619,33,,,0,25,,19617,33,,,0
1019,'1798',626,,19626,33,,,0,100,,19627,33,,,0,101,,19628,33,,,0,100,,19629,33,,,0,100,,19630,33,,,0,101,,19631,33,,,0,100,,19632,33,,,0,100,,19633,33,,,0,100,,19634,33,,,0,100,,19635,33,,,0,100,,19636,33,,,0,100,,19637,33,,,0,100,,19638,33,,,0,99,,19639,33,,,0,100,,19640,33,,,0,100,,19641,33,,,0,103,,19642,33,,,0,95,,19643,33,,,0
1019,'1799',626,,19644,33,,,0,100,,19645,33,,,0,101,,19646,33,,,0,100,,19647,33,,,0,100,,19648,33,,,0,101,,19649,33,,,0,100,,19650,33,,,0,100,,19651,33,,,0,100,,19652,33,,,0,100,,19653,33,,,0,100,,19654,33,,,0,100,,19655,33,,,0,100,,19656,33,,,0,99,,19657,33,,,0,100,,19658,33,,,0,100,,19659,33,,,0,103,,19660,33,,,0,95,,19661,33,,,0
1019,'1800',626,,19662,33,,,0,100,,19663,33,,,0,101,,19664,33,,,0,100,,19665,33,,,0,100,,19666,33,,,0,101,,19667,33,,,0,100,,19668,33,,,0,100,,19669,33,,,0,100,,19670,33,,,0,100,,19671,33,,,0,100,,19672,33,,,0,100,,19673,33,,,0,100,,19674,33,,,0,99,,19675,33,,,0,100,,19676,33,,,0,100,,19677,33,,,0,103,,19678,33,,,0,95,,19679,33,,,0
22029,'1796',648,,21307,12,0,19 2 20 21,0,73,,21308,12,0,19 2 20 21,0,30,,21309,12,0,19 2 20 21,0,73,,21310,12,0,19 2 20 21,0,30,,21311,12,0,19 2 20 21,0,71,,21312,14,,,0,27,,21313,14,,,0,70,,21318,14,,,0,30,,21314,14,,,0,70,,21319,14,,,0,30,,21315,14,,,0,70,,21306,14,,,0,30,,21316,14,,,0,70,,21317,14,,,0,31,,21320,14,,,0,70,,21321,14,,,0,30,,21322,14,,,0,70,,21323,14,,,0,32,,21324,14,,,0,70,,21325,14,,,0,30,,21326,14,,,0,68,,21327,14,,,0,30,,21328,14,,,0,70,,21329,14,,,0,27,,21330,14,,,0,70,,16417,14,,,0,30,,21331,14,,,0,65,,21332,14,,,0,30,,21333,14,,,0,69,,16421,14,,,0,27,,21334,12,0,19 2 20 21,0,170,,16423,12,0,19 2 20 21,0,35,,16424,12,0,19 2 20 21,0
22029,'1797',615,,16449,12,0,19 2 20 21,0,30,,16443,12,0,19 2 20 21,0,67,,16450,12,0,19 2 20 21,0,30,,16444,12,0,19 2 20 21,0,71,,16451,12,0,19 2 20 21,0,30,,16425,14,,,0,70,,16426,14,,,0,30,,16427,14,,,0,70,,16428,14,,,0,30,,16429,14,,,0,70,,16430,14,,,0,30,,16431,14,,,0,70,,16432,14,,,0,31,,16433,14,,,0,70,,16434,14,,,0,31,,16435,14,,,0,69,,16436,14,,,0,31,,16437,14,,,0,70,,16438,14,,,0,30,,16439,14,,,0,70,,16440,14,,,0,29,,16441,14,,,0,69,,16442,14,,,0,31,,16445,12,0,19 2 20 21,0,69,,16452,12,0,19 2 20 21,0,30,,16446,12,0,19 2 20 21,0,70,,16453,12,0,19 2 20 21,0,29,,16447,12,0,19 2 20 21,0,70,,16454,12,0,19 2 20 21,0,30,,16448,12,0,19 2 20 21,0,67,,16455,12,0,19 2 20 21,0,33,,16456,12,0,19 2 20 21,0,175,,16458,12,0,19 2 20 21,0,30,,16457,12,0,19 2 20 21,0
22029,'1798',716,,21346,12,0,19 2 20 21,0,97,,21335,14,,,0,100,,21336,14,,,0,100,,21337,14,,,0,100,,21338,14,,,0,100,,21339,14,,,0,101,,21340,14,,,0,100,,21341,14,,,0,100,,21342,14,,,0,100,,21343,14,,,0,99,,21344,14,,,0,100,,16473,12,0,19 2 20 21,0,100,,21345,12,0,19 2 20 21,0,99,,16471,12,0,19 2 20 21,0,100,,21347,12,0,19 2 20 21,0,205,,16475,12,0,19 2 20 21,0,30,,16474,12,0,19 2 20 21,0
22029,'1799',716,,21359,12,0,19 2 20 21,0,97,,21348,14,,,0,100,,21349,14,,,0,100,,21350,14,,,0,100,,21351,14,,,0,100,,21352,14,,,0,101,,21353,14,,,0,100,,21354,14,,,0,100,,21355,14,,,0,100,,21356,14,,,0,99,,21357,14,,,0,100,,16490,12,0,19 2 20 21,0,100,,21358,12,0,19 2 20 21,0,99,,16488,12,0,19 2 20 21,0,100,,21360,12,0,19 2 20 21,0,205,,16492,12,0,19 2 20 21,0,30,,16491,12,0,19 2 20 21,0
22029,'1800',716,,21372,12,0,19 2 20 21,0,97,,21361,14,,,0,100,,21362,14,,,0,100,,21363,14,,,0,100,,21364,14,,,0,100,,21365,14,,,0,101,,21366,14,,,0,100,,21367,14,,,0,100,,21368,14,,,0,100,,21369,14,,,0,99,,21370,14,,,0,100,,16507,12,0,19 2 20 21,0,100,,21371,12,0,19 2 20 21,0,99,,16505,12,0,19 2 20 21,0,100,,21373,12,0,19 2 20 21,0,205,,16509,12,0,19 2 20 21,0,30,,16508,12,0,19 2 20 21,0
