1029,'1796',616,,19689,35,,,0,30,,13901,35,,,0,70,,19709,35,,,0,30,,19686,35,,,0,70,,19681,35,,,0,30,,19713,35,,,0,70,,19684,35,,,0,30,,19690,35,,,0,70,,19708,35,,,0,30,,19688,35,,,0,70,,19680,35,,,0,30,,19712,35,,,0,70,,19685,35,,,0,30,,19691,35,,,0,70,,19707,35,,,0,30,,19687,35,,,0,70,,19682,35,,,0,30,,19710,35,,,0,70,,19683,35,,,0,30,,19692,35,,,0,70,,19706,35,,,0,30,,19695,35,,,0,70,,19694,35,,,0,30,,19693,35,,,0,70,,19699,35,,,0,30,,19698,35,,,0,70,,19697,35,,,0,30,,19696,35,,,0,70,,19711,35,,,0,30,,19705,35,,,0,70,,19704,35,,,0,30,,19703,35,,,0,70,,19702,35,,,0,30,,19701,35,,,0,65,,19700,35,,,0
1029,'1797',616,,19719,35,,,0,30,,19731,35,,,0,70,,19738,35,,,0,30,,19726,35,,,0,70,,19747,35,,,0,30,,19735,35,,,0,69,,19718,35,,,0,31,,19730,35,,,0,70,,19741,35,,,0,30,,19725,35,,,0,70,,19748,35,,,0,30,,19734,35,,,0,70,,19717,35,,,0,30,,19729,35,,,0,70,,19740,35,,,0,30,,19724,35,,,0,70,,19720,35,,,0,30,,19733,35,,,0,70,,19716,35,,,0,30,,19728,35,,,0,70,,19736,35,,,0,30,,19723,35,,,0,70,,19745,35,,,0,30,,19732,35,,,0,70,,19715,35,,,0,30,,19727,35,,,0,70,,19739,35,,,0,30,,19721,35,,,0,70,,19743,35,,,0,30,,19742,35,,,0,70,,19714,35,,,0,30,,19722,35,,,0,70,,19737,35,,,0,30,,19746,35,,,0,65,,19744,35,,,0
1029,'1798',616,,19749,35,,,0,100,,19750,35,,,0,100,,19751,35,,,0,100,,19752,35,,,0,100,,19753,35,,,0,100,,19754,35,,,0,100,,19755,35,,,0,100,,19756,35,,,0,100,,19757,35,,,0,100,,19758,35,,,0,100,,19759,35,,,0,100,,19760,35,,,0,100,,19761,35,,,0,100,,19762,35,,,0,100,,19763,35,,,0,100,,19764,35,,,0,100,,19765,35,,,0,95,,19766,35,,,0
1029,'1799',616,,19767,35,,,0,100,,19768,35,,,0,100,,19769,35,,,0,100,,19770,35,,,0,100,,19771,35,,,0,100,,19772,35,,,0,100,,19773,35,,,0,100,,19774,35,,,0,100,,19775,35,,,0,100,,19776,35,,,0,100,,19777,35,,,0,100,,19778,35,,,0,100,,19779,35,,,0,100,,19780,35,,,0,100,,19781,35,,,0,100,,19782,35,,,0,100,,19783,35,,,0,95,,19784,35,,,0
1029,'1800',616,,19785,35,,,0,100,,19786,35,,,0,100,,19787,35,,,0,100,,19788,35,,,0,100,,19789,35,,,0,100,,19790,35,,,0,100,,19791,35,,,0,100,,19792,35,,,0,100,,19793,35,,,0,100,,19794,35,,,0,100,,19795,35,,,0,100,,19796,35,,,0,100,,19797,35,,,0,100,,19798,35,,,0,100,,19799,35,,,0,100,,19800,35,,,0,100,,19801,35,,,0,95,,19802,35,,,0
2029,'1796',534,,14191,17,,,0,67,,14165,32,,,0,30,,14166,32,,,0,70,,14167,32,,,0,30,,14168,32,,,0,70,,14169,32,,,0,30,,14170,32,,,0,70,,14171,32,,,0,30,,14172,32,,,0,70,,14173,32,,,0,30,,14174,32,,,0,70,,14175,32,,,0,30,,14176,32,,,0,70,,14177,32,,,0,30,,14178,32,,,0,70,,14179,32,,,0,30,,14180,32,,,0,70,,14181,32,,,0,30,,14182,32,,,0,70,,14183,32,,,0,30,,14184,32,,,0,70,,14185,32,,,0,30,,14186,32,,,0,70,,14187,32,,,0,30,,14188,32,,,0,70,,14189,32,,,0,30,,14190,32,,,0,70,,14194,32,,,0,30,,14195,32,,,0,100,,14196,32,,,0,100,,14197,32,,,0,100,,14193,32,,,0
2029,'1797',601,,14231,32,0,5 2 15 16 17,0,30,,14214,32,,,0,70,,14221,32,,,0,30,,14200,32,,,0,70,,14206,32,,,0,30,,14215,32,,,0,70,,14222,32,,,0,30,,14201,32,,,0,70,,14207,32,,,0,30,,14216,32,,,0,70,,14223,32,,,0,30,,14202,32,,,0,70,,14208,32,,,0,30,,14217,32,,,0,70,,14224,32,,,0,30,,14203,32,,,0,70,,14209,32,,,0,30,,14218,32,,,0,70,,14225,32,,,0,30,,14204,32,,,0,70,,14210,32,,,0,30,,14219,32,,,0,70,,14226,32,,,0,30,,14205,32,,,0,70,,14211,32,,,0,30,,14220,32,,,0,70,,14227,32,,,0,30,,14212,32,,,0,100,,14228,32,,,0,100,,14213,32,,,0,100,,14229,32,,,0
2029,'1798',631,,14235,32,,,0,70,,14243,32,,,0,30,,14254,32,,,0,70,,14249,32,,,0,30,,14236,32,,,0,70,,14244,32,,,0,30,,14255,32,,,0,70,,14250,32,,,0,30,,14237,32,,,0,70,,14245,32,,,0,30,,14256,32,,,0,70,,14251,32,,,0,30,,14238,32,,,0,70,,14246,32,,,0,30,,14257,32,,,0,70,,14252,32,,,0,30,,14239,32,,,0,70,,14247,32,,,0,30,,14258,32,,,0,70,,14253,32,,,0,30,,14240,32,,,0,70,,14248,32,,,0,30,,14259,32,,,0,100,,14241,32,,,0,100,,14260,32,,,0,100,,14242,32,,,0,100,,14261,32,,,0,100,,14234,32,,,0
2029,'1799',631,,14267,32,,,0,70,,14275,32,,,0,30,,14286,32,,,0,70,,14281,32,,,0,30,,14268,32,,,0,70,,14276,32,,,0,30,,14287,32,,,0,70,,14282,32,,,0,30,,14269,32,,,0,70,,14277,32,,,0,30,,14288,32,,,0,70,,14283,32,,,0,30,,14270,32,,,0,70,,14278,32,,,0,30,,14289,32,,,0,70,,14284,32,,,0,30,,14271,32,,,0,70,,14279,32,,,0,30,,14290,32,,,0,70,,14285,32,,,0,30,,14272,32,,,0,70,,14280,32,,,0,30,,14291,32,,,0,100,,14273,32,,,0,100,,14292,32,,,0,100,,14274,32,,,0,100,,14293,32,,,0,100,,14266,32,,,0
2029,'1800',631,,14299,32,,,0,70,,14307,32,,,0,30,,14318,32,,,0,70,,14313,32,,,0,30,,14300,32,,,0,70,,14308,32,,,0,30,,14319,32,,,0,70,,14314,32,,,0,30,,14301,32,,,0,70,,14309,32,,,0,30,,14320,32,,,0,70,,14315,32,,,0,30,,14302,32,,,0,70,,14310,32,,,0,30,,14321,32,,,0,70,,14316,32,,,0,30,,14303,32,,,0,70,,14311,32,,,0,30,,14322,32,,,0,70,,14317,32,,,0,30,,14304,32,,,0,70,,14312,32,,,0,30,,14323,32,,,0,100,,14305,32,,,0,100,,14324,32,,,0,100,,14306,32,,,0,100,,14325,32,,,0,100,,14298,32,,,0
14000001029,'1796',439,,19519,16,0,18 7,0,102,,23396,16,0,18 7,0,1812,,23398,16,,,0,70,,19523,16,,,0,30,,23400,16,,,0,70,,23397,16,,,0,30,,19524,16,,,0,70,,23399,16,,,0
14000001029,'1797',540,,19531,16,0,18 7,0,1813,,23404,16,,,0,70,,19528,16,,,0,30,,23401,16,,,0,70,,23402,16,,,0,30,,19532,16,,,0,70,,23403,16,,,0
14000001029,'1798',540,,23409,16,0,18 7,0,1813,,23405,16,,,0,70,,19538,16,,,0,30,,23408,16,,,0,70,,23407,16,,,0,30,,19537,16,,,0,70,,23406,16,,,0
14000001029,'1799',540,,23414,16,0,18 7,0,1813,,23410,16,,,0,70,,19545,16,,,0,30,,23413,16,,,0,70,,23412,16,,,0,30,,19544,16,,,0,70,,23411,16,,,0
14000001029,'1800',540,,23419,16,0,18 7,0,1813,,23415,16,,,0,70,,19552,16,,,0,30,,23418,16,,,0,70,,23417,16,,,0,30,,19551,16,,,0,70,,23416,16,,,0
