13019,'1796',630,,20594,26,,,0,70,,20595,26,,,0,30,,20596,26,,,0,70,,20597,26,,,0,56,,20598,26,,,0,100,,20599,26,,,0,100,,20600,26,,,0,100,,20601,26,,,0,100,,15427,26,,,0,100,,20602,26,,,0,70,,20603,26,,,0,31,,20604,26,,,0,72,,20605,26,,,0,71,,20611,26,,,0,30,,20606,26,,,0,70,,20612,26,,,0,30,,15433,26,,,0,70,,20610,26,,,0,57,,20607,26,,,0,100,,20609,26,,,0,99,,20608,26,,,0,98,,15437,26,,,0,71,,15435,5,,,0,29,,15436,26,,,0
13019,'1797',719,,20613,26,,,0,101,,20614,26,,,0,100,,20615,26,,,0,100,,20616,26,,,0,101,,15447,26,,,0,101,,20617,26,,,0,100,,15449,26,,,0,100,,15450,26,,,0,100,,20618,26,,,0,100,,20619,26,,,0,98,,20620,26,,,0,100,,20621,26,,,0,100,,20622,26,,,0,99,,20623,26,,,0,100,,15457,26,,,0,200,,20624,26,,,0
13019,'1798',820,,20626,26,,,0,100,,20627,26,,,0,100,,20628,26,,,0,101,,20629,26,,,0,101,,20630,26,,,0,100,,20631,26,,,0,100,,20632,26,,,0,100,,20633,26,,,0,100,,20634,26,,,0,98,,20635,26,,,0,100,,20636,26,,,0,100,,20637,26,,,0,99,,20638,26,,,0,100,,20639,26,,,0,100,,20625,26,,,0
13019,'1799',820,,20641,26,,,0,100,,20642,26,,,0,100,,20643,26,,,0,101,,20644,26,,,0,101,,20645,26,,,0,100,,20646,26,,,0,100,,20647,26,,,0,100,,20648,26,,,0,100,,20649,26,,,0,98,,20650,26,,,0,100,,20651,26,,,0,100,,20652,26,,,0,99,,20653,26,,,0,100,,20654,26,,,0,100,,20640,26,,,0
13019,'1800',820,,20656,26,,,0,100,,20657,26,,,0,100,,20658,26,,,0,101,,20659,26,,,0,101,,20660,26,,,0,100,,20661,26,,,0,100,,20662,26,,,0,100,,20663,26,,,0,100,,20664,26,,,0,98,,20665,26,,,0,100,,20666,26,,,0,100,,20667,26,,,0,99,,20668,26,,,0,100,,20669,26,,,0,100,,20655,26,,,0
15029,'1796',628,,20792,36,,,0,20,,15687,36,,,0,71,,15688,76,,,0,32,,15689,76,,,0,74,,20793,76,,,0,29,,20794,76,,,0,73,,20795,76,,,0,30,,20796,76,,,0,65,,20797,76,,,0,30,,20798,76,,,0,70,,15696,76,,,0,30,,20799,76,,,0,70,,20800,76,,,0,30,,20801,76,,,0,70,,20802,76,,,0,30,,15701,76,,,0,70,,15702,76,,,0,34,,20803,76,,,0,73,,20804,76,,,0,75,,15705,76,,,0,32,,20805,76,,,0,68,,20806,76,,,0,25,,20807,76,,,0,23,,15709,76,,,0,69,,20808,76,,,0,29,,20809,76,,,0,67,,20810,76,,,0,30,,15713,76,,,0,70,,20811,76,,,0,30,,20812,76,,,0,70,,20813,76,,,0,98,,20815,76,,,0,97,,20814,76,,,0
15029,'1797',622,,20817,36,,,0,133,,20818,76,,,0,93,,15723,76,,,0,100,,20819,76,,,0,100,,20820,76,,,0,103,,15726,76,,,0,100,,20821,76,,,0,100,,20822,76,,,0,105,,15729,76,,,0,100,,20823,76,,,0,98,,20824,76,,,0,98,,15732,76,,,0,99,,20825,76,,,0,99,,20816,76,,,0,100,,15720,76,,,0
15029,'1798',750,,15747,76,,,0,98,,20829,76,,,0,102,,15744,76,,,0,100,,15745,76,,,0,102,,20830,76,,,0,100,,15742,76,,,0,100,,15739,76,,,0,102,,20828,76,,,0,100,,15741,76,,,0,99,,15738,76,,,0,99,,20827,76,,,0,99,,15736,76,,,0,99,,15737,76,,,0,100,,20826,76,,,0
15029,'1799',750,,15761,76,,,0,98,,20834,76,,,0,102,,15758,76,,,0,100,,15759,76,,,0,102,,20835,76,,,0,100,,15756,76,,,0,100,,15753,76,,,0,102,,20833,76,,,0,100,,15755,76,,,0,99,,15752,76,,,0,99,,20832,76,,,0,99,,15750,76,,,0,99,,15751,76,,,0,100,,20831,76,,,0
15029,'1800',750,,15775,76,,,0,98,,20839,76,,,0,102,,15772,76,,,0,100,,15773,76,,,0,102,,20840,76,,,0,100,,15770,76,,,0,100,,15767,76,,,0,102,,20838,76,,,0,100,,15769,76,,,0,99,,15766,76,,,0,99,,20837,76,,,0,99,,15764,76,,,0,99,,15765,76,,,0,100,,20836,76,,,0
19019,'1796',840,,20983,13,,,0,68,,20980,13,,,0,30,,20978,13,,,0,70,,20979,13,,,0,30,,20984,13,,,0,70,,20986,13,,,0,30,,15999,13,,,0,70,,20994,13,,,0,30,,20982,13,,,0,70,,20993,13,,,0,30,,15997,13,,,0,70,,20995,13,,,0,30,,20991,13,,,0,72,,20981,13,,,0,31,,16007,13,,,0,297,,20990,13,,,0,70,,20996,13,,,0,30,,20989,13,,,0,100,,20988,13,,,0,99,,20987,13,,,0,99,,20992,13,,,0,100,,20985,13,,,0
19019,'1797',626,,16048,13,,,0,80,,21010,13,,,0,30,,21001,13,,,0,70,,21020,13,,,0,30,,21012,13,,,0,70,,21003,13,,,0,30,,20998,13,,,0,70,,21018,13,,,0,31,,21019,13,,,0,71,,21011,13,,,0,30,,21002,13,,,0,70,,21000,13,,,0,30,,21014,13,,,0,70,,21008,13,,,0,30,,21016,13,,,0,70,,21024,13,,,0,31,,21017,13,,,0,71,,20999,13,,,0,30,,20997,13,,,0,70,,21004,13,,,0,30,,21013,13,,,0,68,,21007,13,,,0,29,,21005,13,,,0,70,,21015,13,,,0,30,,21021,13,,,0,70,,21006,13,,,0,30,,21022,13,,,0,110,,16044,13,,,0,70,,21009,13,,,0,100,,16035,13,,,0,100,,16030,13,,,0,25,,21023,13,,,0
19019,'1798',624,,21038,13,,,0,112,,21025,13,,,0,100,,21042,13,,,0,70,,21030,13,,,0,30,,21031,13,,,0,70,,21035,13,,,0,31,,21049,13,,,0,71,,21047,13,,,0,30,,21048,13,,,0,70,,21028,13,,,0,30,,21050,13,,,0,70,,21027,13,,,0,30,,21052,13,,,0,70,,21043,13,,,0,31,,21045,13,,,0,71,,21033,13,,,0,30,,21036,13,,,0,70,,21039,13,,,0,30,,21041,13,,,0,68,,21029,13,,,0,29,,21032,13,,,0,70,,21046,13,,,0,30,,21034,13,,,0,70,,21037,13,,,0,30,,21026,13,,,0,70,,21044,13,,,0,45,,21040,13,,,0,100,,16072,13,,,0,100,,16073,13,,,0,84,,21051,13,,,0
19019,'1799',624,,21066,13,,,0,112,,21053,13,,,0,100,,21070,13,,,0,70,,21058,13,,,0,30,,21059,13,,,0,70,,21063,13,,,0,31,,21077,13,,,0,71,,21075,13,,,0,30,,21076,13,,,0,70,,21056,13,,,0,30,,21078,13,,,0,70,,21055,13,,,0,30,,21080,13,,,0,70,,21071,13,,,0,31,,21073,13,,,0,71,,21061,13,,,0,30,,21064,13,,,0,70,,21067,13,,,0,30,,21069,13,,,0,68,,21057,13,,,0,29,,21060,13,,,0,70,,21074,13,,,0,30,,21062,13,,,0,70,,21065,13,,,0,30,,21054,13,,,0,70,,21072,13,,,0,45,,21068,13,,,0,100,,16102,13,,,0,100,,16103,13,,,0,84,,21079,13,,,0
19019,'1800',624,,21094,13,,,0,112,,21081,13,,,0,100,,21098,13,,,0,70,,21086,13,,,0,30,,21087,13,,,0,70,,21091,13,,,0,31,,21105,13,,,0,71,,21103,13,,,0,30,,21104,13,,,0,70,,21084,13,,,0,30,,21106,13,,,0,70,,21083,13,,,0,30,,21108,13,,,0,70,,21099,13,,,0,31,,21101,13,,,0,71,,21089,13,,,0,30,,21092,13,,,0,70,,21095,13,,,0,30,,21097,13,,,0,68,,21085,13,,,0,29,,21088,13,,,0,70,,21102,13,,,0,30,,21090,13,,,0,70,,21093,13,,,0,30,,21082,13,,,0,70,,21100,13,,,0,45,,21096,13,,,0,100,,16132,13,,,0,100,,16133,13,,,0,84,,21107,13,,,0
10019019,'1796',615,,23301,12,,,0,26,,23302,12,,,0,70,,23300,12,,,0,30,,19375,12,,,0,70,,23303,12,,,0,804,,23306,12,,,0,30,,19381,12,,,0,70,,23304,12,,,0,30,,23307,12,,,0,67,,19380,12,,,0,210,,23305,12,,,0
