2029,'1796',542,,14165,11,,,0,70,,14166,11,,,0,30,,14167,11,,,0,65,,14168,11,,,0,28,,14169,11,,,0,71,,14170,11,,,0,31,,14171,11,,,0,70,,14172,11,,,0,30,,14173,11,,,0,70,,14174,11,,,0,30,,14175,11,,,0,70,,14176,11,,,0,30,,14177,11,,,0,70,,14178,11,,,0,30,,14179,11,,,0,70,,14180,11,,,0,30,,14181,11,,,0,70,,14182,11,,,0,30,,14183,11,,,0,70,,14184,11,,,0,30,,14185,11,,,0,70,,14186,11,,,0,31,,14187,11,,,0,72,,14188,11,,,0,27,,14189,11,,,0,70,,14190,11,,,0,30,,14194,11,,,0,70,,14195,11,,,0,29,,14198,11,0,5 2 13 14,0,71,,14196,11,,,0,100,,14197,11,,,0,100,,14193,11,,,0,99,,14192,11,0,5 2 13 14,0,96,,14199,11,0,5 2 13 14,0
2029,'1797',542,,14231,11,0,5 2 15 16 17,0,70,,14214,11,,,0,30,,14221,11,,,0,65,,14200,11,,,0,30,,14206,11,,,0,70,,14215,11,,,0,30,,14222,11,,,0,70,,14201,11,,,0,30,,14207,11,,,0,70,,14216,11,,,0,30,,14223,11,,,0,70,,14202,11,,,0,30,,14208,11,,,0,70,,14217,11,,,0,30,,14224,11,,,0,70,,14203,11,,,0,30,,14209,11,,,0,70,,14218,11,,,0,30,,14225,11,,,0,70,,14204,11,,,0,30,,14210,11,,,0,70,,14219,11,,,0,30,,14226,11,,,0,70,,14205,11,,,0,30,,14211,11,,,0,70,,14220,11,,,0,30,,14227,11,,,0,70,,14212,11,,,0,31,,14233,11,0,5 2 13 14,0,69,,14228,11,,,0,100,,14213,11,,,0,100,,14229,11,,,0,95,,14230,11,0,5 2 13 14,0,99,,14232,11,0,5 2 13 14,0
2029,'1798',612,,14235,11,,,0,30,,14243,11,,,0,67,,14254,11,,,0,28,,14249,11,,,0,70,,14236,11,,,0,30,,14244,11,,,0,70,,14255,11,,,0,30,,14250,11,,,0,70,,14237,11,,,0,30,,14245,11,,,0,70,,14256,11,,,0,30,,14251,11,,,0,70,,14238,11,,,0,30,,14246,11,,,0,70,,14257,11,,,0,30,,14252,11,,,0,70,,14239,11,,,0,30,,14247,11,,,0,70,,14258,11,,,0,30,,14253,11,,,0,70,,14240,11,,,0,30,,14248,11,,,0,70,,14259,11,,,0,29,,14263,11,0,5 2 13 14,0,71,,14241,11,,,0,29,,14262,11,0,5 2 13 14,0,71,,14260,11,,,0,100,,14242,11,,,0,100,,14261,11,,,0,100,,14234,11,,,0,94,,14264,11,0,5 2 13 14,0,101,,14265,11,0,5 2 13 14,0
2029,'1799',612,,14267,11,,,0,30,,14275,11,,,0,67,,14286,11,,,0,28,,14281,11,,,0,70,,14268,11,,,0,30,,14276,11,,,0,70,,14287,11,,,0,30,,14282,11,,,0,70,,14269,11,,,0,30,,14277,11,,,0,70,,14288,11,,,0,30,,14283,11,,,0,70,,14270,11,,,0,30,,14278,11,,,0,70,,14289,11,,,0,30,,14284,11,,,0,70,,14271,11,,,0,30,,14279,11,,,0,70,,14290,11,,,0,30,,14285,11,,,0,70,,14272,11,,,0,30,,14280,11,,,0,70,,14291,11,,,0,29,,14295,11,0,5 2 13 14,0,71,,14273,11,,,0,29,,14294,11,0,5 2 13 14,0,71,,14292,11,,,0,100,,14274,11,,,0,100,,14293,11,,,0,100,,14266,11,,,0,94,,14296,11,0,5 2 13 14,0,101,,14297,11,0,5 2 13 14,0
2029,'1800',612,,14299,11,,,0,30,,14307,11,,,0,67,,14318,11,,,0,28,,14313,11,,,0,70,,14300,11,,,0,30,,14308,11,,,0,70,,14319,11,,,0,30,,14314,11,,,0,70,,14301,11,,,0,30,,14309,11,,,0,70,,14320,11,,,0,30,,14315,11,,,0,70,,14302,11,,,0,30,,14310,11,,,0,70,,14321,11,,,0,30,,14316,11,,,0,70,,14303,11,,,0,30,,14311,11,,,0,70,,14322,11,,,0,30,,14317,11,,,0,70,,14304,11,,,0,30,,14312,11,,,0,70,,14323,11,,,0,29,,14327,11,0,5 2 13 14,0,71,,14305,11,,,0,29,,14326,11,0,5 2 13 14,0,71,,14324,11,,,0,100,,14306,11,,,0,100,,14325,11,,,0,100,,14298,11,,,0,94,,14328,11,0,5 2 13 14,0,101,,14329,11,0,5 2 13 14,0
7029,'1796',520,,15002,23,,,0,103,,15003,23,,,0,28,,20395,23,,,0,72,,15005,23,,,0,30,,15006,23,,,0,71,,15007,23,,,0,29,,20396,23,,,0,70,,20397,23,,,0,30,,20398,23,,,0,70,,20399,23,,,0,30,,20400,23,,,0,70,,20401,23,,,0,30,,15014,23,,,0,70,,20392,23,,,0,30,,20393,23,,,0,70,,20394,23,,,0,31,,20391,23,,,0,70,,14996,23,,,0,32,,15001,23,,,0,69,,20402,23,,,0,30,,20403,23,,,0,70,,20404,23,,,0,28,,15018,23,,,0,70,,20405,23,,,0,30,,15020,23,,,0,70,,15021,23,,,0,30,,20406,23,,,0,70,,20407,23,,,0,30,,20408,23,,,0,69,,15025,23,,,0,101,,15026,23,,,0,99,,15027,23,,,0,100,,15028,23,,,0
7029,'1797',623,,15060,12,,,0,29,,20409,23,,,0,70,,20420,23,,,0,30,,20410,23,,,0,70,,20421,23,,,0,30,,20411,23,,,0,70,,15045,23,,,0,30,,20412,23,,,0,70,,20422,23,,,0,30,,20413,23,,,0,70,,20423,23,,,0,30,,15034,23,,,0,70,,15048,23,,,0,30,,20414,23,,,0,70,,20424,23,,,0,30,,15036,23,,,0,71,,20425,23,,,0,30,,15037,23,,,0,70,,15051,23,,,0,30,,20415,23,,,0,69,,20426,23,,,0,30,,20416,23,,,0,70,,20427,23,,,0,30,,20417,23,,,0,70,,15054,23,,,0,30,,20418,23,,,0,70,,20428,23,,,0,30,,20419,23,,,0,70,,20429,23,,,0,100,,15057,23,,,0,100,,15058,23,,,0,100,,15059,23,,,0
7029,'1798',722,,15063,23,,,0,100,,15064,23,,,0,100,,20432,23,,,0,100,,15066,23,,,0,100,,15067,23,,,0,100,,20433,23,,,0,100,,15069,23,,,0,101,,15070,23,,,0,100,,20434,23,,,0,99,,15072,23,,,0,100,,15073,23,,,0,100,,20435,23,,,0,100,,15075,23,,,0,100,,15076,23,,,0,100,,20431,23,,,0
7029,'1799',722,,15079,23,,,0,100,,15080,23,,,0,100,,20438,23,,,0,100,,15082,23,,,0,100,,15083,23,,,0,100,,20439,23,,,0,100,,15085,23,,,0,101,,15086,23,,,0,100,,20440,23,,,0,99,,15088,23,,,0,100,,15089,23,,,0,100,,20441,23,,,0,100,,15091,23,,,0,100,,15092,23,,,0,100,,20437,23,,,0
7029,'1800',722,,15095,23,,,0,100,,15096,23,,,0,100,,20444,23,,,0,100,,15098,23,,,0,100,,15099,23,,,0,100,,20445,23,,,0,100,,15101,23,,,0,101,,15102,23,,,0,100,,20446,23,,,0,99,,15104,23,,,0,100,,15105,23,,,0,100,,20447,23,,,0,100,,15107,23,,,0,100,,15108,23,,,0,100,,20443,23,,,0
