11019,'1796',705,,20476,12,,,0,100,,20477,12,,,0,100,,20478,12,,,0,100,,20479,12,,,0,100,,20480,12,,,0,100,,15258,12,,,0,100,,20481,12,,,0,100,,15260,12,,,0,98,,20482,12,,,0,100,,20483,12,,,0,100,,15263,12,,,0,102,,15264,12,,,0,100,,20484,12,,,0,100,,15266,12,,,0,98,,20485,12,,,0
11019,'1797',705,,20489,12,,,0,100,,20490,12,,,0,100,,20491,12,,,0,100,,20492,12,,,0,100,,20493,12,,,0,103,,20494,12,,,0,100,,20495,12,,,0,100,,15278,12,,,0,100,,20496,12,,,0,100,,15280,12,,,0,100,,15281,12,,,0,97,,20497,12,,,0,100,,20487,12,,,0,100,,20488,12,,,0
11019,'1798',905,,20499,12,,,0,100,,20500,12,,,0,103,,20501,12,,,0,100,,20502,12,,,0,100,,20503,12,,,0,100,,20504,12,,,0,100,,20505,12,,,0,100,,20506,12,,,0,100,,20507,12,,,0,97,,20508,12,,,0,100,,20509,12,,,0,100,,20510,12,,,0
11019,'1799',905,,20511,12,,,0,100,,20512,12,,,0,103,,20513,12,,,0,100,,20514,12,,,0,100,,20515,12,,,0,100,,20516,12,,,0,100,,20517,12,,,0,100,,20518,12,,,0,100,,20519,12,,,0,97,,20520,12,,,0,100,,20521,12,,,0,100,,20522,12,,,0
11019,'1800',905,,20523,12,,,0,100,,20524,12,,,0,103,,20525,12,,,0,100,,20526,12,,,0,100,,20527,12,,,0,100,,20528,12,,,0,100,,20529,12,,,0,100,,20530,12,,,0,100,,20531,12,,,0,97,,20532,12,,,0,100,,20533,12,,,0,100,,20534,12,,,0
32019,'1796',431,,21539,3,,,0,89,,16677,3,,,0,30,,21541,3,,,0,70,,21538,3,,,0,30,,21513,33,,,0,68,,21529,33,,,0,30,,21508,33,,,0,70,,21524,33,,,0,30,,21534,33,,,0,70,,21518,33,,,0,30,,21516,33,,,0,70,,21528,33,,,0,30,,21506,33,,,0,70,,21522,33,,,0,30,,21533,33,,,0,70,,21520,33,,,0,30,,21515,33,,,0,70,,21527,33,,,0,30,,21509,33,,,0,70,,21521,33,,,0,30,,21532,33,,,0,70,,21519,33,,,0,31,,21512,33,,,0,72,,21526,33,,,0,28,,21505,33,,,0,70,,21523,33,,,0,29,,21531,33,,,0,70,,21517,33,,,0,30,,21514,33,,,0,69,,21525,33,,,0,30,,21510,33,,,0,70,,21535,3,,,0,30,,21530,33,,,0,70,,21537,3,,,0,30,,21511,33,,,0,70,,21536,3,,,0,30,,21507,33,,,0
32019,'1797',521,,21577,3,,,0,30,,21578,3,,,0,70,,21560,3,,,0,26,,21553,33,,,0,70,,21570,33,,,0,30,,21547,33,,,0,70,,21564,33,,,0,30,,21571,33,,,0,70,,21559,33,,,0,29,,21552,33,,,0,71,,21569,33,,,0,31,,21546,33,,,0,70,,21563,33,,,0,30,,21574,33,,,0,70,,21558,33,,,0,30,,21551,33,,,0,70,,21568,33,,,0,30,,21545,33,,,0,70,,21562,33,,,0,30,,21573,33,,,0,70,,21557,33,,,0,30,,21550,33,,,0,70,,21567,33,,,0,30,,21544,33,,,0,70,,21561,33,,,0,30,,21575,33,,,0,70,,21556,33,,,0,30,,21549,33,,,0,69,,21565,33,,,0,30,,21543,33,,,0,70,,21555,3,,,0,30,,21572,33,,,0,70,,21566,3,,,0,30,,21548,33,,,0,70,,21554,3,,,0,30,,21542,33,,,0
32019,'1798',551,,21596,3,,,0,96,,21579,33,,,0,100,,21580,33,,,0,100,,21581,33,,,0,99,,21582,33,,,0,102,,21583,33,,,0,100,,21584,33,,,0,100,,21585,33,,,0,100,,21586,33,,,0,100,,21587,33,,,0,100,,21588,33,,,0,100,,21589,33,,,0,100,,21590,33,,,0,100,,21591,33,,,0,99,,21592,33,,,0,100,,21593,33,,,0,100,,21594,33,,,0,100,,21595,33,,,0
32019,'1799',551,,21615,3,,,0,96,,21598,33,,,0,100,,21599,33,,,0,100,,21600,33,,,0,99,,21601,33,,,0,102,,21602,33,,,0,100,,21603,33,,,0,100,,21604,33,,,0,100,,21605,33,,,0,100,,21606,33,,,0,100,,21607,33,,,0,100,,21608,33,,,0,100,,21609,33,,,0,100,,21610,33,,,0,99,,21611,33,,,0,100,,21612,33,,,0,100,,21613,33,,,0,100,,21614,33,,,0
32019,'1800',551,,21634,3,,,0,96,,21617,33,,,0,100,,21618,33,,,0,100,,21619,33,,,0,99,,21620,33,,,0,102,,21621,33,,,0,100,,21622,33,,,0,100,,21623,33,,,0,100,,21624,33,,,0,100,,21625,33,,,0,100,,21626,33,,,0,100,,21627,33,,,0,100,,21628,33,,,0,100,,21629,33,,,0,99,,21630,33,,,0,100,,21631,33,,,0,100,,21632,33,,,0,100,,21633,33,,,0
701019,'1796',605,,18088,9,,,0,31,,22574,9,,,0,18,,18090,9,,,0,55,,22575,9,,,0,16,,18092,9,,,0,15,,18093,9,,,0,15,,18094,9,,,0,55,,22576,9,,,0,15,,18096,9,,,0,15,,22577,9,,,0,15,,18098,9,,,0,55,,18099,9,,,0,15,,18100,9,,,0,15,,22578,9,,,0,15,,18196,9,,,0,55,,22579,9,,,0,15,,18103,9,,,0,15,,18104,9,,,0,15,,18105,9,,,0,55,,22580,9,,,0,15,,22581,9,,,0,15,,22582,9,,,0,15,,18109,9,,,0,55,,22583,9,,,0,15,,22584,9,,,0,15,,22585,9,,,0,15,,18113,9,,,0,55,,22586,9,,,0,15,,22587,9,,,0,15,,22588,9,,,0,15,,22589,9,,,0,55,,22590,9,,,0,15,,22591,9,,,0,16,,22592,9,,,0,16,,22593,9,,,0,55,,22629,9,,,0,15,,18122,9,,,0,15,,22594,9,,,0,15,,22595,9,,,0,55,,22596,9,,,0,15,,18190,9,,,0,15,,22597,9,,,0,15,,22598,9,,,0,55,,18128,9,,,0,14,,18129,9,,,0,15,,22599,9,,,0,14,,22600,9,,,0,55,,22601,9,,,0,15,,22602,9,,,0,15,,22603,9,,,0,14,,18135,9,,,0,55,,22604,9,,,0,15,,18137,9,,,0,15,,18138,9,,,0,15,,22605,9,,,0,55,,22606,9,,,0,15,,18141,9,,,0,15,,22607,9,,,0,15,,18143,9,,,0,70,,18144,9,,,0,30,,18145,9,,,0,70,,18146,9,,,0,30,,18147,9,,,0,70,,22608,9,,,0,25,,18149,9,,,0,65,,22609,9,,,0
701019,'1797',625,,18266,9,,,0,29,,22660,9,,,0,70,,18211,9,,,0,30,,18223,9,,,0,55,,22688,9,,,0,15,,22664,9,,,0,15,,18270,9,,,0,15,,18201,9,,,0,55,,18271,9,,,0,15,,18212,9,,,0,15,,22691,9,,,0,15,,22654,9,,,0,55,,18281,9,,,0,15,,18236,9,,,0,15,,18276,9,,,0,15,,22635,9,,,0,55,,22692,9,,,0,16,,22644,9,,,0,15,,18277,9,,,0,15,,18225,9,,,0,55,,18280,9,,,0,15,,22665,9,,,0,15,,22695,9,,,0,15,,22636,9,,,0,55,,18291,9,,,0,15,,22645,9,,,0,15,,18290,9,,,0,15,,22655,9,,,0,55,,22694,9,,,0,15,,22666,9,,,0,15,,18288,9,,,0,15,,22637,9,,,0,55,,18287,9,,,0,15,,22646,9,,,0,15,,22696,9,,,0,15,,22656,9,,,0,55,,18286,9,,,0,15,,22667,9,,,0,15,,18285,9,,,0,15,,22638,9,,,0,55,,22693,9,,,0,15,,22647,9,,,0,15,,18283,9,,,0,15,,22657,9,,,0,55,,18282,9,,,0,14,,22668,9,,,0,15,,22697,9,,,0,15,,22639,9,,,0,55,,18267,9,,,0,15,,22648,9,,,0,15,,18272,9,,,0,15,,22658,9,,,0,55,,22689,9,,,0,15,,22669,9,,,0,15,,18274,9,,,0,15,,22640,9,,,0,70,,22649,9,,,0,30,,22659,9,,,0,70,,22670,9,,,0,30,,22684,9,,,0,69,,22686,9,,,0,25,,22690,9,,,0,65,,22687,9,,,0
701019,'1798',625,,22723,9,,,0,29,,22756,9,,,0,70,,22741,9,,,0,30,,22722,9,,,0,55,,18320,9,,,0,15,,22759,9,,,0,15,,22700,9,,,0,15,,22730,9,,,0,55,,18304,9,,,0,15,,22719,9,,,0,15,,18321,9,,,0,15,,18383,9,,,0,55,,22699,9,,,0,15,,22739,9,,,0,15,,18305,9,,,0,15,,22718,9,,,0,55,,18300,9,,,0,16,,22752,9,,,0,15,,18308,9,,,0,15,,18362,9,,,0,55,,18303,9,,,0,15,,22715,9,,,0,15,,18315,9,,,0,15,,18380,9,,,0,55,,18306,9,,,0,15,,18358,9,,,0,15,,18311,9,,,0,15,,22713,9,,,0,55,,18314,9,,,0,15,,22760,9,,,0,15,,18301,9,,,0,15,,22735,9,,,0,55,,18313,9,,,0,15,,22711,9,,,0,15,,18317,9,,,0,15,,22755,9,,,0,55,,18298,9,,,0,15,,22740,9,,,0,15,,18299,9,,,0,15,,22709,9,,,0,55,,18316,9,,,0,15,,22749,9,,,0,15,,18297,9,,,0,15,,22732,9,,,0,55,,18312,9,,,0,14,,22708,9,,,0,15,,18318,9,,,0,15,,22748,9,,,0,55,,18309,9,,,0,15,,22733,9,,,0,15,,18310,9,,,0,15,,22706,9,,,0,55,,18319,9,,,0,15,,22761,9,,,0,15,,18307,9,,,0,15,,22731,9,,,0,70,,22703,9,,,0,30,,22757,9,,,0,70,,22727,9,,,0,30,,22701,9,,,0,69,,22762,9,,,0,25,,22764,9,,,0,65,,22763,9,,,0
701019,'1799',625,,22790,9,,,0,29,,22823,9,,,0,70,,22808,9,,,0,30,,22789,9,,,0,55,,18419,9,,,0,15,,22826,9,,,0,15,,22767,9,,,0,15,,22797,9,,,0,55,,18403,9,,,0,15,,22786,9,,,0,15,,18420,9,,,0,15,,18482,9,,,0,55,,22766,9,,,0,15,,22806,9,,,0,15,,18404,9,,,0,15,,22785,9,,,0,55,,18399,9,,,0,16,,22819,9,,,0,15,,18407,9,,,0,15,,18461,9,,,0,55,,18402,9,,,0,15,,22782,9,,,0,15,,18414,9,,,0,15,,18479,9,,,0,55,,18405,9,,,0,15,,18457,9,,,0,15,,18410,9,,,0,15,,22780,9,,,0,55,,18413,9,,,0,15,,22827,9,,,0,15,,18400,9,,,0,15,,22802,9,,,0,55,,18412,9,,,0,15,,22778,9,,,0,15,,18416,9,,,0,15,,22822,9,,,0,55,,18397,9,,,0,15,,22807,9,,,0,15,,18398,9,,,0,15,,22776,9,,,0,55,,18415,9,,,0,15,,22816,9,,,0,15,,18396,9,,,0,15,,22799,9,,,0,55,,18411,9,,,0,14,,22775,9,,,0,15,,18417,9,,,0,15,,22815,9,,,0,55,,18408,9,,,0,15,,22800,9,,,0,15,,18409,9,,,0,15,,22773,9,,,0,55,,18418,9,,,0,15,,22828,9,,,0,15,,18406,9,,,0,15,,22798,9,,,0,70,,22770,9,,,0,30,,22824,9,,,0,70,,22794,9,,,0,30,,22768,9,,,0,69,,22829,9,,,0,25,,22831,9,,,0,65,,22830,9,,,0
701019,'1800',625,,22857,9,,,0,29,,22890,9,,,0,70,,22875,9,,,0,30,,22856,9,,,0,55,,18518,9,,,0,15,,22893,9,,,0,15,,22834,9,,,0,15,,22864,9,,,0,55,,18502,9,,,0,15,,22853,9,,,0,15,,18519,9,,,0,15,,18581,9,,,0,55,,22833,9,,,0,15,,22873,9,,,0,15,,18503,9,,,0,15,,22852,9,,,0,55,,18498,9,,,0,16,,22886,9,,,0,15,,18506,9,,,0,15,,18560,9,,,0,55,,18501,9,,,0,15,,22849,9,,,0,15,,18513,9,,,0,15,,18578,9,,,0,55,,18504,9,,,0,15,,18556,9,,,0,15,,18509,9,,,0,15,,22847,9,,,0,55,,18512,9,,,0,15,,22894,9,,,0,15,,18499,9,,,0,15,,22869,9,,,0,55,,18511,9,,,0,15,,22845,9,,,0,15,,18515,9,,,0,15,,22889,9,,,0,55,,18496,9,,,0,15,,22874,9,,,0,15,,18497,9,,,0,15,,22843,9,,,0,55,,18514,9,,,0,15,,22883,9,,,0,15,,18495,9,,,0,15,,22866,9,,,0,55,,18510,9,,,0,14,,22842,9,,,0,15,,18516,9,,,0,15,,22882,9,,,0,55,,18507,9,,,0,15,,22867,9,,,0,15,,18508,9,,,0,15,,22840,9,,,0,55,,18517,9,,,0,15,,22895,9,,,0,15,,18505,9,,,0,15,,22865,9,,,0,70,,22837,9,,,0,30,,22891,9,,,0,70,,22861,9,,,0,30,,22835,9,,,0,69,,22896,9,,,0,25,,22898,9,,,0,65,,22897,9,,,0
