1019,'1796',534,,13774,5,,,0,70,,19586,5,,,0,30,,19562,5,,,0,70,,19557,5,,,0,30,,19575,5,,,0,70,,19559,5,,,0,30,,19564,5,,,0,70,,19589,5,,,0,30,,19561,5,,,0,70,,19555,5,,,0,30,,19574,5,,,0,70,,19560,5,,,0,30,,19565,5,,,0,70,,19585,5,,,0,30,,19563,5,,,0,70,,19556,5,,,0,30,,19587,5,,,0,70,,19558,5,,,0,30,,19566,5,,,0,70,,19584,5,,,0,30,,19577,5,,,0,70,,19569,5,,,0,30,,19567,5,,,0,70,,19570,5,,,0,30,,19572,5,,,0,70,,19571,5,,,0,30,,19568,5,,,0,70,,19588,5,,,0,30,,19582,5,,,0,70,,19583,5,,,0,30,,19581,5,,,0,70,,19580,5,,,0,30,,19579,5,,,0,70,,19578,5,,,0,30,,19576,5,,,0,70,,19573,5,,,0
1019,'1797',534,,19601,5,,,0,70,,19615,5,,,0,30,,19600,5,,,0,70,,19620,5,,,0,30,,19610,5,,,0,70,,19594,5,,,0,30,,19616,5,,,0,70,,19618,5,,,0,30,,19599,5,,,0,70,,19621,5,,,0,30,,19609,5,,,0,70,,19593,5,,,0,30,,19604,5,,,0,70,,19614,5,,,0,30,,19598,5,,,0,70,,19622,5,,,0,30,,19608,5,,,0,70,,19592,5,,,0,30,,19603,5,,,0,70,,19613,5,,,0,30,,19597,5,,,0,70,,19623,5,,,0,30,,19607,5,,,0,70,,19591,5,,,0,30,,19602,5,,,0,70,,19612,5,,,0,30,,19595,5,,,0,70,,19624,5,,,0,30,,19605,5,,,0,70,,19590,5,,,0,30,,19596,5,,,0,70,,19611,5,,,0,30,,19606,5,,,0,70,,19625,5,,,0,30,,19619,5,,,0,70,,19617,5,,,0
1019,'1798',604,,19626,5,,,0,100,,19627,5,,,0,100,,19628,5,,,0,100,,19629,5,,,0,100,,19630,5,,,0,100,,19631,5,,,0,100,,19632,5,,,0,100,,19633,5,,,0,100,,19634,5,,,0,100,,19635,5,,,0,100,,19636,5,,,0,100,,19637,5,,,0,100,,19638,5,,,0,100,,19639,5,,,0,100,,19640,5,,,0,100,,19641,5,,,0,100,,19642,5,,,0,100,,19643,5,,,0
1019,'1799',604,,19644,5,,,0,100,,19645,5,,,0,100,,19646,5,,,0,100,,19647,5,,,0,100,,19648,5,,,0,100,,19649,5,,,0,100,,19650,5,,,0,100,,19651,5,,,0,100,,19652,5,,,0,100,,19653,5,,,0,100,,19654,5,,,0,100,,19655,5,,,0,100,,19656,5,,,0,100,,19657,5,,,0,100,,19658,5,,,0,100,,19659,5,,,0,100,,19660,5,,,0,100,,19661,5,,,0
1019,'1800',604,,19662,5,,,0,100,,19663,5,,,0,100,,19664,5,,,0,100,,19665,5,,,0,100,,19666,5,,,0,100,,19667,5,,,0,100,,19668,5,,,0,100,,19669,5,,,0,100,,19670,5,,,0,100,,19671,5,,,0,100,,19672,5,,,0,100,,19673,5,,,0,100,,19674,5,,,0,100,,19675,5,,,0,100,,19676,5,,,0,100,,19677,5,,,0,100,,19678,5,,,0,100,,19679,5,,,0
2019,'1796',444,,19803,5,0,5 2 13 14,0,175,,14015,14,,,0,30,,14016,14,,,0,70,,14017,14,,,0,30,,14018,14,,,0,71,,14019,14,,,0,29,,14020,14,,,0,70,,14021,14,,,0,30,,14022,14,,,0,70,,14023,14,,,0,30,,14024,14,,,0,70,,14025,14,,,0,30,,14026,14,,,0,70,,14027,14,,,0,30,,14028,14,,,0,70,,14029,14,,,0,30,,14030,14,,,0,70,,14031,14,,,0,30,,14032,14,,,0,70,,14033,14,,,0,30,,14034,14,,,0,70,,14035,14,,,0,30,,14036,14,,,0,70,,14037,14,,,0,30,,14038,14,,,0,70,,14039,14,,,0,30,,14045,14,,,0,70,,14040,14,,,0,100,,14041,14,,,0,100,,14042,14,,,0,100,,14043,14,,,0,100,,14044,14,,,0
2019,'1797',619,,14047,5,,,0,30,,14054,14,,,0,70,,14063,14,,,0,30,,14070,14,,,0,70,,14048,14,,,0,30,,14055,14,,,0,70,,14064,14,,,0,30,,14071,14,,,0,70,,14049,14,,,0,30,,14056,14,,,0,70,,14065,14,,,0,30,,14072,14,,,0,70,,14050,14,,,0,30,,14057,14,,,0,70,,14066,14,,,0,30,,14073,14,,,0,70,,14051,14,,,0,30,,14058,14,,,0,70,,14067,14,,,0,30,,14074,14,,,0,70,,14052,14,,,0,30,,14059,14,,,0,70,,14068,14,,,0,30,,14075,14,,,0,70,,14053,14,,,0,30,,14060,14,,,0,70,,14069,14,,,0,100,,14061,14,,,0,100,,14076,14,,,0,100,,14062,14,,,0,100,,14077,14,,,0
2019,'1798',649,,14105,14,,,0,70,,14082,14,,,0,30,,14086,14,,,0,70,,14098,14,,,0,30,,14093,14,,,0,70,,14083,14,,,0,30,,14087,14,,,0,70,,14099,14,,,0,30,,14094,14,,,0,70,,14084,14,,,0,30,,14088,14,,,0,70,,14100,14,,,0,30,,14095,14,,,0,70,,14085,14,,,0,30,,14089,14,,,0,70,,14101,14,,,0,30,,14096,14,,,0,70,,14080,14,,,0,30,,14090,14,,,0,70,,14102,14,,,0,30,,14097,14,,,0,70,,14078,14,,,0,30,,14091,14,,,0,70,,14103,14,,,0,100,,14079,14,,,0,100,,14104,14,,,0,100,,14081,14,,,0,100,,14092,14,,,0,99,,14106,14,,,0
2019,'1799',649,,14134,14,,,0,70,,14111,14,,,0,30,,14115,14,,,0,70,,14127,14,,,0,30,,14122,14,,,0,70,,14112,14,,,0,30,,14116,14,,,0,70,,14128,14,,,0,30,,14123,14,,,0,70,,14113,14,,,0,30,,14117,14,,,0,70,,14129,14,,,0,30,,14124,14,,,0,70,,14114,14,,,0,30,,14118,14,,,0,70,,14130,14,,,0,30,,14125,14,,,0,70,,14109,14,,,0,30,,14119,14,,,0,70,,14131,14,,,0,30,,14126,14,,,0,70,,14107,14,,,0,30,,14120,14,,,0,70,,14132,14,,,0,100,,14108,14,,,0,100,,14133,14,,,0,100,,14110,14,,,0,100,,14121,14,,,0,99,,14135,14,,,0
2019,'1800',649,,14163,14,,,0,70,,14140,14,,,0,30,,14144,14,,,0,70,,14156,14,,,0,30,,14151,14,,,0,70,,14141,14,,,0,30,,14145,14,,,0,70,,14157,14,,,0,30,,14152,14,,,0,70,,14142,14,,,0,30,,14146,14,,,0,70,,14158,14,,,0,30,,14153,14,,,0,70,,14143,14,,,0,30,,14147,14,,,0,70,,14159,14,,,0,30,,14154,14,,,0,70,,14138,14,,,0,30,,14148,14,,,0,70,,14160,14,,,0,30,,14155,14,,,0,70,,14136,14,,,0,30,,14149,14,,,0,70,,14161,14,,,0,100,,14137,14,,,0,100,,14162,14,,,0,100,,14139,14,,,0,100,,14150,14,,,0,99,,14164,14,,,0
14000001019,'1796',2413,,23379,21,,,0,30,,23377,21,,,0,70,,19496,21,,,0,30,,23378,21,,,0,70,,23376,21,,,0
14000001019,'1797',2413,,23383,21,,,0,30,,23380,21,,,0,70,,19502,21,,,0,30,,23382,21,,,0,70,,23381,21,,,0
14000001019,'1798',2413,,23386,21,,,0,30,,23385,21,,,0,70,,19504,21,,,0,30,,23387,21,,,0,70,,23384,21,,,0
14000001019,'1799',2413,,23390,21,,,0,30,,23389,21,,,0,70,,19509,21,,,0,30,,23391,21,,,0,70,,23388,21,,,0
14000001019,'1800',2413,,23394,21,,,0,30,,23393,21,,,0,70,,19514,21,,,0,30,,23395,21,,,0,70,,23392,21,,,0
