10019,'1796',625,,15122,1,,,0,97,,15110,1,,,0,103,,15123,1,,,0,100,,15124,1,,,0,100,,15125,1,,,0,100,,15121,1,,,0,100,,15120,1,,,0,100,,15119,1,,,0,100,,15118,1,,,0,100,,15117,1,,,0,100,,15116,1,,,0,100,,15115,1,,,0,100,,15114,1,,,0,100,,15126,1,,,0,100,,15112,1,,,0,100,,15113,1,,,0,100,,15111,1,,,0
10019,'1797',725,,15135,1,,,0,100,,15128,1,,,0,100,,15136,1,,,0,100,,15129,1,,,0,100,,15137,1,,,0,100,,15130,1,,,0,100,,15138,1,,,0,100,,15131,1,,,0,100,,15139,1,,,0,100,,15132,1,,,0,100,,15140,1,,,0,100,,15133,1,,,0,100,,15141,1,,,0,100,,15134,1,,,0,100,,15142,1,,,0
10019,'1798',925,,15153,1,,,0,100,,15155,1,,,0,100,,15146,1,,,0,100,,15148,1,,,0,100,,15150,1,,,0,100,,15152,1,,,0,100,,15154,1,,,0,100,,15145,1,,,0,100,,15147,1,,,0,100,,15149,1,,,0,100,,15151,1,,,0
10019,'1799',925,,15165,1,,,0,100,,15167,1,,,0,100,,15158,1,,,0,100,,15160,1,,,0,100,,15162,1,,,0,100,,15164,1,,,0,100,,15166,1,,,0,100,,15157,1,,,0,100,,15159,1,,,0,100,,15161,1,,,0,100,,15163,1,,,0
10019,'1800',925,,15177,1,,,0,100,,15179,1,,,0,100,,15170,1,,,0,100,,15172,1,,,0,100,,15174,1,,,0,100,,15176,1,,,0,100,,15178,1,,,0,100,,15169,1,,,0,100,,15171,1,,,0,100,,15173,1,,,0,100,,15175,1,,,0
10029,'1796',622,,15190,37,4,,0,100,,15191,37,4,,0,100,,15189,37,4,,0,103,,15192,37,4,,0,100,,15188,37,4,,0,100,,15187,37,4,,0,100,,15186,37,4,,0,100,,15184,37,4,,0,100,,15182,37,4,,0,100,,15185,37,4,,0,100,,15183,37,4,,0,100,,15181,37,4,,0,100,,15193,37,4,,0,100,,15194,37,4,,0,100,,15195,37,4,,0,100,,15196,37,4,,0,100,,15197,37,4,,0
10029,'1797',725,,15214,37,4,,0,100,,15207,37,4,,0,100,,15200,37,4,,0,100,,15208,37,4,,0,100,,15201,37,4,,0,100,,15209,37,4,,0,100,,15202,37,4,,0,100,,15210,37,4,,0,100,,15203,37,4,,0,100,,15211,37,4,,0,100,,15204,37,4,,0,100,,15212,37,4,,0,100,,15205,37,4,,0,100,,15213,37,4,,0,100,,15206,37,4,,0
10029,'1798',925,,15221,37,4,,0,100,,15227,37,4,,0,100,,15220,37,4,,0,100,,15225,37,4,,0,100,,15218,37,4,,0,100,,15223,37,4,,0,100,,15224,37,4,,0,100,,15226,37,4,,0,100,,15219,37,4,,0,100,,15217,37,4,,0,100,,15222,37,4,,0
10029,'1799',925,,15233,37,4,,0,100,,15239,37,4,,0,100,,15232,37,4,,0,100,,15237,37,4,,0,100,,15230,37,4,,0,100,,15235,37,4,,0,100,,15236,37,4,,0,100,,15238,37,4,,0,100,,15231,37,4,,0,100,,15229,37,4,,0,100,,15234,37,4,,0
10029,'1800',925,,15245,37,4,,0,100,,15251,37,4,,0,100,,15244,37,4,,0,100,,15249,37,4,,0,100,,15242,37,4,,0,100,,15247,37,4,,0,100,,15248,37,4,,0,100,,15250,37,4,,0,100,,15243,37,4,,0,100,,15241,37,4,,0,100,,15246,37,4,,0
10090019,'1795',645,,19396,4,,,0,100,,19397,4,,,0,100,,19398,4,,,0,100,,19399,4,,,0,470,,19400,4,,,0,100,,19401,4,,,0,100,,19402,4,,,0,100,,19403,4,,,0
10090029,'1795',715,,19404,5,,,0,100,,19405,5,,,0,100,,19406,5,,,0,100,,19407,5,,,0,430,,19408,5,,,0,100,,19409,5,,,0,100,,19410,5,,,0,100,,19411,5,,,0
20090019,'1795',725,,19478,13,4,,0,100,,19479,13,4,,0,100,,19480,13,4,,0,100,,19481,13,4,,0,500,,19482,13,4,,0,100,,19483,13,4,,0,100,,19484,13,4,,0,100,,19485,13,4,,0
20090029,'1795',625,,19486,1,,,0,100,,19487,1,,,0,100,,19488,1,,,0,100,,19489,1,,,0,500,,19490,1,,,0,100,,19491,1,,,0,100,,19492,1,,,0,100,,19493,1,,,0
