11019,'1796',717,,20476,25,,,0,101,,20477,25,,,0,100,,20478,25,,,0,100,,20479,25,,,0,100,,20480,25,,,0,100,,15258,25,,,0,100,,20481,25,,,0,100,,15260,25,,,0,100,,20482,25,,,0,100,,20483,25,,,0,100,,15263,25,,,0,99,,15264,25,,,0,100,,20484,25,,,0,100,,15266,25,,,0,98,,20485,25,,,0
11019,'1797',716,,20489,25,,,0,100,,20490,25,,,0,101,,20491,25,,,0,100,,20492,25,,,0,100,,20493,25,,,0,104,,20494,25,,,0,100,,20495,25,,,0,100,,15278,25,,,0,100,,20496,25,,,0,99,,15280,25,,,0,100,,15281,25,,,0,97,,20497,25,,,0,99,,20487,25,,,0,100,,20488,25,,,0
11019,'1798',917,,20499,25,,,0,100,,20500,25,,,0,103,,20501,25,,,0,101,,20502,25,,,0,100,,20503,25,,,0,100,,20504,25,,,0,100,,20505,25,,,0,99,,20506,25,,,0,100,,20507,25,,,0,97,,20508,25,,,0,99,,20509,25,,,0,100,,20510,25,,,0
11019,'1799',917,,20511,25,,,0,100,,20512,25,,,0,103,,20513,25,,,0,101,,20514,25,,,0,100,,20515,25,,,0,100,,20516,25,,,0,100,,20517,25,,,0,99,,20518,25,,,0,100,,20519,25,,,0,97,,20520,25,,,0,99,,20521,25,,,0,100,,20522,25,,,0
11019,'1800',917,,20523,25,,,0,100,,20524,25,,,0,103,,20525,25,,,0,101,,20526,25,,,0,100,,20527,25,,,0,100,,20528,25,,,0,100,,20529,25,,,0,99,,20530,25,,,0,100,,20531,25,,,0,97,,20532,25,,,0,99,,20533,25,,,0,100,,20534,25,,,0
15029,'1796',644,,15688,25,,,0,69,,15689,25,,,0,33,,20793,25,,,0,71,,20794,25,,,0,33,,20795,25,,,0,70,,20796,25,,,0,25,,20797,25,,,0,70,,20798,25,,,0,30,,15696,25,,,0,70,,20799,25,,,0,30,,20800,25,,,0,70,,20801,25,,,0,30,,20802,25,,,0,70,,15701,25,,,0,30,,15702,25,,,0,70,,20803,25,,,0,32,,20804,25,,,0,75,,15705,25,,,0,32,,20805,25,,,0,70,,20806,25,,,0,29,,20807,25,,,0,64,,15709,25,,,0,29,,20808,25,,,0,69,,20809,25,,,0,27,,20810,25,,,0,70,,15713,25,,,0,30,,20811,25,,,0,70,,20812,25,,,0,30,,20813,25,,,0,100,,20815,25,,,0,97,,20814,25,,,0
15029,'1797',723,,20818,25,,,0,93,,15723,25,,,0,100,,20819,25,,,0,100,,20820,25,,,0,101,,15726,25,,,0,100,,20821,25,,,0,100,,20822,25,,,0,103,,15729,25,,,0,100,,20823,25,,,0,100,,20824,25,,,0,98,,15732,25,,,0,99,,20825,25,,,0,100,,20816,25,,,0,100,,15720,25,,,0
15029,'1798',718,,15747,25,,,0,98,,20829,25,,,0,100,,15744,25,,,0,100,,15745,25,,,0,101,,20830,25,,,0,100,,15742,25,,,0,100,,15739,25,,,0,102,,20828,25,,,0,100,,15741,25,,,0,100,,15738,25,,,0,99,,20827,25,,,0,99,,15736,25,,,0,100,,15737,25,,,0,100,,20826,25,,,0
15029,'1799',718,,15761,25,,,0,98,,20834,25,,,0,100,,15758,25,,,0,100,,15759,25,,,0,101,,20835,25,,,0,100,,15756,25,,,0,100,,15753,25,,,0,102,,20833,25,,,0,100,,15755,25,,,0,100,,15752,25,,,0,99,,20832,25,,,0,99,,15750,25,,,0,100,,15751,25,,,0,100,,20831,25,,,0
15029,'1800',718,,15775,25,,,0,98,,20839,25,,,0,100,,15772,25,,,0,100,,15773,25,,,0,101,,20840,25,,,0,100,,15770,25,,,0,100,,15767,25,,,0,102,,20838,25,,,0,100,,15769,25,,,0,100,,15766,25,,,0,99,,20837,25,,,0,99,,15764,25,,,0,100,,15765,25,,,0,100,,20836,25,,,0
10090019,'1795',700,,19396,8,4,,0,100,,19397,8,4,,0,100,,19398,8,4,,0,100,,19399,8,4,,0,430,,19400,8,4,,0,100,,19401,8,4,,0,100,,19402,8,4,,0,100,,19403,8,4,,0
10090029,'1795',700,,19404,1,,,0,100,,19405,1,,,0,100,,19406,1,,,0,100,,19407,1,,,0,430,,19408,1,,,0,100,,19409,1,,,0,100,,19410,1,,,0,100,,19411,1,,,0
