2019,'1796',654,,14015,45,,,0,68,,14016,45,,,0,29,,14017,45,,,0,73,,14018,45,,,0,30,,14019,45,,,0,70,,14020,45,,,0,30,,14021,45,,,0,70,,14022,45,,,0,30,,14023,45,,,0,70,,14024,45,,,0,30,,14025,45,,,0,70,,14026,45,,,0,30,,14027,45,,,0,70,,14028,45,,,0,30,,14029,45,,,0,70,,14030,45,,,0,29,,14031,45,,,0,70,,14032,45,,,0,30,,14033,45,,,0,71,,14034,45,,,0,32,,14035,45,,,0,67,,14036,45,,,0,31,,14037,45,,,0,70,,14038,45,,,0,30,,14039,45,,,0,70,,14045,45,,,0,30,,14040,45,,,0,100,,14041,45,,,0,100,,14042,45,,,0,100,,14043,45,,,0,96,,14044,45,,,0
2019,'1797',654,,14047,36,,,0,70,,14054,45,,,0,30,,14063,45,,,0,70,,14070,45,,,0,30,,14048,45,,,0,70,,14055,45,,,0,30,,14064,45,,,0,70,,14071,45,,,0,30,,14049,45,,,0,70,,14056,45,,,0,30,,14065,45,,,0,70,,14072,45,,,0,30,,14050,45,,,0,70,,14057,45,,,0,30,,14066,45,,,0,70,,14073,45,,,0,30,,14051,45,,,0,70,,14058,45,,,0,30,,14067,45,,,0,70,,14074,45,,,0,30,,14052,45,,,0,70,,14059,45,,,0,30,,14068,45,,,0,70,,14075,45,,,0,30,,14053,45,,,0,70,,14060,45,,,0,30,,14069,45,,,0,100,,14061,45,,,0,100,,14076,45,,,0,96,,14062,45,,,0,99,,14077,45,,,0
2019,'1798',724,,14105,45,,,0,30,,14082,45,,,0,70,,14086,45,,,0,30,,14098,45,,,0,70,,14093,45,,,0,30,,14083,45,,,0,70,,14087,45,,,0,30,,14099,45,,,0,70,,14094,45,,,0,30,,14084,45,,,0,70,,14088,45,,,0,30,,14100,45,,,0,70,,14095,45,,,0,30,,14085,45,,,0,70,,14089,45,,,0,30,,14101,45,,,0,70,,14096,45,,,0,30,,14080,45,,,0,70,,14090,45,,,0,30,,14102,45,,,0,70,,14097,45,,,0,30,,14078,45,,,0,70,,14091,45,,,0,30,,14103,45,,,0,100,,14079,45,,,0,101,,14104,45,,,0,100,,14081,45,,,0,95,,14092,45,,,0,100,,14106,45,,,0
2019,'1799',724,,14134,45,,,0,30,,14111,45,,,0,70,,14115,45,,,0,30,,14127,45,,,0,70,,14122,45,,,0,30,,14112,45,,,0,70,,14116,45,,,0,30,,14128,45,,,0,70,,14123,45,,,0,30,,14113,45,,,0,70,,14117,45,,,0,30,,14129,45,,,0,70,,14124,45,,,0,30,,14114,45,,,0,70,,14118,45,,,0,30,,14130,45,,,0,70,,14125,45,,,0,30,,14109,45,,,0,70,,14119,45,,,0,30,,14131,45,,,0,70,,14126,45,,,0,30,,14107,45,,,0,70,,14120,45,,,0,30,,14132,45,,,0,100,,14108,45,,,0,101,,14133,45,,,0,100,,14110,45,,,0,95,,14121,45,,,0,100,,14135,45,,,0
2019,'1800',724,,14163,45,,,0,30,,14140,45,,,0,70,,14144,45,,,0,30,,14156,45,,,0,70,,14151,45,,,0,30,,14141,45,,,0,70,,14145,45,,,0,30,,14157,45,,,0,70,,14152,45,,,0,30,,14142,45,,,0,70,,14146,45,,,0,30,,14158,45,,,0,70,,14153,45,,,0,30,,14143,45,,,0,70,,14147,45,,,0,30,,14159,45,,,0,70,,14154,45,,,0,30,,14138,45,,,0,70,,14148,45,,,0,30,,14160,45,,,0,70,,14155,45,,,0,30,,14136,45,,,0,70,,14149,45,,,0,30,,14161,45,,,0,100,,14137,45,,,0,101,,14162,45,,,0,100,,14139,45,,,0,95,,14150,45,,,0,100,,14164,45,,,0
7019,'1796',533,,14820,10,,,0,103,,14821,10,,,0,70,,20282,10,,,0,32,,14830,10,,,0,71,,14823,10,,,0,31,,14831,10,,,0,68,,20283,10,,,0,30,,20288,10,,,0,70,,20284,10,,,0,30,,20289,10,,,0,70,,20285,10,,,0,30,,20290,10,,,0,70,,14827,10,,,0,30,,20291,10,,,0,70,,20286,10,,,0,30,,20292,10,,,0,71,,20287,10,,,0,32,,14849,10,,,0,73,,14850,10,,,0,27,,20298,10,,,0,70,,20299,10,,,0,30,,20293,10,,,0,68,,14839,10,,,0,30,,20294,10,,,0,70,,14841,10,,,0,28,,14842,10,,,0,70,,20295,10,,,0,29,,20296,10,,,0,70,,20297,10,,,0,30,,14846,10,,,0,100,,14847,10,,,0,99,,14848,10,,,0,100,,14840,10,,,0
7019,'1797',636,,14869,10,,,0,69,,20304,10,,,0,30,,20310,10,,,0,70,,20305,10,,,0,31,,20311,10,,,0,70,,20306,10,,,0,30,,14872,10,,,0,70,,20307,10,,,0,30,,20312,10,,,0,70,,20308,10,,,0,30,,20313,10,,,0,70,,14867,10,,,0,30,,14875,10,,,0,70,,20309,10,,,0,30,,20314,10,,,0,70,,14881,10,,,0,31,,20315,10,,,0,70,,14883,10,,,0,30,,14878,10,,,0,70,,20318,10,,,0,29,,20316,10,,,0,70,,20319,10,,,0,30,,20317,10,,,0,70,,20322,10,,,0,29,,14857,10,,,0,70,,20320,10,,,0,30,,20302,10,,,0,70,,20321,10,,,0,30,,20303,10,,,0,100,,14860,10,,,0,100,,14861,10,,,0
7019,'1798',735,,14896,10,,,0,101,,14897,10,,,0,100,,20330,10,,,0,100,,14898,10,,,0,100,,14899,10,,,0,100,,20327,10,,,0,100,,14901,10,,,0,101,,14902,10,,,0,100,,20328,10,,,0,99,,14904,10,,,0,100,,14892,10,,,0,99,,20325,10,,,0,100,,14891,10,,,0,100,,14895,10,,,0,100,,20326,10,,,0
7019,'1799',735,,14931,10,,,0,101,,14932,10,,,0,100,,20352,10,,,0,100,,14933,10,,,0,100,,14934,10,,,0,100,,20349,10,,,0,100,,14936,10,,,0,101,,14937,10,,,0,100,,20350,10,,,0,99,,14939,10,,,0,100,,14927,10,,,0,99,,20347,10,,,0,100,,14926,10,,,0,100,,14930,10,,,0,100,,20348,10,,,0
7019,'1800',735,,14966,10,,,0,101,,14967,10,,,0,100,,20374,10,,,0,100,,14968,10,,,0,100,,14969,10,,,0,100,,20371,10,,,0,100,,14971,10,,,0,101,,14972,10,,,0,100,,20372,10,,,0,99,,14974,10,,,0,100,,14962,10,,,0,99,,20369,10,,,0,100,,14961,10,,,0,100,,14965,10,,,0,100,,20370,10,,,0
