1029,'1796',627,,19689,49,,,0,30,,13901,49,,,0,70,,19709,49,,,0,30,,19686,49,,,0,71,,19681,49,,,0,30,,19713,49,,,0,69,,19684,49,,,0,30,,19690,49,,,0,71,,19708,49,,,0,30,,19688,49,,,0,70,,19680,49,,,0,30,,19712,49,,,0,70,,19685,49,,,0,30,,19691,49,,,0,70,,19707,49,,,0,30,,19687,49,,,0,70,,19682,49,,,0,31,,19710,49,,,0,70,,19683,49,,,0,30,,19692,49,,,0,70,,19706,49,,,0,30,,19695,49,,,0,70,,19694,49,,,0,28,,19693,49,,,0,70,,19699,49,,,0,30,,19698,49,,,0,70,,19697,49,,,0,30,,19696,49,,,0,70,,19711,49,,,0,30,,19705,49,,,0,70,,19704,49,,,0,30,,19703,49,,,0,70,,19702,49,,,0,30,,19701,49,,,0,65,,19700,49,,,0
1029,'1797',627,,19719,49,,,0,30,,19731,49,,,0,70,,19738,49,,,0,30,,19726,49,,,0,70,,19747,49,,,0,30,,19735,49,,,0,69,,19718,49,,,0,31,,19730,49,,,0,70,,19741,49,,,0,30,,19725,49,,,0,70,,19748,49,,,0,30,,19734,49,,,0,70,,19717,49,,,0,30,,19729,49,,,0,70,,19740,49,,,0,30,,19724,49,,,0,70,,19720,49,,,0,30,,19733,49,,,0,70,,19716,49,,,0,30,,19728,49,,,0,70,,19736,49,,,0,30,,19723,49,,,0,70,,19745,49,,,0,30,,19732,49,,,0,70,,19715,49,,,0,30,,19727,49,,,0,70,,19739,49,,,0,30,,19721,49,,,0,70,,19743,49,,,0,30,,19742,49,,,0,70,,19714,49,,,0,30,,19722,49,,,0,70,,19737,49,,,0,30,,19746,49,,,0,65,,19744,49,,,0
1029,'1798',627,,19749,49,,,0,100,,19750,49,,,0,100,,19751,49,,,0,100,,19752,49,,,0,100,,19753,49,,,0,100,,19754,49,,,0,100,,19755,49,,,0,100,,19756,49,,,0,100,,19757,49,,,0,100,,19758,49,,,0,100,,19759,49,,,0,100,,19760,49,,,0,100,,19761,49,,,0,100,,19762,49,,,0,100,,19763,49,,,0,100,,19764,49,,,0,100,,19765,49,,,0,95,,19766,49,,,0
1029,'1799',627,,19767,49,,,0,100,,19768,49,,,0,100,,19769,49,,,0,100,,19770,49,,,0,100,,19771,49,,,0,100,,19772,49,,,0,100,,19773,49,,,0,100,,19774,49,,,0,100,,19775,49,,,0,100,,19776,49,,,0,100,,19777,49,,,0,100,,19778,49,,,0,100,,19779,49,,,0,100,,19780,49,,,0,100,,19781,49,,,0,100,,19782,49,,,0,100,,19783,49,,,0,95,,19784,49,,,0
1029,'1800',627,,19785,49,,,0,100,,19786,49,,,0,100,,19787,49,,,0,100,,19788,49,,,0,100,,19789,49,,,0,100,,19790,49,,,0,100,,19791,49,,,0,100,,19792,49,,,0,100,,19793,49,,,0,100,,19794,49,,,0,100,,19795,49,,,0,100,,19796,49,,,0,100,,19797,49,,,0,100,,19798,49,,,0,100,,19799,49,,,0,100,,19800,49,,,0,100,,19801,49,,,0,95,,19802,49,,,0
2029,'1796',545,,14191,31,,,0,67,,14165,46,,,0,30,,14166,46,,,0,70,,14167,46,,,0,30,,14168,46,,,0,70,,14169,46,,,0,30,,14170,46,,,0,70,,14171,46,,,0,30,,14172,46,,,0,70,,14173,46,,,0,30,,14174,46,,,0,70,,14175,46,,,0,30,,14176,46,,,0,70,,14177,46,,,0,30,,14178,46,,,0,70,,14179,46,,,0,30,,14180,46,,,0,70,,14181,46,,,0,30,,14182,46,,,0,70,,14183,46,,,0,30,,14184,46,,,0,70,,14185,46,,,0,30,,14186,46,,,0,70,,14187,46,,,0,31,,14188,46,,,0,69,,14189,46,,,0,30,,14190,46,,,0,70,,14194,46,,,0,30,,14195,46,,,0,100,,14196,46,,,0,100,,14197,46,,,0,100,,14193,46,,,0
2029,'1797',612,,14231,46,0,5 2 15 16 17,0,30,,14214,46,,,0,70,,14221,46,,,0,30,,14200,46,,,0,70,,14206,46,,,0,30,,14215,46,,,0,70,,14222,46,,,0,30,,14201,46,,,0,70,,14207,46,,,0,30,,14216,46,,,0,70,,14223,46,,,0,30,,14202,46,,,0,70,,14208,46,,,0,30,,14217,46,,,0,70,,14224,46,,,0,30,,14203,46,,,0,70,,14209,46,,,0,30,,14218,46,,,0,70,,14225,46,,,0,30,,14204,46,,,0,70,,14210,46,,,0,30,,14219,46,,,0,70,,14226,46,,,0,30,,14205,46,,,0,70,,14211,46,,,0,30,,14220,46,,,0,70,,14227,46,,,0,30,,14212,46,,,0,100,,14228,46,,,0,100,,14213,46,,,0,100,,14229,46,,,0
2029,'1798',642,,14235,46,,,0,70,,14243,46,,,0,30,,14254,46,,,0,70,,14249,46,,,0,30,,14236,46,,,0,70,,14244,46,,,0,30,,14255,46,,,0,70,,14250,46,,,0,30,,14237,46,,,0,70,,14245,46,,,0,30,,14256,46,,,0,70,,14251,46,,,0,30,,14238,46,,,0,70,,14246,46,,,0,30,,14257,46,,,0,70,,14252,46,,,0,30,,14239,46,,,0,70,,14247,46,,,0,30,,14258,46,,,0,70,,14253,46,,,0,30,,14240,46,,,0,70,,14248,46,,,0,30,,14259,46,,,0,100,,14241,46,,,0,100,,14260,46,,,0,100,,14242,46,,,0,100,,14261,46,,,0,100,,14234,46,,,0
2029,'1799',642,,14267,46,,,0,70,,14275,46,,,0,30,,14286,46,,,0,70,,14281,46,,,0,30,,14268,46,,,0,70,,14276,46,,,0,30,,14287,46,,,0,70,,14282,46,,,0,30,,14269,46,,,0,70,,14277,46,,,0,30,,14288,46,,,0,70,,14283,46,,,0,30,,14270,46,,,0,70,,14278,46,,,0,30,,14289,46,,,0,70,,14284,46,,,0,30,,14271,46,,,0,70,,14279,46,,,0,30,,14290,46,,,0,70,,14285,46,,,0,30,,14272,46,,,0,70,,14280,46,,,0,30,,14291,46,,,0,100,,14273,46,,,0,100,,14292,46,,,0,100,,14274,46,,,0,100,,14293,46,,,0,100,,14266,46,,,0
2029,'1800',642,,14299,46,,,0,70,,14307,46,,,0,30,,14318,46,,,0,70,,14313,46,,,0,30,,14300,46,,,0,70,,14308,46,,,0,30,,14319,46,,,0,70,,14314,46,,,0,30,,14301,46,,,0,70,,14309,46,,,0,30,,14320,46,,,0,70,,14315,46,,,0,30,,14302,46,,,0,70,,14310,46,,,0,30,,14321,46,,,0,70,,14316,46,,,0,30,,14303,46,,,0,70,,14311,46,,,0,30,,14322,46,,,0,70,,14317,46,,,0,30,,14304,46,,,0,70,,14312,46,,,0,30,,14323,46,,,0,100,,14305,46,,,0,100,,14324,46,,,0,100,,14306,46,,,0,100,,14325,46,,,0,100,,14298,46,,,0
31019,'1796',617,,21409,30,,,0,26,,21404,30,,,0,67,,21374,42,,,0,33,,21389,42,,,0,69,,21402,42,,,0,30,,21385,42,,,0,68,,21382,42,,,0,29,,21396,42,,,0,70,,21377,42,,,0,32,,21390,42,,,0,68,,21401,42,,,0,30,,21388,42,,,0,70,,21383,42,,,0,30,,21395,42,,,0,70,,21376,42,,,0,30,,21391,42,,,0,71,,21400,42,,,0,30,,21386,42,,,0,71,,21380,42,,,0,31,,21394,42,,,0,70,,21378,42,,,0,30,,21392,42,,,0,69,,21399,42,,,0,29,,21387,42,,,0,69,,21381,42,,,0,30,,21393,42,,,0,70,,21375,42,,,0,30,,21410,42,,,0,70,,21398,42,,,0,100,,21384,42,,,0,97,,21379,42,,,0,100,,21397,42,,,0
31019,'1797',616,,21446,30,,,0,26,,21439,30,,,0,64,,21416,42,,,0,30,,21432,42,,,0,71,,21445,42,,,0,31,,21428,42,,,0,70,,21422,42,,,0,30,,21438,42,,,0,70,,21415,42,,,0,30,,21431,42,,,0,70,,21440,42,,,0,31,,21427,42,,,0,70,,21421,42,,,0,30,,21437,42,,,0,70,,21414,42,,,0,30,,21430,42,,,0,70,,21443,42,,,0,30,,21426,42,,,0,70,,21420,42,,,0,30,,21436,42,,,0,70,,21413,42,,,0,30,,21429,42,,,0,70,,21442,42,,,0,30,,21425,42,,,0,70,,21419,42,,,0,30,,21435,42,,,0,70,,21412,42,,,0,30,,21447,42,,,0,70,,21441,42,,,0,99,,21418,42,,,0,98,,21411,42,,,0,99,,21444,42,,,0
31019,'1798',616,,21465,30,,,0,90,,21448,42,,,0,101,,21449,42,,,0,101,,21450,42,,,0,100,,21451,42,,,0,100,,21452,42,,,0,101,,21453,42,,,0,100,,21454,42,,,0,100,,21455,42,,,0,100,,21456,42,,,0,100,,21457,42,,,0,100,,21458,42,,,0,100,,21459,42,,,0,100,,21460,42,,,0,100,,21461,42,,,0,99,,21462,42,,,0,98,,21463,42,,,0,99,,21464,42,,,0
31019,'1799',616,,21484,30,,,0,90,,21467,42,,,0,101,,21468,42,,,0,101,,21469,42,,,0,100,,21470,42,,,0,100,,21471,42,,,0,101,,21472,42,,,0,100,,21473,42,,,0,100,,21474,42,,,0,100,,21475,42,,,0,100,,21476,42,,,0,100,,21477,42,,,0,100,,21478,42,,,0,100,,21479,42,,,0,100,,21480,42,,,0,99,,21481,42,,,0,98,,21482,42,,,0,99,,21483,42,,,0
31019,'1800',616,,21503,30,,,0,90,,21486,42,,,0,101,,21487,42,,,0,101,,21488,42,,,0,100,,21489,42,,,0,100,,21490,42,,,0,101,,21491,42,,,0,100,,21492,42,,,0,100,,21493,42,,,0,100,,21494,42,,,0,100,,21495,42,,,0,100,,21496,42,,,0,100,,21497,42,,,0,100,,21498,42,,,0,100,,21499,42,,,0,99,,21500,42,,,0,98,,21501,42,,,0,99,,21502,42,,,0
14000001029,'1796',449,,19519,30,0,18 7,0,102,,23396,30,0,18 7,0,1852,,23398,30,,,0,30,,19523,30,,,0,70,,23400,30,,,0,30,,23397,30,,,0,70,,19524,30,,,0,30,,23399,30,,,0
14000001029,'1797',550,,19531,30,0,18 7,0,1853,,23404,30,,,0,30,,19528,30,,,0,70,,23401,30,,,0,30,,23402,30,,,0,70,,19532,30,,,0,30,,23403,30,,,0
14000001029,'1798',550,,23409,30,0,18 7,0,1853,,23405,30,,,0,30,,19538,30,,,0,70,,23408,30,,,0,30,,23407,30,,,0,70,,19537,30,,,0,30,,23406,30,,,0
14000001029,'1799',550,,23414,30,0,18 7,0,1853,,23410,30,,,0,30,,19545,30,,,0,70,,23413,30,,,0,30,,23412,30,,,0,70,,19544,30,,,0,30,,23411,30,,,0
14000001029,'1800',550,,23419,30,0,18 7,0,1853,,23415,30,,,0,30,,19552,30,,,0,70,,23418,30,,,0,30,,23417,30,,,0,70,,19551,30,,,0,30,,23416,30,,,0
