1029,'1796',615,,19689,34,,,0,30,,13901,34,,,0,70,3,19709,34,,,0,30,2,19686,34,,,0,70,2,19681,34,,,0,30,2,19713,34,,,0,70,3,19684,34,,,0,30,3,19690,34,,,0,70,3,19708,34,,,0,30,3,19688,34,,,0,70,3,19680,34,,,0,30,3,19712,34,,,0,70,3,19685,34,,,0,30,4,19691,34,,,0,70,4,19707,34,,,0,30,4,19687,34,,,0,70,3,19682,34,,,0,30,2,19710,34,,,0,70,,19683,34,,,0,30,,19692,34,,,0,70,,19706,34,,,0,30,2,19695,34,,,0,70,2,19694,34,,,0,30,3,19693,34,,,0,70,,19699,34,,,0,30,,19698,34,,,0,70,,19697,34,,,0,30,,19696,34,,,0,70,2,19711,34,,,0,30,2,19705,34,,,0,70,2,19704,34,,,0,30,2,19703,34,,,0,70,2,19702,34,,,0,30,2,19701,34,,,0,65,2,19700,34,,,0
1029,'1797',615,,19719,34,,,0,30,3,19731,34,,,0,70,3,19738,34,,,0,30,3,19726,34,,,0,70,3,19747,34,,,0,30,3,19735,34,,,0,69,,19718,34,,,0,31,,19730,34,,,0,70,,19741,34,,,0,30,,19725,34,,,0,70,,19748,34,,,0,30,,19734,34,,,0,70,,19717,34,,,0,30,,19729,34,,,0,70,,19740,34,,,0,30,,19724,34,,,0,70,,19720,34,,,0,30,,19733,34,,,0,70,,19716,34,,,0,30,,19728,34,,,0,70,2,19736,34,,,0,30,2,19723,34,,,0,70,2,19745,34,,,0,30,2,19732,34,,,0,70,2,19715,34,,,0,30,2,19727,34,,,0,70,2,19739,34,,,0,30,2,19721,34,,,0,70,2,19743,34,,,0,30,2,19742,34,,,0,70,2,19714,34,,,0,30,2,19722,34,,,0,70,5,19737,34,,,0,30,5,19746,34,,,0,65,,19744,34,,,0
1029,'1798',615,,19749,34,,,0,100,3,19750,34,,,0,100,3,19751,34,,,0,100,2,19752,34,,,0,100,,19753,34,,,0,100,,19754,34,,,0,100,,19755,34,,,0,100,,19756,34,,,0,100,,19757,34,,,0,100,,19758,34,,,0,100,2,19759,34,,,0,100,2,19760,34,,,0,100,2,19761,34,,,0,100,2,19762,34,,,0,100,2,19763,34,,,0,100,2,19764,34,,,0,100,5,19765,34,,,0,95,,19766,34,,,0
1029,'1799',615,,19767,34,,,0,100,3,19768,34,,,0,100,3,19769,34,,,0,100,2,19770,34,,,0,100,,19771,34,,,0,100,,19772,34,,,0,100,,19773,34,,,0,100,,19774,34,,,0,100,,19775,34,,,0,100,,19776,34,,,0,100,2,19777,34,,,0,100,2,19778,34,,,0,100,2,19779,34,,,0,100,2,19780,34,,,0,100,2,19781,34,,,0,100,2,19782,34,,,0,100,5,19783,34,,,0,95,,19784,34,,,0
1029,'1800',615,,19785,34,,,0,100,3,19786,34,,,0,100,3,19787,34,,,0,100,2,19788,34,,,0,100,,19789,34,,,0,100,,19790,34,,,0,100,,19791,34,,,0,100,,19792,34,,,0,100,,19793,34,,,0,100,,19794,34,,,0,100,2,19795,34,,,0,100,2,19796,34,,,0,100,2,19797,34,,,0,100,2,19798,34,,,0,100,2,19799,34,,,0,100,2,19800,34,,,0,100,5,19801,34,,,0,95,,19802,34,,,0
2029,'1796',533,,14191,16,,,0,67,,14165,31,,,0,30,,14166,31,,,0,70,,14167,31,,,0,30,2,14168,31,,,0,70,42,14169,31,,,0,30,2,14170,31,,,0,70,42,14171,31,,,0,30,3,14172,31,,,0,70,43,14173,31,,,0,30,3,14174,31,,,0,70,43,14175,31,,,0,30,3,14176,31,,,0,70,43,14177,31,,,0,30,3,14178,31,,,0,70,43,14179,31,,,0,30,3,14180,31,,,0,70,43,14181,31,,,0,30,3,14182,31,,,0,70,43,14183,31,,,0,30,4,14184,31,,,0,70,44,14185,31,,,0,30,4,14186,31,,,0,70,42,14187,31,,,0,30,3,14188,31,,,0,70,44,14189,31,,,0,30,4,14190,31,,,0,70,44,14194,31,,,0,30,4,14195,31,,,0,100,4,14196,31,,,0,100,4,14197,31,,,0,100,4,14193,31,,,0
2029,'1797',600,,14231,31,0,5 2 15 16 17,0,30,,14214,31,,,0,70,,14221,31,,,0,30,2,14200,31,,,0,70,42,14206,31,,,0,30,2,14215,31,,,0,70,42,14222,31,,,0,30,3,14201,31,,,0,70,43,14207,31,,,0,30,3,14216,31,,,0,70,43,14223,31,,,0,30,3,14202,31,,,0,70,43,14208,31,,,0,30,3,14217,31,,,0,70,43,14224,31,,,0,30,3,14203,31,,,0,70,43,14209,31,,,0,30,3,14218,31,,,0,70,43,14225,31,,,0,30,3,14204,31,,,0,70,43,14210,31,,,0,30,3,14219,31,,,0,70,43,14226,31,,,0,30,3,14205,31,,,0,70,43,14211,31,,,0,30,3,14220,31,,,0,70,43,14227,31,,,0,30,4,14212,31,,,0,100,4,14228,31,,,0,100,4,14213,31,,,0,100,4,14229,31,,,0
2029,'1798',630,,14235,31,,,0,70,,14243,31,,,0,30,2,14254,31,,,0,70,42,14249,31,,,0,30,2,14236,31,,,0,70,42,14244,31,,,0,30,3,14255,31,,,0,70,43,14250,31,,,0,30,3,14237,31,,,0,70,43,14245,31,,,0,30,3,14256,31,,,0,70,43,14251,31,,,0,30,3,14238,31,,,0,70,43,14246,31,,,0,30,3,14257,31,,,0,70,43,14252,31,,,0,30,3,14239,31,,,0,70,43,14247,31,,,0,30,3,14258,31,,,0,70,43,14253,31,,,0,30,3,14240,31,,,0,70,43,14248,31,,,0,30,3,14259,31,,,0,100,3,14241,31,,,0,100,4,14260,31,,,0,100,4,14242,31,,,0,100,4,14261,31,,,0,100,4,14234,31,,,0
2029,'1799',630,,14267,31,,,0,70,,14275,31,,,0,30,2,14286,31,,,0,70,42,14281,31,,,0,30,2,14268,31,,,0,70,42,14276,31,,,0,30,3,14287,31,,,0,70,43,14282,31,,,0,30,3,14269,31,,,0,70,43,14277,31,,,0,30,3,14288,31,,,0,70,43,14283,31,,,0,30,3,14270,31,,,0,70,43,14278,31,,,0,30,3,14289,31,,,0,70,43,14284,31,,,0,30,3,14271,31,,,0,70,43,14279,31,,,0,30,3,14290,31,,,0,70,43,14285,31,,,0,30,3,14272,31,,,0,70,43,14280,31,,,0,30,3,14291,31,,,0,100,3,14273,31,,,0,100,4,14292,31,,,0,100,4,14274,31,,,0,100,4,14293,31,,,0,100,4,14266,31,,,0
2029,'1800',630,,14299,31,,,0,70,,14307,31,,,0,30,2,14318,31,,,0,70,42,14313,31,,,0,30,2,14300,31,,,0,70,42,14308,31,,,0,30,3,14319,31,,,0,70,43,14314,31,,,0,30,3,14301,31,,,0,70,43,14309,31,,,0,30,3,14320,31,,,0,70,43,14315,31,,,0,30,3,14302,31,,,0,70,43,14310,31,,,0,30,3,14321,31,,,0,70,43,14316,31,,,0,30,3,14303,31,,,0,70,43,14311,31,,,0,30,3,14322,31,,,0,70,43,14317,31,,,0,30,3,14304,31,,,0,70,43,14312,31,,,0,30,3,14323,31,,,0,100,3,14305,31,,,0,100,4,14324,31,,,0,100,4,14306,31,,,0,100,4,14325,31,,,0,100,4,14298,31,,,0
4029,'1796',641,,19953,18,4,,0,70,,19954,18,4,,0,35,,19955,18,4,,0,66,,19956,18,4,,0,36,,19957,18,4,,0,64,,19958,18,4,,0,31,,19959,18,4,,0,70,,19960,18,4,,0,30,,19961,18,4,,0,70,,19962,18,4,,0,30,,19963,18,4,,0,71,,19964,18,4,,0,30,,19965,18,4,,0,70,,19966,18,4,,0,30,,19967,18,4,,0,70,,19968,18,4,,0,30,,19969,18,4,,0,75,,19970,18,4,,0,25,,19971,18,4,,0,76,,19972,18,4,,0,24,,19973,18,4,,0,76,,19974,18,4,,0,24,,19975,18,4,,0,75,,19976,18,4,,0,26,,19977,18,4,,0,69,,19978,18,4,,0
4029,'1797',642,,20009,18,4,,0,68,,20010,18,4,,0,30,,20011,18,4,,0,70,,20012,18,4,,0,30,,20013,18,4,,0,73,,20014,18,4,,0,30,,20015,18,4,,0,70,,20002,18,4,,0,31,,19996,18,4,,0,69,,19989,18,4,,0,31,,20000,18,4,,0,69,,20006,18,4,,0,30,,20001,18,4,,0,70,,19988,18,4,,0,30,,19993,18,4,,0,70,,20004,18,4,,0,30,,19987,18,4,,0,70,,20003,18,4,,0,30,,19998,18,4,,0,70,,19990,18,4,,0,29,,19985,18,4,,0,70,,20005,18,4,,0,30,,20008,18,4,,0,70,,19999,18,4,,0,30,,19994,18,4,,0,69,,20016,18,4,,0
4029,'1798',1012,,20029,18,4,,0,30,,20032,18,4,,0,70,,20017,18,4,,0,30,,20022,18,4,,0,70,,20025,18,4,,0,30,,20028,18,4,,0,70,,20030,18,4,,0,30,,20018,18,4,,0,70,,20021,18,4,,0,30,,20024,18,4,,0,70,,20027,18,4,,0,30,,20031,18,4,,0,70,,20019,18,4,,0,30,,20020,18,4,,0,70,,20023,18,4,,0,30,,20026,18,4,,0
4029,'1799',1012,,20058,18,4,,0,30,,20061,18,4,,0,70,,20046,18,4,,0,30,,20051,18,4,,0,70,,20054,18,4,,0,30,,20057,18,4,,0,70,,20059,18,4,,0,30,,20047,18,4,,0,70,,20050,18,4,,0,30,,20053,18,4,,0,70,,20056,18,4,,0,30,,20060,18,4,,0,70,,20048,18,4,,0,30,,20049,18,4,,0,70,,20052,18,4,,0,30,,20055,18,4,,0
4029,'1800',1012,,20087,18,4,,0,30,,20090,18,4,,0,70,,20075,18,4,,0,30,,20080,18,4,,0,70,,20083,18,4,,0,30,,20086,18,4,,0,70,,20088,18,4,,0,30,,20076,18,4,,0,70,,20079,18,4,,0,30,,20082,18,4,,0,70,,20085,18,4,,0,30,,20089,18,4,,0,70,,20077,18,4,,0,30,,20078,18,4,,0,70,,20081,18,4,,0,30,,20084,18,4,,0
501019,'1796',529,,21636,6,4,,0,92,,21637,12,4,,0,30,,21638,12,4,,0,77,,21639,12,4,,0,26,,21640,12,4,,0,64,,21641,12,4,,0,12,,21642,12,4,,0,24,,21643,12,4,,0,62,,21644,12,4,,0,11,,21645,12,4,,0,30,,21646,12,4,,0,70,,21647,12,4,,0,30,,21648,12,4,,0,71,,21649,12,4,,0,30,,21650,12,4,,0,70,,21651,12,4,,0,30,,21652,12,4,,0,70,,21653,12,4,,0,30,,21654,12,4,,0,70,,21655,12,4,,0,26,,21656,12,4,,0,53,,21657,12,4,,0,22,,21658,12,4,,0,24,,21659,12,4,,0,52,,21660,12,4,,0,24,,21661,12,4,,0,24,,21662,12,4,,0,52,,21663,12,4,,0,22,,21664,12,4,,0,23,,21665,12,4,,0,52,,21666,12,4,,0,26,,21667,12,4,,0,28,,21668,12,4,,0,70,,21669,12,4,,0,29,,21670,12,4,,0,70,,21671,12,4,,0,30,,21672,12,4,,0,68,,21673,12,4,,0,30,,21674,12,4,,0,68,,21675,12,4,,0,30,,21676,12,4,,0,70,,21677,12,4,,0
501019,'1797',623,,21687,12,4,,0,30,,21690,12,4,,0,67,,21686,12,4,,0,30,,21689,12,4,,0,70,,21685,12,4,,0,32,,21691,12,4,,0,70,,21684,12,4,,0,30,,21688,12,4,,0,73,,21697,12,4,,0,30,,21707,12,4,,0,71,,21698,12,4,,0,30,,21708,12,4,,0,71,,21699,12,4,,0,30,,21709,12,4,,0,70,,21700,12,4,,0,30,,21710,12,4,,0,70,,21701,12,4,,0,31,,21711,12,4,,0,70,,21702,12,4,,0,30,,21712,12,4,,0,70,,21703,12,4,,0,30,,21705,12,4,,0,70,,21704,12,4,,0,30,,21706,12,4,,0,70,,21683,12,4,,0,27,,21696,12,4,,0,70,,21682,12,4,,0,30,,21694,12,4,,0,67,,21681,12,4,,0,30,,21695,12,4,,0,70,,21680,12,4,,0,30,,21692,12,4,,0,68,,21679,12,4,,0,30,,21693,12,4,,0,70,,21678,12,4,,0
501019,'1798',623,,21728,12,4,,0,30,,21742,12,4,,0,67,,21727,12,4,,0,30,,21741,12,4,,0,70,,21730,12,4,,0,32,,21743,12,4,,0,71,,21731,12,4,,0,30,,21740,12,4,,0,72,,21719,12,4,,0,30,,21732,12,4,,0,71,,21718,12,4,,0,30,,21733,12,4,,0,70,,21721,12,4,,0,30,,21734,12,4,,0,70,,21717,12,4,,0,30,,21739,12,4,,0,70,,21716,12,4,,0,30,,21738,12,4,,0,70,,21715,12,4,,0,30,,21735,12,4,,0,70,,21714,12,4,,0,30,,21737,12,4,,0,70,,21720,12,4,,0,30,,21736,12,4,,0,69,,21729,12,4,,0,30,,21744,12,4,,0,69,,21726,12,4,,0,30,,21747,12,4,,0,69,,21725,12,4,,0,30,,21713,12,4,,0,70,,21724,12,4,,0,30,,21745,12,4,,0,67,,21723,12,4,,0,30,,21746,12,4,,0,70,,21722,12,4,,0
501019,'1799',623,,21763,12,4,,0,30,,21777,12,4,,0,67,,21762,12,4,,0,30,,21776,12,4,,0,70,,21765,12,4,,0,32,,21778,12,4,,0,71,,21766,12,4,,0,30,,21775,12,4,,0,72,,21754,12,4,,0,30,,21767,12,4,,0,71,,21753,12,4,,0,30,,21768,12,4,,0,70,,21756,12,4,,0,30,,21769,12,4,,0,70,,21752,12,4,,0,30,,21774,12,4,,0,70,,21751,12,4,,0,30,,21773,12,4,,0,70,,21750,12,4,,0,30,,21770,12,4,,0,70,,21749,12,4,,0,30,,21772,12,4,,0,70,,21755,12,4,,0,30,,21771,12,4,,0,69,,21764,12,4,,0,30,,21779,12,4,,0,69,,21761,12,4,,0,30,,21782,12,4,,0,69,,21760,12,4,,0,30,,21748,12,4,,0,70,,21759,12,4,,0,30,,21780,12,4,,0,67,,21758,12,4,,0,30,,21781,12,4,,0,70,,21757,12,4,,0
501019,'1800',623,,21798,12,4,,0,30,,21812,12,4,,0,67,,21797,12,4,,0,30,,21811,12,4,,0,70,,21800,12,4,,0,32,,21813,12,4,,0,71,,21801,12,4,,0,30,,21810,12,4,,0,72,,21789,12,4,,0,30,,21802,12,4,,0,71,,21788,12,4,,0,30,,21803,12,4,,0,70,,21791,12,4,,0,30,,21804,12,4,,0,70,,21787,12,4,,0,30,,21809,12,4,,0,70,,21786,12,4,,0,30,,21808,12,4,,0,70,,21785,12,4,,0,30,,21805,12,4,,0,70,,21784,12,4,,0,30,,21807,12,4,,0,70,,21790,12,4,,0,30,,21806,12,4,,0,69,,21799,12,4,,0,30,,21814,12,4,,0,69,,21796,12,4,,0,30,,21817,12,4,,0,69,,21795,12,4,,0,30,,21783,12,4,,0,70,,21794,12,4,,0,30,,21815,12,4,,0,67,,21793,12,4,,0,30,,21816,12,4,,0,70,,21792,12,4,,0
501029,'1796',530,,21820,1,,,0,95,,21821,1,,,0,10,,17154,1,,,0,10,,21822,1,,,0,10,,21823,1,,,0,60,,21824,1,,,0,15,,21825,1,,,0,17,,21826,1,,,0,12,,21827,1,,,0,53,,21828,1,,,0,5,,21885,1,,,0,5,,21829,1,,,0,11,,21830,1,,,0,15,,21831,1,,,0,52,,21832,1,,,0,15,,21833,1,,,0,15,,21834,1,,,0,15,,21835,1,,,0,55,,21836,1,,,0,15,,21837,1,,,0,15,,21838,1,,,0,15,,21839,1,,,0,55,,21840,1,,,0,15,,21841,1,,,0,15,,21842,1,,,0,15,,21843,1,,,0,55,,21844,1,,,0,15,,21845,1,,,0,15,,21846,1,,,0,15,,21847,1,,,0,55,,21848,1,,,0,15,,21849,1,,,0,15,,21850,1,,,0,15,,21851,1,,,0,55,,21852,1,,,0,15,,21853,1,,,0,15,,21818,1,,,0,15,,21819,1,,,0,12,,21854,1,,,0,46,,17152,1,,,0,6,,21855,1,,,0,12,,21856,1,,,0,12,,21857,1,,,0,12,,21858,1,,,0,12,,21859,1,,,0,46,,17155,1,,,0,6,,21860,1,,,0,12,,21861,1,,,0,12,,21862,1,,,0,12,,21863,1,,,0,12,,21864,1,,,0,52,,21865,1,,,0,12,,21866,1,,,0,12,,21867,1,,,0,12,,21868,1,,,0,12,,21869,1,,,0,52,,21870,1,,,0,12,,21871,1,,,0,12,,21872,1,,,0,12,,21873,1,,,0,55,,21874,1,,,0,15,,21875,1,,,0,15,,21876,1,,,0,70,,21877,1,,,0,30,,21878,1,,,0,70,,21879,1,,,0,25,,21880,1,,,0,30,,21881,1,,,0,70,,21882,1,,,0,30,,21883,1,,,0,66,,21884,1,,,0
501029,'1797',625,,21898,1,,,0,18,,21945,1,0,11,0,57,,21903,1,,,0,15,,21938,1,,,0,15,,21897,1,,,0,70,,21904,1,,,0,30,,21896,1,,,0,70,,21902,1,,,0,30,,21895,1,,,0,15,,21888,1,,,0,55,,21901,1,,,0,15,,21900,1,,,0,15,,21913,1,,,0,15,,21922,1,,,0,55,,21939,1,,,0,15,,21931,1,,,0,15,,21914,1,,,0,15,,21923,1,,,0,55,,21940,1,,,0,15,,21932,1,,,0,15,,21915,1,,,0,15,,21924,1,,,0,55,,21941,1,,,0,15,,21933,1,,,0,15,,21916,1,,,0,15,,21925,1,,,0,55,,21942,1,,,0,15,,21934,1,,,0,15,,21917,1,,,0,15,,21926,1,,,0,55,,21943,1,,,0,15,,21935,1,,,0,15,,21918,1,,,0,15,,21927,1,,,0,55,,21944,1,,,0,15,,21936,1,,,0,15,,21919,1,,,0,15,,21928,1,,,0,55,,21921,1,,,0,15,,21937,1,,,0,15,,21920,1,,,0,15,,21929,1,,,0,55,,21910,1,,,0,15,,21912,1,,,0,15,,21894,1,,,0,15,,21930,1,,,0,55,,21911,1,,,0,15,,21946,1,,,0,15,,21893,1,,,0,70,,21908,1,,,0,25,,21892,1,,,0,30,,21909,1,,,0,70,,21891,1,,,0,30,,21907,1,,,0,70,,21890,1,,,0,30,,21906,1,,,0,65,,21889,1,,,0
501029,'1798',625,,21964,1,,,0,30,,21975,1,,,0,70,,21963,1,,,0,30,,21974,1,,,0,70,,21962,1,,,0,30,,21977,1,,,0,70,,21965,1,,,0,75,,21973,1,,,0,15,,21993,1,,,0,15,,21954,1,,,0,15,,21997,1,,,0,55,,21966,1,,,0,15,,21999,1,,,0,15,,21955,1,,,0,15,,21986,1,,,0,55,,21967,1,,,0,15,,21989,1,,,0,15,,21949,1,,,0,15,,21992,1,,,0,55,,21972,1,,,0,15,,21995,1,,,0,15,,21950,1,,,0,15,,22000,1,,,0,55,,21971,1,,,0,15,,21985,1,,,0,15,,21952,1,,,0,15,,21988,1,,,0,55,,21969,1,,,0,15,,21991,1,,,0,15,,21948,1,,,0,15,,21996,1,,,0,55,,21968,1,,,0,15,,21998,1,,,0,15,,21953,1,,,0,15,,21984,1,,,0,55,,21970,1,,,0,15,,21987,1,,,0,15,,21951,1,,,0,15,,21990,1,,,0,55,,21980,1,,,0,30,,21961,1,,,0,70,,21983,1,,,0,15,,21994,1,,,0,10,,21960,1,,,0,30,,21979,1,,,0,70,,21959,1,,,0,30,,21981,1,,,0,70,,21958,1,,,0,30,,21982,1,,,0,70,,21957,1,,,0,30,,21978,1,,,0,65,,21956,1,,,0
501029,'1799',625,,22018,1,,,0,30,,22029,1,,,0,70,,22017,1,,,0,30,,22028,1,,,0,70,,22016,1,,,0,30,,22031,1,,,0,70,,22019,1,,,0,75,,22027,1,,,0,15,,22047,1,,,0,15,,22008,1,,,0,15,,22051,1,,,0,55,,22020,1,,,0,15,,22053,1,,,0,15,,22009,1,,,0,15,,22040,1,,,0,55,,22021,1,,,0,15,,22043,1,,,0,15,,22003,1,,,0,15,,22046,1,,,0,55,,22026,1,,,0,15,,22049,1,,,0,15,,22004,1,,,0,15,,22054,1,,,0,55,,22025,1,,,0,15,,22039,1,,,0,15,,22006,1,,,0,15,,22042,1,,,0,55,,22023,1,,,0,15,,22045,1,,,0,15,,22002,1,,,0,15,,22050,1,,,0,55,,22022,1,,,0,15,,22052,1,,,0,15,,22007,1,,,0,15,,22038,1,,,0,55,,22024,1,,,0,15,,22041,1,,,0,15,,22005,1,,,0,15,,22044,1,,,0,55,,22034,1,,,0,30,,22015,1,,,0,70,,22037,1,,,0,15,,22048,1,,,0,10,,22014,1,,,0,30,,22033,1,,,0,70,,22013,1,,,0,30,,22035,1,,,0,70,,22012,1,,,0,30,,22036,1,,,0,70,,22011,1,,,0,30,,22032,1,,,0,65,,22010,1,,,0
501029,'1800',625,,22072,1,,,0,30,,22083,1,,,0,70,,22071,1,,,0,30,,22082,1,,,0,70,,22070,1,,,0,30,,22085,1,,,0,70,,22073,1,,,0,75,,22081,1,,,0,15,,22101,1,,,0,15,,22062,1,,,0,15,,22105,1,,,0,55,,22074,1,,,0,15,,22107,1,,,0,15,,22063,1,,,0,15,,22094,1,,,0,55,,22075,1,,,0,15,,22097,1,,,0,15,,22057,1,,,0,15,,22100,1,,,0,55,,22080,1,,,0,15,,22103,1,,,0,15,,22058,1,,,0,15,,22108,1,,,0,55,,22079,1,,,0,15,,22093,1,,,0,15,,22060,1,,,0,15,,22096,1,,,0,55,,22077,1,,,0,15,,22099,1,,,0,15,,22056,1,,,0,15,,22104,1,,,0,55,,22076,1,,,0,15,,22106,1,,,0,15,,22061,1,,,0,15,,22092,1,,,0,55,,22078,1,,,0,15,,22095,1,,,0,15,,22059,1,,,0,15,,22098,1,,,0,55,,22088,1,,,0,30,,22069,1,,,0,70,,22091,1,,,0,15,,22102,1,,,0,10,,22068,1,,,0,30,,22087,1,,,0,70,,22067,1,,,0,30,,22089,1,,,0,70,,22066,1,,,0,30,,22090,1,,,0,70,,22065,1,,,0,30,,22086,1,,,0,65,,22064,1,,,0
601019,'1796',627,,17864,14,,,0,20,,17856,14,,,0,53,41,22567,13,0,19 2 11 2 22 1 23,0,15,,17851,13,0,19 2 11 2 22 1 23,0,15,3,22566,13,0,19 2 11 2 22 1 23,0,15,2,17866,13,0,19 2 11 2 22 1 23,0,55,,22568,13,0,19 2 11 2 22 1 23,0,15,,17850,13,0,19 2 11 2 22 1 23,0,15,,22565,13,0,19 2 11 2 22 1 23,0,15,,17865,13,0,19 2 11 2 22 1 23,0,63,,17876,14,,,0,30,,17881,14,,,0,70,,17882,14,,,0,30,,17879,14,,,0,70,,17877,14,,,0,30,,17883,14,,,0,70,,17885,14,,,0,30,,17880,14,,,0,70,,17878,14,,,0,30,,17886,14,,,0,70,,17884,14,,,0,20,,17844,14,,,0,15,,17873,13,0,19 2 11 2 22 1 23,0,15,,17861,13,0,19 2 11 2 22 1 23,0,55,,17869,13,0,19 2 11 2 22 1 23,0,15,,17857,13,0,19 2 11 2 22 1 23,0,15,,17870,13,0,19 2 11 2 22 1 23,0,15,,17860,13,0,19 2 11 2 22 1 23,0,55,,17867,13,0,19 2 11 2 22 1 23,0,15,2,17862,13,0,19 2 11 2 22 1 23,0,15,2,17868,13,0,19 2 11 2 22 1 23,0,15,2,17854,13,0,19 2 11 2 22 1 23,0,55,2,17871,13,0,19 2 11 2 22 1 23,0,15,2,17849,13,0,19 2 11 2 22 1 23,0,15,2,17874,13,0,19 2 11 2 22 1 23,0,15,2,17853,13,0,19 2 11 2 22 1 23,0,55,2,17872,13,0,19 2 11 2 22 1 23,0,17,4,17838,14,,,0,70,44,17839,14,,,0,12,,17847,14,,,0,18,4,17845,14,,,0,70,45,17842,14,,,0,30,5,17843,14,,,0,70,45,17837,14,,,0,30,5,17840,14,,,0,70,45,17836,14,,,0,30,5,17841,14,,,0,76,48,17846,14,,,0
601019,'1797',636,6,17903,14,,,0,70,6,17921,14,,,0,30,6,17902,14,,,0,70,6,17920,14,,,0,30,6,17901,14,,,0,70,6,17919,14,,,0,30,6,17900,14,,,0,70,6,17918,14,,,0,30,6,17898,14,,,0,70,6,17916,14,,,0,30,6,17899,14,,,0,68,4,17917,14,,,0,32,4,17897,14,,,0,70,4,17915,14,,,0,30,4,17888,14,,,0,70,4,17914,14,,,0,30,4,17896,14,,,0,70,4,17913,14,,,0,30,4,17894,14,,,0,70,4,17912,14,,,0,30,6,17889,14,,,0,70,6,17910,14,,,0,30,6,17891,14,,,0,70,6,17911,14,,,0,30,6,17895,14,,,0,70,6,17909,14,,,0,30,8,17890,14,,,0,70,48,17908,14,,,0,30,8,17893,14,,,0,70,48,17907,14,,,0,30,8,17892,14,,,0,70,48,17906,14,,,0,30,8,17887,14,,,0,70,48,17905,14,,,0
601019,'1798',2206,48,17924,7,,,0,30,8,17923,7,,,0,70,48,17922,14,,,0
601019,'1799',636,6,17927,14,,,0,70,6,17930,14,,,0,30,6,17954,14,,,0,70,6,17939,14,,,0,30,6,17957,14,,,0,70,6,17925,14,,,0,30,6,17932,14,,,0,70,6,17952,14,,,0,30,6,17955,14,,,0,70,6,17926,14,,,0,30,6,17938,14,,,0,68,4,17956,14,,,0,32,4,17951,14,,,0,70,4,17929,14,,,0,30,4,17941,14,,,0,70,4,17947,14,,,0,30,4,17944,14,,,0,70,4,17934,14,,,0,30,4,17933,14,,,0,70,4,17928,14,,,0,30,6,17948,14,,,0,70,6,17937,14,,,0,30,6,17950,14,,,0,70,6,17946,14,,,0,30,6,17931,14,,,0,70,6,17953,14,,,0,30,8,17945,14,,,0,70,48,17959,14,,,0,30,8,17942,14,,,0,70,48,17958,14,,,0,30,8,17935,14,,,0,70,48,17936,14,,,0,30,8,17943,14,,,0,70,48,17940,14,,,0
601019,'1800',2206,48,17962,7,,,0,30,8,17961,7,,,0,70,48,17960,14,,,0
701019,'1796',1459,,18193,9,4,,0,144,,18192,9,4,,0
801019,'1796',602,,19113,10,4,,0,30,,19121,10,4,,0,20,,23244,10,4,,0,66,,23241,10,4,,0,15,,23243,10,4,,0,20,,23240,10,,,0,60,,23242,10,4,,0,20,,23247,10,4,,0,25,,19091,10,,,0,70,,23225,10,,,0,30,,23226,10,,,0,70,,19094,10,,,0,30,,23227,10,,,0,70,,23228,10,,,0,30,,23229,10,,,0,70,,23230,10,,,0,30,,23231,10,,,0,70,,23232,10,,,0,30,,23233,10,,,0,70,,23234,10,,,0,30,,23245,10,,,0,70,,19123,10,4,,0,25,,23235,10,,,0,60,,19104,10,,,0,20,,19124,10,4,,0,20,,19105,10,,,0,60,,19106,10,,,0,20,,23248,10,4,,0,20,,23236,10,,,0,59,,23246,10,4,,0,20,,19119,10,4,,0,25,,23237,10,,,0,70,,19109,10,,,0,30,,23238,10,,,0,70,,23239,10,,,0
801019,'1797',757,,23256,10,,,0,70,,19147,10,,,0,30,,19148,10,,,0,70,,23252,10,,,0,30,,19133,10,,,0,70,,19132,10,,,0,30,,23255,10,,,0,70,,19137,10,,,0,30,,19142,10,,,0,70,,23254,10,,,0,30,,19140,10,,,0,70,,19139,10,,,0,30,,23249,10,,,0,70,,19136,10,,,0,30,,19145,10,,,0,70,,23251,10,,,0,30,,19126,10,,,0,70,,19127,10,,,0,30,,23250,10,,,0,70,,19131,10,,,0,30,,19144,10,,,0,70,,23253,10,,,0,30,,19135,10,,,0,71,,19149,10,,,0,30,,23257,10,,,0,70,,19151,10,,,0
801019,'1798',757,,19165,10,,,0,70,,23259,10,,,0,30,,19169,10,,,0,70,,19158,10,,,0,30,,23258,10,,,0,70,,19163,10,,,0,30,,19176,10,,,0,70,,19167,10,,,0,30,,19164,10,,,0,70,,19173,10,,,0,30,,19159,10,,,0,70,,19170,10,,,0,30,,19172,10,,,0,70,,19168,10,,,0,30,,19155,10,,,0,70,,19174,10,,,0,30,,19160,10,,,0,70,,19156,10,,,0,30,,19171,10,,,0,70,,19154,10,,,0,30,,19157,10,,,0,70,,19175,10,,,0,30,,19152,10,,,0,71,,19162,10,,,0,30,,19177,10,,,0,70,,19166,10,,,0
801019,'1799',757,,19191,10,,,0,70,,23261,10,,,0,30,,19195,10,,,0,70,,19184,10,,,0,30,,23260,10,,,0,70,,19189,10,,,0,30,,19202,10,,,0,70,,19193,10,,,0,30,,19190,10,,,0,70,,19199,10,,,0,30,,19185,10,,,0,70,,19196,10,,,0,30,,19198,10,,,0,70,,19194,10,,,0,30,,19181,10,,,0,70,,19200,10,,,0,30,,19186,10,,,0,70,,19182,10,,,0,30,,19197,10,,,0,70,,19180,10,,,0,30,,19183,10,,,0,70,,19201,10,,,0,30,,19178,10,,,0,71,,19188,10,,,0,30,,19203,10,,,0,70,,19192,10,,,0
801019,'1800',757,,19217,10,,,0,70,,23263,10,,,0,30,,19221,10,,,0,70,,19210,10,,,0,30,,23262,10,,,0,70,,19215,10,,,0,30,,19228,10,,,0,70,,19219,10,,,0,30,,19216,10,,,0,70,,19225,10,,,0,30,,19211,10,,,0,70,,19222,10,,,0,30,,19224,10,,,0,70,,19220,10,,,0,30,,19207,10,,,0,70,,19226,10,,,0,30,,19212,10,,,0,70,,19208,10,,,0,30,,19223,10,,,0,70,,19206,10,,,0,30,,19209,10,,,0,70,,19227,10,,,0,30,,19204,10,,,0,71,,19214,10,,,0,30,,19229,10,,,0,70,,19218,10,,,0
20002019,'1798',1012,,23316,16,4,,0
20002019,'1799',1012,,23317,16,4,,0
20002019,'1800',1012,,23318,16,4,,0
14000001029,'1796',438,,19519,15,0,18 7,0,102,,23396,15,0,18 7,0,1812,,23398,15,,,0,70,2,19523,15,,,0,30,2,23400,15,,,0,70,2,23397,15,,,0,30,2,19524,15,,,0,70,2,23399,15,,,0
14000001029,'1797',540,,19531,15,0,18 7,0,1812,,23404,15,,,0,70,2,19528,15,,,0,30,2,23401,15,,,0,70,2,23402,15,,,0,30,2,19532,15,,,0,70,2,23403,15,,,0
14000001029,'1798',540,,23409,15,0,18 7,0,1812,,23405,15,,,0,70,2,19538,15,,,0,30,2,23408,15,,,0,70,2,23407,15,,,0,30,2,19537,15,,,0,70,2,23406,15,,,0
14000001029,'1799',540,,23414,15,0,18 7,0,1812,,23410,15,,,0,70,2,19545,15,,,0,30,2,23413,15,,,0,70,2,23412,15,,,0,30,2,19544,15,,,0,70,2,23411,15,,,0
14000001029,'1800',540,,23419,15,0,18 7,0,1812,,23415,15,,,0,70,2,19552,15,,,0,30,2,23418,15,,,0,70,2,23417,15,,,0,30,2,19551,15,,,0,70,2,23416,15,,,0
