1029,'1796',551,,19689,2,,,0,71,,13901,2,,,0,25,,19709,2,,,0,68,,19686,2,,,0,30,,19681,2,,,0,70,,19713,2,,,0,30,,19684,2,,,0,72,,19690,2,,,0,30,,19708,2,,,0,70,,19688,2,,,0,30,,19680,2,,,0,70,,19712,2,,,0,30,,19685,2,,,0,70,,19691,2,,,0,30,,19707,2,,,0,70,,19687,2,,,0,30,,19682,2,,,0,70,,19710,2,,,0,32,,19683,2,,,0,70,,19692,2,,,0,30,,19706,2,,,0,69,,19695,2,,,0,30,,19694,2,,,0,70,,19693,2,,,0,34,,19699,2,,,0,70,,19698,2,,,0,30,,19697,2,,,0,70,,19696,2,,,0,30,,19711,2,,,0,70,,19705,2,,,0,30,,19704,2,,,0,70,,19703,2,,,0,30,,19702,2,,,0,70,,19701,2,,,0,25,,19700,2,,,0
1029,'1797',554,,19719,2,,,0,68,,19731,2,,,0,30,,19738,2,,,0,70,,19726,2,,,0,30,,19747,2,,,0,70,,19735,2,,,0,30,,19718,2,,,0,70,,19730,2,,,0,30,,19741,2,,,0,70,,19725,2,,,0,30,,19748,2,,,0,70,,19734,2,,,0,30,,19717,2,,,0,70,,19729,2,,,0,30,,19740,2,,,0,70,,19724,2,,,0,30,,19720,2,,,0,70,,19733,2,,,0,30,,19716,2,,,0,70,,19728,2,,,0,30,,19736,2,,,0,70,,19723,2,,,0,30,,19745,2,,,0,70,,19732,2,,,0,30,,19715,2,,,0,70,,19727,2,,,0,30,,19739,2,,,0,70,,19721,2,,,0,30,,19743,2,,,0,70,,19742,2,,,0,30,,19714,2,,,0,70,,19722,2,,,0,30,,19737,2,,,0,70,,19746,2,,,0,30,,19744,2,,,0
1029,'1798',554,,19749,2,,,0,98,,19750,2,,,0,100,,19751,2,,,0,100,,19752,2,,,0,100,,19753,2,,,0,100,,19754,2,,,0,100,,19755,2,,,0,100,,19756,2,,,0,100,,19757,2,,,0,100,,19758,2,,,0,100,,19759,2,,,0,100,,19760,2,,,0,100,,19761,2,,,0,100,,19762,2,,,0,100,,19763,2,,,0,100,,19764,2,,,0,100,,19765,2,,,0,100,,19766,2,,,0
1029,'1799',554,,19767,2,,,0,98,,19768,2,,,0,100,,19769,2,,,0,100,,19770,2,,,0,100,,19771,2,,,0,100,,19772,2,,,0,100,,19773,2,,,0,100,,19774,2,,,0,100,,19775,2,,,0,100,,19776,2,,,0,100,,19777,2,,,0,100,,19778,2,,,0,100,,19779,2,,,0,100,,19780,2,,,0,100,,19781,2,,,0,100,,19782,2,,,0,100,,19783,2,,,0,100,,19784,2,,,0
1029,'1800',554,,19785,2,,,0,98,,19786,2,,,0,100,,19787,2,,,0,100,,19788,2,,,0,100,,19789,2,,,0,100,,19790,2,,,0,100,,19791,2,,,0,100,,19792,2,,,0,100,,19793,2,,,0,100,,19794,2,,,0,100,,19795,2,,,0,100,,19796,2,,,0,100,,19797,2,,,0,100,,19798,2,,,0,100,,19799,2,,,0,100,,19800,2,,,0,100,,19801,2,,,0,100,,19802,2,,,0
801019,'1796',552,,19113,2,0,12,0,70,,19121,2,0,12,0,20,,23244,2,0,12,0,65,,23241,2,0,12,0,15,,23243,2,0,12,0,18,,23240,2,0,12,0,60,,23242,2,0,12,0,20,,23247,2,0,12,0,25,,19091,2,0,12,0,72,,23225,2,0,12,0,30,,23226,2,0,12,0,70,,19094,2,0,12,0,30,,23227,2,0,12,0,70,,23228,2,0,12,0,30,,23229,2,0,12,0,70,,23230,2,0,12,0,30,,23231,2,0,12,0,70,,23232,2,0,12,0,30,,23233,2,0,12,0,70,,23234,2,0,12,0,30,,23245,2,0,12,0,70,,19123,2,0,12,0,25,,23235,2,0,12,0,60,,19104,2,0,12,0,20,,19124,2,0,12,0,20,,19105,2,0,12,0,60,,19106,2,0,12,0,20,,23248,2,0,12,0,20,,23236,2,0,12,0,60,,23246,2,0,12,0,20,,19119,2,0,12,0,25,,23237,2,0,12,0,70,,19109,2,0,12,0,30,,23238,2,0,12,0,70,,23239,2,0,12,0
801019,'1797',746,,23256,2,0,12,0,70,,19147,2,0,12,0,30,,19148,2,0,12,0,70,,23252,2,0,12,0,30,,19133,2,0,12,0,70,,19132,2,0,12,0,30,,23255,2,0,12,0,70,,19137,2,0,12,0,30,,19142,2,0,12,0,70,,23254,2,0,12,0,30,,19140,2,0,12,0,70,,19139,2,0,12,0,30,,23249,2,0,12,0,70,,19136,2,0,12,0,30,,19145,2,0,12,0,70,,23251,2,0,12,0,30,,19126,2,0,12,0,70,,19127,2,0,12,0,30,,23250,2,0,12,0,70,,19131,2,0,12,0,30,,19144,2,0,12,0,70,,23253,2,0,12,0,30,,19135,2,0,12,0,71,,19149,2,0,12,0,30,,23257,2,0,12,0,70,,19151,2,0,12,0
801019,'1798',746,,19165,2,0,12,0,70,,23259,2,0,12,0,30,,19169,2,0,12,0,70,,19158,2,0,12,0,30,,23258,2,0,12,0,70,,19163,2,0,12,0,30,,19176,2,0,12,0,70,,19167,2,0,12,0,30,,19164,2,0,12,0,70,,19173,2,0,12,0,30,,19159,2,0,12,0,70,,19170,2,0,12,0,30,,19172,2,0,12,0,70,,19168,2,0,12,0,30,,19155,2,0,12,0,70,,19174,2,0,12,0,30,,19160,2,0,12,0,70,,19156,2,0,12,0,30,,19171,2,0,12,0,70,,19154,2,0,12,0,30,,19157,2,0,12,0,70,,19175,2,0,12,0,30,,19152,2,0,12,0,71,,19162,2,0,12,0,30,,19177,2,0,12,0,70,,19166,2,0,12,0
801019,'1799',746,,19191,2,0,12,0,70,,23261,2,0,12,0,30,,19195,2,0,12,0,70,,19184,2,0,12,0,30,,23260,2,0,12,0,70,,19189,2,0,12,0,30,,19202,2,0,12,0,70,,19193,2,0,12,0,30,,19190,2,0,12,0,70,,19199,2,0,12,0,30,,19185,2,0,12,0,70,,19196,2,0,12,0,30,,19198,2,0,12,0,70,,19194,2,0,12,0,30,,19181,2,0,12,0,70,,19200,2,0,12,0,30,,19186,2,0,12,0,70,,19182,2,0,12,0,30,,19197,2,0,12,0,70,,19180,2,0,12,0,30,,19183,2,0,12,0,70,,19201,2,0,12,0,30,,19178,2,0,12,0,71,,19188,2,0,12,0,30,,19203,2,0,12,0,70,,19192,2,0,12,0
801019,'1800',746,,19217,2,0,12,0,70,,23263,2,0,12,0,30,,19221,2,0,12,0,70,,19210,2,0,12,0,30,,23262,2,0,12,0,70,,19215,2,0,12,0,30,,19228,2,0,12,0,70,,19219,2,0,12,0,30,,19216,2,0,12,0,70,,19225,2,0,12,0,30,,19211,2,0,12,0,70,,19222,2,0,12,0,30,,19224,2,0,12,0,70,,19220,2,0,12,0,30,,19207,2,0,12,0,70,,19226,2,0,12,0,30,,19212,2,0,12,0,70,,19208,2,0,12,0,30,,19223,2,0,12,0,70,,19206,2,0,12,0,30,,19209,2,0,12,0,70,,19227,2,0,12,0,30,,19204,2,0,12,0,71,,19214,2,0,12,0,30,,19229,2,0,12,0,70,,19218,2,0,12,0
