1029,'1796',611,,19689,30,,,0,31,,13901,30,,,0,67,,19709,30,,,0,31,,19686,30,,,0,70,,19681,30,,,0,30,,19713,30,,,0,69,,19684,30,,,0,30,,19690,30,,,0,70,,19708,30,,,0,30,,19688,30,,,0,70,,19680,30,,,0,30,,19712,30,,,0,70,,19685,30,,,0,29,,19691,30,,,0,70,,19707,30,,,0,30,,19687,30,,,0,71,,19682,30,,,0,31,,19710,30,,,0,72,,19683,30,,,0,30,,19692,30,,,0,69,,19706,30,,,0,29,,19695,30,,,0,70,,19694,30,,,0,29,,19693,30,,,0,72,,19699,30,,,0,30,,19698,30,,,0,70,,19697,30,,,0,30,,19696,30,,,0,69,,19711,30,,,0,30,,19705,30,,,0,70,,19704,30,,,0,30,,19703,30,,,0,70,,19702,30,,,0,30,,19701,30,,,0,65,,19700,30,,,0
1029,'1797',611,,19719,30,,,0,28,,19731,30,,,0,70,,19738,30,,,0,30,,19726,30,,,0,70,,19747,30,,,0,30,,19735,30,,,0,71,,19718,30,,,0,31,,19730,30,,,0,70,,19741,30,,,0,30,,19725,30,,,0,70,,19748,30,,,0,30,,19734,30,,,0,70,,19717,30,,,0,30,,19729,30,,,0,70,,19740,30,,,0,30,,19724,30,,,0,70,,19720,30,,,0,30,,19733,30,,,0,70,,19716,30,,,0,30,,19728,30,,,0,69,,19736,30,,,0,30,,19723,30,,,0,70,,19745,30,,,0,30,,19732,30,,,0,70,,19715,30,,,0,30,,19727,30,,,0,70,,19739,30,,,0,30,,19721,30,,,0,70,,19743,30,,,0,30,,19742,30,,,0,70,,19714,30,,,0,30,,19722,30,,,0,68,,19737,30,,,0,30,,19746,30,,,0,70,,19744,30,,,0
1029,'1798',611,,19749,30,,,0,98,,19750,30,,,0,100,,19751,30,,,0,101,,19752,30,,,0,101,,19753,30,,,0,100,,19754,30,,,0,100,,19755,30,,,0,100,,19756,30,,,0,100,,19757,30,,,0,100,,19758,30,,,0,99,,19759,30,,,0,100,,19760,30,,,0,100,,19761,30,,,0,100,,19762,30,,,0,100,,19763,30,,,0,100,,19764,30,,,0,98,,19765,30,,,0,100,,19766,30,,,0
1029,'1799',611,,19767,30,,,0,98,,19768,30,,,0,100,,19769,30,,,0,101,,19770,30,,,0,101,,19771,30,,,0,100,,19772,30,,,0,100,,19773,30,,,0,100,,19774,30,,,0,100,,19775,30,,,0,100,,19776,30,,,0,99,,19777,30,,,0,100,,19778,30,,,0,100,,19779,30,,,0,100,,19780,30,,,0,100,,19781,30,,,0,100,,19782,30,,,0,98,,19783,30,,,0,100,,19784,30,,,0
1029,'1800',611,,19785,30,,,0,98,,19786,30,,,0,100,,19787,30,,,0,101,,19788,30,,,0,101,,19789,30,,,0,100,,19790,30,,,0,100,,19791,30,,,0,100,,19792,30,,,0,100,,19793,30,,,0,100,,19794,30,,,0,99,,19795,30,,,0,100,,19796,30,,,0,100,,19797,30,,,0,100,,19798,30,,,0,100,,19799,30,,,0,100,,19800,30,,,0,98,,19801,30,,,0,100,,19802,30,,,0
31019,'1796',603,,21409,10,,,0,26,,21404,10,,,0,25,,21374,22,,,0,72,,21389,22,,,0,29,,21402,22,,,0,70,,21385,22,,,0,30,,21382,22,,,0,69,,21396,22,,,0,30,,21377,22,,,0,72,,21390,22,,,0,28,,21401,22,,,0,70,,21388,22,,,0,30,,21383,22,,,0,70,,21395,22,,,0,30,,21376,22,,,0,70,,21391,22,,,0,30,,21400,22,,,0,70,,21386,22,,,0,30,,21380,22,,,0,71,,21394,22,,,0,30,,21378,22,,,0,70,,21392,22,,,0,30,,21399,22,,,0,69,,21387,22,,,0,30,,21381,22,,,0,70,,21393,22,,,0,30,,21375,22,,,0,70,,21410,22,,,0,30,,21398,22,,,0,100,,21384,22,,,0,100,,21379,22,,,0,100,,21397,22,,,0
31019,'1797',603,,21446,10,,,0,26,,21439,10,,,0,24,,21416,22,,,0,70,,21432,22,,,0,30,,21445,22,,,0,71,,21428,22,,,0,30,,21422,22,,,0,70,,21438,22,,,0,30,,21415,22,,,0,70,,21431,22,,,0,30,,21440,22,,,0,70,,21427,22,,,0,30,,21421,22,,,0,70,,21437,22,,,0,30,,21414,22,,,0,70,,21430,22,,,0,30,,21443,22,,,0,70,,21426,22,,,0,30,,21420,22,,,0,70,,21436,22,,,0,30,,21413,22,,,0,70,,21429,22,,,0,30,,21442,22,,,0,70,,21425,22,,,0,30,,21419,22,,,0,70,,21435,22,,,0,30,,21412,22,,,0,70,,21447,22,,,0,30,,21441,22,,,0,100,,21418,22,,,0,99,,21411,22,,,0,100,,21444,22,,,0
31019,'1798',603,,21465,10,,,0,50,,21448,22,,,0,100,,21449,22,,,0,101,,21450,22,,,0,100,,21451,22,,,0,100,,21452,22,,,0,100,,21453,22,,,0,100,,21454,22,,,0,100,,21455,22,,,0,100,,21456,22,,,0,100,,21457,22,,,0,100,,21458,22,,,0,100,,21459,22,,,0,100,,21460,22,,,0,100,,21461,22,,,0,100,,21462,22,,,0,99,,21463,22,,,0,100,,21464,22,,,0
31019,'1799',603,,21484,10,,,0,50,,21467,22,,,0,100,,21468,22,,,0,101,,21469,22,,,0,100,,21470,22,,,0,100,,21471,22,,,0,100,,21472,22,,,0,100,,21473,22,,,0,100,,21474,22,,,0,100,,21475,22,,,0,100,,21476,22,,,0,100,,21477,22,,,0,100,,21478,22,,,0,100,,21479,22,,,0,100,,21480,22,,,0,100,,21481,22,,,0,99,,21482,22,,,0,100,,21483,22,,,0
31019,'1800',603,,21503,10,,,0,50,,21486,22,,,0,100,,21487,22,,,0,101,,21488,22,,,0,100,,21489,22,,,0,100,,21490,22,,,0,100,,21491,22,,,0,100,,21492,22,,,0,100,,21493,22,,,0,100,,21494,22,,,0,100,,21495,22,,,0,100,,21496,22,,,0,100,,21497,22,,,0,100,,21498,22,,,0,100,,21499,22,,,0,100,,21500,22,,,0,99,,21501,22,,,0,100,,21502,22,,,0
