1029,'1796',618,,19689,38,,,0,30,,13901,38,,,0,70,,19709,38,,,0,30,,19686,38,,,0,70,,19681,38,,,0,30,,19713,38,,,0,70,,19684,38,,,0,30,,19690,38,,,0,70,,19708,38,,,0,30,,19688,38,,,0,70,,19680,38,,,0,30,,19712,38,,,0,70,,19685,38,,,0,30,,19691,38,,,0,70,,19707,38,,,0,30,,19687,38,,,0,70,,19682,38,,,0,30,,19710,38,,,0,70,,19683,38,,,0,30,,19692,38,,,0,70,,19706,38,,,0,30,,19695,38,,,0,70,,19694,38,,,0,30,,19693,38,,,0,70,,19699,38,,,0,30,,19698,38,,,0,70,,19697,38,,,0,30,,19696,38,,,0,70,,19711,38,,,0,30,,19705,38,,,0,70,,19704,38,,,0,30,,19703,38,,,0,70,,19702,38,,,0,30,,19701,38,,,0,65,,19700,38,,,0
1029,'1797',618,,19719,38,,,0,30,,19731,38,,,0,70,,19738,38,,,0,30,,19726,38,,,0,70,,19747,38,,,0,30,,19735,38,,,0,69,,19718,38,,,0,31,,19730,38,,,0,70,,19741,38,,,0,30,,19725,38,,,0,70,,19748,38,,,0,30,,19734,38,,,0,70,,19717,38,,,0,30,,19729,38,,,0,70,,19740,38,,,0,30,,19724,38,,,0,70,,19720,38,,,0,30,,19733,38,,,0,70,,19716,38,,,0,30,,19728,38,,,0,70,,19736,38,,,0,30,,19723,38,,,0,70,,19745,38,,,0,30,,19732,38,,,0,70,,19715,38,,,0,30,,19727,38,,,0,70,,19739,38,,,0,30,,19721,38,,,0,70,,19743,38,,,0,30,,19742,38,,,0,70,,19714,38,,,0,30,,19722,38,,,0,70,,19737,38,,,0,30,,19746,38,,,0,65,,19744,38,,,0
1029,'1798',618,,19749,38,,,0,100,,19750,38,,,0,100,,19751,38,,,0,100,,19752,38,,,0,100,,19753,38,,,0,100,,19754,38,,,0,100,,19755,38,,,0,100,,19756,38,,,0,100,,19757,38,,,0,100,,19758,38,,,0,100,,19759,38,,,0,100,,19760,38,,,0,100,,19761,38,,,0,100,,19762,38,,,0,100,,19763,38,,,0,100,,19764,38,,,0,100,,19765,38,,,0,95,,19766,38,,,0
1029,'1799',618,,19767,38,,,0,100,,19768,38,,,0,100,,19769,38,,,0,100,,19770,38,,,0,100,,19771,38,,,0,100,,19772,38,,,0,100,,19773,38,,,0,100,,19774,38,,,0,100,,19775,38,,,0,100,,19776,38,,,0,100,,19777,38,,,0,100,,19778,38,,,0,100,,19779,38,,,0,100,,19780,38,,,0,100,,19781,38,,,0,100,,19782,38,,,0,100,,19783,38,,,0,95,,19784,38,,,0
1029,'1800',618,,19785,38,,,0,100,,19786,38,,,0,100,,19787,38,,,0,100,,19788,38,,,0,100,,19789,38,,,0,100,,19790,38,,,0,100,,19791,38,,,0,100,,19792,38,,,0,100,,19793,38,,,0,100,,19794,38,,,0,100,,19795,38,,,0,100,,19796,38,,,0,100,,19797,38,,,0,100,,19798,38,,,0,100,,19799,38,,,0,100,,19800,38,,,0,100,,19801,38,,,0,95,,19802,38,,,0
2029,'1796',536,,14191,20,,,0,67,,14165,35,,,0,30,,14166,35,,,0,70,,14167,35,,,0,30,,14168,35,,,0,70,,14169,35,,,0,30,,14170,35,,,0,70,,14171,35,,,0,30,,14172,35,,,0,70,,14173,35,,,0,30,,14174,35,,,0,70,,14175,35,,,0,30,,14176,35,,,0,70,,14177,35,,,0,30,,14178,35,,,0,70,,14179,35,,,0,30,,14180,35,,,0,70,,14181,35,,,0,30,,14182,35,,,0,70,,14183,35,,,0,30,,14184,35,,,0,70,,14185,35,,,0,30,,14186,35,,,0,70,,14187,35,,,0,30,,14188,35,,,0,70,,14189,35,,,0,30,,14190,35,,,0,70,,14194,35,,,0,30,,14195,35,,,0,100,,14196,35,,,0,100,,14197,35,,,0,100,,14193,35,,,0
2029,'1797',603,,14231,35,0,5 2 15 16 17,0,30,,14214,35,,,0,70,,14221,35,,,0,30,,14200,35,,,0,70,,14206,35,,,0,30,,14215,35,,,0,70,,14222,35,,,0,30,,14201,35,,,0,70,,14207,35,,,0,30,,14216,35,,,0,70,,14223,35,,,0,30,,14202,35,,,0,70,,14208,35,,,0,30,,14217,35,,,0,70,,14224,35,,,0,30,,14203,35,,,0,70,,14209,35,,,0,30,,14218,35,,,0,70,,14225,35,,,0,30,,14204,35,,,0,70,,14210,35,,,0,30,,14219,35,,,0,70,,14226,35,,,0,30,,14205,35,,,0,70,,14211,35,,,0,30,,14220,35,,,0,70,,14227,35,,,0,30,,14212,35,,,0,100,,14228,35,,,0,100,,14213,35,,,0,100,,14229,35,,,0
2029,'1798',633,,14235,35,,,0,70,,14243,35,,,0,30,,14254,35,,,0,70,,14249,35,,,0,30,,14236,35,,,0,70,,14244,35,,,0,30,,14255,35,,,0,70,,14250,35,,,0,30,,14237,35,,,0,70,,14245,35,,,0,30,,14256,35,,,0,70,,14251,35,,,0,30,,14238,35,,,0,70,,14246,35,,,0,30,,14257,35,,,0,70,,14252,35,,,0,30,,14239,35,,,0,70,,14247,35,,,0,30,,14258,35,,,0,70,,14253,35,,,0,30,,14240,35,,,0,70,,14248,35,,,0,30,,14259,35,,,0,100,,14241,35,,,0,100,,14260,35,,,0,100,,14242,35,,,0,100,,14261,35,,,0,100,,14234,35,,,0
2029,'1799',633,,14267,35,,,0,70,,14275,35,,,0,30,,14286,35,,,0,70,,14281,35,,,0,30,,14268,35,,,0,70,,14276,35,,,0,30,,14287,35,,,0,70,,14282,35,,,0,30,,14269,35,,,0,70,,14277,35,,,0,30,,14288,35,,,0,70,,14283,35,,,0,30,,14270,35,,,0,70,,14278,35,,,0,30,,14289,35,,,0,70,,14284,35,,,0,30,,14271,35,,,0,70,,14279,35,,,0,30,,14290,35,,,0,70,,14285,35,,,0,30,,14272,35,,,0,70,,14280,35,,,0,30,,14291,35,,,0,100,,14273,35,,,0,100,,14292,35,,,0,100,,14274,35,,,0,100,,14293,35,,,0,100,,14266,35,,,0
2029,'1800',633,,14299,35,,,0,70,,14307,35,,,0,30,,14318,35,,,0,70,,14313,35,,,0,30,,14300,35,,,0,70,,14308,35,,,0,30,,14319,35,,,0,70,,14314,35,,,0,30,,14301,35,,,0,70,,14309,35,,,0,30,,14320,35,,,0,70,,14315,35,,,0,30,,14302,35,,,0,70,,14310,35,,,0,30,,14321,35,,,0,70,,14316,35,,,0,30,,14303,35,,,0,70,,14311,35,,,0,30,,14322,35,,,0,70,,14317,35,,,0,30,,14304,35,,,0,70,,14312,35,,,0,30,,14323,35,,,0,100,,14305,35,,,0,100,,14324,35,,,0,100,,14306,35,,,0,100,,14325,35,,,0,100,,14298,35,,,0
14000001029,'1796',441,,19519,19,0,18 7,0,102,,23396,19,0,18 7,0,1812,,23398,19,,,0,70,,19523,19,,,0,30,,23400,19,,,0,70,,23397,19,,,0,30,,19524,19,,,0,70,,23399,19,,,0
14000001029,'1797',542,,19531,19,0,18 7,0,1813,,23404,19,,,0,70,,19528,19,,,0,30,,23401,19,,,0,70,,23402,19,,,0,30,,19532,19,,,0,70,,23403,19,,,0
14000001029,'1798',542,,23409,19,0,18 7,0,1813,,23405,19,,,0,70,,19538,19,,,0,30,,23408,19,,,0,70,,23407,19,,,0,30,,19537,19,,,0,70,,23406,19,,,0
14000001029,'1799',542,,23414,19,0,18 7,0,1813,,23410,19,,,0,70,,19545,19,,,0,30,,23413,19,,,0,70,,23412,19,,,0,30,,19544,19,,,0,70,,23411,19,,,0
14000001029,'1800',542,,23419,19,0,18 7,0,1813,,23415,19,,,0,70,,19552,19,,,0,30,,23418,19,,,0,70,,23417,19,,,0,30,,19551,19,,,0,70,,23416,19,,,0
