16019,'1796',627,,20843,19,,,0,30,,20844,19,,,0,70,,20845,19,,,0,30,,15782,19,,,0,70,,15783,19,,,0,30,,20846,19,,,0,70,,20847,19,,,0,30,,20848,19,,,0,70,,20849,19,,,0,30,,20850,19,,,0,70,,20851,19,,,0,30,,20852,19,,,0,70,,20853,19,,,0,30,,20854,19,,,0,70,,20855,19,,,0,30,,20856,19,,,0,70,,20857,19,,,0,30,,20858,19,,,0,70,,20859,19,,,0,30,,20860,19,,,0,70,,20861,19,,,0,30,,20862,19,,,0,70,,20863,19,,,0,30,,20864,19,,,0,70,,15803,19,,,0,30,,20865,19,,,0,70,,20866,19,,,0,30,,20867,19,,,0,70,,15807,19,,,0,30,,20868,19,,,0,70,,20841,19,,,0,30,,15777,19,,,0,70,,20842,19,,,0
16019,'1797',626,,15832,19,,,0,30,,15828,19,,,0,70,,15836,19,,,0,30,,15820,19,,,0,70,,15834,19,,,0,30,,15815,19,,,0,70,,15813,19,,,0,30,,15810,19,,,0,70,,15821,19,,,0,30,,15831,19,,,0,70,,15825,19,,,0,30,,15833,19,,,0,70,,15817,19,,,0,30,,15835,19,,,0,70,,15812,19,,,0,30,,15823,19,,,0,71,,15822,19,,,0,30,,15826,19,,,0,70,,15827,19,,,0,30,,15811,19,,,0,70,,15819,19,,,0,30,,15829,19,,,0,69,,15814,19,,,0,30,,15818,19,,,0,70,,15824,19,,,0,30,,15838,19,,,0,70,,15830,19,,,0,30,,15837,19,,,0,70,,15816,19,,,0,30,,15840,19,,,0,100,,15839,19,,,0,70,,15809,19,,,0
16019,'1798',756,,20869,19,,,0,100,,20872,19,,,0,100,,20880,19,,,0,100,,20879,19,,,0,100,,20870,19,,,0,100,,20873,19,,,0,100,,20874,19,,,0,101,,20877,19,,,0,100,,20876,19,,,0,100,,20871,19,,,0,99,,20878,19,,,0,100,,15852,19,,,0,100,,20875,19,,,0,100,,15846,19,,,0,100,,20881,19,,,0
16019,'1799',756,,20882,19,,,0,100,,20885,19,,,0,100,,20893,19,,,0,100,,20892,19,,,0,100,,20883,19,,,0,100,,20886,19,,,0,100,,20887,19,,,0,101,,20890,19,,,0,100,,20889,19,,,0,100,,20884,19,,,0,99,,20891,19,,,0,100,,15867,19,,,0,100,,20888,19,,,0,100,,15861,19,,,0,100,,20894,19,,,0
16019,'1800',756,,20895,19,,,0,100,,20898,19,,,0,100,,20906,19,,,0,100,,20905,19,,,0,100,,20896,19,,,0,100,,20899,19,,,0,100,,20900,19,,,0,101,,20903,19,,,0,100,,20902,19,,,0,100,,20897,19,,,0,99,,20904,19,,,0,100,,15882,19,,,0,100,,20901,19,,,0,100,,15876,19,,,0,100,,20907,19,,,0
14000001029,'1796',457,,19519,40,0,18 7,0,102,,23396,40,0,18 7,0,1852,,23398,40,,,0,30,,19523,40,,,0,70,,23400,40,,,0,30,,23397,40,,,0,70,,19524,40,,,0,30,,23399,40,,,0
14000001029,'1797',556,,19531,40,0,18 7,0,1855,,23404,40,,,0,30,,19528,40,,,0,70,,23401,40,,,0,30,,23402,40,,,0,70,,19532,40,,,0,30,,23403,40,,,0
14000001029,'1798',556,,23409,40,0,18 7,0,1855,,23405,40,,,0,30,,19538,40,,,0,70,,23408,40,,,0,30,,23407,40,,,0,70,,19537,40,,,0,30,,23406,40,,,0
14000001029,'1799',556,,23414,40,0,18 7,0,1855,,23410,40,,,0,30,,19545,40,,,0,70,,23413,40,,,0,30,,23412,40,,,0,70,,19544,40,,,0,30,,23411,40,,,0
14000001029,'1800',556,,23419,40,0,18 7,0,1855,,23415,40,,,0,30,,19552,40,,,0,70,,23418,40,,,0,30,,23417,40,,,0,70,,19551,40,,,0,30,,23416,40,,,0
