4019,'1796',643,,19810,17,4,,0,71,,19836,17,4,,0,30,,19811,17,4,,0,67,,19812,17,4,,0,36,,19813,17,4,,0,64,,19814,17,4,,0,36,,19815,17,4,,0,68,,19816,17,4,,0,29,,19817,17,4,,0,70,,19818,17,4,,0,31,,19819,17,4,,0,72,,19820,17,4,,0,30,,19821,17,4,,0,70,,19822,17,4,,0,30,,19823,17,4,,0,72,,19824,17,4,,0,30,,19825,17,4,,0,75,,19826,17,4,,0,30,,19827,17,4,,0,71,,19828,17,4,,0,24,,19829,17,4,,0,73,,19830,17,4,,0,22,,19831,17,4,,0,75,,19832,17,4,,0,21,,19833,17,4,,0,75,,19834,17,4,,0,28,,19835,17,4,,0,70,,19804,17,4,,0,30,,19805,17,4,,0,70,,19806,17,4,,0,30,,19807,17,4,,0,70,,19808,17,4,,0,30,,19809,17,4,,0
4019,'1797',713,,19868,17,4,,0,30,,19844,17,4,,0,71,,19838,17,4,,0,30,,19848,17,4,,0,70,,19859,17,4,,0,30,,19854,17,4,,0,72,,19842,17,4,,0,30,,19864,17,4,,0,70,,19841,17,4,,0,30,,19861,17,4,,0,69,,19856,17,4,,0,32,,19849,17,4,,0,69,,19862,17,4,,0,30,,19865,17,4,,0,70,,19840,17,4,,0,30,,19851,17,4,,0,70,,19839,17,4,,0,30,,19845,17,4,,0,70,,19863,17,4,,0,30,,19860,17,4,,0,69,,19857,17,4,,0,30,,19846,17,4,,0,70,,19866,17,4,,0,28,,19867,17,4,,0,70,,19837,17,4,,0,300,,19847,17,4,,0
4019,'1798',813,,19892,17,4,,0,30,,19893,17,4,,0,70,,19890,17,4,,0,30,,19894,17,4,,0,73,,19891,17,4,,0,30,,19875,17,4,,0,70,,19879,17,4,,0,30,,19883,17,4,,0,69,,19886,17,4,,0,32,,19871,17,4,,0,69,,19874,17,4,,0,30,,19878,17,4,,0,69,,19882,17,4,,0,30,,19884,17,4,,0,70,,19870,17,4,,0,30,,19873,17,4,,0,70,,19877,17,4,,0,30,,19881,17,4,,0,69,,19885,17,4,,0,31,,19869,17,4,,0,70,,19872,17,4,,0,28,,19876,17,4,,0,70,,19880,17,4,,0,100,,19895,17,4,,0,100,,19896,17,4,,0
4019,'1799',813,,19920,17,4,,0,30,,19921,17,4,,0,70,,19918,17,4,,0,30,,19922,17,4,,0,73,,19919,17,4,,0,30,,19903,17,4,,0,70,,19907,17,4,,0,30,,19911,17,4,,0,69,,19914,17,4,,0,32,,19899,17,4,,0,69,,19902,17,4,,0,30,,19906,17,4,,0,69,,19910,17,4,,0,30,,19912,17,4,,0,70,,19898,17,4,,0,30,,19901,17,4,,0,70,,19905,17,4,,0,30,,19909,17,4,,0,69,,19913,17,4,,0,31,,19897,17,4,,0,70,,19900,17,4,,0,28,,19904,17,4,,0,70,,19908,17,4,,0,100,,19923,17,4,,0,100,,19924,17,4,,0
4019,'1800',813,,19948,17,4,,0,30,,19949,17,4,,0,70,,19946,17,4,,0,30,,19950,17,4,,0,73,,19947,17,4,,0,30,,19931,17,4,,0,70,,19935,17,4,,0,30,,19939,17,4,,0,69,,19942,17,4,,0,32,,19927,17,4,,0,69,,19930,17,4,,0,30,,19934,17,4,,0,69,,19938,17,4,,0,30,,19940,17,4,,0,70,,19926,17,4,,0,30,,19929,17,4,,0,70,,19933,17,4,,0,30,,19937,17,4,,0,69,,19941,17,4,,0,31,,19925,17,4,,0,70,,19928,17,4,,0,28,,19932,17,4,,0,70,,19936,17,4,,0,100,,19951,17,4,,0,100,,19952,17,4,,0
7019,'1796',629,,20300,12,4,,0,71,,14821,31,4,,0,31,,20282,31,4,,0,72,,14830,31,4,,0,32,,14823,31,4,,0,70,,14831,31,4,,0,28,,20283,31,4,,0,70,,20288,31,4,,0,31,,20284,31,4,,0,70,,20289,31,4,,0,30,,20285,31,4,,0,71,,20290,31,4,,0,30,,14827,31,4,,0,70,,20291,31,4,,0,30,,20286,31,4,,0,70,,20292,31,4,,0,32,,20287,31,4,,0,74,,14849,31,4,,0,33,,14850,31,4,,0,66,,20298,31,4,,0,30,,20299,31,4,,0,70,,20293,31,4,,0,28,,14839,31,4,,0,65,,20294,31,4,,0,30,,14841,31,4,,0,68,,14842,31,4,,0,30,,20295,31,4,,0,27,,20296,31,4,,0,70,,20297,31,4,,0,30,,14846,31,4,,0,98,,14847,31,4,,0,99,,14848,31,4,,0,100,,14840,31,4,,0
7019,'1797',630,,20323,12,4,,0,28,,14869,31,4,,0,70,,20304,31,4,,0,30,,20310,31,4,,0,70,,20305,31,4,,0,31,,20311,31,4,,0,70,,20306,31,4,,0,30,,14872,31,4,,0,73,,20307,31,4,,0,70,,20312,31,4,,0,30,,20308,31,4,,0,70,,20313,31,4,,0,30,,14867,31,4,,0,70,,14875,31,4,,0,30,,20309,31,4,,0,70,,20314,31,4,,0,30,,14881,31,4,,0,71,,20315,31,4,,0,30,,14883,31,4,,0,70,,14878,31,4,,0,30,,20318,31,4,,0,69,,20316,31,4,,0,30,,20319,31,4,,0,70,,20317,31,4,,0,30,,20322,31,4,,0,69,,14857,31,4,,0,27,,20320,31,4,,0,30,,20302,31,4,,0,68,,20321,31,4,,0,30,,20303,31,4,,0,100,,14860,31,4,,0,99,,14861,31,4,,0
7019,'1798',758,,14896,31,4,,0,71,,20346,16,4,,0,30,,14897,31,4,,0,73,,20339,16,4,,0,102,,20345,16,4,,0,68,,14898,31,4,,0,32,,20338,16,4,,0,68,,14899,31,4,,0,32,,20344,16,4,,0,68,,20327,31,4,,0,33,,20337,16,4,,0,67,,14901,31,4,,0,33,,20343,16,4,,0,68,,14902,31,4,,0,33,,20336,16,4,,0,67,,20328,31,4,,0,33,,20342,16,4,,0,66,,14904,31,4,,0,33,,20335,16,4,,0,67,,14892,31,4,,0,32,,20341,16,4,,0,67,,20325,31,4,,0,30,,14917,16,4,,0,27,,14891,31,4,,0,70,,20340,16,4,,0,28,,14895,31,4,,0,72,,14925,16,4,,0,28,,20326,31,4,,0
7019,'1799',758,,14931,31,4,,0,71,,20368,16,4,,0,30,,14932,31,4,,0,73,,20361,16,4,,0,102,,20367,16,4,,0,68,,14933,31,4,,0,32,,20360,16,4,,0,68,,14934,31,4,,0,32,,20366,16,4,,0,68,,20349,31,4,,0,33,,20359,16,4,,0,67,,14936,31,4,,0,33,,20365,16,4,,0,68,,14937,31,4,,0,33,,20358,16,4,,0,67,,20350,31,4,,0,33,,20364,16,4,,0,66,,14939,31,4,,0,33,,20357,16,4,,0,67,,14927,31,4,,0,32,,20363,16,4,,0,67,,20347,31,4,,0,30,,14952,16,4,,0,27,,14926,31,4,,0,70,,20362,16,4,,0,28,,14930,31,4,,0,72,,14960,16,4,,0,28,,20348,31,4,,0
7019,'1800',758,,14966,31,4,,0,71,,20390,16,4,,0,30,,14967,31,4,,0,73,,20383,16,4,,0,102,,20389,16,4,,0,68,,14968,31,4,,0,32,,20382,16,4,,0,68,,14969,31,4,,0,32,,20388,16,4,,0,68,,20371,31,4,,0,33,,20381,16,4,,0,67,,14971,31,4,,0,33,,20387,16,4,,0,68,,14972,31,4,,0,33,,20380,16,4,,0,67,,20372,31,4,,0,33,,20386,16,4,,0,66,,14974,31,4,,0,33,,20379,16,4,,0,67,,14962,31,4,,0,32,,20385,16,4,,0,67,,20369,31,4,,0,30,,14987,16,4,,0,27,,14961,31,4,,0,70,,20384,16,4,,0,28,,14965,31,4,,0,72,,14995,16,4,,0,28,,20370,31,4,,0
14019,'1796',510,,15534,1,,,0,25,,15534,27,4,,0,75,,20690,1,,,0,25,,20690,27,4,,0,15,,20670,1,,,0,65,,20670,27,4,,0,5,,20678,1,,,0,25,,20678,27,4,,0,3,,20671,1,,,0,62,,15518,1,,,0,4,,20671,27,4,,0,23,,15518,27,4,,0,3,,15506,1,,,0,67,,15506,27,4,,0,3,,15519,1,,,0,27,,15519,27,4,,0,3,,20672,1,,,0,67,,20672,27,4,,0,3,,20679,1,,,0,27,,20679,27,4,,0,3,,20673,1,,,0,67,,20673,27,4,,0,3,,20680,1,,,0,27,,20680,27,4,,0,3,,20674,1,,,0,67,,20674,27,4,,0,3,,20681,1,,,0,27,,20681,27,4,,0,3,,15510,1,,,0,67,,15510,27,4,,0,3,,20682,1,,,0,27,,20682,27,4,,0,3,,20675,1,,,0,67,,20675,27,4,,0,3,,20683,1,,,0,27,,20683,27,4,,0,3,,20676,1,,,0,68,,20676,27,4,,0,2,,20684,1,,,0,30,,20684,27,4,,0,10,,15513,1,,,0,70,,20685,1,,,0,30,,20685,27,4,,0,68,,15514,27,4,,0,2,,20686,1,,,0,28,,20686,27,4,,0,2,,20677,1,,,0,60,,20687,1,,,0,8,,20677,27,4,,0,19,,20687,27,4,,0,3,,15516,1,,,0,67,,15516,27,4,,0,3,,20688,1,,,0,27,,20688,27,4,,0,3,,20691,1,,,0,67,,20691,27,4,,0,3,,20689,1,,,0,26,,20689,27,4,,0,66,,15531,1,,,0,26,,15531,27,4,,0,74,,15532,1,,,0,26,,15532,27,4,,0
14019,'1797',635,,20692,1,,,0,65,,20692,27,4,,0,35,,20693,1,,,0,65,,20693,27,4,,0,35,,20694,1,,,0,67,,20694,27,4,,0,33,,20695,1,,,0,67,,20695,27,4,,0,33,,20696,1,,,0,67,,20696,27,4,,0,33,,20697,1,,,0,68,,20697,27,4,,0,32,,15542,1,,,0,68,,15542,27,4,,0,32,,20698,1,,,0,69,,20698,27,4,,0,31,,15544,1,,,0,69,,15544,27,4,,0,31,,15545,1,,,0,69,,15545,27,4,,0,31,,20699,1,,,0,67,,20699,27,4,,0,33,,20700,1,,,0,67,,20700,27,4,,0,33,,20701,1,,,0,67,,20701,27,4,,0,33,,20702,1,,,0,65,,20702,27,4,,0,35,,20703,1,,,0,65,,20703,27,4,,0,30,,15551,1,,,0,25,,15551,27,4,,0,75,,15552,1,,,0,25,,15552,27,4,,0
14019,'1798',635,,15566,1,,,0,65,,15566,27,4,,0,35,,20716,1,,,0,65,,20716,27,4,,0,35,,20705,1,,,0,67,,20705,27,4,,0,33,,20706,1,,,0,67,,20706,27,4,,0,33,,20707,1,,,0,67,,20707,27,4,,0,33,,20708,1,,,0,68,,20708,27,4,,0,32,,20709,1,,,0,68,,20709,27,4,,0,32,,20710,1,,,0,69,,20710,27,4,,0,31,,20711,1,,,0,69,,20711,27,4,,0,31,,20712,1,,,0,69,,20712,27,4,,0,31,,20713,1,,,0,67,,20713,27,4,,0,33,,20714,1,,,0,67,,20714,27,4,,0,33,,20715,1,,,0,67,,20715,27,4,,0,33,,15554,1,,,0,65,,15554,27,4,,0,30,,20704,1,,,0,25,,20704,27,4,,0
14019,'1799',635,,15581,1,,,0,65,,15581,27,4,,0,35,,20729,1,,,0,65,,20729,27,4,,0,35,,20718,1,,,0,67,,20718,27,4,,0,33,,20719,1,,,0,67,,20719,27,4,,0,33,,20720,1,,,0,67,,20720,27,4,,0,33,,20721,1,,,0,68,,20721,27,4,,0,32,,20722,1,,,0,68,,20722,27,4,,0,32,,20723,1,,,0,69,,20723,27,4,,0,31,,20724,1,,,0,69,,20724,27,4,,0,31,,20725,1,,,0,69,,20725,27,4,,0,31,,20726,1,,,0,67,,20726,27,4,,0,33,,20727,1,,,0,67,,20727,27,4,,0,33,,20728,1,,,0,67,,20728,27,4,,0,33,,15569,1,,,0,65,,15569,27,4,,0,30,,20717,1,,,0,25,,20717,27,4,,0
14019,'1800',635,,15596,1,,,0,65,,15596,27,4,,0,35,,20742,1,,,0,65,,20742,27,4,,0,35,,20731,1,,,0,67,,20731,27,4,,0,33,,20732,1,,,0,67,,20732,27,4,,0,33,,20733,1,,,0,67,,20733,27,4,,0,33,,20734,1,,,0,68,,20734,27,4,,0,32,,20735,1,,,0,68,,20735,27,4,,0,32,,20736,1,,,0,69,,20736,27,4,,0,31,,20737,1,,,0,69,,20737,27,4,,0,31,,20738,1,,,0,69,,20738,27,4,,0,31,,20739,1,,,0,67,,20739,27,4,,0,33,,20740,1,,,0,67,,20740,27,4,,0,33,,20741,1,,,0,67,,20741,27,4,,0,33,,15584,1,,,0,65,,15584,27,4,,0,30,,20730,1,,,0,25,,20730,27,4,,0
15019,'1796',630,,20744,1,,,0,70,,20745,1,,,0,30,,20746,1,,,0,70,,20747,1,,,0,30,,20748,1,,,0,70,,20749,1,,,0,30,,15605,1,,,0,70,,20750,1,,,0,30,,20751,1,,,0,70,,20752,1,,,0,30,,20753,1,,,0,70,,15610,1,,,0,30,,15611,1,,,0,70,,20754,1,,,0,30,,20755,1,,,0,70,,15614,1,,,0,30,,20756,1,,,0,70,,20757,1,,,0,30,,20758,1,,,0,70,,15618,1,,,0,30,,20759,1,,,0,70,,20760,1,,,0,30,,20761,1,,,0,70,,15622,1,,,0,30,,20762,1,,,0,70,,20763,1,,,0,30,,20764,1,,,0,100,,20765,1,,,0,100,,20766,1,,,0,100,,15628,1,0,5 2 6 7,0
15019,'1797',705,,15629,1,,,0,100,,20767,1,,,0,100,,20768,1,,,0,100,,15632,1,,,0,100,,20769,1,,,0,100,,20770,1,,,0,100,,15635,1,,,0,100,,20771,1,,,0,100,,20772,1,,,0,100,,15638,1,,,0,100,,20773,1,,,0,100,,20774,1,,,0,100,,15641,1,,,0,100,,20775,1,,,0
15019,'1798',705,,20781,1,,,0,100,,15653,1,,,0,100,,15656,1,,,0,100,,20780,1,,,0,100,,15651,1,,,0,100,,15649,1,,,0,100,,20779,1,,,0,100,,15650,1,,,0,100,,15647,1,,,0,100,,20778,1,,,0,100,,15645,1,,,0,100,,15646,1,,,0,100,,20777,1,,,0,100,,15657,1,,,0
15019,'1799',705,,20786,1,,,0,100,,15667,1,,,0,100,,15670,1,,,0,100,,20785,1,,,0,100,,15665,1,,,0,100,,15663,1,,,0,100,,20784,1,,,0,100,,15664,1,,,0,100,,15661,1,,,0,100,,20783,1,,,0,100,,15659,1,,,0,100,,15660,1,,,0,100,,20782,1,,,0,100,,15671,1,,,0
15019,'1800',705,,20791,1,,,0,100,,15681,1,,,0,100,,15684,1,,,0,100,,20790,1,,,0,100,,15679,1,,,0,100,,15677,1,,,0,100,,20789,1,,,0,100,,15678,1,,,0,100,,15675,1,,,0,100,,20788,1,,,0,100,,15673,1,,,0,100,,15674,1,,,0,100,,20787,1,,,0,100,,15685,1,,,0
15029,'1796',630,,20792,39,4,,0,20,,15687,39,4,,0,71,,15688,79,4,,0,33,,15689,79,4,,0,74,,20793,79,4,,0,29,,20794,79,4,,0,73,,20795,79,4,,0,70,,20796,79,4,,0,25,,20797,79,4,,0,30,,20798,79,4,,0,70,,15696,79,4,,0,30,,20799,79,4,,0,70,,20800,79,4,,0,30,,20801,79,4,,0,70,,20802,79,4,,0,30,,15701,79,4,,0,70,,15702,79,4,,0,34,,20803,79,4,,0,73,,20804,79,4,,0,75,,15705,79,4,,0,32,,20805,79,4,,0,68,,20806,79,4,,0,24,,20807,79,4,,0,23,,15709,79,4,,0,69,,20808,79,4,,0,29,,20809,79,4,,0,67,,20810,79,4,,0,30,,15713,79,4,,0,70,,20811,79,4,,0,30,,20812,79,4,,0,70,,20813,79,4,,0,98,,20815,79,4,,0,97,,20814,79,4,,0
15029,'1797',757,,20818,79,4,,0,93,,15723,79,4,,0,100,,20819,79,4,,0,100,,20820,79,4,,0,103,,15726,79,4,,0,100,,20821,79,4,,0,100,,20822,79,4,,0,106,,15729,79,4,,0,100,,20823,79,4,,0,97,,20824,79,4,,0,98,,15732,79,4,,0,99,,20825,79,4,,0,99,,20816,79,4,,0,100,,15720,79,4,,0
19019,'1796',843,,20983,16,4,,0,68,,20980,16,4,,0,30,,20978,16,4,,0,70,,20979,16,4,,0,30,,20984,16,4,,0,70,,20986,16,4,,0,30,,15999,16,4,,0,70,,20994,16,4,,0,30,,20982,16,4,,0,70,,20993,16,4,,0,30,,15997,16,4,,0,70,,20995,16,4,,0,30,,20991,16,4,,0,72,,20981,16,4,,0,31,,16007,16,4,,0,297,,20990,16,4,,0,70,,20996,16,4,,0,30,,20989,16,4,,0,100,,20988,16,4,,0,99,,20987,16,4,,0,99,,20992,16,4,,0,99,,20985,16,4,,0
19019,'1797',629,,16048,16,4,,0,80,,21010,16,4,,0,30,,21001,16,4,,0,70,,21020,16,4,,0,30,,21012,16,4,,0,70,,21003,16,4,,0,30,,20998,16,4,,0,70,,21018,16,4,,0,31,,21019,16,4,,0,71,,21011,16,4,,0,30,,21002,16,4,,0,70,,21000,16,4,,0,30,,21014,16,4,,0,70,,21008,16,4,,0,30,,21016,16,4,,0,70,,21024,16,4,,0,31,,21017,16,4,,0,71,,20999,16,4,,0,30,,20997,16,4,,0,70,,21004,16,4,,0,30,,21013,16,4,,0,68,,21007,16,4,,0,29,,21005,16,4,,0,70,,21015,16,4,,0,30,,21021,16,4,,0,70,,21006,16,4,,0,30,,21022,16,4,,0,110,,16044,16,4,,0,70,,21009,16,4,,0,100,,16035,16,4,,0,100,,16030,16,4,,0,25,,21023,16,4,,0
19019,'1798',627,,21038,16,4,,0,112,,21025,16,4,,0,100,,21042,16,4,,0,70,,21030,16,4,,0,30,,21031,16,4,,0,70,,21035,16,4,,0,31,,21049,16,4,,0,71,,21047,16,4,,0,30,,21048,16,4,,0,70,,21028,16,4,,0,30,,21050,16,4,,0,70,,21027,16,4,,0,30,,21052,16,4,,0,70,,21043,16,4,,0,31,,21045,16,4,,0,71,,21033,16,4,,0,30,,21036,16,4,,0,70,,21039,16,4,,0,30,,21041,16,4,,0,68,,21029,16,4,,0,29,,21032,16,4,,0,70,,21046,16,4,,0,30,,21034,16,4,,0,70,,21037,16,4,,0,30,,21026,16,4,,0,70,,21044,16,4,,0,45,,21040,16,4,,0,100,,16072,16,4,,0,100,,16073,16,4,,0,84,,21051,16,4,,0
19019,'1799',627,,21066,16,4,,0,112,,21053,16,4,,0,100,,21070,16,4,,0,70,,21058,16,4,,0,30,,21059,16,4,,0,70,,21063,16,4,,0,31,,21077,16,4,,0,71,,21075,16,4,,0,30,,21076,16,4,,0,70,,21056,16,4,,0,30,,21078,16,4,,0,70,,21055,16,4,,0,30,,21080,16,4,,0,70,,21071,16,4,,0,31,,21073,16,4,,0,71,,21061,16,4,,0,30,,21064,16,4,,0,70,,21067,16,4,,0,30,,21069,16,4,,0,68,,21057,16,4,,0,29,,21060,16,4,,0,70,,21074,16,4,,0,30,,21062,16,4,,0,70,,21065,16,4,,0,30,,21054,16,4,,0,70,,21072,16,4,,0,45,,21068,16,4,,0,100,,16102,16,4,,0,100,,16103,16,4,,0,84,,21079,16,4,,0
19019,'1800',627,,21094,16,4,,0,112,,21081,16,4,,0,100,,21098,16,4,,0,70,,21086,16,4,,0,30,,21087,16,4,,0,70,,21091,16,4,,0,31,,21105,16,4,,0,71,,21103,16,4,,0,30,,21104,16,4,,0,70,,21084,16,4,,0,30,,21106,16,4,,0,70,,21083,16,4,,0,30,,21108,16,4,,0,70,,21099,16,4,,0,31,,21101,16,4,,0,71,,21089,16,4,,0,30,,21092,16,4,,0,70,,21095,16,4,,0,30,,21097,16,4,,0,68,,21085,16,4,,0,29,,21088,16,4,,0,70,,21102,16,4,,0,30,,21090,16,4,,0,70,,21093,16,4,,0,30,,21082,16,4,,0,70,,21100,16,4,,0,45,,21096,16,4,,0,100,,16132,16,4,,0,100,,16133,16,4,,0,84,,21107,16,4,,0
19029,'1796',820,,21115,1,,,0,30,,21117,1,,,0,70,,21110,1,,,0,30,,21109,1,,,0,70,,21112,1,,,0,30,,21113,1,,,0,70,,16143,1,,,0,30,,21114,1,,,0,70,,21116,1,,,0,30,,21118,1,,,0,70,,16142,1,,,0,30,,21111,1,,,0,70,,21119,1,,,0,30,,21121,1,,,0,70,,16161,1,,,0,300,,21123,1,,,0,30,,21122,1,,,0,70,,21127,1,,,0,100,,21126,1,,,0,100,,21125,1,,,0,100,,21124,1,,,0,100,,21120,1,,,0
19029,'1797',610,,16186,1,,,0,40,,21152,1,,,0,70,,21146,1,,,0,30,,21130,1,,,0,70,,21148,1,,,0,30,,21147,1,,,0,70,,21128,1,,,0,30,,21142,1,,,0,70,,21149,1,,,0,30,,21135,1,,,0,70,,21145,1,,,0,30,,21134,1,,,0,70,,21144,1,,,0,30,,21140,1,,,0,70,,21151,1,,,0,30,,21155,1,,,0,70,,21138,1,,,0,30,,21133,1,,,0,70,,21137,1,,,0,30,,21143,1,,,0,70,,21139,1,,,0,30,,21150,1,,,0,70,,21131,1,,,0,30,,21141,1,,,0,70,,21136,1,,,0,30,,21129,1,,,0,70,,21153,1,,,0,110,,16192,1,,,0,70,,21154,1,,,0,100,,16190,1,,,0,100,,16191,1,,,0,25,,21132,1,,,0
19029,'1798',608,,21179,1,,,0,112,,21180,1,,,0,100,,21178,1,,,0,30,,21177,1,,,0,70,,21172,1,,,0,30,,21175,1,,,0,70,,21160,1,,,0,30,,21164,1,,,0,70,,21168,1,,,0,30,,21171,1,,,0,70,,21173,1,,,0,30,,21158,1,,,0,70,,21163,1,,,0,30,,21167,1,,,0,70,,21170,1,,,0,30,,21174,1,,,0,70,,21157,1,,,0,30,,21162,1,,,0,70,,21166,1,,,0,30,,21169,1,,,0,70,,21176,1,,,0,30,,21159,1,,,0,70,,21161,1,,,0,30,,21165,1,,,0,70,,21181,1,,,0,30,,21183,1,,,0,85,,21182,1,,,0,100,,16222,1,,,0,100,,16216,1,,,0,85,,21156,1,,,0
19029,'1799',608,,21207,1,,,0,112,,21208,1,,,0,100,,21206,1,,,0,30,,21205,1,,,0,70,,21200,1,,,0,30,,21203,1,,,0,70,,21188,1,,,0,30,,21192,1,,,0,70,,21196,1,,,0,30,,21199,1,,,0,70,,21201,1,,,0,30,,21186,1,,,0,70,,21191,1,,,0,30,,21195,1,,,0,70,,21198,1,,,0,30,,21202,1,,,0,70,,21185,1,,,0,30,,21190,1,,,0,70,,21194,1,,,0,30,,21197,1,,,0,70,,21204,1,,,0,30,,21187,1,,,0,70,,21189,1,,,0,30,,21193,1,,,0,70,,21209,1,,,0,30,,21211,1,,,0,85,,21210,1,,,0,100,,16252,1,,,0,100,,16246,1,,,0,85,,21184,1,,,0
19029,'1800',608,,21235,1,,,0,112,,21236,1,,,0,100,,21234,1,,,0,30,,21233,1,,,0,70,,21228,1,,,0,30,,21231,1,,,0,70,,21216,1,,,0,30,,21220,1,,,0,70,,21224,1,,,0,30,,21227,1,,,0,70,,21229,1,,,0,30,,21214,1,,,0,70,,21219,1,,,0,30,,21223,1,,,0,70,,21226,1,,,0,30,,21230,1,,,0,70,,21213,1,,,0,30,,21218,1,,,0,70,,21222,1,,,0,30,,21225,1,,,0,70,,21232,1,,,0,30,,21215,1,,,0,70,,21217,1,,,0,30,,21221,1,,,0,70,,21237,1,,,0,30,,21239,1,,,0,85,,21238,1,,,0,100,,16282,1,,,0,100,,16276,1,,,0,85,,21212,1,,,0
10019019,'1796',617,,23301,14,4,,0,1000,,23306,14,4,,0,30,,19381,14,4,,0,70,,23304,14,4,,0,30,,23307,14,4,,0,67,,19380,14,4,,0,210,,23305,14,4,,0
10019029,'1796',610,,23308,1,,,0,30,,23310,1,,,0,70,,19387,1,,,0,30,,23311,1,,,0,800,,23314,1,,,0,70,,19392,1,,,0,30,,23312,1,,,0,70,,23315,1,,,0,30,,19391,1,,,0,210,,23313,1,,,0
