2029,'1796',524,,14191,5,,,0,27,,14165,20,,,0,70,,14166,20,,,0,30,,14167,20,,,0,68,,14168,20,,,0,30,,14169,20,,,0,70,,14170,20,,,0,30,,14171,20,,,0,70,,14172,20,,,0,30,,14173,20,,,0,70,,14174,20,,,0,30,,14175,20,,,0,70,,14176,20,,,0,30,,14177,20,,,0,70,,14178,20,,,0,30,,14179,20,,,0,70,,14180,20,,,0,30,,14181,20,,,0,70,,14182,20,,,0,30,,14183,20,,,0,69,,14184,20,,,0,30,,14185,20,,,0,70,,14186,20,,,0,31,,14187,20,,,0,70,,14188,20,,,0,29,,14189,20,,,0,70,,14190,20,,,0,30,,14194,20,,,0,70,,14195,20,,,0,100,,14196,20,,,0,100,,14197,20,,,0,100,,14193,20,,,0
2029,'1797',551,,14231,20,0,5 2 15 16 17,0,70,,14214,20,,,0,30,,14221,20,,,0,68,,14200,20,,,0,30,,14206,20,,,0,70,,14215,20,,,0,30,,14222,20,,,0,70,,14201,20,,,0,30,,14207,20,,,0,70,,14216,20,,,0,30,,14223,20,,,0,70,,14202,20,,,0,30,,14208,20,,,0,70,,14217,20,,,0,30,,14224,20,,,0,70,,14203,20,,,0,30,,14209,20,,,0,70,,14218,20,,,0,30,,14225,20,,,0,70,,14204,20,,,0,30,,14210,20,,,0,70,,14219,20,,,0,30,,14226,20,,,0,70,,14205,20,,,0,30,,14211,20,,,0,70,,14220,20,,,0,30,,14227,20,,,0,69,,14212,20,,,0,100,,14228,20,,,0,100,,14213,20,,,0,100,,14229,20,,,0
2029,'1798',621,,14235,20,,,0,30,,14243,20,,,0,68,,14254,20,,,0,30,,14249,20,,,0,70,,14236,20,,,0,30,,14244,20,,,0,70,,14255,20,,,0,30,,14250,20,,,0,70,,14237,20,,,0,30,,14245,20,,,0,70,,14256,20,,,0,30,,14251,20,,,0,70,,14238,20,,,0,30,,14246,20,,,0,70,,14257,20,,,0,30,,14252,20,,,0,70,,14239,20,,,0,30,,14247,20,,,0,70,,14258,20,,,0,30,,14253,20,,,0,70,,14240,20,,,0,30,,14248,20,,,0,70,,14259,20,,,0,100,,14241,20,,,0,99,,14260,20,,,0,100,,14242,20,,,0,100,,14261,20,,,0,100,,14234,20,,,0
2029,'1799',621,,14267,20,,,0,30,,14275,20,,,0,68,,14286,20,,,0,30,,14281,20,,,0,70,,14268,20,,,0,30,,14276,20,,,0,70,,14287,20,,,0,30,,14282,20,,,0,70,,14269,20,,,0,30,,14277,20,,,0,70,,14288,20,,,0,30,,14283,20,,,0,70,,14270,20,,,0,30,,14278,20,,,0,70,,14289,20,,,0,30,,14284,20,,,0,70,,14271,20,,,0,30,,14279,20,,,0,70,,14290,20,,,0,30,,14285,20,,,0,70,,14272,20,,,0,30,,14280,20,,,0,70,,14291,20,,,0,100,,14273,20,,,0,99,,14292,20,,,0,100,,14274,20,,,0,100,,14293,20,,,0,100,,14266,20,,,0
2029,'1800',621,,14299,20,,,0,30,,14307,20,,,0,68,,14318,20,,,0,30,,14313,20,,,0,70,,14300,20,,,0,30,,14308,20,,,0,70,,14319,20,,,0,30,,14314,20,,,0,70,,14301,20,,,0,30,,14309,20,,,0,70,,14320,20,,,0,30,,14315,20,,,0,70,,14302,20,,,0,30,,14310,20,,,0,70,,14321,20,,,0,30,,14316,20,,,0,70,,14303,20,,,0,30,,14311,20,,,0,70,,14322,20,,,0,30,,14317,20,,,0,70,,14304,20,,,0,30,,14312,20,,,0,70,,14323,20,,,0,100,,14305,20,,,0,99,,14324,20,,,0,100,,14306,20,,,0,100,,14325,20,,,0,100,,14298,20,,,0
701019,'1796',549,,18178,4,,,0,70,,22624,4,,,0,18,,18189,4,,,0,16,,22625,4,,,0,66,,18188,4,,,0,17,,18181,4,,,0,65,,18182,4,,,0,13,,22626,4,,,0,20,,18184,4,,,0,71,,18151,4,,,0,30,,18195,4,,,0,70,,18152,4,,,0,30,,18153,4,,,0,70,,22610,4,,,0,30,,18155,4,,,0,70,,22611,4,,,0,30,,18157,4,,,0,70,,22612,4,,,0,30,,22613,4,,,0,68,,22614,4,,,0,28,,22615,4,,,0,17,,18193,4,0,5 2 11 2 12,0,67,,22616,4,,,0,20,,22628,4,,,0,19,,18192,4,0,5 2 11 2 12,0,61,,22617,4,,,0,20,,22618,4,,,0,21,,22630,4,0,5 2 11 2 12,0,60,,22627,4,,,0,20,,22623,4,,,0,64,,22622,4,,,0,20,,22621,4,,,0,15,,18165,4,,,0,70,,18166,4,,,0,30,,22619,4,,,0,70,,18168,4,,,0,30,,18169,4,,,0,70,,18170,4,,,0,30,,18171,4,,,0,69,,18172,4,,,0,30,,18173,4,,,0,70,,22620,4,,,0,25,,18191,4,,,0
701019,'1797',608,,18264,4,,,0,28,,22650,4,,,0,69,,18257,4,,,0,30,,18243,4,,,0,70,,22674,4,,,0,30,,18253,4,,,0,70,,18258,4,,,0,30,,22671,4,,,0,70,,18249,4,,,0,30,,22678,4,,,0,70,,22681,4,,,0,30,,18245,4,,,0,71,,22675,4,,,0,30,,22679,4,,,0,70,,22682,4,,,0,30,,22672,4,,,0,70,,22676,4,,,0,30,,22680,4,,,0,70,,22683,4,,,0,30,,22673,4,,,0,70,,22677,4,,,0,30,,22685,4,,,0,69,,22631,4,,,0,30,,22641,4,,,0,70,,22651,4,,,0,30,,22661,4,,,0,70,,22632,4,,,0,30,,22642,4,,,0,70,,22652,4,,,0,30,,22662,4,,,0,70,,22633,4,,,0,30,,22643,4,,,0,69,,22653,4,,,0,30,,22663,4,,,0,70,,22634,4,,,0,25,,22698,4,,,0
701019,'1798',608,,22724,4,,,0,28,,22751,4,,,0,69,,22742,4,,,0,30,,22721,4,,,0,70,,22743,4,,,0,30,,22725,4,,,0,70,,22720,4,,,0,30,,18371,4,,,0,70,,22728,4,,,0,30,,22717,4,,,0,70,,22746,4,,,0,30,,18348,4,,,0,71,,22716,4,,,0,30,,18368,4,,,0,70,,18352,4,,,0,30,,22714,4,,,0,70,,22745,4,,,0,30,,22729,4,,,0,70,,22712,4,,,0,30,,22744,4,,,0,70,,22726,4,,,0,30,,22710,4,,,0,69,,22747,4,,,0,30,,22734,4,,,0,70,,22707,4,,,0,30,,22758,4,,,0,70,,22736,4,,,0,30,,22705,4,,,0,70,,22754,4,,,0,30,,22738,4,,,0,70,,22702,4,,,0,30,,22750,4,,,0,69,,22737,4,,,0,30,,22704,4,,,0,70,,22753,4,,,0,25,,22765,4,,,0
701019,'1799',608,,22791,4,,,0,28,,22818,4,,,0,69,,22809,4,,,0,30,,22788,4,,,0,70,,22810,4,,,0,30,,22792,4,,,0,70,,22787,4,,,0,30,,18470,4,,,0,70,,22795,4,,,0,30,,22784,4,,,0,70,,22813,4,,,0,30,,18447,4,,,0,71,,22783,4,,,0,30,,18467,4,,,0,70,,18451,4,,,0,30,,22781,4,,,0,70,,22812,4,,,0,30,,22796,4,,,0,70,,22779,4,,,0,30,,22811,4,,,0,70,,22793,4,,,0,30,,22777,4,,,0,69,,22814,4,,,0,30,,22801,4,,,0,70,,22774,4,,,0,30,,22825,4,,,0,70,,22803,4,,,0,30,,22772,4,,,0,70,,22821,4,,,0,30,,22805,4,,,0,70,,22769,4,,,0,30,,22817,4,,,0,69,,22804,4,,,0,30,,22771,4,,,0,70,,22820,4,,,0,25,,22832,4,,,0
701019,'1800',608,,22858,4,,,0,28,,22885,4,,,0,69,,22876,4,,,0,30,,22855,4,,,0,70,,22877,4,,,0,30,,22859,4,,,0,70,,22854,4,,,0,30,,18569,4,,,0,70,,22862,4,,,0,30,,22851,4,,,0,70,,22880,4,,,0,30,,18546,4,,,0,71,,22850,4,,,0,30,,18566,4,,,0,70,,18550,4,,,0,30,,22848,4,,,0,70,,22879,4,,,0,30,,22863,4,,,0,70,,22846,4,,,0,30,,22878,4,,,0,70,,22860,4,,,0,30,,22844,4,,,0,69,,22881,4,,,0,30,,22868,4,,,0,70,,22841,4,,,0,30,,22892,4,,,0,70,,22870,4,,,0,30,,22839,4,,,0,70,,22888,4,,,0,30,,22872,4,,,0,70,,22836,4,,,0,30,,22884,4,,,0,69,,22871,4,,,0,30,,22838,4,,,0,70,,22887,4,,,0,25,,22899,4,,,0
20002019,'1798',1004,,23316,5,,,0
20002019,'1799',1004,,23317,5,,,0
20002019,'1800',1004,,23318,5,,,0
14000001029,'1796',431,,19519,5,0,18 7,0,102,,23396,5,0,18 7,0,1812,,23398,5,,,0,68,,19523,5,,,0,30,,23400,5,,,0,70,,23397,5,,,0,30,,19524,5,,,0,70,,23399,5,,,0
14000001029,'1797',533,,19531,5,0,18 7,0,1812,,23404,5,,,0,68,,19528,5,,,0,30,,23401,5,,,0,70,,23402,5,,,0,30,,19532,5,,,0,70,,23403,5,,,0
14000001029,'1798',533,,23409,5,0,18 7,0,1812,,23405,5,,,0,68,,19538,5,,,0,30,,23408,5,,,0,70,,23407,5,,,0,30,,19537,5,,,0,70,,23406,5,,,0
14000001029,'1799',533,,23414,5,0,18 7,0,1812,,23410,5,,,0,68,,19545,5,,,0,30,,23413,5,,,0,70,,23412,5,,,0,30,,19544,5,,,0,70,,23411,5,,,0
14000001029,'1800',533,,23419,5,0,18 7,0,1812,,23415,5,,,0,68,,19552,5,,,0,30,,23418,5,,,0,70,,23417,5,,,0,30,,19551,5,,,0,70,,23416,5,,,0
