1019,'1796',542,,13774,14,,,0,70,,19586,14,,,0,30,,19562,14,,,0,70,,19557,14,,,0,30,,19575,14,,,0,71,,19559,14,,,0,30,,19564,14,,,0,70,,19589,14,,,0,30,,19561,14,,,0,70,,19555,14,,,0,30,,19574,14,,,0,70,,19560,14,,,0,30,,19565,14,,,0,70,,19585,14,,,0,30,,19563,14,,,0,70,,19556,14,,,0,30,,19587,14,,,0,70,,19558,14,,,0,30,,19566,14,,,0,70,,19584,14,,,0,30,,19577,14,,,0,70,,19569,14,,,0,30,,19567,14,,,0,70,,19570,14,,,0,30,,19572,14,,,0,70,,19571,14,,,0,29,,19568,14,,,0,70,,19588,14,,,0,30,,19582,14,,,0,70,,19583,14,,,0,30,,19581,14,,,0,70,,19580,14,,,0,30,,19579,14,,,0,70,,19578,14,,,0,30,,19576,14,,,0,70,,19573,14,,,0
1019,'1797',542,,19601,14,,,0,70,,19615,14,,,0,30,,19600,14,,,0,70,,19620,14,,,0,30,,19610,14,,,0,70,,19594,14,,,0,30,,19616,14,,,0,70,,19618,14,,,0,30,,19599,14,,,0,70,,19621,14,,,0,30,,19609,14,,,0,70,,19593,14,,,0,30,,19604,14,,,0,70,,19614,14,,,0,30,,19598,14,,,0,70,,19622,14,,,0,30,,19608,14,,,0,70,,19592,14,,,0,30,,19603,14,,,0,70,,19613,14,,,0,30,,19597,14,,,0,70,,19623,14,,,0,30,,19607,14,,,0,70,,19591,14,,,0,30,,19602,14,,,0,70,,19612,14,,,0,30,,19595,14,,,0,70,,19624,14,,,0,30,,19605,14,,,0,70,,19590,14,,,0,30,,19596,14,,,0,70,,19611,14,,,0,30,,19606,14,,,0,70,,19625,14,,,0,30,,19619,14,,,0,70,,19617,14,,,0
1019,'1798',612,,19626,14,,,0,100,,19627,14,,,0,100,,19628,14,,,0,100,,19629,14,,,0,100,,19630,14,,,0,100,,19631,14,,,0,100,,19632,14,,,0,100,,19633,14,,,0,100,,19634,14,,,0,100,,19635,14,,,0,100,,19636,14,,,0,100,,19637,14,,,0,100,,19638,14,,,0,100,,19639,14,,,0,100,,19640,14,,,0,100,,19641,14,,,0,100,,19642,14,,,0,100,,19643,14,,,0
1019,'1799',612,,19644,14,,,0,100,,19645,14,,,0,100,,19646,14,,,0,100,,19647,14,,,0,100,,19648,14,,,0,100,,19649,14,,,0,100,,19650,14,,,0,100,,19651,14,,,0,100,,19652,14,,,0,100,,19653,14,,,0,100,,19654,14,,,0,100,,19655,14,,,0,100,,19656,14,,,0,100,,19657,14,,,0,100,,19658,14,,,0,100,,19659,14,,,0,100,,19660,14,,,0,100,,19661,14,,,0
1019,'1800',612,,19662,14,,,0,100,,19663,14,,,0,100,,19664,14,,,0,100,,19665,14,,,0,100,,19666,14,,,0,100,,19667,14,,,0,100,,19668,14,,,0,100,,19669,14,,,0,100,,19670,14,,,0,100,,19671,14,,,0,100,,19672,14,,,0,100,,19673,14,,,0,100,,19674,14,,,0,100,,19675,14,,,0,100,,19676,14,,,0,100,,19677,14,,,0,100,,19678,14,,,0,100,,19679,14,,,0
2019,'1796',452,,19803,14,0,5 2 13 14,0,175,,14015,23,,,0,30,,14016,23,,,0,70,,14017,23,,,0,30,,14018,23,,,0,71,,14019,23,,,0,29,,14020,23,,,0,70,,14021,23,,,0,30,,14022,23,,,0,70,,14023,23,,,0,30,,14024,23,,,0,70,,14025,23,,,0,30,,14026,23,,,0,70,,14027,23,,,0,30,,14028,23,,,0,70,,14029,23,,,0,30,,14030,23,,,0,70,,14031,23,,,0,30,,14032,23,,,0,70,,14033,23,,,0,30,,14034,23,,,0,70,,14035,23,,,0,30,,14036,23,,,0,70,,14037,23,,,0,30,,14038,23,,,0,70,,14039,23,,,0,30,,14045,23,,,0,70,,14040,23,,,0,100,,14041,23,,,0,100,,14042,23,,,0,100,,14043,23,,,0,100,,14044,23,,,0
2019,'1797',627,,14047,14,,,0,30,,14054,23,,,0,70,,14063,23,,,0,30,,14070,23,,,0,70,,14048,23,,,0,30,,14055,23,,,0,70,,14064,23,,,0,30,,14071,23,,,0,70,,14049,23,,,0,30,,14056,23,,,0,70,,14065,23,,,0,30,,14072,23,,,0,70,,14050,23,,,0,30,,14057,23,,,0,70,,14066,23,,,0,30,,14073,23,,,0,70,,14051,23,,,0,30,,14058,23,,,0,70,,14067,23,,,0,30,,14074,23,,,0,70,,14052,23,,,0,30,,14059,23,,,0,70,,14068,23,,,0,30,,14075,23,,,0,70,,14053,23,,,0,30,,14060,23,,,0,70,,14069,23,,,0,100,,14061,23,,,0,100,,14076,23,,,0,100,,14062,23,,,0,100,,14077,23,,,0
2019,'1798',657,,14105,23,,,0,70,,14082,23,,,0,30,,14086,23,,,0,70,,14098,23,,,0,30,,14093,23,,,0,70,,14083,23,,,0,30,,14087,23,,,0,70,,14099,23,,,0,30,,14094,23,,,0,70,,14084,23,,,0,30,,14088,23,,,0,70,,14100,23,,,0,30,,14095,23,,,0,70,,14085,23,,,0,30,,14089,23,,,0,70,,14101,23,,,0,30,,14096,23,,,0,70,,14080,23,,,0,30,,14090,23,,,0,70,,14102,23,,,0,30,,14097,23,,,0,70,,14078,23,,,0,30,,14091,23,,,0,70,,14103,23,,,0,100,,14079,23,,,0,100,,14104,23,,,0,100,,14081,23,,,0,100,,14092,23,,,0,99,,14106,23,,,0
2019,'1799',657,,14134,23,,,0,70,,14111,23,,,0,30,,14115,23,,,0,70,,14127,23,,,0,30,,14122,23,,,0,70,,14112,23,,,0,30,,14116,23,,,0,70,,14128,23,,,0,30,,14123,23,,,0,70,,14113,23,,,0,30,,14117,23,,,0,70,,14129,23,,,0,30,,14124,23,,,0,70,,14114,23,,,0,30,,14118,23,,,0,70,,14130,23,,,0,30,,14125,23,,,0,70,,14109,23,,,0,30,,14119,23,,,0,70,,14131,23,,,0,30,,14126,23,,,0,70,,14107,23,,,0,30,,14120,23,,,0,70,,14132,23,,,0,100,,14108,23,,,0,100,,14133,23,,,0,100,,14110,23,,,0,100,,14121,23,,,0,99,,14135,23,,,0
2019,'1800',657,,14163,23,,,0,70,,14140,23,,,0,30,,14144,23,,,0,70,,14156,23,,,0,30,,14151,23,,,0,70,,14141,23,,,0,30,,14145,23,,,0,70,,14157,23,,,0,30,,14152,23,,,0,70,,14142,23,,,0,30,,14146,23,,,0,70,,14158,23,,,0,30,,14153,23,,,0,70,,14143,23,,,0,30,,14147,23,,,0,70,,14159,23,,,0,30,,14154,23,,,0,70,,14138,23,,,0,30,,14148,23,,,0,70,,14160,23,,,0,30,,14155,23,,,0,70,,14136,23,,,0,30,,14149,23,,,0,70,,14161,23,,,0,100,,14137,23,,,0,100,,14162,23,,,0,100,,14139,23,,,0,100,,14150,23,,,0,99,,14164,23,,,0
14000001019,'1796',2421,,23379,30,,,0,30,,23377,30,,,0,70,,19496,30,,,0,30,,23378,30,,,0,70,,23376,30,,,0
14000001019,'1797',2421,,23383,30,,,0,30,,23380,30,,,0,70,,19502,30,,,0,30,,23382,30,,,0,70,,23381,30,,,0
14000001019,'1798',2421,,23386,30,,,0,30,,23385,30,,,0,70,,19504,30,,,0,30,,23387,30,,,0,70,,23384,30,,,0
14000001019,'1799',2421,,23390,30,,,0,30,,23389,30,,,0,70,,19509,30,,,0,30,,23391,30,,,0,70,,23388,30,,,0
14000001019,'1800',2421,,23394,30,,,0,30,,23393,30,,,0,70,,19514,30,,,0,30,,23395,30,,,0,70,,23392,30,,,0
