16029,'1796',603,,20908,12,,,0,30,,20909,12,,,0,73,,20910,12,,,0,36,,20911,12,,,0,71,,20912,12,,,0,32,,20913,12,,,0,70,,20914,12,,,0,29,,20915,12,,,0,67,,20916,12,,,0,30,,20917,12,,,0,70,,20918,12,,,0,30,,20919,12,,,0,70,,20920,12,,,0,30,,20921,12,,,0,70,,20922,12,,,0,30,,20923,12,,,0,71,,20924,12,,,0,32,,20925,12,,,0,71,,20926,12,,,0,29,,20927,12,,,0,72,,20928,12,,,0,30,,20929,12,,,0,69,,20930,12,,,0,28,,20931,12,,,0,69,,20932,12,,,0,30,,20938,12,,,0,67,,20933,12,,,0,30,,15912,12,,,0,70,,20934,12,,,0,24,,20935,12,,,0,70,,20936,12,,,0,29,,15916,12,,,0,70,,20937,12,,,0
16029,'1797',604,,15926,12,,,0,27,,15941,12,,,0,70,,15934,12,,,0,30,,15919,12,,,0,70,,15927,12,,,0,30,,15942,12,,,0,70,,15935,12,,,0,28,,15920,12,,,0,71,,15928,12,,,0,30,,15943,12,,,0,70,,15936,12,,,0,31,,15921,12,,,0,70,,15929,12,,,0,30,,15944,12,,,0,71,,15937,12,,,0,30,,15922,12,,,0,71,,15930,12,,,0,29,,15945,12,,,0,71,,15938,12,,,0,30,,15923,12,,,0,69,,15931,12,,,0,30,,15946,12,,,0,69,,15939,12,,,0,29,,15924,12,,,0,71,,15932,12,,,0,30,,15947,12,,,0,70,,15940,12,,,0,30,,15925,12,,,0,70,,15933,12,,,0,31,,15948,12,,,0,97,,15949,12,,,0,73,,15950,12,,,0
16029,'1798',735,,20942,12,,,0,99,,20943,12,,,0,95,,20940,12,,,0,104,,20948,12,,,0,98,,20950,12,,,0,100,,20947,12,,,0,101,,20949,12,,,0,100,,20939,12,,,0,100,,20941,12,,,0,99,,20945,12,,,0,99,,20944,12,,,0,101,,15963,12,,,0,100,,20946,12,,,0,103,,15959,12,,,0,97,,20951,12,,,0
16029,'1799',735,,20955,12,,,0,99,,20956,12,,,0,95,,20953,12,,,0,104,,20961,12,,,0,98,,20963,12,,,0,100,,20960,12,,,0,101,,20962,12,,,0,100,,20952,12,,,0,100,,20954,12,,,0,99,,20958,12,,,0,99,,20957,12,,,0,101,,15978,12,,,0,100,,20959,12,,,0,103,,15974,12,,,0,97,,20964,12,,,0
16029,'1800',735,,20968,12,,,0,99,,20969,12,,,0,95,,20966,12,,,0,104,,20974,12,,,0,98,,20976,12,,,0,100,,20973,12,,,0,101,,20975,12,,,0,100,,20965,12,,,0,100,,20967,12,,,0,99,,20971,12,,,0,99,,20970,12,,,0,101,,15993,12,,,0,100,,20972,12,,,0,103,,15989,12,,,0,97,,20977,12,,,0
14000001019,'1796',2405,,23379,13,,,0,30,,23377,13,,,0,70,,19496,13,,,0,30,,23378,13,,,0,70,,23376,13,,,0
14000001019,'1797',2405,,23383,13,,,0,30,,23380,13,,,0,70,,19502,13,,,0,30,,23382,13,,,0,70,,23381,13,,,0
14000001019,'1798',2405,,23386,13,,,0,30,,23385,13,,,0,70,,19504,13,,,0,30,,23387,13,,,0,70,,23384,13,,,0
14000001019,'1799',2405,,23390,13,,,0,30,,23389,13,,,0,70,,19509,13,,,0,30,,23391,13,,,0,70,,23388,13,,,0
14000001019,'1800',2405,,23394,13,,,0,30,,23393,13,,,0,70,,19514,13,,,0,30,,23395,13,,,0,70,,23392,13,,,0
