1029,'1796',553,,19689,6,,,0,71,,13901,6,,,0,26,,19709,6,,,0,68,,19686,6,,,0,30,,19681,6,,,0,70,,19713,6,,,0,30,,19684,6,,,0,72,,19690,6,,,0,30,,19708,6,,,0,70,,19688,6,,,0,30,,19680,6,,,0,70,,19712,6,,,0,30,,19685,6,,,0,70,,19691,6,,,0,30,,19707,6,,,0,70,,19687,6,,,0,30,,19682,6,,,0,70,,19710,6,,,0,32,,19683,6,,,0,70,,19692,6,,,0,30,,19706,6,,,0,69,,19695,6,,,0,30,,19694,6,,,0,70,,19693,6,,,0,33,,19699,6,,,0,70,,19698,6,,,0,30,,19697,6,,,0,70,,19696,6,,,0,30,,19711,6,,,0,70,,19705,6,,,0,30,,19704,6,,,0,70,,19703,6,,,0,30,,19702,6,,,0,70,,19701,6,,,0,25,,19700,6,,,0
1029,'1797',556,,19719,6,,,0,68,,19731,6,,,0,30,,19738,6,,,0,70,,19726,6,,,0,30,,19747,6,,,0,70,,19735,6,,,0,30,,19718,6,,,0,70,,19730,6,,,0,30,,19741,6,,,0,70,,19725,6,,,0,30,,19748,6,,,0,70,,19734,6,,,0,30,,19717,6,,,0,70,,19729,6,,,0,30,,19740,6,,,0,70,,19724,6,,,0,30,,19720,6,,,0,70,,19733,6,,,0,30,,19716,6,,,0,70,,19728,6,,,0,30,,19736,6,,,0,70,,19723,6,,,0,30,,19745,6,,,0,70,,19732,6,,,0,30,,19715,6,,,0,70,,19727,6,,,0,30,,19739,6,,,0,70,,19721,6,,,0,30,,19743,6,,,0,70,,19742,6,,,0,30,,19714,6,,,0,70,,19722,6,,,0,30,,19737,6,,,0,70,,19746,6,,,0,30,,19744,6,,,0
1029,'1798',556,,19749,6,,,0,98,,19750,6,,,0,100,,19751,6,,,0,100,,19752,6,,,0,100,,19753,6,,,0,100,,19754,6,,,0,100,,19755,6,,,0,100,,19756,6,,,0,100,,19757,6,,,0,100,,19758,6,,,0,100,,19759,6,,,0,100,,19760,6,,,0,100,,19761,6,,,0,100,,19762,6,,,0,100,,19763,6,,,0,100,,19764,6,,,0,100,,19765,6,,,0,100,,19766,6,,,0
1029,'1799',556,,19767,6,,,0,98,,19768,6,,,0,100,,19769,6,,,0,100,,19770,6,,,0,100,,19771,6,,,0,100,,19772,6,,,0,100,,19773,6,,,0,100,,19774,6,,,0,100,,19775,6,,,0,100,,19776,6,,,0,100,,19777,6,,,0,100,,19778,6,,,0,100,,19779,6,,,0,100,,19780,6,,,0,100,,19781,6,,,0,100,,19782,6,,,0,100,,19783,6,,,0,100,,19784,6,,,0
1029,'1800',556,,19785,6,,,0,98,,19786,6,,,0,100,,19787,6,,,0,100,,19788,6,,,0,100,,19789,6,,,0,100,,19790,6,,,0,100,,19791,6,,,0,100,,19792,6,,,0,100,,19793,6,,,0,100,,19794,6,,,0,100,,19795,6,,,0,100,,19796,6,,,0,100,,19797,6,,,0,100,,19798,6,,,0,100,,19799,6,,,0,100,,19800,6,,,0,100,,19801,6,,,0,100,,19802,6,,,0
2029,'1796',537,,14165,5,,,0,70,,14166,5,,,0,30,,14167,5,,,0,65,,14168,5,,,0,28,,14169,5,,,0,70,,14170,5,,,0,32,,14171,5,,,0,70,,14172,5,,,0,30,,14173,5,,,0,70,,14174,5,,,0,30,,14175,5,,,0,70,,14176,5,,,0,30,,14177,5,,,0,70,,14178,5,,,0,30,,14179,5,,,0,70,,14180,5,,,0,30,,14181,5,,,0,70,,14182,5,,,0,30,,14183,5,,,0,70,,14184,5,,,0,30,,14185,5,,,0,70,,14186,5,,,0,31,,14187,5,,,0,72,,14188,5,,,0,27,,14189,5,,,0,70,,14190,5,,,0,30,,14194,5,,,0,70,,14195,5,,,0,29,,14198,5,0,5 2 13 14,0,71,,14196,5,,,0,100,,14197,5,,,0,100,,14193,5,,,0,99,,14192,5,0,5 2 13 14,0,56,,14199,5,0,5 2 13 14,0
2029,'1797',537,,14231,5,0,5 2 15 16 17,0,70,,14214,5,,,0,30,,14221,5,,,0,65,,14200,5,,,0,30,,14206,5,,,0,70,,14215,5,,,0,30,,14222,5,,,0,70,,14201,5,,,0,30,,14207,5,,,0,70,,14216,5,,,0,30,,14223,5,,,0,70,,14202,5,,,0,30,,14208,5,,,0,70,,14217,5,,,0,30,,14224,5,,,0,70,,14203,5,,,0,30,,14209,5,,,0,70,,14218,5,,,0,30,,14225,5,,,0,70,,14204,5,,,0,30,,14210,5,,,0,70,,14219,5,,,0,30,,14226,5,,,0,70,,14205,5,,,0,30,,14211,5,,,0,70,,14220,5,,,0,30,,14227,5,,,0,70,,14212,5,,,0,31,,14233,5,0,5 2 13 14,0,69,,14228,5,,,0,100,,14213,5,,,0,100,,14229,5,,,0,55,,14230,5,0,5 2 13 14,0,99,,14232,5,0,5 2 13 14,0
2029,'1798',607,,14235,5,,,0,30,,14243,5,,,0,67,,14254,5,,,0,28,,14249,5,,,0,70,,14236,5,,,0,30,,14244,5,,,0,70,,14255,5,,,0,30,,14250,5,,,0,70,,14237,5,,,0,30,,14245,5,,,0,70,,14256,5,,,0,30,,14251,5,,,0,70,,14238,5,,,0,30,,14246,5,,,0,70,,14257,5,,,0,30,,14252,5,,,0,70,,14239,5,,,0,30,,14247,5,,,0,70,,14258,5,,,0,30,,14253,5,,,0,70,,14240,5,,,0,30,,14248,5,,,0,70,,14259,5,,,0,29,,14263,5,0,5 2 13 14,0,71,,14241,5,,,0,29,,14262,5,0,5 2 13 14,0,71,,14260,5,,,0,100,,14242,5,,,0,100,,14261,5,,,0,100,,14234,5,,,0,54,,14264,5,0,5 2 13 14,0,101,,14265,5,0,5 2 13 14,0
2029,'1799',607,,14267,5,,,0,30,,14275,5,,,0,67,,14286,5,,,0,28,,14281,5,,,0,70,,14268,5,,,0,30,,14276,5,,,0,70,,14287,5,,,0,30,,14282,5,,,0,70,,14269,5,,,0,30,,14277,5,,,0,70,,14288,5,,,0,30,,14283,5,,,0,70,,14270,5,,,0,30,,14278,5,,,0,70,,14289,5,,,0,30,,14284,5,,,0,70,,14271,5,,,0,30,,14279,5,,,0,70,,14290,5,,,0,30,,14285,5,,,0,70,,14272,5,,,0,30,,14280,5,,,0,70,,14291,5,,,0,29,,14295,5,0,5 2 13 14,0,71,,14273,5,,,0,29,,14294,5,0,5 2 13 14,0,71,,14292,5,,,0,100,,14274,5,,,0,100,,14293,5,,,0,100,,14266,5,,,0,54,,14296,5,0,5 2 13 14,0,101,,14297,5,0,5 2 13 14,0
2029,'1800',607,,14299,5,,,0,30,,14307,5,,,0,67,,14318,5,,,0,28,,14313,5,,,0,70,,14300,5,,,0,30,,14308,5,,,0,70,,14319,5,,,0,30,,14314,5,,,0,70,,14301,5,,,0,30,,14309,5,,,0,70,,14320,5,,,0,30,,14315,5,,,0,70,,14302,5,,,0,30,,14310,5,,,0,70,,14321,5,,,0,30,,14316,5,,,0,70,,14303,5,,,0,30,,14311,5,,,0,70,,14322,5,,,0,30,,14317,5,,,0,70,,14304,5,,,0,30,,14312,5,,,0,70,,14323,5,,,0,29,,14327,5,0,5 2 13 14,0,71,,14305,5,,,0,29,,14326,5,0,5 2 13 14,0,71,,14324,5,,,0,100,,14306,5,,,0,100,,14325,5,,,0,100,,14298,5,,,0,54,,14328,5,0,5 2 13 14,0,101,,14329,5,0,5 2 13 14,0
