2019,'1796',458,,14046,19,0,5 2 13 14,0,176,,14015,28,,,0,70,,14016,28,,,0,30,,14017,28,,,0,70,,14018,28,,,0,31,,14019,28,,,0,69,,14020,28,,,0,30,,14021,28,,,0,70,,14022,28,,,0,30,,14023,28,,,0,70,,14024,28,,,0,30,,14025,28,,,0,70,,14026,28,,,0,30,,14027,28,,,0,70,,14028,28,,,0,30,,14029,28,,,0,70,,14030,28,,,0,30,,14031,28,,,0,70,,14032,28,,,0,30,,14033,28,,,0,70,,14034,28,,,0,30,,14035,28,,,0,70,,14036,28,,,0,30,,14037,28,,,0,70,,14038,28,,,0,30,,14039,28,,,0,70,,14045,28,,,0,30,,14040,28,,,0,100,,14041,28,,,0,100,,14042,28,,,0,100,,14043,28,,,0,100,,14044,28,,,0
2019,'1797',633,,14047,19,,,0,70,,14054,28,,,0,30,,14063,28,,,0,71,,14070,28,,,0,30,,14048,28,,,0,70,,14055,28,,,0,30,,14064,28,,,0,70,,14071,28,,,0,30,,14049,28,,,0,70,,14056,28,,,0,30,,14065,28,,,0,70,,14072,28,,,0,30,,14050,28,,,0,70,,14057,28,,,0,30,,14066,28,,,0,70,,14073,28,,,0,30,,14051,28,,,0,70,,14058,28,,,0,30,,14067,28,,,0,70,,14074,28,,,0,30,,14052,28,,,0,70,,14059,28,,,0,30,,14068,28,,,0,70,,14075,28,,,0,30,,14053,28,,,0,70,,14060,28,,,0,30,,14069,28,,,0,99,,14061,28,,,0,100,,14076,28,,,0,100,,14062,28,,,0,100,,14077,28,,,0
2019,'1798',703,,14105,28,,,0,30,,14082,28,,,0,70,,14086,28,,,0,30,,14098,28,,,0,71,,14093,28,,,0,30,,14083,28,,,0,70,,14087,28,,,0,30,,14099,28,,,0,70,,14094,28,,,0,30,,14084,28,,,0,70,,14088,28,,,0,30,,14100,28,,,0,70,,14095,28,,,0,30,,14085,28,,,0,70,,14089,28,,,0,30,,14101,28,,,0,70,,14096,28,,,0,30,,14080,28,,,0,70,,14090,28,,,0,30,,14102,28,,,0,70,,14097,28,,,0,30,,14078,28,,,0,70,,14091,28,,,0,30,,14103,28,,,0,100,,14079,28,,,0,99,,14104,28,,,0,100,,14081,28,,,0,100,,14092,28,,,0,99,,14106,28,,,0
2019,'1799',703,,14134,28,,,0,30,,14111,28,,,0,70,,14115,28,,,0,30,,14127,28,,,0,71,,14122,28,,,0,30,,14112,28,,,0,70,,14116,28,,,0,30,,14128,28,,,0,70,,14123,28,,,0,30,,14113,28,,,0,70,,14117,28,,,0,30,,14129,28,,,0,70,,14124,28,,,0,30,,14114,28,,,0,70,,14118,28,,,0,30,,14130,28,,,0,70,,14125,28,,,0,30,,14109,28,,,0,70,,14119,28,,,0,30,,14131,28,,,0,70,,14126,28,,,0,30,,14107,28,,,0,70,,14120,28,,,0,30,,14132,28,,,0,100,,14108,28,,,0,99,,14133,28,,,0,100,,14110,28,,,0,100,,14121,28,,,0,99,,14135,28,,,0
2019,'1800',703,,14163,28,,,0,30,,14140,28,,,0,70,,14144,28,,,0,30,,14156,28,,,0,71,,14151,28,,,0,30,,14141,28,,,0,70,,14145,28,,,0,30,,14157,28,,,0,70,,14152,28,,,0,30,,14142,28,,,0,70,,14146,28,,,0,30,,14158,28,,,0,70,,14153,28,,,0,30,,14143,28,,,0,70,,14147,28,,,0,30,,14159,28,,,0,70,,14154,28,,,0,30,,14138,28,,,0,70,,14148,28,,,0,30,,14160,28,,,0,70,,14155,28,,,0,30,,14136,28,,,0,70,,14149,28,,,0,30,,14161,28,,,0,100,,14137,28,,,0,99,,14162,28,,,0,100,,14139,28,,,0,100,,14150,28,,,0,99,,14164,28,,,0
14000001019,'1796',2428,,19498,35,,,0,30,,19495,35,,,0,70,,19496,35,,,0,30,,19497,35,,,0,70,,19494,35,,,0
14000001019,'1797',2428,,19503,35,,,0,30,,19499,35,,,0,70,,19502,35,,,0,30,,19501,35,,,0,70,,19500,35,,,0
14000001019,'1798',2428,,19507,35,,,0,30,,19506,35,,,0,70,,19504,35,,,0,30,,19508,35,,,0,70,,19505,35,,,0
14000001019,'1799',2428,,19512,35,,,0,30,,19511,35,,,0,70,,19509,35,,,0,30,,19513,35,,,0,70,,19510,35,,,0
14000001019,'1800',2428,,19517,35,,,0,30,,19516,35,,,0,70,,19514,35,,,0,30,,19518,35,,,0,70,,19515,35,,,0
