10029,'1796',601,,15190,7,,,0,100,,20469,7,,,0,100,,20468,7,,,0,101,,20470,7,,,0,100,,20467,7,,,0,100,,20466,7,,,0,100,,20465,7,,,0,100,,20463,7,,,0,100,,20462,7,,,0,100,,20464,7,,,0,100,,15183,7,,,0,100,,15181,7,,,0,100,,20471,7,,,0,100,,15194,7,,,0,100,,15195,7,,,0,100,,20472,7,,,0,100,,20473,7,,,0,99,,20474,7,0,27 28 1 29,0,100,,15198,7,0,27 28 1 29,0
10029,'1797',702,,15214,7,,,0,100,,15207,7,,,0,100,,15200,7,,,0,100,,15208,7,,,0,100,,15201,7,,,0,100,,15209,7,,,0,100,,15202,7,,,0,100,,15210,7,,,0,100,,15203,7,,,0,100,,15211,7,,,0,100,,15204,7,,,0,100,,15212,7,,,0,100,,15205,7,,,0,100,,15213,7,,,0,100,,15206,7,,,0,99,,15216,7,0,27 28 1 29,0,200,,20475,7,0,27 28 1 29,0
10029,'1798',902,,15221,7,,,0,100,,15227,7,,,0,100,,15220,7,,,0,100,,15225,7,,,0,100,,15218,7,,,0,100,,15223,7,,,0,100,,15224,7,,,0,100,,15226,7,,,0,100,,15219,7,,,0,100,,15217,7,,,0,100,,15222,7,,,0,99,,15228,7,0,27 28 1 29,0
10029,'1799',902,,15233,7,,,0,100,,15239,7,,,0,100,,15232,7,,,0,100,,15237,7,,,0,100,,15230,7,,,0,100,,15235,7,,,0,100,,15236,7,,,0,100,,15238,7,,,0,100,,15231,7,,,0,100,,15229,7,,,0,100,,15234,7,,,0,99,,15240,7,0,27 28 1 29,0
10029,'1800',902,,15245,7,,,0,100,,15251,7,,,0,100,,15244,7,,,0,100,,15249,7,,,0,100,,15242,7,,,0,100,,15247,7,,,0,100,,15248,7,,,0,100,,15250,7,,,0,100,,15243,7,,,0,100,,15241,7,,,0,100,,15246,7,,,0,99,,15252,7,0,27 28 1 29,0
15019,'1796',642,,20744,17,,,0,70,,20745,17,,,0,34,,20746,17,,,0,70,,20747,17,,,0,27,,20748,17,,,0,70,,20749,17,,,0,30,,15605,17,,,0,70,,20750,17,,,0,30,,20751,17,,,0,70,,20752,17,,,0,30,,20753,17,,,0,70,,15610,17,,,0,30,,15611,17,,,0,70,,20754,17,,,0,30,,20755,17,,,0,70,,15614,17,,,0,31,,20756,17,,,0,70,,20757,17,,,0,30,,20758,17,,,0,70,,15618,17,,,0,29,,20759,17,,,0,70,,20760,17,,,0,29,,20761,17,,,0,70,,15622,17,,,0,30,,20762,17,,,0,70,,20763,17,,,0,30,,20764,17,,,0,100,,20765,17,,,0,99,,20766,17,,,0,100,,15628,17,0,5 2 6 7,0
15019,'1797',717,,15629,17,,,0,100,,20767,17,,,0,100,,20768,17,,,0,101,,15632,17,,,0,100,,20769,17,,,0,100,,20770,17,,,0,100,,15635,17,,,0,100,,20771,17,,,0,100,,20772,17,,,0,100,,15638,17,,,0,100,,20773,17,,,0,100,,20774,17,,,0,100,,15641,17,,,0,99,,20775,17,,,0
15019,'1798',717,,20781,17,,,0,100,,15653,17,,,0,100,,15656,17,,,0,101,,20780,17,,,0,100,,15651,17,,,0,100,,15649,17,,,0,100,,20779,17,,,0,100,,15650,17,,,0,100,,15647,17,,,0,100,,20778,17,,,0,100,,15645,17,,,0,100,,15646,17,,,0,100,,20777,17,,,0,99,,15657,17,,,0
15019,'1799',717,,20786,17,,,0,100,,15667,17,,,0,100,,15670,17,,,0,101,,20785,17,,,0,100,,15665,17,,,0,100,,15663,17,,,0,100,,20784,17,,,0,100,,15664,17,,,0,100,,15661,17,,,0,100,,20783,17,,,0,100,,15659,17,,,0,100,,15660,17,,,0,100,,20782,17,,,0,99,,15671,17,,,0
15019,'1800',717,,20791,17,,,0,100,,15681,17,,,0,100,,15684,17,,,0,101,,20790,17,,,0,100,,15679,17,,,0,100,,15677,17,,,0,100,,20789,17,,,0,100,,15678,17,,,0,100,,15675,17,,,0,100,,20788,17,,,0,100,,15673,17,,,0,100,,15674,17,,,0,100,,20787,17,,,0,99,,15685,17,,,0
