4019,'1796',615,,19810,1,,,0,30,,19836,1,,,0,70,,19811,1,,,0,27,,19812,1,,,0,76,,19813,1,,,0,24,,19814,1,,,0,76,,19815,1,,,0,27,,19816,1,,,0,70,,19817,1,,,0,30,,19818,1,,,0,70,,19819,1,,,0,30,,19820,1,,,0,70,,19821,1,,,0,30,,19822,1,,,0,70,,19823,1,,,0,30,,19824,1,,,0,70,,19825,1,,,0,32,,19826,1,,,0,70,,19827,1,,,0,31,,19828,1,,,0,64,,19829,1,,,0,36,,19830,1,,,0,64,,19831,1,,,0,36,,19832,1,,,0,62,,19833,1,,,0,35,,19834,1,,,0,70,,19835,1,,,0,30,,19804,1,,,0,70,,19805,1,,,0,30,,19806,1,,,0,70,,19807,1,,,0,30,,19808,1,,,0,70,,19809,1,,,0
4019,'1797',645,,19868,1,,,0,70,,19844,1,,,0,30,,19838,1,,,0,70,,19848,1,,,0,30,,19859,1,,,0,70,,19854,1,,,0,30,,19842,1,,,0,70,,19864,1,,,0,30,,19841,1,,,0,70,,19861,1,,,0,30,,19856,1,,,0,70,,19849,1,,,0,30,,19862,1,,,0,70,,19865,1,,,0,30,,19840,1,,,0,70,,19851,1,,,0,30,,19839,1,,,0,70,,19845,1,,,0,30,,19863,1,,,0,70,,19860,1,,,0,30,,19857,1,,,0,70,,19846,1,,,0,30,,19866,1,,,0,70,,19867,1,,,0,30,,19837,1,,,0,70,,19852,1,,,0,30,,19850,1,,,0,70,,19858,1,,,0,30,,19843,1,,,0,70,,19853,1,,,0,30,,19847,1,,,0,70,,19855,1,,,0
4019,'1798',745,,19892,1,,,0,70,,19893,1,,,0,30,,19890,1,,,0,70,,19894,1,,,0,30,,19891,1,,,0,70,,19875,1,,,0,30,,19879,1,,,0,70,,19883,1,,,0,30,,19886,1,,,0,70,,19871,1,,,0,30,,19874,1,,,0,70,,19878,1,,,0,30,,19882,1,,,0,70,,19884,1,,,0,30,,19870,1,,,0,70,,19873,1,,,0,30,,19877,1,,,0,70,,19881,1,,,0,30,,19885,1,,,0,70,,19869,1,,,0,30,,19872,1,,,0,70,,19876,1,,,0,30,,19880,1,,,0,70,,19889,1,,,0,30,,19895,1,,,0,70,,19887,1,,,0,30,,19896,1,,,0,70,,19888,1,,,0
4019,'1799',745,,19920,1,,,0,70,,19921,1,,,0,30,,19918,1,,,0,70,,19922,1,,,0,30,,19919,1,,,0,70,,19903,1,,,0,30,,19907,1,,,0,70,,19911,1,,,0,30,,19914,1,,,0,70,,19899,1,,,0,30,,19902,1,,,0,70,,19906,1,,,0,30,,19910,1,,,0,70,,19912,1,,,0,30,,19898,1,,,0,70,,19901,1,,,0,30,,19905,1,,,0,70,,19909,1,,,0,30,,19913,1,,,0,70,,19897,1,,,0,30,,19900,1,,,0,70,,19904,1,,,0,30,,19908,1,,,0,70,,19917,1,,,0,30,,19923,1,,,0,70,,19915,1,,,0,30,,19924,1,,,0,70,,19916,1,,,0
4019,'1800',745,,19948,1,,,0,70,,19949,1,,,0,30,,19946,1,,,0,70,,19950,1,,,0,30,,19947,1,,,0,70,,19931,1,,,0,30,,19935,1,,,0,70,,19939,1,,,0,30,,19942,1,,,0,70,,19927,1,,,0,30,,19930,1,,,0,70,,19934,1,,,0,30,,19938,1,,,0,70,,19940,1,,,0,30,,19926,1,,,0,70,,19929,1,,,0,30,,19933,1,,,0,70,,19937,1,,,0,30,,19941,1,,,0,70,,19925,1,,,0,30,,19928,1,,,0,70,,19932,1,,,0,30,,19936,1,,,0,70,,19945,1,,,0,30,,19951,1,,,0,70,,19943,1,,,0,30,,19952,1,,,0,70,,19944,1,,,0
4029,'1796',1945,,19979,18,4,,0,70,,19980,18,4,,0,29,,19981,18,4,,0,70,,19982,18,4,,0,30,,19983,18,4,,0,70,,19984,18,4,,0
4029,'1797',1945,,19991,18,4,,0,70,,19986,18,4,,0,28,,19992,18,4,,0,70,,19997,18,4,,0,30,,20007,18,4,,0,70,,19995,18,4,,0
4029,'1798',740,,20038,18,4,,0,70,,20040,18,4,,0,30,,20036,18,4,,0,71,,20039,18,4,,0,32,,20037,18,4,,0,869,,20044,18,4,,0,30,,20043,18,4,,0,71,,20045,18,4,,0,30,,20042,18,4,,0,70,,20035,18,4,,0,30,,20041,18,4,,0,70,,20033,18,4,,0,100,,20034,18,4,,0
4029,'1799',740,,20067,18,4,,0,70,,20069,18,4,,0,30,,20065,18,4,,0,71,,20068,18,4,,0,32,,20066,18,4,,0,869,,20073,18,4,,0,30,,20072,18,4,,0,71,,20074,18,4,,0,30,,20071,18,4,,0,70,,20064,18,4,,0,30,,20070,18,4,,0,70,,20062,18,4,,0,100,,20063,18,4,,0
4029,'1800',740,,20096,18,4,,0,70,,20098,18,4,,0,30,,20094,18,4,,0,71,,20097,18,4,,0,32,,20095,18,4,,0,869,,20102,18,4,,0,30,,20101,18,4,,0,71,,20103,18,4,,0,30,,20100,18,4,,0,70,,20093,18,4,,0,30,,20099,18,4,,0,70,,20091,18,4,,0,100,,20092,18,4,,0
502019,'1796',600,,22109,1,,,0,30,,22110,1,,,0,25,,22150,1,,,0,50,,22111,1,,,0,25,,22112,1,,,0,24,,22113,1,,,0,52,,22114,1,,,0,24,,22115,1,,,0,24,,22116,1,,,0,52,,22117,1,,,0,24,,22118,1,,,0,70,,22119,1,,,0,30,,22120,1,,,0,70,,22121,1,,,0,30,,22122,1,,,0,70,,22123,1,,,0,30,,22124,1,,,0,70,,22125,1,,,0,30,,22126,1,,,0,70,,22127,1,,,0,32,,22128,1,,,0,70,,22129,1,,,0,30,,22130,1,,,0,68,,22131,1,,,0,24,,22132,1,,,0,12,,22133,1,,,0,64,,22134,1,,,0,6,,22151,1,,,0,18,,22135,1,,,0,12,,22136,1,,,0,64,,22137,1,,,0,22,,22138,1,,,0,12,,22139,1,,,0,66,,22140,1,,,0,30,,22141,1,,,0,70,,22142,1,,,0,30,,22143,1,,,0,70,,22144,1,,,0,30,,22145,1,,,0,70,,22146,1,,,0,30,,22147,1,,,0,70,,22148,1,,,0,30,,22149,1,,,0
502019,'1797',630,,22159,1,,,0,70,,22166,1,,,0,30,,22158,1,,,0,70,,22167,1,,,0,30,,22157,1,,,0,70,,22168,1,,,0,30,,22156,1,,,0,70,,22169,1,,,0,30,,22177,1,,,0,70,,22170,1,,,0,30,,22178,1,,,0,70,,22171,1,,,0,30,,22179,1,,,0,70,,22172,1,,,0,30,,22180,1,,,0,70,,22173,1,,,0,30,,22181,1,,,0,70,,22174,1,,,0,30,,22182,1,,,0,70,,22175,1,,,0,30,,22183,1,,,0,70,,22176,1,,,0,30,,22184,1,,,0,70,,22160,1,,,0,30,,22185,1,,,0,70,,22162,1,,,0,100,,22161,1,,,0,30,,22155,1,,,0,70,,22163,1,,,0,30,,22154,1,,,0,70,,22164,1,,,0,30,,22153,1,,,0,70,,22165,1,,,0,30,,22152,1,,,0
502019,'1798',630,,22200,1,,,0,70,,22186,1,,,0,30,,22203,1,,,0,70,,22217,1,,,0,30,,22197,1,,,0,70,,22216,1,,,0,30,,22199,1,,,0,70,,22215,1,,,0,30,,22194,1,,,0,70,,22214,1,,,0,30,,22189,1,,,0,70,,22213,1,,,0,30,,22192,1,,,0,70,,22211,1,,,0,30,,22190,1,,,0,70,,22212,1,,,0,30,,22193,1,,,0,70,,22210,1,,,0,30,,22187,1,,,0,70,,22209,1,,,0,30,,22191,1,,,0,70,,22208,1,,,0,30,,22188,1,,,0,70,,22207,1,,,0,30,,22201,1,,,0,70,,22206,1,,,0,30,,22202,1,,,0,70,,22205,1,,,0,30,,22195,1,,,0,70,,22218,1,,,0,30,,22204,1,,,0,70,,22219,1,,,0,30,,22198,1,,,0,70,,22220,1,,,0,30,,22196,1,,,0
502019,'1799',630,,22235,1,,,0,70,,22221,1,,,0,30,,22238,1,,,0,70,,22252,1,,,0,30,,22232,1,,,0,70,,22251,1,,,0,30,,22234,1,,,0,70,,22250,1,,,0,30,,22229,1,,,0,70,,22249,1,,,0,30,,22224,1,,,0,70,,22248,1,,,0,30,,22227,1,,,0,70,,22246,1,,,0,30,,22225,1,,,0,70,,22247,1,,,0,30,,22228,1,,,0,70,,22245,1,,,0,30,,22222,1,,,0,70,,22244,1,,,0,30,,22226,1,,,0,70,,22243,1,,,0,30,,22223,1,,,0,70,,22242,1,,,0,30,,22236,1,,,0,70,,22241,1,,,0,30,,22237,1,,,0,70,,22240,1,,,0,30,,22230,1,,,0,70,,22253,1,,,0,30,,22239,1,,,0,70,,22254,1,,,0,30,,22233,1,,,0,70,,22255,1,,,0,30,,22231,1,,,0
502019,'1800',630,,22270,1,,,0,70,,22256,1,,,0,30,,22273,1,,,0,70,,22287,1,,,0,30,,22267,1,,,0,70,,22286,1,,,0,30,,22269,1,,,0,70,,22285,1,,,0,30,,22264,1,,,0,70,,22284,1,,,0,30,,22259,1,,,0,70,,22283,1,,,0,30,,22262,1,,,0,70,,22281,1,,,0,30,,22260,1,,,0,70,,22282,1,,,0,30,,22263,1,,,0,70,,22280,1,,,0,30,,22257,1,,,0,70,,22279,1,,,0,30,,22261,1,,,0,70,,22278,1,,,0,30,,22258,1,,,0,70,,22277,1,,,0,30,,22271,1,,,0,70,,22276,1,,,0,30,,22272,1,,,0,70,,22275,1,,,0,30,,22265,1,,,0,70,,22288,1,,,0,30,,22274,1,,,0,70,,22289,1,,,0,30,,22268,1,,,0,70,,22290,1,,,0,30,,22266,1,,,0
502029,'1796',555,,22291,16,4,,0,55,,22292,16,4,,0,15,,22293,16,4,,0,17,,22294,16,4,,0,7,,22295,16,4,,0,8,,22296,16,4,,0,56,,22297,16,4,,0,13,,22298,16,4,,0,13,,22299,16,4,,0,13,,22300,16,4,,0,7,,22301,16,4,,0,46,,22302,16,4,,0,12,,22303,16,4,,0,6,,17574,16,4,,0,6,,22304,16,4,,0,12,,22305,16,4,,0,12,,22306,16,4,,0,52,,22307,16,4,,0,10,,22308,16,4,,0,13,,22309,16,4,,0,14,,22310,16,4,,0,15,,22311,16,4,,0,55,,22312,16,4,,0,15,,22313,16,4,,0,15,,22314,16,4,,0,16,,22315,16,4,,0,55,,22316,16,4,,0,15,,22317,16,4,,0,16,,22318,16,4,,0,15,,22319,16,4,,0,55,,22320,16,4,,0,15,,22321,16,4,,0,15,,22322,16,4,,0,15,,22323,16,4,,0,55,,22324,16,4,,0,15,,22325,16,4,,0,15,,22326,16,4,,0,15,,22327,16,4,,0,55,,22328,16,4,,0,15,,22329,16,4,,0,16,,22330,16,4,,0,56,,22331,16,4,,0,15,,22332,16,4,,0,15,,22333,16,4,,0,15,,22334,16,4,,0,12,,22335,16,4,,0,52,,22336,16,4,,0,12,,22337,16,4,,0,12,,22338,16,4,,0,11,,22339,16,4,,0,12,,22340,16,4,,0,52,,22341,16,4,,0,12,,22342,16,4,,0,11,,22343,16,4,,0,11,,22344,16,4,,0,12,,22345,16,4,,0,52,,22346,16,4,,0,11,,22347,16,4,,0,12,,22348,16,4,,0,12,,22349,16,4,,0,15,,22350,16,4,,0,55,,22360,16,4,,0,14,,22351,16,4,,0,29,,22352,16,4,,0,70,,22353,16,4,,0,30,,22354,16,4,,0,70,,22355,16,4,,0,30,,22356,16,4,,0,70,,22357,16,4,,0,30,,22358,16,4,,0,70,,22359,16,4,,0
502029,'1797',627,,22368,16,4,,0,15,,22414,16,4,,0,15,,22375,16,4,,0,70,,22367,16,4,,0,30,,22376,16,4,,0,66,,22366,16,4,,0,30,,22377,16,4,,0,72,,22365,16,4,,0,30,,22378,16,4,,0,55,,22379,16,4,,0,15,,22405,16,4,,0,15,,22388,16,4,,0,15,,22397,16,4,,0,55,,22380,16,4,,0,16,,22406,16,4,,0,16,,22389,16,4,,0,15,,22398,16,4,,0,55,,22381,16,4,,0,15,,22407,16,4,,0,15,,22390,16,4,,0,15,,22399,16,4,,0,55,,22382,16,4,,0,15,,22408,16,4,,0,15,,22391,16,4,,0,15,,22400,16,4,,0,55,,22383,16,4,,0,16,,22409,16,4,,0,15,,22392,16,4,,0,15,,22401,16,4,,0,55,,22384,16,4,,0,15,,22410,16,4,,0,15,,22393,16,4,,0,15,,22402,16,4,,0,54,,22385,16,4,,0,14,,22411,16,4,,0,14,,22394,16,4,,0,15,,22403,16,4,,0,55,,22386,16,4,,0,15,,22412,16,4,,0,15,,22395,16,4,,0,15,,22370,16,4,,0,55,,22387,16,4,,0,15,,22404,16,4,,0,15,,22396,16,4,,0,15,,22371,16,4,,0,55,,22413,16,4,,0,45,,22372,16,4,,0,70,,22364,16,4,,0,30,,22373,16,4,,0,70,,22363,16,4,,0,30,,22369,16,4,,0,68,,22362,16,4,,0,30,,22374,16,4,,0,70,,22361,16,4,,0
502029,'1798',629,,22433,16,4,,0,28,,22415,16,4,,0,65,,22424,16,4,,0,30,,22449,16,4,,0,71,,22429,16,4,,0,30,,22448,16,4,,0,72,,22427,16,4,,0,30,,22447,16,4,,0,70,,22416,16,4,,0,30,,22446,16,4,,0,55,,22458,16,4,,0,16,,22417,16,4,,0,16,,22460,16,4,,0,15,,22445,16,4,,0,55,,22463,16,4,,0,15,,22418,16,4,,0,15,,22452,16,4,,0,15,,22444,16,4,,0,55,,22455,16,4,,0,15,,22419,16,4,,0,15,,22457,16,4,,0,15,,22443,16,4,,0,55,,22461,16,4,,0,16,,22420,16,4,,0,15,,22462,16,4,,0,15,,22442,16,4,,0,55,,22451,16,4,,0,15,,22421,16,4,,0,15,,22454,16,4,,0,15,,22441,16,4,,0,54,,22456,16,4,,0,14,,22422,16,4,,0,14,,22459,16,4,,0,15,,22440,16,4,,0,55,,22464,16,4,,0,15,,22423,16,4,,0,15,,22450,16,4,,0,15,,22439,16,4,,0,55,,22453,16,4,,0,15,,22432,16,4,,0,30,,22438,16,4,,0,70,,22430,16,4,,0,30,,22437,16,4,,0,70,,22425,16,4,,0,30,,22436,16,4,,0,70,,22426,16,4,,0,30,,22434,16,4,,0,68,,22431,16,4,,0,30,,22435,16,4,,0,70,,22428,16,4,,0
502029,'1799',629,,22483,16,4,,0,28,,22465,16,4,,0,65,,22474,16,4,,0,30,,22499,16,4,,0,71,,22479,16,4,,0,30,,22498,16,4,,0,72,,22477,16,4,,0,30,,22497,16,4,,0,70,,22466,16,4,,0,30,,22496,16,4,,0,55,,22508,16,4,,0,16,,22467,16,4,,0,16,,22510,16,4,,0,15,,22495,16,4,,0,55,,22513,16,4,,0,15,,22468,16,4,,0,15,,22502,16,4,,0,15,,22494,16,4,,0,55,,22505,16,4,,0,15,,22469,16,4,,0,15,,22507,16,4,,0,15,,22493,16,4,,0,55,,22511,16,4,,0,16,,22470,16,4,,0,15,,22512,16,4,,0,15,,22492,16,4,,0,55,,22501,16,4,,0,15,,22471,16,4,,0,15,,22504,16,4,,0,15,,22491,16,4,,0,54,,22506,16,4,,0,14,,22472,16,4,,0,14,,22509,16,4,,0,15,,22490,16,4,,0,55,,22514,16,4,,0,15,,22473,16,4,,0,15,,22500,16,4,,0,15,,22489,16,4,,0,55,,22503,16,4,,0,15,,22482,16,4,,0,30,,22488,16,4,,0,70,,22480,16,4,,0,30,,22487,16,4,,0,70,,22475,16,4,,0,30,,22486,16,4,,0,70,,22476,16,4,,0,30,,22484,16,4,,0,68,,22481,16,4,,0,30,,22485,16,4,,0,70,,22478,16,4,,0
502029,'1800',629,,22533,16,4,,0,28,,22515,16,4,,0,65,,22524,16,4,,0,30,,22549,16,4,,0,71,,22529,16,4,,0,30,,22548,16,4,,0,72,,22527,16,4,,0,30,,22547,16,4,,0,70,,22516,16,4,,0,30,,22546,16,4,,0,55,,22558,16,4,,0,16,,22517,16,4,,0,16,,22560,16,4,,0,15,,22545,16,4,,0,55,,22563,16,4,,0,15,,22518,16,4,,0,15,,22552,16,4,,0,15,,22544,16,4,,0,55,,22555,16,4,,0,15,,22519,16,4,,0,15,,22557,16,4,,0,15,,22543,16,4,,0,55,,22561,16,4,,0,16,,22520,16,4,,0,15,,22562,16,4,,0,15,,22542,16,4,,0,55,,22551,16,4,,0,15,,22521,16,4,,0,15,,22554,16,4,,0,15,,22541,16,4,,0,54,,22556,16,4,,0,14,,22522,16,4,,0,14,,22559,16,4,,0,15,,22540,16,4,,0,55,,22564,16,4,,0,15,,22523,16,4,,0,15,,22550,16,4,,0,15,,22539,16,4,,0,55,,22553,16,4,,0,15,,22532,16,4,,0,30,,22538,16,4,,0,70,,22530,16,4,,0,30,,22537,16,4,,0,70,,22525,16,4,,0,30,,22536,16,4,,0,70,,22526,16,4,,0,30,,22534,16,4,,0,68,,22531,16,4,,0,30,,22535,16,4,,0,70,,22528,16,4,,0
701019,'1796',1705,,22630,9,4,,0
14000001019,'1796',2426,2,23379,33,,,0,30,2,23377,33,,,0,70,2,19496,33,,,0,30,2,23378,33,,,0,70,2,23376,33,,,0
14000001019,'1797',2426,2,23383,33,,,0,30,2,23380,33,,,0,70,2,19502,33,,,0,30,2,23382,33,,,0,70,2,23381,33,,,0
14000001019,'1798',2426,2,23386,33,,,0,30,2,23385,33,,,0,70,2,19504,33,,,0,30,2,23387,33,,,0,70,2,23384,33,,,0
14000001019,'1799',2426,2,23390,33,,,0,30,2,23389,33,,,0,70,2,19509,33,,,0,30,2,23391,33,,,0,70,2,23388,33,,,0
14000001019,'1800',2426,2,23394,33,,,0,30,2,23393,33,,,0,70,2,19514,33,,,0,30,2,23395,33,,,0,70,2,23392,33,,,0
