1029,'1796',557,,19689,12,,,0,71,,13901,12,,,0,26,,19709,12,,,0,69,,19686,12,,,0,30,,19681,12,,,0,70,,19713,12,,,0,29,,19684,12,,,0,72,,19690,12,,,0,30,,19708,12,,,0,70,,19688,12,,,0,30,,19680,12,,,0,70,,19712,12,,,0,30,,19685,12,,,0,69,,19691,12,,,0,30,,19707,12,,,0,70,,19687,12,,,0,31,,19682,12,,,0,70,,19710,12,,,0,32,,19683,12,,,0,70,,19692,12,,,0,30,,19706,12,,,0,69,,19695,12,,,0,30,,19694,12,,,0,69,,19693,12,,,0,34,,19699,12,,,0,70,,19698,12,,,0,30,,19697,12,,,0,70,,19696,12,,,0,29,,19711,12,,,0,70,,19705,12,,,0,30,,19704,12,,,0,70,,19703,12,,,0,30,,19702,12,,,0,70,,19701,12,,,0,25,,19700,12,,,0
1029,'1797',559,,19719,12,,,0,68,,19731,12,,,0,30,,19738,12,,,0,70,,19726,12,,,0,30,,19747,12,,,0,70,,19735,12,,,0,30,,19718,12,,,0,71,,19730,12,,,0,30,,19741,12,,,0,70,,19725,12,,,0,30,,19748,12,,,0,70,,19734,12,,,0,30,,19717,12,,,0,70,,19729,12,,,0,30,,19740,12,,,0,70,,19724,12,,,0,30,,19720,12,,,0,70,,19733,12,,,0,30,,19716,12,,,0,70,,19728,12,,,0,29,,19736,12,,,0,70,,19723,12,,,0,30,,19745,12,,,0,70,,19732,12,,,0,30,,19715,12,,,0,70,,19727,12,,,0,30,,19739,12,,,0,70,,19721,12,,,0,30,,19743,12,,,0,70,,19742,12,,,0,30,,19714,12,,,0,70,,19722,12,,,0,29,,19737,12,,,0,70,,19746,12,,,0,30,,19744,12,,,0
1029,'1798',559,,19749,12,,,0,98,,19750,12,,,0,100,,19751,12,,,0,100,,19752,12,,,0,101,,19753,12,,,0,100,,19754,12,,,0,100,,19755,12,,,0,100,,19756,12,,,0,100,,19757,12,,,0,100,,19758,12,,,0,99,,19759,12,,,0,100,,19760,12,,,0,100,,19761,12,,,0,100,,19762,12,,,0,100,,19763,12,,,0,100,,19764,12,,,0,99,,19765,12,,,0,100,,19766,12,,,0
1029,'1799',559,,19767,12,,,0,98,,19768,12,,,0,100,,19769,12,,,0,100,,19770,12,,,0,101,,19771,12,,,0,100,,19772,12,,,0,100,,19773,12,,,0,100,,19774,12,,,0,100,,19775,12,,,0,100,,19776,12,,,0,99,,19777,12,,,0,100,,19778,12,,,0,100,,19779,12,,,0,100,,19780,12,,,0,100,,19781,12,,,0,100,,19782,12,,,0,99,,19783,12,,,0,100,,19784,12,,,0
1029,'1800',559,,19785,12,,,0,98,,19786,12,,,0,100,,19787,12,,,0,100,,19788,12,,,0,101,,19789,12,,,0,100,,19790,12,,,0,100,,19791,12,,,0,100,,19792,12,,,0,100,,19793,12,,,0,100,,19794,12,,,0,99,,19795,12,,,0,100,,19796,12,,,0,100,,19797,12,,,0,100,,19798,12,,,0,100,,19799,12,,,0,100,,19800,12,,,0,99,,19801,12,,,0,100,,19802,12,,,0
7019,'1796',536,,14820,14,,,0,103,,14821,14,,,0,70,,20282,14,,,0,32,,14830,14,,,0,71,,14823,14,,,0,31,,14831,14,,,0,68,,20283,14,,,0,30,,20288,14,,,0,70,,20284,14,,,0,30,,20289,14,,,0,70,,20285,14,,,0,30,,20290,14,,,0,70,,14827,14,,,0,30,,20291,14,,,0,70,,20286,14,,,0,30,,20292,14,,,0,71,,20287,14,,,0,32,,14849,14,,,0,73,,14850,14,,,0,27,,20298,14,,,0,70,,20299,14,,,0,30,,20293,14,,,0,68,,14839,14,,,0,30,,20294,14,,,0,70,,14841,14,,,0,28,,14842,14,,,0,70,,20295,14,,,0,28,,20296,14,,,0,70,,20297,14,,,0,30,,14846,14,,,0,100,,14847,14,,,0,99,,14848,14,,,0,100,,14840,14,,,0
7019,'1797',638,,14869,14,,,0,69,,20304,14,,,0,30,,20310,14,,,0,70,,20305,14,,,0,31,,20311,14,,,0,70,,20306,14,,,0,30,,14872,14,,,0,71,,20307,14,,,0,30,,20312,14,,,0,70,,20308,14,,,0,30,,20313,14,,,0,70,,14867,14,,,0,30,,14875,14,,,0,70,,20309,14,,,0,30,,20314,14,,,0,70,,14881,14,,,0,31,,20315,14,,,0,70,,14883,14,,,0,30,,14878,14,,,0,70,,20318,14,,,0,29,,20316,14,,,0,70,,20319,14,,,0,30,,20317,14,,,0,70,,20322,14,,,0,29,,14857,14,,,0,69,,20320,14,,,0,30,,20302,14,,,0,70,,20321,14,,,0,30,,20303,14,,,0,100,,14860,14,,,0,100,,14861,14,,,0
7019,'1798',737,,14896,14,,,0,101,,14897,14,,,0,100,,20330,14,,,0,101,,14898,14,,,0,100,,14899,14,,,0,100,,20327,14,,,0,100,,14901,14,,,0,101,,14902,14,,,0,100,,20328,14,,,0,99,,14904,14,,,0,100,,14892,14,,,0,99,,20325,14,,,0,99,,14891,14,,,0,100,,14895,14,,,0,100,,20326,14,,,0
7019,'1799',737,,14931,14,,,0,101,,14932,14,,,0,100,,20352,14,,,0,101,,14933,14,,,0,100,,14934,14,,,0,100,,20349,14,,,0,100,,14936,14,,,0,101,,14937,14,,,0,100,,20350,14,,,0,99,,14939,14,,,0,100,,14927,14,,,0,99,,20347,14,,,0,99,,14926,14,,,0,100,,14930,14,,,0,100,,20348,14,,,0
7019,'1800',737,,14966,14,,,0,101,,14967,14,,,0,100,,20374,14,,,0,101,,14968,14,,,0,100,,14969,14,,,0,100,,20371,14,,,0,100,,14971,14,,,0,101,,14972,14,,,0,100,,20372,14,,,0,99,,14974,14,,,0,100,,14962,14,,,0,99,,20369,14,,,0,99,,14961,14,,,0,100,,14965,14,,,0,100,,20370,14,,,0
