2029,'1796',549,,14191,37,,,0,67,,14165,52,,,0,31,,14166,52,,,0,70,,14167,52,,,0,30,,14168,52,,,0,70,,14169,52,,,0,30,,14170,52,,,0,70,,14171,52,,,0,30,,14172,52,,,0,70,,14173,52,,,0,30,,14174,52,,,0,70,,14175,52,,,0,30,,14176,52,,,0,70,,14177,52,,,0,30,,14178,52,,,0,70,,14179,52,,,0,30,,14180,52,,,0,70,,14181,52,,,0,30,,14182,52,,,0,70,,14183,52,,,0,30,,14184,52,,,0,70,,14185,52,,,0,30,,14186,52,,,0,70,,14187,52,,,0,31,,14188,52,,,0,69,,14189,52,,,0,30,,14190,52,,,0,70,,14194,52,,,0,30,,14195,52,,,0,100,,14196,52,,,0,100,,14197,52,,,0,100,,14193,52,,,0
2029,'1797',647,,14214,52,,,0,70,,14221,52,,,0,30,,14200,52,,,0,70,,14206,52,,,0,30,,14215,52,,,0,70,,14222,52,,,0,30,,14201,52,,,0,70,,14207,52,,,0,30,,14216,52,,,0,70,,14223,52,,,0,30,,14202,52,,,0,70,,14208,52,,,0,30,,14217,52,,,0,70,,14224,52,,,0,30,,14203,52,,,0,70,,14209,52,,,0,30,,14218,52,,,0,70,,14225,52,,,0,30,,14204,52,,,0,70,,14210,52,,,0,30,,14219,52,,,0,70,,14226,52,,,0,30,,14205,52,,,0,70,,14211,52,,,0,30,,14220,52,,,0,70,,14227,52,,,0,30,,14212,52,,,0,100,,14228,52,,,0,100,,14213,52,,,0,99,,14229,52,,,0
2029,'1798',647,,14235,52,,,0,70,,14243,52,,,0,30,,14254,52,,,0,70,,14249,52,,,0,30,,14236,52,,,0,70,,14244,52,,,0,30,,14255,52,,,0,70,,14250,52,,,0,30,,14237,52,,,0,70,,14245,52,,,0,30,,14256,52,,,0,70,,14251,52,,,0,30,,14238,52,,,0,70,,14246,52,,,0,30,,14257,52,,,0,70,,14252,52,,,0,30,,14239,52,,,0,70,,14247,52,,,0,30,,14258,52,,,0,70,,14253,52,,,0,30,,14240,52,,,0,70,,14248,52,,,0,30,,14259,52,,,0,100,,14241,52,,,0,100,,14260,52,,,0,100,,14242,52,,,0,100,,14261,52,,,0,100,,14234,52,,,0
2029,'1799',647,,14267,52,,,0,70,,14275,52,,,0,30,,14286,52,,,0,70,,14281,52,,,0,30,,14268,52,,,0,70,,14276,52,,,0,30,,14287,52,,,0,70,,14282,52,,,0,30,,14269,52,,,0,70,,14277,52,,,0,30,,14288,52,,,0,70,,14283,52,,,0,30,,14270,52,,,0,70,,14278,52,,,0,30,,14289,52,,,0,70,,14284,52,,,0,30,,14271,52,,,0,70,,14279,52,,,0,30,,14290,52,,,0,70,,14285,52,,,0,30,,14272,52,,,0,70,,14280,52,,,0,30,,14291,52,,,0,100,,14273,52,,,0,100,,14292,52,,,0,100,,14274,52,,,0,100,,14293,52,,,0,100,,14266,52,,,0
2029,'1800',647,,14299,52,,,0,70,,14307,52,,,0,30,,14318,52,,,0,70,,14313,52,,,0,30,,14300,52,,,0,70,,14308,52,,,0,30,,14319,52,,,0,70,,14314,52,,,0,30,,14301,52,,,0,70,,14309,52,,,0,30,,14320,52,,,0,70,,14315,52,,,0,30,,14302,52,,,0,70,,14310,52,,,0,30,,14321,52,,,0,70,,14316,52,,,0,30,,14303,52,,,0,70,,14311,52,,,0,30,,14322,52,,,0,70,,14317,52,,,0,30,,14304,52,,,0,70,,14312,52,,,0,30,,14323,52,,,0,100,,14305,52,,,0,100,,14324,52,,,0,100,,14306,52,,,0,100,,14325,52,,,0,100,,14298,52,,,0
31019,'1796',631,,21374,3,,,0,70,,21389,3,,,0,30,,21402,3,,,0,71,,21385,3,,,0,30,,21382,3,,,0,69,,21396,3,,,0,30,,21377,3,,,0,70,,21390,3,,,0,30,,21401,3,,,0,70,,21388,3,,,0,30,,21383,3,,,0,70,,21395,3,,,0,30,,21376,3,,,0,70,,21391,3,,,0,30,,21400,3,,,0,70,,21386,3,,,0,30,,21380,3,,,0,71,,21394,3,,,0,30,,21378,3,,,0,70,,21392,3,,,0,30,,21399,3,,,0,70,,21387,3,,,0,30,,21381,3,,,0,69,,21393,3,,,0,30,,21375,3,,,0,70,,21410,3,,,0,30,,21398,3,,,0,70,,21405,3,0,5 2 8 7,0,30,,21384,3,,,0,70,,21406,3,0,5 2 8 7,0,30,,21379,3,,,0,70,,21408,3,0,5 2 8 7,0,30,,21397,3,,,0,70,,21407,3,0,5 2 8 7,0,25,,21403,3,0,5 2 8 7,0
31019,'1797',631,,21416,3,,,0,70,,21432,3,,,0,30,,21445,3,,,0,70,,21428,3,,,0,30,,21422,3,,,0,70,,21438,3,,,0,30,,21415,3,,,0,70,,21431,3,,,0,30,,21440,3,,,0,70,,21427,3,,,0,30,,21421,3,,,0,70,,21437,3,,,0,30,,21414,3,,,0,70,,21430,3,,,0,30,,21443,3,,,0,70,,21426,3,,,0,30,,21420,3,,,0,70,,21436,3,,,0,30,,21413,3,,,0,70,,21429,3,,,0,30,,21442,3,,,0,70,,21425,3,,,0,30,,21419,3,,,0,70,,21435,3,,,0,30,,21412,3,,,0,70,,21447,3,,,0,30,,21441,3,,,0,70,,21424,3,0,5 2 8 7,0,30,,21418,3,,,0,70,,21434,3,0,5 2 8 7,0,30,,21411,3,,,0,70,,21423,3,0,5 2 8 7,0,30,,21444,3,,,0,70,,21433,3,0,5 2 8 7,0,25,,21417,3,0,5 2 8 7,0
31019,'1798',631,,21448,3,,,0,100,,21449,3,,,0,100,,21450,3,,,0,100,,21451,3,,,0,100,,21452,3,,,0,100,,21453,3,,,0,100,,21454,3,,,0,100,,21455,3,,,0,100,,21456,3,,,0,100,,21457,3,,,0,100,,21458,3,,,0,100,,21459,3,,,0,100,,21460,3,,,0,100,,21461,3,,,0,100,,21462,3,,,0,100,,21463,3,,,0,100,,21464,3,,,0,95,,21466,3,0,5 2 8 7,0
31019,'1799',631,,21467,3,,,0,100,,21468,3,,,0,100,,21469,3,,,0,100,,21470,3,,,0,100,,21471,3,,,0,100,,21472,3,,,0,100,,21473,3,,,0,100,,21474,3,,,0,100,,21475,3,,,0,100,,21476,3,,,0,100,,21477,3,,,0,100,,21478,3,,,0,100,,21479,3,,,0,100,,21480,3,,,0,100,,21481,3,,,0,100,,21482,3,,,0,100,,21483,3,,,0,95,,21485,3,0,5 2 8 7,0
31019,'1800',631,,21486,3,,,0,100,,21487,3,,,0,100,,21488,3,,,0,100,,21489,3,,,0,100,,21490,3,,,0,100,,21491,3,,,0,100,,21492,3,,,0,100,,21493,3,,,0,100,,21494,3,,,0,100,,21495,3,,,0,100,,21496,3,,,0,100,,21497,3,,,0,100,,21498,3,,,0,100,,21499,3,,,0,100,,21500,3,,,0,100,,21501,3,,,0,100,,21502,3,,,0,95,,21504,3,0,5 2 8 7,0
14000001029,'1796',453,,19519,36,0,18 7,0,102,,23396,36,0,18 7,0,1852,,23398,36,,,0,30,,19523,36,,,0,70,,23400,36,,,0,30,,23397,36,,,0,70,,19524,36,,,0,30,,23399,36,,,0
14000001029,'1797',553,,19531,36,0,18 7,0,1854,,23404,36,,,0,30,,19528,36,,,0,70,,23401,36,,,0,30,,23402,36,,,0,70,,19532,36,,,0,30,,23403,36,,,0
14000001029,'1798',553,,23409,36,0,18 7,0,1854,,23405,36,,,0,30,,19538,36,,,0,70,,23408,36,,,0,30,,23407,36,,,0,70,,19537,36,,,0,30,,23406,36,,,0
14000001029,'1799',553,,23414,36,0,18 7,0,1854,,23410,36,,,0,30,,19545,36,,,0,70,,23413,36,,,0,30,,23412,36,,,0,70,,19544,36,,,0,30,,23411,36,,,0
14000001029,'1800',553,,23419,36,0,18 7,0,1854,,23415,36,,,0,30,,19552,36,,,0,70,,23418,36,,,0,30,,23417,36,,,0,70,,19551,36,,,0,30,,23416,36,,,0
