4029,'1796',634,,19953,14,,,0,70,,19954,14,,,0,33,,19955,14,,,0,65,,19956,14,,,0,36,,19957,14,,,0,64,,19958,14,,,0,31,,19959,14,,,0,70,,19960,14,,,0,30,,19961,14,,,0,70,,19962,14,,,0,30,,19963,14,,,0,71,,19964,14,,,0,30,,19965,14,,,0,70,,19966,14,,,0,30,,19967,14,,,0,70,,19968,14,,,0,30,,19969,14,,,0,75,,19970,14,,,0,25,,19971,14,,,0,76,,19972,14,,,0,24,,19973,14,,,0,76,,19974,14,,,0,24,,19975,14,,,0,77,,19976,14,,,0,26,,19977,14,,,0,69,,19978,14,,,0,29,,19979,14,,,0,71,,19980,14,,,0,29,,19981,14,,,0,70,,19982,14,,,0,30,,19983,14,,,0,70,,19984,14,,,0
4029,'1797',636,,20009,14,,,0,68,,20010,14,,,0,30,,20011,14,,,0,70,,20012,14,,,0,30,,20013,14,,,0,70,,20014,14,,,0,30,,20015,14,,,0,70,,20002,14,,,0,31,,19996,14,,,0,69,,19989,14,,,0,30,,20000,14,,,0,69,,20006,14,,,0,30,,20001,14,,,0,70,,19988,14,,,0,30,,19993,14,,,0,70,,20004,14,,,0,30,,19987,14,,,0,70,,20003,14,,,0,30,,19998,14,,,0,70,,19990,14,,,0,30,,19985,14,,,0,70,,20005,14,,,0,30,,20008,14,,,0,70,,19999,14,,,0,30,,19994,14,,,0,69,,20016,14,,,0,35,,19991,14,,,0,70,,19986,14,,,0,27,,19992,14,,,0,70,,19997,14,,,0,30,,20007,14,,,0,70,,19995,14,,,0
4029,'1798',734,,20038,14,,,0,70,,20040,14,,,0,30,,20036,14,,,0,70,,20039,14,,,0,30,,20037,14,,,0,70,,20029,14,,,0,29,,20032,14,,,0,70,,20017,14,,,0,30,,20022,14,,,0,70,,20025,14,,,0,30,,20028,14,,,0,70,,20030,14,,,0,30,,20018,14,,,0,70,,20021,14,,,0,30,,20024,14,,,0,70,,20027,14,,,0,30,,20031,14,,,0,70,,20019,14,,,0,30,,20020,14,,,0,70,,20023,14,,,0,30,,20026,14,,,0,70,,20044,14,,,0,30,,20043,14,,,0,71,,20045,14,,,0,30,,20042,14,,,0,70,,20035,14,,,0,30,,20041,14,,,0,70,,20033,14,,,0,100,,20034,14,,,0
4029,'1799',734,,20067,14,,,0,70,,20069,14,,,0,30,,20065,14,,,0,70,,20068,14,,,0,30,,20066,14,,,0,70,,20058,14,,,0,29,,20061,14,,,0,70,,20046,14,,,0,30,,20051,14,,,0,70,,20054,14,,,0,30,,20057,14,,,0,70,,20059,14,,,0,30,,20047,14,,,0,70,,20050,14,,,0,30,,20053,14,,,0,70,,20056,14,,,0,30,,20060,14,,,0,70,,20048,14,,,0,30,,20049,14,,,0,70,,20052,14,,,0,30,,20055,14,,,0,70,,20073,14,,,0,30,,20072,14,,,0,71,,20074,14,,,0,30,,20071,14,,,0,70,,20064,14,,,0,30,,20070,14,,,0,70,,20062,14,,,0,100,,20063,14,,,0
4029,'1800',734,,20096,14,,,0,70,,20098,14,,,0,30,,20094,14,,,0,70,,20097,14,,,0,30,,20095,14,,,0,70,,20087,14,,,0,29,,20090,14,,,0,70,,20075,14,,,0,30,,20080,14,,,0,70,,20083,14,,,0,30,,20086,14,,,0,70,,20088,14,,,0,30,,20076,14,,,0,70,,20079,14,,,0,30,,20082,14,,,0,70,,20085,14,,,0,30,,20089,14,,,0,70,,20077,14,,,0,30,,20078,14,,,0,70,,20081,14,,,0,30,,20084,14,,,0,70,,20102,14,,,0,30,,20101,14,,,0,71,,20103,14,,,0,30,,20100,14,,,0,70,,20093,14,,,0,30,,20099,14,,,0,70,,20091,14,,,0,100,,20092,14,,,0
16019,'1796',634,,20843,23,,,0,70,,20844,23,,,0,31,,20845,23,,,0,70,,15782,23,,,0,30,,15783,23,,,0,69,,20846,23,,,0,30,,20847,23,,,0,70,,20848,23,,,0,30,,20849,23,,,0,70,,20850,23,,,0,30,,20851,23,,,0,70,,20852,23,,,0,30,,20853,23,,,0,71,,20854,23,,,0,30,,20855,23,,,0,70,,20856,23,,,0,30,,20857,23,,,0,70,,20858,23,,,0,30,,20859,23,,,0,70,,20860,23,,,0,30,,20861,23,,,0,69,,20862,23,,,0,30,,20863,23,,,0,70,,20864,23,,,0,30,,15803,23,,,0,70,,20865,23,,,0,30,,20866,23,,,0,70,,20867,23,,,0,30,,15807,23,,,0,70,,20868,23,,,0,29,,20841,23,,,0,70,,15777,23,,,0,30,,20842,23,,,0
16019,'1797',632,,15832,23,,,0,70,,15828,23,,,0,30,,15836,23,,,0,70,,15820,23,,,0,31,,15834,23,,,0,70,,15815,23,,,0,30,,15813,23,,,0,70,,15810,23,,,0,30,,15821,23,,,0,70,,15831,23,,,0,30,,15825,23,,,0,70,,15833,23,,,0,30,,15817,23,,,0,70,,15835,23,,,0,30,,15812,23,,,0,70,,15823,23,,,0,31,,15822,23,,,0,70,,15826,23,,,0,30,,15827,23,,,0,70,,15811,23,,,0,30,,15819,23,,,0,70,,15829,23,,,0,29,,15814,23,,,0,70,,15818,23,,,0,30,,15824,23,,,0,70,,15838,23,,,0,30,,15830,23,,,0,69,,15837,23,,,0,30,,15816,23,,,0,70,,15840,23,,,0,100,,15839,23,,,0,30,,15809,23,,,0
16019,'1798',802,,20869,23,,,0,101,,20872,23,,,0,100,,20880,23,,,0,100,,20879,23,,,0,100,,20870,23,,,0,100,,20873,23,,,0,100,,20874,23,,,0,101,,20877,23,,,0,100,,20876,23,,,0,100,,20871,23,,,0,99,,20878,23,,,0,100,,15852,23,,,0,99,,20875,23,,,0,100,,15846,23,,,0,100,,20881,23,,,0
16019,'1799',802,,20882,23,,,0,101,,20885,23,,,0,100,,20893,23,,,0,100,,20892,23,,,0,100,,20883,23,,,0,100,,20886,23,,,0,100,,20887,23,,,0,101,,20890,23,,,0,100,,20889,23,,,0,100,,20884,23,,,0,99,,20891,23,,,0,100,,15867,23,,,0,99,,20888,23,,,0,100,,15861,23,,,0,100,,20894,23,,,0
16019,'1800',802,,20895,23,,,0,101,,20898,23,,,0,100,,20906,23,,,0,100,,20905,23,,,0,100,,20896,23,,,0,100,,20899,23,,,0,100,,20900,23,,,0,101,,20903,23,,,0,100,,20902,23,,,0,100,,20897,23,,,0,99,,20904,23,,,0,100,,15882,23,,,0,99,,20901,23,,,0,100,,15876,23,,,0,100,,20907,23,,,0
31019,'1796',558,,21409,4,,,0,66,,21404,4,,,0,25,,21374,16,,,0,71,,21389,16,,,0,29,,21402,16,,,0,70,,21385,16,,,0,30,,21382,16,,,0,69,,21396,16,,,0,30,,21377,16,,,0,72,,21390,16,,,0,28,,21401,16,,,0,70,,21388,16,,,0,30,,21383,16,,,0,70,,21395,16,,,0,30,,21376,16,,,0,70,,21391,16,,,0,30,,21400,16,,,0,70,,21386,16,,,0,30,,21380,16,,,0,71,,21394,16,,,0,30,,21378,16,,,0,70,,21392,16,,,0,30,,21399,16,,,0,69,,21387,16,,,0,30,,21381,16,,,0,71,,21393,16,,,0,30,,21375,16,,,0,70,,21410,16,,,0,30,,21398,16,,,0,100,,21384,16,,,0,100,,21379,16,,,0,100,,21397,16,,,0
31019,'1797',558,,21446,4,,,0,66,,21439,4,,,0,24,,21416,16,,,0,70,,21432,16,,,0,30,,21445,16,,,0,71,,21428,16,,,0,30,,21422,16,,,0,70,,21438,16,,,0,30,,21415,16,,,0,70,,21431,16,,,0,30,,21440,16,,,0,70,,21427,16,,,0,30,,21421,16,,,0,70,,21437,16,,,0,30,,21414,16,,,0,70,,21430,16,,,0,30,,21443,16,,,0,70,,21426,16,,,0,30,,21420,16,,,0,70,,21436,16,,,0,30,,21413,16,,,0,70,,21429,16,,,0,30,,21442,16,,,0,70,,21425,16,,,0,30,,21419,16,,,0,70,,21435,16,,,0,30,,21412,16,,,0,70,,21447,16,,,0,30,,21441,16,,,0,100,,21418,16,,,0,99,,21411,16,,,0,100,,21444,16,,,0
31019,'1798',558,,21465,4,,,0,90,,21448,16,,,0,100,,21449,16,,,0,101,,21450,16,,,0,100,,21451,16,,,0,100,,21452,16,,,0,100,,21453,16,,,0,100,,21454,16,,,0,100,,21455,16,,,0,100,,21456,16,,,0,100,,21457,16,,,0,100,,21458,16,,,0,100,,21459,16,,,0,100,,21460,16,,,0,100,,21461,16,,,0,100,,21462,16,,,0,99,,21463,16,,,0,100,,21464,16,,,0
31019,'1799',558,,21484,4,,,0,90,,21467,16,,,0,100,,21468,16,,,0,101,,21469,16,,,0,100,,21470,16,,,0,100,,21471,16,,,0,100,,21472,16,,,0,100,,21473,16,,,0,100,,21474,16,,,0,100,,21475,16,,,0,100,,21476,16,,,0,100,,21477,16,,,0,100,,21478,16,,,0,100,,21479,16,,,0,100,,21480,16,,,0,100,,21481,16,,,0,99,,21482,16,,,0,100,,21483,16,,,0
31019,'1800',558,,21503,4,,,0,90,,21486,16,,,0,100,,21487,16,,,0,101,,21488,16,,,0,100,,21489,16,,,0,100,,21490,16,,,0,100,,21491,16,,,0,100,,21492,16,,,0,100,,21493,16,,,0,100,,21494,16,,,0,100,,21495,16,,,0,100,,21496,16,,,0,100,,21497,16,,,0,100,,21498,16,,,0,100,,21499,16,,,0,100,,21500,16,,,0,99,,21501,16,,,0,100,,21502,16,,,0
501019,'1796',523,,21636,3,,,0,92,,21637,9,,,0,30,,21638,9,,,0,76,,21639,9,,,0,25,,21640,9,,,0,64,,21641,9,,,0,12,,21642,9,,,0,24,,21643,9,,,0,62,,21644,9,,,0,11,,21645,9,,,0,30,,21646,9,,,0,70,,21647,9,,,0,30,,21648,9,,,0,71,,21649,9,,,0,30,,21650,9,,,0,70,,21651,9,,,0,30,,21652,9,,,0,70,,21653,9,,,0,30,,21654,9,,,0,70,,21655,9,,,0,26,,21656,9,,,0,12,,21657,9,,,0,62,,21658,9,,,0,24,,21659,9,,,0,12,,21660,9,,,0,64,,21661,9,,,0,24,,21662,9,,,0,12,,21663,9,,,0,64,,21664,9,,,0,23,,21665,9,,,0,12,,21666,9,,,0,66,,21667,9,,,0,28,,21668,9,,,0,70,,21669,9,,,0,29,,21670,9,,,0,70,,21671,9,,,0,30,,21672,9,,,0,68,,21673,9,,,0,30,,21674,9,,,0,68,,21675,9,,,0,30,,21676,9,,,0,70,,21677,9,,,0
501019,'1797',618,,21687,9,,,0,30,,21690,9,,,0,67,,21686,9,,,0,30,,21689,9,,,0,70,,21685,9,,,0,31,,21691,9,,,0,70,,21684,9,,,0,30,,21688,9,,,0,72,,21697,9,,,0,30,,21707,9,,,0,71,,21698,9,,,0,30,,21708,9,,,0,70,,21699,9,,,0,30,,21709,9,,,0,70,,21700,9,,,0,30,,21710,9,,,0,70,,21701,9,,,0,31,,21711,9,,,0,70,,21702,9,,,0,30,,21712,9,,,0,70,,21703,9,,,0,30,,21705,9,,,0,70,,21704,9,,,0,30,,21706,9,,,0,70,,21683,9,,,0,28,,21696,9,,,0,70,,21682,9,,,0,30,,21694,9,,,0,67,,21681,9,,,0,30,,21695,9,,,0,70,,21680,9,,,0,30,,21692,9,,,0,69,,21679,9,,,0,30,,21693,9,,,0,70,,21678,9,,,0
501019,'1798',618,,21728,9,,,0,30,,21742,9,,,0,67,,21727,9,,,0,30,,21741,9,,,0,70,,21730,9,,,0,31,,21743,9,,,0,70,,21731,9,,,0,30,,21740,9,,,0,72,,21719,9,,,0,30,,21732,9,,,0,71,,21718,9,,,0,30,,21733,9,,,0,70,,21721,9,,,0,30,,21734,9,,,0,70,,21717,9,,,0,30,,21739,9,,,0,70,,21716,9,,,0,30,,21738,9,,,0,70,,21715,9,,,0,30,,21735,9,,,0,70,,21714,9,,,0,30,,21737,9,,,0,70,,21720,9,,,0,30,,21736,9,,,0,69,,21729,9,,,0,30,,21744,9,,,0,69,,21726,9,,,0,30,,21747,9,,,0,69,,21725,9,,,0,30,,21713,9,,,0,70,,21724,9,,,0,30,,21745,9,,,0,68,,21723,9,,,0,30,,21746,9,,,0,70,,21722,9,,,0
501019,'1799',618,,21763,9,,,0,30,,21777,9,,,0,67,,21762,9,,,0,30,,21776,9,,,0,70,,21765,9,,,0,31,,21778,9,,,0,70,,21766,9,,,0,30,,21775,9,,,0,72,,21754,9,,,0,30,,21767,9,,,0,71,,21753,9,,,0,30,,21768,9,,,0,70,,21756,9,,,0,30,,21769,9,,,0,70,,21752,9,,,0,30,,21774,9,,,0,70,,21751,9,,,0,30,,21773,9,,,0,70,,21750,9,,,0,30,,21770,9,,,0,70,,21749,9,,,0,30,,21772,9,,,0,70,,21755,9,,,0,30,,21771,9,,,0,69,,21764,9,,,0,30,,21779,9,,,0,69,,21761,9,,,0,30,,21782,9,,,0,69,,21760,9,,,0,30,,21748,9,,,0,70,,21759,9,,,0,30,,21780,9,,,0,68,,21758,9,,,0,30,,21781,9,,,0,70,,21757,9,,,0
501019,'1800',618,,21798,9,,,0,30,,21812,9,,,0,67,,21797,9,,,0,30,,21811,9,,,0,70,,21800,9,,,0,31,,21813,9,,,0,70,,21801,9,,,0,30,,21810,9,,,0,72,,21789,9,,,0,30,,21802,9,,,0,71,,21788,9,,,0,30,,21803,9,,,0,70,,21791,9,,,0,30,,21804,9,,,0,70,,21787,9,,,0,30,,21809,9,,,0,70,,21786,9,,,0,30,,21808,9,,,0,70,,21785,9,,,0,30,,21805,9,,,0,70,,21784,9,,,0,30,,21807,9,,,0,70,,21790,9,,,0,30,,21806,9,,,0,69,,21799,9,,,0,30,,21814,9,,,0,69,,21796,9,,,0,30,,21817,9,,,0,69,,21795,9,,,0,30,,21783,9,,,0,70,,21794,9,,,0,30,,21815,9,,,0,68,,21793,9,,,0,30,,21816,9,,,0,70,,21792,9,,,0
