1019,'1796',550,,13774,25,,,0,70,,19586,25,,,0,30,,19562,25,,,0,70,,19557,25,,,0,31,,19575,25,,,0,71,,19559,25,,,0,30,,19564,25,,,0,70,,19589,25,,,0,30,,19561,25,,,0,70,,19555,25,,,0,31,,19574,25,,,0,70,,19560,25,,,0,30,,19565,25,,,0,70,,19585,25,,,0,30,,19563,25,,,0,70,,19556,25,,,0,30,,19587,25,,,0,71,,19558,25,,,0,30,,19566,25,,,0,70,,19584,25,,,0,29,,19577,25,,,0,70,,19569,25,,,0,30,,19567,25,,,0,69,,19570,25,,,0,30,,19572,25,,,0,70,,19571,25,,,0,29,,19568,25,,,0,70,,19588,25,,,0,30,,19582,25,,,0,70,,19583,25,,,0,30,,19581,25,,,0,70,,19580,25,,,0,34,,19579,25,,,0,70,,19578,25,,,0,30,,19576,25,,,0,65,,19573,25,,,0
1019,'1797',550,,19601,25,,,0,70,,19615,25,,,0,30,,19600,25,,,0,70,,19620,25,,,0,31,,19610,25,,,0,70,,19594,25,,,0,30,,19616,25,,,0,70,,19618,25,,,0,30,,19599,25,,,0,70,,19621,25,,,0,30,,19609,25,,,0,70,,19593,25,,,0,30,,19604,25,,,0,70,,19614,25,,,0,30,,19598,25,,,0,70,,19622,25,,,0,30,,19608,25,,,0,70,,19592,25,,,0,30,,19603,25,,,0,70,,19613,25,,,0,30,,19597,25,,,0,70,,19623,25,,,0,30,,19607,25,,,0,70,,19591,25,,,0,30,,19602,25,,,0,70,,19612,25,,,0,30,,19595,25,,,0,70,,19624,25,,,0,30,,19605,25,,,0,70,,19590,25,,,0,30,,19596,25,,,0,70,,19611,25,,,0,33,,19606,25,,,0,70,,19625,25,,,0,30,,19619,25,,,0,65,,19617,25,,,0
1019,'1798',620,,19626,25,,,0,100,,19627,25,,,0,101,,19628,25,,,0,100,,19629,25,,,0,100,,19630,25,,,0,100,,19631,25,,,0,100,,19632,25,,,0,100,,19633,25,,,0,100,,19634,25,,,0,100,,19635,25,,,0,100,,19636,25,,,0,100,,19637,25,,,0,100,,19638,25,,,0,100,,19639,25,,,0,100,,19640,25,,,0,100,,19641,25,,,0,103,,19642,25,,,0,95,,19643,25,,,0
1019,'1799',620,,19644,25,,,0,100,,19645,25,,,0,101,,19646,25,,,0,100,,19647,25,,,0,100,,19648,25,,,0,100,,19649,25,,,0,100,,19650,25,,,0,100,,19651,25,,,0,100,,19652,25,,,0,100,,19653,25,,,0,100,,19654,25,,,0,100,,19655,25,,,0,100,,19656,25,,,0,100,,19657,25,,,0,100,,19658,25,,,0,100,,19659,25,,,0,103,,19660,25,,,0,95,,19661,25,,,0
1019,'1800',620,,19662,25,,,0,100,,19663,25,,,0,101,,19664,25,,,0,100,,19665,25,,,0,100,,19666,25,,,0,100,,19667,25,,,0,100,,19668,25,,,0,100,,19669,25,,,0,100,,19670,25,,,0,100,,19671,25,,,0,100,,19672,25,,,0,100,,19673,25,,,0,100,,19674,25,,,0,100,,19675,25,,,0,100,,19676,25,,,0,100,,19677,25,,,0,103,,19678,25,,,0,95,,19679,25,,,0
802019,'1796',608,,19265,4,,,0,45,,23285,4,,,0,70,,23284,4,,,0,20,,23287,4,,,0,60,,23264,4,,,0,30,,19259,4,,,0,70,,23265,4,,,0,30,,23266,4,,,0,70,,19233,4,,,0,30,,23267,4,,,0,70,,23268,4,,,0,30,,23269,4,,,0,71,,23270,4,,,0,30,,23271,4,,,0,70,,23272,4,,,0,30,,23273,4,,,0,70,,23274,4,,,0,30,,23275,4,,,0,70,,19243,4,,,0,20,,23276,4,,,0,20,,19245,4,,,0,60,,19261,4,,,0,20,,19246,4,,,0,20,,19247,4,,,0,60,,23277,4,,,0,20,,23278,4,,,0,20,,23286,4,,,0,60,,19250,4,,,0,20,,23279,4,,,0,20,,19252,4,,,0,60,,19253,4,,,0,30,,23280,4,,,0,69,,23281,4,,,0,25,,19256,4,,,0,30,,23282,4,,,0,70,,23283,4,,,0
802019,'1797',834,,19292,4,,,0,70,,23295,4,,,0,30,,19288,4,,,0,70,,19289,4,,,0,30,,23293,4,,,0,70,,19270,4,,,0,30,,19283,4,,,0,70,,23292,4,,,0,30,,19269,4,,,0,70,,19282,4,,,0,30,,23290,4,,,0,70,,19271,4,,,0,30,,19281,4,,,0,70,,23291,4,,,0,30,,19267,4,,,0,70,,19280,4,,,0,30,,23289,4,,,0,70,,19268,4,,,0,30,,19279,4,,,0,70,,23288,4,,,0,30,,19266,4,,,0,70,,19278,4,,,0,30,,23294,4,,,0,70,,19285,4,,,0,30,,19286,4,,,0,70,,23296,4,,,0,30,,19290,4,,,0
802019,'1798',834,,19294,4,,,0,70,,19306,4,,,0,30,,23297,4,,,0,70,,19295,4,,,0,30,,19300,4,,,0,70,,19304,4,,,0,30,,19311,4,,,0,70,,19315,4,,,0,30,,19303,4,,,0,70,,19305,4,,,0,30,,19316,4,,,0,70,,19310,4,,,0,30,,19299,4,,,0,70,,19314,4,,,0,30,,19309,4,,,0,70,,19297,4,,,0,30,,19313,4,,,0,70,,19293,4,,,0,30,,19312,4,,,0,70,,19319,4,,,0,30,,19308,4,,,0,70,,19298,4,,,0,30,,19317,4,,,0,70,,19301,4,,,0,30,,19296,4,,,0,70,,19318,4,,,0,30,,19302,4,,,0
802019,'1799',834,,19321,4,,,0,70,,19333,4,,,0,30,,23298,4,,,0,70,,19322,4,,,0,30,,19327,4,,,0,70,,19331,4,,,0,30,,19338,4,,,0,70,,19342,4,,,0,30,,19330,4,,,0,70,,19332,4,,,0,30,,19343,4,,,0,70,,19337,4,,,0,30,,19326,4,,,0,70,,19341,4,,,0,30,,19336,4,,,0,70,,19324,4,,,0,30,,19340,4,,,0,70,,19320,4,,,0,30,,19339,4,,,0,70,,19346,4,,,0,30,,19335,4,,,0,70,,19325,4,,,0,30,,19344,4,,,0,70,,19328,4,,,0,30,,19323,4,,,0,70,,19345,4,,,0,30,,19329,4,,,0
802019,'1800',834,,19348,4,,,0,70,,19360,4,,,0,30,,23299,4,,,0,70,,19349,4,,,0,30,,19354,4,,,0,70,,19358,4,,,0,30,,19365,4,,,0,70,,19369,4,,,0,30,,19357,4,,,0,70,,19359,4,,,0,30,,19370,4,,,0,70,,19364,4,,,0,30,,19353,4,,,0,70,,19368,4,,,0,30,,19363,4,,,0,70,,19351,4,,,0,30,,19367,4,,,0,70,,19347,4,,,0,30,,19366,4,,,0,70,,19373,4,,,0,30,,19362,4,,,0,70,,19352,4,,,0,30,,19371,4,,,0,70,,19355,4,,,0,30,,19350,4,,,0,70,,19372,4,,,0,30,,19356,4,,,0
