10029,'1796',602,,15190,8,,,0,100,,20469,8,,,0,100,,20468,8,,,0,100,,20470,8,,,0,100,,20467,8,,,0,100,,20466,8,,,0,100,,20465,8,,,0,100,,20463,8,,,0,100,,20462,8,,,0,100,,20464,8,,,0,100,,15183,8,,,0,100,,15181,8,,,0,100,,20471,8,,,0,100,,15194,8,,,0,100,,15195,8,,,0,100,,20472,8,,,0,100,,20473,8,,,0,100,,20474,8,0,27 28 1 29,0,100,,15198,8,0,27 28 1 29,0
10029,'1797',702,,15214,8,,,0,100,,15207,8,,,0,100,,15200,8,,,0,100,,15208,8,,,0,100,,15201,8,,,0,100,,15209,8,,,0,100,,15202,8,,,0,100,,15210,8,,,0,100,,15203,8,,,0,100,,15211,8,,,0,100,,15204,8,,,0,100,,15212,8,,,0,100,,15205,8,,,0,100,,15213,8,,,0,100,,15206,8,,,0,100,,15216,8,0,27 28 1 29,0,200,,20475,8,0,27 28 1 29,0
10029,'1798',902,,15221,8,,,0,100,,15227,8,,,0,100,,15220,8,,,0,100,,15225,8,,,0,100,,15218,8,,,0,100,,15223,8,,,0,100,,15224,8,,,0,100,,15226,8,,,0,100,,15219,8,,,0,100,,15217,8,,,0,100,,15222,8,,,0,100,,15228,8,0,27 28 1 29,0
10029,'1799',902,,15233,8,,,0,100,,15239,8,,,0,100,,15232,8,,,0,100,,15237,8,,,0,100,,15230,8,,,0,100,,15235,8,,,0,100,,15236,8,,,0,100,,15238,8,,,0,100,,15231,8,,,0,100,,15229,8,,,0,100,,15234,8,,,0,100,,15240,8,0,27 28 1 29,0
10029,'1800',902,,15245,8,,,0,100,,15251,8,,,0,100,,15244,8,,,0,100,,15249,8,,,0,100,,15242,8,,,0,100,,15247,8,,,0,100,,15248,8,,,0,100,,15250,8,,,0,100,,15243,8,,,0,100,,15241,8,,,0,100,,15246,8,,,0,100,,15252,8,0,27 28 1 29,0
15019,'1796',643,,20744,18,,,0,70,,20745,18,,,0,33,,20746,18,,,0,70,,20747,18,,,0,28,,20748,18,,,0,70,,20749,18,,,0,30,,15605,18,,,0,70,,20750,18,,,0,30,,20751,18,,,0,70,,20752,18,,,0,30,,20753,18,,,0,70,,15610,18,,,0,30,,15611,18,,,0,70,,20754,18,,,0,30,,20755,18,,,0,70,,15614,18,,,0,31,,20756,18,,,0,70,,20757,18,,,0,30,,20758,18,,,0,70,,15618,18,,,0,29,,20759,18,,,0,70,,20760,18,,,0,29,,20761,18,,,0,70,,15622,18,,,0,30,,20762,18,,,0,70,,20763,18,,,0,30,,20764,18,,,0,100,,20765,18,,,0,99,,20766,18,,,0,100,,15628,18,0,5 2 6 7,0
15019,'1797',718,,15629,18,,,0,100,,20767,18,,,0,100,,20768,18,,,0,101,,15632,18,,,0,100,,20769,18,,,0,100,,20770,18,,,0,100,,15635,18,,,0,100,,20771,18,,,0,100,,20772,18,,,0,100,,15638,18,,,0,100,,20773,18,,,0,100,,20774,18,,,0,100,,15641,18,,,0,99,,20775,18,,,0
15019,'1798',718,,20781,18,,,0,100,,15653,18,,,0,100,,15656,18,,,0,101,,20780,18,,,0,100,,15651,18,,,0,100,,15649,18,,,0,100,,20779,18,,,0,100,,15650,18,,,0,100,,15647,18,,,0,100,,20778,18,,,0,100,,15645,18,,,0,100,,15646,18,,,0,100,,20777,18,,,0,99,,15657,18,,,0
15019,'1799',718,,20786,18,,,0,100,,15667,18,,,0,100,,15670,18,,,0,101,,20785,18,,,0,100,,15665,18,,,0,100,,15663,18,,,0,100,,20784,18,,,0,100,,15664,18,,,0,100,,15661,18,,,0,100,,20783,18,,,0,100,,15659,18,,,0,100,,15660,18,,,0,100,,20782,18,,,0,99,,15671,18,,,0
15019,'1800',718,,20791,18,,,0,100,,15681,18,,,0,100,,15684,18,,,0,101,,20790,18,,,0,100,,15679,18,,,0,100,,15677,18,,,0,100,,20789,18,,,0,100,,15678,18,,,0,100,,15675,18,,,0,100,,20788,18,,,0,100,,15673,18,,,0,100,,15674,18,,,0,100,,20787,18,,,0,99,,15685,18,,,0
