4029,'1796',625,,19953,8,,,0,30,,19954,8,,,0,72,,19955,8,,,0,25,,19956,8,,,0,76,,19957,8,,,0,24,,19958,8,,,0,71,,19959,8,,,0,30,,19960,8,,,0,70,,19961,8,,,0,30,,19962,8,,,0,70,,19963,8,,,0,30,,19964,8,,,0,70,,19965,8,,,0,30,,19966,8,,,0,70,,19967,8,,,0,30,,19968,8,,,0,70,,19969,8,,,0,35,,19970,8,,,0,65,,19971,8,,,0,36,,19972,8,,,0,64,,19973,8,,,0,36,,19974,8,,,0,64,,19975,8,,,0,36,,19976,8,,,0,67,,19977,8,,,0,29,,19978,8,,,0,70,,19979,8,,,0,30,,19980,8,,,0,70,,19981,8,,,0,30,,19982,8,,,0,70,,19983,8,,,0,30,,19984,8,,,0
4029,'1797',627,,20009,8,,,0,28,,20010,8,,,0,70,,20011,8,,,0,30,,20012,8,,,0,70,,20013,8,,,0,30,,20014,8,,,0,70,,20015,8,,,0,30,,20002,8,,,0,70,,19996,8,,,0,29,,19989,8,,,0,70,,20000,8,,,0,29,,20006,8,,,0,70,,20001,8,,,0,30,,19988,8,,,0,70,,19993,8,,,0,30,,20004,8,,,0,70,,19987,8,,,0,30,,20003,8,,,0,70,,19998,8,,,0,30,,19990,8,,,0,70,,19985,8,,,0,30,,20005,8,,,0,70,,20008,8,,,0,30,,19999,8,,,0,70,,19994,8,,,0,29,,20016,8,,,0,75,,19991,8,,,0,30,,19986,8,,,0,68,,19992,8,,,0,30,,19997,8,,,0,70,,20007,8,,,0,30,,19995,8,,,0
4029,'1798',725,,20038,8,,,0,30,,20040,8,,,0,70,,20036,8,,,0,30,,20039,8,,,0,70,,20037,8,,,0,30,,20029,8,,,0,69,,20032,8,,,0,30,,20017,8,,,0,70,,20022,8,,,0,30,,20025,8,,,0,69,,20028,8,,,0,30,,20030,8,,,0,70,,20018,8,,,0,30,,20021,8,,,0,70,,20024,8,,,0,30,,20027,8,,,0,70,,20031,8,,,0,30,,20019,8,,,0,70,,20020,8,,,0,30,,20023,8,,,0,70,,20026,8,,,0,30,,20044,8,,,0,70,,20043,8,,,0,32,,20045,8,,,0,70,,20042,8,,,0,30,,20035,8,,,0,70,,20041,8,,,0,30,,20033,8,,,0,100,,20034,8,,,0
4029,'1799',725,,20067,8,,,0,30,,20069,8,,,0,70,,20065,8,,,0,30,,20068,8,,,0,70,,20066,8,,,0,30,,20058,8,,,0,69,,20061,8,,,0,30,,20046,8,,,0,70,,20051,8,,,0,30,,20054,8,,,0,69,,20057,8,,,0,30,,20059,8,,,0,70,,20047,8,,,0,30,,20050,8,,,0,70,,20053,8,,,0,30,,20056,8,,,0,70,,20060,8,,,0,30,,20048,8,,,0,70,,20049,8,,,0,30,,20052,8,,,0,70,,20055,8,,,0,30,,20073,8,,,0,70,,20072,8,,,0,32,,20074,8,,,0,70,,20071,8,,,0,30,,20064,8,,,0,70,,20070,8,,,0,30,,20062,8,,,0,100,,20063,8,,,0
4029,'1800',725,,20096,8,,,0,30,,20098,8,,,0,70,,20094,8,,,0,30,,20097,8,,,0,70,,20095,8,,,0,30,,20087,8,,,0,69,,20090,8,,,0,30,,20075,8,,,0,70,,20080,8,,,0,30,,20083,8,,,0,69,,20086,8,,,0,30,,20088,8,,,0,70,,20076,8,,,0,30,,20079,8,,,0,70,,20082,8,,,0,30,,20085,8,,,0,70,,20089,8,,,0,30,,20077,8,,,0,70,,20078,8,,,0,30,,20081,8,,,0,70,,20084,8,,,0,30,,20102,8,,,0,70,,20101,8,,,0,32,,20103,8,,,0,70,,20100,8,,,0,30,,20093,8,,,0,70,,20099,8,,,0,30,,20091,8,,,0,100,,20092,8,,,0
14000001019,'1796',2402,,23379,10,,,0,30,,23377,10,,,0,70,,19496,10,,,0,30,,23378,10,,,0,70,,23376,10,,,0
14000001019,'1797',2402,,23383,10,,,0,30,,23380,10,,,0,70,,19502,10,,,0,30,,23382,10,,,0,70,,23381,10,,,0
14000001019,'1798',2402,,23386,10,,,0,30,,23385,10,,,0,70,,19504,10,,,0,30,,23387,10,,,0,70,,23384,10,,,0
14000001019,'1799',2402,,23390,10,,,0,30,,23389,10,,,0,70,,19509,10,,,0,30,,23391,10,,,0,70,,23388,10,,,0
14000001019,'1800',2402,,23394,10,,,0,30,,23393,10,,,0,70,,19514,10,,,0,30,,23395,10,,,0,70,,23392,10,,,0
