1019,'1796',600,,13774,37,,,0,30,,19586,37,,,0,70,,19562,37,,,0,31,,19557,37,,,0,71,,19575,37,,,0,31,,19559,37,,,0,70,,19564,37,,,0,29,,19589,37,,,0,70,,19561,37,,,0,30,,19555,37,,,0,71,,19574,37,,,0,30,,19560,37,,,0,70,,19565,37,,,0,30,,19585,37,,,0,70,,19563,37,,,0,31,,19556,37,,,0,70,,19587,37,,,0,31,,19558,37,,,0,70,,19566,37,,,0,30,,19584,37,,,0,69,,19577,37,,,0,30,,19569,37,,,0,70,,19567,37,,,0,29,,19570,37,,,0,70,,19572,37,,,0,29,,19571,37,,,0,69,,19568,37,,,0,30,,19588,37,,,0,70,,19582,37,,,0,30,,19583,37,,,0,70,,19581,37,,,0,29,,19580,37,,,0,74,,19579,37,,,0,30,,19578,37,,,0,70,,19576,37,,,0,25,,19573,37,,,0
1019,'1797',559,,19601,37,,,0,70,,19615,37,,,0,30,,19600,37,,,0,70,,19620,37,,,0,71,,19610,37,,,0,30,,19594,37,,,0,70,,19616,37,,,0,30,,19618,37,,,0,70,,19599,37,,,0,30,,19621,37,,,0,70,,19609,37,,,0,31,,19593,37,,,0,70,,19604,37,,,0,30,,19614,37,,,0,70,,19598,37,,,0,30,,19622,37,,,0,70,,19608,37,,,0,30,,19592,37,,,0,70,,19603,37,,,0,30,,19613,37,,,0,70,,19597,37,,,0,30,,19623,37,,,0,70,,19607,37,,,0,30,,19591,37,,,0,70,,19602,37,,,0,30,,19612,37,,,0,69,,19595,37,,,0,30,,19624,37,,,0,70,,19605,37,,,0,30,,19590,37,,,0,70,,19596,37,,,0,30,,19611,37,,,0,73,,19606,37,,,0,30,,19625,37,,,0,70,,19619,37,,,0,25,,19617,37,,,0
1019,'1798',629,,19626,37,,,0,100,,19627,37,,,0,101,,19628,37,,,0,100,,19629,37,,,0,100,,19630,37,,,0,101,,19631,37,,,0,100,,19632,37,,,0,100,,19633,37,,,0,100,,19634,37,,,0,100,,19635,37,,,0,100,,19636,37,,,0,100,,19637,37,,,0,100,,19638,37,,,0,99,,19639,37,,,0,100,,19640,37,,,0,100,,19641,37,,,0,103,,19642,37,,,0,95,,19643,37,,,0
1019,'1799',629,,19644,37,,,0,100,,19645,37,,,0,101,,19646,37,,,0,100,,19647,37,,,0,100,,19648,37,,,0,101,,19649,37,,,0,100,,19650,37,,,0,100,,19651,37,,,0,100,,19652,37,,,0,100,,19653,37,,,0,100,,19654,37,,,0,100,,19655,37,,,0,100,,19656,37,,,0,99,,19657,37,,,0,100,,19658,37,,,0,100,,19659,37,,,0,103,,19660,37,,,0,95,,19661,37,,,0
1019,'1800',629,,19662,37,,,0,100,,19663,37,,,0,101,,19664,37,,,0,100,,19665,37,,,0,100,,19666,37,,,0,101,,19667,37,,,0,100,,19668,37,,,0,100,,19669,37,,,0,100,,19670,37,,,0,100,,19671,37,,,0,100,,19672,37,,,0,100,,19673,37,,,0,100,,19674,37,,,0,99,,19675,37,,,0,100,,19676,37,,,0,100,,19677,37,,,0,103,,19678,37,,,0,95,,19679,37,,,0
1029,'1796',600,,19689,15,,,0,31,,13901,15,,,0,26,,19709,15,,,0,69,,19686,15,,,0,30,,19681,15,,,0,70,,19713,15,,,0,30,,19684,15,,,0,71,,19690,15,,,0,30,,19708,15,,,0,70,,19688,15,,,0,30,,19680,15,,,0,70,,19712,15,,,0,30,,19685,15,,,0,69,,19691,15,,,0,30,,19707,15,,,0,70,,19687,15,,,0,31,,19682,15,,,0,70,,19710,15,,,0,32,,19683,15,,,0,70,,19692,15,,,0,30,,19706,15,,,0,69,,19695,15,,,0,30,,19694,15,,,0,69,,19693,15,,,0,74,,19699,15,,,0,30,,19698,15,,,0,70,,19697,15,,,0,30,,19696,15,,,0,69,,19711,15,,,0,30,,19705,15,,,0,70,,19704,15,,,0,30,,19703,15,,,0,70,,19702,15,,,0,30,,19701,15,,,0,25,,19700,15,,,0
1029,'1797',602,,19719,15,,,0,28,,19731,15,,,0,70,,19738,15,,,0,30,,19726,15,,,0,70,,19747,15,,,0,30,,19735,15,,,0,70,,19718,15,,,0,31,,19730,15,,,0,70,,19741,15,,,0,30,,19725,15,,,0,70,,19748,15,,,0,30,,19734,15,,,0,70,,19717,15,,,0,30,,19729,15,,,0,70,,19740,15,,,0,30,,19724,15,,,0,70,,19720,15,,,0,30,,19733,15,,,0,70,,19716,15,,,0,30,,19728,15,,,0,69,,19736,15,,,0,30,,19723,15,,,0,70,,19745,15,,,0,30,,19732,15,,,0,70,,19715,15,,,0,30,,19727,15,,,0,70,,19739,15,,,0,30,,19721,15,,,0,70,,19743,15,,,0,30,,19742,15,,,0,70,,19714,15,,,0,30,,19722,15,,,0,29,,19737,15,,,0,70,,19746,15,,,0,30,,19744,15,,,0
1029,'1798',602,,19749,15,,,0,98,,19750,15,,,0,100,,19751,15,,,0,100,,19752,15,,,0,101,,19753,15,,,0,100,,19754,15,,,0,100,,19755,15,,,0,100,,19756,15,,,0,100,,19757,15,,,0,100,,19758,15,,,0,99,,19759,15,,,0,100,,19760,15,,,0,100,,19761,15,,,0,100,,19762,15,,,0,100,,19763,15,,,0,100,,19764,15,,,0,59,,19765,15,,,0,100,,19766,15,,,0
1029,'1799',602,,19767,15,,,0,98,,19768,15,,,0,100,,19769,15,,,0,100,,19770,15,,,0,101,,19771,15,,,0,100,,19772,15,,,0,100,,19773,15,,,0,100,,19774,15,,,0,100,,19775,15,,,0,100,,19776,15,,,0,99,,19777,15,,,0,100,,19778,15,,,0,100,,19779,15,,,0,100,,19780,15,,,0,100,,19781,15,,,0,100,,19782,15,,,0,59,,19783,15,,,0,100,,19784,15,,,0
1029,'1800',602,,19785,15,,,0,98,,19786,15,,,0,100,,19787,15,,,0,100,,19788,15,,,0,101,,19789,15,,,0,100,,19790,15,,,0,100,,19791,15,,,0,100,,19792,15,,,0,100,,19793,15,,,0,100,,19794,15,,,0,99,,19795,15,,,0,100,,19796,15,,,0,100,,19797,15,,,0,100,,19798,15,,,0,100,,19799,15,,,0,100,,19800,15,,,0,59,,19801,15,,,0,100,,19802,15,,,0
7029,'1796',516,,15002,17,,,0,103,,15003,17,,,0,29,,20395,17,,,0,72,,15005,17,,,0,30,,15006,17,,,0,70,,15007,17,,,0,30,,20396,17,,,0,70,,20397,17,,,0,30,,20398,17,,,0,70,,20399,17,,,0,30,,20400,17,,,0,70,,20401,17,,,0,30,,15014,17,,,0,70,,20392,17,,,0,30,,20393,17,,,0,70,,20394,17,,,0,31,,20391,17,,,0,70,,14996,17,,,0,31,,15001,17,,,0,69,,20402,17,,,0,30,,20403,17,,,0,70,,20404,17,,,0,29,,15018,17,,,0,70,,20405,17,,,0,29,,15020,17,,,0,70,,15021,17,,,0,30,,20406,17,,,0,70,,20407,17,,,0,30,,20408,17,,,0,69,,15025,17,,,0,101,,15026,17,,,0,100,,15027,17,,,0,100,,15028,17,,,0
7029,'1797',620,,15060,6,,,0,29,,20409,17,,,0,70,,20420,17,,,0,30,,20410,17,,,0,69,,20421,17,,,0,30,,20411,17,,,0,70,,15045,17,,,0,30,,20412,17,,,0,70,,20422,17,,,0,30,,20413,17,,,0,70,,20423,17,,,0,30,,15034,17,,,0,70,,15048,17,,,0,30,,20414,17,,,0,70,,20424,17,,,0,30,,15036,17,,,0,71,,20425,17,,,0,30,,15037,17,,,0,70,,15051,17,,,0,30,,20415,17,,,0,69,,20426,17,,,0,30,,20416,17,,,0,70,,20427,17,,,0,30,,20417,17,,,0,70,,15054,17,,,0,30,,20418,17,,,0,70,,20428,17,,,0,30,,20419,17,,,0,71,,20429,17,,,0,100,,15057,17,,,0,100,,15058,17,,,0,100,,15059,17,,,0
7029,'1798',719,,15063,17,,,0,99,,15064,17,,,0,100,,20432,17,,,0,100,,15066,17,,,0,100,,15067,17,,,0,100,,20433,17,,,0,100,,15069,17,,,0,101,,15070,17,,,0,100,,20434,17,,,0,99,,15072,17,,,0,100,,15073,17,,,0,100,,20435,17,,,0,100,,15075,17,,,0,101,,15076,17,,,0,100,,20431,17,,,0
7029,'1799',719,,15079,17,,,0,99,,15080,17,,,0,100,,20438,17,,,0,100,,15082,17,,,0,100,,15083,17,,,0,100,,20439,17,,,0,100,,15085,17,,,0,101,,15086,17,,,0,100,,20440,17,,,0,99,,15088,17,,,0,100,,15089,17,,,0,100,,20441,17,,,0,100,,15091,17,,,0,101,,15092,17,,,0,100,,20437,17,,,0
7029,'1800',719,,15095,17,,,0,99,,15096,17,,,0,100,,20444,17,,,0,100,,15098,17,,,0,100,,15099,17,,,0,100,,20445,17,,,0,100,,15101,17,,,0,101,,15102,17,,,0,100,,20446,17,,,0,99,,15104,17,,,0,100,,15105,17,,,0,100,,20447,17,,,0,100,,15107,17,,,0,101,,15108,17,,,0,100,,20443,17,,,0
16019,'1796',644,,20843,32,4,,0,70,,20844,32,4,,0,32,,20845,32,4,,0,70,,15782,32,4,,0,30,,15783,32,4,,0,69,,20846,32,4,,0,30,,20847,32,4,,0,70,,20848,32,4,,0,30,,20849,32,4,,0,70,,20850,32,4,,0,30,,20851,32,4,,0,70,,20852,32,4,,0,30,,20853,32,4,,0,71,,20854,32,4,,0,30,,20855,32,4,,0,70,,20856,32,4,,0,32,,20857,32,4,,0,70,,20858,32,4,,0,28,,20859,32,4,,0,70,,20860,32,4,,0,30,,20861,32,4,,0,69,,20862,32,4,,0,30,,20863,32,4,,0,69,,20864,32,4,,0,30,,15803,32,4,,0,70,,20865,32,4,,0,30,,20866,32,4,,0,68,,20867,32,4,,0,30,,15807,32,4,,0,70,,20868,32,4,,0
16019,'1797',640,,15832,32,4,,0,70,,15828,32,4,,0,30,,15836,32,4,,0,70,,15820,32,4,,0,31,,15834,32,4,,0,72,,15815,32,4,,0,30,,15813,32,4,,0,70,,15810,32,4,,0,30,,15821,32,4,,0,70,,15831,32,4,,0,30,,15825,32,4,,0,70,,15833,32,4,,0,31,,15817,32,4,,0,70,,15835,32,4,,0,30,,15812,32,4,,0,70,,15823,32,4,,0,31,,15822,32,4,,0,70,,15826,32,4,,0,30,,15827,32,4,,0,70,,15811,32,4,,0,29,,15819,32,4,,0,70,,15829,32,4,,0,29,,15814,32,4,,0,70,,15818,32,4,,0,30,,15824,32,4,,0,69,,15838,32,4,,0,30,,15830,32,4,,0,69,,15837,32,4,,0,30,,15816,32,4,,0,70,,15840,32,4,,0
22019,'1796',552,,16313,1,0,19 2 24 1 25 26,0,66,,21266,1,0,19 2 24 1 25 26,0,26,,21240,1,0,19 2 24 1 25 26,0,70,,21241,1,0,19 2 24 1 25 26,0,32,,21242,1,,,0,70,,16287,1,,,0,30,,16288,1,,,0,69,,21243,1,,,0,30,,21244,1,,,0,70,,21245,1,,,0,30,,21246,1,,,0,70,,21247,1,,,0,30,,21248,1,,,0,70,,21249,1,,,0,30,,21250,1,,,0,71,,21251,1,,,0,30,,21252,1,,,0,70,,21253,1,,,0,32,,21254,1,,,0,70,,21255,1,,,0,28,,21265,1,,,0,70,,21256,1,,,0,30,,21257,1,,,0,69,,21258,1,,,0,30,,21259,1,,,0,69,,21260,1,,,0,30,,16307,1,,,0,70,,21261,1,,,0,30,,21262,1,,,0,68,,21263,1,,,0,30,,16311,1,,,0,70,,21264,1,0,19 2 24 1 25 26,0
22019,'1797',616,,16335,1,0,19 2 24 1 25 26,0,24,,16340,1,0,19 2 24 1 25 26,0,70,,16336,1,0,19 2 24 1 25 26,0,30,,16341,1,0,19 2 24 1 25 26,0,70,,16337,1,0,19 2 24 1 25 26,0,31,,16316,1,,,0,72,,16317,1,,,0,30,,16318,1,,,0,70,,16319,1,,,0,30,,16320,1,,,0,70,,16321,1,,,0,30,,16322,1,,,0,70,,16323,1,,,0,31,,16324,1,,,0,70,,16325,1,,,0,30,,16326,1,,,0,70,,16327,1,,,0,31,,16328,1,,,0,70,,16329,1,,,0,30,,16330,1,,,0,70,,16331,1,,,0,29,,16332,1,,,0,70,,16333,1,,,0,29,,16342,1,0,19 2 24 1 25 26,0,70,,16338,1,0,19 2 24 1 25 26,0,30,,16343,1,0,19 2 24 1 25 26,0,69,,16334,1,0,19 2 24 1 25 26,0,30,,16344,1,0,19 2 24 1 25 26,0,69,,16339,1,0,19 2 24 1 25 26,0,30,,16345,1,0,19 2 24 1 25 26,0,70,,16346,1,0,19 2 24 1 25 26,0
22019,'1798',644,,21276,1,0,19 2 24 1 25 26,0,94,,21277,1,0,19 2 24 1 25 26,0,100,,21274,1,,,0,100,,21275,1,,,0,100,,21268,1,,,0,100,,21273,1,,,0,100,,21269,1,,,0,100,,21270,1,,,0,100,,21267,1,,,0,100,,21271,1,,,0,100,,21272,1,,,0,100,,16358,1,0,19 2 24 1 25 26,0,100,,21278,1,0,19 2 24 1 25 26,0,100,,16360,1,0,19 2 24 1 25 26,0,108,,21279,1,0,19 2 24 1 25 26,0
22019,'1799',644,,21289,1,0,19 2 24 1 25 26,0,94,,21290,1,0,19 2 24 1 25 26,0,100,,21287,1,,,0,100,,21288,1,,,0,100,,21281,1,,,0,100,,21286,1,,,0,100,,21282,1,,,0,100,,21283,1,,,0,100,,21280,1,,,0,100,,21284,1,,,0,100,,21285,1,,,0,100,,16373,1,0,19 2 24 1 25 26,0,100,,21291,1,0,19 2 24 1 25 26,0,100,,16375,1,0,19 2 24 1 25 26,0,108,,21292,1,0,19 2 24 1 25 26,0
22019,'1800',644,,21302,1,0,19 2 24 1 25 26,0,94,,21303,1,0,19 2 24 1 25 26,0,100,,21300,1,,,0,100,,21301,1,,,0,100,,21294,1,,,0,100,,21299,1,,,0,100,,21295,1,,,0,100,,21296,1,,,0,100,,21293,1,,,0,100,,21297,1,,,0,100,,21298,1,,,0,100,,16388,1,0,19 2 24 1 25 26,0,100,,21304,1,0,19 2 24 1 25 26,0,100,,16390,1,0,19 2 24 1 25 26,0,108,,21305,1,0,19 2 24 1 25 26,0
