14019,'1796',513,,15534,3,,,0,100,,20690,3,,,0,40,,20670,3,,,0,70,,20678,3,,,0,28,,20671,3,,,0,62,,15518,3,,,0,30,,15506,3,,,0,70,,15519,3,,,0,30,,20672,3,,,0,70,,20679,3,,,0,30,,20673,3,,,0,70,,20680,3,,,0,30,,20674,3,,,0,70,,20681,3,,,0,30,,15510,3,,,0,70,,20682,3,,,0,30,,20675,3,,,0,70,,20683,3,,,0,30,,20676,3,,,0,70,,20684,3,,,0,40,,15513,3,,,0,70,,20685,3,,,0,30,,15514,3,,,0,70,,20686,3,,,0,30,,20677,3,,,0,60,,20687,3,,,0,30,,15516,3,,,0,70,,20688,3,,,0,30,,20691,3,,,0,70,,20689,3,,,0,92,,15531,3,,,0,100,,15532,3,,,0
14019,'1797',638,,20692,3,,,0,100,,20693,3,,,0,100,,20694,3,,,0,100,,20695,3,,,0,100,,20696,3,,,0,100,,20697,3,,,0,100,,15542,3,,,0,100,,20698,3,,,0,100,,15544,3,,,0,100,,15545,3,,,0,100,,20699,3,,,0,100,,20700,3,,,0,100,,20701,3,,,0,100,,20702,3,,,0,100,,20703,3,,,0,95,,15551,3,,,0,100,,15552,3,,,0
14019,'1798',638,,15566,3,,,0,100,,20716,3,,,0,100,,20705,3,,,0,100,,20706,3,,,0,100,,20707,3,,,0,100,,20708,3,,,0,100,,20709,3,,,0,100,,20710,3,,,0,100,,20711,3,,,0,100,,20712,3,,,0,100,,20713,3,,,0,100,,20714,3,,,0,100,,20715,3,,,0,100,,15554,3,,,0,95,,20704,3,,,0
14019,'1799',638,,15581,3,,,0,100,,20729,3,,,0,100,,20718,3,,,0,100,,20719,3,,,0,100,,20720,3,,,0,100,,20721,3,,,0,100,,20722,3,,,0,100,,20723,3,,,0,100,,20724,3,,,0,100,,20725,3,,,0,100,,20726,3,,,0,100,,20727,3,,,0,100,,20728,3,,,0,100,,15569,3,,,0,95,,20717,3,,,0
14019,'1800',638,,15596,3,,,0,100,,20742,3,,,0,100,,20731,3,,,0,100,,20732,3,,,0,100,,20733,3,,,0,100,,20734,3,,,0,100,,20735,3,,,0,100,,20736,3,,,0,100,,20737,3,,,0,100,,20738,3,,,0,100,,20739,3,,,0,100,,20740,3,,,0,100,,20741,3,,,0,100,,15584,3,,,0,95,,20730,3,,,0
15019,'1796',633,,20744,3,,,0,70,,20745,3,,,0,30,,20746,3,,,0,70,,20747,3,,,0,30,,20748,3,,,0,70,,20749,3,,,0,30,,15605,3,,,0,70,,20750,3,,,0,30,,20751,3,,,0,70,,20752,3,,,0,30,,20753,3,,,0,70,,15610,3,,,0,30,,15611,3,,,0,70,,20754,3,,,0,30,,20755,3,,,0,70,,15614,3,,,0,30,,20756,3,,,0,70,,20757,3,,,0,30,,20758,3,,,0,70,,15618,3,,,0,30,,20759,3,,,0,70,,20760,3,,,0,30,,20761,3,,,0,70,,15622,3,,,0,30,,20762,3,,,0,70,,20763,3,,,0,30,,20764,3,,,0,100,,20765,3,,,0,99,,20766,3,,,0,100,,15628,3,0,5 2 6 7,0
15019,'1797',708,,15629,3,,,0,100,,20767,3,,,0,100,,20768,3,,,0,100,,15632,3,,,0,100,,20769,3,,,0,100,,20770,3,,,0,100,,15635,3,,,0,100,,20771,3,,,0,100,,20772,3,,,0,100,,15638,3,,,0,100,,20773,3,,,0,100,,20774,3,,,0,100,,15641,3,,,0,100,,20775,3,,,0
15019,'1798',708,,20781,3,,,0,100,,15653,3,,,0,100,,15656,3,,,0,100,,20780,3,,,0,100,,15651,3,,,0,100,,15649,3,,,0,100,,20779,3,,,0,100,,15650,3,,,0,100,,15647,3,,,0,100,,20778,3,,,0,100,,15645,3,,,0,100,,15646,3,,,0,100,,20777,3,,,0,100,,15657,3,,,0
15019,'1799',708,,20786,3,,,0,100,,15667,3,,,0,100,,15670,3,,,0,100,,20785,3,,,0,100,,15665,3,,,0,100,,15663,3,,,0,100,,20784,3,,,0,100,,15664,3,,,0,100,,15661,3,,,0,100,,20783,3,,,0,100,,15659,3,,,0,100,,15660,3,,,0,100,,20782,3,,,0,100,,15671,3,,,0
15019,'1800',708,,20791,3,,,0,100,,15681,3,,,0,100,,15684,3,,,0,100,,20790,3,,,0,100,,15679,3,,,0,100,,15677,3,,,0,100,,20789,3,,,0,100,,15678,3,,,0,100,,15675,3,,,0,100,,20788,3,,,0,100,,15673,3,,,0,100,,15674,3,,,0,100,,20787,3,,,0,100,,15685,3,,,0
19029,'1796',823,,21115,3,,,0,30,,21117,3,,,0,70,,21110,3,,,0,30,,21109,3,,,0,70,,21112,3,,,0,30,,21113,3,,,0,70,,16143,3,,,0,30,,21114,3,,,0,70,,21116,3,,,0,30,,21118,3,,,0,70,,16142,3,,,0,30,,21111,3,,,0,70,,21119,3,,,0,30,,21121,3,,,0,71,,16161,3,,,0,299,,21123,3,,,0,30,,21122,3,,,0,70,,21127,3,,,0,100,,21126,3,,,0,100,,21125,3,,,0,100,,21124,3,,,0,100,,21120,3,,,0
19029,'1797',613,,16186,3,,,0,40,,21152,3,,,0,70,,21146,3,,,0,30,,21130,3,,,0,70,,21148,3,,,0,30,,21147,3,,,0,70,,21128,3,,,0,30,,21142,3,,,0,70,,21149,3,,,0,30,,21135,3,,,0,70,,21145,3,,,0,30,,21134,3,,,0,70,,21144,3,,,0,30,,21140,3,,,0,70,,21151,3,,,0,30,,21155,3,,,0,71,,21138,3,,,0,30,,21133,3,,,0,70,,21137,3,,,0,30,,21143,3,,,0,70,,21139,3,,,0,30,,21150,3,,,0,69,,21131,3,,,0,30,,21141,3,,,0,70,,21136,3,,,0,30,,21129,3,,,0,70,,21153,3,,,0,110,,16192,3,,,0,70,,21154,3,,,0,100,,16190,3,,,0,100,,16191,3,,,0,25,,21132,3,,,0
19029,'1798',611,,21179,3,,,0,112,,21180,3,,,0,100,,21178,3,,,0,30,,21177,3,,,0,70,,21172,3,,,0,30,,21175,3,,,0,70,,21160,3,,,0,30,,21164,3,,,0,70,,21168,3,,,0,30,,21171,3,,,0,70,,21173,3,,,0,30,,21158,3,,,0,70,,21163,3,,,0,30,,21167,3,,,0,71,,21170,3,,,0,30,,21174,3,,,0,70,,21157,3,,,0,30,,21162,3,,,0,70,,21166,3,,,0,30,,21169,3,,,0,69,,21176,3,,,0,30,,21159,3,,,0,70,,21161,3,,,0,30,,21165,3,,,0,70,,21181,3,,,0,30,,21183,3,,,0,85,,21182,3,,,0,100,,16222,3,,,0,100,,16216,3,,,0,85,,21156,3,,,0
19029,'1799',611,,21207,3,,,0,112,,21208,3,,,0,100,,21206,3,,,0,30,,21205,3,,,0,70,,21200,3,,,0,30,,21203,3,,,0,70,,21188,3,,,0,30,,21192,3,,,0,70,,21196,3,,,0,30,,21199,3,,,0,70,,21201,3,,,0,30,,21186,3,,,0,70,,21191,3,,,0,30,,21195,3,,,0,71,,21198,3,,,0,30,,21202,3,,,0,70,,21185,3,,,0,30,,21190,3,,,0,70,,21194,3,,,0,30,,21197,3,,,0,69,,21204,3,,,0,30,,21187,3,,,0,70,,21189,3,,,0,30,,21193,3,,,0,70,,21209,3,,,0,30,,21211,3,,,0,85,,21210,3,,,0,100,,16252,3,,,0,100,,16246,3,,,0,85,,21184,3,,,0
19029,'1800',611,,21235,3,,,0,112,,21236,3,,,0,100,,21234,3,,,0,30,,21233,3,,,0,70,,21228,3,,,0,30,,21231,3,,,0,70,,21216,3,,,0,30,,21220,3,,,0,70,,21224,3,,,0,30,,21227,3,,,0,70,,21229,3,,,0,30,,21214,3,,,0,70,,21219,3,,,0,30,,21223,3,,,0,71,,21226,3,,,0,30,,21230,3,,,0,70,,21213,3,,,0,30,,21218,3,,,0,70,,21222,3,,,0,30,,21225,3,,,0,69,,21232,3,,,0,30,,21215,3,,,0,70,,21217,3,,,0,30,,21221,3,,,0,70,,21237,3,,,0,30,,21239,3,,,0,85,,21238,3,,,0,100,,16282,3,,,0,100,,16276,3,,,0,85,,21212,3,,,0
10019029,'1796',613,,23308,3,,,0,30,,23310,3,,,0,70,,19387,3,,,0,30,,23311,3,,,0,801,,23314,3,,,0,70,,19392,3,,,0,30,,23312,3,,,0,70,,23315,3,,,0,29,,19391,3,,,0,210,,23313,3,,,0
14000001019,'1796',2353,,23379,1,,,0,70,,23377,1,,,0,30,,19496,1,,,0,70,,23378,1,,,0,30,,23376,1,,,0
14000001019,'1797',2353,,23383,1,,,0,70,,23380,1,,,0,30,,19502,1,,,0,70,,23382,1,,,0,30,,23381,1,,,0
14000001019,'1798',2353,,23386,1,,,0,70,,23385,1,,,0,30,,19504,1,,,0,70,,23387,1,,,0,30,,23384,1,,,0
14000001019,'1799',2353,,23390,1,,,0,70,,23389,1,,,0,30,,19509,1,,,0,70,,23391,1,,,0,30,,23388,1,,,0
14000001019,'1800',2353,,23394,1,,,0,70,,23393,1,,,0,30,,19514,1,,,0,70,,23395,1,,,0,30,,23392,1,,,0
14000001029,'1796',2422,,23398,50,4,,0,30,,19523,50,4,,0,70,,23400,50,4,,0,30,,23397,50,4,,0,70,,19524,50,4,,0,30,,23399,50,4,,0
14000001029,'1797',2422,,23404,50,4,,0,30,,19528,50,4,,0,70,,23401,50,4,,0,30,,23402,50,4,,0,70,,19532,50,4,,0,30,,23403,50,4,,0
14000001029,'1798',2422,,23405,50,4,,0,30,,19538,50,4,,0,70,,23408,50,4,,0,30,,23407,50,4,,0,70,,19537,50,4,,0,30,,23406,50,4,,0
14000001029,'1799',2422,,23410,50,4,,0,30,,19545,50,4,,0,70,,23413,50,4,,0,30,,23412,50,4,,0,70,,19544,50,4,,0,30,,23411,50,4,,0
14000001029,'1800',2422,,23415,50,4,,0,30,,19552,50,4,,0,70,,23418,50,4,,0,30,,23417,50,4,,0,70,,19551,50,4,,0,30,,23416,50,4,,0
