1019,'1796',532,,13774,4,,,0,70,,19586,4,,,0,30,,19562,4,,,0,70,,19557,4,,,0,30,,19575,4,,,0,71,,19559,4,,,0,30,,19564,4,,,0,70,,19589,4,,,0,30,,19561,4,,,0,70,,19555,4,,,0,30,,19574,4,,,0,70,,19560,4,,,0,30,,19565,4,,,0,70,,19585,4,,,0,30,,19563,4,,,0,70,,19556,4,,,0,30,,19587,4,,,0,70,,19558,4,,,0,30,,19566,4,,,0,70,,19584,4,,,0,30,,19577,4,,,0,70,,19569,4,,,0,30,,19567,4,,,0,70,,19570,4,,,0,30,,19572,4,,,0,70,,19571,4,,,0,29,,19568,4,,,0,70,,19588,4,,,0,30,,19582,4,,,0,70,,19583,4,,,0,30,,19581,4,,,0,70,,19580,4,,,0,30,,19579,4,,,0,70,,19578,4,,,0,30,,19576,4,,,0,70,,19573,4,,,0
1019,'1797',532,,19601,4,,,0,70,,19615,4,,,0,30,,19600,4,,,0,70,,19620,4,,,0,30,,19610,4,,,0,70,,19594,4,,,0,30,,19616,4,,,0,70,,19618,4,,,0,30,,19599,4,,,0,70,,19621,4,,,0,30,,19609,4,,,0,70,,19593,4,,,0,30,,19604,4,,,0,70,,19614,4,,,0,30,,19598,4,,,0,70,,19622,4,,,0,30,,19608,4,,,0,70,,19592,4,,,0,30,,19603,4,,,0,70,,19613,4,,,0,30,,19597,4,,,0,70,,19623,4,,,0,30,,19607,4,,,0,70,,19591,4,,,0,30,,19602,4,,,0,70,,19612,4,,,0,30,,19595,4,,,0,70,,19624,4,,,0,30,,19605,4,,,0,70,,19590,4,,,0,30,,19596,4,,,0,70,,19611,4,,,0,30,,19606,4,,,0,70,,19625,4,,,0,30,,19619,4,,,0,70,,19617,4,,,0
1019,'1798',602,,19626,4,,,0,100,,19627,4,,,0,100,,19628,4,,,0,100,,19629,4,,,0,100,,19630,4,,,0,100,,19631,4,,,0,100,,19632,4,,,0,100,,19633,4,,,0,100,,19634,4,,,0,100,,19635,4,,,0,100,,19636,4,,,0,100,,19637,4,,,0,100,,19638,4,,,0,100,,19639,4,,,0,100,,19640,4,,,0,100,,19641,4,,,0,100,,19642,4,,,0,100,,19643,4,,,0
1019,'1799',602,,19644,4,,,0,100,,19645,4,,,0,100,,19646,4,,,0,100,,19647,4,,,0,100,,19648,4,,,0,100,,19649,4,,,0,100,,19650,4,,,0,100,,19651,4,,,0,100,,19652,4,,,0,100,,19653,4,,,0,100,,19654,4,,,0,100,,19655,4,,,0,100,,19656,4,,,0,100,,19657,4,,,0,100,,19658,4,,,0,100,,19659,4,,,0,100,,19660,4,,,0,100,,19661,4,,,0
1019,'1800',602,,19662,4,,,0,100,,19663,4,,,0,100,,19664,4,,,0,100,,19665,4,,,0,100,,19666,4,,,0,100,,19667,4,,,0,100,,19668,4,,,0,100,,19669,4,,,0,100,,19670,4,,,0,100,,19671,4,,,0,100,,19672,4,,,0,100,,19673,4,,,0,100,,19674,4,,,0,100,,19675,4,,,0,100,,19676,4,,,0,100,,19677,4,,,0,100,,19678,4,,,0,100,,19679,4,,,0
2019,'1796',442,,19803,4,0,5 2 13 14,0,175,,14015,13,,,0,30,,14016,13,,,0,70,,14017,13,,,0,30,,14018,13,,,0,71,,14019,13,,,0,29,,14020,13,,,0,70,,14021,13,,,0,30,,14022,13,,,0,70,,14023,13,,,0,30,,14024,13,,,0,70,,14025,13,,,0,30,,14026,13,,,0,70,,14027,13,,,0,30,,14028,13,,,0,70,,14029,13,,,0,30,,14030,13,,,0,70,,14031,13,,,0,30,,14032,13,,,0,70,,14033,13,,,0,30,,14034,13,,,0,70,,14035,13,,,0,30,,14036,13,,,0,70,,14037,13,,,0,30,,14038,13,,,0,70,,14039,13,,,0,30,,14045,13,,,0,70,,14040,13,,,0,100,,14041,13,,,0,100,,14042,13,,,0,100,,14043,13,,,0,100,,14044,13,,,0
2019,'1797',617,,14047,4,,,0,30,,14054,13,,,0,70,,14063,13,,,0,30,,14070,13,,,0,70,,14048,13,,,0,30,,14055,13,,,0,70,,14064,13,,,0,30,,14071,13,,,0,70,,14049,13,,,0,30,,14056,13,,,0,70,,14065,13,,,0,30,,14072,13,,,0,70,,14050,13,,,0,30,,14057,13,,,0,70,,14066,13,,,0,30,,14073,13,,,0,70,,14051,13,,,0,30,,14058,13,,,0,70,,14067,13,,,0,30,,14074,13,,,0,70,,14052,13,,,0,30,,14059,13,,,0,70,,14068,13,,,0,30,,14075,13,,,0,70,,14053,13,,,0,30,,14060,13,,,0,70,,14069,13,,,0,100,,14061,13,,,0,100,,14076,13,,,0,100,,14062,13,,,0,100,,14077,13,,,0
2019,'1798',647,,14105,13,,,0,70,,14082,13,,,0,30,,14086,13,,,0,70,,14098,13,,,0,30,,14093,13,,,0,70,,14083,13,,,0,30,,14087,13,,,0,70,,14099,13,,,0,30,,14094,13,,,0,70,,14084,13,,,0,30,,14088,13,,,0,70,,14100,13,,,0,30,,14095,13,,,0,70,,14085,13,,,0,30,,14089,13,,,0,70,,14101,13,,,0,30,,14096,13,,,0,70,,14080,13,,,0,30,,14090,13,,,0,70,,14102,13,,,0,30,,14097,13,,,0,70,,14078,13,,,0,30,,14091,13,,,0,70,,14103,13,,,0,100,,14079,13,,,0,100,,14104,13,,,0,100,,14081,13,,,0,100,,14092,13,,,0,99,,14106,13,,,0
2019,'1799',647,,14134,13,,,0,70,,14111,13,,,0,30,,14115,13,,,0,70,,14127,13,,,0,30,,14122,13,,,0,70,,14112,13,,,0,30,,14116,13,,,0,70,,14128,13,,,0,30,,14123,13,,,0,70,,14113,13,,,0,30,,14117,13,,,0,70,,14129,13,,,0,30,,14124,13,,,0,70,,14114,13,,,0,30,,14118,13,,,0,70,,14130,13,,,0,30,,14125,13,,,0,70,,14109,13,,,0,30,,14119,13,,,0,70,,14131,13,,,0,30,,14126,13,,,0,70,,14107,13,,,0,30,,14120,13,,,0,70,,14132,13,,,0,100,,14108,13,,,0,100,,14133,13,,,0,100,,14110,13,,,0,100,,14121,13,,,0,99,,14135,13,,,0
2019,'1800',647,,14163,13,,,0,70,,14140,13,,,0,30,,14144,13,,,0,70,,14156,13,,,0,30,,14151,13,,,0,70,,14141,13,,,0,30,,14145,13,,,0,70,,14157,13,,,0,30,,14152,13,,,0,70,,14142,13,,,0,30,,14146,13,,,0,70,,14158,13,,,0,30,,14153,13,,,0,70,,14143,13,,,0,30,,14147,13,,,0,70,,14159,13,,,0,30,,14154,13,,,0,70,,14138,13,,,0,30,,14148,13,,,0,70,,14160,13,,,0,30,,14155,13,,,0,70,,14136,13,,,0,30,,14149,13,,,0,70,,14161,13,,,0,100,,14137,13,,,0,100,,14162,13,,,0,100,,14139,13,,,0,100,,14150,13,,,0,99,,14164,13,,,0
32019,'1796',623,,21513,3,,,0,26,,21529,3,,,0,69,,21508,3,,,0,30,,21524,3,,,0,70,,21534,3,,,0,30,,21518,3,,,0,70,,21516,3,,,0,30,,21528,3,,,0,70,,21506,3,,,0,30,,21522,3,,,0,70,,21533,3,,,0,30,,21520,3,,,0,70,,21515,3,,,0,30,,21527,3,,,0,70,,21509,3,,,0,30,,21521,3,,,0,69,,21532,3,,,0,30,,21519,3,,,0,71,,21512,3,,,0,30,,21526,3,,,0,70,,21505,3,,,0,30,,21523,3,,,0,70,,21531,3,,,0,30,,21517,3,,,0,70,,21514,3,,,0,30,,21525,3,,,0,70,,21510,3,,,0,100,,21530,3,,,0,100,,21511,3,,,0,100,,21507,3,,,0,95,,21540,3,0,5 2 8 7,0
32019,'1797',623,,21553,3,,,0,25,,21570,3,,,0,70,,21547,3,,,0,30,,21564,3,,,0,70,,21571,3,,,0,30,,21559,3,,,0,70,,21552,3,,,0,30,,21569,3,,,0,70,,21546,3,,,0,30,,21563,3,,,0,70,,21574,3,,,0,30,,21558,3,,,0,70,,21551,3,,,0,30,,21568,3,,,0,70,,21545,3,,,0,30,,21562,3,,,0,70,,21573,3,,,0,30,,21557,3,,,0,70,,21550,3,,,0,30,,21567,3,,,0,70,,21544,3,,,0,30,,21561,3,,,0,70,,21575,3,,,0,30,,21556,3,,,0,70,,21549,3,,,0,30,,21565,3,,,0,70,,21543,3,,,0,100,,21572,3,,,0,100,,21548,3,,,0,100,,21542,3,,,0,100,,21576,3,0,5 2 8 7,0
32019,'1798',623,,21579,3,,,0,95,,21580,3,,,0,100,,21581,3,,,0,100,,21582,3,,,0,100,,21583,3,,,0,100,,21584,3,,,0,100,,21585,3,,,0,100,,21586,3,,,0,100,,21587,3,,,0,100,,21588,3,,,0,100,,21589,3,,,0,100,,21590,3,,,0,100,,21591,3,,,0,100,,21592,3,,,0,100,,21593,3,,,0,100,,21594,3,,,0,100,,21595,3,,,0,95,,21597,3,0,5 2 8 7,0
32019,'1799',623,,21598,3,,,0,95,,21599,3,,,0,100,,21600,3,,,0,100,,21601,3,,,0,100,,21602,3,,,0,100,,21603,3,,,0,100,,21604,3,,,0,100,,21605,3,,,0,100,,21606,3,,,0,100,,21607,3,,,0,100,,21608,3,,,0,100,,21609,3,,,0,100,,21610,3,,,0,100,,21611,3,,,0,100,,21612,3,,,0,100,,21613,3,,,0,100,,21614,3,,,0,95,,21616,3,0,5 2 8 7,0
32019,'1800',623,,21617,3,,,0,95,,21618,3,,,0,100,,21619,3,,,0,100,,21620,3,,,0,100,,21621,3,,,0,100,,21622,3,,,0,100,,21623,3,,,0,100,,21624,3,,,0,100,,21625,3,,,0,100,,21626,3,,,0,100,,21627,3,,,0,100,,21628,3,,,0,100,,21629,3,,,0,100,,21630,3,,,0,100,,21631,3,,,0,100,,21632,3,,,0,100,,21633,3,,,0,95,,21635,3,0,5 2 8 7,0
14000001019,'1796',2412,,23379,20,,,0,30,,23377,20,,,0,70,,19496,20,,,0,30,,23378,20,,,0,70,,23376,20,,,0
14000001019,'1797',2412,,23383,20,,,0,30,,23380,20,,,0,70,,19502,20,,,0,30,,23382,20,,,0,70,,23381,20,,,0
14000001019,'1798',2412,,23386,20,,,0,30,,23385,20,,,0,70,,19504,20,,,0,30,,23387,20,,,0,70,,23384,20,,,0
14000001019,'1799',2412,,23390,20,,,0,30,,23389,20,,,0,70,,19509,20,,,0,30,,23391,20,,,0,70,,23388,20,,,0
14000001019,'1800',2412,,23394,20,,,0,30,,23393,20,,,0,70,,19514,20,,,0,30,,23395,20,,,0,70,,23392,20,,,0
