1019,'1796',610,,13774,49,4,,0,30,,19586,49,4,,0,70,,19562,49,4,,0,31,,19557,49,4,,0,71,,19575,49,4,,0,31,,19559,49,4,,0,70,,19564,49,4,,0,29,,19589,49,4,,0,70,,19561,49,4,,0,30,,19555,49,4,,0,71,,19574,49,4,,0,30,,19560,49,4,,0,70,,19565,49,4,,0,30,,19585,49,4,,0,70,,19563,49,4,,0,31,,19556,49,4,,0,70,,19587,49,4,,0,33,,19558,49,4,,0,70,,19566,49,4,,0,30,,19584,49,4,,0,69,,19577,49,4,,0,30,,19569,49,4,,0,70,,19567,49,4,,0,27,,19570,49,4,,0,70,,19572,49,4,,0,29,,19571,49,4,,0,69,,19568,49,4,,0,30,,19588,49,4,,0,70,,19582,49,4,,0,30,,19583,49,4,,0,70,,19581,49,4,,0,28,,19580,49,4,,0,74,,19579,49,4,,0,30,,19578,49,4,,0,70,,19576,49,4,,0,25,,19573,49,4,,0
1019,'1797',608,,19601,49,4,,0,30,,19615,49,4,,0,70,,19600,49,4,,0,30,,19620,49,4,,0,71,,19610,49,4,,0,30,,19594,49,4,,0,70,,19616,49,4,,0,30,,19618,49,4,,0,70,,19599,49,4,,0,30,,19621,49,4,,0,71,,19609,49,4,,0,31,,19593,49,4,,0,70,,19604,49,4,,0,30,,19614,49,4,,0,70,,19598,49,4,,0,30,,19622,49,4,,0,70,,19608,49,4,,0,30,,19592,49,4,,0,70,,19603,49,4,,0,30,,19613,49,4,,0,70,,19597,49,4,,0,30,,19623,49,4,,0,70,,19607,49,4,,0,30,,19591,49,4,,0,70,,19602,49,4,,0,30,,19612,49,4,,0,69,,19595,49,4,,0,29,,19624,49,4,,0,70,,19605,49,4,,0,30,,19590,49,4,,0,70,,19596,49,4,,0,30,,19611,49,4,,0,73,,19606,49,4,,0,29,,19625,49,4,,0,70,,19619,49,4,,0,25,,19617,49,4,,0
1019,'1798',638,,19626,49,4,,0,100,,19627,49,4,,0,101,,19628,49,4,,0,100,,19629,49,4,,0,100,,19630,49,4,,0,102,,19631,49,4,,0,100,,19632,49,4,,0,100,,19633,49,4,,0,100,,19634,49,4,,0,100,,19635,49,4,,0,100,,19636,49,4,,0,100,,19637,49,4,,0,100,,19638,49,4,,0,98,,19639,49,4,,0,100,,19640,49,4,,0,100,,19641,49,4,,0,102,,19642,49,4,,0,95,,19643,49,4,,0
1019,'1799',638,,19644,49,4,,0,100,,19645,49,4,,0,101,,19646,49,4,,0,100,,19647,49,4,,0,100,,19648,49,4,,0,102,,19649,49,4,,0,100,,19650,49,4,,0,100,,19651,49,4,,0,100,,19652,49,4,,0,100,,19653,49,4,,0,100,,19654,49,4,,0,100,,19655,49,4,,0,100,,19656,49,4,,0,98,,19657,49,4,,0,100,,19658,49,4,,0,100,,19659,49,4,,0,102,,19660,49,4,,0,95,,19661,49,4,,0
1019,'1800',638,,19662,49,4,,0,100,,19663,49,4,,0,101,,19664,49,4,,0,100,,19665,49,4,,0,100,,19666,49,4,,0,102,,19667,49,4,,0,100,,19668,49,4,,0,100,,19669,49,4,,0,100,,19670,49,4,,0,100,,19671,49,4,,0,100,,19672,49,4,,0,100,,19673,49,4,,0,100,,19674,49,4,,0,98,,19675,49,4,,0,100,,19676,49,4,,0,100,,19677,49,4,,0,102,,19678,49,4,,0,95,,19679,49,4,,0
1029,'1796',549,,19689,1,,,0,71,,13901,1,,,0,25,,19709,1,,,0,68,,19686,1,,,0,30,,19681,1,,,0,70,,19713,1,,,0,30,,19684,1,,,0,72,,19690,1,,,0,30,,19708,1,,,0,70,,19688,1,,,0,30,,19680,1,,,0,70,,19712,1,,,0,30,,19685,1,,,0,70,,19691,1,,,0,30,,19707,1,,,0,70,,19687,1,,,0,30,,19682,1,,,0,70,,19710,1,,,0,32,,19683,1,,,0,70,,19692,1,,,0,30,,19706,1,,,0,69,,19695,1,,,0,30,,19694,1,,,0,70,,19693,1,,,0,34,,19699,1,,,0,70,,19698,1,,,0,30,,19697,1,,,0,70,,19696,1,,,0,30,,19711,1,,,0,70,,19705,1,,,0,30,,19704,1,,,0,70,,19703,1,,,0,30,,19702,1,,,0,70,,19701,1,,,0,25,,19700,1,,,0
1029,'1797',552,,19719,1,,,0,68,,19731,1,,,0,30,,19738,1,,,0,70,,19726,1,,,0,30,,19747,1,,,0,70,,19735,1,,,0,30,,19718,1,,,0,70,,19730,1,,,0,30,,19741,1,,,0,70,,19725,1,,,0,30,,19748,1,,,0,70,,19734,1,,,0,30,,19717,1,,,0,70,,19729,1,,,0,30,,19740,1,,,0,70,,19724,1,,,0,30,,19720,1,,,0,70,,19733,1,,,0,30,,19716,1,,,0,70,,19728,1,,,0,30,,19736,1,,,0,70,,19723,1,,,0,30,,19745,1,,,0,70,,19732,1,,,0,30,,19715,1,,,0,70,,19727,1,,,0,30,,19739,1,,,0,70,,19721,1,,,0,30,,19743,1,,,0,70,,19742,1,,,0,30,,19714,1,,,0,70,,19722,1,,,0,30,,19737,1,,,0,70,,19746,1,,,0,30,,19744,1,,,0
1029,'1798',552,,19749,1,,,0,98,,19750,1,,,0,100,,19751,1,,,0,100,,19752,1,,,0,100,,19753,1,,,0,100,,19754,1,,,0,100,,19755,1,,,0,100,,19756,1,,,0,100,,19757,1,,,0,100,,19758,1,,,0,100,,19759,1,,,0,100,,19760,1,,,0,100,,19761,1,,,0,100,,19762,1,,,0,100,,19763,1,,,0,100,,19764,1,,,0,100,,19765,1,,,0,100,,19766,1,,,0
1029,'1799',552,,19767,1,,,0,98,,19768,1,,,0,100,,19769,1,,,0,100,,19770,1,,,0,100,,19771,1,,,0,100,,19772,1,,,0,100,,19773,1,,,0,100,,19774,1,,,0,100,,19775,1,,,0,100,,19776,1,,,0,100,,19777,1,,,0,100,,19778,1,,,0,100,,19779,1,,,0,100,,19780,1,,,0,100,,19781,1,,,0,100,,19782,1,,,0,100,,19783,1,,,0,100,,19784,1,,,0
1029,'1800',552,,19785,1,,,0,98,,19786,1,,,0,100,,19787,1,,,0,100,,19788,1,,,0,100,,19789,1,,,0,100,,19790,1,,,0,100,,19791,1,,,0,100,,19792,1,,,0,100,,19793,1,,,0,100,,19794,1,,,0,100,,19795,1,,,0,100,,19796,1,,,0,100,,19797,1,,,0,100,,19798,1,,,0,100,,19799,1,,,0,100,,19800,1,,,0,100,,19801,1,,,0,100,,19802,1,,,0
801019,'1796',550,,19113,1,0,12,0,70,,19121,1,0,12,0,20,,23244,1,0,12,0,65,,23241,1,0,12,0,15,,23243,1,0,12,0,18,,23240,1,0,12,0,20,,23242,1,0,12,0,60,,23247,1,0,12,0,25,,19091,1,0,12,0,72,,23225,1,0,12,0,30,,23226,1,0,12,0,70,,19094,1,0,12,0,30,,23227,1,0,12,0,70,,23228,1,0,12,0,30,,23229,1,0,12,0,70,,23230,1,0,12,0,30,,23231,1,0,12,0,70,,23232,1,0,12,0,30,,23233,1,0,12,0,70,,23234,1,0,12,0,30,,23245,1,0,12,0,70,,19123,1,0,12,0,25,,23235,1,0,12,0,60,,19104,1,0,12,0,20,,19124,1,0,12,0,20,,19105,1,0,12,0,60,,19106,1,0,12,0,20,,23248,1,0,12,0,20,,23236,1,0,12,0,60,,23246,1,0,12,0,20,,19119,1,0,12,0,25,,23237,1,0,12,0,70,,19109,1,0,12,0,30,,23238,1,0,12,0,70,,23239,1,0,12,0
801019,'1797',744,,23256,1,0,12,0,70,,19147,1,0,12,0,30,,19148,1,0,12,0,70,,23252,1,0,12,0,30,,19133,1,0,12,0,70,,19132,1,0,12,0,30,,23255,1,0,12,0,70,,19137,1,0,12,0,30,,19142,1,0,12,0,70,,23254,1,0,12,0,30,,19140,1,0,12,0,70,,19139,1,0,12,0,30,,23249,1,0,12,0,70,,19136,1,0,12,0,30,,19145,1,0,12,0,70,,23251,1,0,12,0,30,,19126,1,0,12,0,70,,19127,1,0,12,0,30,,23250,1,0,12,0,70,,19131,1,0,12,0,30,,19144,1,0,12,0,70,,23253,1,0,12,0,30,,19135,1,0,12,0,71,,19149,1,0,12,0,30,,23257,1,0,12,0,70,,19151,1,0,12,0
801019,'1798',744,,19165,1,0,12,0,70,,23259,1,0,12,0,30,,19169,1,0,12,0,70,,19158,1,0,12,0,30,,23258,1,0,12,0,70,,19163,1,0,12,0,30,,19176,1,0,12,0,70,,19167,1,0,12,0,30,,19164,1,0,12,0,70,,19173,1,0,12,0,30,,19159,1,0,12,0,70,,19170,1,0,12,0,30,,19172,1,0,12,0,70,,19168,1,0,12,0,30,,19155,1,0,12,0,70,,19174,1,0,12,0,30,,19160,1,0,12,0,70,,19156,1,0,12,0,30,,19171,1,0,12,0,70,,19154,1,0,12,0,30,,19157,1,0,12,0,70,,19175,1,0,12,0,30,,19152,1,0,12,0,71,,19162,1,0,12,0,30,,19177,1,0,12,0,70,,19166,1,0,12,0
801019,'1799',744,,19191,1,0,12,0,70,,23261,1,0,12,0,30,,19195,1,0,12,0,70,,19184,1,0,12,0,30,,23260,1,0,12,0,70,,19189,1,0,12,0,30,,19202,1,0,12,0,70,,19193,1,0,12,0,30,,19190,1,0,12,0,70,,19199,1,0,12,0,30,,19185,1,0,12,0,70,,19196,1,0,12,0,30,,19198,1,0,12,0,70,,19194,1,0,12,0,30,,19181,1,0,12,0,70,,19200,1,0,12,0,30,,19186,1,0,12,0,70,,19182,1,0,12,0,30,,19197,1,0,12,0,70,,19180,1,0,12,0,30,,19183,1,0,12,0,70,,19201,1,0,12,0,30,,19178,1,0,12,0,71,,19188,1,0,12,0,30,,19203,1,0,12,0,70,,19192,1,0,12,0
801019,'1800',744,,19217,1,0,12,0,70,,23263,1,0,12,0,30,,19221,1,0,12,0,70,,19210,1,0,12,0,30,,23262,1,0,12,0,70,,19215,1,0,12,0,30,,19228,1,0,12,0,70,,19219,1,0,12,0,30,,19216,1,0,12,0,70,,19225,1,0,12,0,30,,19211,1,0,12,0,70,,19222,1,0,12,0,30,,19224,1,0,12,0,70,,19220,1,0,12,0,30,,19207,1,0,12,0,70,,19226,1,0,12,0,30,,19212,1,0,12,0,70,,19208,1,0,12,0,30,,19223,1,0,12,0,70,,19206,1,0,12,0,30,,19209,1,0,12,0,70,,19227,1,0,12,0,30,,19204,1,0,12,0,71,,19214,1,0,12,0,30,,19229,1,0,12,0,70,,19218,1,0,12,0
802019,'1796',616,,19265,10,4,,0,85,,23285,10,4,,0,30,,23284,10,4,,0,20,,23287,10,4,,0,60,,23264,10,4,,0,30,,19259,10,4,,0,70,,23265,10,4,,0,30,,23266,10,4,,0,70,,19233,10,4,,0,30,,23267,10,4,,0,70,,23268,10,4,,0,30,,23269,10,4,,0,71,,23270,10,4,,0,30,,23271,10,4,,0,70,,23272,10,4,,0,30,,23273,10,4,,0,70,,23274,10,4,,0,31,,23275,10,4,,0,71,,19243,10,4,,0,20,,23276,10,4,,0,20,,19245,10,4,,0,60,,19261,10,4,,0,20,,19246,10,4,,0,20,,19247,10,4,,0,60,,23277,10,4,,0,19,,23278,10,4,,0,19,,23286,10,4,,0,60,,19250,10,4,,0,20,,23279,10,4,,0,20,,19252,10,4,,0,60,,19253,10,4,,0,30,,23280,10,4,,0,69,,23281,10,4,,0,25,,19256,10,4,,0,70,,23282,10,4,,0,30,,23283,10,4,,0
802019,'1797',842,,19292,10,4,,0,71,,23295,10,4,,0,30,,19288,10,4,,0,70,,19289,10,4,,0,30,,23293,10,4,,0,70,,19270,10,4,,0,30,,19283,10,4,,0,70,,23292,10,4,,0,30,,19269,10,4,,0,70,,19282,10,4,,0,30,,23290,10,4,,0,70,,19271,10,4,,0,30,,19281,10,4,,0,70,,23291,10,4,,0,30,,19267,10,4,,0,70,,19280,10,4,,0,30,,23289,10,4,,0,70,,19268,10,4,,0,30,,19279,10,4,,0,70,,23288,10,4,,0,30,,19266,10,4,,0,70,,19278,10,4,,0,30,,23294,10,4,,0,70,,19285,10,4,,0,30,,19286,10,4,,0,70,,23296,10,4,,0,30,,19290,10,4,,0
802019,'1798',842,,19294,10,4,,0,71,,19306,10,4,,0,30,,23297,10,4,,0,70,,19295,10,4,,0,30,,19300,10,4,,0,70,,19304,10,4,,0,30,,19311,10,4,,0,70,,19315,10,4,,0,30,,19303,10,4,,0,70,,19305,10,4,,0,30,,19316,10,4,,0,70,,19310,10,4,,0,30,,19299,10,4,,0,70,,19314,10,4,,0,30,,19309,10,4,,0,70,,19297,10,4,,0,30,,19313,10,4,,0,70,,19293,10,4,,0,30,,19312,10,4,,0,70,,19319,10,4,,0,30,,19308,10,4,,0,70,,19298,10,4,,0,30,,19317,10,4,,0,70,,19301,10,4,,0,30,,19296,10,4,,0,70,,19318,10,4,,0,30,,19302,10,4,,0
802019,'1799',842,,19321,10,4,,0,71,,19333,10,4,,0,30,,23298,10,4,,0,70,,19322,10,4,,0,30,,19327,10,4,,0,70,,19331,10,4,,0,30,,19338,10,4,,0,70,,19342,10,4,,0,30,,19330,10,4,,0,70,,19332,10,4,,0,30,,19343,10,4,,0,70,,19337,10,4,,0,30,,19326,10,4,,0,70,,19341,10,4,,0,30,,19336,10,4,,0,70,,19324,10,4,,0,30,,19340,10,4,,0,70,,19320,10,4,,0,30,,19339,10,4,,0,70,,19346,10,4,,0,30,,19335,10,4,,0,70,,19325,10,4,,0,30,,19344,10,4,,0,70,,19328,10,4,,0,30,,19323,10,4,,0,70,,19345,10,4,,0,30,,19329,10,4,,0
802019,'1800',842,,19348,10,4,,0,71,,19360,10,4,,0,30,,23299,10,4,,0,70,,19349,10,4,,0,30,,19354,10,4,,0,70,,19358,10,4,,0,30,,19365,10,4,,0,70,,19369,10,4,,0,30,,19357,10,4,,0,70,,19359,10,4,,0,30,,19370,10,4,,0,70,,19364,10,4,,0,30,,19353,10,4,,0,70,,19368,10,4,,0,30,,19363,10,4,,0,70,,19351,10,4,,0,30,,19367,10,4,,0,70,,19347,10,4,,0,30,,19366,10,4,,0,70,,19373,10,4,,0,30,,19362,10,4,,0,70,,19352,10,4,,0,30,,19371,10,4,,0,70,,19355,10,4,,0,30,,19350,10,4,,0,70,,19372,10,4,,0,30,,19356,10,4,,0
