2019,'1796',506,,19803,28,0,5 2 13 14,0,136,,14015,37,,,0,70,,14016,37,,,0,29,,14017,37,,,0,71,,14018,37,,,0,30,,14019,37,,,0,70,,14020,37,,,0,30,,14021,37,,,0,70,,14022,37,,,0,30,,14023,37,,,0,70,,14024,37,,,0,30,,14025,37,,,0,70,,14026,37,,,0,30,,14027,37,,,0,70,,14028,37,,,0,30,,14029,37,,,0,70,,14030,37,,,0,31,,14031,37,,,0,70,,14032,37,,,0,30,,14033,37,,,0,71,,14034,37,,,0,30,,14035,37,,,0,68,,14036,37,,,0,30,,14037,37,,,0,70,,14038,37,,,0,30,,14039,37,,,0,70,,14045,37,,,0,30,,14040,37,,,0,100,,14041,37,,,0,100,,14042,37,,,0,100,,14043,37,,,0,101,,14044,37,,,0
2019,'1797',641,,14047,28,,,0,70,,14054,37,,,0,30,,14063,37,,,0,70,,14070,37,,,0,30,,14048,37,,,0,70,,14055,37,,,0,30,,14064,37,,,0,70,,14071,37,,,0,30,,14049,37,,,0,70,,14056,37,,,0,30,,14065,37,,,0,70,,14072,37,,,0,30,,14050,37,,,0,70,,14057,37,,,0,30,,14066,37,,,0,70,,14073,37,,,0,30,,14051,37,,,0,70,,14058,37,,,0,30,,14067,37,,,0,70,,14074,37,,,0,30,,14052,37,,,0,70,,14059,37,,,0,30,,14068,37,,,0,70,,14075,37,,,0,30,,14053,37,,,0,70,,14060,37,,,0,30,,14069,37,,,0,100,,14061,37,,,0,100,,14076,37,,,0,100,,14062,37,,,0,98,,14077,37,,,0
2019,'1798',710,,14105,37,,,0,30,,14082,37,,,0,70,,14086,37,,,0,30,,14098,37,,,0,71,,14093,37,,,0,30,,14083,37,,,0,70,,14087,37,,,0,30,,14099,37,,,0,70,,14094,37,,,0,30,,14084,37,,,0,70,,14088,37,,,0,30,,14100,37,,,0,70,,14095,37,,,0,30,,14085,37,,,0,70,,14089,37,,,0,30,,14101,37,,,0,70,,14096,37,,,0,30,,14080,37,,,0,70,,14090,37,,,0,30,,14102,37,,,0,70,,14097,37,,,0,30,,14078,37,,,0,70,,14091,37,,,0,30,,14103,37,,,0,100,,14079,37,,,0,100,,14104,37,,,0,100,,14081,37,,,0,100,,14092,37,,,0,99,,14106,37,,,0
2019,'1799',710,,14134,37,,,0,30,,14111,37,,,0,70,,14115,37,,,0,30,,14127,37,,,0,71,,14122,37,,,0,30,,14112,37,,,0,70,,14116,37,,,0,30,,14128,37,,,0,70,,14123,37,,,0,30,,14113,37,,,0,70,,14117,37,,,0,30,,14129,37,,,0,70,,14124,37,,,0,30,,14114,37,,,0,70,,14118,37,,,0,30,,14130,37,,,0,70,,14125,37,,,0,30,,14109,37,,,0,70,,14119,37,,,0,30,,14131,37,,,0,70,,14126,37,,,0,30,,14107,37,,,0,70,,14120,37,,,0,30,,14132,37,,,0,100,,14108,37,,,0,100,,14133,37,,,0,100,,14110,37,,,0,100,,14121,37,,,0,99,,14135,37,,,0
2019,'1800',710,,14163,37,,,0,30,,14140,37,,,0,70,,14144,37,,,0,30,,14156,37,,,0,71,,14151,37,,,0,30,,14141,37,,,0,70,,14145,37,,,0,30,,14157,37,,,0,70,,14152,37,,,0,30,,14142,37,,,0,70,,14146,37,,,0,30,,14158,37,,,0,70,,14153,37,,,0,30,,14143,37,,,0,70,,14147,37,,,0,30,,14159,37,,,0,70,,14154,37,,,0,30,,14138,37,,,0,70,,14148,37,,,0,30,,14160,37,,,0,70,,14155,37,,,0,30,,14136,37,,,0,70,,14149,37,,,0,30,,14161,37,,,0,100,,14137,37,,,0,100,,14162,37,,,0,100,,14139,37,,,0,100,,14150,37,,,0,99,,14164,37,,,0
7019,'1796',542,,14820,17,,,0,103,,14821,17,,,0,70,,20282,17,,,0,32,,14830,17,,,0,72,,14823,17,,,0,30,,14831,17,,,0,68,,20283,17,,,0,30,,20288,17,,,0,70,,20284,17,,,0,30,,20289,17,,,0,70,,20285,17,,,0,30,,20290,17,,,0,70,,14827,17,,,0,30,,20291,17,,,0,70,,20286,17,,,0,30,,20292,17,,,0,71,,20287,17,,,0,32,,14849,17,,,0,73,,14850,17,,,0,27,,20298,17,,,0,70,,20299,17,,,0,30,,20293,17,,,0,68,,14839,17,,,0,29,,20294,17,,,0,70,,14841,17,,,0,28,,14842,17,,,0,70,,20295,17,,,0,28,,20296,17,,,0,70,,20297,17,,,0,30,,14846,17,,,0,100,,14847,17,,,0,71,,14854,2,,,0,28,,14848,17,,,0,100,,14840,17,,,0
7019,'1797',643,,14869,17,,,0,69,,20304,17,,,0,30,,20310,17,,,0,70,,20305,17,,,0,31,,20311,17,,,0,70,,20306,17,,,0,30,,14872,17,,,0,71,,20307,17,,,0,30,,20312,17,,,0,70,,20308,17,,,0,30,,20313,17,,,0,70,,14867,17,,,0,30,,14875,17,,,0,70,,20309,17,,,0,30,,20314,17,,,0,70,,14881,17,,,0,31,,20315,17,,,0,70,,14883,17,,,0,30,,14878,17,,,0,70,,20318,17,,,0,29,,20316,17,,,0,70,,20319,17,,,0,30,,20317,17,,,0,70,,20322,17,,,0,29,,14857,17,,,0,69,,20320,17,,,0,30,,20302,17,,,0,70,,20321,17,,,0,30,,20303,17,,,0,100,,14860,17,,,0,72,,14889,2,,,0,28,,14861,17,,,0
7019,'1798',742,,14896,17,,,0,71,,20346,2,,,0,30,,14897,17,,,0,73,,20339,2,,,0,27,,20330,17,,,0,73,,20345,2,,,0,28,,14898,17,,,0,72,,20338,2,,,0,28,,14899,17,,,0,72,,20344,2,,,0,28,,20327,17,,,0,73,,20337,2,,,0,27,,14901,17,,,0,73,,20343,2,,,0,28,,14902,17,,,0,73,,20336,2,,,0,27,,20328,17,,,0,73,,20342,2,,,0,26,,14904,17,,,0,73,,20335,2,,,0,27,,14892,17,,,0,72,,20341,2,,,0,27,,20325,17,,,0,72,,14917,2,,,0,27,,14891,17,,,0,72,,20340,2,,,0,28,,14895,17,,,0,72,,14925,2,,,0,28,,20326,17,,,0
7019,'1799',742,,14931,17,,,0,71,,20368,2,,,0,30,,14932,17,,,0,73,,20361,2,,,0,27,,20352,17,,,0,73,,20367,2,,,0,28,,14933,17,,,0,72,,20360,2,,,0,28,,14934,17,,,0,72,,20366,2,,,0,28,,20349,17,,,0,73,,20359,2,,,0,27,,14936,17,,,0,73,,20365,2,,,0,28,,14937,17,,,0,73,,20358,2,,,0,27,,20350,17,,,0,73,,20364,2,,,0,26,,14939,17,,,0,73,,20357,2,,,0,27,,14927,17,,,0,72,,20363,2,,,0,27,,20347,17,,,0,72,,14952,2,,,0,27,,14926,17,,,0,72,,20362,2,,,0,28,,14930,17,,,0,72,,14960,2,,,0,28,,20348,17,,,0
7019,'1800',742,,14966,17,,,0,71,,20390,2,,,0,30,,14967,17,,,0,73,,20383,2,,,0,27,,20374,17,,,0,73,,20389,2,,,0,28,,14968,17,,,0,72,,20382,2,,,0,28,,14969,17,,,0,72,,20388,2,,,0,28,,20371,17,,,0,73,,20381,2,,,0,27,,14971,17,,,0,73,,20387,2,,,0,28,,14972,17,,,0,73,,20380,2,,,0,27,,20372,17,,,0,73,,20386,2,,,0,26,,14974,17,,,0,73,,20379,2,,,0,27,,14962,17,,,0,72,,20385,2,,,0,27,,20369,17,,,0,72,,14987,2,,,0,27,,14961,17,,,0,72,,20384,2,,,0,28,,14965,17,,,0,72,,14995,2,,,0,28,,20370,17,,,0
