2019,'1796',503,,14046,25,0,5 2 13 14,0,136,,14015,34,,,0,70,,14016,34,,,0,29,,14017,34,,,0,71,,14018,34,,,0,30,,14019,34,,,0,70,,14020,34,,,0,30,,14021,34,,,0,70,,14022,34,,,0,30,,14023,34,,,0,70,,14024,34,,,0,30,,14025,34,,,0,70,,14026,34,,,0,30,,14027,34,,,0,70,,14028,34,,,0,30,,14029,34,,,0,70,,14030,34,,,0,30,,14031,34,,,0,70,,14032,34,,,0,30,,14033,34,,,0,71,,14034,34,,,0,30,,14035,34,,,0,69,,14036,34,,,0,30,,14037,34,,,0,70,,14038,34,,,0,30,,14039,34,,,0,70,,14045,34,,,0,30,,14040,34,,,0,100,,14041,34,,,0,100,,14042,34,,,0,100,,14043,34,,,0,100,,14044,34,,,0
2019,'1797',638,,14047,25,,,0,70,,14054,34,,,0,30,,14063,34,,,0,70,,14070,34,,,0,30,,14048,34,,,0,70,,14055,34,,,0,30,,14064,34,,,0,70,,14071,34,,,0,30,,14049,34,,,0,70,,14056,34,,,0,30,,14065,34,,,0,70,,14072,34,,,0,30,,14050,34,,,0,70,,14057,34,,,0,30,,14066,34,,,0,70,,14073,34,,,0,30,,14051,34,,,0,70,,14058,34,,,0,30,,14067,34,,,0,70,,14074,34,,,0,30,,14052,34,,,0,70,,14059,34,,,0,30,,14068,34,,,0,70,,14075,34,,,0,30,,14053,34,,,0,70,,14060,34,,,0,30,,14069,34,,,0,100,,14061,34,,,0,100,,14076,34,,,0,100,,14062,34,,,0,98,,14077,34,,,0
2019,'1798',707,,14105,34,,,0,30,,14082,34,,,0,70,,14086,34,,,0,30,,14098,34,,,0,71,,14093,34,,,0,30,,14083,34,,,0,70,,14087,34,,,0,30,,14099,34,,,0,70,,14094,34,,,0,30,,14084,34,,,0,70,,14088,34,,,0,30,,14100,34,,,0,70,,14095,34,,,0,30,,14085,34,,,0,70,,14089,34,,,0,30,,14101,34,,,0,70,,14096,34,,,0,30,,14080,34,,,0,70,,14090,34,,,0,30,,14102,34,,,0,70,,14097,34,,,0,30,,14078,34,,,0,70,,14091,34,,,0,30,,14103,34,,,0,100,,14079,34,,,0,100,,14104,34,,,0,100,,14081,34,,,0,100,,14092,34,,,0,99,,14106,34,,,0
2019,'1799',707,,14134,34,,,0,30,,14111,34,,,0,70,,14115,34,,,0,30,,14127,34,,,0,71,,14122,34,,,0,30,,14112,34,,,0,70,,14116,34,,,0,30,,14128,34,,,0,70,,14123,34,,,0,30,,14113,34,,,0,70,,14117,34,,,0,30,,14129,34,,,0,70,,14124,34,,,0,30,,14114,34,,,0,70,,14118,34,,,0,30,,14130,34,,,0,70,,14125,34,,,0,30,,14109,34,,,0,70,,14119,34,,,0,30,,14131,34,,,0,70,,14126,34,,,0,30,,14107,34,,,0,70,,14120,34,,,0,30,,14132,34,,,0,100,,14108,34,,,0,100,,14133,34,,,0,100,,14110,34,,,0,100,,14121,34,,,0,99,,14135,34,,,0
2019,'1800',707,,14163,34,,,0,30,,14140,34,,,0,70,,14144,34,,,0,30,,14156,34,,,0,71,,14151,34,,,0,30,,14141,34,,,0,70,,14145,34,,,0,30,,14157,34,,,0,70,,14152,34,,,0,30,,14142,34,,,0,70,,14146,34,,,0,30,,14158,34,,,0,70,,14153,34,,,0,30,,14143,34,,,0,70,,14147,34,,,0,30,,14159,34,,,0,70,,14154,34,,,0,30,,14138,34,,,0,70,,14148,34,,,0,30,,14160,34,,,0,70,,14155,34,,,0,30,,14136,34,,,0,70,,14149,34,,,0,30,,14161,34,,,0,100,,14137,34,,,0,100,,14162,34,,,0,100,,14139,34,,,0,100,,14150,34,,,0,99,,14164,34,,,0
14000001019,'1796',2431,,19498,41,,,0,70,,19495,41,,,0,30,,19496,41,,,0,70,,19497,41,,,0,30,,19494,41,,,0
14000001019,'1797',2431,,19503,41,,,0,70,,19499,41,,,0,30,,19502,41,,,0,70,,19501,41,,,0,30,,19500,41,,,0
14000001019,'1798',2431,,19507,41,,,0,70,,19506,41,,,0,30,,19504,41,,,0,70,,19508,41,,,0,30,,19505,41,,,0
14000001019,'1799',2431,,19512,41,,,0,70,,19511,41,,,0,30,,19509,41,,,0,70,,19513,41,,,0,30,,19510,41,,,0
14000001019,'1800',2431,,19517,41,,,0,70,,19516,41,,,0,30,,19514,41,,,0,70,,19518,41,,,0,30,,19515,41,,,0
