'1515',4019,64800,4,'',0,6700,4,'',0,10400,4,'',0,10000,4,'',0,2500,4,'',0,7100,4,'',0,2800,4,'',0,7000,4,'',0,3100,4,'',0,7200,4,'',0,3000,4,'',0,7000,4,'',0,3000,4,'',0,7000,4,'',0,3000,4,'',0,7200,4,'',0,3300,4,'',0,6700,4,'',0,2400,4,'',0,7400,4,'',0,2300,4,'',0,7600,4,'',0,2500,4,'',0,7500,4,'',0,2800,4,'',0,7000,4,'',0
'1516',4019,64300,4,'',0,7000,4,'',0,3000,4,'',0,7000,4,'',0,3000,4,'',0,7000,4,'',0,3000,4,'',0,7300,4,'',0,3000,4,'',0,7000,4,'',0,3000,4,'',0,7000,4,'',0,3100,4,'',0,7000,4,'',0,3000,4,'',0,6900,4,'',0,3000,4,'',0,7000,4,'',0,3000,4,'',0,7000,4,'',0,3000,4,'',0,6900,4,'',0,3000,4,'',0,7000,4,'',0,2800,4,'',0,7000,4,'',0,30000,4,'',0
'1517',4019,71300,4,'',0,10000,4,'',0,10000,4,'',0,10300,4,'',0,3000,4,'',0,7000,4,'',0,3000,4,'',0,7000,4,'',0,3100,4,'',0,7000,4,'',0,3000,4,'',0,6900,4,'',0,3000,4,'',0,7000,4,'',0,3000,4,'',0,7000,4,'',0,3000,4,'',0,6900,4,'',0,3000,4,'',0,7000,4,'',0,2800,4,'',0,7000,4,'',0
'1515',7019,63000,4,'',0,7200,4,'',0,3100,4,'',0,7200,4,'',0,3000,4,'',0,6900,4,'',0,3000,4,'',0,7100,4,'',0,3000,4,'',0,7000,4,'',0,3000,4,'',0,7000,4,'',0,3000,4,'',0,7000,4,'',0,3000,4,'',0,7000,4,'',0,3000,4,'',0,6700,4,'',0,3100,4,'',0,7000,4,'',0,3000,4,'',0,7000,4,'',0,3000,4,'',0,7200,4,'',0,2800,4,'',0,7000,4,'',0,3000,4,'',0,7000,4,'',0,2600,4,'',0,2700,4,'',0,10000,4,'',0,10000,4,'',0,10000,4,'',0
'1516',7019,63000,4,'',0,2800,4,'',0,7000,4,'',0,3000,4,'',0,7000,4,'',0,3000,4,'',0,7000,4,'',0,3000,4,'',0,7200,4,'',0,7000,4,'',0,3000,4,'',0,7000,4,'',0,3000,4,'',0,7000,4,'',0,3000,4,'',0,7000,4,'',0,3000,4,'',0,7100,4,'',0,3000,4,'',0,7000,4,'',0,3000,4,'',0,7000,4,'',0,3000,4,'',0,7000,4,'',0,3000,4,'',0,7000,4,'',0,2700,4,'',0,3000,4,'',0,6800,4,'',0,3000,4,'',0,10000,4,'',0,10000,4,'',0
'1517',7019,75800,4,'',0,7000,4,'',0,3000,4,'',0,7000,4,'',0,10200,4,'',0,7000,4,'',0,3000,4,'',0,7000,4,'',0,3000,4,'',0,7000,4,'',0,3000,4,'',0,7000,4,'',0,3000,4,'',0,7000,4,'',0,3000,4,'',0,7000,4,'',0,3000,4,'',0,7000,4,'',0,3000,4,'',0,7000,4,'',0,3000,4,'',0,7000,4,'',0,2800,4,'',0,3000,4,'',0,6800,4,'',0,3000,4,'',0,7000,4,'',0,3000,4,'',0
'1515',14019,61000,,'',0,2500,4,'',0,1500,,'',0,6500,4,'',0,500,,'',0,2500,4,'',0,500,,'',0,6000,,'',0,700,4,'',0,2000,4,'',0,300,,'',0,6700,4,'',0,300,,'',0,2700,4,'',0,300,,'',0,6700,4,'',0,300,,'',0,2700,4,'',0,300,,'',0,6700,4,'',0,300,,'',0,2700,4,'',0,300,,'',0,6700,4,'',0,300,,'',0,2700,4,'',0,300,,'',0,6700,4,'',0,300,,'',0,2700,4,'',0,300,,'',0,6700,4,'',0,300,,'',0,2700,4,'',0,300,,'',0,6800,4,'',0,200,,'',0,3000,4,'',0,1000,,'',0,7000,4,'',0,3000,4,'',0,6800,4,'',0,200,,'',0,2800,4,'',0,200,,'',0,6000,,'',0,800,4,'',0,1900,4,'',0,300,,'',0,6700,4,'',0,300,,'',0,2700,4,'',0,300,0,'B - INVISTA Ctr',0,1500,0,'B - INVISTA Ctr',0,5000,,'',0,2600,4,'',0,100,0,'B - INVISTA Ctr',0,7000,,'',0,2600,4,'',0,400,0,'B - INVISTA Ctr',0,7000,,'',0,2600,4,'',0,400,0,'B - INVISTA Ctr',0,19300,0,'B - INVISTA Ctr',0
'1516',14019,61000,0,'B - INVISTA Ctr',0,2500,,'',0,6500,4,'',0,2500,4,'',0,500,,'',0,2500,4,'',0,4500,,'',0,2700,4,'',0,300,,'',0,2700,4,'',0,4300,,'',0,2700,4,'',0,300,,'',0,2700,4,'',0,4300,,'',0,2700,4,'',0,300,,'',0,2700,4,'',0,4300,,'',0,2800,4,'',0,200,,'',0,2800,4,'',0,4200,,'',0,2800,4,'',0,200,,'',0,2800,4,'',0,4200,,'',0,2900,4,'',0,100,,'',0,2900,4,'',0,4100,,'',0,2900,4,'',0,100,,'',0,2900,4,'',0,4100,,'',0,2900,4,'',0,100,,'',0,2900,4,'',0,4100,,'',0,2700,4,'',0,300,,'',0,2700,4,'',0,4300,,'',0,2700,4,'',0,300,,'',0,2700,4,'',0,4300,,'',0,2700,4,'',0,300,,'',0,2700,4,'',0,4300,,'',0,2500,4,'',0,7500,,'',0,2500,4,'',0,7500,,'',0,2500,4,'',0,7500,,'',0,2500,4,'',0
'1517',14019,60500,0,'B - INVISTA Ctr',0,10000,0,'B - INVISTA Ctr',0,10000,,'',0,2700,4,'',0,7300,,'',0,2700,4,'',0,7300,,'',0,2700,4,'',0,7300,,'',0,2800,4,'',0,7200,,'',0,2800,4,'',0,7200,,'',0,2900,4,'',0,7100,,'',0,2900,4,'',0,7100,,'',0,2900,4,'',0,7100,,'',0,2700,4,'',0,7300,,'',0,2700,4,'',0,7300,,'',0,2700,4,'',0,7300,,'',0,2500,4,'',0,7500,,'',0,2500,4,'',0,7500,0,'B - INVISTA Ctr',0,10000,0,'B - INVISTA Ctr',0
'1515',15019,60000,,'',0,3000,,'',0,7000,,'',0,3000,,'',0,7000,,'',0,3000,,'',0,7000,,'',0,3000,,'',0,7000,,'',0,3000,,'',0,7000,,'',0,3000,,'',0,7000,,'',0,3000,,'',0,7000,,'',0,3000,,'',0,7000,,'',0,3000,,'',0,7000,,'',0,3000,,'',0,7000,,'',0,3000,,'',0,7000,,'',0,3000,,'',0,7000,,'',0,3000,,'',0,7000,,'',0,3000,,'',0,10000,,'',0,10000,,'',0,10000,0,'B - Gardiners Ctr',0
'1515',15029,62900,4,'',0,2000,4,'',0,7000,4,'',0,3300,4,'',0,7200,4,'',0,2600,4,'',0,6800,4,'',0,3000,4,'',0,7000,4,'',0,3000,4,'',0,7100,4,'',0,3000,4,'',0,7000,4,'',0,3000,4,'',0,7000,4,'',0,3000,4,'',0,7200,4,'',0,3100,4,'',0,7100,4,'',0,3200,4,'',0,7000,4,'',0,3000,4,'',0,6700,4,'',0,2900,4,'',0,6900,4,'',0,2800,4,'',0,7000,4,'',0,3000,4,'',0,6900,4,'',0,2900,4,'',0,6900,4,'',0,10000,4,'',0,10000,4,'',0
'1516',15019,71000,,'',0,10000,,'',0,10000,,'',0,10000,,'',0,10000,,'',0,10000,,'',0,10000,,'',0,10000,,'',0,10000,,'',0,10000,,'',0,10000,,'',0,10000,,'',0,10000,,'',0,10000,,'',0
'1516',15029,75700,4,'',0,9700,4,'',0,10000,4,'',0,10000,4,'',0,10100,4,'',0,10000,4,'',0,10200,4,'',0,10100,4,'',0,10000,4,'',0,9800,4,'',0,10000,4,'',0,10000,4,'',0,9800,4,'',0,9900,4,'',0
'1517',15019,63500,,'',0,10000,,'',0,10000,,'',0,10000,,'',0,10000,,'',0,10000,,'',0,10000,,'',0,10000,,'',0,10000,,'',0,10000,,'',0,10000,,'',0,10000,,'',0,10000,,'',0,10000,,'',0
'1515',19029,82000,,'',0,3000,,'',0,7000,,'',0,3000,,'',0,7100,,'',0,2900,,'',0,7000,,'',0,3000,,'',0,7000,,'',0,3000,,'',0,7000,,'',0,3000,,'',0,7000,,'',0,3000,,'',0,7000,,'',0,30000,,'',0,3000,,'',0,7000,,'',0,10000,,'',0,10000,,'',0,10000,,'',0,10000,,'',0
'1516',19019,201000,4,'',0
'1516',19029,55500,,'',0,6500,,'',0,3000,,'',0,7000,,'',0,3000,,'',0,7000,,'',0,3000,,'',0,7000,,'',0,3000,,'',0,7000,,'',0,3000,,'',0,7000,,'',0,3000,,'',0,7000,,'',0,3000,,'',0,7000,,'',0,3000,,'',0,7000,,'',0,3000,,'',0,7000,,'',0,3000,,'',0,7000,,'',0,3000,,'',0,7000,,'',0,3000,,'',0,7000,,'',0,3000,,'',0,7000,,'',0,3000,,'',0,8500,,'',0,10000,,'',0,10000,,'',0,8500,,'',0
'1517',19019,73900,4,'',0,120100,4,'',0,39900,4,'',0
'1517',19029,61500,,'',0,10500,,'',0,10000,,'',0,3000,,'',0,7000,,'',0,3000,,'',0,7000,,'',0,3000,,'',0,7000,,'',0,3000,,'',0,7000,,'',0,3000,,'',0,7000,,'',0,3000,,'',0,7000,,'',0,3000,,'',0,7000,,'',0,3000,,'',0,7000,,'',0,3000,,'',0,7000,,'',0,3000,,'',0,7000,,'',0,3000,,'',0,7000,,'',0,3500,,'',0,8000,,'',0,10000,,'',0,10000,,'',0,8500,,'',0
'1517',502019,212000,4,'',0,10000,4,'',0,9800,4,'',0
'1515',10019019,62200,4,'',0,99500,4,'',0,3000,4,'',0,7000,4,'',0,3000,4,'',0,6700,4,'',0,21000,4,'',0
'1515',10019029,62500,,'',0,1500,,'',0,7000,,'',0,3000,,'',0,80000,,'',0,7000,,'',0,3000,,'',0,7000,,'',0,3000,,'',0,21000,,'',0
