6029,'1796',626,,20196,19,,,0,30,,20197,19,,,0,73,,14730,19,,,0,30,,14731,19,,,0,70,,20198,19,,,0,30,,20199,19,,,0,68,,20200,19,,,0,30,,20201,19,,,0,70,,20202,19,,,0,30,,20203,19,,,0,70,,20204,19,,,0,30,,20205,19,,,0,70,,20206,19,,,0,30,,20207,19,,,0,70,,20208,19,,,0,30,,20209,19,,,0,70,,20210,19,,,0,73,,20211,19,,,0,30,,20212,19,,,0,70,,20213,19,,,0,30,,20214,19,,,0,70,,20215,19,,,0,30,,20216,19,,,0,27,,14751,19,,,0,70,,20217,19,,,0,30,,20218,19,,,0,90,,20194,19,,,0,98,,14727,19,,,0,100,,20193,19,,,0,100,,20195,19,,,0
6029,'1797',623,,20220,19,,,0,30,,14757,19,,,0,65,,20237,19,,,0,30,,14781,19,,,0,70,,20221,19,,,0,30,,20231,19,,,0,70,,20238,19,,,0,30,,20244,19,,,0,71,,20230,19,,,0,30,,20243,19,,,0,70,,20229,19,,,0,30,,20235,19,,,0,70,,20228,19,,,0,30,,20242,19,,,0,70,,20227,19,,,0,30,,20234,19,,,0,70,,20226,19,,,0,30,,20241,19,,,0,70,,20225,19,,,0,30,,20233,19,,,0,70,,20224,19,,,0,30,,20240,19,,,0,70,,20223,19,,,0,30,,20232,19,,,0,70,,20222,19,,,0,30,,20239,19,,,0
15019,'1796',721,,20744,69,,,0,31,,20745,69,,,0,76,,20746,69,,,0,30,,20747,69,,,0,65,,20748,69,,,0,30,,20749,69,,,0,70,,15605,69,,,0,30,,20750,69,,,0,70,,20751,69,,,0,30,,20752,69,,,0,70,,20753,69,,,0,30,,15610,69,,,0,70,,15611,69,,,0,30,,20754,69,,,0,70,,20755,69,,,0,35,,15614,69,,,0,72,,20756,69,,,0,70,,20757,69,,,0,29,,20758,69,,,0,27,,15618,69,,,0,69,,20759,69,,,0,29,,20760,69,,,0,67,,20761,69,,,0,30,,15622,69,,,0,70,,20762,69,,,0,30,,20763,69,,,0,70,,20764,69,,,0,100,,20765,69,,,0,98,,20766,69,,,0
15019,'1797',755,,15629,69,,,0,100,,20767,69,,,0,100,,20768,69,,,0,101,,15632,69,,,0,100,,20769,69,,,0,100,,20770,69,,,0,103,,15635,69,,,0,100,,20771,69,,,0,100,,20772,69,,,0,98,,15638,69,,,0,99,,20773,69,,,0,100,,20774,69,,,0,100,,15641,69,,,0,99,,20775,69,,,0
15019,'1798',755,,20781,69,,,0,100,,15653,69,,,0,100,,15656,69,,,0,101,,20780,69,,,0,100,,15651,69,,,0,100,,15649,69,,,0,102,,20779,69,,,0,100,,15650,69,,,0,100,,15647,69,,,0,99,,20778,69,,,0,99,,15645,69,,,0,100,,15646,69,,,0,100,,20777,69,,,0,99,,15657,69,,,0
15019,'1799',755,,20786,69,,,0,100,,15667,69,,,0,100,,15670,69,,,0,101,,20785,69,,,0,100,,15665,69,,,0,100,,15663,69,,,0,102,,20784,69,,,0,100,,15664,69,,,0,100,,15661,69,,,0,99,,20783,69,,,0,99,,15659,69,,,0,100,,15660,69,,,0,100,,20782,69,,,0,99,,15671,69,,,0
15019,'1800',755,,20791,69,,,0,100,,15681,69,,,0,100,,15684,69,,,0,101,,20790,69,,,0,100,,15679,69,,,0,100,,15677,69,,,0,102,,20789,69,,,0,100,,15678,69,,,0,100,,15675,69,,,0,99,,20788,69,,,0,99,,15673,69,,,0,100,,15674,69,,,0,100,,20787,69,,,0,99,,15685,69,,,0
502029,'1796',537,,22291,8,,,0,15,,22292,8,,,0,55,,22293,8,,,0,16,,22294,8,,,0,7,,22295,8,,,0,8,,22296,8,,,0,15,,22297,8,,,0,53,,22298,8,,,0,12,,22299,8,,,0,13,,22300,8,,,0,6,,22301,8,,,0,6,,22302,8,,,0,12,,22303,8,,,0,46,,17574,8,,,0,6,,22304,8,,,0,12,,22305,8,,,0,12,,22306,8,,,0,12,,22307,8,,,0,11,,22308,8,,,0,54,,22309,8,,,0,15,,22310,8,,,0,15,,22311,8,,,0,15,,22312,8,,,0,55,,22313,8,,,0,15,,22314,8,,,0,15,,22315,8,,,0,15,,22316,8,,,0,55,,22317,8,,,0,16,,22318,8,,,0,15,,22319,8,,,0,15,,22320,8,,,0,55,,22321,8,,,0,15,,22322,8,,,0,15,,22323,8,,,0,15,,22324,8,,,0,55,,22325,8,,,0,15,,22326,8,,,0,15,,22327,8,,,0,15,,22328,8,,,0,55,,22329,8,,,0,15,,22330,8,,,0,16,,22331,8,,,0,15,,22332,8,,,0,55,,22333,8,,,0,15,,22334,8,,,0,12,,22335,8,,,0,12,,22336,8,,,0,52,,22337,8,,,0,12,,22338,8,,,0,11,,22339,8,,,0,12,,22340,8,,,0,12,,22341,8,,,0,52,,22342,8,,,0,12,,22343,8,,,0,11,,22344,8,,,0,12,,22345,8,,,0,12,,22346,8,,,0,12,,22347,8,,,0,52,,22348,8,,,0,12,,22349,8,,,0,15,,22350,8,,,0,15,,22360,8,,,0,55,,22351,8,,,0,29,,22352,8,,,0,70,,22353,8,,,0,30,,22354,8,,,0,70,,22355,8,,,0,30,,22356,8,,,0,70,,22357,8,,,0,30,,22358,8,,,0,70,,22359,8,,,0
502029,'1797',611,,22368,8,,,0,15,,22414,8,,,0,15,,22375,8,,,0,70,,22367,8,,,0,30,,22376,8,,,0,66,,22366,8,,,0,30,,22377,8,,,0,71,,22365,8,,,0,30,,22378,8,,,0,15,,22379,8,,,0,55,,22405,8,,,0,15,,22388,8,,,0,15,,22397,8,,,0,15,,22380,8,,,0,55,,22406,8,,,0,15,,22389,8,,,0,15,,22398,8,,,0,15,,22381,8,,,0,55,,22407,8,,,0,15,,22390,8,,,0,15,,22399,8,,,0,15,,22382,8,,,0,55,,22408,8,,,0,15,,22391,8,,,0,15,,22400,8,,,0,15,,22383,8,,,0,55,,22409,8,,,0,15,,22392,8,,,0,15,,22401,8,,,0,15,,22384,8,,,0,55,,22410,8,,,0,15,,22393,8,,,0,15,,22402,8,,,0,15,,22385,8,,,0,55,,22411,8,,,0,15,,22394,8,,,0,15,,22403,8,,,0,15,,22386,8,,,0,55,,22412,8,,,0,15,,22395,8,,,0,15,,22370,8,,,0,15,,22387,8,,,0,55,,22404,8,,,0,15,,22396,8,,,0,15,,22371,8,,,0,15,,22413,8,,,0,85,,22372,8,,,0,70,,22364,8,,,0,30,,22373,8,,,0,70,,22363,8,,,0,30,,22369,8,,,0,69,,22362,8,,,0,30,,22374,8,,,0,70,,22361,8,,,0
502029,'1798',613,,22433,8,,,0,28,,22415,8,,,0,65,,22424,8,,,0,30,,22449,8,,,0,71,,22429,8,,,0,30,,22448,8,,,0,71,,22427,8,,,0,30,,22447,8,,,0,70,,22416,8,,,0,30,,22446,8,,,0,15,,22458,8,,,0,55,,22417,8,,,0,15,,22460,8,,,0,15,,22445,8,,,0,15,,22463,8,,,0,55,,22418,8,,,0,15,,22452,8,,,0,15,,22444,8,,,0,15,,22455,8,,,0,55,,22419,8,,,0,15,,22457,8,,,0,15,,22443,8,,,0,15,,22461,8,,,0,55,,22420,8,,,0,15,,22462,8,,,0,15,,22442,8,,,0,15,,22451,8,,,0,55,,22421,8,,,0,15,,22454,8,,,0,15,,22441,8,,,0,15,,22456,8,,,0,55,,22422,8,,,0,15,,22459,8,,,0,15,,22440,8,,,0,15,,22464,8,,,0,55,,22423,8,,,0,15,,22450,8,,,0,15,,22439,8,,,0,15,,22453,8,,,0,55,,22432,8,,,0,30,,22438,8,,,0,70,,22430,8,,,0,30,,22437,8,,,0,70,,22425,8,,,0,30,,22436,8,,,0,70,,22426,8,,,0,30,,22434,8,,,0,69,,22431,8,,,0,30,,22435,8,,,0,70,,22428,8,,,0
502029,'1799',613,,22483,8,,,0,28,,22465,8,,,0,65,,22474,8,,,0,30,,22499,8,,,0,71,,22479,8,,,0,30,,22498,8,,,0,71,,22477,8,,,0,30,,22497,8,,,0,70,,22466,8,,,0,30,,22496,8,,,0,15,,22508,8,,,0,55,,22467,8,,,0,15,,22510,8,,,0,15,,22495,8,,,0,15,,22513,8,,,0,55,,22468,8,,,0,15,,22502,8,,,0,15,,22494,8,,,0,15,,22505,8,,,0,55,,22469,8,,,0,15,,22507,8,,,0,15,,22493,8,,,0,15,,22511,8,,,0,55,,22470,8,,,0,15,,22512,8,,,0,15,,22492,8,,,0,15,,22501,8,,,0,55,,22471,8,,,0,15,,22504,8,,,0,15,,22491,8,,,0,15,,22506,8,,,0,55,,22472,8,,,0,15,,22509,8,,,0,15,,22490,8,,,0,15,,22514,8,,,0,55,,22473,8,,,0,15,,22500,8,,,0,15,,22489,8,,,0,15,,22503,8,,,0,55,,22482,8,,,0,30,,22488,8,,,0,70,,22480,8,,,0,30,,22487,8,,,0,70,,22475,8,,,0,30,,22486,8,,,0,70,,22476,8,,,0,30,,22484,8,,,0,69,,22481,8,,,0,30,,22485,8,,,0,70,,22478,8,,,0
502029,'1800',613,,22533,8,,,0,28,,22515,8,,,0,65,,22524,8,,,0,30,,22549,8,,,0,71,,22529,8,,,0,30,,22548,8,,,0,71,,22527,8,,,0,30,,22547,8,,,0,70,,22516,8,,,0,30,,22546,8,,,0,15,,22558,8,,,0,55,,22517,8,,,0,15,,22560,8,,,0,15,,22545,8,,,0,15,,22563,8,,,0,55,,22518,8,,,0,15,,22552,8,,,0,15,,22544,8,,,0,15,,22555,8,,,0,55,,22519,8,,,0,15,,22557,8,,,0,15,,22543,8,,,0,15,,22561,8,,,0,55,,22520,8,,,0,15,,22562,8,,,0,15,,22542,8,,,0,15,,22551,8,,,0,55,,22521,8,,,0,15,,22554,8,,,0,15,,22541,8,,,0,15,,22556,8,,,0,55,,22522,8,,,0,15,,22559,8,,,0,15,,22540,8,,,0,15,,22564,8,,,0,55,,22523,8,,,0,15,,22550,8,,,0,15,,22539,8,,,0,15,,22553,8,,,0,55,,22532,8,,,0,30,,22538,8,,,0,70,,22530,8,,,0,30,,22537,8,,,0,70,,22525,8,,,0,30,,22536,8,,,0,70,,22526,8,,,0,30,,22534,8,,,0,69,,22531,8,,,0,30,,22535,8,,,0,70,,22528,8,,,0
