1019,'1796',545,,13774,17,,,0,70,,19586,17,,,0,30,,19562,17,,,0,70,,19557,17,,,0,31,,19575,17,,,0,71,,19559,17,,,0,30,,19564,17,,,0,70,,19589,17,,,0,30,,19561,17,,,0,70,,19555,17,,,0,31,,19574,17,,,0,70,,19560,17,,,0,30,,19565,17,,,0,70,,19585,17,,,0,30,,19563,17,,,0,70,,19556,17,,,0,30,,19587,17,,,0,70,,19558,17,,,0,30,,19566,17,,,0,70,,19584,17,,,0,29,,19577,17,,,0,70,,19569,17,,,0,30,,19567,17,,,0,70,,19570,17,,,0,30,,19572,17,,,0,70,,19571,17,,,0,29,,19568,17,,,0,70,,19588,17,,,0,30,,19582,17,,,0,70,,19583,17,,,0,30,,19581,17,,,0,70,,19580,17,,,0,34,5,19579,17,,,0,70,5,19578,17,,,0,30,5,19576,17,,,0,65,,19573,17,,,0
1019,'1797',545,,19601,17,,,0,70,,19615,17,,,0,30,,19600,17,,,0,70,,19620,17,,,0,31,,19610,17,,,0,70,,19594,17,,,0,30,,19616,17,,,0,70,,19618,17,,,0,30,,19599,17,,,0,70,,19621,17,,,0,30,,19609,17,,,0,70,,19593,17,,,0,30,,19604,17,,,0,70,,19614,17,,,0,30,,19598,17,,,0,70,,19622,17,,,0,30,,19608,17,,,0,70,,19592,17,,,0,30,,19603,17,,,0,70,,19613,17,,,0,30,,19597,17,,,0,70,,19623,17,,,0,30,,19607,17,,,0,70,,19591,17,,,0,30,,19602,17,,,0,70,,19612,17,,,0,30,,19595,17,,,0,70,,19624,17,,,0,30,,19605,17,,,0,70,,19590,17,,,0,30,,19596,17,,,0,70,,19611,17,,,0,34,5,19606,17,,,0,70,5,19625,17,,,0,30,5,19619,17,,,0,65,,19617,17,,,0
1019,'1798',615,,19626,17,,,0,100,,19627,17,,,0,101,,19628,17,,,0,100,,19629,17,,,0,100,,19630,17,,,0,100,,19631,17,,,0,100,,19632,17,,,0,100,,19633,17,,,0,100,,19634,17,,,0,100,,19635,17,,,0,100,,19636,17,,,0,100,,19637,17,,,0,100,,19638,17,,,0,100,,19639,17,,,0,100,,19640,17,,,0,100,,19641,17,,,0,104,5,19642,17,,,0,95,,19643,17,,,0
1019,'1799',615,,19644,17,,,0,100,,19645,17,,,0,101,,19646,17,,,0,100,,19647,17,,,0,100,,19648,17,,,0,100,,19649,17,,,0,100,,19650,17,,,0,100,,19651,17,,,0,100,,19652,17,,,0,100,,19653,17,,,0,100,,19654,17,,,0,100,,19655,17,,,0,100,,19656,17,,,0,100,,19657,17,,,0,100,,19658,17,,,0,100,,19659,17,,,0,104,5,19660,17,,,0,95,,19661,17,,,0
1019,'1800',615,,19662,17,,,0,100,,19663,17,,,0,101,,19664,17,,,0,100,,19665,17,,,0,100,,19666,17,,,0,100,,19667,17,,,0,100,,19668,17,,,0,100,,19669,17,,,0,100,,19670,17,,,0,100,,19671,17,,,0,100,,19672,17,,,0,100,,19673,17,,,0,100,,19674,17,,,0,100,,19675,17,,,0,100,,19676,17,,,0,100,,19677,17,,,0,104,5,19678,17,,,0,95,,19679,17,,,0
702029,'1796',859,,23061,19,4,,0,70,,23062,19,4,,0,30,,18809,19,4,,0,70,,23063,19,4,,0,30,,23064,19,4,,0,70,,23065,19,4,,0,30,,23066,19,4,,0,70,,23067,19,4,,0,30,,23068,19,4,,0,70,,23069,19,4,,0,30,,23070,19,4,,0,71,,23071,19,4,,0,85,,23072,19,4,,0,100,,18820,19,4,,0,100,,23080,19,4,,0,42,,18821,19,4,,0,68,,23073,19,4,,0,30,,18823,19,4,,0,70,,23074,19,4,,0,30,,23075,19,4,,0,70,,18826,19,4,,0,30,,23076,19,4,,0,70,,23077,19,4,,0
702029,'1797',824,,18898,19,4,,0,31,,23115,19,4,,0,70,,18893,19,4,,0,30,,18894,19,4,,0,70,,23113,19,4,,0,31,,18877,19,4,,0,70,,18889,19,4,,0,30,,23111,19,4,,0,70,,18872,19,4,,0,30,,18888,19,4,,0,71,,23112,19,4,,0,31,,18875,19,4,,0,70,,18887,19,4,,0,30,,23110,19,4,,0,70,,18874,19,4,,0,30,,18886,19,4,,0,70,,23108,19,4,,0,30,,18873,19,4,,0,69,,18885,19,4,,0,29,,23109,19,4,,0,69,,18876,19,4,,0,29,,18884,19,4,,0,70,,23114,19,4,,0,30,,18891,19,4,,0,70,,18895,19,4,,0,30,,23116,19,4,,0,69,,18897,19,4,,0
702029,'1798',824,,18943,19,4,,0,31,,18955,19,4,,0,70,,23152,19,4,,0,30,,18941,19,4,,0,70,,18950,19,4,,0,31,,18951,19,4,,0,70,,18942,19,4,,0,30,,18961,19,4,,0,70,,18939,19,4,,0,30,,18953,19,4,,0,71,,18962,19,4,,0,31,,18945,19,4,,0,70,,18948,19,4,,0,30,,18960,19,4,,0,70,,18940,19,4,,0,30,,18949,19,4,,0,70,,18958,19,4,,0,30,,18938,19,4,,0,69,,18954,19,4,,0,29,,18956,19,4,,0,69,,18946,19,4,,0,29,,18952,19,4,,0,70,,18957,19,4,,0,30,,18944,19,4,,0,70,,18947,19,4,,0,30,,18959,19,4,,0,69,,18937,19,4,,0
702029,'1799',824,,19006,19,4,,0,31,,19018,19,4,,0,70,,23187,19,4,,0,30,,19004,19,4,,0,70,,19013,19,4,,0,31,,19014,19,4,,0,70,,19005,19,4,,0,30,,19024,19,4,,0,70,,19002,19,4,,0,30,,19016,19,4,,0,71,,19025,19,4,,0,31,,19008,19,4,,0,70,,19011,19,4,,0,30,,19023,19,4,,0,70,,19003,19,4,,0,30,,19012,19,4,,0,70,,19021,19,4,,0,30,,19001,19,4,,0,69,,19017,19,4,,0,29,,19019,19,4,,0,69,,19009,19,4,,0,29,,19015,19,4,,0,70,,19020,19,4,,0,30,,19007,19,4,,0,70,,19010,19,4,,0,30,,19022,19,4,,0,69,,19000,19,4,,0
702029,'1800',824,,19069,19,4,,0,31,,19081,19,4,,0,70,,23222,19,4,,0,30,,19067,19,4,,0,70,,19076,19,4,,0,31,,19077,19,4,,0,70,,19068,19,4,,0,30,,19087,19,4,,0,70,,19065,19,4,,0,30,,19079,19,4,,0,71,,19088,19,4,,0,31,,19071,19,4,,0,70,,19074,19,4,,0,30,,19086,19,4,,0,70,,19066,19,4,,0,30,,19075,19,4,,0,70,,19084,19,4,,0,30,,19064,19,4,,0,69,,19080,19,4,,0,29,,19082,19,4,,0,69,,19072,19,4,,0,29,,19078,19,4,,0,70,,19083,19,4,,0,30,,19070,19,4,,0,70,,19073,19,4,,0,30,,19085,19,4,,0,69,,19063,19,4,,0
802019,'1796',605,,19265,1,,,0,45,,23285,1,,,0,70,,23284,1,,,0,20,,23287,1,,,0,60,,23264,1,,,0,30,,19259,1,,,0,70,,23265,1,,,0,30,,23266,1,,,0,70,,19233,1,,,0,30,,23267,1,,,0,70,,23268,1,,,0,30,,23269,1,,,0,70,,23270,1,,,0,30,,23271,1,,,0,70,,23272,1,,,0,30,,23273,1,,,0,70,,23274,1,,,0,30,,23275,1,,,0,70,,19243,1,,,0,20,,23276,1,,,0,20,,19245,1,,,0,60,,19261,1,,,0,20,,19246,1,,,0,20,,19247,1,,,0,60,,23277,1,,,0,20,,23278,1,,,0,20,,23286,1,,,0,60,,19250,1,,,0,20,,23279,1,,,0,20,,19252,1,,,0,60,,19253,1,,,0,30,,23280,1,,,0,70,,23281,1,,,0,25,,19256,1,,,0,30,,23282,1,,,0,70,,23283,1,,,0
802019,'1797',830,,19292,1,,,0,70,,23295,1,,,0,30,,19288,1,,,0,70,,19289,1,,,0,30,,23293,1,,,0,70,,19270,1,,,0,30,,19283,1,,,0,70,,23292,1,,,0,30,,19269,1,,,0,70,,19282,1,,,0,30,,23290,1,,,0,70,,19271,1,,,0,30,,19281,1,,,0,70,,23291,1,,,0,30,,19267,1,,,0,70,,19280,1,,,0,30,,23289,1,,,0,70,,19268,1,,,0,30,,19279,1,,,0,70,,23288,1,,,0,30,,19266,1,,,0,70,,19278,1,,,0,30,,23294,1,,,0,70,,19285,1,,,0,30,,19286,1,,,0,70,,23296,1,,,0,30,,19290,1,,,0
802019,'1798',830,,19294,1,,,0,70,,19306,1,,,0,30,,23297,1,,,0,70,,19295,1,,,0,30,,19300,1,,,0,70,,19304,1,,,0,30,,19311,1,,,0,70,,19315,1,,,0,30,,19303,1,,,0,70,,19305,1,,,0,30,,19316,1,,,0,70,,19310,1,,,0,30,,19299,1,,,0,70,,19314,1,,,0,30,,19309,1,,,0,70,,19297,1,,,0,30,,19313,1,,,0,70,,19293,1,,,0,30,,19312,1,,,0,70,,19319,1,,,0,30,,19308,1,,,0,70,,19298,1,,,0,30,,19317,1,,,0,70,,19301,1,,,0,30,,19296,1,,,0,70,,19318,1,,,0,30,,19302,1,,,0
802019,'1799',830,,19321,1,,,0,70,,19333,1,,,0,30,,23298,1,,,0,70,,19322,1,,,0,30,,19327,1,,,0,70,,19331,1,,,0,30,,19338,1,,,0,70,,19342,1,,,0,30,,19330,1,,,0,70,,19332,1,,,0,30,,19343,1,,,0,70,,19337,1,,,0,30,,19326,1,,,0,70,,19341,1,,,0,30,,19336,1,,,0,70,,19324,1,,,0,30,,19340,1,,,0,70,,19320,1,,,0,30,,19339,1,,,0,70,,19346,1,,,0,30,,19335,1,,,0,70,,19325,1,,,0,30,,19344,1,,,0,70,,19328,1,,,0,30,,19323,1,,,0,70,,19345,1,,,0,30,,19329,1,,,0
802019,'1800',830,,19348,1,,,0,70,,19360,1,,,0,30,,23299,1,,,0,70,,19349,1,,,0,30,,19354,1,,,0,70,,19358,1,,,0,30,,19365,1,,,0,70,,19369,1,,,0,30,,19357,1,,,0,70,,19359,1,,,0,30,,19370,1,,,0,70,,19364,1,,,0,30,,19353,1,,,0,70,,19368,1,,,0,30,,19363,1,,,0,70,,19351,1,,,0,30,,19367,1,,,0,70,,19347,1,,,0,30,,19366,1,,,0,70,,19373,1,,,0,30,,19362,1,,,0,70,,19352,1,,,0,30,,19371,1,,,0,70,,19355,1,,,0,30,,19350,1,,,0,70,,19372,1,,,0,30,,19356,1,,,0
