2019,'1796',611,,14015,7,,,0,29,,14016,7,,,0,69,,14017,7,,,0,31,,14018,7,,,0,71,,14019,7,,,0,30,,14020,7,,,0,68,,14021,7,,,0,30,,14022,7,,,0,70,,14023,7,,,0,30,,14024,7,,,0,70,,14025,7,,,0,30,,14026,7,,,0,70,,14027,7,,,0,30,,14028,7,,,0,70,,14029,7,,,0,30,,14030,7,,,0,70,,14031,7,,,0,30,,14032,7,,,0,70,,14033,7,,,0,30,,14034,7,,,0,70,,14035,7,,,0,30,,14036,7,,,0,70,,14037,7,,,0,30,,14038,7,,,0,70,,14039,7,,,0,30,,14045,7,,,0,70,,14040,7,,,0,100,,14041,7,,,0,100,,14042,7,,,0,100,,14043,7,,,0,102,,14044,7,,,0
2019,'1797',641,,14054,7,,,0,70,,14063,7,,,0,30,,14070,7,,,0,70,,14048,7,,,0,30,,14055,7,,,0,70,,14064,7,,,0,30,,14071,7,,,0,70,,14049,7,,,0,30,,14056,7,,,0,70,,14065,7,,,0,30,,14072,7,,,0,70,,14050,7,,,0,30,,14057,7,,,0,70,,14066,7,,,0,30,,14073,7,,,0,70,,14051,7,,,0,30,,14058,7,,,0,70,,14067,7,,,0,30,,14074,7,,,0,70,,14052,7,,,0,30,,14059,7,,,0,70,,14068,7,,,0,30,,14075,7,,,0,70,,14053,7,,,0,30,,14060,7,,,0,70,,14069,7,,,0,100,,14061,7,,,0,100,,14076,7,,,0,100,,14062,7,,,0,100,,14077,7,,,0
2019,'1798',641,,14105,7,,,0,70,,14082,7,,,0,30,,14086,7,,,0,70,,14098,7,,,0,30,,14093,7,,,0,70,,14083,7,,,0,30,,14087,7,,,0,70,,14099,7,,,0,30,,14094,7,,,0,70,,14084,7,,,0,30,,14088,7,,,0,70,,14100,7,,,0,30,,14095,7,,,0,70,,14085,7,,,0,30,,14089,7,,,0,70,,14101,7,,,0,30,,14096,7,,,0,70,,14080,7,,,0,30,,14090,7,,,0,70,,14102,7,,,0,30,,14097,7,,,0,70,,14078,7,,,0,30,,14091,7,,,0,70,,14103,7,,,0,100,,14079,7,,,0,100,,14104,7,,,0,100,,14081,7,,,0,100,,14092,7,,,0,99,,14106,7,,,0
2019,'1799',641,,14134,7,,,0,70,,14111,7,,,0,30,,14115,7,,,0,70,,14127,7,,,0,30,,14122,7,,,0,70,,14112,7,,,0,30,,14116,7,,,0,70,,14128,7,,,0,30,,14123,7,,,0,70,,14113,7,,,0,30,,14117,7,,,0,70,,14129,7,,,0,30,,14124,7,,,0,70,,14114,7,,,0,30,,14118,7,,,0,70,,14130,7,,,0,30,,14125,7,,,0,70,,14109,7,,,0,30,,14119,7,,,0,70,,14131,7,,,0,30,,14126,7,,,0,70,,14107,7,,,0,30,,14120,7,,,0,70,,14132,7,,,0,100,,14108,7,,,0,100,,14133,7,,,0,100,,14110,7,,,0,100,,14121,7,,,0,99,,14135,7,,,0
2019,'1800',641,,14163,7,,,0,70,,14140,7,,,0,30,,14144,7,,,0,70,,14156,7,,,0,30,,14151,7,,,0,70,,14141,7,,,0,30,,14145,7,,,0,70,,14157,7,,,0,30,,14152,7,,,0,70,,14142,7,,,0,30,,14146,7,,,0,70,,14158,7,,,0,30,,14153,7,,,0,70,,14143,7,,,0,30,,14147,7,,,0,70,,14159,7,,,0,30,,14154,7,,,0,70,,14138,7,,,0,30,,14148,7,,,0,70,,14160,7,,,0,30,,14155,7,,,0,70,,14136,7,,,0,30,,14149,7,,,0,70,,14161,7,,,0,100,,14137,7,,,0,100,,14162,7,,,0,100,,14139,7,,,0,100,,14150,7,,,0,99,,14164,7,,,0
32019,'1796',437,,21539,9,,,0,88,,16677,9,,,0,30,,21541,9,,,0,70,,21538,9,,,0,30,,21513,39,,,0,70,,21529,39,,,0,30,,21508,39,,,0,69,,21524,39,,,0,30,,21534,39,,,0,69,,21518,39,,,0,30,,21516,39,,,0,70,,21528,39,,,0,30,,21506,39,,,0,70,,21522,39,,,0,30,,21533,39,,,0,70,,21520,39,,,0,30,,21515,39,,,0,70,,21527,39,,,0,30,,21509,39,,,0,72,,21521,39,,,0,30,,21532,39,,,0,70,,21519,39,,,0,31,,21512,39,,,0,70,,21526,39,,,0,28,,21505,39,,,0,70,,21523,39,,,0,29,,21531,39,,,0,70,,21517,39,,,0,30,,21514,39,,,0,70,,21525,39,,,0,30,,21510,39,,,0,70,,21535,9,,,0,30,,21530,39,,,0,70,,21537,9,,,0,30,,21511,39,,,0,70,,21536,9,,,0,30,,21507,39,,,0
32019,'1797',526,,21577,9,,,0,30,,21578,9,,,0,70,,21560,9,,,0,26,,21553,39,,,0,70,,21570,39,,,0,30,,21547,39,,,0,70,,21564,39,,,0,30,,21571,39,,,0,70,,21559,39,,,0,29,,21552,39,,,0,71,,21569,39,,,0,31,,21546,39,,,0,70,,21563,39,,,0,30,,21574,39,,,0,70,,21558,39,,,0,30,,21551,39,,,0,70,,21568,39,,,0,30,,21545,39,,,0,70,,21562,39,,,0,30,,21573,39,,,0,70,,21557,39,,,0,30,,21550,39,,,0,70,,21567,39,,,0,30,,21544,39,,,0,70,,21561,39,,,0,30,,21575,39,,,0,70,,21556,39,,,0,30,,21549,39,,,0,70,,21565,39,,,0,30,,21543,39,,,0,70,,21555,9,,,0,30,,21572,39,,,0,70,,21566,9,,,0,30,,21548,39,,,0,70,,21554,9,,,0,30,,21542,39,,,0
32019,'1798',556,,21596,9,,,0,96,,21579,39,,,0,100,,21580,39,,,0,100,,21581,39,,,0,99,,21582,39,,,0,102,,21583,39,,,0,100,,21584,39,,,0,100,,21585,39,,,0,100,,21586,39,,,0,100,,21587,39,,,0,100,,21588,39,,,0,100,,21589,39,,,0,100,,21590,39,,,0,100,,21591,39,,,0,100,,21592,39,,,0,100,,21593,39,,,0,100,,21594,39,,,0,100,,21595,39,,,0
32019,'1799',556,,21615,9,,,0,96,,21598,39,,,0,100,,21599,39,,,0,100,,21600,39,,,0,99,,21601,39,,,0,102,,21602,39,,,0,100,,21603,39,,,0,100,,21604,39,,,0,100,,21605,39,,,0,100,,21606,39,,,0,100,,21607,39,,,0,100,,21608,39,,,0,100,,21609,39,,,0,100,,21610,39,,,0,100,,21611,39,,,0,100,,21612,39,,,0,100,,21613,39,,,0,100,,21614,39,,,0
32019,'1800',556,,21634,9,,,0,96,,21617,39,,,0,100,,21618,39,,,0,100,,21619,39,,,0,99,,21620,39,,,0,102,,21621,39,,,0,100,,21622,39,,,0,100,,21623,39,,,0,100,,21624,39,,,0,100,,21625,39,,,0,100,,21626,39,,,0,100,,21627,39,,,0,100,,21628,39,,,0,100,,21629,39,,,0,100,,21630,39,,,0,100,,21631,39,,,0,100,,21632,39,,,0,100,,21633,39,,,0
