1019,'1796',547,,13774,19,,,0,70,,19586,19,,,0,30,,19562,19,,,0,70,,19557,19,,,0,31,,19575,19,,,0,71,,19559,19,,,0,30,,19564,19,,,0,70,,19589,19,,,0,30,,19561,19,,,0,70,,19555,19,,,0,31,,19574,19,,,0,70,,19560,19,,,0,30,,19565,19,,,0,70,,19585,19,,,0,30,,19563,19,,,0,70,,19556,19,,,0,30,,19587,19,,,0,70,,19558,19,,,0,30,,19566,19,,,0,70,,19584,19,,,0,29,,19577,19,,,0,70,,19569,19,,,0,30,,19567,19,,,0,70,,19570,19,,,0,30,,19572,19,,,0,70,,19571,19,,,0,29,,19568,19,,,0,70,,19588,19,,,0,30,,19582,19,,,0,70,,19583,19,,,0,30,,19581,19,,,0,70,,19580,19,,,0,34,,19579,19,,,0,70,,19578,19,,,0,30,,19576,19,,,0,65,,19573,19,,,0
1019,'1797',547,,19601,19,,,0,70,,19615,19,,,0,30,,19600,19,,,0,70,,19620,19,,,0,31,,19610,19,,,0,70,,19594,19,,,0,30,,19616,19,,,0,70,,19618,19,,,0,30,,19599,19,,,0,70,,19621,19,,,0,30,,19609,19,,,0,70,,19593,19,,,0,30,,19604,19,,,0,70,,19614,19,,,0,30,,19598,19,,,0,70,,19622,19,,,0,30,,19608,19,,,0,70,,19592,19,,,0,30,,19603,19,,,0,70,,19613,19,,,0,30,,19597,19,,,0,70,,19623,19,,,0,30,,19607,19,,,0,70,,19591,19,,,0,30,,19602,19,,,0,70,,19612,19,,,0,30,,19595,19,,,0,70,,19624,19,,,0,30,,19605,19,,,0,70,,19590,19,,,0,30,,19596,19,,,0,70,,19611,19,,,0,34,,19606,19,,,0,69,,19625,19,,,0,30,,19619,19,,,0,65,,19617,19,,,0
1019,'1798',617,,19626,19,,,0,100,,19627,19,,,0,101,,19628,19,,,0,100,,19629,19,,,0,100,,19630,19,,,0,100,,19631,19,,,0,100,,19632,19,,,0,100,,19633,19,,,0,100,,19634,19,,,0,100,,19635,19,,,0,100,,19636,19,,,0,100,,19637,19,,,0,100,,19638,19,,,0,100,,19639,19,,,0,100,,19640,19,,,0,100,,19641,19,,,0,103,,19642,19,,,0,95,,19643,19,,,0
1019,'1799',617,,19644,19,,,0,100,,19645,19,,,0,101,,19646,19,,,0,100,,19647,19,,,0,100,,19648,19,,,0,100,,19649,19,,,0,100,,19650,19,,,0,100,,19651,19,,,0,100,,19652,19,,,0,100,,19653,19,,,0,100,,19654,19,,,0,100,,19655,19,,,0,100,,19656,19,,,0,100,,19657,19,,,0,100,,19658,19,,,0,100,,19659,19,,,0,103,,19660,19,,,0,95,,19661,19,,,0
1019,'1800',617,,19662,19,,,0,100,,19663,19,,,0,101,,19664,19,,,0,100,,19665,19,,,0,100,,19666,19,,,0,100,,19667,19,,,0,100,,19668,19,,,0,100,,19669,19,,,0,100,,19670,19,,,0,100,,19671,19,,,0,100,,19672,19,,,0,100,,19673,19,,,0,100,,19674,19,,,0,100,,19675,19,,,0,100,,19676,19,,,0,100,,19677,19,,,0,103,,19678,19,,,0,95,,19679,19,,,0
32019,'1796',634,,21513,19,,,0,66,,21529,19,,,0,31,,21508,19,,,0,70,,21524,19,,,0,30,,21534,19,,,0,70,,21518,19,,,0,30,,21516,19,,,0,70,,21528,19,,,0,30,,21506,19,,,0,70,,21522,19,,,0,30,,21533,19,,,0,70,,21520,19,,,0,30,,21515,19,,,0,70,,21527,19,,,0,30,,21509,19,,,0,70,,21521,19,,,0,30,,21532,19,,,0,70,,21519,19,,,0,31,,21512,19,,,0,70,,21526,19,,,0,31,,21505,19,,,0,69,,21523,19,,,0,29,,21531,19,,,0,70,,21517,19,,,0,30,,21514,19,,,0,70,,21525,19,,,0,29,,21510,19,,,0,100,,21530,19,,,0,99,,21511,19,,,0,100,,21507,19,,,0,95,,21540,19,0,5 2 8 7,0
32019,'1797',634,,21553,19,,,0,25,,21570,19,,,0,70,,21547,19,,,0,30,,21564,19,,,0,70,,21571,19,,,0,30,,21559,19,,,0,70,,21552,19,,,0,30,,21569,19,,,0,70,,21546,19,,,0,30,,21563,19,,,0,71,,21574,19,,,0,70,,21558,19,,,0,30,,21551,19,,,0,70,,21568,19,,,0,30,,21545,19,,,0,70,,21562,19,,,0,30,,21573,19,,,0,70,,21557,19,,,0,30,,21550,19,,,0,70,,21567,19,,,0,30,,21544,19,,,0,70,,21561,19,,,0,30,,21575,19,,,0,70,,21556,19,,,0,30,,21549,19,,,0,70,,21565,19,,,0,30,,21543,19,,,0,100,,21572,19,,,0,99,,21548,19,,,0,100,,21542,19,,,0,100,,21576,19,0,5 2 8 7,0
32019,'1798',634,,21579,19,,,0,95,,21580,19,,,0,100,,21581,19,,,0,100,,21582,19,,,0,100,,21583,19,,,0,101,,21584,19,,,0,100,,21585,19,,,0,100,,21586,19,,,0,100,,21587,19,,,0,100,,21588,19,,,0,100,,21589,19,,,0,100,,21590,19,,,0,100,,21591,19,,,0,100,,21592,19,,,0,100,,21593,19,,,0,99,,21594,19,,,0,100,,21595,19,,,0,95,,21597,19,0,5 2 8 7,0
32019,'1799',634,,21598,19,,,0,95,,21599,19,,,0,100,,21600,19,,,0,100,,21601,19,,,0,100,,21602,19,,,0,101,,21603,19,,,0,100,,21604,19,,,0,100,,21605,19,,,0,100,,21606,19,,,0,100,,21607,19,,,0,100,,21608,19,,,0,100,,21609,19,,,0,100,,21610,19,,,0,100,,21611,19,,,0,100,,21612,19,,,0,99,,21613,19,,,0,100,,21614,19,,,0,95,,21616,19,0,5 2 8 7,0
32019,'1800',634,,21617,19,,,0,95,,21618,19,,,0,100,,21619,19,,,0,100,,21620,19,,,0,100,,21621,19,,,0,101,,21622,19,,,0,100,,21623,19,,,0,100,,21624,19,,,0,100,,21625,19,,,0,100,,21626,19,,,0,100,,21627,19,,,0,100,,21628,19,,,0,100,,21629,19,,,0,100,,21630,19,,,0,100,,21631,19,,,0,99,,21632,19,,,0,100,,21633,19,,,0,95,,21635,19,0,5 2 8 7,0
