4029,'1796',631,,19953,12,,,0,70,,19954,12,,,0,33,,19955,12,,,0,25,,19956,12,,,0,76,,19957,12,,,0,24,,19958,12,,,0,71,,19959,12,,,0,70,,19960,12,,,0,30,,19961,12,,,0,70,,19962,12,,,0,30,,19963,12,,,0,71,,19964,12,,,0,30,,19965,12,,,0,70,,19966,12,,,0,30,,19967,12,,,0,70,,19968,12,,,0,30,,19969,12,,,0,75,,19970,12,,,0,25,,19971,12,,,0,76,,19972,12,,,0,24,,19973,12,,,0,76,,19974,12,,,0,24,,19975,12,,,0,77,,19976,12,,,0,26,,19977,12,,,0,69,,19978,12,,,0,29,,19979,12,,,0,71,,19980,12,,,0,29,,19981,12,,,0,70,,19982,12,,,0,30,,19983,12,,,0,70,,19984,12,,,0
4029,'1797',633,,20009,12,,,0,68,,20010,12,,,0,30,,20011,12,,,0,70,,20012,12,,,0,30,,20013,12,,,0,70,,20014,12,,,0,30,,20015,12,,,0,70,,20002,12,,,0,31,,19996,12,,,0,69,,19989,12,,,0,30,,20000,12,,,0,69,,20006,12,,,0,30,,20001,12,,,0,70,,19988,12,,,0,30,,19993,12,,,0,70,,20004,12,,,0,30,,19987,12,,,0,70,,20003,12,,,0,30,,19998,12,,,0,70,,19990,12,,,0,30,,19985,12,,,0,70,,20005,12,,,0,30,,20008,12,,,0,70,,19999,12,,,0,30,,19994,12,,,0,29,,20016,12,,,0,75,,19991,12,,,0,70,,19986,12,,,0,27,,19992,12,,,0,70,,19997,12,,,0,30,,20007,12,,,0,70,,19995,12,,,0
4029,'1798',731,,20038,12,,,0,70,,20040,12,,,0,30,,20036,12,,,0,70,,20039,12,,,0,30,,20037,12,,,0,70,,20029,12,,,0,29,,20032,12,,,0,70,,20017,12,,,0,30,,20022,12,,,0,70,,20025,12,,,0,30,,20028,12,,,0,70,,20030,12,,,0,30,,20018,12,,,0,70,,20021,12,,,0,30,,20024,12,,,0,70,,20027,12,,,0,30,,20031,12,,,0,70,,20019,12,,,0,30,,20020,12,,,0,70,,20023,12,,,0,30,,20026,12,,,0,70,,20044,12,,,0,30,,20043,12,,,0,71,,20045,12,,,0,30,,20042,12,,,0,70,,20035,12,,,0,30,,20041,12,,,0,70,,20033,12,,,0,100,,20034,12,,,0
4029,'1799',731,,20067,12,,,0,70,,20069,12,,,0,30,,20065,12,,,0,70,,20068,12,,,0,30,,20066,12,,,0,70,,20058,12,,,0,29,,20061,12,,,0,70,,20046,12,,,0,30,,20051,12,,,0,70,,20054,12,,,0,30,,20057,12,,,0,70,,20059,12,,,0,30,,20047,12,,,0,70,,20050,12,,,0,30,,20053,12,,,0,70,,20056,12,,,0,30,,20060,12,,,0,70,,20048,12,,,0,30,,20049,12,,,0,70,,20052,12,,,0,30,,20055,12,,,0,70,,20073,12,,,0,30,,20072,12,,,0,71,,20074,12,,,0,30,,20071,12,,,0,70,,20064,12,,,0,30,,20070,12,,,0,70,,20062,12,,,0,100,,20063,12,,,0
4029,'1800',731,,20096,12,,,0,70,,20098,12,,,0,30,,20094,12,,,0,70,,20097,12,,,0,30,,20095,12,,,0,70,,20087,12,,,0,29,,20090,12,,,0,70,,20075,12,,,0,30,,20080,12,,,0,70,,20083,12,,,0,30,,20086,12,,,0,70,,20088,12,,,0,30,,20076,12,,,0,70,,20079,12,,,0,30,,20082,12,,,0,70,,20085,12,,,0,30,,20089,12,,,0,70,,20077,12,,,0,30,,20078,12,,,0,70,,20081,12,,,0,30,,20084,12,,,0,70,,20102,12,,,0,30,,20101,12,,,0,71,,20103,12,,,0,30,,20100,12,,,0,70,,20093,12,,,0,30,,20099,12,,,0,70,,20091,12,,,0,100,,20092,12,,,0
16019,'1796',631,,20843,21,,,0,70,,20844,21,,,0,31,,20845,21,,,0,70,,15782,21,,,0,30,,15783,21,,,0,69,,20846,21,,,0,30,,20847,21,,,0,70,,20848,21,,,0,30,,20849,21,,,0,70,,20850,21,,,0,30,,20851,21,,,0,70,,20852,21,,,0,30,,20853,21,,,0,71,,20854,21,,,0,30,,20855,21,,,0,70,,20856,21,,,0,30,,20857,21,,,0,70,,20858,21,,,0,30,,20859,21,,,0,70,,20860,21,,,0,30,,20861,21,,,0,69,,20862,21,,,0,30,,20863,21,,,0,70,,20864,21,,,0,30,,15803,21,,,0,70,,20865,21,,,0,30,,20866,21,,,0,70,,20867,21,,,0,30,,15807,21,,,0,70,,20868,21,,,0,30,,20841,21,,,0,70,,15777,21,,,0,30,,20842,21,,,0
16019,'1797',629,,15832,21,,,0,30,,15828,21,,,0,70,,15836,21,,,0,30,,15820,21,,,0,71,,15834,21,,,0,70,,15815,21,,,0,30,,15813,21,,,0,70,,15810,21,,,0,30,,15821,21,,,0,70,,15831,21,,,0,30,,15825,21,,,0,70,,15833,21,,,0,30,,15817,21,,,0,70,,15835,21,,,0,30,,15812,21,,,0,70,,15823,21,,,0,31,,15822,21,,,0,70,,15826,21,,,0,30,,15827,21,,,0,70,,15811,21,,,0,30,,15819,21,,,0,70,,15829,21,,,0,29,,15814,21,,,0,70,,15818,21,,,0,30,,15824,21,,,0,70,,15838,21,,,0,30,,15830,21,,,0,29,,15837,21,,,0,70,,15816,21,,,0,30,,15840,21,,,0,100,,15839,21,,,0,70,,15809,21,,,0
16019,'1798',759,,20869,21,,,0,141,,20872,21,,,0,100,,20880,21,,,0,100,,20879,21,,,0,100,,20870,21,,,0,100,,20873,21,,,0,100,,20874,21,,,0,101,,20877,21,,,0,100,,20876,21,,,0,100,,20871,21,,,0,99,,20878,21,,,0,100,,15852,21,,,0,59,,20875,21,,,0,100,,15846,21,,,0,100,,20881,21,,,0
16019,'1799',759,,20882,21,,,0,141,,20885,21,,,0,100,,20893,21,,,0,100,,20892,21,,,0,100,,20883,21,,,0,100,,20886,21,,,0,100,,20887,21,,,0,101,,20890,21,,,0,100,,20889,21,,,0,100,,20884,21,,,0,99,,20891,21,,,0,100,,15867,21,,,0,59,,20888,21,,,0,100,,15861,21,,,0,100,,20894,21,,,0
16019,'1800',759,,20895,21,,,0,141,,20898,21,,,0,100,,20906,21,,,0,100,,20905,21,,,0,100,,20896,21,,,0,100,,20899,21,,,0,100,,20900,21,,,0,101,,20903,21,,,0,100,,20902,21,,,0,100,,20897,21,,,0,99,,20904,21,,,0,100,,15882,21,,,0,59,,20901,21,,,0,100,,15876,21,,,0,100,,20907,21,,,0
31019,'1796',555,,21409,2,,,0,66,,21404,2,,,0,25,,21374,14,,,0,71,,21389,14,,,0,29,,21402,14,,,0,70,,21385,14,,,0,30,,21382,14,,,0,69,,21396,14,,,0,30,,21377,14,,,0,72,,21390,14,,,0,28,,21401,14,,,0,70,,21388,14,,,0,30,,21383,14,,,0,70,,21395,14,,,0,30,,21376,14,,,0,70,,21391,14,,,0,30,,21400,14,,,0,70,,21386,14,,,0,30,,21380,14,,,0,71,,21394,14,,,0,30,,21378,14,,,0,70,,21392,14,,,0,30,,21399,14,,,0,69,,21387,14,,,0,30,,21381,14,,,0,71,,21393,14,,,0,30,,21375,14,,,0,70,,21410,14,,,0,30,,21398,14,,,0,100,,21384,14,,,0,100,,21379,14,,,0,100,,21397,14,,,0
31019,'1797',556,,21446,2,,,0,66,,21439,2,,,0,24,,21416,14,,,0,70,,21432,14,,,0,30,,21445,14,,,0,70,,21428,14,,,0,30,,21422,14,,,0,70,,21438,14,,,0,30,,21415,14,,,0,70,,21431,14,,,0,30,,21440,14,,,0,70,,21427,14,,,0,30,,21421,14,,,0,70,,21437,14,,,0,30,,21414,14,,,0,70,,21430,14,,,0,30,,21443,14,,,0,70,,21426,14,,,0,30,,21420,14,,,0,70,,21436,14,,,0,30,,21413,14,,,0,70,,21429,14,,,0,30,,21442,14,,,0,70,,21425,14,,,0,30,,21419,14,,,0,70,,21435,14,,,0,30,,21412,14,,,0,70,,21447,14,,,0,30,,21441,14,,,0,100,,21418,14,,,0,100,,21411,14,,,0,100,,21444,14,,,0
31019,'1798',556,,21465,2,,,0,90,,21448,14,,,0,100,,21449,14,,,0,100,,21450,14,,,0,100,,21451,14,,,0,100,,21452,14,,,0,100,,21453,14,,,0,100,,21454,14,,,0,100,,21455,14,,,0,100,,21456,14,,,0,100,,21457,14,,,0,100,,21458,14,,,0,100,,21459,14,,,0,100,,21460,14,,,0,100,,21461,14,,,0,100,,21462,14,,,0,100,,21463,14,,,0,100,,21464,14,,,0
31019,'1799',556,,21484,2,,,0,90,,21467,14,,,0,100,,21468,14,,,0,100,,21469,14,,,0,100,,21470,14,,,0,100,,21471,14,,,0,100,,21472,14,,,0,100,,21473,14,,,0,100,,21474,14,,,0,100,,21475,14,,,0,100,,21476,14,,,0,100,,21477,14,,,0,100,,21478,14,,,0,100,,21479,14,,,0,100,,21480,14,,,0,100,,21481,14,,,0,100,,21482,14,,,0,100,,21483,14,,,0
31019,'1800',556,,21503,2,,,0,90,,21486,14,,,0,100,,21487,14,,,0,100,,21488,14,,,0,100,,21489,14,,,0,100,,21490,14,,,0,100,,21491,14,,,0,100,,21492,14,,,0,100,,21493,14,,,0,100,,21494,14,,,0,100,,21495,14,,,0,100,,21496,14,,,0,100,,21497,14,,,0,100,,21498,14,,,0,100,,21499,14,,,0,100,,21500,14,,,0,100,,21501,14,,,0,100,,21502,14,,,0
