1019,'1796',608,,13774,48,,,0,30,,19586,48,,,0,70,,19562,48,,,0,31,,19557,48,,,0,71,,19575,48,,,0,31,,19559,48,,,0,70,,19564,48,,,0,29,,19589,48,,,0,70,,19561,48,,,0,30,,19555,48,,,0,71,,19574,48,,,0,30,,19560,48,,,0,70,,19565,48,,,0,30,,19585,48,,,0,70,,19563,48,,,0,31,,19556,48,,,0,70,,19587,48,,,0,32,,19558,48,,,0,70,,19566,48,,,0,30,,19584,48,,,0,69,,19577,48,,,0,30,,19569,48,,,0,70,,19567,48,,,0,28,,19570,48,,,0,70,,19572,48,,,0,29,,19571,48,,,0,69,,19568,48,,,0,30,,19588,48,,,0,70,,19582,48,,,0,30,,19583,48,,,0,70,,19581,48,,,0,28,,19580,48,,,0,74,,19579,48,,,0,30,,19578,48,,,0,70,,19576,48,,,0,25,,19573,48,,,0
1019,'1797',606,,19601,48,,,0,30,,19615,48,,,0,70,,19600,48,,,0,30,,19620,48,,,0,71,,19610,48,,,0,30,,19594,48,,,0,70,,19616,48,,,0,30,,19618,48,,,0,70,,19599,48,,,0,30,,19621,48,,,0,71,,19609,48,,,0,31,,19593,48,,,0,70,,19604,48,,,0,30,,19614,48,,,0,70,,19598,48,,,0,30,,19622,48,,,0,70,,19608,48,,,0,30,,19592,48,,,0,70,,19603,48,,,0,30,,19613,48,,,0,70,,19597,48,,,0,30,,19623,48,,,0,70,,19607,48,,,0,30,,19591,48,,,0,70,,19602,48,,,0,30,,19612,48,,,0,69,,19595,48,,,0,29,,19624,48,,,0,70,,19605,48,,,0,30,,19590,48,,,0,70,,19596,48,,,0,30,,19611,48,,,0,73,,19606,48,,,0,29,,19625,48,,,0,70,,19619,48,,,0,25,,19617,48,,,0
1019,'1798',636,,19626,48,,,0,100,,19627,48,,,0,101,,19628,48,,,0,100,,19629,48,,,0,100,,19630,48,,,0,102,,19631,48,,,0,100,,19632,48,,,0,100,,19633,48,,,0,100,,19634,48,,,0,100,,19635,48,,,0,100,,19636,48,,,0,100,,19637,48,,,0,100,,19638,48,,,0,98,,19639,48,,,0,100,,19640,48,,,0,100,,19641,48,,,0,102,,19642,48,,,0,95,,19643,48,,,0
1019,'1799',636,,19644,48,,,0,100,,19645,48,,,0,101,,19646,48,,,0,100,,19647,48,,,0,100,,19648,48,,,0,102,,19649,48,,,0,100,,19650,48,,,0,100,,19651,48,,,0,100,,19652,48,,,0,100,,19653,48,,,0,100,,19654,48,,,0,100,,19655,48,,,0,100,,19656,48,,,0,98,,19657,48,,,0,100,,19658,48,,,0,100,,19659,48,,,0,102,,19660,48,,,0,95,,19661,48,,,0
1019,'1800',636,,19662,48,,,0,100,,19663,48,,,0,101,,19664,48,,,0,100,,19665,48,,,0,100,,19666,48,,,0,102,,19667,48,,,0,100,,19668,48,,,0,100,,19669,48,,,0,100,,19670,48,,,0,100,,19671,48,,,0,100,,19672,48,,,0,100,,19673,48,,,0,100,,19674,48,,,0,98,,19675,48,,,0,100,,19676,48,,,0,100,,19677,48,,,0,102,,19678,48,,,0,95,,19679,48,,,0
802019,'1796',614,,19265,9,,,0,45,,23285,9,,,0,70,,23284,9,,,0,20,,23287,9,,,0,60,,23264,9,,,0,30,,19259,9,,,0,70,,23265,9,,,0,30,,23266,9,,,0,70,,19233,9,,,0,30,,23267,9,,,0,70,,23268,9,,,0,30,,23269,9,,,0,71,,23270,9,,,0,30,,23271,9,,,0,70,,23272,9,,,0,30,,23273,9,,,0,70,,23274,9,,,0,31,,23275,9,,,0,71,,19243,9,,,0,20,,23276,9,,,0,20,,19245,9,,,0,60,,19261,9,,,0,20,,19246,9,,,0,20,,19247,9,,,0,60,,23277,9,,,0,19,,23278,9,,,0,19,,23286,9,,,0,60,,19250,9,,,0,20,,23279,9,,,0,20,,19252,9,,,0,60,,19253,9,,,0,30,,23280,9,,,0,69,,23281,9,,,0,25,,19256,9,,,0,70,,23282,9,,,0,30,,23283,9,,,0
802019,'1797',840,,19292,9,,,0,71,,23295,9,,,0,30,,19288,9,,,0,70,,19289,9,,,0,30,,23293,9,,,0,70,,19270,9,,,0,30,,19283,9,,,0,70,,23292,9,,,0,30,,19269,9,,,0,70,,19282,9,,,0,30,,23290,9,,,0,70,,19271,9,,,0,30,,19281,9,,,0,70,,23291,9,,,0,30,,19267,9,,,0,70,,19280,9,,,0,30,,23289,9,,,0,70,,19268,9,,,0,30,,19279,9,,,0,70,,23288,9,,,0,30,,19266,9,,,0,70,,19278,9,,,0,30,,23294,9,,,0,70,,19285,9,,,0,30,,19286,9,,,0,70,,23296,9,,,0,30,,19290,9,,,0
802019,'1798',840,,19294,9,,,0,71,,19306,9,,,0,30,,23297,9,,,0,70,,19295,9,,,0,30,,19300,9,,,0,70,,19304,9,,,0,30,,19311,9,,,0,70,,19315,9,,,0,30,,19303,9,,,0,70,,19305,9,,,0,30,,19316,9,,,0,70,,19310,9,,,0,30,,19299,9,,,0,70,,19314,9,,,0,30,,19309,9,,,0,70,,19297,9,,,0,30,,19313,9,,,0,70,,19293,9,,,0,30,,19312,9,,,0,70,,19319,9,,,0,30,,19308,9,,,0,70,,19298,9,,,0,30,,19317,9,,,0,70,,19301,9,,,0,30,,19296,9,,,0,70,,19318,9,,,0,30,,19302,9,,,0
802019,'1799',840,,19321,9,,,0,71,,19333,9,,,0,30,,23298,9,,,0,70,,19322,9,,,0,30,,19327,9,,,0,70,,19331,9,,,0,30,,19338,9,,,0,70,,19342,9,,,0,30,,19330,9,,,0,70,,19332,9,,,0,30,,19343,9,,,0,70,,19337,9,,,0,30,,19326,9,,,0,70,,19341,9,,,0,30,,19336,9,,,0,70,,19324,9,,,0,30,,19340,9,,,0,70,,19320,9,,,0,30,,19339,9,,,0,70,,19346,9,,,0,30,,19335,9,,,0,70,,19325,9,,,0,30,,19344,9,,,0,70,,19328,9,,,0,30,,19323,9,,,0,70,,19345,9,,,0,30,,19329,9,,,0
802019,'1800',840,,19348,9,,,0,71,,19360,9,,,0,30,,23299,9,,,0,70,,19349,9,,,0,30,,19354,9,,,0,70,,19358,9,,,0,30,,19365,9,,,0,70,,19369,9,,,0,30,,19357,9,,,0,70,,19359,9,,,0,30,,19370,9,,,0,70,,19364,9,,,0,30,,19353,9,,,0,70,,19368,9,,,0,30,,19363,9,,,0,70,,19351,9,,,0,30,,19367,9,,,0,70,,19347,9,,,0,30,,19366,9,,,0,70,,19373,9,,,0,30,,19362,9,,,0,70,,19352,9,,,0,30,,19371,9,,,0,70,,19355,9,,,0,30,,19350,9,,,0,70,,19372,9,,,0,30,,19356,9,,,0
