2029,'1796',523,,14191,4,,,0,27,,14165,19,,,0,70,,14166,19,,,0,30,,14167,19,,,0,68,,14168,19,,,0,30,,14169,19,,,0,70,,14170,19,,,0,30,,14171,19,,,0,70,,14172,19,,,0,30,,14173,19,,,0,70,,14174,19,,,0,30,,14175,19,,,0,70,,14176,19,,,0,30,,14177,19,,,0,70,,14178,19,,,0,30,,14179,19,,,0,70,,14180,19,,,0,30,,14181,19,,,0,70,,14182,19,,,0,30,,14183,19,,,0,69,,14184,19,,,0,30,,14185,19,,,0,70,,14186,19,,,0,31,,14187,19,,,0,70,,14188,19,,,0,29,,14189,19,,,0,70,,14190,19,,,0,30,,14194,19,,,0,70,,14195,19,,,0,100,,14196,19,,,0,100,,14197,19,,,0,100,,14193,19,,,0
2029,'1797',550,,14231,19,0,5 2 15 16 17,0,70,,14214,19,,,0,30,,14221,19,,,0,68,,14200,19,,,0,30,,14206,19,,,0,70,,14215,19,,,0,30,,14222,19,,,0,70,,14201,19,,,0,30,,14207,19,,,0,70,,14216,19,,,0,30,,14223,19,,,0,70,,14202,19,,,0,30,,14208,19,,,0,70,,14217,19,,,0,30,,14224,19,,,0,70,,14203,19,,,0,30,,14209,19,,,0,70,,14218,19,,,0,30,,14225,19,,,0,70,,14204,19,,,0,30,,14210,19,,,0,70,,14219,19,,,0,30,,14226,19,,,0,70,,14205,19,,,0,30,,14211,19,,,0,70,,14220,19,,,0,30,,14227,19,,,0,69,,14212,19,,,0,100,,14228,19,,,0,100,,14213,19,,,0,100,,14229,19,,,0
2029,'1798',620,,14235,19,,,0,30,,14243,19,,,0,68,,14254,19,,,0,30,,14249,19,,,0,70,,14236,19,,,0,30,,14244,19,,,0,70,,14255,19,,,0,30,,14250,19,,,0,70,,14237,19,,,0,30,,14245,19,,,0,70,,14256,19,,,0,30,,14251,19,,,0,70,,14238,19,,,0,30,,14246,19,,,0,70,,14257,19,,,0,30,,14252,19,,,0,70,,14239,19,,,0,30,,14247,19,,,0,70,,14258,19,,,0,30,,14253,19,,,0,70,,14240,19,,,0,30,,14248,19,,,0,70,,14259,19,,,0,100,,14241,19,,,0,99,,14260,19,,,0,100,,14242,19,,,0,100,,14261,19,,,0,100,,14234,19,,,0
2029,'1799',620,,14267,19,,,0,30,,14275,19,,,0,68,,14286,19,,,0,30,,14281,19,,,0,70,,14268,19,,,0,30,,14276,19,,,0,70,,14287,19,,,0,30,,14282,19,,,0,70,,14269,19,,,0,30,,14277,19,,,0,70,,14288,19,,,0,30,,14283,19,,,0,70,,14270,19,,,0,30,,14278,19,,,0,70,,14289,19,,,0,30,,14284,19,,,0,70,,14271,19,,,0,30,,14279,19,,,0,70,,14290,19,,,0,30,,14285,19,,,0,70,,14272,19,,,0,30,,14280,19,,,0,70,,14291,19,,,0,100,,14273,19,,,0,99,,14292,19,,,0,100,,14274,19,,,0,100,,14293,19,,,0,100,,14266,19,,,0
2029,'1800',620,,14299,19,,,0,30,,14307,19,,,0,68,,14318,19,,,0,30,,14313,19,,,0,70,,14300,19,,,0,30,,14308,19,,,0,70,,14319,19,,,0,30,,14314,19,,,0,70,,14301,19,,,0,30,,14309,19,,,0,70,,14320,19,,,0,30,,14315,19,,,0,70,,14302,19,,,0,30,,14310,19,,,0,70,,14321,19,,,0,30,,14316,19,,,0,70,,14303,19,,,0,30,,14311,19,,,0,70,,14322,19,,,0,30,,14317,19,,,0,70,,14304,19,,,0,30,,14312,19,,,0,70,,14323,19,,,0,100,,14305,19,,,0,99,,14324,19,,,0,100,,14306,19,,,0,100,,14325,19,,,0,100,,14298,19,,,0
7029,'1796',514,,15002,15,,,0,103,,15003,15,,,0,28,,20395,15,,,0,72,,15005,15,,,0,30,,15006,15,,,0,70,,15007,15,,,0,30,,20396,15,,,0,70,,20397,15,,,0,30,,20398,15,,,0,70,,20399,15,,,0,30,,20400,15,,,0,70,,20401,15,,,0,30,,15014,15,,,0,70,,20392,15,,,0,30,,20393,15,,,0,70,,20394,15,,,0,31,,20391,15,,,0,70,,14996,15,,,0,31,,15001,15,,,0,69,,20402,15,,,0,30,,20403,15,,,0,70,,20404,15,,,0,29,,15018,15,,,0,70,,20405,15,,,0,30,,15020,15,,,0,70,,15021,15,,,0,30,,20406,15,,,0,70,,20407,15,,,0,30,,20408,15,,,0,69,,15025,15,,,0,101,,15026,15,,,0,100,,15027,15,,,0,100,,15028,15,,,0
7029,'1797',618,,15060,4,,,0,29,,20409,15,,,0,70,,20420,15,,,0,30,,20410,15,,,0,69,,20421,15,,,0,30,,20411,15,,,0,70,,15045,15,,,0,30,,20412,15,,,0,70,,20422,15,,,0,30,,20413,15,,,0,70,,20423,15,,,0,30,,15034,15,,,0,70,,15048,15,,,0,30,,20414,15,,,0,70,,20424,15,,,0,30,,15036,15,,,0,71,,20425,15,,,0,30,,15037,15,,,0,70,,15051,15,,,0,30,,20415,15,,,0,69,,20426,15,,,0,30,,20416,15,,,0,70,,20427,15,,,0,30,,20417,15,,,0,70,,15054,15,,,0,30,,20418,15,,,0,70,,20428,15,,,0,30,,20419,15,,,0,71,,20429,15,,,0,100,,15057,15,,,0,100,,15058,15,,,0,100,,15059,15,,,0
7029,'1798',717,,15063,15,,,0,99,,15064,15,,,0,100,,20432,15,,,0,100,,15066,15,,,0,100,,15067,15,,,0,100,,20433,15,,,0,100,,15069,15,,,0,101,,15070,15,,,0,100,,20434,15,,,0,99,,15072,15,,,0,100,,15073,15,,,0,100,,20435,15,,,0,100,,15075,15,,,0,101,,15076,15,,,0,100,,20431,15,,,0
7029,'1799',717,,15079,15,,,0,99,,15080,15,,,0,100,,20438,15,,,0,100,,15082,15,,,0,100,,15083,15,,,0,100,,20439,15,,,0,100,,15085,15,,,0,101,,15086,15,,,0,100,,20440,15,,,0,99,,15088,15,,,0,100,,15089,15,,,0,100,,20441,15,,,0,100,,15091,15,,,0,101,,15092,15,,,0,100,,20437,15,,,0
7029,'1800',717,,15095,15,,,0,99,,15096,15,,,0,100,,20444,15,,,0,100,,15098,15,,,0,100,,15099,15,,,0,100,,20445,15,,,0,100,,15101,15,,,0,101,,15102,15,,,0,100,,20446,15,,,0,99,,15104,15,,,0,100,,15105,15,,,0,100,,20447,15,,,0,100,,15107,15,,,0,101,,15108,15,,,0,100,,20443,15,,,0
20002019,'1798',1003,,23316,4,,,0
20002019,'1799',1003,,23317,4,,,0
20002019,'1800',1003,,23318,4,,,0
14000001029,'1796',430,,19519,4,0,18 7,0,102,,23396,4,0,18 7,0,1812,,23398,4,,,0,68,,19523,4,,,0,30,,23400,4,,,0,70,,23397,4,,,0,30,,19524,4,,,0,70,,23399,4,,,0
14000001029,'1797',532,,19531,4,0,18 7,0,1812,,23404,4,,,0,68,,19528,4,,,0,30,,23401,4,,,0,70,,23402,4,,,0,30,,19532,4,,,0,70,,23403,4,,,0
14000001029,'1798',532,,23409,4,0,18 7,0,1812,,23405,4,,,0,68,,19538,4,,,0,30,,23408,4,,,0,70,,23407,4,,,0,30,,19537,4,,,0,70,,23406,4,,,0
14000001029,'1799',532,,23414,4,0,18 7,0,1812,,23410,4,,,0,68,,19545,4,,,0,30,,23413,4,,,0,70,,23412,4,,,0,30,,19544,4,,,0,70,,23411,4,,,0
14000001029,'1800',532,,23419,4,0,18 7,0,1812,,23415,4,,,0,68,,19552,4,,,0,30,,23418,4,,,0,70,,23417,4,,,0,30,,19551,4,,,0,70,,23416,4,,,0
