6019,'1796',652,,20108,13,,,0,68,,14636,13,,,0,30,,20109,13,,,0,70,,20110,13,,,0,30,,20111,13,,,0,71,,20112,13,,,0,30,,20113,13,,,0,70,,20114,13,,,0,30,,20115,13,,,0,70,,20116,13,,,0,30,,20117,13,,,0,70,,20118,13,,,0,30,,20119,13,,,0,70,,20120,13,,,0,30,,20121,13,,,0,70,,20122,13,,,0,31,,20123,13,,,0,70,,20124,13,,,0,30,,20125,13,,,0,70,,20126,13,,,0,30,,20127,13,,,0,70,,20128,13,,,0,28,,20129,13,,,0,70,,20130,13,,,0,30,,20131,13,,,0,67,,20107,13,,,0,97,,20104,13,,,0,100,,14632,13,,,0,100,,20105,13,,,0,100,,20106,13,,,0
6019,'1797',646,,20134,13,,,0,70,,14662,13,,,0,28,,20152,13,,,0,70,,14675,13,,,0,30,,20136,13,,,0,70,,20145,13,,,0,30,,20153,13,,,0,71,,20151,13,,,0,30,,20144,13,,,0,70,,20156,13,,,0,30,,20143,13,,,0,70,,20150,13,,,0,30,,20142,13,,,0,70,,20155,13,,,0,30,,20141,13,,,0,70,,20149,13,,,0,30,,20140,13,,,0,70,,20154,13,,,0,30,,20139,13,,,0,70,,20148,13,,,0,30,,20138,13,,,0,70,,20132,13,,,0,30,,20137,13,,,0,70,,20147,13,,,0,30,,20135,13,,,0,69,,20146,13,,,0,101,,14687,1,,,0,100,,20133,1,,,0
6019,'1798',845,,20163,1,,,0,100,,20157,1,,,0,100,,20162,1,,,0,100,,20167,1,,,0,100,,20161,1,,,0,100,,20166,1,,,0,100,,20160,1,,,0,100,,20165,1,,,0,100,,20159,1,,,0,100,,20164,1,,,0,100,,20158,1,,,0,100,,20168,1,,,0
6019,'1799',845,,20175,1,,,0,100,,20169,1,,,0,100,,20174,1,,,0,100,,20179,1,,,0,100,,20173,1,,,0,100,,20178,1,,,0,100,,20172,1,,,0,100,,20177,1,,,0,100,,20171,1,,,0,100,,20176,1,,,0,100,,20170,1,,,0,100,,20180,1,,,0
6019,'1800',845,,20187,1,,,0,100,,20181,1,,,0,100,,20186,1,,,0,100,,20191,1,,,0,100,,20185,1,,,0,100,,20190,1,,,0,100,,20184,1,,,0,100,,20189,1,,,0,100,,20183,1,,,0,100,,20188,1,,,0,100,,20182,1,,,0,100,,20192,1,,,0
11019,'1796',718,,20476,26,,,0,101,,20477,26,,,0,100,,20478,26,,,0,100,,20479,26,,,0,100,,20480,26,,,0,100,,15258,26,,,0,100,,20481,26,,,0,100,,15260,26,,,0,100,,20482,26,,,0,100,,20483,26,,,0,100,,15263,26,,,0,99,,15264,26,,,0,100,,20484,26,,,0,100,,15266,26,,,0,98,,20485,26,,,0
11019,'1797',717,,20489,26,,,0,100,,20490,26,,,0,101,,20491,26,,,0,100,,20492,26,,,0,100,,20493,26,,,0,104,,20494,26,,,0,100,,20495,26,,,0,100,,15278,26,,,0,100,,20496,26,,,0,99,,15280,26,,,0,100,,15281,26,,,0,97,,20497,26,,,0,99,,20487,26,,,0,100,,20488,26,,,0
11019,'1798',918,,20499,26,,,0,100,,20500,26,,,0,103,,20501,26,,,0,101,,20502,26,,,0,100,,20503,26,,,0,100,,20504,26,,,0,100,,20505,26,,,0,99,,20506,26,,,0,100,,20507,26,,,0,97,,20508,26,,,0,99,,20509,26,,,0,100,,20510,26,,,0
11019,'1799',918,,20511,26,,,0,100,,20512,26,,,0,103,,20513,26,,,0,101,,20514,26,,,0,100,,20515,26,,,0,100,,20516,26,,,0,100,,20517,26,,,0,99,,20518,26,,,0,100,,20519,26,,,0,97,,20520,26,,,0,99,,20521,26,,,0,100,,20522,26,,,0
11019,'1800',918,,20523,26,,,0,100,,20524,26,,,0,103,,20525,26,,,0,101,,20526,26,,,0,100,,20527,26,,,0,100,,20528,26,,,0,100,,20529,26,,,0,99,,20530,26,,,0,100,,20531,26,,,0,97,,20532,26,,,0,99,,20533,26,,,0,100,,20534,26,,,0
15029,'1796',644,,15688,26,,,0,69,,15689,26,,,0,33,,20793,26,,,0,71,,20794,26,,,0,33,,20795,26,,,0,70,,20796,26,,,0,25,,20797,26,,,0,70,,20798,26,,,0,30,,15696,26,,,0,70,,20799,26,,,0,30,,20800,26,,,0,70,,20801,26,,,0,30,,20802,26,,,0,70,,15701,26,,,0,30,,15702,26,,,0,70,,20803,26,,,0,33,,20804,26,,,0,75,,15705,26,,,0,32,,20805,26,,,0,70,,20806,26,,,0,28,,20807,26,,,0,64,,15709,26,,,0,29,,20808,26,,,0,69,,20809,26,,,0,27,,20810,26,,,0,70,,15713,26,,,0,30,,20811,26,,,0,70,,20812,26,,,0,30,,20813,26,,,0,100,,20815,26,,,0,97,,20814,26,,,0
15029,'1797',723,,20818,26,,,0,93,,15723,26,,,0,100,,20819,26,,,0,100,,20820,26,,,0,101,,15726,26,,,0,100,,20821,26,,,0,100,,20822,26,,,0,103,,15729,26,,,0,100,,20823,26,,,0,100,,20824,26,,,0,98,,15732,26,,,0,99,,20825,26,,,0,100,,20816,26,,,0,100,,15720,26,,,0
15029,'1798',718,,15747,26,,,0,98,,20829,26,,,0,100,,15744,26,,,0,100,,15745,26,,,0,101,,20830,26,,,0,100,,15742,26,,,0,100,,15739,26,,,0,102,,20828,26,,,0,100,,15741,26,,,0,100,,15738,26,,,0,99,,20827,26,,,0,99,,15736,26,,,0,100,,15737,26,,,0,100,,20826,26,,,0
15029,'1799',718,,15761,26,,,0,98,,20834,26,,,0,100,,15758,26,,,0,100,,15759,26,,,0,101,,20835,26,,,0,100,,15756,26,,,0,100,,15753,26,,,0,102,,20833,26,,,0,100,,15755,26,,,0,100,,15752,26,,,0,99,,20832,26,,,0,99,,15750,26,,,0,100,,15751,26,,,0,100,,20831,26,,,0
15029,'1800',718,,15775,26,,,0,98,,20839,26,,,0,100,,15772,26,,,0,100,,15773,26,,,0,101,,20840,26,,,0,100,,15770,26,,,0,100,,15767,26,,,0,102,,20838,26,,,0,100,,15769,26,,,0,100,,15766,26,,,0,99,,20837,26,,,0,99,,15764,26,,,0,100,,15765,26,,,0,100,,20836,26,,,0
701019,'1796',611,,18088,16,,,0,32,,22574,16,,,0,58,,18090,16,,,0,15,,22575,16,,,0,17,,18092,16,,,0,15,,18093,16,,,0,55,,18094,16,,,0,15,,22576,16,,,0,15,,18096,16,,,0,15,,22577,16,,,0,55,,18098,16,,,0,15,,18099,16,,,0,15,,18100,16,,,0,15,,22578,16,,,0,55,,18196,16,,,0,15,,22579,16,,,0,16,,18103,16,,,0,15,,18104,16,,,0,55,,18105,16,,,0,15,,22580,16,,,0,15,,22581,16,,,0,15,,22582,16,,,0,55,,18109,16,,,0,15,,22583,16,,,0,15,,22584,16,,,0,15,,22585,16,,,0,55,,18113,16,,,0,15,,22586,16,,,0,15,,22587,16,,,0,15,,22588,16,,,0,55,,22589,16,,,0,15,,22590,16,,,0,15,,22591,16,,,0,16,,22592,16,,,0,58,,22593,16,,,0,15,,22629,16,,,0,15,,18122,16,,,0,15,,22594,16,,,0,55,,22595,16,,,0,15,,22596,16,,,0,15,,18190,16,,,0,15,,22597,16,,,0,55,,22598,16,,,0,13,,18128,16,,,0,14,,18129,16,,,0,15,,22599,16,,,0,54,,22600,16,,,0,14,,22601,16,,,0,15,,22602,16,,,0,15,,22603,16,,,0,54,,18135,16,,,0,14,,22604,16,,,0,15,,18137,16,,,0,15,,18138,16,,,0,55,,22605,16,,,0,15,,22606,16,,,0,15,,18141,16,,,0,15,,22607,16,,,0,55,,18143,16,,,0,30,,18144,16,,,0,70,,18145,16,,,0,30,,18146,16,,,0,70,,18147,16,,,0,30,,22608,16,,,0,25,,18149,16,,,0,65,,22609,16,,,0
701019,'1797',631,,18266,16,,,0,70,,22660,16,,,0,30,,18211,16,,,0,70,,18223,16,,,0,15,,22688,16,,,0,15,,22664,16,,,0,15,,18270,16,,,0,55,,18201,16,,,0,15,,18271,16,,,0,15,,18212,16,,,0,15,,22691,16,,,0,55,,22654,16,,,0,15,,18281,16,,,0,15,,18236,16,,,0,15,,18276,16,,,0,55,,22635,16,,,0,16,,22692,16,,,0,16,,22644,16,,,0,15,,18277,16,,,0,55,,18225,16,,,0,15,,18280,16,,,0,15,,22665,16,,,0,15,,22695,16,,,0,55,,22636,16,,,0,15,,18291,16,,,0,15,,22645,16,,,0,15,,18290,16,,,0,55,,22655,16,,,0,15,,22694,16,,,0,15,,22666,16,,,0,15,,18288,16,,,0,55,,22637,16,,,0,15,,18287,16,,,0,15,,22646,16,,,0,15,,22696,16,,,0,55,,22656,16,,,0,15,,18286,16,,,0,15,,22667,16,,,0,15,,18285,16,,,0,55,,22638,16,,,0,15,,22693,16,,,0,15,,22647,16,,,0,15,,18283,16,,,0,55,,22657,16,,,0,15,,18282,16,,,0,14,,22668,16,,,0,15,,22697,16,,,0,55,,22639,16,,,0,15,,18267,16,,,0,15,,22648,16,,,0,15,,18272,16,,,0,55,,22658,16,,,0,15,,22689,16,,,0,14,,22669,16,,,0,15,,18274,16,,,0,55,,22640,16,,,0,30,,22649,16,,,0,70,,22659,16,,,0,30,,22670,16,,,0,70,,22684,16,,,0,29,,22686,16,,,0,25,,22690,16,,,0,65,,22687,16,,,0
701019,'1798',631,,22723,16,,,0,70,,22756,16,,,0,30,,22741,16,,,0,70,,22722,16,,,0,15,,18320,16,,,0,15,,22759,16,,,0,15,,22700,16,,,0,55,,22730,16,,,0,15,,18304,16,,,0,15,,22719,16,,,0,15,,18321,16,,,0,55,,18383,16,,,0,15,,22699,16,,,0,15,,22739,16,,,0,15,,18305,16,,,0,55,,22718,16,,,0,16,,18300,16,,,0,16,,22752,16,,,0,15,,18308,16,,,0,55,,18362,16,,,0,15,,18303,16,,,0,15,,22715,16,,,0,15,,18315,16,,,0,55,,18380,16,,,0,15,,18306,16,,,0,15,,18358,16,,,0,15,,18311,16,,,0,55,,22713,16,,,0,15,,18314,16,,,0,15,,22760,16,,,0,15,,18301,16,,,0,55,,22735,16,,,0,15,,18313,16,,,0,15,,22711,16,,,0,15,,18317,16,,,0,55,,22755,16,,,0,15,,18298,16,,,0,15,,22740,16,,,0,15,,18299,16,,,0,55,,22709,16,,,0,15,,18316,16,,,0,15,,22749,16,,,0,15,,18297,16,,,0,55,,22732,16,,,0,15,,18312,16,,,0,14,,22708,16,,,0,15,,18318,16,,,0,55,,22748,16,,,0,15,,18309,16,,,0,15,,22733,16,,,0,15,,18310,16,,,0,55,,22706,16,,,0,15,,18319,16,,,0,14,,22761,16,,,0,15,,18307,16,,,0,55,,22731,16,,,0,30,,22703,16,,,0,70,,22757,16,,,0,30,,22727,16,,,0,70,,22701,16,,,0,29,,22762,16,,,0,25,,22764,16,,,0,65,,22763,16,,,0
701019,'1799',631,,22790,16,,,0,70,,22823,16,,,0,30,,22808,16,,,0,70,,22789,16,,,0,15,,18419,16,,,0,15,,22826,16,,,0,15,,22767,16,,,0,55,,22797,16,,,0,15,,18403,16,,,0,15,,22786,16,,,0,15,,18420,16,,,0,55,,18482,16,,,0,15,,22766,16,,,0,15,,22806,16,,,0,15,,18404,16,,,0,55,,22785,16,,,0,16,,18399,16,,,0,16,,22819,16,,,0,15,,18407,16,,,0,55,,18461,16,,,0,15,,18402,16,,,0,15,,22782,16,,,0,15,,18414,16,,,0,55,,18479,16,,,0,15,,18405,16,,,0,15,,18457,16,,,0,15,,18410,16,,,0,55,,22780,16,,,0,15,,18413,16,,,0,15,,22827,16,,,0,15,,18400,16,,,0,55,,22802,16,,,0,15,,18412,16,,,0,15,,22778,16,,,0,15,,18416,16,,,0,55,,22822,16,,,0,15,,18397,16,,,0,15,,22807,16,,,0,15,,18398,16,,,0,55,,22776,16,,,0,15,,18415,16,,,0,15,,22816,16,,,0,15,,18396,16,,,0,55,,22799,16,,,0,15,,18411,16,,,0,14,,22775,16,,,0,15,,18417,16,,,0,55,,22815,16,,,0,15,,18408,16,,,0,15,,22800,16,,,0,15,,18409,16,,,0,55,,22773,16,,,0,15,,18418,16,,,0,14,,22828,16,,,0,15,,18406,16,,,0,55,,22798,16,,,0,30,,22770,16,,,0,70,,22824,16,,,0,30,,22794,16,,,0,70,,22768,16,,,0,29,,22829,16,,,0,25,,22831,16,,,0,65,,22830,16,,,0
701019,'1800',631,,22857,16,,,0,70,,22890,16,,,0,30,,22875,16,,,0,70,,22856,16,,,0,15,,18518,16,,,0,15,,22893,16,,,0,15,,22834,16,,,0,55,,22864,16,,,0,15,,18502,16,,,0,15,,22853,16,,,0,15,,18519,16,,,0,55,,18581,16,,,0,15,,22833,16,,,0,15,,22873,16,,,0,15,,18503,16,,,0,55,,22852,16,,,0,16,,18498,16,,,0,16,,22886,16,,,0,15,,18506,16,,,0,55,,18560,16,,,0,15,,18501,16,,,0,15,,22849,16,,,0,15,,18513,16,,,0,55,,18578,16,,,0,15,,18504,16,,,0,15,,18556,16,,,0,15,,18509,16,,,0,55,,22847,16,,,0,15,,18512,16,,,0,15,,22894,16,,,0,15,,18499,16,,,0,55,,22869,16,,,0,15,,18511,16,,,0,15,,22845,16,,,0,15,,18515,16,,,0,55,,22889,16,,,0,15,,18496,16,,,0,15,,22874,16,,,0,15,,18497,16,,,0,55,,22843,16,,,0,15,,18514,16,,,0,15,,22883,16,,,0,15,,18495,16,,,0,55,,22866,16,,,0,15,,18510,16,,,0,14,,22842,16,,,0,15,,18516,16,,,0,55,,22882,16,,,0,15,,18507,16,,,0,15,,22867,16,,,0,15,,18508,16,,,0,55,,22840,16,,,0,15,,18517,16,,,0,14,,22895,16,,,0,15,,18505,16,,,0,55,,22865,16,,,0,30,,22837,16,,,0,70,,22891,16,,,0,30,,22861,16,,,0,70,,22835,16,,,0,29,,22896,16,,,0,25,,22898,16,,,0,65,,22897,16,,,0
