22019,'1796',750,,21242,7,,,0,70,,16287,7,,,0,30,,16288,7,,,0,69,,21243,7,,,0,30,,21244,7,,,0,70,,21245,7,,,0,30,,21246,7,,,0,70,,21247,7,,,0,30,,21248,7,,,0,70,,21249,7,,,0,30,,21250,7,,,0,71,,21251,7,,,0,30,,21252,7,,,0,70,,21253,7,,,0,32,,21254,7,,,0,70,,21255,7,,,0,28,,21265,7,,,0,70,,21256,7,,,0,30,,21257,7,,,0,69,,21258,7,,,0,30,,21259,7,,,0,69,,21260,7,,,0,30,,16307,7,,,0,70,,21261,7,,,0,29,,21262,7,,,0,68,,21263,7,,,0,30,,16311,7,,,0
22019,'1797',844,,16316,7,,,0,72,,16317,7,,,0,30,,16318,7,,,0,70,,16319,7,,,0,30,,16320,7,,,0,70,,16321,7,,,0,30,,16322,7,,,0,70,,16323,7,,,0,31,,16324,7,,,0,70,,16325,7,,,0,30,,16326,7,,,0,70,,16327,7,,,0,31,,16328,7,,,0,70,,16329,7,,,0,30,,16330,7,,,0,70,,16331,7,,,0,29,,16332,7,,,0,70,,16333,7,,,0
22019,'1798',841,,21274,7,,,0,100,,21275,7,,,0,100,,21268,7,,,0,100,,21273,7,,,0,100,,21269,7,,,0,100,,21270,7,,,0,100,,21267,7,,,0,100,,21271,7,,,0,100,,21272,7,,,0
22019,'1799',841,,21287,7,,,0,100,,21288,7,,,0,100,,21281,7,,,0,100,,21286,7,,,0,100,,21282,7,,,0,100,,21283,7,,,0,100,,21280,7,,,0,100,,21284,7,,,0,100,,21285,7,,,0
22019,'1800',841,,21300,7,,,0,100,,21301,7,,,0,100,,21294,7,,,0,100,,21299,7,,,0,100,,21295,7,,,0,100,,21296,7,,,0,100,,21293,7,,,0,100,,21297,7,,,0,100,,21298,7,,,0
801019,'1796',554,,19113,4,0,12,0,70,,19121,4,0,12,0,20,,23244,4,0,12,0,65,,23241,4,0,12,0,15,,23243,4,0,12,0,19,,23240,4,0,12,0,60,,23242,4,0,12,0,20,,23247,4,0,12,0,25,,19091,4,0,12,0,71,,23225,4,0,12,0,30,,23226,4,0,12,0,70,,19094,4,0,12,0,30,,23227,4,0,12,0,70,,23228,4,0,12,0,30,,23229,4,0,12,0,70,,23230,4,0,12,0,30,,23231,4,0,12,0,70,,23232,4,0,12,0,30,,23233,4,0,12,0,70,,23234,4,0,12,0,30,,23245,4,0,12,0,70,,19123,4,0,12,0,25,,23235,4,0,12,0,60,,19104,4,0,12,0,20,,19124,4,0,12,0,20,,19105,4,0,12,0,60,,19106,4,0,12,0,20,,23248,4,0,12,0,20,,23236,4,0,12,0,60,,23246,4,0,12,0,20,,19119,4,0,12,0,25,,23237,4,0,12,0,70,,19109,4,0,12,0,30,,23238,4,0,12,0,70,,23239,4,0,12,0
801019,'1797',748,,23256,4,0,12,0,70,,19147,4,0,12,0,30,,19148,4,0,12,0,70,,23252,4,0,12,0,30,,19133,4,0,12,0,70,,19132,4,0,12,0,30,,23255,4,0,12,0,70,,19137,4,0,12,0,30,,19142,4,0,12,0,70,,23254,4,0,12,0,30,,19140,4,0,12,0,70,,19139,4,0,12,0,30,,23249,4,0,12,0,70,,19136,4,0,12,0,30,,19145,4,0,12,0,70,,23251,4,0,12,0,30,,19126,4,0,12,0,70,,19127,4,0,12,0,30,,23250,4,0,12,0,70,,19131,4,0,12,0,30,,19144,4,0,12,0,70,,23253,4,0,12,0,30,,19135,4,0,12,0,71,,19149,4,0,12,0,30,,23257,4,0,12,0,70,,19151,4,0,12,0
801019,'1798',748,,19165,4,0,12,0,70,,23259,4,0,12,0,30,,19169,4,0,12,0,70,,19158,4,0,12,0,30,,23258,4,0,12,0,70,,19163,4,0,12,0,30,,19176,4,0,12,0,70,,19167,4,0,12,0,30,,19164,4,0,12,0,70,,19173,4,0,12,0,30,,19159,4,0,12,0,70,,19170,4,0,12,0,30,,19172,4,0,12,0,70,,19168,4,0,12,0,30,,19155,4,0,12,0,70,,19174,4,0,12,0,30,,19160,4,0,12,0,70,,19156,4,0,12,0,30,,19171,4,0,12,0,70,,19154,4,0,12,0,30,,19157,4,0,12,0,70,,19175,4,0,12,0,30,,19152,4,0,12,0,71,,19162,4,0,12,0,30,,19177,4,0,12,0,70,,19166,4,0,12,0
801019,'1799',748,,19191,4,0,12,0,70,,23261,4,0,12,0,30,,19195,4,0,12,0,70,,19184,4,0,12,0,30,,23260,4,0,12,0,70,,19189,4,0,12,0,30,,19202,4,0,12,0,70,,19193,4,0,12,0,30,,19190,4,0,12,0,70,,19199,4,0,12,0,30,,19185,4,0,12,0,70,,19196,4,0,12,0,30,,19198,4,0,12,0,70,,19194,4,0,12,0,30,,19181,4,0,12,0,70,,19200,4,0,12,0,30,,19186,4,0,12,0,70,,19182,4,0,12,0,30,,19197,4,0,12,0,70,,19180,4,0,12,0,30,,19183,4,0,12,0,70,,19201,4,0,12,0,30,,19178,4,0,12,0,71,,19188,4,0,12,0,30,,19203,4,0,12,0,70,,19192,4,0,12,0
801019,'1800',748,,19217,4,0,12,0,70,,23263,4,0,12,0,30,,19221,4,0,12,0,70,,19210,4,0,12,0,30,,23262,4,0,12,0,70,,19215,4,0,12,0,30,,19228,4,0,12,0,70,,19219,4,0,12,0,30,,19216,4,0,12,0,70,,19225,4,0,12,0,30,,19211,4,0,12,0,70,,19222,4,0,12,0,30,,19224,4,0,12,0,70,,19220,4,0,12,0,30,,19207,4,0,12,0,70,,19226,4,0,12,0,30,,19212,4,0,12,0,70,,19208,4,0,12,0,30,,19223,4,0,12,0,70,,19206,4,0,12,0,30,,19209,4,0,12,0,70,,19227,4,0,12,0,30,,19204,4,0,12,0,71,,19214,4,0,12,0,30,,19229,4,0,12,0,70,,19218,4,0,12,0
