'1306',6019,85900,4,'',0,10000,4,'',0,10000,4,'',0,10000,4,'',0,10000,4,'',0,10000,4,'',0,10000,4,'',0,10000,4,'',0,10000,4,'',0,10000,4,'',0,10000,4,'',0,9800,4,'',0,10000,4,'',0
'1307',6019,85900,4,'',0,10000,4,'',0,10000,4,'',0,10000,4,'',0,10000,4,'',0,10000,4,'',0,10000,4,'',0,10000,4,'',0,10000,4,'',0,10000,4,'',0,10000,4,'',0,9800,4,'',0,10000,4,'',0
'1332',6019,195900,4,'',0,10000,4,'',0,10000,4,'',0,9800,4,'',0
'1333',6019,85900,4,'',0,10000,4,'',0,10000,4,'',0,10000,4,'',0,10000,4,'',0,10000,4,'',0,10000,4,'',0,10000,4,'',0,10000,4,'',0,10000,4,'',0,10000,4,'',0,9800,4,'',0,10000,4,'',0
'1347',6019,195900,4,'',0,10000,4,'',0,10000,4,'',0,9800,4,'',0
'1348',6019,85900,4,'',0,10000,4,'',0,10000,4,'',0,10000,4,'',0,10000,4,'',0,10000,4,'',0,10000,4,'',0,10000,4,'',0,10000,4,'',0,10000,4,'',0,10000,4,'',0,9800,4,'',0,10000,4,'',0
'1350',6019,195900,4,'',0,10000,4,'',0,10000,4,'',0,9800,4,'',0
'1351',6019,85900,4,'',0,10000,4,'',0,10000,4,'',0,10000,4,'',0,10000,4,'',0,10000,4,'',0,10000,4,'',0,10000,4,'',0,10000,4,'',0,10000,4,'',0,10000,4,'',0,9800,4,'',0,10000,4,'',0
'1306',14019,80000,,'',0,10000,,'',0,10000,,'',0,10000,,'',0,10000,,'',0,10000,,'',0,10000,,'',0,10000,,'',0,10000,,'',0,10000,,'',0,10000,,'',0,10000,,'',0,10000,,'',0
'1307',14019,80000,,'',0,10000,,'',0,10000,,'',0,10000,,'',0,10000,,'',0,10000,,'',0,10000,,'',0,10000,,'',0,10000,,'',0,10000,,'',0,10000,,'',0,10000,,'',0,10000,,'',0
'1332',14019,63000,,'',0,7000,,'',0,3000,,'',0,7000,,'',0,3000,,'',0,7000,,'',0,3000,,'',0,7000,,'',0,3000,,'',0,7000,,'',0,3000,,'',0,7000,,'',0,3000,,'',0,7000,,'',0,3000,,'',0,7000,,'',0,3000,,'',0,7000,,'',0,3000,,'',0,7000,,'',0,3000,,'',0,7000,,'',0,3000,,'',0,7000,,'',0,3000,,'',0,7000,,'',0,10000,,'',0,10000,,'',0,10000,,'',0
'1333',14019,80000,,'',0,10000,,'',0,10000,,'',0,10000,,'',0,10000,,'',0,10000,,'',0,10000,,'',0,10000,,'',0,10000,,'',0,10000,,'',0,10000,,'',0,10000,,'',0,10000,,'',0
'1334',14019,62700,,'',0,2800,4,'',0,200,,'',0,6800,4,'',0,200,,'',0,2800,4,'',0,200,,'',0,6800,4,'',0,200,,'',0,2800,4,'',0,200,,'',0,6800,4,'',0,200,,'',0,2800,4,'',0,200,,'',0,6800,4,'',0,200,,'',0,2800,4,'',0,200,,'',0,6800,4,'',0,200,,'',0,2800,4,'',0,200,,'',0,6800,4,'',0,200,,'',0,2800,4,'',0,200,,'',0,6800,4,'',0,200,,'',0,2800,4,'',0,200,,'',0,6800,4,'',0,200,,'',0,2800,4,'',0,200,,'',0,6800,4,'',0,200,,'',0,2800,4,'',0,200,,'',0,6800,4,'',0,700,,'',0,6800,4,'',0,200,,'',0,2800,4,'',0,200,,'',0,6800,4,'',0,200,,'',0,2800,4,'',0,500,,'',0,6500,,'',0,300,4,'',0,2500,4,'',0,7200,,'',0,2800,4,'',0,7200,,'',0,2800,4,'',0,7200,,'',0,2800,4,'',0
'1341',14019,62700,,'',0,2800,4,'',0,200,,'',0,6800,4,'',0,200,,'',0,2800,4,'',0,200,,'',0,6800,4,'',0,200,,'',0,2800,4,'',0,200,,'',0,6800,4,'',0,200,,'',0,2800,4,'',0,200,,'',0,6800,4,'',0,200,,'',0,2800,4,'',0,200,,'',0,6800,4,'',0,200,,'',0,2800,4,'',0,200,,'',0,6800,4,'',0,200,,'',0,2800,4,'',0,200,,'',0,6800,4,'',0,200,,'',0,2800,4,'',0,200,,'',0,6800,4,'',0,200,,'',0,2800,4,'',0,200,,'',0,6800,4,'',0,200,,'',0,2800,4,'',0,200,,'',0,6800,4,'',0,700,,'',0,6800,4,'',0,200,,'',0,2800,4,'',0,200,,'',0,6800,4,'',0,200,,'',0,2800,4,'',0,500,,'',0,6500,,'',0,300,4,'',0,2500,4,'',0,7200,,'',0,2800,4,'',0,7200,,'',0,2800,4,'',0,7200,,'',0,2800,4,'',0
'1347',14019,63000,,'',0,7000,,'',0,3000,,'',0,7000,,'',0,3000,,'',0,7000,,'',0,3000,,'',0,7000,,'',0,3000,,'',0,7000,,'',0,3000,,'',0,7000,,'',0,3000,,'',0,7000,,'',0,3000,,'',0,7000,,'',0,3000,,'',0,7000,,'',0,3000,,'',0,7000,,'',0,3000,,'',0,7000,,'',0,3000,,'',0,7000,,'',0,3000,,'',0,7000,,'',0,10000,,'',0,10000,,'',0,10000,,'',0
'1348',14019,80000,,'',0,10000,,'',0,10000,,'',0,10000,,'',0,10000,,'',0,10000,,'',0,10000,,'',0,10000,,'',0,10000,,'',0,10000,,'',0,10000,,'',0,10000,,'',0,10000,,'',0
'1349',14019,62700,,'',0,2800,4,'',0,200,,'',0,6800,4,'',0,200,,'',0,2800,4,'',0,200,,'',0,6800,4,'',0,200,,'',0,2800,4,'',0,200,,'',0,6800,4,'',0,200,,'',0,2800,4,'',0,200,,'',0,6800,4,'',0,200,,'',0,2800,4,'',0,200,,'',0,6800,4,'',0,200,,'',0,2800,4,'',0,200,,'',0,6800,4,'',0,200,,'',0,2800,4,'',0,200,,'',0,6800,4,'',0,200,,'',0,2800,4,'',0,200,,'',0,6800,4,'',0,200,,'',0,2800,4,'',0,200,,'',0,6800,4,'',0,200,,'',0,2800,4,'',0,200,,'',0,6800,4,'',0,700,,'',0,6800,4,'',0,200,,'',0,2800,4,'',0,200,,'',0,6800,4,'',0,200,,'',0,2800,4,'',0,500,,'',0,6500,,'',0,300,4,'',0,2500,4,'',0,7200,,'',0,2800,4,'',0,7200,,'',0,2800,4,'',0,7200,,'',0,2800,4,'',0
'1350',14019,63000,,'',0,7000,,'',0,3000,,'',0,7000,,'',0,3000,,'',0,7000,,'',0,3000,,'',0,7000,,'',0,3000,,'',0,7000,,'',0,3000,,'',0,7000,,'',0,3000,,'',0,7000,,'',0,3000,,'',0,7000,,'',0,3000,,'',0,7000,,'',0,3000,,'',0,7000,,'',0,3000,,'',0,7000,,'',0,3000,,'',0,7000,,'',0,3000,,'',0,7000,,'',0,10000,,'',0,10000,,'',0,10000,,'',0
'1351',14019,80000,,'',0,10000,,'',0,10000,,'',0,10000,,'',0,10000,,'',0,10000,,'',0,10000,,'',0,10000,,'',0,10000,,'',0,10000,,'',0,10000,,'',0,10000,,'',0,10000,,'',0
'1352',14019,62700,,'',0,2800,4,'',0,200,,'',0,6800,4,'',0,200,,'',0,2800,4,'',0,200,,'',0,6800,4,'',0,200,,'',0,2800,4,'',0,200,,'',0,6800,4,'',0,200,,'',0,2800,4,'',0,200,,'',0,6800,4,'',0,200,,'',0,2800,4,'',0,200,,'',0,6800,4,'',0,200,,'',0,2800,4,'',0,200,,'',0,6800,4,'',0,200,,'',0,2800,4,'',0,200,,'',0,6800,4,'',0,200,,'',0,2800,4,'',0,200,,'',0,6800,4,'',0,200,,'',0,2800,4,'',0,200,,'',0,6800,4,'',0,200,,'',0,2800,4,'',0,200,,'',0,6800,4,'',0,700,,'',0,6800,4,'',0,200,,'',0,2800,4,'',0,200,,'',0,6800,4,'',0,200,,'',0,2800,4,'',0,500,,'',0,6500,,'',0,300,4,'',0,2500,4,'',0,7200,,'',0,2800,4,'',0,7200,,'',0,2800,4,'',0,7200,,'',0,2800,4,'',0
'1332',19019,62500,4,'',0,3100,4,'',0,7000,4,'',0,3000,4,'',0,7000,4,'',0,3000,4,'',0,7000,4,'',0,3000,4,'',0,7100,4,'',0,3000,4,'',0,7000,4,'',0,3000,4,'',0,7000,4,'',0,3000,4,'',0,7100,4,'',0,3100,4,'',0,7000,4,'',0,3000,4,'',0,7000,4,'',0,3000,4,'',0,7000,4,'',0,3000,4,'',0,7000,4,'',0,3000,4,'',0,6900,4,'',0,3000,4,'',0,6900,4,'',0
'1334',19019,205600,4,'',0,9900,4,'',0,9900,4,'',0
'1341',19019,205600,4,'',0,9900,4,'',0,9900,4,'',0
'1344',19019,65600,4,'',0,10000,4,'',0,7000,4,'',0,10000,4,'',0,3000,4,'',0,10100,4,'',0,7000,4,'',0,10000,4,'',0,3000,4,'',0,10200,4,'',0,7000,4,'',0,10000,4,'',0,3000,4,'',0,10000,4,'',0,7000,4,'',0,9900,4,'',0,3000,4,'',0
'1347',19019,62500,4,'',0,3100,4,'',0,7000,4,'',0,3000,4,'',0,7000,4,'',0,3000,4,'',0,7000,4,'',0,3000,4,'',0,7100,4,'',0,3000,4,'',0,7000,4,'',0,3000,4,'',0,7000,4,'',0,3000,4,'',0,7100,4,'',0,3100,4,'',0,7000,4,'',0,3000,4,'',0,7000,4,'',0,3000,4,'',0,7000,4,'',0,3000,4,'',0,7000,4,'',0,3000,4,'',0,6900,4,'',0,3000,4,'',0,6900,4,'',0
'1349',19019,205600,4,'',0,9900,4,'',0,9900,4,'',0
'1350',19019,62500,4,'',0,10100,4,'',0,13000,4,'',0,17100,4,'',0,13000,4,'',0,17100,4,'',0,13100,4,'',0,17000,4,'',0,13000,4,'',0,16800,4,'',0
'1352',19019,205600,4,'',0,9900,4,'',0,9900,4,'',0
