1029,'1796',611,,19689,29,,,0,31,,13901,29,,,0,66,,19709,29,,,0,31,,19686,29,,,0,70,,19681,29,,,0,30,,19713,29,,,0,69,,19684,29,,,0,30,,19690,29,,,0,70,,19708,29,,,0,30,,19688,29,,,0,70,,19680,29,,,0,30,,19712,29,,,0,70,,19685,29,,,0,30,,19691,29,,,0,70,,19707,29,,,0,30,,19687,29,,,0,70,,19682,29,,,0,31,,19710,29,,,0,72,,19683,29,,,0,30,,19692,29,,,0,69,,19706,29,,,0,29,,19695,29,,,0,70,,19694,29,,,0,30,,19693,29,,,0,72,,19699,29,,,0,30,,19698,29,,,0,70,,19697,29,,,0,30,,19696,29,,,0,69,,19711,29,,,0,30,,19705,29,,,0,70,,19704,29,,,0,30,,19703,29,,,0,70,,19702,29,,,0,30,,19701,29,,,0,65,,19700,29,,,0
1029,'1797',611,,19719,29,,,0,28,,19731,29,,,0,70,,19738,29,,,0,30,,19726,29,,,0,70,,19747,29,,,0,30,,19735,29,,,0,71,,19718,29,,,0,31,,19730,29,,,0,70,,19741,29,,,0,30,,19725,29,,,0,70,,19748,29,,,0,30,,19734,29,,,0,70,,19717,29,,,0,30,,19729,29,,,0,70,,19740,29,,,0,30,,19724,29,,,0,70,,19720,29,,,0,30,,19733,29,,,0,70,,19716,29,,,0,30,,19728,29,,,0,69,,19736,29,,,0,30,,19723,29,,,0,70,,19745,29,,,0,30,,19732,29,,,0,70,,19715,29,,,0,30,,19727,29,,,0,70,,19739,29,,,0,30,,19721,29,,,0,70,,19743,29,,,0,30,,19742,29,,,0,70,,19714,29,,,0,30,,19722,29,,,0,67,,19737,29,,,0,30,,19746,29,,,0,70,,19744,29,,,0
1029,'1798',611,,19749,29,,,0,98,,19750,29,,,0,100,,19751,29,,,0,101,,19752,29,,,0,101,,19753,29,,,0,100,,19754,29,,,0,100,,19755,29,,,0,100,,19756,29,,,0,100,,19757,29,,,0,100,,19758,29,,,0,99,,19759,29,,,0,100,,19760,29,,,0,100,,19761,29,,,0,100,,19762,29,,,0,100,,19763,29,,,0,100,,19764,29,,,0,97,,19765,29,,,0,100,,19766,29,,,0
1029,'1799',611,,19767,29,,,0,98,,19768,29,,,0,100,,19769,29,,,0,101,,19770,29,,,0,101,,19771,29,,,0,100,,19772,29,,,0,100,,19773,29,,,0,100,,19774,29,,,0,100,,19775,29,,,0,100,,19776,29,,,0,99,,19777,29,,,0,100,,19778,29,,,0,100,,19779,29,,,0,100,,19780,29,,,0,100,,19781,29,,,0,100,,19782,29,,,0,97,,19783,29,,,0,100,,19784,29,,,0
1029,'1800',611,,19785,29,,,0,98,,19786,29,,,0,100,,19787,29,,,0,101,,19788,29,,,0,101,,19789,29,,,0,100,,19790,29,,,0,100,,19791,29,,,0,100,,19792,29,,,0,100,,19793,29,,,0,100,,19794,29,,,0,99,,19795,29,,,0,100,,19796,29,,,0,100,,19797,29,,,0,100,,19798,29,,,0,100,,19799,29,,,0,100,,19800,29,,,0,97,,19801,29,,,0,100,,19802,29,,,0
31019,'1796',602,,21409,9,,,0,26,,21404,9,,,0,25,,21374,21,,,0,72,,21389,21,,,0,29,,21402,21,,,0,70,,21385,21,,,0,30,,21382,21,,,0,70,,21396,21,,,0,30,,21377,21,,,0,72,,21390,21,,,0,28,,21401,21,,,0,70,,21388,21,,,0,30,,21383,21,,,0,70,,21395,21,,,0,30,,21376,21,,,0,70,,21391,21,,,0,30,,21400,21,,,0,70,,21386,21,,,0,30,,21380,21,,,0,70,,21394,21,,,0,30,,21378,21,,,0,70,,21392,21,,,0,30,,21399,21,,,0,70,,21387,21,,,0,30,,21381,21,,,0,70,,21393,21,,,0,30,,21375,21,,,0,70,,21410,21,,,0,30,,21398,21,,,0,100,,21384,21,,,0,99,,21379,21,,,0,100,,21397,21,,,0
31019,'1797',603,,21446,9,,,0,26,,21439,9,,,0,24,,21416,21,,,0,70,,21432,21,,,0,30,,21445,21,,,0,70,,21428,21,,,0,30,,21422,21,,,0,70,,21438,21,,,0,30,,21415,21,,,0,70,,21431,21,,,0,30,,21440,21,,,0,71,,21427,21,,,0,30,,21421,21,,,0,70,,21437,21,,,0,30,,21414,21,,,0,70,,21430,21,,,0,30,,21443,21,,,0,70,,21426,21,,,0,30,,21420,21,,,0,70,,21436,21,,,0,30,,21413,21,,,0,70,,21429,21,,,0,30,,21442,21,,,0,70,,21425,21,,,0,30,,21419,21,,,0,70,,21435,21,,,0,30,,21412,21,,,0,70,,21447,21,,,0,30,,21441,21,,,0,99,,21418,21,,,0,100,,21411,21,,,0,100,,21444,21,,,0
31019,'1798',603,,21465,9,,,0,50,,21448,21,,,0,100,,21449,21,,,0,100,,21450,21,,,0,100,,21451,21,,,0,100,,21452,21,,,0,101,,21453,21,,,0,100,,21454,21,,,0,100,,21455,21,,,0,100,,21456,21,,,0,100,,21457,21,,,0,100,,21458,21,,,0,100,,21459,21,,,0,100,,21460,21,,,0,100,,21461,21,,,0,99,,21462,21,,,0,100,,21463,21,,,0,100,,21464,21,,,0
31019,'1799',603,,21484,9,,,0,50,,21467,21,,,0,100,,21468,21,,,0,100,,21469,21,,,0,100,,21470,21,,,0,100,,21471,21,,,0,101,,21472,21,,,0,100,,21473,21,,,0,100,,21474,21,,,0,100,,21475,21,,,0,100,,21476,21,,,0,100,,21477,21,,,0,100,,21478,21,,,0,100,,21479,21,,,0,100,,21480,21,,,0,99,,21481,21,,,0,100,,21482,21,,,0,100,,21483,21,,,0
31019,'1800',603,,21503,9,,,0,50,,21486,21,,,0,100,,21487,21,,,0,100,,21488,21,,,0,100,,21489,21,,,0,100,,21490,21,,,0,101,,21491,21,,,0,100,,21492,21,,,0,100,,21493,21,,,0,100,,21494,21,,,0,100,,21495,21,,,0,100,,21496,21,,,0,100,,21497,21,,,0,100,,21498,21,,,0,100,,21499,21,,,0,99,,21500,21,,,0,100,,21501,21,,,0,100,,21502,21,,,0
801019,'1796',600,,19113,8,0,12,0,30,,19121,8,0,12,0,20,,23244,8,0,12,0,66,,23241,8,0,12,0,15,,23243,8,0,12,0,19,,23240,8,0,12,0,60,,23242,8,0,12,0,20,,23247,8,0,12,0,25,,19091,8,0,12,0,71,,23225,8,0,12,0,30,,23226,8,0,12,0,70,,19094,8,0,12,0,30,,23227,8,0,12,0,70,,23228,8,0,12,0,30,,23229,8,0,12,0,70,,23230,8,0,12,0,30,,23231,8,0,12,0,70,,23232,8,0,12,0,30,,23233,8,0,12,0,70,,23234,8,0,12,0,30,,23245,8,0,12,0,70,,19123,8,0,12,0,25,,23235,8,0,12,0,60,,19104,8,0,12,0,20,,19124,8,0,12,0,20,,19105,8,0,12,0,60,,19106,8,0,12,0,20,,23248,8,0,12,0,20,,23236,8,0,12,0,59,,23246,8,0,12,0,20,,19119,8,0,12,0,25,,23237,8,0,12,0,70,,19109,8,0,12,0,30,,23238,8,0,12,0,70,,23239,8,0,12,0
801019,'1797',755,,23256,8,0,12,0,70,,19147,8,0,12,0,30,,19148,8,0,12,0,70,,23252,8,0,12,0,30,,19133,8,0,12,0,70,,19132,8,0,12,0,30,,23255,8,0,12,0,70,,19137,8,0,12,0,30,,19142,8,0,12,0,70,,23254,8,0,12,0,30,,19140,8,0,12,0,70,,19139,8,0,12,0,30,,23249,8,0,12,0,70,,19136,8,0,12,0,30,,19145,8,0,12,0,70,,23251,8,0,12,0,30,,19126,8,0,12,0,70,,19127,8,0,12,0,30,,23250,8,0,12,0,70,,19131,8,0,12,0,30,,19144,8,0,12,0,70,,23253,8,0,12,0,30,,19135,8,0,12,0,71,,19149,8,0,12,0,30,,23257,8,0,12,0,70,,19151,8,0,12,0
801019,'1798',755,,19165,8,0,12,0,70,,23259,8,0,12,0,30,,19169,8,0,12,0,70,,19158,8,0,12,0,30,,23258,8,0,12,0,70,,19163,8,0,12,0,30,,19176,8,0,12,0,70,,19167,8,0,12,0,30,,19164,8,0,12,0,70,,19173,8,0,12,0,30,,19159,8,0,12,0,70,,19170,8,0,12,0,30,,19172,8,0,12,0,70,,19168,8,0,12,0,30,,19155,8,0,12,0,70,,19174,8,0,12,0,30,,19160,8,0,12,0,70,,19156,8,0,12,0,30,,19171,8,0,12,0,70,,19154,8,0,12,0,30,,19157,8,0,12,0,70,,19175,8,0,12,0,30,,19152,8,0,12,0,71,,19162,8,0,12,0,30,,19177,8,0,12,0,70,,19166,8,0,12,0
801019,'1799',755,,19191,8,0,12,0,70,,23261,8,0,12,0,30,,19195,8,0,12,0,70,,19184,8,0,12,0,30,,23260,8,0,12,0,70,,19189,8,0,12,0,30,,19202,8,0,12,0,70,,19193,8,0,12,0,30,,19190,8,0,12,0,70,,19199,8,0,12,0,30,,19185,8,0,12,0,70,,19196,8,0,12,0,30,,19198,8,0,12,0,70,,19194,8,0,12,0,30,,19181,8,0,12,0,70,,19200,8,0,12,0,30,,19186,8,0,12,0,70,,19182,8,0,12,0,30,,19197,8,0,12,0,70,,19180,8,0,12,0,30,,19183,8,0,12,0,70,,19201,8,0,12,0,30,,19178,8,0,12,0,71,,19188,8,0,12,0,30,,19203,8,0,12,0,70,,19192,8,0,12,0
801019,'1800',755,,19217,8,0,12,0,70,,23263,8,0,12,0,30,,19221,8,0,12,0,70,,19210,8,0,12,0,30,,23262,8,0,12,0,70,,19215,8,0,12,0,30,,19228,8,0,12,0,70,,19219,8,0,12,0,30,,19216,8,0,12,0,70,,19225,8,0,12,0,30,,19211,8,0,12,0,70,,19222,8,0,12,0,30,,19224,8,0,12,0,70,,19220,8,0,12,0,30,,19207,8,0,12,0,70,,19226,8,0,12,0,30,,19212,8,0,12,0,70,,19208,8,0,12,0,30,,19223,8,0,12,0,70,,19206,8,0,12,0,30,,19209,8,0,12,0,70,,19227,8,0,12,0,30,,19204,8,0,12,0,71,,19214,8,0,12,0,30,,19229,8,0,12,0,70,,19218,8,0,12,0
