1019,'1796',556,,13774,32,,,0,70,,19586,32,,,0,30,,19562,32,,,0,70,,19557,32,,,0,31,,19575,32,,,0,71,,19559,32,,,0,30,,19564,32,,,0,70,,19589,32,,,0,30,,19561,32,,,0,70,,19555,32,,,0,31,,19574,32,,,0,70,,19560,32,,,0,30,,19565,32,,,0,70,,19585,32,,,0,30,,19563,32,,,0,70,,19556,32,,,0,30,,19587,32,,,0,71,,19558,32,,,0,70,,19566,32,,,0,30,,19584,32,,,0,29,,19577,32,,,0,70,,19569,32,,,0,30,,19567,32,,,0,69,,19570,32,,,0,30,,19572,32,,,0,70,,19571,32,,,0,29,,19568,32,,,0,70,,19588,32,,,0,30,,19582,32,,,0,70,,19583,32,,,0,30,,19581,32,,,0,69,,19580,32,,,0,74,,19579,32,,,0,30,,19578,32,,,0,70,,19576,32,,,0,25,,19573,32,,,0
1019,'1797',555,,19601,32,,,0,70,,19615,32,,,0,30,,19600,32,,,0,70,,19620,32,,,0,31,,19610,32,,,0,70,,19594,32,,,0,30,,19616,32,,,0,70,,19618,32,,,0,30,,19599,32,,,0,70,,19621,32,,,0,30,,19609,32,,,0,71,,19593,32,,,0,30,,19604,32,,,0,70,,19614,32,,,0,30,,19598,32,,,0,70,,19622,32,,,0,30,,19608,32,,,0,70,,19592,32,,,0,30,,19603,32,,,0,70,,19613,32,,,0,30,,19597,32,,,0,70,,19623,32,,,0,30,,19607,32,,,0,70,,19591,32,,,0,30,,19602,32,,,0,70,,19612,32,,,0,29,,19595,32,,,0,70,,19624,32,,,0,30,,19605,32,,,0,70,,19590,32,,,0,30,,19596,32,,,0,70,,19611,32,,,0,33,,19606,32,,,0,70,,19625,32,,,0,30,,19619,32,,,0,65,,19617,32,,,0
1019,'1798',625,,19626,32,,,0,100,,19627,32,,,0,101,,19628,32,,,0,100,,19629,32,,,0,100,,19630,32,,,0,101,,19631,32,,,0,100,,19632,32,,,0,100,,19633,32,,,0,100,,19634,32,,,0,100,,19635,32,,,0,100,,19636,32,,,0,100,,19637,32,,,0,100,,19638,32,,,0,99,,19639,32,,,0,100,,19640,32,,,0,100,,19641,32,,,0,103,,19642,32,,,0,95,,19643,32,,,0
1019,'1799',625,,19644,32,,,0,100,,19645,32,,,0,101,,19646,32,,,0,100,,19647,32,,,0,100,,19648,32,,,0,101,,19649,32,,,0,100,,19650,32,,,0,100,,19651,32,,,0,100,,19652,32,,,0,100,,19653,32,,,0,100,,19654,32,,,0,100,,19655,32,,,0,100,,19656,32,,,0,99,,19657,32,,,0,100,,19658,32,,,0,100,,19659,32,,,0,103,,19660,32,,,0,95,,19661,32,,,0
1019,'1800',625,,19662,32,,,0,100,,19663,32,,,0,101,,19664,32,,,0,100,,19665,32,,,0,100,,19666,32,,,0,101,,19667,32,,,0,100,,19668,32,,,0,100,,19669,32,,,0,100,,19670,32,,,0,100,,19671,32,,,0,100,,19672,32,,,0,100,,19673,32,,,0,100,,19674,32,,,0,99,,19675,32,,,0,100,,19676,32,,,0,100,,19677,32,,,0,103,,19678,32,,,0,95,,19679,32,,,0
22029,'1796',647,,21307,11,0,19 2 20 21,0,73,,21308,11,0,19 2 20 21,0,30,,21309,11,0,19 2 20 21,0,73,,21310,11,0,19 2 20 21,0,30,,21311,11,0,19 2 20 21,0,1287,,21334,11,0,19 2 20 21,0,170,,16423,11,0,19 2 20 21,0,35,,16424,11,0,19 2 20 21,0
22029,'1797',614,,16449,11,0,19 2 20 21,0,30,,16443,11,0,19 2 20 21,0,67,,16450,11,0,19 2 20 21,0,30,,16444,11,0,19 2 20 21,0,71,,16451,11,0,19 2 20 21,0,931,,16445,11,0,19 2 20 21,0,69,,16452,11,0,19 2 20 21,0,30,,16446,11,0,19 2 20 21,0,70,,16453,11,0,19 2 20 21,0,29,,16447,11,0,19 2 20 21,0,70,,16454,11,0,19 2 20 21,0,30,,16448,11,0,19 2 20 21,0,67,,16455,11,0,19 2 20 21,0,33,,16456,11,0,19 2 20 21,0,175,,16458,11,0,19 2 20 21,0,30,,16457,11,0,19 2 20 21,0
22029,'1798',715,,21346,11,0,19 2 20 21,0,1097,,16473,11,0,19 2 20 21,0,100,,21345,11,0,19 2 20 21,0,99,,16471,11,0,19 2 20 21,0,100,,21347,11,0,19 2 20 21,0,205,,16475,11,0,19 2 20 21,0,30,,16474,11,0,19 2 20 21,0
22029,'1799',715,,21359,11,0,19 2 20 21,0,1097,,16490,11,0,19 2 20 21,0,100,,21358,11,0,19 2 20 21,0,99,,16488,11,0,19 2 20 21,0,100,,21360,11,0,19 2 20 21,0,205,,16492,11,0,19 2 20 21,0,30,,16491,11,0,19 2 20 21,0
22029,'1800',715,,21372,11,0,19 2 20 21,0,1097,,16507,11,0,19 2 20 21,0,100,,21371,11,0,19 2 20 21,0,99,,16505,11,0,19 2 20 21,0,100,,21373,11,0,19 2 20 21,0,205,,16509,11,0,19 2 20 21,0,30,,16508,11,0,19 2 20 21,0
