1019,'1796',539,,13774,11,,,0,70,,19586,11,,,0,30,,19562,11,,,0,70,,19557,11,,,0,30,,19575,11,,,0,71,,19559,11,,,0,30,,19564,11,,,0,70,,19589,11,,,0,30,,19561,11,,,0,70,,19555,11,,,0,30,,19574,11,,,0,70,,19560,11,,,0,30,,19565,11,,,0,70,,19585,11,,,0,30,,19563,11,,,0,70,,19556,11,,,0,30,,19587,11,,,0,70,,19558,11,,,0,30,,19566,11,,,0,70,,19584,11,,,0,30,,19577,11,,,0,70,,19569,11,,,0,30,,19567,11,,,0,70,,19570,11,,,0,30,,19572,11,,,0,70,,19571,11,,,0,29,,19568,11,,,0,70,,19588,11,,,0,30,,19582,11,,,0,70,,19583,11,,,0,30,,19581,11,,,0,70,,19580,11,,,0,30,,19579,11,,,0,70,,19578,11,,,0,30,,19576,11,,,0,70,,19573,11,,,0
1019,'1797',539,,19601,11,,,0,70,,19615,11,,,0,30,,19600,11,,,0,70,,19620,11,,,0,30,,19610,11,,,0,70,,19594,11,,,0,30,,19616,11,,,0,70,,19618,11,,,0,30,,19599,11,,,0,70,,19621,11,,,0,30,,19609,11,,,0,70,,19593,11,,,0,30,,19604,11,,,0,70,,19614,11,,,0,30,,19598,11,,,0,70,,19622,11,,,0,30,,19608,11,,,0,70,,19592,11,,,0,30,,19603,11,,,0,70,,19613,11,,,0,30,,19597,11,,,0,70,,19623,11,,,0,30,,19607,11,,,0,70,,19591,11,,,0,30,,19602,11,,,0,70,,19612,11,,,0,30,,19595,11,,,0,70,,19624,11,,,0,30,,19605,11,,,0,70,,19590,11,,,0,30,,19596,11,,,0,70,,19611,11,,,0,30,,19606,11,,,0,70,,19625,11,,,0,30,,19619,11,,,0,70,,19617,11,,,0
1019,'1798',609,,19626,11,,,0,100,,19627,11,,,0,100,,19628,11,,,0,100,,19629,11,,,0,100,,19630,11,,,0,100,,19631,11,,,0,100,,19632,11,,,0,100,,19633,11,,,0,100,,19634,11,,,0,100,,19635,11,,,0,100,,19636,11,,,0,100,,19637,11,,,0,100,,19638,11,,,0,100,,19639,11,,,0,100,,19640,11,,,0,100,,19641,11,,,0,100,,19642,11,,,0,100,,19643,11,,,0
1019,'1799',609,,19644,11,,,0,100,,19645,11,,,0,100,,19646,11,,,0,100,,19647,11,,,0,100,,19648,11,,,0,100,,19649,11,,,0,100,,19650,11,,,0,100,,19651,11,,,0,100,,19652,11,,,0,100,,19653,11,,,0,100,,19654,11,,,0,100,,19655,11,,,0,100,,19656,11,,,0,100,,19657,11,,,0,100,,19658,11,,,0,100,,19659,11,,,0,100,,19660,11,,,0,100,,19661,11,,,0
1019,'1800',609,,19662,11,,,0,100,,19663,11,,,0,100,,19664,11,,,0,100,,19665,11,,,0,100,,19666,11,,,0,100,,19667,11,,,0,100,,19668,11,,,0,100,,19669,11,,,0,100,,19670,11,,,0,100,,19671,11,,,0,100,,19672,11,,,0,100,,19673,11,,,0,100,,19674,11,,,0,100,,19675,11,,,0,100,,19676,11,,,0,100,,19677,11,,,0,100,,19678,11,,,0,100,,19679,11,,,0
2019,'1796',449,,19803,11,0,5 2 13 14,0,175,,14015,20,,,0,30,,14016,20,,,0,70,,14017,20,,,0,30,,14018,20,,,0,71,,14019,20,,,0,29,,14020,20,,,0,70,,14021,20,,,0,30,,14022,20,,,0,70,,14023,20,,,0,30,,14024,20,,,0,70,,14025,20,,,0,30,,14026,20,,,0,70,,14027,20,,,0,30,,14028,20,,,0,70,,14029,20,,,0,30,,14030,20,,,0,70,,14031,20,,,0,30,,14032,20,,,0,70,,14033,20,,,0,30,,14034,20,,,0,70,,14035,20,,,0,30,,14036,20,,,0,70,,14037,20,,,0,30,,14038,20,,,0,70,,14039,20,,,0,30,,14045,20,,,0,70,,14040,20,,,0,100,,14041,20,,,0,100,,14042,20,,,0,100,,14043,20,,,0,100,,14044,20,,,0
2019,'1797',624,,14047,11,,,0,30,,14054,20,,,0,70,,14063,20,,,0,30,,14070,20,,,0,70,,14048,20,,,0,30,,14055,20,,,0,70,,14064,20,,,0,30,,14071,20,,,0,70,,14049,20,,,0,30,,14056,20,,,0,70,,14065,20,,,0,30,,14072,20,,,0,70,,14050,20,,,0,30,,14057,20,,,0,70,,14066,20,,,0,30,,14073,20,,,0,70,,14051,20,,,0,30,,14058,20,,,0,70,,14067,20,,,0,30,,14074,20,,,0,70,,14052,20,,,0,30,,14059,20,,,0,70,,14068,20,,,0,30,,14075,20,,,0,70,,14053,20,,,0,30,,14060,20,,,0,70,,14069,20,,,0,100,,14061,20,,,0,100,,14076,20,,,0,100,,14062,20,,,0,100,,14077,20,,,0
2019,'1798',654,,14105,20,,,0,70,,14082,20,,,0,30,,14086,20,,,0,70,,14098,20,,,0,30,,14093,20,,,0,70,,14083,20,,,0,30,,14087,20,,,0,70,,14099,20,,,0,30,,14094,20,,,0,70,,14084,20,,,0,30,,14088,20,,,0,70,,14100,20,,,0,30,,14095,20,,,0,70,,14085,20,,,0,30,,14089,20,,,0,70,,14101,20,,,0,30,,14096,20,,,0,70,,14080,20,,,0,30,,14090,20,,,0,70,,14102,20,,,0,30,,14097,20,,,0,70,,14078,20,,,0,30,,14091,20,,,0,70,,14103,20,,,0,100,,14079,20,,,0,100,,14104,20,,,0,100,,14081,20,,,0,100,,14092,20,,,0,99,,14106,20,,,0
2019,'1799',654,,14134,20,,,0,70,,14111,20,,,0,30,,14115,20,,,0,70,,14127,20,,,0,30,,14122,20,,,0,70,,14112,20,,,0,30,,14116,20,,,0,70,,14128,20,,,0,30,,14123,20,,,0,70,,14113,20,,,0,30,,14117,20,,,0,70,,14129,20,,,0,30,,14124,20,,,0,70,,14114,20,,,0,30,,14118,20,,,0,70,,14130,20,,,0,30,,14125,20,,,0,70,,14109,20,,,0,30,,14119,20,,,0,70,,14131,20,,,0,30,,14126,20,,,0,70,,14107,20,,,0,30,,14120,20,,,0,70,,14132,20,,,0,100,,14108,20,,,0,100,,14133,20,,,0,100,,14110,20,,,0,100,,14121,20,,,0,99,,14135,20,,,0
2019,'1800',654,,14163,20,,,0,70,,14140,20,,,0,30,,14144,20,,,0,70,,14156,20,,,0,30,,14151,20,,,0,70,,14141,20,,,0,30,,14145,20,,,0,70,,14157,20,,,0,30,,14152,20,,,0,70,,14142,20,,,0,30,,14146,20,,,0,70,,14158,20,,,0,30,,14153,20,,,0,70,,14143,20,,,0,30,,14147,20,,,0,70,,14159,20,,,0,30,,14154,20,,,0,70,,14138,20,,,0,30,,14148,20,,,0,70,,14160,20,,,0,30,,14155,20,,,0,70,,14136,20,,,0,30,,14149,20,,,0,70,,14161,20,,,0,100,,14137,20,,,0,100,,14162,20,,,0,100,,14139,20,,,0,100,,14150,20,,,0,99,,14164,20,,,0
14000001019,'1796',2419,,23379,27,,,0,30,,23377,27,,,0,70,,19496,27,,,0,30,,23378,27,,,0,70,,23376,27,,,0
14000001019,'1797',2419,,23383,27,,,0,30,,23380,27,,,0,70,,19502,27,,,0,30,,23382,27,,,0,70,,23381,27,,,0
14000001019,'1798',2419,,23386,27,,,0,30,,23385,27,,,0,70,,19504,27,,,0,30,,23387,27,,,0,70,,23384,27,,,0
14000001019,'1799',2419,,23390,27,,,0,30,,23389,27,,,0,70,,19509,27,,,0,30,,23391,27,,,0,70,,23388,27,,,0
14000001019,'1800',2419,,23394,27,,,0,30,,23393,27,,,0,70,,19514,27,,,0,30,,23395,27,,,0,70,,23392,27,,,0
