1029,'1796',602,,19689,17,,,0,31,,13901,17,,,0,26,,19709,17,,,0,69,,19686,17,,,0,30,,19681,17,,,0,70,,19713,17,,,0,30,,19684,17,,,0,71,,19690,17,,,0,30,,19708,17,,,0,70,,19688,17,,,0,30,,19680,17,,,0,70,,19712,17,,,0,30,,19685,17,,,0,69,,19691,17,,,0,30,,19707,17,,,0,70,,19687,17,,,0,31,,19682,17,,,0,70,,19710,17,,,0,72,,19683,17,,,0,30,,19692,17,,,0,70,,19706,17,,,0,29,,19695,17,,,0,70,,19694,17,,,0,29,,19693,17,,,0,73,,19699,17,,,0,30,,19698,17,,,0,70,,19697,17,,,0,30,,19696,17,,,0,70,,19711,17,,,0,30,,19705,17,,,0,70,,19704,17,,,0,30,,19703,17,,,0,70,,19702,17,,,0,30,,19701,17,,,0,25,,19700,17,,,0
1029,'1797',603,,19719,17,,,0,28,,19731,17,,,0,70,,19738,17,,,0,30,,19726,17,,,0,70,,19747,17,,,0,30,,19735,17,,,0,71,,19718,17,,,0,30,,19730,17,,,0,70,,19741,17,,,0,30,,19725,17,,,0,70,,19748,17,,,0,30,,19734,17,,,0,70,,19717,17,,,0,30,,19729,17,,,0,70,,19740,17,,,0,30,,19724,17,,,0,70,,19720,17,,,0,30,,19733,17,,,0,70,,19716,17,,,0,30,,19728,17,,,0,70,,19736,17,,,0,30,,19723,17,,,0,70,,19745,17,,,0,30,,19732,17,,,0,70,,19715,17,,,0,30,,19727,17,,,0,70,,19739,17,,,0,30,,19721,17,,,0,70,,19743,17,,,0,30,,19742,17,,,0,70,,19714,17,,,0,30,,19722,17,,,0,68,,19737,17,,,0,30,,19746,17,,,0,70,,19744,17,,,0
1029,'1798',603,,19749,17,,,0,98,,19750,17,,,0,100,,19751,17,,,0,101,,19752,17,,,0,100,,19753,17,,,0,100,,19754,17,,,0,100,,19755,17,,,0,100,,19756,17,,,0,100,,19757,17,,,0,100,,19758,17,,,0,100,,19759,17,,,0,100,,19760,17,,,0,100,,19761,17,,,0,100,,19762,17,,,0,100,,19763,17,,,0,100,,19764,17,,,0,98,,19765,17,,,0,100,,19766,17,,,0
1029,'1799',603,,19767,17,,,0,98,,19768,17,,,0,100,,19769,17,,,0,101,,19770,17,,,0,100,,19771,17,,,0,100,,19772,17,,,0,100,,19773,17,,,0,100,,19774,17,,,0,100,,19775,17,,,0,100,,19776,17,,,0,100,,19777,17,,,0,100,,19778,17,,,0,100,,19779,17,,,0,100,,19780,17,,,0,100,,19781,17,,,0,100,,19782,17,,,0,98,,19783,17,,,0,100,,19784,17,,,0
1029,'1800',603,,19785,17,,,0,98,,19786,17,,,0,100,,19787,17,,,0,101,,19788,17,,,0,100,,19789,17,,,0,100,,19790,17,,,0,100,,19791,17,,,0,100,,19792,17,,,0,100,,19793,17,,,0,100,,19794,17,,,0,100,,19795,17,,,0,100,,19796,17,,,0,100,,19797,17,,,0,100,,19798,17,,,0,100,,19799,17,,,0,100,,19800,17,,,0,98,,19801,17,,,0,100,,19802,17,,,0
22019,'1796',553,,16313,3,0,19 2 24 1 25 26,0,66,,21266,3,0,19 2 24 1 25 26,0,26,,21240,3,0,19 2 24 1 25 26,0,70,,21241,3,0,19 2 24 1 25 26,0,33,,21242,3,,,0,70,,16287,3,,,0,30,,16288,3,,,0,69,,21243,3,,,0,30,,21244,3,,,0,69,,21245,3,,,0,30,,21246,3,,,0,70,,21247,3,,,0,30,,21248,3,,,0,71,,21249,3,,,0,30,,21250,3,,,0,71,,21251,3,,,0,30,,21252,3,,,0,70,,21253,3,,,0,32,,21254,3,,,0,70,,21255,3,,,0,28,,21265,3,,,0,70,,21256,3,,,0,29,,21257,3,,,0,69,,21258,3,,,0,30,,21259,3,,,0,69,,21260,3,,,0,30,,16307,3,,,0,70,,21261,3,,,0,30,,21262,3,,,0,68,,21263,3,,,0,30,,16311,3,,,0,70,,21264,3,0,19 2 24 1 25 26,0
22019,'1797',617,,16335,3,0,19 2 24 1 25 26,0,24,,16340,3,0,19 2 24 1 25 26,0,70,,16336,3,0,19 2 24 1 25 26,0,30,,16341,3,0,19 2 24 1 25 26,0,70,,16337,3,0,19 2 24 1 25 26,0,31,,16316,3,,,0,72,,16317,3,,,0,30,,16318,3,,,0,70,,16319,3,,,0,30,,16320,3,,,0,70,,16321,3,,,0,30,,16322,3,,,0,70,,16323,3,,,0,31,,16324,3,,,0,70,,16325,3,,,0,30,,16326,3,,,0,70,,16327,3,,,0,31,,16328,3,,,0,70,,16329,3,,,0,30,,16330,3,,,0,70,,16331,3,,,0,29,,16332,3,,,0,70,,16333,3,,,0,29,,16342,3,0,19 2 24 1 25 26,0,70,,16338,3,0,19 2 24 1 25 26,0,30,,16343,3,0,19 2 24 1 25 26,0,69,,16334,3,0,19 2 24 1 25 26,0,30,,16344,3,0,19 2 24 1 25 26,0,69,,16339,3,0,19 2 24 1 25 26,0,30,,16345,3,0,19 2 24 1 25 26,0,70,,16346,3,0,19 2 24 1 25 26,0
22019,'1798',645,,21276,3,0,19 2 24 1 25 26,0,94,,21277,3,0,19 2 24 1 25 26,0,100,,21274,3,,,0,100,,21275,3,,,0,100,,21268,3,,,0,100,,21273,3,,,0,100,,21269,3,,,0,100,,21270,3,,,0,100,,21267,3,,,0,100,,21271,3,,,0,100,,21272,3,,,0,100,,16358,3,0,19 2 24 1 25 26,0,100,,21278,3,0,19 2 24 1 25 26,0,100,,16360,3,0,19 2 24 1 25 26,0,108,,21279,3,0,19 2 24 1 25 26,0
22019,'1799',645,,21289,3,0,19 2 24 1 25 26,0,94,,21290,3,0,19 2 24 1 25 26,0,100,,21287,3,,,0,100,,21288,3,,,0,100,,21281,3,,,0,100,,21286,3,,,0,100,,21282,3,,,0,100,,21283,3,,,0,100,,21280,3,,,0,100,,21284,3,,,0,100,,21285,3,,,0,100,,16373,3,0,19 2 24 1 25 26,0,100,,21291,3,0,19 2 24 1 25 26,0,100,,16375,3,0,19 2 24 1 25 26,0,108,,21292,3,0,19 2 24 1 25 26,0
22019,'1800',645,,21302,3,0,19 2 24 1 25 26,0,94,,21303,3,0,19 2 24 1 25 26,0,100,,21300,3,,,0,100,,21301,3,,,0,100,,21294,3,,,0,100,,21299,3,,,0,100,,21295,3,,,0,100,,21296,3,,,0,100,,21293,3,,,0,100,,21297,3,,,0,100,,21298,3,,,0,100,,16388,3,0,19 2 24 1 25 26,0,100,,21304,3,0,19 2 24 1 25 26,0,100,,16390,3,0,19 2 24 1 25 26,0,108,,21305,3,0,19 2 24 1 25 26,0
