1019,'1796',553,,13774,30,,,0,70,,19586,30,,,0,30,,19562,30,,,0,71,,19557,30,,,0,31,,19575,30,,,0,71,,19559,30,,,0,30,,19564,30,,,0,69,,19589,30,,,0,30,,19561,30,,,0,70,,19555,30,,,0,31,,19574,30,,,0,70,,19560,30,,,0,30,,19565,30,,,0,70,,19585,30,,,0,30,,19563,30,,,0,71,,19556,30,,,0,30,,19587,30,,,0,71,,19558,30,,,0,30,,19566,30,,,0,70,,19584,30,,,0,29,,19577,30,,,0,70,,19569,30,,,0,30,,19567,30,,,0,69,,19570,30,,,0,30,,19572,30,,,0,69,,19571,30,,,0,29,,19568,30,,,0,70,,19588,30,,,0,30,,19582,30,,,0,70,,19583,30,,,0,30,,19581,30,,,0,70,,19580,30,,,0,34,,19579,30,,,0,70,,19578,30,,,0,30,,19576,30,,,0,65,,19573,30,,,0
1019,'1797',553,,19601,30,,,0,70,,19615,30,,,0,30,,19600,30,,,0,70,,19620,30,,,0,31,,19610,30,,,0,70,,19594,30,,,0,30,,19616,30,,,0,70,,19618,30,,,0,30,,19599,30,,,0,70,,19621,30,,,0,30,,19609,30,,,0,70,,19593,30,,,0,30,,19604,30,,,0,70,,19614,30,,,0,30,,19598,30,,,0,70,,19622,30,,,0,30,,19608,30,,,0,70,,19592,30,,,0,30,,19603,30,,,0,70,,19613,30,,,0,30,,19597,30,,,0,70,,19623,30,,,0,30,,19607,30,,,0,70,,19591,30,,,0,30,,19602,30,,,0,70,,19612,30,,,0,30,,19595,30,,,0,70,,19624,30,,,0,30,,19605,30,,,0,70,,19590,30,,,0,30,,19596,30,,,0,70,,19611,30,,,0,33,,19606,30,,,0,70,,19625,30,,,0,30,,19619,30,,,0,65,,19617,30,,,0
1019,'1798',623,,19626,30,,,0,100,,19627,30,,,0,101,,19628,30,,,0,100,,19629,30,,,0,100,,19630,30,,,0,100,,19631,30,,,0,100,,19632,30,,,0,100,,19633,30,,,0,100,,19634,30,,,0,100,,19635,30,,,0,100,,19636,30,,,0,100,,19637,30,,,0,100,,19638,30,,,0,100,,19639,30,,,0,100,,19640,30,,,0,100,,19641,30,,,0,103,,19642,30,,,0,95,,19643,30,,,0
1019,'1799',623,,19644,30,,,0,100,,19645,30,,,0,101,,19646,30,,,0,100,,19647,30,,,0,100,,19648,30,,,0,100,,19649,30,,,0,100,,19650,30,,,0,100,,19651,30,,,0,100,,19652,30,,,0,100,,19653,30,,,0,100,,19654,30,,,0,100,,19655,30,,,0,100,,19656,30,,,0,100,,19657,30,,,0,100,,19658,30,,,0,100,,19659,30,,,0,103,,19660,30,,,0,95,,19661,30,,,0
1019,'1800',623,,19662,30,,,0,100,,19663,30,,,0,101,,19664,30,,,0,100,,19665,30,,,0,100,,19666,30,,,0,100,,19667,30,,,0,100,,19668,30,,,0,100,,19669,30,,,0,100,,19670,30,,,0,100,,19671,30,,,0,100,,19672,30,,,0,100,,19673,30,,,0,100,,19674,30,,,0,100,,19675,30,,,0,100,,19676,30,,,0,100,,19677,30,,,0,103,,19678,30,,,0,95,,19679,30,,,0
802019,'1796',611,,19265,6,,,0,45,,23285,6,,,0,70,,23284,6,,,0,20,,23287,6,,,0,60,,23264,6,,,0,30,,19259,6,,,0,70,,23265,6,,,0,30,,23266,6,,,0,70,,19233,6,,,0,30,,23267,6,,,0,70,,23268,6,,,0,30,,23269,6,,,0,70,,23270,6,,,0,30,,23271,6,,,0,70,,23272,6,,,0,30,,23273,6,,,0,70,,23274,6,,,0,31,,23275,6,,,0,70,,19243,6,,,0,20,,23276,6,,,0,20,,19245,6,,,0,60,,19261,6,,,0,20,,19246,6,,,0,20,,19247,6,,,0,60,,23277,6,,,0,20,,23278,6,,,0,19,,23286,6,,,0,60,,19250,6,,,0,20,,23279,6,,,0,20,,19252,6,,,0,60,,19253,6,,,0,30,,23280,6,,,0,70,,23281,6,,,0,25,,19256,6,,,0,70,,23282,6,,,0,30,,23283,6,,,0
802019,'1797',836,,19292,6,,,0,71,,23295,6,,,0,30,,19288,6,,,0,70,,19289,6,,,0,30,,23293,6,,,0,70,,19270,6,,,0,30,,19283,6,,,0,70,,23292,6,,,0,30,,19269,6,,,0,70,,19282,6,,,0,30,,23290,6,,,0,70,,19271,6,,,0,30,,19281,6,,,0,70,,23291,6,,,0,30,,19267,6,,,0,70,,19280,6,,,0,30,,23289,6,,,0,70,,19268,6,,,0,30,,19279,6,,,0,70,,23288,6,,,0,30,,19266,6,,,0,70,,19278,6,,,0,30,,23294,6,,,0,70,,19285,6,,,0,30,,19286,6,,,0,70,,23296,6,,,0,30,,19290,6,,,0
802019,'1798',836,,19294,6,,,0,71,,19306,6,,,0,30,,23297,6,,,0,70,,19295,6,,,0,30,,19300,6,,,0,70,,19304,6,,,0,30,,19311,6,,,0,70,,19315,6,,,0,30,,19303,6,,,0,70,,19305,6,,,0,30,,19316,6,,,0,70,,19310,6,,,0,30,,19299,6,,,0,70,,19314,6,,,0,30,,19309,6,,,0,70,,19297,6,,,0,30,,19313,6,,,0,70,,19293,6,,,0,30,,19312,6,,,0,70,,19319,6,,,0,30,,19308,6,,,0,70,,19298,6,,,0,30,,19317,6,,,0,70,,19301,6,,,0,30,,19296,6,,,0,70,,19318,6,,,0,30,,19302,6,,,0
802019,'1799',836,,19321,6,,,0,71,,19333,6,,,0,30,,23298,6,,,0,70,,19322,6,,,0,30,,19327,6,,,0,70,,19331,6,,,0,30,,19338,6,,,0,70,,19342,6,,,0,30,,19330,6,,,0,70,,19332,6,,,0,30,,19343,6,,,0,70,,19337,6,,,0,30,,19326,6,,,0,70,,19341,6,,,0,30,,19336,6,,,0,70,,19324,6,,,0,30,,19340,6,,,0,70,,19320,6,,,0,30,,19339,6,,,0,70,,19346,6,,,0,30,,19335,6,,,0,70,,19325,6,,,0,30,,19344,6,,,0,70,,19328,6,,,0,30,,19323,6,,,0,70,,19345,6,,,0,30,,19329,6,,,0
802019,'1800',836,,19348,6,,,0,71,,19360,6,,,0,30,,23299,6,,,0,70,,19349,6,,,0,30,,19354,6,,,0,70,,19358,6,,,0,30,,19365,6,,,0,70,,19369,6,,,0,30,,19357,6,,,0,70,,19359,6,,,0,30,,19370,6,,,0,70,,19364,6,,,0,30,,19353,6,,,0,70,,19368,6,,,0,30,,19363,6,,,0,70,,19351,6,,,0,30,,19367,6,,,0,70,,19347,6,,,0,30,,19366,6,,,0,70,,19373,6,,,0,30,,19362,6,,,0,70,,19352,6,,,0,30,,19371,6,,,0,70,,19355,6,,,0,30,,19350,6,,,0,70,,19372,6,,,0,30,,19356,6,,,0
