1029,'1796',628,,19689,51,,,0,30,,13901,51,,,0,70,,19709,51,,,0,30,,19686,51,,,0,71,,19681,51,,,0,30,,19713,51,,,0,69,,19684,51,,,0,30,,19690,51,,,0,71,,19708,51,,,0,30,,19688,51,,,0,70,,19680,51,,,0,30,,19712,51,,,0,70,,19685,51,,,0,30,,19691,51,,,0,70,,19707,51,,,0,30,,19687,51,,,0,70,,19682,51,,,0,71,,19710,51,,,0,30,,19683,51,,,0,70,,19692,51,,,0,30,,19706,51,,,0,70,,19695,51,,,0,30,,19694,51,,,0,28,,19693,51,,,0,70,,19699,51,,,0,30,,19698,51,,,0,70,,19697,51,,,0,30,,19696,51,,,0,70,,19711,51,,,0,30,,19705,51,,,0,70,,19704,51,,,0,30,,19703,51,,,0,70,,19702,51,,,0,30,,19701,51,,,0,65,,19700,51,,,0
1029,'1797',628,,19719,51,,,0,30,,19731,51,,,0,70,,19738,51,,,0,30,,19726,51,,,0,70,,19747,51,,,0,30,,19735,51,,,0,69,,19718,51,,,0,31,,19730,51,,,0,70,,19741,51,,,0,30,,19725,51,,,0,70,,19748,51,,,0,30,,19734,51,,,0,70,,19717,51,,,0,30,,19729,51,,,0,70,,19740,51,,,0,30,,19724,51,,,0,70,,19720,51,,,0,30,,19733,51,,,0,70,,19716,51,,,0,30,,19728,51,,,0,70,,19736,51,,,0,30,,19723,51,,,0,70,,19745,51,,,0,30,,19732,51,,,0,70,,19715,51,,,0,30,,19727,51,,,0,70,,19739,51,,,0,30,,19721,51,,,0,70,,19743,51,,,0,30,,19742,51,,,0,70,,19714,51,,,0,30,,19722,51,,,0,70,,19737,51,,,0,30,,19746,51,,,0,65,,19744,51,,,0
1029,'1798',628,,19749,51,,,0,100,,19750,51,,,0,100,,19751,51,,,0,100,,19752,51,,,0,100,,19753,51,,,0,100,,19754,51,,,0,100,,19755,51,,,0,100,,19756,51,,,0,100,,19757,51,,,0,100,,19758,51,,,0,100,,19759,51,,,0,100,,19760,51,,,0,100,,19761,51,,,0,100,,19762,51,,,0,100,,19763,51,,,0,100,,19764,51,,,0,100,,19765,51,,,0,95,,19766,51,,,0
1029,'1799',628,,19767,51,,,0,100,,19768,51,,,0,100,,19769,51,,,0,100,,19770,51,,,0,100,,19771,51,,,0,100,,19772,51,,,0,100,,19773,51,,,0,100,,19774,51,,,0,100,,19775,51,,,0,100,,19776,51,,,0,100,,19777,51,,,0,100,,19778,51,,,0,100,,19779,51,,,0,100,,19780,51,,,0,100,,19781,51,,,0,100,,19782,51,,,0,100,,19783,51,,,0,95,,19784,51,,,0
1029,'1800',628,,19785,51,,,0,100,,19786,51,,,0,100,,19787,51,,,0,100,,19788,51,,,0,100,,19789,51,,,0,100,,19790,51,,,0,100,,19791,51,,,0,100,,19792,51,,,0,100,,19793,51,,,0,100,,19794,51,,,0,100,,19795,51,,,0,100,,19796,51,,,0,100,,19797,51,,,0,100,,19798,51,,,0,100,,19799,51,,,0,100,,19800,51,,,0,100,,19801,51,,,0,95,,19802,51,,,0
2029,'1796',546,,14191,33,,,0,67,,14165,48,,,0,30,,14166,48,,,0,70,,14167,48,,,0,30,,14168,48,,,0,70,,14169,48,,,0,30,,14170,48,,,0,70,,14171,48,,,0,30,,14172,48,,,0,70,,14173,48,,,0,30,,14174,48,,,0,70,,14175,48,,,0,30,,14176,48,,,0,70,,14177,48,,,0,30,,14178,48,,,0,70,,14179,48,,,0,30,,14180,48,,,0,70,,14181,48,,,0,30,,14182,48,,,0,70,,14183,48,,,0,30,,14184,48,,,0,70,,14185,48,,,0,30,,14186,48,,,0,70,,14187,48,,,0,31,,14188,48,,,0,69,,14189,48,,,0,30,,14190,48,,,0,70,,14194,48,,,0,30,,14195,48,,,0,100,,14196,48,,,0,100,,14197,48,,,0,100,,14193,48,,,0
2029,'1797',613,,14231,48,0,5 2 15 16 17,0,30,,14214,48,,,0,70,,14221,48,,,0,30,,14200,48,,,0,70,,14206,48,,,0,30,,14215,48,,,0,70,,14222,48,,,0,30,,14201,48,,,0,70,,14207,48,,,0,30,,14216,48,,,0,70,,14223,48,,,0,30,,14202,48,,,0,70,,14208,48,,,0,30,,14217,48,,,0,70,,14224,48,,,0,30,,14203,48,,,0,70,,14209,48,,,0,30,,14218,48,,,0,70,,14225,48,,,0,30,,14204,48,,,0,70,,14210,48,,,0,30,,14219,48,,,0,70,,14226,48,,,0,30,,14205,48,,,0,70,,14211,48,,,0,30,,14220,48,,,0,70,,14227,48,,,0,30,,14212,48,,,0,100,,14228,48,,,0,100,,14213,48,,,0,100,,14229,48,,,0
2029,'1798',643,,14235,48,,,0,70,,14243,48,,,0,30,,14254,48,,,0,70,,14249,48,,,0,30,,14236,48,,,0,70,,14244,48,,,0,30,,14255,48,,,0,70,,14250,48,,,0,30,,14237,48,,,0,70,,14245,48,,,0,30,,14256,48,,,0,70,,14251,48,,,0,30,,14238,48,,,0,70,,14246,48,,,0,30,,14257,48,,,0,70,,14252,48,,,0,30,,14239,48,,,0,70,,14247,48,,,0,30,,14258,48,,,0,70,,14253,48,,,0,30,,14240,48,,,0,70,,14248,48,,,0,30,,14259,48,,,0,100,,14241,48,,,0,100,,14260,48,,,0,100,,14242,48,,,0,100,,14261,48,,,0,100,,14234,48,,,0
2029,'1799',643,,14267,48,,,0,70,,14275,48,,,0,30,,14286,48,,,0,70,,14281,48,,,0,30,,14268,48,,,0,70,,14276,48,,,0,30,,14287,48,,,0,70,,14282,48,,,0,30,,14269,48,,,0,70,,14277,48,,,0,30,,14288,48,,,0,70,,14283,48,,,0,30,,14270,48,,,0,70,,14278,48,,,0,30,,14289,48,,,0,70,,14284,48,,,0,30,,14271,48,,,0,70,,14279,48,,,0,30,,14290,48,,,0,70,,14285,48,,,0,30,,14272,48,,,0,70,,14280,48,,,0,30,,14291,48,,,0,100,,14273,48,,,0,100,,14292,48,,,0,100,,14274,48,,,0,100,,14293,48,,,0,100,,14266,48,,,0
2029,'1800',643,,14299,48,,,0,70,,14307,48,,,0,30,,14318,48,,,0,70,,14313,48,,,0,30,,14300,48,,,0,70,,14308,48,,,0,30,,14319,48,,,0,70,,14314,48,,,0,30,,14301,48,,,0,70,,14309,48,,,0,30,,14320,48,,,0,70,,14315,48,,,0,30,,14302,48,,,0,70,,14310,48,,,0,30,,14321,48,,,0,70,,14316,48,,,0,30,,14303,48,,,0,70,,14311,48,,,0,30,,14322,48,,,0,70,,14317,48,,,0,30,,14304,48,,,0,70,,14312,48,,,0,30,,14323,48,,,0,100,,14305,48,,,0,100,,14324,48,,,0,100,,14306,48,,,0,100,,14325,48,,,0,100,,14298,48,,,0
6029,'1796',635,,20196,26,,,0,71,,20197,26,,,0,33,,14730,26,,,0,70,,14731,26,,,0,30,,20198,26,,,0,70,,20199,26,,,0,28,,20200,26,,,0,70,,20201,26,,,0,30,,20202,26,,,0,70,,20203,26,,,0,30,,20204,26,,,0,70,,20205,26,,,0,30,,20206,26,,,0,70,,20207,26,,,0,30,,20208,26,,,0,70,,20209,26,,,0,30,,20210,26,,,0,73,,20211,26,,,0,30,,20212,26,,,0,70,,20213,26,,,0,30,,20214,26,,,0,70,,20215,26,,,0,29,,20216,26,,,0,67,,14751,26,,,0,30,,20217,26,,,0,70,,20218,26,,,0,50,,20194,26,,,0,98,,14727,26,,,0,100,,20193,26,,,0,100,,20195,26,,,0
6029,'1797',629,,20220,26,,,0,30,,14757,26,,,0,65,,20237,26,,,0,30,,14781,26,,,0,70,,20221,26,,,0,30,,20231,26,,,0,70,,20238,26,,,0,30,,20244,26,,,0,72,,20230,26,,,0,30,,20243,26,,,0,70,,20229,26,,,0,30,,20235,26,,,0,70,,20228,26,,,0,30,,20242,26,,,0,70,,20227,26,,,0,30,,20234,26,,,0,70,,20226,26,,,0,30,,20241,26,,,0,70,,20225,26,,,0,30,,20233,26,,,0,70,,20224,26,,,0,30,,20240,26,,,0,70,,20223,26,,,0,30,,20232,26,,,0,70,,20222,26,,,0,30,,20239,26,,,0
14000001029,'1796',450,,19519,32,0,18 7,0,102,,23396,32,0,18 7,0,1852,,23398,32,,,0,30,,19523,32,,,0,70,,23400,32,,,0,30,,23397,32,,,0,70,,19524,32,,,0,30,,23399,32,,,0
14000001029,'1797',550,,19531,32,0,18 7,0,1854,,23404,32,,,0,30,,19528,32,,,0,70,,23401,32,,,0,30,,23402,32,,,0,70,,19532,32,,,0,30,,23403,32,,,0
14000001029,'1798',550,,23409,32,0,18 7,0,1854,,23405,32,,,0,30,,19538,32,,,0,70,,23408,32,,,0,30,,23407,32,,,0,70,,19537,32,,,0,30,,23406,32,,,0
14000001029,'1799',550,,23414,32,0,18 7,0,1854,,23410,32,,,0,30,,19545,32,,,0,70,,23413,32,,,0,30,,23412,32,,,0,70,,19544,32,,,0,30,,23411,32,,,0
14000001029,'1800',550,,23419,32,0,18 7,0,1854,,23415,32,,,0,30,,19552,32,,,0,70,,23418,32,,,0,30,,23417,32,,,0,70,,19551,32,,,0,30,,23416,32,,,0
