1029,'1796',622,,19689,43,,,0,30,,13901,43,,,0,70,,19709,43,,,0,30,,19686,43,,,0,70,,19681,43,,,0,30,,19713,43,,,0,70,,19684,43,,,0,30,,19690,43,,,0,70,,19708,43,,,0,30,,19688,43,,,0,70,,19680,43,,,0,30,,19712,43,,,0,70,,19685,43,,,0,30,,19691,43,,,0,70,,19707,43,,,0,30,,19687,43,,,0,70,,19682,43,,,0,31,,19710,43,,,0,70,,19683,43,,,0,30,,19692,43,,,0,70,,19706,43,,,0,30,,19695,43,,,0,70,,19694,43,,,0,29,,19693,43,,,0,70,,19699,43,,,0,30,,19698,43,,,0,70,,19697,43,,,0,30,,19696,43,,,0,70,,19711,43,,,0,30,,19705,43,,,0,70,,19704,43,,,0,30,,19703,43,,,0,70,,19702,43,,,0,30,,19701,43,,,0,65,,19700,43,,,0
1029,'1797',622,,19719,43,,,0,30,,19731,43,,,0,70,,19738,43,,,0,30,,19726,43,,,0,70,,19747,43,,,0,30,,19735,43,,,0,69,,19718,43,,,0,31,,19730,43,,,0,70,,19741,43,,,0,30,,19725,43,,,0,70,,19748,43,,,0,30,,19734,43,,,0,70,,19717,43,,,0,30,,19729,43,,,0,70,,19740,43,,,0,30,,19724,43,,,0,70,,19720,43,,,0,30,,19733,43,,,0,70,,19716,43,,,0,30,,19728,43,,,0,70,,19736,43,,,0,30,,19723,43,,,0,70,,19745,43,,,0,30,,19732,43,,,0,70,,19715,43,,,0,30,,19727,43,,,0,70,,19739,43,,,0,30,,19721,43,,,0,70,,19743,43,,,0,30,,19742,43,,,0,70,,19714,43,,,0,30,,19722,43,,,0,70,,19737,43,,,0,30,,19746,43,,,0,65,,19744,43,,,0
1029,'1798',622,,19749,43,,,0,100,,19750,43,,,0,100,,19751,43,,,0,100,,19752,43,,,0,100,,19753,43,,,0,100,,19754,43,,,0,100,,19755,43,,,0,100,,19756,43,,,0,100,,19757,43,,,0,100,,19758,43,,,0,100,,19759,43,,,0,100,,19760,43,,,0,100,,19761,43,,,0,100,,19762,43,,,0,100,,19763,43,,,0,100,,19764,43,,,0,100,,19765,43,,,0,95,,19766,43,,,0
1029,'1799',622,,19767,43,,,0,100,,19768,43,,,0,100,,19769,43,,,0,100,,19770,43,,,0,100,,19771,43,,,0,100,,19772,43,,,0,100,,19773,43,,,0,100,,19774,43,,,0,100,,19775,43,,,0,100,,19776,43,,,0,100,,19777,43,,,0,100,,19778,43,,,0,100,,19779,43,,,0,100,,19780,43,,,0,100,,19781,43,,,0,100,,19782,43,,,0,100,,19783,43,,,0,95,,19784,43,,,0
1029,'1800',622,,19785,43,,,0,100,,19786,43,,,0,100,,19787,43,,,0,100,,19788,43,,,0,100,,19789,43,,,0,100,,19790,43,,,0,100,,19791,43,,,0,100,,19792,43,,,0,100,,19793,43,,,0,100,,19794,43,,,0,100,,19795,43,,,0,100,,19796,43,,,0,100,,19797,43,,,0,100,,19798,43,,,0,100,,19799,43,,,0,100,,19800,43,,,0,100,,19801,43,,,0,95,,19802,43,,,0
2029,'1796',540,,14191,25,,,0,67,,14165,40,,,0,30,,14166,40,,,0,70,,14167,40,,,0,30,,14168,40,,,0,70,,14169,40,,,0,30,,14170,40,,,0,70,,14171,40,,,0,30,,14172,40,,,0,70,,14173,40,,,0,30,,14174,40,,,0,70,,14175,40,,,0,30,,14176,40,,,0,70,,14177,40,,,0,30,,14178,40,,,0,70,,14179,40,,,0,30,,14180,40,,,0,70,,14181,40,,,0,30,,14182,40,,,0,70,,14183,40,,,0,30,,14184,40,,,0,70,,14185,40,,,0,30,,14186,40,,,0,70,,14187,40,,,0,30,,14188,40,,,0,70,,14189,40,,,0,30,,14190,40,,,0,70,,14194,40,,,0,30,,14195,40,,,0,100,,14196,40,,,0,100,,14197,40,,,0,100,,14193,40,,,0
2029,'1797',607,,14231,40,0,5 2 15 16 17,0,30,,14214,40,,,0,70,,14221,40,,,0,30,,14200,40,,,0,70,,14206,40,,,0,30,,14215,40,,,0,70,,14222,40,,,0,30,,14201,40,,,0,70,,14207,40,,,0,30,,14216,40,,,0,70,,14223,40,,,0,30,,14202,40,,,0,70,,14208,40,,,0,30,,14217,40,,,0,70,,14224,40,,,0,30,,14203,40,,,0,70,,14209,40,,,0,30,,14218,40,,,0,70,,14225,40,,,0,30,,14204,40,,,0,70,,14210,40,,,0,30,,14219,40,,,0,70,,14226,40,,,0,30,,14205,40,,,0,70,,14211,40,,,0,30,,14220,40,,,0,70,,14227,40,,,0,30,,14212,40,,,0,100,,14228,40,,,0,100,,14213,40,,,0,100,,14229,40,,,0
2029,'1798',637,,14235,40,,,0,70,,14243,40,,,0,30,,14254,40,,,0,70,,14249,40,,,0,30,,14236,40,,,0,70,,14244,40,,,0,30,,14255,40,,,0,70,,14250,40,,,0,30,,14237,40,,,0,70,,14245,40,,,0,30,,14256,40,,,0,70,,14251,40,,,0,30,,14238,40,,,0,70,,14246,40,,,0,30,,14257,40,,,0,70,,14252,40,,,0,30,,14239,40,,,0,70,,14247,40,,,0,30,,14258,40,,,0,70,,14253,40,,,0,30,,14240,40,,,0,70,,14248,40,,,0,30,,14259,40,,,0,100,,14241,40,,,0,100,,14260,40,,,0,100,,14242,40,,,0,100,,14261,40,,,0,100,,14234,40,,,0
2029,'1799',637,,14267,40,,,0,70,,14275,40,,,0,30,,14286,40,,,0,70,,14281,40,,,0,30,,14268,40,,,0,70,,14276,40,,,0,30,,14287,40,,,0,70,,14282,40,,,0,30,,14269,40,,,0,70,,14277,40,,,0,30,,14288,40,,,0,70,,14283,40,,,0,30,,14270,40,,,0,70,,14278,40,,,0,30,,14289,40,,,0,70,,14284,40,,,0,30,,14271,40,,,0,70,,14279,40,,,0,30,,14290,40,,,0,70,,14285,40,,,0,30,,14272,40,,,0,70,,14280,40,,,0,30,,14291,40,,,0,100,,14273,40,,,0,100,,14292,40,,,0,100,,14274,40,,,0,100,,14293,40,,,0,100,,14266,40,,,0
2029,'1800',637,,14299,40,,,0,70,,14307,40,,,0,30,,14318,40,,,0,70,,14313,40,,,0,30,,14300,40,,,0,70,,14308,40,,,0,30,,14319,40,,,0,70,,14314,40,,,0,30,,14301,40,,,0,70,,14309,40,,,0,30,,14320,40,,,0,70,,14315,40,,,0,30,,14302,40,,,0,70,,14310,40,,,0,30,,14321,40,,,0,70,,14316,40,,,0,30,,14303,40,,,0,70,,14311,40,,,0,30,,14322,40,,,0,70,,14317,40,,,0,30,,14304,40,,,0,70,,14312,40,,,0,30,,14323,40,,,0,100,,14305,40,,,0,100,,14324,40,,,0,100,,14306,40,,,0,100,,14325,40,,,0,100,,14298,40,,,0
14000001029,'1796',444,,19519,24,0,18 7,0,102,,23396,24,0,18 7,0,1812,,23398,24,,,0,70,,19523,24,,,0,30,,23400,24,,,0,70,,23397,24,,,0,30,,19524,24,,,0,70,,23399,24,,,0
14000001029,'1797',545,,19531,24,0,18 7,0,1813,,23404,24,,,0,70,,19528,24,,,0,30,,23401,24,,,0,70,,23402,24,,,0,30,,19532,24,,,0,70,,23403,24,,,0
14000001029,'1798',545,,23409,24,0,18 7,0,1813,,23405,24,,,0,70,,19538,24,,,0,30,,23408,24,,,0,70,,23407,24,,,0,30,,19537,24,,,0,70,,23406,24,,,0
14000001029,'1799',545,,23414,24,0,18 7,0,1813,,23410,24,,,0,70,,19545,24,,,0,30,,23413,24,,,0,70,,23412,24,,,0,30,,19544,24,,,0,70,,23411,24,,,0
14000001029,'1800',545,,23419,24,0,18 7,0,1813,,23415,24,,,0,70,,19552,24,,,0,30,,23418,24,,,0,70,,23417,24,,,0,30,,19551,24,,,0,70,,23416,24,,,0
