1029,'1796',552,,19689,4,,,0,71,,13901,4,,,0,26,,19709,4,,,0,68,,19686,4,,,0,30,,19681,4,,,0,70,,19713,4,,,0,30,,19684,4,,,0,72,,19690,4,,,0,30,,19708,4,,,0,70,,19688,4,,,0,30,,19680,4,,,0,70,,19712,4,,,0,30,,19685,4,,,0,70,,19691,4,,,0,30,,19707,4,,,0,70,,19687,4,,,0,30,,19682,4,,,0,70,,19710,4,,,0,32,,19683,4,,,0,70,,19692,4,,,0,30,,19706,4,,,0,69,,19695,4,,,0,30,,19694,4,,,0,70,,19693,4,,,0,33,,19699,4,,,0,70,,19698,4,,,0,30,,19697,4,,,0,70,,19696,4,,,0,30,,19711,4,,,0,70,,19705,4,,,0,30,,19704,4,,,0,70,,19703,4,,,0,30,,19702,4,,,0,70,,19701,4,,,0,25,,19700,4,,,0
1029,'1797',555,,19719,4,,,0,68,,19731,4,,,0,30,,19738,4,,,0,70,,19726,4,,,0,30,,19747,4,,,0,70,,19735,4,,,0,30,,19718,4,,,0,70,,19730,4,,,0,30,,19741,4,,,0,70,,19725,4,,,0,30,,19748,4,,,0,70,,19734,4,,,0,30,,19717,4,,,0,70,,19729,4,,,0,30,,19740,4,,,0,70,,19724,4,,,0,30,,19720,4,,,0,70,,19733,4,,,0,30,,19716,4,,,0,70,,19728,4,,,0,30,,19736,4,,,0,70,,19723,4,,,0,30,,19745,4,,,0,70,,19732,4,,,0,30,,19715,4,,,0,70,,19727,4,,,0,30,,19739,4,,,0,70,,19721,4,,,0,30,,19743,4,,,0,70,,19742,4,,,0,30,,19714,4,,,0,70,,19722,4,,,0,30,,19737,4,,,0,70,,19746,4,,,0,30,,19744,4,,,0
1029,'1798',555,,19749,4,,,0,98,,19750,4,,,0,100,,19751,4,,,0,100,,19752,4,,,0,100,,19753,4,,,0,100,,19754,4,,,0,100,,19755,4,,,0,100,,19756,4,,,0,100,,19757,4,,,0,100,,19758,4,,,0,100,,19759,4,,,0,100,,19760,4,,,0,100,,19761,4,,,0,100,,19762,4,,,0,100,,19763,4,,,0,100,,19764,4,,,0,100,,19765,4,,,0,100,,19766,4,,,0
1029,'1799',555,,19767,4,,,0,98,,19768,4,,,0,100,,19769,4,,,0,100,,19770,4,,,0,100,,19771,4,,,0,100,,19772,4,,,0,100,,19773,4,,,0,100,,19774,4,,,0,100,,19775,4,,,0,100,,19776,4,,,0,100,,19777,4,,,0,100,,19778,4,,,0,100,,19779,4,,,0,100,,19780,4,,,0,100,,19781,4,,,0,100,,19782,4,,,0,100,,19783,4,,,0,100,,19784,4,,,0
1029,'1800',555,,19785,4,,,0,98,,19786,4,,,0,100,,19787,4,,,0,100,,19788,4,,,0,100,,19789,4,,,0,100,,19790,4,,,0,100,,19791,4,,,0,100,,19792,4,,,0,100,,19793,4,,,0,100,,19794,4,,,0,100,,19795,4,,,0,100,,19796,4,,,0,100,,19797,4,,,0,100,,19798,4,,,0,100,,19799,4,,,0,100,,19800,4,,,0,100,,19801,4,,,0,100,,19802,4,,,0
2029,'1796',536,,14165,3,,,0,70,,14166,3,,,0,30,,14167,3,,,0,65,,14168,3,,,0,28,,14169,3,,,0,30,,14170,3,,,0,72,,14171,3,,,0,70,,14172,3,,,0,30,,14173,3,,,0,70,,14174,3,,,0,30,,14175,3,,,0,70,,14176,3,,,0,30,,14177,3,,,0,70,,14178,3,,,0,30,,14179,3,,,0,70,,14180,3,,,0,30,,14181,3,,,0,70,,14182,3,,,0,30,,14183,3,,,0,70,,14184,3,,,0,30,,14185,3,,,0,70,,14186,3,,,0,31,,14187,3,,,0,72,,14188,3,,,0,27,,14189,3,,,0,70,,14190,3,,,0,30,,14194,3,,,0,70,,14195,3,,,0,29,,14198,3,0,5 2 13 14,0,71,,14196,3,,,0,100,,14197,3,,,0,100,,14193,3,,,0,99,,14192,3,0,5 2 13 14,0,56,,14199,3,0,5 2 13 14,0
2029,'1797',536,,14231,3,0,5 2 15 16 17,0,70,,14214,3,,,0,30,,14221,3,,,0,65,,14200,3,,,0,30,,14206,3,,,0,70,,14215,3,,,0,30,,14222,3,,,0,70,,14201,3,,,0,30,,14207,3,,,0,70,,14216,3,,,0,30,,14223,3,,,0,70,,14202,3,,,0,30,,14208,3,,,0,70,,14217,3,,,0,30,,14224,3,,,0,70,,14203,3,,,0,30,,14209,3,,,0,70,,14218,3,,,0,30,,14225,3,,,0,70,,14204,3,,,0,30,,14210,3,,,0,70,,14219,3,,,0,30,,14226,3,,,0,70,,14205,3,,,0,30,,14211,3,,,0,70,,14220,3,,,0,30,,14227,3,,,0,70,,14212,3,,,0,31,,14233,3,0,5 2 13 14,0,69,,14228,3,,,0,100,,14213,3,,,0,100,,14229,3,,,0,55,,14230,3,0,5 2 13 14,0,99,,14232,3,0,5 2 13 14,0
2029,'1798',606,,14235,3,,,0,30,,14243,3,,,0,67,,14254,3,,,0,28,,14249,3,,,0,70,,14236,3,,,0,30,,14244,3,,,0,70,,14255,3,,,0,30,,14250,3,,,0,70,,14237,3,,,0,30,,14245,3,,,0,70,,14256,3,,,0,30,,14251,3,,,0,70,,14238,3,,,0,30,,14246,3,,,0,70,,14257,3,,,0,30,,14252,3,,,0,70,,14239,3,,,0,30,,14247,3,,,0,70,,14258,3,,,0,30,,14253,3,,,0,70,,14240,3,,,0,30,,14248,3,,,0,70,,14259,3,,,0,29,,14263,3,0,5 2 13 14,0,71,,14241,3,,,0,29,,14262,3,0,5 2 13 14,0,71,,14260,3,,,0,100,,14242,3,,,0,100,,14261,3,,,0,100,,14234,3,,,0,54,,14264,3,0,5 2 13 14,0,101,,14265,3,0,5 2 13 14,0
2029,'1799',606,,14267,3,,,0,30,,14275,3,,,0,67,,14286,3,,,0,28,,14281,3,,,0,70,,14268,3,,,0,30,,14276,3,,,0,70,,14287,3,,,0,30,,14282,3,,,0,70,,14269,3,,,0,30,,14277,3,,,0,70,,14288,3,,,0,30,,14283,3,,,0,70,,14270,3,,,0,30,,14278,3,,,0,70,,14289,3,,,0,30,,14284,3,,,0,70,,14271,3,,,0,30,,14279,3,,,0,70,,14290,3,,,0,30,,14285,3,,,0,70,,14272,3,,,0,30,,14280,3,,,0,70,,14291,3,,,0,29,,14295,3,0,5 2 13 14,0,71,,14273,3,,,0,29,,14294,3,0,5 2 13 14,0,71,,14292,3,,,0,100,,14274,3,,,0,100,,14293,3,,,0,100,,14266,3,,,0,54,,14296,3,0,5 2 13 14,0,101,,14297,3,0,5 2 13 14,0
2029,'1800',606,,14299,3,,,0,30,,14307,3,,,0,67,,14318,3,,,0,28,,14313,3,,,0,70,,14300,3,,,0,30,,14308,3,,,0,70,,14319,3,,,0,30,,14314,3,,,0,70,,14301,3,,,0,30,,14309,3,,,0,70,,14320,3,,,0,30,,14315,3,,,0,70,,14302,3,,,0,30,,14310,3,,,0,70,,14321,3,,,0,30,,14316,3,,,0,70,,14303,3,,,0,30,,14311,3,,,0,70,,14322,3,,,0,30,,14317,3,,,0,70,,14304,3,,,0,30,,14312,3,,,0,70,,14323,3,,,0,29,,14327,3,0,5 2 13 14,0,71,,14305,3,,,0,29,,14326,3,0,5 2 13 14,0,71,,14324,3,,,0,100,,14306,3,,,0,100,,14325,3,,,0,100,,14298,3,,,0,54,,14328,3,0,5 2 13 14,0,101,,14329,3,0,5 2 13 14,0
