1029,'1796',628,,19689,50,,,0,30,,13901,50,,,0,70,,19709,50,,,0,30,,19686,50,,,0,70,,19681,50,,,0,30,,19713,50,,,0,70,,19684,50,,,0,30,,19690,50,,,0,70,,19708,50,,,0,30,,19688,50,,,0,70,,19680,50,,,0,30,,19712,50,,,0,70,,19685,50,,,0,30,,19691,50,,,0,70,,19707,50,,,0,30,,19687,50,,,0,70,,19682,50,,,0,31,,19710,50,,,0,70,,19683,50,,,0,30,,19692,50,,,0,70,,19706,50,,,0,30,,19695,50,,,0,70,,19694,50,,,0,29,,19693,50,,,0,70,,19699,50,,,0,30,,19698,50,,,0,70,,19697,50,,,0,30,,19696,50,,,0,70,,19711,50,,,0,30,,19705,50,,,0,70,,19704,50,,,0,30,,19703,50,,,0,70,,19702,50,,,0,30,,19701,50,,,0,65,,19700,50,,,0
1029,'1797',628,,19719,50,,,0,30,,19731,50,,,0,70,,19738,50,,,0,30,,19726,50,,,0,70,,19747,50,,,0,30,,19735,50,,,0,69,,19718,50,,,0,31,,19730,50,,,0,70,,19741,50,,,0,30,,19725,50,,,0,70,,19748,50,,,0,30,,19734,50,,,0,70,,19717,50,,,0,30,,19729,50,,,0,70,,19740,50,,,0,30,,19724,50,,,0,70,,19720,50,,,0,30,,19733,50,,,0,70,,19716,50,,,0,30,,19728,50,,,0,70,,19736,50,,,0,30,,19723,50,,,0,70,,19745,50,,,0,30,,19732,50,,,0,70,,19715,50,,,0,30,,19727,50,,,0,70,,19739,50,,,0,30,,19721,50,,,0,70,,19743,50,,,0,30,,19742,50,,,0,70,,19714,50,,,0,30,,19722,50,,,0,70,,19737,50,,,0,30,,19746,50,,,0,65,,19744,50,,,0
1029,'1798',628,,19749,50,,,0,100,,19750,50,,,0,100,,19751,50,,,0,100,,19752,50,,,0,100,,19753,50,,,0,100,,19754,50,,,0,100,,19755,50,,,0,100,,19756,50,,,0,100,,19757,50,,,0,100,,19758,50,,,0,100,,19759,50,,,0,100,,19760,50,,,0,100,,19761,50,,,0,100,,19762,50,,,0,100,,19763,50,,,0,100,,19764,50,,,0,100,,19765,50,,,0,95,,19766,50,,,0
1029,'1799',628,,19767,50,,,0,100,,19768,50,,,0,100,,19769,50,,,0,100,,19770,50,,,0,100,,19771,50,,,0,100,,19772,50,,,0,100,,19773,50,,,0,100,,19774,50,,,0,100,,19775,50,,,0,100,,19776,50,,,0,100,,19777,50,,,0,100,,19778,50,,,0,100,,19779,50,,,0,100,,19780,50,,,0,100,,19781,50,,,0,100,,19782,50,,,0,100,,19783,50,,,0,95,,19784,50,,,0
1029,'1800',628,,19785,50,,,0,100,,19786,50,,,0,100,,19787,50,,,0,100,,19788,50,,,0,100,,19789,50,,,0,100,,19790,50,,,0,100,,19791,50,,,0,100,,19792,50,,,0,100,,19793,50,,,0,100,,19794,50,,,0,100,,19795,50,,,0,100,,19796,50,,,0,100,,19797,50,,,0,100,,19798,50,,,0,100,,19799,50,,,0,100,,19800,50,,,0,100,,19801,50,,,0,95,,19802,50,,,0
2029,'1796',546,,14191,32,,,0,67,,14165,47,,,0,30,,14166,47,,,0,70,,14167,47,,,0,30,,14168,47,,,0,70,,14169,47,,,0,30,,14170,47,,,0,70,,14171,47,,,0,30,,14172,47,,,0,70,,14173,47,,,0,30,,14174,47,,,0,70,,14175,47,,,0,30,,14176,47,,,0,70,,14177,47,,,0,30,,14178,47,,,0,70,,14179,47,,,0,30,,14180,47,,,0,70,,14181,47,,,0,30,,14182,47,,,0,70,,14183,47,,,0,30,,14184,47,,,0,70,,14185,47,,,0,30,,14186,47,,,0,70,,14187,47,,,0,30,,14188,47,,,0,70,,14189,47,,,0,30,,14190,47,,,0,70,,14194,47,,,0,30,,14195,47,,,0,100,,14196,47,,,0,100,,14197,47,,,0,100,,14193,47,,,0
2029,'1797',613,,14231,47,0,5 2 15 16 17,0,30,,14214,47,,,0,70,,14221,47,,,0,30,,14200,47,,,0,70,,14206,47,,,0,30,,14215,47,,,0,70,,14222,47,,,0,30,,14201,47,,,0,70,,14207,47,,,0,30,,14216,47,,,0,70,,14223,47,,,0,30,,14202,47,,,0,70,,14208,47,,,0,30,,14217,47,,,0,70,,14224,47,,,0,30,,14203,47,,,0,70,,14209,47,,,0,30,,14218,47,,,0,70,,14225,47,,,0,30,,14204,47,,,0,70,,14210,47,,,0,30,,14219,47,,,0,70,,14226,47,,,0,30,,14205,47,,,0,70,,14211,47,,,0,30,,14220,47,,,0,70,,14227,47,,,0,30,,14212,47,,,0,100,,14228,47,,,0,100,,14213,47,,,0,100,,14229,47,,,0
2029,'1798',643,,14235,47,,,0,70,,14243,47,,,0,30,,14254,47,,,0,70,,14249,47,,,0,30,,14236,47,,,0,70,,14244,47,,,0,30,,14255,47,,,0,70,,14250,47,,,0,30,,14237,47,,,0,70,,14245,47,,,0,30,,14256,47,,,0,70,,14251,47,,,0,30,,14238,47,,,0,70,,14246,47,,,0,30,,14257,47,,,0,70,,14252,47,,,0,30,,14239,47,,,0,70,,14247,47,,,0,30,,14258,47,,,0,70,,14253,47,,,0,30,,14240,47,,,0,70,,14248,47,,,0,30,,14259,47,,,0,100,,14241,47,,,0,100,,14260,47,,,0,100,,14242,47,,,0,100,,14261,47,,,0,100,,14234,47,,,0
2029,'1799',643,,14267,47,,,0,70,,14275,47,,,0,30,,14286,47,,,0,70,,14281,47,,,0,30,,14268,47,,,0,70,,14276,47,,,0,30,,14287,47,,,0,70,,14282,47,,,0,30,,14269,47,,,0,70,,14277,47,,,0,30,,14288,47,,,0,70,,14283,47,,,0,30,,14270,47,,,0,70,,14278,47,,,0,30,,14289,47,,,0,70,,14284,47,,,0,30,,14271,47,,,0,70,,14279,47,,,0,30,,14290,47,,,0,70,,14285,47,,,0,30,,14272,47,,,0,70,,14280,47,,,0,30,,14291,47,,,0,100,,14273,47,,,0,100,,14292,47,,,0,100,,14274,47,,,0,100,,14293,47,,,0,100,,14266,47,,,0
2029,'1800',643,,14299,47,,,0,70,,14307,47,,,0,30,,14318,47,,,0,70,,14313,47,,,0,30,,14300,47,,,0,70,,14308,47,,,0,30,,14319,47,,,0,70,,14314,47,,,0,30,,14301,47,,,0,70,,14309,47,,,0,30,,14320,47,,,0,70,,14315,47,,,0,30,,14302,47,,,0,70,,14310,47,,,0,30,,14321,47,,,0,70,,14316,47,,,0,30,,14303,47,,,0,70,,14311,47,,,0,30,,14322,47,,,0,70,,14317,47,,,0,30,,14304,47,,,0,70,,14312,47,,,0,30,,14323,47,,,0,100,,14305,47,,,0,100,,14324,47,,,0,100,,14306,47,,,0,100,,14325,47,,,0,100,,14298,47,,,0
14000001029,'1796',450,,19519,31,0,18 7,0,102,,23396,31,0,18 7,0,1852,,23398,31,,,0,30,,19523,31,,,0,70,,23400,31,,,0,30,,23397,31,,,0,70,,19524,31,,,0,30,,23399,31,,,0
14000001029,'1797',550,,19531,31,0,18 7,0,1854,,23404,31,,,0,30,,19528,31,,,0,70,,23401,31,,,0,30,,23402,31,,,0,70,,19532,31,,,0,30,,23403,31,,,0
14000001029,'1798',550,,23409,31,0,18 7,0,1854,,23405,31,,,0,30,,19538,31,,,0,70,,23408,31,,,0,30,,23407,31,,,0,70,,19537,31,,,0,30,,23406,31,,,0
14000001029,'1799',550,,23414,31,0,18 7,0,1854,,23410,31,,,0,30,,19545,31,,,0,70,,23413,31,,,0,30,,23412,31,,,0,70,,19544,31,,,0,30,,23411,31,,,0
14000001029,'1800',550,,23419,31,0,18 7,0,1854,,23415,31,,,0,30,,19552,31,,,0,70,,23418,31,,,0,30,,23417,31,,,0,70,,19551,31,,,0,30,,23416,31,,,0
