2029,'1796',520,,14191,1,,,0,27,,14165,16,,,0,70,,14166,16,,,0,30,,14167,16,,,0,68,2,14168,16,,,0,30,4,14169,16,,,0,70,2,14170,16,,,0,30,2,14171,16,,,0,70,2,14172,16,,,0,30,2,14173,16,,,0,70,2,14174,16,,,0,30,2,14175,16,,,0,70,2,14176,16,,,0,30,2,14177,16,,,0,70,2,14178,16,,,0,30,2,14179,16,,,0,70,2,14180,16,,,0,30,2,14181,16,,,0,70,2,14182,16,,,0,30,2,14183,16,,,0,70,2,14184,16,,,0,30,2,14185,16,,,0,70,2,14186,16,,,0,30,,14187,16,,,0,71,,14188,16,,,0,29,2,14189,16,,,0,70,2,14190,16,,,0,30,2,14194,16,,,0,70,2,14195,16,,,0,100,2,14196,16,,,0,100,2,14197,16,,,0,100,2,14193,16,,,0,193,,14199,16,4,,0
2029,'1797',547,,14231,16,0,5 2 15 16 17,0,70,,14214,16,,,0,30,,14221,16,,,0,68,2,14200,16,,,0,30,2,14206,16,,,0,70,2,14215,16,,,0,30,2,14222,16,,,0,70,2,14201,16,,,0,30,2,14207,16,,,0,70,2,14216,16,,,0,30,2,14223,16,,,0,70,2,14202,16,,,0,30,2,14208,16,,,0,70,2,14217,16,,,0,30,2,14224,16,,,0,70,2,14203,16,,,0,30,2,14209,16,,,0,70,2,14218,16,,,0,30,2,14225,16,,,0,70,2,14204,16,,,0,30,2,14210,16,,,0,70,2,14219,16,,,0,30,2,14226,16,,,0,70,2,14205,16,,,0,30,2,14211,16,,,0,70,2,14220,16,,,0,30,2,14227,16,,,0,70,2,14212,16,,,0,100,2,14228,16,,,0,100,2,14213,16,,,0,100,2,14229,16,,,0,192,,14232,16,4,,0
2029,'1798',617,,14235,16,,,0,30,,14243,16,,,0,68,,14254,16,,,0,30,2,14249,16,,,0,70,2,14236,16,,,0,30,2,14244,16,,,0,70,2,14255,16,,,0,30,2,14250,16,,,0,70,2,14237,16,,,0,30,2,14245,16,,,0,70,2,14256,16,,,0,30,2,14251,16,,,0,70,2,14238,16,,,0,30,2,14246,16,,,0,70,2,14257,16,,,0,30,2,14252,16,,,0,70,2,14239,16,,,0,30,2,14247,16,,,0,70,2,14258,16,,,0,30,2,14253,16,,,0,70,2,14240,16,,,0,30,2,14248,16,,,0,70,2,14259,16,,,0,100,2,14241,16,,,0,100,2,14260,16,,,0,100,2,14242,16,,,0,100,2,14261,16,,,0,100,2,14234,16,,,0,193,,14265,16,4,,0
2029,'1799',617,,14267,16,,,0,30,,14275,16,,,0,68,,14286,16,,,0,30,2,14281,16,,,0,70,2,14268,16,,,0,30,2,14276,16,,,0,70,2,14287,16,,,0,30,2,14282,16,,,0,70,2,14269,16,,,0,30,2,14277,16,,,0,70,2,14288,16,,,0,30,2,14283,16,,,0,70,2,14270,16,,,0,30,2,14278,16,,,0,70,2,14289,16,,,0,30,2,14284,16,,,0,70,2,14271,16,,,0,30,2,14279,16,,,0,70,2,14290,16,,,0,30,2,14285,16,,,0,70,2,14272,16,,,0,30,2,14280,16,,,0,70,2,14291,16,,,0,100,2,14273,16,,,0,100,2,14292,16,,,0,100,2,14274,16,,,0,100,2,14293,16,,,0,100,2,14266,16,,,0,193,,14297,16,4,,0
2029,'1800',617,,14299,16,,,0,30,,14307,16,,,0,68,,14318,16,,,0,30,2,14313,16,,,0,70,2,14300,16,,,0,30,2,14308,16,,,0,70,2,14319,16,,,0,30,2,14314,16,,,0,70,2,14301,16,,,0,30,2,14309,16,,,0,70,2,14320,16,,,0,30,2,14315,16,,,0,70,2,14302,16,,,0,30,2,14310,16,,,0,70,2,14321,16,,,0,30,2,14316,16,,,0,70,2,14303,16,,,0,30,2,14311,16,,,0,70,2,14322,16,,,0,30,2,14317,16,,,0,70,2,14304,16,,,0,30,2,14312,16,,,0,70,2,14323,16,,,0,100,2,14305,16,,,0,100,2,14324,16,,,0,100,2,14306,16,,,0,100,2,14325,16,,,0,100,2,14298,16,,,0,193,,14329,16,4,,0
7029,'1796',512,,15002,12,,,0,103,3,15003,12,,,0,28,,20395,12,,,0,72,,15005,12,,,0,30,,15006,12,,,0,70,,15007,12,,,0,30,,20396,12,,,0,70,,20397,12,,,0,30,,20398,12,,,0,70,,20399,12,,,0,30,,20400,12,,,0,70,,20401,12,,,0,30,,15014,12,,,0,70,,20392,12,,,0,30,,20393,12,,,0,70,,20394,12,,,0,31,,20391,12,,,0,70,,14996,12,,,0,30,,15001,12,,,0,70,,20402,12,,,0,30,,20403,12,,,0,70,,20404,12,,,0,29,,15018,12,,,0,70,,20405,12,,,0,30,,15020,12,,,0,70,,15021,12,,,0,30,,20406,12,,,0,70,,20407,12,,,0,30,,20408,12,,,0,69,,15025,12,,,0,101,3,15026,12,,,0,100,3,15027,12,,,0,100,3,15028,12,,,0
7029,'1797',616,,15060,1,,,0,29,,20409,12,,,0,70,,20420,12,,,0,30,,20410,12,,,0,69,,20421,12,,,0,30,,20411,12,,,0,70,,15045,12,,,0,30,,20412,12,,,0,70,,20422,12,,,0,30,,20413,12,,,0,70,,20423,12,,,0,30,,15034,12,,,0,70,,15048,12,,,0,30,,20414,12,,,0,70,,20424,12,,,0,30,,15036,12,,,0,71,,20425,12,,,0,30,,15037,12,,,0,70,,15051,12,,,0,30,,20415,12,,,0,69,,20426,12,,,0,30,,20416,12,,,0,70,,20427,12,,,0,30,,20417,12,,,0,70,,15054,12,,,0,30,,20418,12,,,0,70,,20428,12,,,0,30,,20419,12,,,0,71,3,20429,12,,,0,100,3,15057,12,,,0,100,3,15058,12,,,0,100,3,15059,12,,,0,27,,20430,12,4,,0
7029,'1798',715,,15063,12,,,0,99,,15064,12,,,0,100,,20432,12,,,0,100,,15066,12,,,0,100,,15067,12,,,0,100,,20433,12,,,0,100,,15069,12,,,0,101,,15070,12,,,0,100,,20434,12,,,0,99,,15072,12,,,0,100,,15073,12,,,0,100,,20435,12,,,0,100,,15075,12,,,0,101,3,15076,12,,,0,100,3,20431,12,,,0,227,,20436,12,4,,0
7029,'1799',715,,15079,12,,,0,99,,15080,12,,,0,100,,20438,12,,,0,100,,15082,12,,,0,100,,15083,12,,,0,100,,20439,12,,,0,100,,15085,12,,,0,101,,15086,12,,,0,100,,20440,12,,,0,99,,15088,12,,,0,100,,15089,12,,,0,100,,20441,12,,,0,100,,15091,12,,,0,101,3,15092,12,,,0,100,3,20437,12,,,0,227,,20442,12,4,,0
7029,'1800',715,,15095,12,,,0,99,,15096,12,,,0,100,,20444,12,,,0,100,,15098,12,,,0,100,,15099,12,,,0,100,,20445,12,,,0,100,,15101,12,,,0,101,,15102,12,,,0,100,,20446,12,,,0,99,,15104,12,,,0,100,,15105,12,,,0,100,,20447,12,,,0,100,,15107,12,,,0,101,3,15108,12,,,0,100,3,20443,12,,,0,227,,20448,12,4,,0
20002019,'1798',1000,,23316,1,,,0
20002019,'1799',1000,,23317,1,,,0
20002019,'1800',1000,,23318,1,,,0
20007019,'1796',2342,,23322,12,4,,0
14000001019,'1796',2437,,23379,47,4,,0,70,,23377,47,4,,0,30,,19496,47,4,,0,70,,23378,47,4,,0,30,,23376,47,4,,0
14000001019,'1797',2437,,23383,47,4,,0,70,,23380,47,4,,0,30,,19502,47,4,,0,70,,23382,47,4,,0,30,,23381,47,4,,0
14000001019,'1798',2437,,23386,47,4,,0,70,,23385,47,4,,0,30,,19504,47,4,,0,70,,23387,47,4,,0,30,,23384,47,4,,0
14000001019,'1799',2437,,23390,47,4,,0,70,,23389,47,4,,0,30,,19509,47,4,,0,70,,23391,47,4,,0,30,,23388,47,4,,0
14000001019,'1800',2437,,23394,47,4,,0,70,,23393,47,4,,0,30,,19514,47,4,,0,70,,23395,47,4,,0,30,,23392,47,4,,0
14000001029,'1796',428,,19519,1,0,18 7,0,102,,23396,1,0,18 7,0,1812,,23398,1,,,0,68,,19523,1,,,0,30,,23400,1,,,0,70,,23397,1,,,0,30,,19524,1,,,0,70,,23399,1,,,0
14000001029,'1797',530,,19531,1,0,18 7,0,1812,,23404,1,,,0,68,,19528,1,,,0,30,,23401,1,,,0,70,,23402,1,,,0,30,,19532,1,,,0,70,,23403,1,,,0
14000001029,'1798',530,,23409,1,0,18 7,0,1812,,23405,1,,,0,68,,19538,1,,,0,30,,23408,1,,,0,70,,23407,1,,,0,30,,19537,1,,,0,70,,23406,1,,,0
14000001029,'1799',530,,23414,1,0,18 7,0,1812,,23410,1,,,0,68,,19545,1,,,0,30,,23413,1,,,0,70,,23412,1,,,0,30,,19544,1,,,0,70,,23411,1,,,0
14000001029,'1800',530,,23419,1,0,18 7,0,1812,,23415,1,,,0,68,,19552,1,,,0,30,,23418,1,,,0,70,,23417,1,,,0,30,,19551,1,,,0,70,,23416,1,,,0
