6029,'1796',614,,20196,4,,,0,30,,20197,4,,,0,71,,14730,4,,,0,30,,14731,4,,,0,70,,20198,4,,,0,30,,20199,4,,,0,70,,20200,4,,,0,30,,20201,4,,,0,70,,20202,4,,,0,30,,20203,4,,,0,70,,20204,4,,,0,30,,20205,4,,,0,70,,20206,4,,,0,30,,20207,4,,,0,70,,20208,4,,,0,30,,20209,4,,,0,70,,20210,4,,,0,30,,20211,4,,,0,70,,20212,4,,,0,30,,20213,4,,,0,70,,20214,4,,,0,30,,20215,4,,,0,70,,20216,4,,,0,30,,14751,4,,,0,70,,20217,4,,,0,30,,20218,4,,,0,90,,20194,4,,,0,99,,14727,4,,,0,100,,20193,4,,,0,100,,20195,4,,,0
6029,'1797',609,,20220,4,,,0,30,,14757,4,,,0,65,,20237,4,,,0,30,,14781,4,,,0,70,,20221,4,,,0,30,,20231,4,,,0,70,,20238,4,,,0,30,,20244,4,,,0,71,,20230,4,,,0,30,,20243,4,,,0,70,,20229,4,,,0,30,,20235,4,,,0,70,,20228,4,,,0,30,,20242,4,,,0,70,,20227,4,,,0,30,,20234,4,,,0,70,,20226,4,,,0,30,,20241,4,,,0,70,,20225,4,,,0,30,,20233,4,,,0,70,,20224,4,,,0,30,,20240,4,,,0,70,,20223,4,,,0,30,,20232,4,,,0,70,,20222,4,,,0,30,,20239,4,,,0,69,,20219,4,0,5 2 6 7,0,100,,14780,4,0,5 2 6 7,0,100,,20236,4,0,5 2 6 7,0
6029,'1798',834,,20256,4,0,5 2 6 7,0,100,,20247,4,0,5 2 6 7,0,100,,20255,4,0,5 2 6 7,0,100,,20245,4,0,5 2 6 7,0,101,,20254,4,0,5 2 6 7,0,100,,20250,4,0,5 2 6 7,0,100,,20253,4,0,5 2 6 7,0,100,,20248,4,0,5 2 6 7,0,100,,20252,4,0,5 2 6 7,0,100,,20249,4,0,5 2 6 7,0,99,,20251,4,0,5 2 6 7,0,100,,20246,4,0,5 2 6 7,0
6029,'1799',834,,20268,4,0,5 2 6 7,0,100,,20259,4,0,5 2 6 7,0,100,,20267,4,0,5 2 6 7,0,100,,20257,4,0,5 2 6 7,0,101,,20266,4,0,5 2 6 7,0,100,,20262,4,0,5 2 6 7,0,100,,20265,4,0,5 2 6 7,0,100,,20260,4,0,5 2 6 7,0,100,,20264,4,0,5 2 6 7,0,100,,20261,4,0,5 2 6 7,0,99,,20263,4,0,5 2 6 7,0,100,,20258,4,0,5 2 6 7,0
6029,'1800',834,,20280,4,0,5 2 6 7,0,100,,20271,4,0,5 2 6 7,0,100,,20279,4,0,5 2 6 7,0,100,,20269,4,0,5 2 6 7,0,101,,20278,4,0,5 2 6 7,0,100,,20274,4,0,5 2 6 7,0,100,,20277,4,0,5 2 6 7,0,100,,20272,4,0,5 2 6 7,0,100,,20276,4,0,5 2 6 7,0,100,,20273,4,0,5 2 6 7,0,99,,20275,4,0,5 2 6 7,0,100,,20270,4,0,5 2 6 7,0
15019,'1796',641,,20744,15,,,0,70,,20745,15,,,0,33,,20746,15,,,0,70,,20747,15,,,0,27,,20748,15,,,0,70,,20749,15,,,0,30,,15605,15,,,0,70,,20750,15,,,0,30,,20751,15,,,0,70,,20752,15,,,0,30,,20753,15,,,0,70,,15610,15,,,0,30,,15611,15,,,0,70,,20754,15,,,0,30,,20755,15,,,0,70,,15614,15,,,0,31,,20756,15,,,0,70,,20757,15,,,0,30,,20758,15,,,0,70,,15618,15,,,0,30,,20759,15,,,0,70,,20760,15,,,0,29,,20761,15,,,0,70,,15622,15,,,0,30,,20762,15,,,0,70,,20763,15,,,0,30,,20764,15,,,0,100,,20765,15,,,0,99,,20766,15,,,0,100,,15628,15,0,5 2 6 7,0
15019,'1797',716,,15629,15,,,0,100,,20767,15,,,0,100,,20768,15,,,0,100,,15632,15,,,0,100,,20769,15,,,0,100,,20770,15,,,0,101,,15635,15,,,0,100,,20771,15,,,0,100,,20772,15,,,0,99,,15638,15,,,0,100,,20773,15,,,0,100,,20774,15,,,0,100,,15641,15,,,0,100,,20775,15,,,0
15019,'1798',716,,20781,15,,,0,100,,15653,15,,,0,100,,15656,15,,,0,100,,20780,15,,,0,100,,15651,15,,,0,100,,15649,15,,,0,101,,20779,15,,,0,100,,15650,15,,,0,100,,15647,15,,,0,99,,20778,15,,,0,100,,15645,15,,,0,100,,15646,15,,,0,100,,20777,15,,,0,100,,15657,15,,,0
15019,'1799',716,,20786,15,,,0,100,,15667,15,,,0,100,,15670,15,,,0,100,,20785,15,,,0,100,,15665,15,,,0,100,,15663,15,,,0,101,,20784,15,,,0,100,,15664,15,,,0,100,,15661,15,,,0,99,,20783,15,,,0,100,,15659,15,,,0,100,,15660,15,,,0,100,,20782,15,,,0,100,,15671,15,,,0
15019,'1800',716,,20791,15,,,0,100,,15681,15,,,0,100,,15684,15,,,0,100,,20790,15,,,0,100,,15679,15,,,0,100,,15677,15,,,0,101,,20789,15,,,0,100,,15678,15,,,0,100,,15675,15,,,0,99,,20788,15,,,0,100,,15673,15,,,0,100,,15674,15,,,0,100,,20787,15,,,0,100,,15685,15,,,0
502029,'1796',529,,22291,3,,,0,15,,22292,3,,,0,15,,22293,3,,,0,55,,22294,3,,,0,7,,22295,3,,,0,8,,22296,3,,,0,15,,22297,3,,,0,12,,22298,3,,,0,52,,22299,3,,,0,12,,22300,3,,,0,7,,22301,3,,,0,6,,22302,3,,,0,12,,22303,3,,,0,6,,17574,3,,,0,6,,22304,3,,,0,52,,22305,3,,,0,12,,22306,3,,,0,12,,22307,3,,,0,11,,22308,3,,,0,15,,22309,3,,,0,55,,22310,3,,,0,15,,22311,3,,,0,15,,22312,3,,,0,15,,22313,3,,,0,55,,22314,3,,,0,15,,22315,3,,,0,15,,22316,3,,,0,15,,22317,3,,,0,55,,22318,3,,,0,15,,22319,3,,,0,15,,22320,3,,,0,15,,22321,3,,,0,55,,22322,3,,,0,15,,22323,3,,,0,15,,22324,3,,,0,15,,22325,3,,,0,55,,22326,3,,,0,15,,22327,3,,,0,15,,22328,3,,,0,15,,22329,3,,,0,55,,22330,3,,,0,15,,22331,3,,,0,15,,22332,3,,,0,15,,22333,3,,,0,55,,22334,3,,,0,12,,22335,3,,,0,12,,22336,3,,,0,12,,22337,3,,,0,52,,22338,3,,,0,12,,22339,3,,,0,12,,22340,3,,,0,12,,22341,3,,,0,12,,22342,3,,,0,52,,22343,3,,,0,12,,22344,3,,,0,12,,22345,3,,,0,12,,22346,3,,,0,12,,22347,3,,,0,52,,22348,3,,,0,12,,22349,3,,,0,15,,22350,3,,,0,15,,22360,3,,,0,15,,22351,3,,,0,70,,22352,3,,,0,30,,22353,3,,,0,70,,22354,3,,,0,30,,22355,3,,,0,70,,22356,3,,,0,30,,22357,3,,,0,70,,22358,3,,,0,30,,22359,3,,,0
502029,'1797',603,,22368,3,,,0,15,,22414,3,,,0,15,,22375,3,,,0,70,,22367,3,,,0,30,,22376,3,,,0,25,,22366,3,,,0,70,,22377,3,,,0,31,,22365,3,,,0,70,,22378,3,,,0,15,,22379,3,,,0,15,,22405,3,,,0,55,,22388,3,,,0,15,,22397,3,,,0,15,,22380,3,,,0,15,,22406,3,,,0,55,,22389,3,,,0,15,,22398,3,,,0,15,,22381,3,,,0,15,,22407,3,,,0,55,,22390,3,,,0,15,,22399,3,,,0,15,,22382,3,,,0,15,,22408,3,,,0,55,,22391,3,,,0,15,,22400,3,,,0,15,,22383,3,,,0,15,,22409,3,,,0,55,,22392,3,,,0,15,,22401,3,,,0,15,,22384,3,,,0,15,,22410,3,,,0,55,,22393,3,,,0,15,,22402,3,,,0,15,,22385,3,,,0,15,,22411,3,,,0,55,,22394,3,,,0,15,,22403,3,,,0,15,,22386,3,,,0,15,,22412,3,,,0,55,,22395,3,,,0,15,,22370,3,,,0,15,,22387,3,,,0,15,,22404,3,,,0,55,,22396,3,,,0,15,,22371,3,,,0,15,,22413,3,,,0,85,,22372,3,,,0,30,,22364,3,,,0,70,,22373,3,,,0,30,,22363,3,,,0,70,,22369,3,,,0,29,,22362,3,,,0,70,,22374,3,,,0,30,,22361,3,,,0
502029,'1798',605,,22433,3,,,0,28,,22415,3,,,0,25,,22424,3,,,0,70,,22449,3,,,0,30,,22429,3,,,0,70,,22448,3,,,0,31,,22427,3,,,0,70,,22447,3,,,0,30,,22416,3,,,0,70,,22446,3,,,0,15,,22458,3,,,0,15,,22417,3,,,0,55,,22460,3,,,0,15,,22445,3,,,0,15,,22463,3,,,0,15,,22418,3,,,0,55,,22452,3,,,0,15,,22444,3,,,0,15,,22455,3,,,0,15,,22419,3,,,0,55,,22457,3,,,0,15,,22443,3,,,0,15,,22461,3,,,0,15,,22420,3,,,0,55,,22462,3,,,0,15,,22442,3,,,0,15,,22451,3,,,0,15,,22421,3,,,0,55,,22454,3,,,0,15,,22441,3,,,0,15,,22456,3,,,0,15,,22422,3,,,0,55,,22459,3,,,0,15,,22440,3,,,0,15,,22464,3,,,0,15,,22423,3,,,0,55,,22450,3,,,0,15,,22439,3,,,0,15,,22453,3,,,0,15,,22432,3,,,0,70,,22438,3,,,0,30,,22430,3,,,0,70,,22437,3,,,0,30,,22425,3,,,0,70,,22436,3,,,0,30,,22426,3,,,0,70,,22434,3,,,0,29,,22431,3,,,0,70,,22435,3,,,0,30,,22428,3,,,0
502029,'1799',605,,22483,3,,,0,28,,22465,3,,,0,25,,22474,3,,,0,70,,22499,3,,,0,30,,22479,3,,,0,70,,22498,3,,,0,31,,22477,3,,,0,70,,22497,3,,,0,30,,22466,3,,,0,70,,22496,3,,,0,15,,22508,3,,,0,15,,22467,3,,,0,55,,22510,3,,,0,15,,22495,3,,,0,15,,22513,3,,,0,15,,22468,3,,,0,55,,22502,3,,,0,15,,22494,3,,,0,15,,22505,3,,,0,15,,22469,3,,,0,55,,22507,3,,,0,15,,22493,3,,,0,15,,22511,3,,,0,15,,22470,3,,,0,55,,22512,3,,,0,15,,22492,3,,,0,15,,22501,3,,,0,15,,22471,3,,,0,55,,22504,3,,,0,15,,22491,3,,,0,15,,22506,3,,,0,15,,22472,3,,,0,55,,22509,3,,,0,15,,22490,3,,,0,15,,22514,3,,,0,15,,22473,3,,,0,55,,22500,3,,,0,15,,22489,3,,,0,15,,22503,3,,,0,15,,22482,3,,,0,70,,22488,3,,,0,30,,22480,3,,,0,70,,22487,3,,,0,30,,22475,3,,,0,70,,22486,3,,,0,30,,22476,3,,,0,70,,22484,3,,,0,29,,22481,3,,,0,70,,22485,3,,,0,30,,22478,3,,,0
502029,'1800',605,,22533,3,,,0,28,,22515,3,,,0,25,,22524,3,,,0,70,,22549,3,,,0,30,,22529,3,,,0,70,,22548,3,,,0,31,,22527,3,,,0,70,,22547,3,,,0,30,,22516,3,,,0,70,,22546,3,,,0,15,,22558,3,,,0,15,,22517,3,,,0,55,,22560,3,,,0,15,,22545,3,,,0,15,,22563,3,,,0,15,,22518,3,,,0,55,,22552,3,,,0,15,,22544,3,,,0,15,,22555,3,,,0,15,,22519,3,,,0,55,,22557,3,,,0,15,,22543,3,,,0,15,,22561,3,,,0,15,,22520,3,,,0,55,,22562,3,,,0,15,,22542,3,,,0,15,,22551,3,,,0,15,,22521,3,,,0,55,,22554,3,,,0,15,,22541,3,,,0,15,,22556,3,,,0,15,,22522,3,,,0,55,,22559,3,,,0,15,,22540,3,,,0,15,,22564,3,,,0,15,,22523,3,,,0,55,,22550,3,,,0,15,,22539,3,,,0,15,,22553,3,,,0,15,,22532,3,,,0,70,,22538,3,,,0,30,,22530,3,,,0,70,,22537,3,,,0,30,,22525,3,,,0,70,,22536,3,,,0,30,,22526,3,,,0,70,,22534,3,,,0,29,,22531,3,,,0,70,,22535,3,,,0,30,,22528,3,,,0
