22029,'1796',923,,21312,11,,,0,27,,21313,11,,,0,70,,21318,11,,,0,30,,21314,11,,,0,70,,21319,11,,,0,30,,21315,11,,,0,70,,21306,11,,,0,30,,21316,11,,,0,70,,21317,11,,,0,31,,21320,11,,,0,70,,21321,11,,,0,30,,21322,11,,,0,70,,21323,11,,,0,32,,21324,11,,,0,70,,21325,11,,,0,30,,21326,11,,,0,68,,21327,11,,,0,30,,21328,11,,,0,70,,21329,11,,,0,27,,21330,11,,,0,70,,16417,11,,,0,30,,21331,11,,,0,65,,21332,11,,,0,30,,21333,11,,,0,69,,16421,11,,,0
22029,'1797',842,,16425,11,,,0,70,,16426,11,,,0,30,,16427,11,,,0,70,,16428,11,,,0,30,,16429,11,,,0,70,,16430,11,,,0,30,,16431,11,,,0,70,,16432,11,,,0,31,,16433,11,,,0,70,,16434,11,,,0,31,,16435,11,,,0,69,,16436,11,,,0,31,,16437,11,,,0,70,,16438,11,,,0,30,,16439,11,,,0,70,,16440,11,,,0,29,,16441,11,,,0,69,,16442,11,,,0
22029,'1798',812,,21335,11,,,0,100,,21336,11,,,0,100,,21337,11,,,0,100,,21338,11,,,0,100,,21339,11,,,0,101,,21340,11,,,0,100,,21341,11,,,0,100,,21342,11,,,0,100,,21343,11,,,0,99,,21344,11,,,0
22029,'1799',812,,21348,11,,,0,100,,21349,11,,,0,100,,21350,11,,,0,100,,21351,11,,,0,100,,21352,11,,,0,101,,21353,11,,,0,100,,21354,11,,,0,100,,21355,11,,,0,100,,21356,11,,,0,99,,21357,11,,,0
22029,'1800',812,,21361,11,,,0,100,,21362,11,,,0,100,,21363,11,,,0,100,,21364,11,,,0,100,,21365,11,,,0,101,,21366,11,,,0,100,,21367,11,,,0,100,,21368,11,,,0,100,,21369,11,,,0,99,,21370,11,,,0
802019,'1796',612,,19265,7,,,0,45,,23285,7,,,0,70,,23284,7,,,0,20,,23287,7,,,0,60,,23264,7,,,0,30,,19259,7,,,0,70,,23265,7,,,0,30,,23266,7,,,0,70,,19233,7,,,0,30,,23267,7,,,0,70,,23268,7,,,0,30,,23269,7,,,0,71,,23270,7,,,0,30,,23271,7,,,0,70,,23272,7,,,0,30,,23273,7,,,0,70,,23274,7,,,0,31,,23275,7,,,0,70,,19243,7,,,0,20,,23276,7,,,0,20,,19245,7,,,0,60,,19261,7,,,0,20,,19246,7,,,0,20,,19247,7,,,0,60,,23277,7,,,0,20,,23278,7,,,0,19,,23286,7,,,0,60,,19250,7,,,0,20,,23279,7,,,0,20,,19252,7,,,0,60,,19253,7,,,0,30,,23280,7,,,0,69,,23281,7,,,0,25,,19256,7,,,0,70,,23282,7,,,0,30,,23283,7,,,0
802019,'1797',838,,19292,7,,,0,71,,23295,7,,,0,30,,19288,7,,,0,70,,19289,7,,,0,30,,23293,7,,,0,70,,19270,7,,,0,30,,19283,7,,,0,70,,23292,7,,,0,30,,19269,7,,,0,70,,19282,7,,,0,30,,23290,7,,,0,70,,19271,7,,,0,30,,19281,7,,,0,70,,23291,7,,,0,30,,19267,7,,,0,70,,19280,7,,,0,30,,23289,7,,,0,70,,19268,7,,,0,30,,19279,7,,,0,70,,23288,7,,,0,30,,19266,7,,,0,70,,19278,7,,,0,30,,23294,7,,,0,70,,19285,7,,,0,30,,19286,7,,,0,70,,23296,7,,,0,30,,19290,7,,,0
802019,'1798',838,,19294,7,,,0,71,,19306,7,,,0,30,,23297,7,,,0,70,,19295,7,,,0,30,,19300,7,,,0,70,,19304,7,,,0,30,,19311,7,,,0,70,,19315,7,,,0,30,,19303,7,,,0,70,,19305,7,,,0,30,,19316,7,,,0,70,,19310,7,,,0,30,,19299,7,,,0,70,,19314,7,,,0,30,,19309,7,,,0,70,,19297,7,,,0,30,,19313,7,,,0,70,,19293,7,,,0,30,,19312,7,,,0,70,,19319,7,,,0,30,,19308,7,,,0,70,,19298,7,,,0,30,,19317,7,,,0,70,,19301,7,,,0,30,,19296,7,,,0,70,,19318,7,,,0,30,,19302,7,,,0
802019,'1799',838,,19321,7,,,0,71,,19333,7,,,0,30,,23298,7,,,0,70,,19322,7,,,0,30,,19327,7,,,0,70,,19331,7,,,0,30,,19338,7,,,0,70,,19342,7,,,0,30,,19330,7,,,0,70,,19332,7,,,0,30,,19343,7,,,0,70,,19337,7,,,0,30,,19326,7,,,0,70,,19341,7,,,0,30,,19336,7,,,0,70,,19324,7,,,0,30,,19340,7,,,0,70,,19320,7,,,0,30,,19339,7,,,0,70,,19346,7,,,0,30,,19335,7,,,0,70,,19325,7,,,0,30,,19344,7,,,0,70,,19328,7,,,0,30,,19323,7,,,0,70,,19345,7,,,0,30,,19329,7,,,0
802019,'1800',838,,19348,7,,,0,71,,19360,7,,,0,30,,23299,7,,,0,70,,19349,7,,,0,30,,19354,7,,,0,70,,19358,7,,,0,30,,19365,7,,,0,70,,19369,7,,,0,30,,19357,7,,,0,70,,19359,7,,,0,30,,19370,7,,,0,70,,19364,7,,,0,30,,19353,7,,,0,70,,19368,7,,,0,30,,19363,7,,,0,70,,19351,7,,,0,30,,19367,7,,,0,70,,19347,7,,,0,30,,19366,7,,,0,70,,19373,7,,,0,30,,19362,7,,,0,70,,19352,7,,,0,30,,19371,7,,,0,70,,19355,7,,,0,30,,19350,7,,,0,70,,19372,7,,,0,30,,19356,7,,,0
