1019,'1796',549,,13774,23,,,0,70,,19586,23,,,0,30,,19562,23,,,0,70,,19557,23,,,0,31,,19575,23,,,0,71,,19559,23,,,0,30,,19564,23,,,0,70,,19589,23,,,0,30,,19561,23,,,0,70,,19555,23,,,0,31,,19574,23,,,0,70,,19560,23,,,0,30,,19565,23,,,0,70,,19585,23,,,0,30,,19563,23,,,0,70,,19556,23,,,0,30,,19587,23,,,0,70,,19558,23,,,0,30,,19566,23,,,0,70,,19584,23,,,0,29,,19577,23,,,0,70,,19569,23,,,0,30,,19567,23,,,0,70,,19570,23,,,0,30,,19572,23,,,0,70,,19571,23,,,0,29,,19568,23,,,0,70,,19588,23,,,0,30,,19582,23,,,0,70,,19583,23,,,0,30,,19581,23,,,0,70,,19580,23,,,0,34,,19579,23,,,0,70,,19578,23,,,0,30,,19576,23,,,0,65,,19573,23,,,0
1019,'1797',549,,19601,23,,,0,70,,19615,23,,,0,30,,19600,23,,,0,70,,19620,23,,,0,31,,19610,23,,,0,70,,19594,23,,,0,30,,19616,23,,,0,70,,19618,23,,,0,30,,19599,23,,,0,70,,19621,23,,,0,30,,19609,23,,,0,70,,19593,23,,,0,30,,19604,23,,,0,70,,19614,23,,,0,30,,19598,23,,,0,70,,19622,23,,,0,30,,19608,23,,,0,70,,19592,23,,,0,30,,19603,23,,,0,70,,19613,23,,,0,30,,19597,23,,,0,70,,19623,23,,,0,30,,19607,23,,,0,70,,19591,23,,,0,30,,19602,23,,,0,70,,19612,23,,,0,30,,19595,23,,,0,70,,19624,23,,,0,30,,19605,23,,,0,70,,19590,23,,,0,30,,19596,23,,,0,70,,19611,23,,,0,33,,19606,23,,,0,70,,19625,23,,,0,30,,19619,23,,,0,65,,19617,23,,,0
1019,'1798',619,,19626,23,,,0,100,,19627,23,,,0,101,,19628,23,,,0,100,,19629,23,,,0,100,,19630,23,,,0,100,,19631,23,,,0,100,,19632,23,,,0,100,,19633,23,,,0,100,,19634,23,,,0,100,,19635,23,,,0,100,,19636,23,,,0,100,,19637,23,,,0,100,,19638,23,,,0,100,,19639,23,,,0,100,,19640,23,,,0,100,,19641,23,,,0,103,,19642,23,,,0,95,,19643,23,,,0
1019,'1799',619,,19644,23,,,0,100,,19645,23,,,0,101,,19646,23,,,0,100,,19647,23,,,0,100,,19648,23,,,0,100,,19649,23,,,0,100,,19650,23,,,0,100,,19651,23,,,0,100,,19652,23,,,0,100,,19653,23,,,0,100,,19654,23,,,0,100,,19655,23,,,0,100,,19656,23,,,0,100,,19657,23,,,0,100,,19658,23,,,0,100,,19659,23,,,0,103,,19660,23,,,0,95,,19661,23,,,0
1019,'1800',619,,19662,23,,,0,100,,19663,23,,,0,101,,19664,23,,,0,100,,19665,23,,,0,100,,19666,23,,,0,100,,19667,23,,,0,100,,19668,23,,,0,100,,19669,23,,,0,100,,19670,23,,,0,100,,19671,23,,,0,100,,19672,23,,,0,100,,19673,23,,,0,100,,19674,23,,,0,100,,19675,23,,,0,100,,19676,23,,,0,100,,19677,23,,,0,103,,19678,23,,,0,95,,19679,23,,,0
32019,'1796',636,,21513,23,,,0,66,,21529,23,,,0,32,,21508,23,,,0,70,,21524,23,,,0,30,,21534,23,,,0,70,,21518,23,,,0,29,,21516,23,,,0,70,,21528,23,,,0,30,,21506,23,,,0,70,,21522,23,,,0,30,,21533,23,,,0,70,,21520,23,,,0,30,,21515,23,,,0,70,,21527,23,,,0,30,,21509,23,,,0,70,,21521,23,,,0,31,,21532,23,,,0,70,,21519,23,,,0,31,,21512,23,,,0,70,,21526,23,,,0,31,,21505,23,,,0,69,,21523,23,,,0,29,,21531,23,,,0,70,,21517,23,,,0,29,,21514,23,,,0,70,,21525,23,,,0,29,,21510,23,,,0,100,,21530,23,,,0,99,,21511,23,,,0,100,,21507,23,,,0,95,,21540,23,0,5 2 8 7,0
32019,'1797',636,,21553,23,,,0,65,,21570,23,,,0,30,,21547,23,,,0,70,,21564,23,,,0,30,,21571,23,,,0,70,,21559,23,,,0,30,,21552,23,,,0,70,,21569,23,,,0,30,,21546,23,,,0,70,,21563,23,,,0,31,,21574,23,,,0,70,,21558,23,,,0,30,,21551,23,,,0,70,,21568,23,,,0,30,,21545,23,,,0,70,,21562,23,,,0,30,,21573,23,,,0,70,,21557,23,,,0,30,,21550,23,,,0,70,,21567,23,,,0,30,,21544,23,,,0,70,,21561,23,,,0,30,,21575,23,,,0,70,,21556,23,,,0,30,,21549,23,,,0,70,,21565,23,,,0,30,,21543,23,,,0,100,,21572,23,,,0,99,,21548,23,,,0,100,,21542,23,,,0,100,,21576,23,0,5 2 8 7,0
32019,'1798',636,,21579,23,,,0,95,,21580,23,,,0,100,,21581,23,,,0,100,,21582,23,,,0,100,,21583,23,,,0,101,,21584,23,,,0,100,,21585,23,,,0,100,,21586,23,,,0,100,,21587,23,,,0,100,,21588,23,,,0,100,,21589,23,,,0,100,,21590,23,,,0,100,,21591,23,,,0,100,,21592,23,,,0,100,,21593,23,,,0,99,,21594,23,,,0,100,,21595,23,,,0,95,,21597,23,0,5 2 8 7,0
32019,'1799',636,,21598,23,,,0,95,,21599,23,,,0,100,,21600,23,,,0,100,,21601,23,,,0,100,,21602,23,,,0,101,,21603,23,,,0,100,,21604,23,,,0,100,,21605,23,,,0,100,,21606,23,,,0,100,,21607,23,,,0,100,,21608,23,,,0,100,,21609,23,,,0,100,,21610,23,,,0,100,,21611,23,,,0,100,,21612,23,,,0,99,,21613,23,,,0,100,,21614,23,,,0,95,,21616,23,0,5 2 8 7,0
32019,'1800',636,,21617,23,,,0,95,,21618,23,,,0,100,,21619,23,,,0,100,,21620,23,,,0,100,,21621,23,,,0,101,,21622,23,,,0,100,,21623,23,,,0,100,,21624,23,,,0,100,,21625,23,,,0,100,,21626,23,,,0,100,,21627,23,,,0,100,,21628,23,,,0,100,,21629,23,,,0,100,,21630,23,,,0,100,,21631,23,,,0,99,,21632,23,,,0,100,,21633,23,,,0,95,,21635,23,0,5 2 8 7,0
