2019,'1796',509,,19803,31,4,,0,139,3,14015,40,,,0,68,,14016,40,,,0,29,,14017,40,,,0,73,3,14018,40,,,0,31,4,14019,40,,,0,69,3,14020,40,,,0,30,3,14021,40,,,0,70,3,14022,40,,,0,30,3,14023,40,,,0,70,3,14024,40,,,0,30,3,14025,40,,,0,70,3,14026,40,,,0,30,3,14027,40,,,0,70,3,14028,40,,,0,30,3,14029,40,,,0,70,3,14030,40,,,0,29,,14031,40,,,0,70,,14032,40,,,0,30,,14033,40,,,0,71,,14034,40,,,0,32,2,14035,40,,,0,68,3,14036,40,,,0,30,3,14037,40,,,0,70,3,14038,40,,,0,30,3,14039,40,,,0,70,3,14045,40,,,0,30,3,14040,40,,,0,100,3,14041,40,,,0,100,3,14042,40,,,0,100,3,14043,40,,,0,98,,14044,40,,,0
2019,'1797',648,5,14047,31,,,0,70,5,14054,40,,,0,30,5,14063,40,,,0,70,4,14070,40,,,0,30,4,14048,40,,,0,70,4,14055,40,,,0,30,4,14064,40,,,0,70,4,14071,40,,,0,30,4,14049,40,,,0,70,4,14056,40,,,0,30,4,14065,40,,,0,70,4,14072,40,,,0,30,4,14050,40,,,0,70,4,14057,40,,,0,30,4,14066,40,,,0,70,4,14073,40,,,0,30,4,14051,40,,,0,70,4,14058,40,,,0,30,4,14067,40,,,0,70,4,14074,40,,,0,30,4,14052,40,,,0,70,4,14059,40,,,0,30,4,14068,40,,,0,70,4,14075,40,,,0,30,4,14053,40,,,0,70,4,14060,40,,,0,30,4,14069,40,,,0,100,5,14061,40,,,0,100,5,14076,40,,,0,97,2,14062,40,,,0,100,4,14077,40,,,0
2019,'1798',718,6,14105,40,,,0,30,6,14082,40,,,0,70,6,14086,40,,,0,30,6,14098,40,,,0,70,4,14093,40,,,0,30,4,14083,40,,,0,70,4,14087,40,,,0,30,4,14099,40,,,0,70,4,14094,40,,,0,30,4,14084,40,,,0,70,4,14088,40,,,0,30,4,14100,40,,,0,70,4,14095,40,,,0,30,4,14085,40,,,0,70,4,14089,40,,,0,30,4,14101,40,,,0,70,4,14096,40,,,0,30,4,14080,40,,,0,70,4,14090,40,,,0,30,4,14102,40,,,0,70,4,14097,40,,,0,30,4,14078,40,,,0,70,4,14091,40,,,0,30,4,14103,40,,,0,100,4,14079,40,,,0,102,7,14104,40,,,0,100,7,14081,40,,,0,95,2,14092,40,,,0,100,3,14106,40,,,0
2019,'1799',718,6,14134,40,,,0,30,6,14111,40,,,0,70,6,14115,40,,,0,30,6,14127,40,,,0,70,4,14122,40,,,0,30,4,14112,40,,,0,70,4,14116,40,,,0,30,4,14128,40,,,0,70,4,14123,40,,,0,30,4,14113,40,,,0,70,4,14117,40,,,0,30,4,14129,40,,,0,70,4,14124,40,,,0,30,4,14114,40,,,0,70,4,14118,40,,,0,30,4,14130,40,,,0,70,4,14125,40,,,0,30,4,14109,40,,,0,70,4,14119,40,,,0,30,4,14131,40,,,0,70,4,14126,40,,,0,30,4,14107,40,,,0,70,4,14120,40,,,0,30,4,14132,40,,,0,100,4,14108,40,,,0,102,7,14133,40,,,0,100,7,14110,40,,,0,95,2,14121,40,,,0,100,3,14135,40,,,0
2019,'1800',718,6,14163,40,,,0,30,6,14140,40,,,0,70,6,14144,40,,,0,30,6,14156,40,,,0,70,4,14151,40,,,0,30,4,14141,40,,,0,70,4,14145,40,,,0,30,4,14157,40,,,0,70,4,14152,40,,,0,30,4,14142,40,,,0,70,4,14146,40,,,0,30,4,14158,40,,,0,70,4,14153,40,,,0,30,4,14143,40,,,0,70,4,14147,40,,,0,30,4,14159,40,,,0,70,4,14154,40,,,0,30,4,14138,40,,,0,70,4,14148,40,,,0,30,4,14160,40,,,0,70,4,14155,40,,,0,30,4,14136,40,,,0,70,4,14149,40,,,0,30,4,14161,40,,,0,100,4,14137,40,,,0,102,7,14162,40,,,0,100,7,14139,40,,,0,95,2,14150,40,,,0,100,3,14164,40,,,0
7019,'1796',509,,20281,1,,,0,36,,14820,20,,,0,72,,20300,1,,,0,31,,14821,20,,,0,71,,20282,20,,,0,32,,14830,20,,,0,72,,14823,20,,,0,29,,14831,20,,,0,68,,20283,20,,,0,30,,20288,20,,,0,70,,20284,20,,,0,30,,20289,20,,,0,70,,20285,20,,,0,30,,20290,20,,,0,70,,14827,20,,,0,30,,20291,20,,,0,70,,20286,20,,,0,30,,20292,20,,,0,71,,20287,20,,,0,33,,14849,20,,,0,73,,14850,20,,,0,14,,14856,1,,,0,12,,20298,20,,,0,70,,20299,20,,,0,30,,20293,20,,,0,68,,14839,20,,,0,29,,20294,20,,,0,70,,14841,20,,,0,28,,14842,20,,,0,70,,20295,20,,,0,28,,20296,20,,,0,70,,20297,20,,,0,30,,14846,20,,,0,69,,20301,1,,,0,31,,14847,20,,,0,72,,14854,5,,,0,27,,14848,20,,,0,100,,14840,20,,,0
7019,'1797',617,,20323,1,,,0,28,,14869,20,,,0,70,,20304,20,,,0,30,,20310,20,,,0,70,,20305,20,,,0,31,,20311,20,,,0,70,,20306,20,,,0,30,,14872,20,,,0,71,,20307,20,,,0,30,,20312,20,,,0,70,,20308,20,,,0,30,,20313,20,,,0,70,,14867,20,,,0,30,,14875,20,,,0,70,,20309,20,,,0,30,,20314,20,,,0,70,,14881,20,,,0,31,,20315,20,,,0,70,,14883,20,,,0,30,,14878,20,,,0,70,,20318,20,,,0,29,,20316,20,,,0,70,,20319,20,,,0,30,,20317,20,,,0,70,,20322,20,,,0,29,,14857,20,,,0,69,,20320,20,,,0,30,,20302,20,,,0,70,,20321,20,,,0,30,,20303,20,,,0,70,,20324,1,,,0,30,,14860,20,,,0,72,,14889,5,,,0,28,,14861,20,,,0
7019,'1798',547,,20329,1,,,0,70,,20332,1,,,0,30,,20333,1,,,0,68,,20334,1,,,0,30,,14896,20,,,0,71,,20346,5,,,0,30,,14897,20,,,0,73,,20339,5,,,0,27,,20330,20,,,0,73,,20345,5,,,0,28,,14898,20,,,0,72,,20338,5,,,0,28,,14899,20,,,0,72,,20344,5,,,0,28,,20327,20,,,0,73,,20337,5,,,0,27,,14901,20,,,0,73,,20343,5,,,0,28,,14902,20,,,0,73,,20336,5,,,0,27,,20328,20,,,0,73,,20342,5,,,0,26,,14904,20,,,0,73,,20335,5,,,0,27,,14892,20,,,0,72,,20341,5,,,0,27,,20325,20,,,0,72,,14917,5,,,0,27,,14891,20,,,0,72,,20340,5,,,0,28,,14895,20,,,0,72,,14925,5,,,0,28,,20326,20,,,0,70,,14911,1,,,0,30,,20331,1,,,0
7019,'1799',547,,20351,1,,,0,70,,20354,1,,,0,30,,20355,1,,,0,68,,20356,1,,,0,30,,14931,20,,,0,71,,20368,5,,,0,30,,14932,20,,,0,73,,20361,5,,,0,27,,20352,20,,,0,73,,20367,5,,,0,28,,14933,20,,,0,72,,20360,5,,,0,28,,14934,20,,,0,72,,20366,5,,,0,28,,20349,20,,,0,73,,20359,5,,,0,27,,14936,20,,,0,73,,20365,5,,,0,28,,14937,20,,,0,73,,20358,5,,,0,27,,20350,20,,,0,73,,20364,5,,,0,26,,14939,20,,,0,73,,20357,5,,,0,27,,14927,20,,,0,72,,20363,5,,,0,27,,20347,20,,,0,72,,14952,5,,,0,27,,14926,20,,,0,72,,20362,5,,,0,28,,14930,20,,,0,72,,14960,5,,,0,28,,20348,20,,,0,70,,14946,1,,,0,30,,20353,1,,,0
7019,'1800',547,,20373,1,,,0,70,,20376,1,,,0,30,,20377,1,,,0,68,,20378,1,,,0,30,,14966,20,,,0,71,,20390,5,,,0,30,,14967,20,,,0,73,,20383,5,,,0,27,,20374,20,,,0,73,,20389,5,,,0,28,,14968,20,,,0,72,,20382,5,,,0,28,,14969,20,,,0,72,,20388,5,,,0,28,,20371,20,,,0,73,,20381,5,,,0,27,,14971,20,,,0,73,,20387,5,,,0,28,,14972,20,,,0,73,,20380,5,,,0,27,,20372,20,,,0,73,,20386,5,,,0,26,,14974,20,,,0,73,,20379,5,,,0,27,,14962,20,,,0,72,,20385,5,,,0,27,,20369,20,,,0,72,,14987,5,,,0,27,,14961,20,,,0,72,,20384,5,,,0,28,,14965,20,,,0,72,,14995,5,,,0,28,,20370,20,,,0,70,,14981,1,,,0,30,,20375,1,,,0
20007019,'1797',2245,,19423,13,4,,0
20007019,'1798',647,,23341,13,4,,0,1568,,19440,13,4,,0,30,,23326,13,4,,0
20007019,'1799',647,,23358,13,4,,0,1568,,19458,13,4,,0,30,,23343,13,4,,0
20007019,'1800',647,,23375,13,4,,0,1568,,19476,13,4,,0,30,,23360,13,4,,0
