1019,'1796',530,,13774,1,,,0,70,,19586,1,,,0,30,,19562,1,,,0,70,,19557,1,,,0,30,,19575,1,,,0,70,,19559,1,,,0,30,,19564,1,,,0,70,,19589,1,,,0,30,,19561,1,,,0,70,,19555,1,,,0,30,,19574,1,,,0,70,,19560,1,,,0,30,,19565,1,,,0,70,,19585,1,,,0,30,,19563,1,,,0,70,,19556,1,,,0,30,,19587,1,,,0,70,,19558,1,,,0,30,,19566,1,,,0,70,,19584,1,,,0,30,,19577,1,,,0,70,,19569,1,,,0,30,,19567,1,,,0,70,,19570,1,,,0,30,,19572,1,,,0,70,,19571,1,,,0,30,,19568,1,,,0,70,,19588,1,,,0,30,,19582,1,,,0,70,,19583,1,,,0,30,,19581,1,,,0,70,,19580,1,,,0,30,,19579,1,,,0,70,,19578,1,,,0,30,,19576,1,,,0,70,,19573,1,,,0
1019,'1797',530,,19601,1,,,0,70,,19615,1,,,0,30,,19600,1,,,0,70,,19620,1,,,0,30,,19610,1,,,0,70,,19594,1,,,0,30,,19616,1,,,0,70,,19618,1,,,0,30,,19599,1,,,0,70,,19621,1,,,0,30,,19609,1,,,0,70,,19593,1,,,0,30,,19604,1,,,0,70,,19614,1,,,0,30,,19598,1,,,0,70,,19622,1,,,0,30,,19608,1,,,0,70,,19592,1,,,0,30,,19603,1,,,0,70,,19613,1,,,0,30,,19597,1,,,0,70,,19623,1,,,0,30,,19607,1,,,0,70,,19591,1,,,0,30,,19602,1,,,0,70,,19612,1,,,0,30,,19595,1,,,0,70,,19624,1,,,0,30,,19605,1,,,0,70,,19590,1,,,0,30,,19596,1,,,0,70,,19611,1,,,0,30,,19606,1,,,0,70,,19625,1,,,0,30,,19619,1,,,0,70,,19617,1,,,0
1019,'1798',600,,19626,1,,,0,100,,19627,1,,,0,100,,19628,1,,,0,100,,19629,1,,,0,100,,19630,1,,,0,100,,19631,1,,,0,100,,19632,1,,,0,100,,19633,1,,,0,100,,19634,1,,,0,100,,19635,1,,,0,100,,19636,1,,,0,100,,19637,1,,,0,100,,19638,1,,,0,100,,19639,1,,,0,100,,19640,1,,,0,100,,19641,1,,,0,100,,19642,1,,,0,100,,19643,1,,,0
1019,'1799',600,,19644,1,,,0,100,,19645,1,,,0,100,,19646,1,,,0,100,,19647,1,,,0,100,,19648,1,,,0,100,,19649,1,,,0,100,,19650,1,,,0,100,,19651,1,,,0,100,,19652,1,,,0,100,,19653,1,,,0,100,,19654,1,,,0,100,,19655,1,,,0,100,,19656,1,,,0,100,,19657,1,,,0,100,,19658,1,,,0,100,,19659,1,,,0,100,,19660,1,,,0,100,,19661,1,,,0
1019,'1800',600,,19662,1,,,0,100,,19663,1,,,0,100,,19664,1,,,0,100,,19665,1,,,0,100,,19666,1,,,0,100,,19667,1,,,0,100,,19668,1,,,0,100,,19669,1,,,0,100,,19670,1,,,0,100,,19671,1,,,0,100,,19672,1,,,0,100,,19673,1,,,0,100,,19674,1,,,0,100,,19675,1,,,0,100,,19676,1,,,0,100,,19677,1,,,0,100,,19678,1,,,0,100,,19679,1,,,0
1029,'1796',630,,19689,53,4,,0,70,,13901,53,4,,0,30,,19709,53,4,,0,70,,19686,53,4,,0,31,,19681,53,4,,0,70,,19713,53,4,,0,29,,19684,53,4,,0,70,,19690,53,4,,0,31,,19708,53,4,,0,70,,19688,53,4,,0,30,,19680,53,4,,0,70,,19712,53,4,,0,30,,19685,53,4,,0,70,,19691,53,4,,0,30,,19707,53,4,,0,70,,19687,53,4,,0,30,,19682,53,4,,0,71,,19710,53,4,,0,30,,19683,53,4,,0,70,,19692,53,4,,0,30,,19706,53,4,,0,70,,19695,53,4,,0,30,,19694,53,4,,0,68,,19693,53,4,,0,30,,19699,53,4,,0,70,,19698,53,4,,0,30,,19697,53,4,,0,70,,19696,53,4,,0,30,,19711,53,4,,0,70,,19705,53,4,,0,30,,19704,53,4,,0,70,,19703,53,4,,0,30,,19702,53,4,,0,70,,19701,53,4,,0,25,,19700,53,4,,0
1029,'1797',630,,19719,53,4,,0,70,,19731,53,4,,0,30,,19738,53,4,,0,70,,19726,53,4,,0,30,,19747,53,4,,0,70,,19735,53,4,,0,29,,19718,53,4,,0,71,,19730,53,4,,0,30,,19741,53,4,,0,70,,19725,53,4,,0,30,,19748,53,4,,0,70,,19734,53,4,,0,30,,19717,53,4,,0,70,,19729,53,4,,0,30,,19740,53,4,,0,70,,19724,53,4,,0,30,,19720,53,4,,0,70,,19733,53,4,,0,30,,19716,53,4,,0,70,,19728,53,4,,0,30,,19736,53,4,,0,70,,19723,53,4,,0,30,,19745,53,4,,0,70,,19732,53,4,,0,30,,19715,53,4,,0,70,,19727,53,4,,0,30,,19739,53,4,,0,70,,19721,53,4,,0,30,,19743,53,4,,0,70,,19742,53,4,,0,30,,19714,53,4,,0,70,,19722,53,4,,0,30,,19737,53,4,,0,70,,19746,53,4,,0,25,,19744,53,4,,0
1029,'1798',630,,19749,53,4,,0,100,,19750,53,4,,0,100,,19751,53,4,,0,100,,19752,53,4,,0,100,,19753,53,4,,0,100,,19754,53,4,,0,100,,19755,53,4,,0,100,,19756,53,4,,0,100,,19757,53,4,,0,100,,19758,53,4,,0,100,,19759,53,4,,0,100,,19760,53,4,,0,100,,19761,53,4,,0,100,,19762,53,4,,0,100,,19763,53,4,,0,100,,19764,53,4,,0,100,,19765,53,4,,0,95,,19766,53,4,,0
1029,'1799',630,,19767,53,4,,0,100,,19768,53,4,,0,100,,19769,53,4,,0,100,,19770,53,4,,0,100,,19771,53,4,,0,100,,19772,53,4,,0,100,,19773,53,4,,0,100,,19774,53,4,,0,100,,19775,53,4,,0,100,,19776,53,4,,0,100,,19777,53,4,,0,100,,19778,53,4,,0,100,,19779,53,4,,0,100,,19780,53,4,,0,100,,19781,53,4,,0,100,,19782,53,4,,0,100,,19783,53,4,,0,95,,19784,53,4,,0
1029,'1800',630,,19785,53,4,,0,100,,19786,53,4,,0,100,,19787,53,4,,0,100,,19788,53,4,,0,100,,19789,53,4,,0,100,,19790,53,4,,0,100,,19791,53,4,,0,100,,19792,53,4,,0,100,,19793,53,4,,0,100,,19794,53,4,,0,100,,19795,53,4,,0,100,,19796,53,4,,0,100,,19797,53,4,,0,100,,19798,53,4,,0,100,,19799,53,4,,0,100,,19800,53,4,,0,100,,19801,53,4,,0,95,,19802,53,4,,0
2019,'1796',440,,19803,1,0,5 2 13 14,0,175,,14015,10,,,0,30,2,14016,10,,,0,70,3,14017,10,,,0,30,,14018,10,,,0,71,,14019,10,,,0,29,,14020,10,,,0,70,3,14021,10,,,0,30,3,14022,10,,,0,70,3,14023,10,,,0,30,3,14024,10,,,0,70,3,14025,10,,,0,30,3,14026,10,,,0,70,3,14027,10,,,0,30,3,14028,10,,,0,70,3,14029,10,,,0,30,3,14030,10,,,0,70,3,14031,10,,,0,30,3,14032,10,,,0,70,3,14033,10,,,0,30,3,14034,10,,,0,70,3,14035,10,,,0,30,3,14036,10,,,0,70,3,14037,10,,,0,30,3,14038,10,,,0,70,3,14039,10,,,0,30,3,14045,10,,,0,70,3,14040,10,,,0,100,3,14041,10,,,0,100,3,14042,10,,,0,100,3,14043,10,,,0,100,,14044,10,,,0
2019,'1797',615,,14047,1,,,0,30,,14054,10,,,0,70,,14063,10,,,0,30,,14070,10,,,0,70,,14048,10,,,0,30,,14055,10,,,0,70,,14064,10,,,0,30,,14071,10,,,0,70,,14049,10,,,0,30,,14056,10,,,0,70,,14065,10,,,0,30,,14072,10,,,0,70,,14050,10,,,0,30,,14057,10,,,0,70,,14066,10,,,0,30,,14073,10,,,0,70,,14051,10,,,0,30,,14058,10,,,0,70,,14067,10,,,0,30,,14074,10,,,0,70,,14052,10,,,0,30,,14059,10,,,0,70,,14068,10,,,0,30,,14075,10,,,0,70,,14053,10,,,0,30,,14060,10,,,0,70,,14069,10,,,0,100,,14061,10,,,0,100,,14076,10,,,0,100,,14062,10,,,0,100,,14077,10,,,0
2019,'1798',645,,14105,10,,,0,70,,14082,10,,,0,30,,14086,10,,,0,70,,14098,10,,,0,30,,14093,10,,,0,70,,14083,10,,,0,30,,14087,10,,,0,70,,14099,10,,,0,30,,14094,10,,,0,70,,14084,10,,,0,30,,14088,10,,,0,70,,14100,10,,,0,30,,14095,10,,,0,70,,14085,10,,,0,30,,14089,10,,,0,70,,14101,10,,,0,30,,14096,10,,,0,70,,14080,10,,,0,30,,14090,10,,,0,70,,14102,10,,,0,30,,14097,10,,,0,70,,14078,10,,,0,30,,14091,10,,,0,70,,14103,10,,,0,100,,14079,10,,,0,100,,14104,10,,,0,100,,14081,10,,,0,100,,14092,10,,,0,99,,14106,10,,,0
2019,'1799',645,,14134,10,,,0,70,,14111,10,,,0,30,,14115,10,,,0,70,,14127,10,,,0,30,,14122,10,,,0,70,,14112,10,,,0,30,,14116,10,,,0,70,,14128,10,,,0,30,,14123,10,,,0,70,,14113,10,,,0,30,,14117,10,,,0,70,,14129,10,,,0,30,,14124,10,,,0,70,,14114,10,,,0,30,,14118,10,,,0,70,,14130,10,,,0,30,,14125,10,,,0,70,,14109,10,,,0,30,,14119,10,,,0,70,,14131,10,,,0,30,,14126,10,,,0,70,,14107,10,,,0,30,,14120,10,,,0,70,,14132,10,,,0,100,,14108,10,,,0,100,,14133,10,,,0,100,,14110,10,,,0,100,,14121,10,,,0,99,,14135,10,,,0
2019,'1800',645,,14163,10,,,0,70,,14140,10,,,0,30,,14144,10,,,0,70,,14156,10,,,0,30,,14151,10,,,0,70,,14141,10,,,0,30,,14145,10,,,0,70,,14157,10,,,0,30,,14152,10,,,0,70,,14142,10,,,0,30,,14146,10,,,0,70,,14158,10,,,0,30,,14153,10,,,0,70,,14143,10,,,0,30,,14147,10,,,0,70,,14159,10,,,0,30,,14154,10,,,0,70,,14138,10,,,0,30,,14148,10,,,0,70,,14160,10,,,0,30,,14155,10,,,0,70,,14136,10,,,0,30,,14149,10,,,0,70,,14161,10,,,0,100,,14137,10,,,0,100,,14162,10,,,0,100,,14139,10,,,0,100,,14150,10,,,0,99,,14164,10,,,0
2029,'1796',548,,14191,35,,,0,67,,14165,50,,,0,31,,14166,50,,,0,70,,14167,50,,,0,30,,14168,50,,,0,70,,14169,50,,,0,30,,14170,50,,,0,70,,14171,50,,,0,30,,14172,50,,,0,70,,14173,50,,,0,30,,14174,50,,,0,70,,14175,50,,,0,30,,14176,50,,,0,70,,14177,50,,,0,30,,14178,50,,,0,70,,14179,50,,,0,30,,14180,50,,,0,70,,14181,50,,,0,30,,14182,50,,,0,70,,14183,50,,,0,30,,14184,50,,,0,70,,14185,50,,,0,30,,14186,50,,,0,70,,14187,50,,,0,31,,14188,50,,,0,69,,14189,50,,,0,30,,14190,50,,,0,70,,14194,50,,,0,30,,14195,50,,,0,100,,14196,50,,,0,100,,14197,50,,,0,100,,14193,50,,,0
2029,'1797',615,,14231,50,4,,0,31,,14214,50,,,0,70,,14221,50,,,0,30,,14200,50,,,0,70,,14206,50,,,0,30,,14215,50,,,0,70,,14222,50,,,0,30,,14201,50,,,0,70,,14207,50,,,0,30,,14216,50,,,0,70,,14223,50,,,0,30,,14202,50,,,0,70,,14208,50,,,0,30,,14217,50,,,0,70,,14224,50,,,0,30,,14203,50,,,0,70,,14209,50,,,0,30,,14218,50,,,0,70,,14225,50,,,0,30,,14204,50,,,0,70,,14210,50,,,0,30,,14219,50,,,0,70,,14226,50,,,0,30,,14205,50,,,0,70,,14211,50,,,0,30,,14220,50,,,0,70,,14227,50,,,0,30,,14212,50,,,0,100,,14228,50,,,0,100,,14213,50,,,0,99,,14229,50,,,0
2029,'1798',646,,14235,50,,,0,70,,14243,50,,,0,30,,14254,50,,,0,70,,14249,50,,,0,30,,14236,50,,,0,70,,14244,50,,,0,30,,14255,50,,,0,70,,14250,50,,,0,30,,14237,50,,,0,70,,14245,50,,,0,30,,14256,50,,,0,70,,14251,50,,,0,30,,14238,50,,,0,70,,14246,50,,,0,30,,14257,50,,,0,70,,14252,50,,,0,30,,14239,50,,,0,70,,14247,50,,,0,30,,14258,50,,,0,70,,14253,50,,,0,30,,14240,50,,,0,70,,14248,50,,,0,30,,14259,50,,,0,100,,14241,50,,,0,100,,14260,50,,,0,100,,14242,50,,,0,100,,14261,50,,,0,100,,14234,50,,,0
2029,'1799',646,,14267,50,,,0,70,,14275,50,,,0,30,,14286,50,,,0,70,,14281,50,,,0,30,,14268,50,,,0,70,,14276,50,,,0,30,,14287,50,,,0,70,,14282,50,,,0,30,,14269,50,,,0,70,,14277,50,,,0,30,,14288,50,,,0,70,,14283,50,,,0,30,,14270,50,,,0,70,,14278,50,,,0,30,,14289,50,,,0,70,,14284,50,,,0,30,,14271,50,,,0,70,,14279,50,,,0,30,,14290,50,,,0,70,,14285,50,,,0,30,,14272,50,,,0,70,,14280,50,,,0,30,,14291,50,,,0,100,,14273,50,,,0,100,,14292,50,,,0,100,,14274,50,,,0,100,,14293,50,,,0,100,,14266,50,,,0
2029,'1800',646,,14299,50,,,0,70,,14307,50,,,0,30,,14318,50,,,0,70,,14313,50,,,0,30,,14300,50,,,0,70,,14308,50,,,0,30,,14319,50,,,0,70,,14314,50,,,0,30,,14301,50,,,0,70,,14309,50,,,0,30,,14320,50,,,0,70,,14315,50,,,0,30,,14302,50,,,0,70,,14310,50,,,0,30,,14321,50,,,0,70,,14316,50,,,0,30,,14303,50,,,0,70,,14311,50,,,0,30,,14322,50,,,0,70,,14317,50,,,0,30,,14304,50,,,0,70,,14312,50,,,0,30,,14323,50,,,0,100,,14305,50,,,0,100,,14324,50,,,0,100,,14306,50,,,0,100,,14325,50,,,0,100,,14298,50,,,0
6019,'1796',637,,20108,1,,,0,68,,14636,1,,,0,30,,20109,1,,,0,70,,20110,1,,,0,30,,20111,1,,,0,70,,20112,1,,,0,30,,20113,1,,,0,70,,20114,1,,,0,30,,20115,1,,,0,70,,20116,1,,,0,30,,20117,1,,,0,70,,20118,1,,,0,30,,20119,1,,,0,70,,20120,1,,,0,30,,20121,1,,,0,70,,20122,1,,,0,30,,20123,1,,,0,70,,20124,1,,,0,30,,20125,1,,,0,70,,20126,1,,,0,30,,20127,1,,,0,70,,20128,1,,,0,30,,20129,1,,,0,70,,20130,1,,,0,30,,20131,1,,,0,67,,20107,1,,,0,98,,20104,1,,,0,100,,14632,1,,,0,100,,20105,1,,,0,100,,20106,1,,,0
6019,'1797',632,,20134,1,,,0,70,,14662,1,,,0,28,,20152,1,,,0,70,,14675,1,,,0,30,,20136,1,,,0,70,,20145,1,,,0,30,,20153,1,,,0,70,,20151,1,,,0,30,,20144,1,,,0,70,,20156,1,,,0,30,,20143,1,,,0,70,,20150,1,,,0,30,,20142,1,,,0,70,,20155,1,,,0,30,,20141,1,,,0,70,,20149,1,,,0,30,,20140,1,,,0,70,,20154,1,,,0,30,,20139,1,,,0,70,,20148,1,,,0,30,,20138,1,,,0,70,,20132,1,,,0,30,,20137,1,,,0,70,,20147,1,,,0,30,,20135,1,,,0,70,,20146,1,,,0
6029,'1796',636,,20196,28,4,,0,71,,20197,28,4,,0,33,,14730,28,4,,0,70,,14731,28,4,,0,30,,20198,28,4,,0,70,,20199,28,4,,0,28,,20200,28,4,,0,70,,20201,28,4,,0,30,,20202,28,4,,0,70,,20203,28,4,,0,30,,20204,28,4,,0,70,,20205,28,4,,0,30,,20206,28,4,,0,70,,20207,28,4,,0,30,,20208,28,4,,0,70,,20209,28,4,,0,30,,20210,28,4,,0,73,,20211,28,4,,0,30,,20212,28,4,,0,70,,20213,28,4,,0,30,,20214,28,4,,0,70,,20215,28,4,,0,29,,20216,28,4,,0,67,,14751,28,4,,0,30,,20217,28,4,,0,70,,20218,28,4,,0,50,,20194,28,4,,0,98,,14727,28,4,,0,100,,20193,28,4,,0,100,,20195,28,4,,0
6029,'1797',630,,20220,28,4,,0,70,,14757,28,4,,0,25,,20237,28,4,,0,30,,14781,28,4,,0,70,,20221,28,4,,0,30,,20231,28,4,,0,70,,20238,28,4,,0,30,,20244,28,4,,0,72,,20230,28,4,,0,30,,20243,28,4,,0,70,,20229,28,4,,0,30,,20235,28,4,,0,70,,20228,28,4,,0,30,,20242,28,4,,0,70,,20227,28,4,,0,30,,20234,28,4,,0,70,,20226,28,4,,0,30,,20241,28,4,,0,70,,20225,28,4,,0,30,,20233,28,4,,0,70,,20224,28,4,,0,30,,20240,28,4,,0,70,,20223,28,4,,0,30,,20232,28,4,,0,70,,20222,28,4,,0,30,,20239,28,4,,0
16019,'1796',615,,20843,1,,,0,30,,20844,1,,,0,70,,20845,1,,,0,30,,15782,1,,,0,70,,15783,1,,,0,30,,20846,1,,,0,70,,20847,1,,,0,30,,20848,1,,,0,70,,20849,1,,,0,30,,20850,1,,,0,70,,20851,1,,,0,30,,20852,1,,,0,70,,20853,1,,,0,30,,20854,1,,,0,70,,20855,1,,,0,30,,20856,1,,,0,70,,20857,1,,,0,30,,20858,1,,,0,70,,20859,1,,,0,30,,20860,1,,,0,70,,20861,1,,,0,30,,20862,1,,,0,70,,20863,1,,,0,30,,20864,1,,,0,70,,15803,1,,,0,30,,20865,1,,,0,70,,20866,1,,,0,30,,20867,1,,,0,70,,15807,1,,,0,30,,20868,1,,,0,70,,20841,1,,,0,30,,15777,1,,,0,70,,20842,1,,,0
16019,'1797',615,,15832,1,,,0,30,,15828,1,,,0,70,,15836,1,,,0,30,,15820,1,,,0,70,,15834,1,,,0,30,,15815,1,,,0,70,,15813,1,,,0,30,,15810,1,,,0,70,,15821,1,,,0,30,,15831,1,,,0,70,,15825,1,,,0,30,,15833,1,,,0,70,,15817,1,,,0,30,,15835,1,,,0,70,,15812,1,,,0,30,,15823,1,,,0,70,,15822,1,,,0,30,,15826,1,,,0,70,,15827,1,,,0,30,,15811,1,,,0,70,,15819,1,,,0,30,,15829,1,,,0,70,,15814,1,,,0,30,,15818,1,,,0,70,,15824,1,,,0,30,,15838,1,,,0,70,,15830,1,,,0,30,,15837,1,,,0,70,,15816,1,,,0,30,,15840,1,,,0,100,,15839,1,,,0,70,,15809,1,,,0
16019,'1798',745,,20869,1,,,0,100,,20872,1,,,0,100,,20880,1,,,0,100,,20879,1,,,0,100,,20870,1,,,0,100,,20873,1,,,0,100,,20874,1,,,0,100,,20877,1,,,0,100,,20876,1,,,0,100,,20871,1,,,0,100,,20878,1,,,0,100,,15852,1,,,0,100,,20875,1,,,0,100,,15846,1,,,0,100,,20881,1,,,0
16019,'1799',745,,20882,1,,,0,100,,20885,1,,,0,100,,20893,1,,,0,100,,20892,1,,,0,100,,20883,1,,,0,100,,20886,1,,,0,100,,20887,1,,,0,100,,20890,1,,,0,100,,20889,1,,,0,100,,20884,1,,,0,100,,20891,1,,,0,100,,15867,1,,,0,100,,20888,1,,,0,100,,15861,1,,,0,100,,20894,1,,,0
16019,'1800',745,,20895,1,,,0,100,,20898,1,,,0,100,,20906,1,,,0,100,,20905,1,,,0,100,,20896,1,,,0,100,,20899,1,,,0,100,,20900,1,,,0,100,,20903,1,,,0,100,,20902,1,,,0,100,,20897,1,,,0,100,,20904,1,,,0,100,,15882,1,,,0,100,,20901,1,,,0,100,,15876,1,,,0,100,,20907,1,,,0
16029,'1796',615,,20908,31,4,,0,30,,20909,31,4,,0,73,,20910,31,4,,0,37,,20911,31,4,,0,70,,20912,31,4,,0,32,,20913,31,4,,0,70,,20914,31,4,,0,29,,20915,31,4,,0,67,,20916,31,4,,0,30,,20917,31,4,,0,70,,20918,31,4,,0,30,,20919,31,4,,0,70,,20920,31,4,,0,30,,20921,31,4,,0,70,,20922,31,4,,0,30,,20923,31,4,,0,71,,20924,31,4,,0,32,,20925,31,4,,0,71,,20926,31,4,,0,29,,20927,31,4,,0,72,,20928,31,4,,0,30,,20929,31,4,,0,69,,20930,31,4,,0,28,,20931,31,4,,0,69,,20932,31,4,,0,30,,20938,31,4,,0,67,,20933,31,4,,0,30,,15912,31,4,,0,70,,20934,31,4,,0,24,,20935,31,4,,0,70,,20936,31,4,,0,29,,15916,31,4,,0,70,,20937,31,4,,0
16029,'1797',614,,15926,31,4,,0,27,,15941,31,4,,0,70,,15934,31,4,,0,30,,15919,31,4,,0,70,,15927,31,4,,0,30,,15942,31,4,,0,70,,15935,31,4,,0,30,,15920,31,4,,0,71,,15928,31,4,,0,30,,15943,31,4,,0,70,,15936,31,4,,0,31,,15921,31,4,,0,70,,15929,31,4,,0,30,,15944,31,4,,0,71,,15937,31,4,,0,30,,15922,31,4,,0,71,,15930,31,4,,0,29,,15945,31,4,,0,71,,15938,31,4,,0,30,,15923,31,4,,0,69,,15931,31,4,,0,30,,15946,31,4,,0,69,,15939,31,4,,0,29,,15924,31,4,,0,71,,15932,31,4,,0,30,,15947,31,4,,0,70,,15940,31,4,,0,30,,15925,31,4,,0,69,,15933,31,4,,0,31,,15948,31,4,,0,97,,15949,31,4,,0,73,,15950,31,4,,0
16029,'1798',745,,20942,31,4,,0,99,,20943,31,4,,0,97,,20940,31,4,,0,104,,20948,31,4,,0,98,,20950,31,4,,0,100,,20947,31,4,,0,101,,20949,31,4,,0,100,,20939,31,4,,0,100,,20941,31,4,,0,99,,20945,31,4,,0,99,,20944,31,4,,0,101,,15963,31,4,,0,100,,20946,31,4,,0,102,,15959,31,4,,0,98,,20951,31,4,,0
16029,'1799',745,,20955,31,4,,0,99,,20956,31,4,,0,97,,20953,31,4,,0,104,,20961,31,4,,0,98,,20963,31,4,,0,100,,20960,31,4,,0,101,,20962,31,4,,0,100,,20952,31,4,,0,100,,20954,31,4,,0,99,,20958,31,4,,0,99,,20957,31,4,,0,101,,15978,31,4,,0,100,,20959,31,4,,0,102,,15974,31,4,,0,98,,20964,31,4,,0
16029,'1800',745,,20968,31,4,,0,99,,20969,31,4,,0,97,,20966,31,4,,0,104,,20974,31,4,,0,98,,20976,31,4,,0,100,,20973,31,4,,0,101,,20975,31,4,,0,100,,20965,31,4,,0,100,,20967,31,4,,0,99,,20971,31,4,,0,99,,20970,31,4,,0,101,,15993,31,4,,0,100,,20972,31,4,,0,102,,15989,31,4,,0,98,,20977,31,4,,0
31019,'1796',630,,21374,1,,,0,70,,21389,1,,,0,30,,21402,1,,,0,70,,21385,1,,,0,30,,21382,1,,,0,70,,21396,1,,,0,30,,21377,1,,,0,70,,21390,1,,,0,30,,21401,1,,,0,70,,21388,1,,,0,30,,21383,1,,,0,70,,21395,1,,,0,30,,21376,1,,,0,70,,21391,1,,,0,30,,21400,1,,,0,70,,21386,1,,,0,30,,21380,1,,,0,70,,21394,1,,,0,30,,21378,1,,,0,70,,21392,1,,,0,30,,21399,1,,,0,70,,21387,1,,,0,30,,21381,1,,,0,70,,21393,1,,,0,30,,21375,1,,,0,70,,21410,1,,,0,30,,21398,1,,,0,70,,21405,1,0,5 2 8 7,0,30,,21384,1,,,0,70,,21406,1,0,5 2 8 7,0,30,,21379,1,,,0,70,,21408,1,0,5 2 8 7,0,30,,21397,1,,,0,70,,21407,1,0,5 2 8 7,0,25,,21403,1,0,5 2 8 7,0
31019,'1797',630,,21416,1,,,0,70,,21432,1,,,0,30,,21445,1,,,0,70,,21428,1,,,0,30,,21422,1,,,0,70,,21438,1,,,0,30,,21415,1,,,0,70,,21431,1,,,0,30,,21440,1,,,0,70,,21427,1,,,0,30,,21421,1,,,0,70,,21437,1,,,0,30,,21414,1,,,0,70,,21430,1,,,0,30,,21443,1,,,0,70,,21426,1,,,0,30,,21420,1,,,0,70,,21436,1,,,0,30,,21413,1,,,0,70,,21429,1,,,0,30,,21442,1,,,0,70,,21425,1,,,0,30,,21419,1,,,0,70,,21435,1,,,0,30,,21412,1,,,0,70,,21447,1,,,0,30,,21441,1,,,0,70,,21424,1,0,5 2 8 7,0,30,,21418,1,,,0,70,,21434,1,0,5 2 8 7,0,30,,21411,1,,,0,70,,21423,1,0,5 2 8 7,0,30,,21444,1,,,0,70,,21433,1,0,5 2 8 7,0,25,,21417,1,0,5 2 8 7,0
31019,'1798',630,,21448,1,,,0,100,,21449,1,,,0,100,,21450,1,,,0,100,,21451,1,,,0,100,,21452,1,,,0,100,,21453,1,,,0,100,,21454,1,,,0,100,,21455,1,,,0,100,,21456,1,,,0,100,,21457,1,,,0,100,,21458,1,,,0,100,,21459,1,,,0,100,,21460,1,,,0,100,,21461,1,,,0,100,,21462,1,,,0,100,,21463,1,,,0,100,,21464,1,,,0,95,,21466,1,0,5 2 8 7,0
31019,'1799',630,,21467,1,,,0,100,,21468,1,,,0,100,,21469,1,,,0,100,,21470,1,,,0,100,,21471,1,,,0,100,,21472,1,,,0,100,,21473,1,,,0,100,,21474,1,,,0,100,,21475,1,,,0,100,,21476,1,,,0,100,,21477,1,,,0,100,,21478,1,,,0,100,,21479,1,,,0,100,,21480,1,,,0,100,,21481,1,,,0,100,,21482,1,,,0,100,,21483,1,,,0,95,,21485,1,0,5 2 8 7,0
31019,'1800',630,,21486,1,,,0,100,,21487,1,,,0,100,,21488,1,,,0,100,,21489,1,,,0,100,,21490,1,,,0,100,,21491,1,,,0,100,,21492,1,,,0,100,,21493,1,,,0,100,,21494,1,,,0,100,,21495,1,,,0,100,,21496,1,,,0,100,,21497,1,,,0,100,,21498,1,,,0,100,,21499,1,,,0,100,,21500,1,,,0,100,,21501,1,,,0,100,,21502,1,,,0,95,,21504,1,0,5 2 8 7,0
32019,'1796',440,,21539,12,4,,0,89,,16677,12,4,,0,30,,21541,12,4,,0,70,,21538,12,4,,0,30,,21513,42,4,,0,70,,21529,42,4,,0,30,,21508,42,4,,0,69,,21524,42,4,,0,30,,21534,42,4,,0,69,,21518,42,4,,0,30,,21516,42,4,,0,70,,21528,42,4,,0,30,,21506,42,4,,0,70,,21522,42,4,,0,30,,21533,42,4,,0,70,,21520,42,4,,0,30,,21515,42,4,,0,70,,21527,42,4,,0,30,,21509,42,4,,0,72,,21521,42,4,,0,30,,21532,42,4,,0,70,,21519,42,4,,0,71,,21512,42,4,,0,30,,21526,42,4,,0,28,,21505,42,4,,0,70,,21523,42,4,,0,29,,21531,42,4,,0,70,,21517,42,4,,0,30,,21514,42,4,,0,69,,21525,42,4,,0,30,,21510,42,4,,0,70,,21535,12,4,,0,30,,21530,42,4,,0,70,,21537,12,4,,0,30,,21511,42,4,,0,70,,21536,12,4,,0,30,,21507,42,4,,0
32019,'1797',529,,21577,12,4,,0,30,,21578,12,4,,0,70,,21560,12,4,,0,26,,21553,42,4,,0,70,,21570,42,4,,0,30,,21547,42,4,,0,70,,21564,42,4,,0,30,,21571,42,4,,0,70,,21559,42,4,,0,29,,21552,42,4,,0,72,,21569,42,4,,0,31,,21546,42,4,,0,70,,21563,42,4,,0,30,,21574,42,4,,0,70,,21558,42,4,,0,30,,21551,42,4,,0,70,,21568,42,4,,0,30,,21545,42,4,,0,70,,21562,42,4,,0,30,,21573,42,4,,0,70,,21557,42,4,,0,30,,21550,42,4,,0,70,,21567,42,4,,0,30,,21544,42,4,,0,70,,21561,42,4,,0,30,,21575,42,4,,0,70,,21556,42,4,,0,30,,21549,42,4,,0,69,,21565,42,4,,0,30,,21543,42,4,,0,70,,21555,12,4,,0,30,,21572,42,4,,0,70,,21566,12,4,,0,30,,21548,42,4,,0,70,,21554,12,4,,0,30,,21542,42,4,,0
32019,'1798',559,,21596,12,4,,0,96,,21579,42,4,,0,100,,21580,42,4,,0,100,,21581,42,4,,0,99,,21582,42,4,,0,103,,21583,42,4,,0,100,,21584,42,4,,0,100,,21585,42,4,,0,100,,21586,42,4,,0,100,,21587,42,4,,0,100,,21588,42,4,,0,100,,21589,42,4,,0,100,,21590,42,4,,0,100,,21591,42,4,,0,99,,21592,42,4,,0,100,,21593,42,4,,0,100,,21594,42,4,,0,100,,21595,42,4,,0
32019,'1799',559,,21615,12,4,,0,96,,21598,42,4,,0,100,,21599,42,4,,0,100,,21600,42,4,,0,99,,21601,42,4,,0,103,,21602,42,4,,0,100,,21603,42,4,,0,100,,21604,42,4,,0,100,,21605,42,4,,0,100,,21606,42,4,,0,100,,21607,42,4,,0,100,,21608,42,4,,0,100,,21609,42,4,,0,100,,21610,42,4,,0,99,,21611,42,4,,0,100,,21612,42,4,,0,100,,21613,42,4,,0,100,,21614,42,4,,0
32019,'1800',559,,21634,12,4,,0,96,,21617,42,4,,0,100,,21618,42,4,,0,100,,21619,42,4,,0,99,,21620,42,4,,0,103,,21621,42,4,,0,100,,21622,42,4,,0,100,,21623,42,4,,0,100,,21624,42,4,,0,100,,21625,42,4,,0,100,,21626,42,4,,0,100,,21627,42,4,,0,100,,21628,42,4,,0,100,,21629,42,4,,0,99,,21630,42,4,,0,100,,21631,42,4,,0,100,,21632,42,4,,0,100,,21633,42,4,,0
14000001019,'1796',2410,,23379,17,,,0,30,,23377,17,,,0,70,,19496,17,,,0,30,,23378,17,,,0,70,,23376,17,,,0
14000001019,'1797',2410,,23383,17,,,0,30,,23380,17,,,0,70,,19502,17,,,0,30,,23382,17,,,0,70,,23381,17,,,0
14000001019,'1798',2410,,23386,17,,,0,30,,23385,17,,,0,70,,19504,17,,,0,30,,23387,17,,,0,70,,23384,17,,,0
14000001019,'1799',2410,,23390,17,,,0,30,,23389,17,,,0,70,,19509,17,,,0,30,,23391,17,,,0,70,,23388,17,,,0
14000001019,'1800',2410,,23394,17,,,0,30,,23393,17,,,0,70,,19514,17,,,0,30,,23395,17,,,0,70,,23392,17,,,0
14000001029,'1796',452,,19519,34,0,18 7,0,102,,23396,34,0,18 7,0,1852,,23398,34,,,0,30,,19523,34,,,0,70,,23400,34,,,0,30,,23397,34,,,0,70,,19524,34,,,0,30,,23399,34,,,0
14000001029,'1797',552,,19531,34,0,18 7,0,1854,,23404,34,,,0,30,,19528,34,,,0,70,,23401,34,,,0,30,,23402,34,,,0,70,,19532,34,,,0,30,,23403,34,,,0
14000001029,'1798',552,,23409,34,0,18 7,0,1854,,23405,34,,,0,30,,19538,34,,,0,70,,23408,34,,,0,30,,23407,34,,,0,70,,19537,34,,,0,30,,23406,34,,,0
14000001029,'1799',552,,23414,34,0,18 7,0,1854,,23410,34,,,0,30,,19545,34,,,0,70,,23413,34,,,0,30,,23412,34,,,0,70,,19544,34,,,0,30,,23411,34,,,0
14000001029,'1800',552,,23419,34,0,18 7,0,1854,,23415,34,,,0,30,,19552,34,,,0,70,,23418,34,,,0,30,,23417,34,,,0,70,,19551,34,,,0,30,,23416,34,,,0
