6019,'1796',656,,20108,18,,,0,69,,14636,18,,,0,30,,20109,18,,,0,70,,20110,18,,,0,30,,20111,18,,,0,71,,20112,18,,,0,30,,20113,18,,,0,70,,20114,18,,,0,30,,20115,18,,,0,70,,20116,18,,,0,30,,20117,18,,,0,70,,20118,18,,,0,30,,20119,18,,,0,70,,20120,18,,,0,30,,20121,18,,,0,70,,20122,18,,,0,32,,20123,18,,,0,70,,20124,18,,,0,30,,20125,18,,,0,70,,20126,18,,,0,30,,20127,18,,,0,70,,20128,18,,,0,27,,20129,18,,,0,70,,20130,18,,,0,30,,20131,18,,,0,67,,20107,18,,,0,96,,20104,18,,,0,100,,14632,18,,,0,100,,20105,18,,,0,100,,20106,18,,,0
6019,'1797',650,,20134,18,,,0,70,,14662,18,,,0,28,,20152,18,,,0,70,,14675,18,,,0,30,,20136,18,,,0,70,,20145,18,,,0,30,,20153,18,,,0,72,,20151,18,,,0,30,,20144,18,,,0,70,,20156,18,,,0,30,,20143,18,,,0,70,,20150,18,,,0,30,,20142,18,,,0,70,,20155,18,,,0,30,,20141,18,,,0,70,,20149,18,,,0,30,,20140,18,,,0,70,,20154,18,,,0,30,,20139,18,,,0,70,,20148,18,,,0,30,,20138,18,,,0,70,,20132,18,,,0,30,,20137,18,,,0,70,,20147,18,,,0,30,,20135,18,,,0,68,,20146,18,,,0,101,,14687,6,,,0,100,,20133,6,,,0
6019,'1798',849,,20163,6,,,0,100,,20157,6,,,0,100,,20162,6,,,0,100,,20167,6,,,0,101,,20161,6,,,0,100,,20166,6,,,0,100,,20160,6,,,0,100,,20165,6,,,0,100,,20159,6,,,0,100,,20164,6,,,0,99,,20158,6,,,0,100,,20168,6,,,0
6019,'1799',849,,20175,6,,,0,100,,20169,6,,,0,100,,20174,6,,,0,100,,20179,6,,,0,101,,20173,6,,,0,100,,20178,6,,,0,100,,20172,6,,,0,100,,20177,6,,,0,100,,20171,6,,,0,100,,20176,6,,,0,99,,20170,6,,,0,100,,20180,6,,,0
6019,'1800',849,,20187,6,,,0,100,,20181,6,,,0,100,,20186,6,,,0,100,,20191,6,,,0,101,,20185,6,,,0,100,,20190,6,,,0,100,,20184,6,,,0,100,,20189,6,,,0,100,,20183,6,,,0,100,,20188,6,,,0,99,,20182,6,,,0,100,,20192,6,,,0
10029,'1796',600,,15190,5,,,0,100,,20469,5,,,0,100,,20468,5,,,0,100,,20470,5,,,0,100,,20467,5,,,0,100,,20466,5,,,0,100,,20465,5,,,0,100,,20463,5,,,0,100,,20462,5,,,0,100,,20464,5,,,0,100,,15183,5,,,0,100,,15181,5,,,0,100,,20471,5,,,0,100,,15194,5,,,0,100,,15195,5,,,0,100,,20472,5,,,0,100,,20473,5,,,0,100,,20474,5,0,27 28 1 29,0,100,,15198,5,0,27 28 1 29,0
10029,'1797',700,,15214,5,,,0,100,,15207,5,,,0,100,,15200,5,,,0,100,,15208,5,,,0,100,,15201,5,,,0,100,,15209,5,,,0,100,,15202,5,,,0,100,,15210,5,,,0,100,,15203,5,,,0,100,,15211,5,,,0,100,,15204,5,,,0,100,,15212,5,,,0,100,,15205,5,,,0,100,,15213,5,,,0,100,,15206,5,,,0,100,,15216,5,0,27 28 1 29,0,200,,20475,5,0,27 28 1 29,0
10029,'1798',900,,15221,5,,,0,100,,15227,5,,,0,100,,15220,5,,,0,100,,15225,5,,,0,100,,15218,5,,,0,100,,15223,5,,,0,100,,15224,5,,,0,100,,15226,5,,,0,100,,15219,5,,,0,100,,15217,5,,,0,100,,15222,5,,,0,100,,15228,5,0,27 28 1 29,0
10029,'1799',900,,15233,5,,,0,100,,15239,5,,,0,100,,15232,5,,,0,100,,15237,5,,,0,100,,15230,5,,,0,100,,15235,5,,,0,100,,15236,5,,,0,100,,15238,5,,,0,100,,15231,5,,,0,100,,15229,5,,,0,100,,15234,5,,,0,100,,15240,5,0,27 28 1 29,0
10029,'1800',900,,15245,5,,,0,100,,15251,5,,,0,100,,15244,5,,,0,100,,15249,5,,,0,100,,15242,5,,,0,100,,15247,5,,,0,100,,15248,5,,,0,100,,15250,5,,,0,100,,15243,5,,,0,100,,15241,5,,,0,100,,15246,5,,,0,100,,15252,5,0,27 28 1 29,0
