1019,'1796',548,,13774,21,,,0,70,,19586,21,,,0,30,,19562,21,,,0,70,,19557,21,,,0,31,,19575,21,,,0,71,,19559,21,,,0,30,,19564,21,,,0,70,,19589,21,,,0,30,,19561,21,,,0,70,,19555,21,,,0,31,,19574,21,,,0,70,,19560,21,,,0,30,,19565,21,,,0,70,,19585,21,,,0,30,,19563,21,,,0,70,,19556,21,,,0,30,,19587,21,,,0,70,,19558,21,,,0,30,,19566,21,,,0,70,,19584,21,,,0,29,,19577,21,,,0,70,,19569,21,,,0,30,,19567,21,,,0,70,,19570,21,,,0,30,,19572,21,,,0,70,,19571,21,,,0,29,,19568,21,,,0,70,,19588,21,,,0,30,,19582,21,,,0,70,,19583,21,,,0,30,,19581,21,,,0,69,,19580,21,,,0,34,,19579,21,,,0,70,,19578,21,,,0,30,,19576,21,,,0,65,,19573,21,,,0
1019,'1797',547,,19601,21,,,0,70,,19615,21,,,0,30,,19600,21,,,0,70,,19620,21,,,0,31,,19610,21,,,0,70,,19594,21,,,0,30,,19616,21,,,0,70,,19618,21,,,0,30,,19599,21,,,0,70,,19621,21,,,0,31,,19609,21,,,0,70,,19593,21,,,0,30,,19604,21,,,0,70,,19614,21,,,0,30,,19598,21,,,0,70,,19622,21,,,0,30,,19608,21,,,0,70,,19592,21,,,0,30,,19603,21,,,0,70,,19613,21,,,0,30,,19597,21,,,0,70,,19623,21,,,0,30,,19607,21,,,0,70,,19591,21,,,0,30,,19602,21,,,0,70,,19612,21,,,0,30,,19595,21,,,0,69,,19624,21,,,0,30,,19605,21,,,0,70,,19590,21,,,0,30,,19596,21,,,0,70,,19611,21,,,0,34,,19606,21,,,0,70,,19625,21,,,0,30,,19619,21,,,0,65,,19617,21,,,0
1019,'1798',617,,19626,21,,,0,100,,19627,21,,,0,101,,19628,21,,,0,100,,19629,21,,,0,100,,19630,21,,,0,101,,19631,21,,,0,100,,19632,21,,,0,100,,19633,21,,,0,100,,19634,21,,,0,100,,19635,21,,,0,100,,19636,21,,,0,100,,19637,21,,,0,100,,19638,21,,,0,99,,19639,21,,,0,100,,19640,21,,,0,100,,19641,21,,,0,104,,19642,21,,,0,95,,19643,21,,,0
1019,'1799',617,,19644,21,,,0,100,,19645,21,,,0,101,,19646,21,,,0,100,,19647,21,,,0,100,,19648,21,,,0,101,,19649,21,,,0,100,,19650,21,,,0,100,,19651,21,,,0,100,,19652,21,,,0,100,,19653,21,,,0,100,,19654,21,,,0,100,,19655,21,,,0,100,,19656,21,,,0,99,,19657,21,,,0,100,,19658,21,,,0,100,,19659,21,,,0,104,,19660,21,,,0,95,,19661,21,,,0
1019,'1800',617,,19662,21,,,0,100,,19663,21,,,0,101,,19664,21,,,0,100,,19665,21,,,0,100,,19666,21,,,0,101,,19667,21,,,0,100,,19668,21,,,0,100,,19669,21,,,0,100,,19670,21,,,0,100,,19671,21,,,0,100,,19672,21,,,0,100,,19673,21,,,0,100,,19674,21,,,0,99,,19675,21,,,0,100,,19676,21,,,0,100,,19677,21,,,0,104,,19678,21,,,0,95,,19679,21,,,0
32019,'1796',635,,21513,21,,,0,66,,21529,21,,,0,32,,21508,21,,,0,70,,21524,21,,,0,30,,21534,21,,,0,69,,21518,21,,,0,30,,21516,21,,,0,70,,21528,21,,,0,30,,21506,21,,,0,70,,21522,21,,,0,30,,21533,21,,,0,70,,21520,21,,,0,30,,21515,21,,,0,70,,21527,21,,,0,30,,21509,21,,,0,70,,21521,21,,,0,30,,21532,21,,,0,70,,21519,21,,,0,31,,21512,21,,,0,70,,21526,21,,,0,31,,21505,21,,,0,70,,21523,21,,,0,29,,21531,21,,,0,69,,21517,21,,,0,30,,21514,21,,,0,70,,21525,21,,,0,29,,21510,21,,,0,100,,21530,21,,,0,99,,21511,21,,,0,100,,21507,21,,,0,95,,21540,21,0,5 2 8 7,0
32019,'1797',634,,21553,21,,,0,25,,21570,21,,,0,70,,21547,21,,,0,30,,21564,21,,,0,70,,21571,21,,,0,30,,21559,21,,,0,70,,21552,21,,,0,71,,21569,21,,,0,30,,21546,21,,,0,70,,21563,21,,,0,31,,21574,21,,,0,70,,21558,21,,,0,30,,21551,21,,,0,70,,21568,21,,,0,30,,21545,21,,,0,70,,21562,21,,,0,30,,21573,21,,,0,70,,21557,21,,,0,30,,21550,21,,,0,70,,21567,21,,,0,30,,21544,21,,,0,70,,21561,21,,,0,30,,21575,21,,,0,70,,21556,21,,,0,30,,21549,21,,,0,70,,21565,21,,,0,30,,21543,21,,,0,100,,21572,21,,,0,99,,21548,21,,,0,100,,21542,21,,,0,100,,21576,21,0,5 2 8 7,0
32019,'1798',634,,21579,21,,,0,95,,21580,21,,,0,100,,21581,21,,,0,100,,21582,21,,,0,101,,21583,21,,,0,101,,21584,21,,,0,100,,21585,21,,,0,100,,21586,21,,,0,100,,21587,21,,,0,100,,21588,21,,,0,100,,21589,21,,,0,100,,21590,21,,,0,100,,21591,21,,,0,100,,21592,21,,,0,100,,21593,21,,,0,99,,21594,21,,,0,100,,21595,21,,,0,95,,21597,21,0,5 2 8 7,0
32019,'1799',634,,21598,21,,,0,95,,21599,21,,,0,100,,21600,21,,,0,100,,21601,21,,,0,101,,21602,21,,,0,101,,21603,21,,,0,100,,21604,21,,,0,100,,21605,21,,,0,100,,21606,21,,,0,100,,21607,21,,,0,100,,21608,21,,,0,100,,21609,21,,,0,100,,21610,21,,,0,100,,21611,21,,,0,100,,21612,21,,,0,99,,21613,21,,,0,100,,21614,21,,,0,95,,21616,21,0,5 2 8 7,0
32019,'1800',634,,21617,21,,,0,95,,21618,21,,,0,100,,21619,21,,,0,100,,21620,21,,,0,101,,21621,21,,,0,101,,21622,21,,,0,100,,21623,21,,,0,100,,21624,21,,,0,100,,21625,21,,,0,100,,21626,21,,,0,100,,21627,21,,,0,100,,21628,21,,,0,100,,21629,21,,,0,100,,21630,21,,,0,100,,21631,21,,,0,99,,21632,21,,,0,100,,21633,21,,,0,95,,21635,21,0,5 2 8 7,0
