22019,'1796',605,,16313,13,0,19 2 24 1 25 26,0,26,,21266,13,0,19 2 24 1 25 26,0,28,,21240,13,0,19 2 24 1 25 26,0,70,,21241,13,0,19 2 24 1 25 26,0,74,,21242,15,,,0,30,,16287,15,,,0,70,,16288,15,,,0,29,,21243,15,,,0,70,,21244,15,,,0,29,,21245,15,,,0,70,,21246,15,,,0,30,,21247,15,,,0,70,,21248,15,,,0,31,,21249,15,,,0,70,,21250,15,,,0,31,,21251,15,,,0,70,,21252,15,,,0,30,,21253,15,,,0,72,,21254,15,,,0,30,,21255,15,,,0,68,,21265,15,,,0,30,,21256,15,,,0,69,,21257,15,,,0,29,,21258,15,,,0,70,,21259,15,,,0,28,,21260,15,,,0,30,,16307,15,,,0,70,,21261,15,,,0,29,,21262,15,,,0,68,,21263,15,,,0,30,,16311,15,,,0,68,,21264,13,0,19 2 24 1 25 26,0
22019,'1797',629,,16335,13,0,19 2 24 1 25 26,0,24,,16340,13,0,19 2 24 1 25 26,0,70,,16336,13,0,19 2 24 1 25 26,0,30,,16341,13,0,19 2 24 1 25 26,0,70,,16337,13,0,19 2 24 1 25 26,0,33,,16316,15,,,0,72,,16317,15,,,0,30,,16318,15,,,0,70,,16319,15,,,0,30,,16320,15,,,0,70,,16321,15,,,0,30,,16322,15,,,0,70,,16323,15,,,0,31,,16324,15,,,0,70,,16325,15,,,0,30,,16326,15,,,0,70,,16327,15,,,0,71,,16328,15,,,0,30,,16329,15,,,0,70,,16330,15,,,0,30,,16331,15,,,0,28,,16332,15,,,0,70,,16333,15,,,0,28,,16342,13,0,19 2 24 1 25 26,0,70,,16338,13,0,19 2 24 1 25 26,0,30,,16343,13,0,19 2 24 1 25 26,0,69,,16334,13,0,19 2 24 1 25 26,0,30,,16344,13,0,19 2 24 1 25 26,0,69,,16339,13,0,19 2 24 1 25 26,0,30,,16345,13,0,19 2 24 1 25 26,0,70,,16346,13,0,19 2 24 1 25 26,0
22019,'1798',657,,21276,13,0,19 2 24 1 25 26,0,94,,21277,13,0,19 2 24 1 25 26,0,102,,21274,15,,,0,100,,21275,15,,,0,100,,21268,15,,,0,100,,21273,15,,,0,100,,21269,15,,,0,100,,21270,15,,,0,100,,21267,15,,,0,100,,21271,15,,,0,99,,21272,15,,,0,99,,16358,13,0,19 2 24 1 25 26,0,100,,21278,13,0,19 2 24 1 25 26,0,100,,16360,13,0,19 2 24 1 25 26,0,108,,21279,13,0,19 2 24 1 25 26,0
22019,'1799',657,,21289,13,0,19 2 24 1 25 26,0,94,,21290,13,0,19 2 24 1 25 26,0,102,,21287,15,,,0,100,,21288,15,,,0,100,,21281,15,,,0,100,,21286,15,,,0,100,,21282,15,,,0,100,,21283,15,,,0,100,,21280,15,,,0,100,,21284,15,,,0,99,,21285,15,,,0,99,,16373,13,0,19 2 24 1 25 26,0,100,,21291,13,0,19 2 24 1 25 26,0,100,,16375,13,0,19 2 24 1 25 26,0,108,,21292,13,0,19 2 24 1 25 26,0
22019,'1800',657,,21302,13,0,19 2 24 1 25 26,0,94,,21303,13,0,19 2 24 1 25 26,0,102,,21300,15,,,0,100,,21301,15,,,0,100,,21294,15,,,0,100,,21299,15,,,0,100,,21295,15,,,0,100,,21296,15,,,0,100,,21293,15,,,0,100,,21297,15,,,0,99,,21298,15,,,0,99,,16388,13,0,19 2 24 1 25 26,0,100,,21304,13,0,19 2 24 1 25 26,0,100,,16390,13,0,19 2 24 1 25 26,0,108,,21305,13,0,19 2 24 1 25 26,0
601019,'1796',641,,22569,3,,,0,765,,17848,3,,,0,30,,17875,3,,,0
601019,'1797',609,,17904,3,,,0
601019,'1799',609,,17949,3,,,0
602019,'1796',625,,17998,17,,,0,29,,17974,17,0,19 2 11 2 24 1 25 26,0,62,,17988,17,0,19 2 11 2 24 1 25 26,0,13,,22573,17,0,19 2 11 2 24 1 25 26,0,15,,17973,17,0,19 2 11 2 24 1 25 26,0,15,,22570,17,0,19 2 11 2 24 1 25 26,0,55,,17987,17,0,19 2 11 2 24 1 25 26,0,15,,22572,17,0,19 2 11 2 24 1 25 26,0,15,,18000,17,0,19 2 11 2 24 1 25 26,0,15,,22571,17,0,19 2 11 2 24 1 25 26,0,55,,17997,18,,,0,24,,18006,18,,,0,70,,18004,18,,,0,30,,18011,18,,,0,70,,18009,18,,,0,30,,18005,18,,,0,70,,18003,18,,,0,30,,18010,18,,,0,70,,18001,18,,,0,30,,18007,18,,,0,70,,18002,18,,,0,30,,18008,18,,,0,21,,17984,17,0,19 2 11 2 24 1 25 26,0,55,,17993,17,0,19 2 11 2 24 1 25 26,0,15,,17985,17,0,19 2 11 2 24 1 25 26,0,15,,17992,17,0,19 2 11 2 24 1 25 26,0,15,,17978,17,0,19 2 11 2 24 1 25 26,0,55,,17991,17,0,19 2 11 2 24 1 25 26,0,15,,17983,17,0,19 2 11 2 24 1 25 26,0,15,,17995,17,0,19 2 11 2 24 1 25 26,0,14,,17982,17,0,19 2 11 2 24 1 25 26,0,55,,17990,17,0,19 2 11 2 24 1 25 26,0,14,,17979,17,0,19 2 11 2 24 1 25 26,0,15,,17994,17,0,19 2 11 2 24 1 25 26,0,15,,17975,17,0,19 2 11 2 24 1 25 26,0,55,,17999,17,0,19 2 11 2 24 1 25 26,0,15,,17980,17,0,19 2 11 2 24 1 25 26,0,15,,17989,18,,,0,17,,17963,18,,,0,70,,17964,18,,,0,12,,17996,18,,,0,18,,17969,18,,,0,70,,17967,18,,,0,30,,17968,18,,,0,68,,17972,18,,,0,30,,17965,18,,,0,70,,17970,18,,,0,30,,17966,18,,,0,76,,17971,18,,,0
602019,'1797',635,,18046,17,,,0,68,,18028,18,,,0,30,,18045,18,,,0,70,,18027,18,,,0,30,,18044,18,,,0,70,,18026,18,,,0,30,,18043,18,,,0,70,,18025,18,,,0,30,,18042,18,,,0,70,,18024,18,,,0,31,,18041,18,,,0,70,,18022,18,,,0,30,,18040,18,,,0,70,,18023,18,,,0,30,,18038,18,,,0,70,,18021,18,,,0,30,,18039,18,,,0,70,,18014,18,,,0,30,,18037,18,,,0,70,,18015,18,,,0,30,,18036,18,,,0,70,,18013,18,,,0,30,,18035,18,,,0,70,,18016,18,,,0,30,,18034,18,,,0,70,,18019,18,,,0,30,,18032,18,,,0,70,,18020,18,,,0,29,,18033,18,,,0,70,,18018,18,,,0,30,,18030,18,,,0,70,,18017,18,,,0,30,,18031,18,,,0,70,,18012,18,,,0,29,,18029,18,,,0
602019,'1798',2233,,18049,18,,,0,70,,18048,18,,,0,29,,18047,18,,,0
602019,'1799',635,,18078,17,,,0,68,,18075,18,,,0,30,,18060,18,,,0,70,,18064,18,,,0,30,,18079,18,,,0,70,,18055,18,,,0,30,,18051,18,,,0,70,,18074,18,,,0,30,,18071,18,,,0,70,,18065,18,,,0,31,,18073,18,,,0,70,,18083,18,,,0,30,,18072,18,,,0,70,,18052,18,,,0,30,,18081,18,,,0,70,,18082,18,,,0,30,,18050,18,,,0,70,,18076,18,,,0,30,,18059,18,,,0,70,,18061,18,,,0,30,,18084,18,,,0,70,,18066,18,,,0,30,,18056,18,,,0,70,,18069,18,,,0,30,,18080,18,,,0,70,,18054,18,,,0,30,,18058,18,,,0,70,,18067,18,,,0,29,,18057,18,,,0,70,,18070,18,,,0,30,,18063,18,,,0,70,,18077,18,,,0,30,,18062,18,,,0,70,,18068,18,,,0,29,,18053,18,,,0
602019,'1800',2233,,18087,18,,,0,70,,18086,18,,,0,29,,18085,18,,,0
