6029,'1796',616,,20196,6,,,0,30,,20197,6,,,0,71,,14730,6,,,0,30,,14731,6,,,0,70,,20198,6,,,0,30,,20199,6,,,0,70,,20200,6,,,0,30,,20201,6,,,0,70,,20202,6,,,0,30,,20203,6,,,0,70,,20204,6,,,0,30,,20205,6,,,0,70,,20206,6,,,0,30,,20207,6,,,0,70,,20208,6,,,0,30,,20209,6,,,0,70,,20210,6,,,0,30,,20211,6,,,0,70,,20212,6,,,0,30,,20213,6,,,0,70,,20214,6,,,0,30,,20215,6,,,0,70,,20216,6,,,0,30,,14751,6,,,0,70,,20217,6,,,0,30,,20218,6,,,0,90,,20194,6,,,0,99,,14727,6,,,0,100,,20193,6,,,0,100,,20195,6,,,0
6029,'1797',611,,20220,6,,,0,30,,14757,6,,,0,65,,20237,6,,,0,30,,14781,6,,,0,70,,20221,6,,,0,30,,20231,6,,,0,70,,20238,6,,,0,30,,20244,6,,,0,71,,20230,6,,,0,30,,20243,6,,,0,70,,20229,6,,,0,30,,20235,6,,,0,70,,20228,6,,,0,30,,20242,6,,,0,70,,20227,6,,,0,30,,20234,6,,,0,70,,20226,6,,,0,30,,20241,6,,,0,70,,20225,6,,,0,30,,20233,6,,,0,70,,20224,6,,,0,30,,20240,6,,,0,70,,20223,6,,,0,30,,20232,6,,,0,70,,20222,6,,,0,30,,20239,6,,,0,69,,20219,6,0,5 2 6 7,0,100,,14780,6,0,5 2 6 7,0,100,,20236,6,0,5 2 6 7,0
6029,'1798',836,,20256,6,0,5 2 6 7,0,100,,20247,6,0,5 2 6 7,0,100,,20255,6,0,5 2 6 7,0,100,,20245,6,0,5 2 6 7,0,101,,20254,6,0,5 2 6 7,0,100,,20250,6,0,5 2 6 7,0,100,,20253,6,0,5 2 6 7,0,100,,20248,6,0,5 2 6 7,0,100,,20252,6,0,5 2 6 7,0,100,,20249,6,0,5 2 6 7,0,99,,20251,6,0,5 2 6 7,0,100,,20246,6,0,5 2 6 7,0
6029,'1799',836,,20268,6,0,5 2 6 7,0,100,,20259,6,0,5 2 6 7,0,100,,20267,6,0,5 2 6 7,0,100,,20257,6,0,5 2 6 7,0,101,,20266,6,0,5 2 6 7,0,100,,20262,6,0,5 2 6 7,0,100,,20265,6,0,5 2 6 7,0,100,,20260,6,0,5 2 6 7,0,100,,20264,6,0,5 2 6 7,0,100,,20261,6,0,5 2 6 7,0,99,,20263,6,0,5 2 6 7,0,100,,20258,6,0,5 2 6 7,0
6029,'1800',836,,20280,6,0,5 2 6 7,0,100,,20271,6,0,5 2 6 7,0,100,,20279,6,0,5 2 6 7,0,100,,20269,6,0,5 2 6 7,0,101,,20278,6,0,5 2 6 7,0,100,,20274,6,0,5 2 6 7,0,100,,20277,6,0,5 2 6 7,0,100,,20272,6,0,5 2 6 7,0,100,,20276,6,0,5 2 6 7,0,100,,20273,6,0,5 2 6 7,0,99,,20275,6,0,5 2 6 7,0,100,,20270,6,0,5 2 6 7,0
10019,'1796',549,,15127,6,,,0,100,,15122,32,,,0,100,,20449,32,,,0,100,,20458,32,,,0,100,,20459,32,,,0,100,,20460,32,,,0,100,,20457,32,,,0,100,,20456,32,,,0,100,,20455,32,,,0,100,,20454,32,,,0,100,,20453,32,,,0,100,,15116,32,,,0,100,,15115,32,,,0,100,,20452,32,,,0,100,,15126,32,,,0,100,,15112,32,,,0,100,,20451,32,,,0,100,,20450,32,,,0
10019,'1797',549,,20461,6,,,0,100,,15144,6,,,0,100,,15135,32,,,0,100,,15128,32,,,0,100,,15136,32,,,0,100,,15129,32,,,0,100,,15137,32,,,0,100,,15130,32,,,0,100,,15138,32,,,0,100,,15131,32,,,0,100,,15139,32,,,0,100,,15132,32,,,0,100,,15140,32,,,0,100,,15133,32,,,0,100,,15141,32,,,0,100,,15134,32,,,0,100,,15142,32,,,0
10019,'1798',850,,15156,6,,,0,99,,15153,32,,,0,100,,15155,32,,,0,100,,15146,32,,,0,100,,15148,32,,,0,100,,15150,32,,,0,100,,15152,32,,,0,100,,15154,32,,,0,100,,15145,32,,,0,100,,15147,32,,,0,100,,15149,32,,,0,100,,15151,32,,,0
10019,'1799',850,,15168,6,,,0,99,,15165,32,,,0,100,,15167,32,,,0,100,,15158,32,,,0,100,,15160,32,,,0,100,,15162,32,,,0,100,,15164,32,,,0,100,,15166,32,,,0,100,,15157,32,,,0,100,,15159,32,,,0,100,,15161,32,,,0,100,,15163,32,,,0
10019,'1800',850,,15180,6,,,0,99,,15177,32,,,0,100,,15179,32,,,0,100,,15170,32,,,0,100,,15172,32,,,0,100,,15174,32,,,0,100,,15176,32,,,0,100,,15178,32,,,0,100,,15169,32,,,0,100,,15171,32,,,0,100,,15173,32,,,0,100,,15175,32,,,0
