6019,'1796',658,,20108,20,,,0,69,,14636,20,,,0,30,,20109,20,,,0,70,,20110,20,,,0,30,,20111,20,,,0,71,,20112,20,,,0,30,,20113,20,,,0,70,,20114,20,,,0,30,,20115,20,,,0,70,,20116,20,,,0,30,,20117,20,,,0,70,,20118,20,,,0,30,,20119,20,,,0,70,,20120,20,,,0,30,,20121,20,,,0,70,,20122,20,,,0,72,,20123,20,,,0,30,,20124,20,,,0,70,,20125,20,,,0,30,,20126,20,,,0,70,,20127,20,,,0,30,,20128,20,,,0,27,,20129,20,,,0,70,,20130,20,,,0,30,,20131,20,,,0,67,,20107,20,,,0,96,,20104,20,,,0,100,,14632,20,,,0,100,,20105,20,,,0,100,,20106,20,,,0
6019,'1797',652,,20134,20,,,0,70,,14662,20,,,0,28,,20152,20,,,0,70,,14675,20,,,0,30,,20136,20,,,0,70,,20145,20,,,0,30,,20153,20,,,0,72,,20151,20,,,0,30,,20144,20,,,0,70,,20156,20,,,0,30,,20143,20,,,0,70,,20150,20,,,0,30,,20142,20,,,0,70,,20155,20,,,0,30,,20141,20,,,0,70,,20149,20,,,0,30,,20140,20,,,0,70,,20154,20,,,0,30,,20139,20,,,0,70,,20148,20,,,0,30,,20138,20,,,0,70,,20132,20,,,0,30,,20137,20,,,0,70,,20147,20,,,0,30,,20135,20,,,0,68,,20146,20,,,0,101,,14687,8,,,0,100,,20133,8,,,0
6019,'1798',851,,20163,8,,,0,100,,20157,8,,,0,100,,20162,8,,,0,100,,20167,8,,,0,101,,20161,8,,,0,100,,20166,8,,,0,100,,20160,8,,,0,100,,20165,8,,,0,100,,20159,8,,,0,100,,20164,8,,,0,99,,20158,8,,,0,100,,20168,8,,,0
6019,'1799',851,,20175,8,,,0,100,,20169,8,,,0,100,,20174,8,,,0,100,,20179,8,,,0,101,,20173,8,,,0,100,,20178,8,,,0,100,,20172,8,,,0,100,,20177,8,,,0,100,,20171,8,,,0,100,,20176,8,,,0,99,,20170,8,,,0,100,,20180,8,,,0
6019,'1800',851,,20187,8,,,0,100,,20181,8,,,0,100,,20186,8,,,0,100,,20191,8,,,0,101,,20185,8,,,0,100,,20190,8,,,0,100,,20184,8,,,0,100,,20189,8,,,0,100,,20183,8,,,0,100,,20188,8,,,0,99,,20182,8,,,0,100,,20192,8,,,0
15029,'1796',618,,20792,21,,,0,20,,15687,21,,,0,71,,15688,61,,,0,31,,15689,61,,,0,74,,20793,61,,,0,30,,20794,61,,,0,73,,20795,61,,,0,30,,20796,61,,,0,65,,20797,61,,,0,30,,20798,61,,,0,70,,15696,61,,,0,30,,20799,61,,,0,70,,20800,61,,,0,30,,20801,61,,,0,70,,20802,61,,,0,30,,15701,61,,,0,70,,15702,61,,,0,32,,20803,61,,,0,73,,20804,61,,,0,35,,15705,61,,,0,72,,20805,61,,,0,29,,20806,61,,,0,66,,20807,61,,,0,23,,15709,61,,,0,69,,20808,61,,,0,29,,20809,61,,,0,67,,20810,61,,,0,30,,15713,61,,,0,70,,20811,61,,,0,30,,20812,61,,,0,70,,20813,61,,,0,99,,20815,61,,,0,97,,20814,61,,,0
15029,'1797',613,,20817,21,,,0,133,,20818,61,,,0,93,,15723,61,,,0,100,,20819,61,,,0,100,,20820,61,,,0,102,,15726,61,,,0,100,,20821,61,,,0,100,,20822,61,,,0,105,,15729,61,,,0,100,,20823,61,,,0,98,,20824,61,,,0,98,,15732,61,,,0,99,,20825,61,,,0,100,,20816,61,,,0,100,,15720,61,,,0
15029,'1798',741,,15747,61,,,0,98,,20829,61,,,0,101,,15744,61,,,0,100,,15745,61,,,0,102,,20830,61,,,0,100,,15742,61,,,0,100,,15739,61,,,0,102,,20828,61,,,0,100,,15741,61,,,0,99,,15738,61,,,0,99,,20827,61,,,0,99,,15736,61,,,0,100,,15737,61,,,0,100,,20826,61,,,0
15029,'1799',741,,15761,61,,,0,98,,20834,61,,,0,101,,15758,61,,,0,100,,15759,61,,,0,102,,20835,61,,,0,100,,15756,61,,,0,100,,15753,61,,,0,102,,20833,61,,,0,100,,15755,61,,,0,99,,15752,61,,,0,99,,20832,61,,,0,99,,15750,61,,,0,100,,15751,61,,,0,100,,20831,61,,,0
15029,'1800',741,,15775,61,,,0,98,,20839,61,,,0,101,,15772,61,,,0,100,,15773,61,,,0,102,,20840,61,,,0,100,,15770,61,,,0,100,,15767,61,,,0,102,,20838,61,,,0,100,,15769,61,,,0,99,,15766,61,,,0,99,,20837,61,,,0,99,,15764,61,,,0,100,,15765,61,,,0,100,,20836,61,,,0
501029,'1796',554,,21820,13,,,0,98,,21821,13,,,0,50,,17154,13,,,0,10,,21822,13,,,0,10,,21823,13,,,0,20,,21824,13,,,0,15,,21825,13,,,0,57,,21826,13,,,0,12,,21827,13,,,0,13,,21828,13,,,0,5,,21885,13,,,0,5,,21829,13,,,0,51,,21830,13,,,0,15,,21831,13,,,0,11,,21832,13,,,0,15,,21833,13,,,0,15,,21834,13,,,0,55,,21835,13,,,0,15,,21836,13,,,0,15,,21837,13,,,0,15,,21838,13,,,0,56,,21839,13,,,0,15,,21840,13,,,0,15,,21841,13,,,0,15,,21842,13,,,0,55,,21843,13,,,0,15,,21844,13,,,0,15,,21845,13,,,0,15,,21846,13,,,0,55,,21847,13,,,0,15,,21848,13,,,0,15,,21849,13,,,0,12,,21886,1,,,0,3,,21850,13,,,0,56,,21851,13,,,0,16,,21852,13,,,0,16,,21853,13,,,0,9,,21887,1,,,0,47,,21818,13,,,0,15,,21819,13,,,0,12,,21854,13,,,0,6,,17152,13,,,0,6,,21855,13,,,0,12,,21856,13,,,0,52,,21857,13,,,0,12,,21858,13,,,0,12,,21859,13,,,0,6,,17155,13,,,0,6,,21860,13,,,0,12,,21861,13,,,0,51,,21862,13,,,0,11,,21863,13,,,0,12,,21864,13,,,0,10,,21865,13,,,0,12,,21866,13,,,0,11,,21867,13,,,0,52,,21868,13,,,0,12,,21869,13,,,0,12,,21870,13,,,0,12,,21871,13,,,0,12,,21872,13,,,0,52,,21873,13,,,0,15,,21874,13,,,0,15,,21875,13,,,0,15,,21876,13,,,0,70,,21877,13,,,0,30,,21878,13,,,0,68,,21879,13,,,0,25,,21880,13,,,0,70,,21881,13,,,0,30,,21882,13,,,0,70,,21883,13,,,0,26,,21884,13,,,0
501029,'1797',558,,21899,1,,,0,70,,21905,1,,,0,22,,21898,13,,,0,75,,21903,13,,,0,15,,21938,13,,,0,15,,21897,13,,,0,70,,21904,13,,,0,30,,21896,13,,,0,70,,21902,13,,,0,31,,21895,13,,,0,55,,21888,13,,,0,15,,21901,13,,,0,15,,21900,13,,,0,15,,21913,13,,,0,55,,21922,13,,,0,15,,21939,13,,,0,15,,21931,13,,,0,15,,21914,13,,,0,55,,21923,13,,,0,15,,21940,13,,,0,15,,21932,13,,,0,15,,21915,13,,,0,55,,21924,13,,,0,15,,21941,13,,,0,15,,21933,13,,,0,15,,21916,13,,,0,55,,21925,13,,,0,15,,21942,13,,,0,15,,21934,13,,,0,15,,21917,13,,,0,55,,21926,13,,,0,15,,21943,13,,,0,16,,21935,13,,,0,15,,21918,13,,,0,55,,21927,13,,,0,15,,21944,13,,,0,15,,21936,13,,,0,15,,21919,13,,,0,55,,21928,13,,,0,14,,21921,13,,,0,15,,21937,13,,,0,15,,21920,13,,,0,55,,21929,13,,,0,15,,21910,13,,,0,15,,21912,13,,,0,15,,21894,13,,,0,54,,21930,13,,,0,15,,21911,13,,,0,15,,21946,13,,,0,15,,21893,13,,,0,69,,21908,13,,,0,25,,21892,13,,,0,70,,21909,13,,,0,30,,21891,13,,,0,70,,21907,13,,,0,30,,21890,13,,,0,70,,21906,13,,,0,25,,21889,13,,,0
501029,'1798',558,,21947,1,,,0,70,,21976,1,,,0,22,,21964,13,,,0,70,,21975,13,,,0,30,,21963,13,,,0,70,,21974,13,,,0,30,,21962,13,,,0,70,,21977,13,,,0,31,,21965,13,,,0,75,,21973,13,,,0,15,,21993,13,,,0,15,,21954,13,,,0,55,,21997,13,,,0,15,,21966,13,,,0,15,,21999,13,,,0,15,,21955,13,,,0,55,,21986,13,,,0,15,,21967,13,,,0,15,,21989,13,,,0,15,,21949,13,,,0,55,,21992,13,,,0,15,,21972,13,,,0,15,,21995,13,,,0,15,,21950,13,,,0,55,,22000,13,,,0,15,,21971,13,,,0,15,,21985,13,,,0,15,,21952,13,,,0,55,,21988,13,,,0,15,,21969,13,,,0,16,,21991,13,,,0,15,,21948,13,,,0,55,,21996,13,,,0,15,,21968,13,,,0,15,,21998,13,,,0,15,,21953,13,,,0,55,,21984,13,,,0,14,,21970,13,,,0,15,,21987,13,,,0,15,,21951,13,,,0,55,,21990,13,,,0,15,,21980,13,,,0,30,,21961,13,,,0,69,,21983,13,,,0,15,,21994,13,,,0,10,,21960,13,,,0,69,,21979,13,,,0,30,,21959,13,,,0,70,,21981,13,,,0,30,,21958,13,,,0,70,,21982,13,,,0,30,,21957,13,,,0,70,,21978,13,,,0,25,,21956,13,,,0
501029,'1799',558,,22001,1,,,0,70,,22030,1,,,0,22,,22018,13,,,0,70,,22029,13,,,0,30,,22017,13,,,0,70,,22028,13,,,0,30,,22016,13,,,0,70,,22031,13,,,0,31,,22019,13,,,0,75,,22027,13,,,0,15,,22047,13,,,0,15,,22008,13,,,0,55,,22051,13,,,0,15,,22020,13,,,0,15,,22053,13,,,0,15,,22009,13,,,0,55,,22040,13,,,0,15,,22021,13,,,0,15,,22043,13,,,0,15,,22003,13,,,0,55,,22046,13,,,0,15,,22026,13,,,0,15,,22049,13,,,0,15,,22004,13,,,0,55,,22054,13,,,0,15,,22025,13,,,0,15,,22039,13,,,0,15,,22006,13,,,0,55,,22042,13,,,0,15,,22023,13,,,0,16,,22045,13,,,0,15,,22002,13,,,0,55,,22050,13,,,0,15,,22022,13,,,0,15,,22052,13,,,0,15,,22007,13,,,0,55,,22038,13,,,0,14,,22024,13,,,0,15,,22041,13,,,0,15,,22005,13,,,0,55,,22044,13,,,0,15,,22034,13,,,0,30,,22015,13,,,0,69,,22037,13,,,0,15,,22048,13,,,0,10,,22014,13,,,0,69,,22033,13,,,0,30,,22013,13,,,0,70,,22035,13,,,0,30,,22012,13,,,0,70,,22036,13,,,0,30,,22011,13,,,0,70,,22032,13,,,0,25,,22010,13,,,0
501029,'1800',558,,22055,1,,,0,70,,22084,1,,,0,22,,22072,13,,,0,70,,22083,13,,,0,30,,22071,13,,,0,70,,22082,13,,,0,30,,22070,13,,,0,70,,22085,13,,,0,31,,22073,13,,,0,75,,22081,13,,,0,15,,22101,13,,,0,15,,22062,13,,,0,55,,22105,13,,,0,15,,22074,13,,,0,15,,22107,13,,,0,15,,22063,13,,,0,55,,22094,13,,,0,15,,22075,13,,,0,15,,22097,13,,,0,15,,22057,13,,,0,55,,22100,13,,,0,15,,22080,13,,,0,15,,22103,13,,,0,15,,22058,13,,,0,55,,22108,13,,,0,15,,22079,13,,,0,15,,22093,13,,,0,15,,22060,13,,,0,55,,22096,13,,,0,15,,22077,13,,,0,16,,22099,13,,,0,15,,22056,13,,,0,55,,22104,13,,,0,15,,22076,13,,,0,15,,22106,13,,,0,15,,22061,13,,,0,55,,22092,13,,,0,14,,22078,13,,,0,15,,22095,13,,,0,15,,22059,13,,,0,55,,22098,13,,,0,15,,22088,13,,,0,30,,22069,13,,,0,69,,22091,13,,,0,15,,22102,13,,,0,10,,22068,13,,,0,69,,22087,13,,,0,30,,22067,13,,,0,70,,22089,13,,,0,30,,22066,13,,,0,70,,22090,13,,,0,30,,22065,13,,,0,70,,22086,13,,,0,25,,22064,13,,,0
