1029,'1796',556,,19689,11,,,0,71,,13901,11,,,0,26,,19709,11,,,0,69,,19686,11,,,0,30,,19681,11,,,0,70,,19713,11,,,0,30,,19684,11,,,0,71,,19690,11,,,0,30,,19708,11,,,0,70,,19688,11,,,0,30,,19680,11,,,0,70,,19712,11,,,0,30,,19685,11,,,0,70,,19691,11,,,0,30,,19707,11,,,0,70,,19687,11,,,0,30,,19682,11,,,0,70,,19710,11,,,0,32,,19683,11,,,0,70,,19692,11,,,0,30,,19706,11,,,0,69,,19695,11,,,0,30,,19694,11,,,0,70,,19693,11,,,0,33,,19699,11,,,0,70,,19698,11,,,0,30,,19697,11,,,0,70,,19696,11,,,0,30,,19711,11,,,0,70,,19705,11,,,0,30,,19704,11,,,0,70,,19703,11,,,0,30,,19702,11,,,0,70,,19701,11,,,0,25,,19700,11,,,0
1029,'1797',559,,19719,11,,,0,68,,19731,11,,,0,30,,19738,11,,,0,70,,19726,11,,,0,30,,19747,11,,,0,70,,19735,11,,,0,30,,19718,11,,,0,70,,19730,11,,,0,30,,19741,11,,,0,70,,19725,11,,,0,30,,19748,11,,,0,70,,19734,11,,,0,30,,19717,11,,,0,70,,19729,11,,,0,30,,19740,11,,,0,70,,19724,11,,,0,30,,19720,11,,,0,70,,19733,11,,,0,30,,19716,11,,,0,70,,19728,11,,,0,30,,19736,11,,,0,70,,19723,11,,,0,30,,19745,11,,,0,70,,19732,11,,,0,30,,19715,11,,,0,70,,19727,11,,,0,30,,19739,11,,,0,70,,19721,11,,,0,30,,19743,11,,,0,70,,19742,11,,,0,30,,19714,11,,,0,70,,19722,11,,,0,29,,19737,11,,,0,70,,19746,11,,,0,30,,19744,11,,,0
1029,'1798',559,,19749,11,,,0,98,,19750,11,,,0,100,,19751,11,,,0,100,,19752,11,,,0,100,,19753,11,,,0,100,,19754,11,,,0,100,,19755,11,,,0,100,,19756,11,,,0,100,,19757,11,,,0,100,,19758,11,,,0,100,,19759,11,,,0,100,,19760,11,,,0,100,,19761,11,,,0,100,,19762,11,,,0,100,,19763,11,,,0,100,,19764,11,,,0,99,,19765,11,,,0,100,,19766,11,,,0
1029,'1799',559,,19767,11,,,0,98,,19768,11,,,0,100,,19769,11,,,0,100,,19770,11,,,0,100,,19771,11,,,0,100,,19772,11,,,0,100,,19773,11,,,0,100,,19774,11,,,0,100,,19775,11,,,0,100,,19776,11,,,0,100,,19777,11,,,0,100,,19778,11,,,0,100,,19779,11,,,0,100,,19780,11,,,0,100,,19781,11,,,0,100,,19782,11,,,0,99,,19783,11,,,0,100,,19784,11,,,0
1029,'1800',559,,19785,11,,,0,98,,19786,11,,,0,100,,19787,11,,,0,100,,19788,11,,,0,100,,19789,11,,,0,100,,19790,11,,,0,100,,19791,11,,,0,100,,19792,11,,,0,100,,19793,11,,,0,100,,19794,11,,,0,100,,19795,11,,,0,100,,19796,11,,,0,100,,19797,11,,,0,100,,19798,11,,,0,100,,19799,11,,,0,100,,19800,11,,,0,99,,19801,11,,,0,100,,19802,11,,,0
7019,'1796',535,,14820,13,,,0,103,,14821,13,,,0,70,,20282,13,,,0,32,,14830,13,,,0,71,,14823,13,,,0,31,,14831,13,,,0,68,,20283,13,,,0,30,,20288,13,,,0,70,,20284,13,,,0,30,,20289,13,,,0,70,,20285,13,,,0,30,,20290,13,,,0,70,,14827,13,,,0,30,,20291,13,,,0,70,,20286,13,,,0,30,,20292,13,,,0,71,,20287,13,,,0,32,,14849,13,,,0,73,,14850,13,,,0,27,,20298,13,,,0,70,,20299,13,,,0,30,,20293,13,,,0,68,,14839,13,,,0,30,,20294,13,,,0,70,,14841,13,,,0,28,,14842,13,,,0,70,,20295,13,,,0,29,,20296,13,,,0,70,,20297,13,,,0,30,,14846,13,,,0,100,,14847,13,,,0,99,,14848,13,,,0,100,,14840,13,,,0
7019,'1797',638,,14869,13,,,0,69,,20304,13,,,0,30,,20310,13,,,0,70,,20305,13,,,0,31,,20311,13,,,0,70,,20306,13,,,0,30,,14872,13,,,0,70,,20307,13,,,0,30,,20312,13,,,0,70,,20308,13,,,0,30,,20313,13,,,0,70,,14867,13,,,0,30,,14875,13,,,0,70,,20309,13,,,0,30,,20314,13,,,0,70,,14881,13,,,0,31,,20315,13,,,0,70,,14883,13,,,0,30,,14878,13,,,0,70,,20318,13,,,0,29,,20316,13,,,0,70,,20319,13,,,0,30,,20317,13,,,0,70,,20322,13,,,0,29,,14857,13,,,0,70,,20320,13,,,0,30,,20302,13,,,0,70,,20321,13,,,0,30,,20303,13,,,0,100,,14860,13,,,0,100,,14861,13,,,0
7019,'1798',737,,14896,13,,,0,101,,14897,13,,,0,100,,20330,13,,,0,100,,14898,13,,,0,100,,14899,13,,,0,100,,20327,13,,,0,100,,14901,13,,,0,101,,14902,13,,,0,100,,20328,13,,,0,99,,14904,13,,,0,100,,14892,13,,,0,99,,20325,13,,,0,100,,14891,13,,,0,100,,14895,13,,,0,100,,20326,13,,,0
7019,'1799',737,,14931,13,,,0,101,,14932,13,,,0,100,,20352,13,,,0,100,,14933,13,,,0,100,,14934,13,,,0,100,,20349,13,,,0,100,,14936,13,,,0,101,,14937,13,,,0,100,,20350,13,,,0,99,,14939,13,,,0,100,,14927,13,,,0,99,,20347,13,,,0,100,,14926,13,,,0,100,,14930,13,,,0,100,,20348,13,,,0
7019,'1800',737,,14966,13,,,0,101,,14967,13,,,0,100,,20374,13,,,0,100,,14968,13,,,0,100,,14969,13,,,0,100,,20371,13,,,0,100,,14971,13,,,0,101,,14972,13,,,0,100,,20372,13,,,0,99,,14974,13,,,0,100,,14962,13,,,0,99,,20369,13,,,0,100,,14961,13,,,0,100,,14965,13,,,0,100,,20370,13,,,0
