16019,'1796',630,,20843,20,,,0,70,41,20844,20,,,0,30,,20845,20,,,0,70,41,15782,20,,,0,30,,15783,20,,,0,70,41,20846,20,,,0,30,,20847,20,,,0,70,41,20848,20,,,0,30,,20849,20,,,0,70,41,20850,20,,,0,30,,20851,20,,,0,70,41,20852,20,,,0,30,,20853,20,,,0,70,41,20854,20,,,0,30,,20855,20,,,0,70,41,20856,20,,,0,30,,20857,20,,,0,70,41,20858,20,,,0,30,,20859,20,,,0,70,41,20860,20,,,0,30,,20861,20,,,0,70,41,20862,20,,,0,30,,20863,20,,,0,70,41,20864,20,,,0,30,,15803,20,,,0,70,41,20865,20,,,0,30,,20866,20,,,0,70,41,20867,20,,,0,30,,15807,20,,,0,70,41,20868,20,,,0,30,,20841,20,,,0,70,41,15777,20,,,0,30,,20842,20,,,0
16019,'1797',628,,15832,20,,,0,30,,15828,20,,,0,70,,15836,20,,,0,30,,15820,20,,,0,71,,15834,20,,,0,30,,15815,20,,,0,70,,15813,20,,,0,30,,15810,20,,,0,70,,15821,20,,,0,30,,15831,20,,,0,70,,15825,20,,,0,30,,15833,20,,,0,70,,15817,20,,,0,30,,15835,20,,,0,70,,15812,20,,,0,30,,15823,20,,,0,71,,15822,20,,,0,70,41,15826,20,,,0,30,,15827,20,,,0,70,41,15811,20,,,0,30,,15819,20,,,0,70,41,15829,20,,,0,29,,15814,20,,,0,30,,15818,20,,,0,70,,15824,20,,,0,30,,15838,20,,,0,70,,15830,20,,,0,29,,15837,20,,,0,70,,15816,20,,,0,30,,15840,20,,,0,100,,15839,20,,,0,70,,15809,20,,,0
16019,'1798',758,,20869,20,,,0,101,,20872,20,,,0,100,,20880,20,,,0,100,,20879,20,,,0,100,,20870,20,,,0,100,,20873,20,,,0,100,,20874,20,,,0,141,41,20877,20,,,0,100,41,20876,20,,,0,100,41,20871,20,,,0,59,,20878,20,,,0,100,,15852,20,,,0,99,,20875,20,,,0,100,,15846,20,,,0,100,,20881,20,,,0
16019,'1799',758,,20882,20,,,0,101,,20885,20,,,0,100,,20893,20,,,0,100,,20892,20,,,0,100,,20883,20,,,0,100,,20886,20,,,0,100,,20887,20,,,0,141,41,20890,20,,,0,100,41,20889,20,,,0,100,41,20884,20,,,0,59,,20891,20,,,0,100,,15867,20,,,0,99,,20888,20,,,0,100,,15861,20,,,0,100,,20894,20,,,0
16019,'1800',758,,20895,20,,,0,101,,20898,20,,,0,100,,20906,20,,,0,100,,20905,20,,,0,100,,20896,20,,,0,100,,20899,20,,,0,100,,20900,20,,,0,141,41,20903,20,,,0,100,41,20902,20,,,0,100,41,20897,20,,,0,59,,20904,20,,,0,100,,15882,20,,,0,99,,20901,20,,,0,100,,15876,20,,,0,100,,20907,20,,,0
32019,'1796',429,,21539,1,,,0,88,,16677,1,,,0,30,,21541,1,,,0,70,,21538,1,,,0,30,2,21513,31,,,0,68,4,21529,31,,,0,30,,21508,31,,,0,70,,21524,31,,,0,30,,21534,31,,,0,70,2,21518,31,,,0,30,3,21516,31,,,0,70,3,21528,31,,,0,30,3,21506,31,,,0,70,3,21522,31,,,0,30,3,21533,31,,,0,70,3,21520,31,,,0,30,3,21515,31,,,0,70,3,21527,31,,,0,30,3,21509,31,,,0,70,3,21521,31,,,0,30,,21532,31,,,0,70,,21519,31,,,0,31,,21512,31,,,0,72,3,21526,31,,,0,28,,21505,31,,,0,70,,21523,31,,,0,29,,21531,31,,,0,70,2,21517,31,,,0,30,3,21514,31,,,0,70,3,21525,31,,,0,30,5,21510,31,,,0,70,,21535,1,,,0,30,5,21530,31,,,0,70,,21537,1,,,0,30,6,21511,31,,,0,70,,21536,1,,,0,30,6,21507,31,,,0,89,,21540,31,4,,0
32019,'1797',519,,21577,1,,,0,30,,21578,1,,,0,70,,21560,1,,,0,26,2,21553,31,,,0,70,7,21570,31,,,0,30,7,21547,31,,,0,70,7,21564,31,,,0,30,7,21571,31,,,0,70,7,21559,31,,,0,29,6,21552,31,,,0,70,5,21569,31,,,0,31,5,21546,31,,,0,70,5,21563,31,,,0,30,4,21574,31,,,0,70,4,21558,31,,,0,30,4,21551,31,,,0,70,4,21568,31,,,0,30,4,21545,31,,,0,70,4,21562,31,,,0,30,4,21573,31,,,0,70,4,21557,31,,,0,30,4,21550,31,,,0,70,4,21567,31,,,0,30,4,21544,31,,,0,70,4,21561,31,,,0,30,4,21575,31,,,0,70,5,21556,31,,,0,30,5,21549,31,,,0,70,5,21565,31,,,0,30,5,21543,31,,,0,70,,21555,1,,,0,30,5,21572,31,,,0,70,,21566,1,,,0,30,6,21548,31,,,0,70,,21554,1,,,0,30,6,21542,31,,,0,94,,21576,31,4,,0
32019,'1798',549,,21596,1,,,0,96,2,21579,31,,,0,100,7,21580,31,,,0,100,7,21581,31,,,0,99,6,21582,31,,,0,101,5,21583,31,,,0,100,4,21584,31,,,0,100,4,21585,31,,,0,100,4,21586,31,,,0,100,4,21587,31,,,0,100,4,21588,31,,,0,100,4,21589,31,,,0,100,4,21590,31,,,0,100,5,21591,31,,,0,100,5,21592,31,,,0,100,5,21593,31,,,0,100,6,21594,31,,,0,100,6,21595,31,,,0,89,,21597,31,4,,0
32019,'1799',549,,21615,1,,,0,96,2,21598,31,,,0,100,7,21599,31,,,0,100,7,21600,31,,,0,99,6,21601,31,,,0,101,5,21602,31,,,0,100,4,21603,31,,,0,100,4,21604,31,,,0,100,4,21605,31,,,0,100,4,21606,31,,,0,100,4,21607,31,,,0,100,4,21608,31,,,0,100,4,21609,31,,,0,100,5,21610,31,,,0,100,5,21611,31,,,0,100,5,21612,31,,,0,100,6,21613,31,,,0,100,6,21614,31,,,0,89,,21616,31,4,,0
32019,'1800',549,,21634,1,,,0,96,2,21617,31,,,0,100,7,21618,31,,,0,100,7,21619,31,,,0,99,6,21620,31,,,0,101,5,21621,31,,,0,100,4,21622,31,,,0,100,4,21623,31,,,0,100,4,21624,31,,,0,100,4,21625,31,,,0,100,4,21626,31,,,0,100,4,21627,31,,,0,100,4,21628,31,,,0,100,5,21629,31,,,0,100,5,21630,31,,,0,100,5,21631,31,,,0,100,6,21632,31,,,0,100,6,21633,31,,,0,89,,21635,31,4,,0
