2019,'1796',503,,19803,26,0,5 2 13 14,0,136,,14015,35,,,0,70,,14016,35,,,0,30,,14017,35,,,0,70,,14018,35,,,0,31,,14019,35,,,0,69,,14020,35,,,0,30,,14021,35,,,0,70,,14022,35,,,0,30,,14023,35,,,0,70,,14024,35,,,0,30,,14025,35,,,0,70,,14026,35,,,0,30,,14027,35,,,0,70,,14028,35,,,0,30,,14029,35,,,0,70,,14030,35,,,0,31,,14031,35,,,0,70,,14032,35,,,0,30,,14033,35,,,0,71,,14034,35,,,0,30,,14035,35,,,0,68,,14036,35,,,0,30,,14037,35,,,0,70,,14038,35,,,0,30,,14039,35,,,0,70,,14045,35,,,0,30,,14040,35,,,0,100,,14041,35,,,0,100,,14042,35,,,0,100,,14043,35,,,0,101,,14044,35,,,0
2019,'1797',638,,14047,26,,,0,70,,14054,35,,,0,30,,14063,35,,,0,71,,14070,35,,,0,30,,14048,35,,,0,70,,14055,35,,,0,30,,14064,35,,,0,70,,14071,35,,,0,30,,14049,35,,,0,70,,14056,35,,,0,30,,14065,35,,,0,70,,14072,35,,,0,30,,14050,35,,,0,70,,14057,35,,,0,30,,14066,35,,,0,70,,14073,35,,,0,30,,14051,35,,,0,70,,14058,35,,,0,30,,14067,35,,,0,70,,14074,35,,,0,30,,14052,35,,,0,70,,14059,35,,,0,30,,14068,35,,,0,70,,14075,35,,,0,30,,14053,35,,,0,70,,14060,35,,,0,30,,14069,35,,,0,99,,14061,35,,,0,100,,14076,35,,,0,100,,14062,35,,,0,99,,14077,35,,,0
2019,'1798',708,,14105,35,,,0,30,,14082,35,,,0,70,,14086,35,,,0,30,,14098,35,,,0,71,,14093,35,,,0,30,,14083,35,,,0,70,,14087,35,,,0,30,,14099,35,,,0,70,,14094,35,,,0,30,,14084,35,,,0,70,,14088,35,,,0,30,,14100,35,,,0,70,,14095,35,,,0,30,,14085,35,,,0,70,,14089,35,,,0,30,,14101,35,,,0,70,,14096,35,,,0,30,,14080,35,,,0,70,,14090,35,,,0,30,,14102,35,,,0,70,,14097,35,,,0,30,,14078,35,,,0,70,,14091,35,,,0,30,,14103,35,,,0,100,,14079,35,,,0,99,,14104,35,,,0,100,,14081,35,,,0,100,,14092,35,,,0,99,,14106,35,,,0
2019,'1799',708,,14134,35,,,0,30,,14111,35,,,0,70,,14115,35,,,0,30,,14127,35,,,0,71,,14122,35,,,0,30,,14112,35,,,0,70,,14116,35,,,0,30,,14128,35,,,0,70,,14123,35,,,0,30,,14113,35,,,0,70,,14117,35,,,0,30,,14129,35,,,0,70,,14124,35,,,0,30,,14114,35,,,0,70,,14118,35,,,0,30,,14130,35,,,0,70,,14125,35,,,0,30,,14109,35,,,0,70,,14119,35,,,0,30,,14131,35,,,0,70,,14126,35,,,0,30,,14107,35,,,0,70,,14120,35,,,0,30,,14132,35,,,0,100,,14108,35,,,0,99,,14133,35,,,0,100,,14110,35,,,0,100,,14121,35,,,0,99,,14135,35,,,0
2019,'1800',708,,14163,35,,,0,30,,14140,35,,,0,70,,14144,35,,,0,30,,14156,35,,,0,71,,14151,35,,,0,30,,14141,35,,,0,70,,14145,35,,,0,30,,14157,35,,,0,70,,14152,35,,,0,30,,14142,35,,,0,70,,14146,35,,,0,30,,14158,35,,,0,70,,14153,35,,,0,30,,14143,35,,,0,70,,14147,35,,,0,30,,14159,35,,,0,70,,14154,35,,,0,30,,14138,35,,,0,70,,14148,35,,,0,30,,14160,35,,,0,70,,14155,35,,,0,30,,14136,35,,,0,70,,14149,35,,,0,30,,14161,35,,,0,100,,14137,35,,,0,99,,14162,35,,,0,100,,14139,35,,,0,100,,14150,35,,,0,99,,14164,35,,,0
702019,'1796',636,,22900,5,,,0,65,,18594,5,,,0,24,,18628,5,,,0,22,,18595,5,,,0,55,,22901,5,,,0,23,,18597,5,,,0,17,,18629,5,,,0,12,,18627,5,,,0,68,,18598,5,,,0,30,,18599,5,,,0,70,,18600,5,,,0,30,,18633,5,,,0,70,,18601,5,,,0,30,,22902,5,,,0,70,,18603,5,,,0,30,,22903,5,,,0,70,,22904,5,,,0,30,,22905,5,,,0,70,,18607,5,,,0,32,,22906,5,,,0,65,,18630,5,,,0,20,,18609,5,,,0,20,,22907,5,,,0,60,,22908,5,,,0,20,,22909,5,,,0,19,,22916,5,,,0,60,,22910,5,,,0,20,,22911,5,,,0,19,,22912,5,,,0,65,,18616,5,,,0,30,,18617,5,,,0,70,,22913,5,,,0,30,,18619,5,,,0,70,,18620,5,,,0,30,,22914,5,,,0,70,,18622,5,,,0,30,,18623,5,,,0,69,,18624,5,,,0,30,,22915,5,,,0,65,,18626,5,,,0,25,,18632,5,,,0
702019,'1797',651,,18661,5,,,0,71,,18663,5,,,0,30,,22944,5,,,0,70,,18660,5,,,0,30,,18662,5,,,0,70,,22942,5,,,0,30,,18667,5,,,0,70,,22943,5,,,0,30,,22923,5,,,0,70,,18647,5,,,0,30,,22936,5,,,0,70,,22917,5,,,0,30,,22924,5,,,0,70,,22930,5,,,0,30,,22937,5,,,0,70,,22918,5,,,0,30,,22925,5,,,0,70,,22931,5,,,0,30,,22938,5,,,0,70,,22919,5,,,0,30,,22926,5,,,0,70,,22932,5,,,0,30,,22939,5,,,0,70,,22920,5,,,0,30,,22927,5,,,0,70,,22933,5,,,0,30,,22940,5,,,0,70,,22921,5,,,0,30,,22928,5,,,0,69,,22934,5,,,0,30,,22941,5,,,0,70,,22922,5,,,0,30,,22929,5,,,0,65,,22935,5,,,0,25,,22945,5,,,0
702019,'1798',651,,22966,5,,,0,71,,22956,5,,,0,30,,22976,5,,,0,70,,22962,5,,,0,30,,22955,5,,,0,70,,22975,5,,,0,30,,22965,5,,,0,70,,22954,5,,,0,30,,18695,5,,,0,70,,22961,5,,,0,30,,22953,5,,,0,70,,22967,5,,,0,30,,18680,5,,,0,70,,22952,5,,,0,30,,22974,5,,,0,70,,22960,5,,,0,30,,22951,5,,,0,70,,22971,5,,,0,30,,22964,5,,,0,70,,22950,5,,,0,30,,22970,5,,,0,70,,22959,5,,,0,30,,22949,5,,,0,70,,22969,5,,,0,30,,22958,5,,,0,70,,22948,5,,,0,30,,22973,5,,,0,70,,22957,5,,,0,30,,22947,5,,,0,69,,22972,5,,,0,30,,22963,5,,,0,70,,22946,5,,,0,30,,22968,5,,,0,65,,22977,5,,,0,25,,22978,5,,,0
702019,'1799',651,,22999,5,,,0,71,,22989,5,,,0,30,,23009,5,,,0,70,,22995,5,,,0,30,,22988,5,,,0,70,,23008,5,,,0,30,,22998,5,,,0,70,,22987,5,,,0,30,,18730,5,,,0,70,,22994,5,,,0,30,,22986,5,,,0,70,,23000,5,,,0,30,,18715,5,,,0,70,,22985,5,,,0,30,,23007,5,,,0,70,,22993,5,,,0,30,,22984,5,,,0,70,,23004,5,,,0,30,,22997,5,,,0,70,,22983,5,,,0,30,,23003,5,,,0,70,,22992,5,,,0,30,,22982,5,,,0,70,,23002,5,,,0,30,,22991,5,,,0,70,,22981,5,,,0,30,,23006,5,,,0,70,,22990,5,,,0,30,,22980,5,,,0,69,,23005,5,,,0,30,,22996,5,,,0,70,,22979,5,,,0,30,,23001,5,,,0,65,,23010,5,,,0,25,,23011,5,,,0
702019,'1800',651,,23032,5,,,0,71,,23022,5,,,0,30,,23042,5,,,0,70,,23028,5,,,0,30,,23021,5,,,0,70,,23041,5,,,0,30,,23031,5,,,0,70,,23020,5,,,0,30,,18765,5,,,0,70,,23027,5,,,0,30,,23019,5,,,0,70,,23033,5,,,0,30,,18750,5,,,0,70,,23018,5,,,0,30,,23040,5,,,0,70,,23026,5,,,0,30,,23017,5,,,0,70,,23037,5,,,0,30,,23030,5,,,0,70,,23016,5,,,0,30,,23036,5,,,0,70,,23025,5,,,0,30,,23015,5,,,0,70,,23035,5,,,0,30,,23024,5,,,0,70,,23014,5,,,0,30,,23039,5,,,0,70,,23023,5,,,0,30,,23013,5,,,0,69,,23038,5,,,0,30,,23029,5,,,0,70,,23012,5,,,0,30,,23034,5,,,0,65,,23043,5,,,0,25,,23044,5,,,0
14000001019,'1796',2431,,23379,42,,,0,70,,23377,42,,,0,30,,19496,42,,,0,70,,23378,42,,,0,30,,23376,42,,,0
14000001019,'1797',2431,,23383,42,,,0,70,,23380,42,,,0,30,,19502,42,,,0,70,,23382,42,,,0,30,,23381,42,,,0
14000001019,'1798',2431,,23386,42,,,0,70,,23385,42,,,0,30,,19504,42,,,0,70,,23387,42,,,0,30,,23384,42,,,0
14000001019,'1799',2431,,23390,42,,,0,70,,23389,42,,,0,30,,19509,42,,,0,70,,23391,42,,,0,30,,23388,42,,,0
14000001019,'1800',2431,,23394,42,,,0,70,,23393,42,,,0,30,,19514,42,,,0,70,,23395,42,,,0,30,,23392,42,,,0
