1029,'1796',620,,19689,41,,,0,30,,13901,41,,,0,70,,19709,41,,,0,30,,19686,41,,,0,71,,19681,41,,,0,30,,19713,41,,,0,69,,19684,41,,,0,30,,19690,41,,,0,71,,19708,41,,,0,30,,19688,41,,,0,70,,19680,41,,,0,30,,19712,41,,,0,70,,19685,41,,,0,30,,19691,41,,,0,70,,19707,41,,,0,30,,19687,41,,,0,70,,19682,41,,,0,30,,19710,41,,,0,70,,19683,41,,,0,30,,19692,41,,,0,70,,19706,41,,,0,30,,19695,41,,,0,70,,19694,41,,,0,29,,19693,41,,,0,70,,19699,41,,,0,30,,19698,41,,,0,70,,19697,41,,,0,30,,19696,41,,,0,70,,19711,41,,,0,30,,19705,41,,,0,70,,19704,41,,,0,30,,19703,41,,,0,70,,19702,41,,,0,30,,19701,41,,,0,65,,19700,41,,,0
1029,'1797',620,,19719,41,,,0,30,,19731,41,,,0,70,,19738,41,,,0,30,,19726,41,,,0,70,,19747,41,,,0,30,,19735,41,,,0,69,,19718,41,,,0,31,,19730,41,,,0,70,,19741,41,,,0,30,,19725,41,,,0,70,,19748,41,,,0,30,,19734,41,,,0,70,,19717,41,,,0,30,,19729,41,,,0,70,,19740,41,,,0,30,,19724,41,,,0,70,,19720,41,,,0,30,,19733,41,,,0,70,,19716,41,,,0,30,,19728,41,,,0,70,,19736,41,,,0,30,,19723,41,,,0,70,,19745,41,,,0,30,,19732,41,,,0,70,,19715,41,,,0,30,,19727,41,,,0,70,,19739,41,,,0,30,,19721,41,,,0,70,,19743,41,,,0,30,,19742,41,,,0,70,,19714,41,,,0,30,,19722,41,,,0,70,,19737,41,,,0,30,,19746,41,,,0,65,,19744,41,,,0
1029,'1798',620,,19749,41,,,0,100,,19750,41,,,0,100,,19751,41,,,0,100,,19752,41,,,0,100,,19753,41,,,0,100,,19754,41,,,0,100,,19755,41,,,0,100,,19756,41,,,0,100,,19757,41,,,0,100,,19758,41,,,0,100,,19759,41,,,0,100,,19760,41,,,0,100,,19761,41,,,0,100,,19762,41,,,0,100,,19763,41,,,0,100,,19764,41,,,0,100,,19765,41,,,0,95,,19766,41,,,0
1029,'1799',620,,19767,41,,,0,100,,19768,41,,,0,100,,19769,41,,,0,100,,19770,41,,,0,100,,19771,41,,,0,100,,19772,41,,,0,100,,19773,41,,,0,100,,19774,41,,,0,100,,19775,41,,,0,100,,19776,41,,,0,100,,19777,41,,,0,100,,19778,41,,,0,100,,19779,41,,,0,100,,19780,41,,,0,100,,19781,41,,,0,100,,19782,41,,,0,100,,19783,41,,,0,95,,19784,41,,,0
1029,'1800',620,,19785,41,,,0,100,,19786,41,,,0,100,,19787,41,,,0,100,,19788,41,,,0,100,,19789,41,,,0,100,,19790,41,,,0,100,,19791,41,,,0,100,,19792,41,,,0,100,,19793,41,,,0,100,,19794,41,,,0,100,,19795,41,,,0,100,,19796,41,,,0,100,,19797,41,,,0,100,,19798,41,,,0,100,,19799,41,,,0,100,,19800,41,,,0,100,,19801,41,,,0,95,,19802,41,,,0
2029,'1796',538,,14191,23,,,0,67,,14165,38,,,0,30,,14166,38,,,0,70,,14167,38,,,0,30,,14168,38,,,0,70,,14169,38,,,0,30,,14170,38,,,0,70,,14171,38,,,0,30,,14172,38,,,0,70,,14173,38,,,0,30,,14174,38,,,0,70,,14175,38,,,0,30,,14176,38,,,0,70,,14177,38,,,0,30,,14178,38,,,0,70,,14179,38,,,0,30,,14180,38,,,0,70,,14181,38,,,0,30,,14182,38,,,0,70,,14183,38,,,0,30,,14184,38,,,0,70,,14185,38,,,0,30,,14186,38,,,0,70,,14187,38,,,0,31,,14188,38,,,0,69,,14189,38,,,0,30,,14190,38,,,0,70,,14194,38,,,0,30,,14195,38,,,0,100,,14196,38,,,0,100,,14197,38,,,0,100,,14193,38,,,0
2029,'1797',605,,14231,38,0,5 2 15 16 17,0,30,,14214,38,,,0,70,,14221,38,,,0,30,,14200,38,,,0,70,,14206,38,,,0,30,,14215,38,,,0,70,,14222,38,,,0,30,,14201,38,,,0,70,,14207,38,,,0,30,,14216,38,,,0,70,,14223,38,,,0,30,,14202,38,,,0,70,,14208,38,,,0,30,,14217,38,,,0,70,,14224,38,,,0,30,,14203,38,,,0,70,,14209,38,,,0,30,,14218,38,,,0,70,,14225,38,,,0,30,,14204,38,,,0,70,,14210,38,,,0,30,,14219,38,,,0,70,,14226,38,,,0,30,,14205,38,,,0,70,,14211,38,,,0,30,,14220,38,,,0,70,,14227,38,,,0,30,,14212,38,,,0,100,,14228,38,,,0,100,,14213,38,,,0,100,,14229,38,,,0
2029,'1798',635,,14235,38,,,0,70,,14243,38,,,0,30,,14254,38,,,0,70,,14249,38,,,0,30,,14236,38,,,0,70,,14244,38,,,0,30,,14255,38,,,0,70,,14250,38,,,0,30,,14237,38,,,0,70,,14245,38,,,0,30,,14256,38,,,0,70,,14251,38,,,0,30,,14238,38,,,0,70,,14246,38,,,0,30,,14257,38,,,0,70,,14252,38,,,0,30,,14239,38,,,0,70,,14247,38,,,0,30,,14258,38,,,0,70,,14253,38,,,0,30,,14240,38,,,0,70,,14248,38,,,0,30,,14259,38,,,0,100,,14241,38,,,0,100,,14260,38,,,0,100,,14242,38,,,0,100,,14261,38,,,0,100,,14234,38,,,0
2029,'1799',635,,14267,38,,,0,70,,14275,38,,,0,30,,14286,38,,,0,70,,14281,38,,,0,30,,14268,38,,,0,70,,14276,38,,,0,30,,14287,38,,,0,70,,14282,38,,,0,30,,14269,38,,,0,70,,14277,38,,,0,30,,14288,38,,,0,70,,14283,38,,,0,30,,14270,38,,,0,70,,14278,38,,,0,30,,14289,38,,,0,70,,14284,38,,,0,30,,14271,38,,,0,70,,14279,38,,,0,30,,14290,38,,,0,70,,14285,38,,,0,30,,14272,38,,,0,70,,14280,38,,,0,30,,14291,38,,,0,100,,14273,38,,,0,100,,14292,38,,,0,100,,14274,38,,,0,100,,14293,38,,,0,100,,14266,38,,,0
2029,'1800',635,,14299,38,,,0,70,,14307,38,,,0,30,,14318,38,,,0,70,,14313,38,,,0,30,,14300,38,,,0,70,,14308,38,,,0,30,,14319,38,,,0,70,,14314,38,,,0,30,,14301,38,,,0,70,,14309,38,,,0,30,,14320,38,,,0,70,,14315,38,,,0,30,,14302,38,,,0,70,,14310,38,,,0,30,,14321,38,,,0,70,,14316,38,,,0,30,,14303,38,,,0,70,,14311,38,,,0,30,,14322,38,,,0,70,,14317,38,,,0,30,,14304,38,,,0,70,,14312,38,,,0,30,,14323,38,,,0,100,,14305,38,,,0,100,,14324,38,,,0,100,,14306,38,,,0,100,,14325,38,,,0,100,,14298,38,,,0
14000001029,'1796',443,,19519,22,0,18 7,0,102,,23396,22,0,18 7,0,1812,,23398,22,,,0,70,,19523,22,,,0,30,,23400,22,,,0,70,,23397,22,,,0,30,,19524,22,,,0,70,,23399,22,,,0
14000001029,'1797',544,,19531,22,0,18 7,0,1813,,23404,22,,,0,70,,19528,22,,,0,30,,23401,22,,,0,70,,23402,22,,,0,30,,19532,22,,,0,70,,23403,22,,,0
14000001029,'1798',544,,23409,22,0,18 7,0,1813,,23405,22,,,0,70,,19538,22,,,0,30,,23408,22,,,0,70,,23407,22,,,0,30,,19537,22,,,0,70,,23406,22,,,0
14000001029,'1799',544,,23414,22,0,18 7,0,1813,,23410,22,,,0,70,,19545,22,,,0,30,,23413,22,,,0,70,,23412,22,,,0,30,,19544,22,,,0,70,,23411,22,,,0
14000001029,'1800',544,,23419,22,0,18 7,0,1813,,23415,22,,,0,70,,19552,22,,,0,30,,23418,22,,,0,70,,23417,22,,,0,30,,19551,22,,,0,70,,23416,22,,,0
