16029,'1796',557,,20908,9,,,0,70,,20909,9,,,0,73,,20910,9,,,0,36,,20911,9,,,0,70,,20912,9,,,0,33,,20913,9,,,0,70,,20914,9,,,0,29,,20915,9,,,0,67,,20916,9,,,0,30,,20917,9,,,0,70,,20918,9,,,0,30,,20919,9,,,0,70,,20920,9,,,0,30,,20921,9,,,0,70,,20922,9,,,0,30,,20923,9,,,0,71,,20924,9,,,0,32,,20925,9,,,0,70,,20926,9,,,0,30,,20927,9,,,0,72,,20928,9,,,0,30,,20929,9,,,0,69,,20930,9,,,0,28,,20931,9,,,0,69,,20932,9,,,0,30,,20938,9,,,0,67,,20933,9,,,0,30,,15912,9,,,0,70,,20934,9,,,0,24,,20935,9,,,0,30,,20936,9,,,0,69,,15916,9,,,0,27,,20937,9,,,0
16029,'1797',600,,15926,9,,,0,27,,15941,9,,,0,30,,15934,9,,,0,67,,15919,9,,,0,30,,15927,9,,,0,71,,15942,9,,,0,30,,15935,9,,,0,70,,15920,9,,,0,30,,15928,9,,,0,70,,15943,9,,,0,30,,15936,9,,,0,71,,15921,9,,,0,30,,15929,9,,,0,70,,15944,9,,,0,31,,15937,9,,,0,70,,15922,9,,,0,31,,15930,9,,,0,69,,15945,9,,,0,31,,15938,9,,,0,70,,15923,9,,,0,29,,15931,9,,,0,70,,15946,9,,,0,29,,15939,9,,,0,69,,15924,9,,,0,31,,15932,9,,,0,69,,15947,9,,,0,30,,15940,9,,,0,70,,15925,9,,,0,29,,15933,9,,,0,71,,15948,9,,,0,96,,15949,9,,,0,33,,15950,9,,,0
16029,'1798',728,,20942,9,,,0,100,,20943,9,,,0,97,,20940,9,,,0,103,,20948,9,,,0,98,,20950,9,,,0,100,,20947,9,,,0,101,,20949,9,,,0,100,,20939,9,,,0,100,,20941,9,,,0,99,,20945,9,,,0,99,,20944,9,,,0,100,,15963,9,,,0,100,,20946,9,,,0,102,,15959,9,,,0,97,,20951,9,,,0
16029,'1799',728,,20955,9,,,0,100,,20956,9,,,0,97,,20953,9,,,0,103,,20961,9,,,0,98,,20963,9,,,0,100,,20960,9,,,0,101,,20962,9,,,0,100,,20952,9,,,0,100,,20954,9,,,0,99,,20958,9,,,0,99,,20957,9,,,0,100,,15978,9,,,0,100,,20959,9,,,0,102,,15974,9,,,0,97,,20964,9,,,0
16029,'1800',728,,20968,9,,,0,100,,20969,9,,,0,97,,20966,9,,,0,103,,20974,9,,,0,98,,20976,9,,,0,100,,20973,9,,,0,101,,20975,9,,,0,100,,20965,9,,,0,100,,20967,9,,,0,99,,20971,9,,,0,99,,20970,9,,,0,100,,15993,9,,,0,100,,20972,9,,,0,102,,15989,9,,,0,97,,20977,9,,,0
32019,'1796',642,,21513,29,,,0,66,,21529,29,,,0,33,,21508,29,,,0,70,,21524,29,,,0,30,,21534,29,,,0,69,,21518,29,,,0,29,,21516,29,,,0,70,,21528,29,,,0,30,,21506,29,,,0,70,,21522,29,,,0,30,,21533,29,,,0,70,,21520,29,,,0,30,,21515,29,,,0,70,,21527,29,,,0,30,,21509,29,,,0,70,,21521,29,,,0,31,,21532,29,,,0,70,,21519,29,,,0,31,,21512,29,,,0,70,,21526,29,,,0,31,,21505,29,,,0,70,,21523,29,,,0,29,,21531,29,,,0,69,,21517,29,,,0,29,,21514,29,,,0,70,,21525,29,,,0,28,,21510,29,,,0,100,,21530,29,,,0,99,,21511,29,,,0,100,,21507,29,,,0,95,,21540,29,0,5 2 8 7,0
32019,'1797',640,,21553,29,,,0,65,,21570,29,,,0,30,,21547,29,,,0,70,,21564,29,,,0,30,,21571,29,,,0,70,,21559,29,,,0,30,,21552,29,,,0,71,,21569,29,,,0,31,,21546,29,,,0,70,,21563,29,,,0,31,,21574,29,,,0,70,,21558,29,,,0,30,,21551,29,,,0,70,,21568,29,,,0,30,,21545,29,,,0,70,,21562,29,,,0,30,,21573,29,,,0,70,,21557,29,,,0,30,,21550,29,,,0,70,,21567,29,,,0,30,,21544,29,,,0,70,,21561,29,,,0,30,,21575,29,,,0,69,,21556,29,,,0,30,,21549,29,,,0,70,,21565,29,,,0,30,,21543,29,,,0,100,,21572,29,,,0,99,,21548,29,,,0,100,,21542,29,,,0,100,,21576,29,0,5 2 8 7,0
32019,'1798',640,,21579,29,,,0,95,,21580,29,,,0,100,,21581,29,,,0,100,,21582,29,,,0,102,,21583,29,,,0,101,,21584,29,,,0,100,,21585,29,,,0,100,,21586,29,,,0,100,,21587,29,,,0,100,,21588,29,,,0,100,,21589,29,,,0,100,,21590,29,,,0,99,,21591,29,,,0,100,,21592,29,,,0,100,,21593,29,,,0,99,,21594,29,,,0,100,,21595,29,,,0,95,,21597,29,0,5 2 8 7,0
32019,'1799',640,,21598,29,,,0,95,,21599,29,,,0,100,,21600,29,,,0,100,,21601,29,,,0,102,,21602,29,,,0,101,,21603,29,,,0,100,,21604,29,,,0,100,,21605,29,,,0,100,,21606,29,,,0,100,,21607,29,,,0,100,,21608,29,,,0,100,,21609,29,,,0,99,,21610,29,,,0,100,,21611,29,,,0,100,,21612,29,,,0,99,,21613,29,,,0,100,,21614,29,,,0,95,,21616,29,0,5 2 8 7,0
32019,'1800',640,,21617,29,,,0,95,,21618,29,,,0,100,,21619,29,,,0,100,,21620,29,,,0,102,,21621,29,,,0,101,,21622,29,,,0,100,,21623,29,,,0,100,,21624,29,,,0,100,,21625,29,,,0,100,,21626,29,,,0,100,,21627,29,,,0,100,,21628,29,,,0,99,,21629,29,,,0,100,,21630,29,,,0,100,,21631,29,,,0,99,,21632,29,,,0,100,,21633,29,,,0,95,,21635,29,0,5 2 8 7,0
