22029,'1796',636,,21307,2,0,19 2 20 21,0,70,,21308,2,0,19 2 20 21,0,30,,21309,2,0,19 2 20 21,0,73,,21310,2,0,19 2 20 21,0,30,,21311,2,0,19 2 20 21,0,70,,21312,2,,,0,29,,21313,2,,,0,70,,21318,2,,,0,30,,21314,2,,,0,70,,21319,2,,,0,30,,21315,2,,,0,70,,21306,2,,,0,30,,21316,2,,,0,70,,21317,2,,,0,31,,21320,2,,,0,70,,21321,2,,,0,30,,21322,2,,,0,70,,21323,2,,,0,30,,21324,2,,,0,70,,21325,2,,,0,30,,21326,2,,,0,69,,21327,2,,,0,30,,21328,2,,,0,70,,21329,2,,,0,28,,21330,2,,,0,70,,16417,2,,,0,30,,21331,2,,,0,65,,21332,2,,,0,30,,21333,2,,,0,70,,16421,2,,,0,30,,21334,2,0,19 2 20 21,0,170,,16423,2,0,19 2 20 21,0,35,,16424,2,0,19 2 20 21,0
22029,'1797',604,,16449,2,0,19 2 20 21,0,30,,16443,2,0,19 2 20 21,0,67,,16450,2,0,19 2 20 21,0,30,,16444,2,0,19 2 20 21,0,70,,16451,2,0,19 2 20 21,0,30,,16425,2,,,0,70,,16426,2,,,0,30,,16427,2,,,0,70,,16428,2,,,0,30,,16429,2,,,0,70,,16430,2,,,0,30,,16431,2,,,0,70,,16432,2,,,0,30,,16433,2,,,0,70,,16434,2,,,0,31,,16435,2,,,0,69,,16436,2,,,0,31,,16437,2,,,0,70,,16438,2,,,0,30,,16439,2,,,0,70,,16440,2,,,0,30,,16441,2,,,0,69,,16442,2,,,0,31,,16445,2,0,19 2 20 21,0,69,,16452,2,0,19 2 20 21,0,30,,16446,2,0,19 2 20 21,0,70,,16453,2,0,19 2 20 21,0,30,,16447,2,0,19 2 20 21,0,70,,16454,2,0,19 2 20 21,0,30,,16448,2,0,19 2 20 21,0,27,,16455,2,0,19 2 20 21,0,73,,16456,2,0,19 2 20 21,0,175,,16458,2,0,19 2 20 21,0,30,,16457,2,0,19 2 20 21,0
22029,'1798',704,,21346,2,0,19 2 20 21,0,97,,21335,2,,,0,100,,21336,2,,,0,100,,21337,2,,,0,100,,21338,2,,,0,100,,21339,2,,,0,100,,21340,2,,,0,100,,21341,2,,,0,100,,21342,2,,,0,100,,21343,2,,,0,100,,21344,2,,,0,100,,16473,2,0,19 2 20 21,0,100,,21345,2,0,19 2 20 21,0,100,,16471,2,0,19 2 20 21,0,100,,21347,2,0,19 2 20 21,0,205,,16475,2,0,19 2 20 21,0,30,,16474,2,0,19 2 20 21,0
22029,'1799',704,,21359,2,0,19 2 20 21,0,97,,21348,2,,,0,100,,21349,2,,,0,100,,21350,2,,,0,100,,21351,2,,,0,100,,21352,2,,,0,100,,21353,2,,,0,100,,21354,2,,,0,100,,21355,2,,,0,100,,21356,2,,,0,100,,21357,2,,,0,100,,16490,2,0,19 2 20 21,0,100,,21358,2,0,19 2 20 21,0,100,,16488,2,0,19 2 20 21,0,100,,21360,2,0,19 2 20 21,0,205,,16492,2,0,19 2 20 21,0,30,,16491,2,0,19 2 20 21,0
22029,'1800',704,,21372,2,0,19 2 20 21,0,97,,21361,2,,,0,100,,21362,2,,,0,100,,21363,2,,,0,100,,21364,2,,,0,100,,21365,2,,,0,100,,21366,2,,,0,100,,21367,2,,,0,100,,21368,2,,,0,100,,21369,2,,,0,100,,21370,2,,,0,100,,16507,2,0,19 2 20 21,0,100,,21371,2,0,19 2 20 21,0,100,,16505,2,0,19 2 20 21,0,100,,21373,2,0,19 2 20 21,0,205,,16509,2,0,19 2 20 21,0,30,,16508,2,0,19 2 20 21,0
601019,'1796',608,,17864,2,,,0,20,,17856,2,,,0,15,,22567,2,0,19 2 11 2 22 1 23,0,13,,17851,2,0,19 2 11 2 22 1 23,0,52,,22566,2,0,19 2 11 2 22 1 23,0,15,,17866,2,0,19 2 11 2 22 1 23,0,16,,22568,2,0,19 2 11 2 22 1 23,0,15,,17850,2,0,19 2 11 2 22 1 23,0,55,,22565,2,0,19 2 11 2 22 1 23,0,15,,17865,2,0,19 2 11 2 22 1 23,0,24,,17876,2,,,0,70,,17881,2,,,0,30,,17882,2,,,0,70,,17879,2,,,0,30,,17877,2,,,0,70,,17883,2,,,0,30,,17885,2,,,0,70,,17880,2,,,0,30,,17878,2,,,0,70,,17886,2,,,0,30,,17884,2,,,0,60,,17844,2,,,0,15,,17873,2,0,19 2 11 2 22 1 23,0,15,,17861,2,0,19 2 11 2 22 1 23,0,15,,17869,2,0,19 2 11 2 22 1 23,0,55,,17857,2,0,19 2 11 2 22 1 23,0,15,,17870,2,0,19 2 11 2 22 1 23,0,15,,17860,2,0,19 2 11 2 22 1 23,0,15,,17867,2,0,19 2 11 2 22 1 23,0,55,,17862,2,0,19 2 11 2 22 1 23,0,15,,17868,2,0,19 2 11 2 22 1 23,0,15,,17854,2,0,19 2 11 2 22 1 23,0,15,,17871,2,0,19 2 11 2 22 1 23,0,55,,17849,2,0,19 2 11 2 22 1 23,0,15,,17874,2,0,19 2 11 2 22 1 23,0,15,,17853,2,0,19 2 11 2 22 1 23,0,15,,17872,2,0,19 2 11 2 22 1 23,0,55,,17838,2,,,0,30,,17839,2,,,0,15,,17847,2,,,0,55,,17845,2,,,0,30,,17842,2,,,0,70,,17843,2,,,0,30,,17837,2,,,0,70,,17840,2,,,0,30,,17836,2,,,0,70,,17841,2,,,0,33,,17846,2,,,0
601019,'1797',611,,17903,2,,,0,30,,17921,2,,,0,70,,17902,2,,,0,30,,17920,2,,,0,70,,17901,2,,,0,30,,17919,2,,,0,70,,17900,2,,,0,30,,17918,2,,,0,70,,17898,2,,,0,30,,17916,2,,,0,70,,17899,2,,,0,30,,17917,2,,,0,70,,17897,2,,,0,30,,17915,2,,,0,70,,17888,2,,,0,30,,17914,2,,,0,70,,17896,2,,,0,30,,17913,2,,,0,70,,17894,2,,,0,30,,17912,2,,,0,70,,17889,2,,,0,30,,17910,2,,,0,70,,17891,2,,,0,30,,17911,2,,,0,70,,17895,2,,,0,30,,17909,2,,,0,70,,17890,2,,,0,30,,17908,2,,,0,70,,17893,2,,,0,30,,17907,2,,,0,70,,17892,2,,,0,30,,17906,2,,,0,70,,17887,2,,,0,30,,17905,2,,,0
601019,'1798',2241,,17922,2,,,0
601019,'1799',611,,17927,2,,,0,30,,17930,2,,,0,70,,17954,2,,,0,30,,17939,2,,,0,70,,17957,2,,,0,30,,17925,2,,,0,70,,17932,2,,,0,30,,17952,2,,,0,70,,17955,2,,,0,30,,17926,2,,,0,70,,17938,2,,,0,30,,17956,2,,,0,70,,17951,2,,,0,30,,17929,2,,,0,70,,17941,2,,,0,30,,17947,2,,,0,70,,17944,2,,,0,30,,17934,2,,,0,70,,17933,2,,,0,30,,17928,2,,,0,70,,17948,2,,,0,30,,17937,2,,,0,70,,17950,2,,,0,30,,17946,2,,,0,70,,17931,2,,,0,30,,17953,2,,,0,70,,17945,2,,,0,30,,17959,2,,,0,70,,17942,2,,,0,30,,17958,2,,,0,70,,17935,2,,,0,30,,17936,2,,,0,70,,17943,2,,,0,30,,17940,2,,,0
601019,'1800',2241,,17960,2,,,0
