1029,'1796',553,,19689,5,,,0,71,,13901,5,,,0,25,,19709,5,,,0,69,,19686,5,,,0,30,,19681,5,,,0,70,,19713,5,,,0,30,,19684,5,,,0,71,,19690,5,,,0,30,,19708,5,,,0,70,,19688,5,,,0,30,,19680,5,,,0,70,,19712,5,,,0,30,,19685,5,,,0,70,,19691,5,,,0,30,,19707,5,,,0,70,,19687,5,,,0,30,,19682,5,,,0,71,,19710,5,,,0,32,,19683,5,,,0,70,,19692,5,,,0,29,,19706,5,,,0,69,,19695,5,,,0,30,,19694,5,,,0,70,,19693,5,,,0,34,,19699,5,,,0,70,,19698,5,,,0,30,,19697,5,,,0,70,,19696,5,,,0,30,,19711,5,,,0,70,,19705,5,,,0,30,,19704,5,,,0,70,,19703,5,,,0,30,,19702,5,,,0,70,,19701,5,,,0,25,,19700,5,,,0
1029,'1797',556,,19719,5,,,0,68,,19731,5,,,0,30,,19738,5,,,0,70,,19726,5,,,0,30,,19747,5,,,0,70,,19735,5,,,0,30,,19718,5,,,0,70,,19730,5,,,0,30,,19741,5,,,0,70,,19725,5,,,0,30,,19748,5,,,0,70,,19734,5,,,0,30,,19717,5,,,0,70,,19729,5,,,0,30,,19740,5,,,0,70,,19724,5,,,0,30,,19720,5,,,0,70,,19733,5,,,0,30,,19716,5,,,0,70,,19728,5,,,0,30,,19736,5,,,0,70,,19723,5,,,0,30,,19745,5,,,0,70,,19732,5,,,0,30,,19715,5,,,0,70,,19727,5,,,0,30,,19739,5,,,0,70,,19721,5,,,0,30,,19743,5,,,0,70,,19742,5,,,0,30,,19714,5,,,0,70,,19722,5,,,0,29,,19737,5,,,0,70,,19746,5,,,0,30,,19744,5,,,0
1029,'1798',556,,19749,5,,,0,98,,19750,5,,,0,100,,19751,5,,,0,100,,19752,5,,,0,100,,19753,5,,,0,100,,19754,5,,,0,100,,19755,5,,,0,100,,19756,5,,,0,100,,19757,5,,,0,100,,19758,5,,,0,100,,19759,5,,,0,100,,19760,5,,,0,100,,19761,5,,,0,100,,19762,5,,,0,100,,19763,5,,,0,100,,19764,5,,,0,99,,19765,5,,,0,100,,19766,5,,,0
1029,'1799',556,,19767,5,,,0,98,,19768,5,,,0,100,,19769,5,,,0,100,,19770,5,,,0,100,,19771,5,,,0,100,,19772,5,,,0,100,,19773,5,,,0,100,,19774,5,,,0,100,,19775,5,,,0,100,,19776,5,,,0,100,,19777,5,,,0,100,,19778,5,,,0,100,,19779,5,,,0,100,,19780,5,,,0,100,,19781,5,,,0,100,,19782,5,,,0,99,,19783,5,,,0,100,,19784,5,,,0
1029,'1800',556,,19785,5,,,0,98,,19786,5,,,0,100,,19787,5,,,0,100,,19788,5,,,0,100,,19789,5,,,0,100,,19790,5,,,0,100,,19791,5,,,0,100,,19792,5,,,0,100,,19793,5,,,0,100,,19794,5,,,0,100,,19795,5,,,0,100,,19796,5,,,0,100,,19797,5,,,0,100,,19798,5,,,0,100,,19799,5,,,0,100,,19800,5,,,0,99,,19801,5,,,0,100,,19802,5,,,0
2029,'1796',537,,14165,4,,,0,70,,14166,4,,,0,30,,14167,4,,,0,64,,14168,4,,,0,28,,14169,4,,,0,71,,14170,4,,,0,31,,14171,4,,,0,70,,14172,4,,,0,30,,14173,4,,,0,70,,14174,4,,,0,30,,14175,4,,,0,70,,14176,4,,,0,30,,14177,4,,,0,70,,14178,4,,,0,30,,14179,4,,,0,70,,14180,4,,,0,30,,14181,4,,,0,70,,14182,4,,,0,30,,14183,4,,,0,70,,14184,4,,,0,30,,14185,4,,,0,70,,14186,4,,,0,31,,14187,4,,,0,72,,14188,4,,,0,27,,14189,4,,,0,70,,14190,4,,,0,30,,14194,4,,,0,70,,14195,4,,,0,30,,14198,4,0,5 2 13 14,0,70,,14196,4,,,0,100,,14197,4,,,0,100,,14193,4,,,0,100,,14192,4,0,5 2 13 14,0,55,,14199,4,0,5 2 13 14,0
2029,'1797',537,,14231,4,0,5 2 15 16 17,0,70,,14214,4,,,0,30,,14221,4,,,0,64,,14200,4,,,0,30,,14206,4,,,0,70,,14215,4,,,0,30,,14222,4,,,0,70,,14201,4,,,0,30,,14207,4,,,0,70,,14216,4,,,0,30,,14223,4,,,0,70,,14202,4,,,0,30,,14208,4,,,0,70,,14217,4,,,0,30,,14224,4,,,0,70,,14203,4,,,0,30,,14209,4,,,0,70,,14218,4,,,0,30,,14225,4,,,0,70,,14204,4,,,0,30,,14210,4,,,0,70,,14219,4,,,0,30,,14226,4,,,0,70,,14205,4,,,0,30,,14211,4,,,0,70,,14220,4,,,0,30,,14227,4,,,0,70,,14212,4,,,0,32,,14233,4,0,5 2 13 14,0,68,,14228,4,,,0,100,,14213,4,,,0,100,,14229,4,,,0,56,,14230,4,0,5 2 13 14,0,98,,14232,4,0,5 2 13 14,0
2029,'1798',607,,14235,4,,,0,30,,14243,4,,,0,66,,14254,4,,,0,28,,14249,4,,,0,70,,14236,4,,,0,30,,14244,4,,,0,70,,14255,4,,,0,30,,14250,4,,,0,70,,14237,4,,,0,30,,14245,4,,,0,70,,14256,4,,,0,30,,14251,4,,,0,70,,14238,4,,,0,30,,14246,4,,,0,70,,14257,4,,,0,30,,14252,4,,,0,70,,14239,4,,,0,30,,14247,4,,,0,70,,14258,4,,,0,30,,14253,4,,,0,70,,14240,4,,,0,30,,14248,4,,,0,70,,14259,4,,,0,30,,14263,4,0,5 2 13 14,0,70,,14241,4,,,0,30,,14262,4,0,5 2 13 14,0,70,,14260,4,,,0,100,,14242,4,,,0,100,,14261,4,,,0,100,,14234,4,,,0,55,,14264,4,0,5 2 13 14,0,100,,14265,4,0,5 2 13 14,0
2029,'1799',607,,14267,4,,,0,30,,14275,4,,,0,66,,14286,4,,,0,28,,14281,4,,,0,70,,14268,4,,,0,30,,14276,4,,,0,70,,14287,4,,,0,30,,14282,4,,,0,70,,14269,4,,,0,30,,14277,4,,,0,70,,14288,4,,,0,30,,14283,4,,,0,70,,14270,4,,,0,30,,14278,4,,,0,70,,14289,4,,,0,30,,14284,4,,,0,70,,14271,4,,,0,30,,14279,4,,,0,70,,14290,4,,,0,30,,14285,4,,,0,70,,14272,4,,,0,30,,14280,4,,,0,70,,14291,4,,,0,30,,14295,4,0,5 2 13 14,0,70,,14273,4,,,0,30,,14294,4,0,5 2 13 14,0,70,,14292,4,,,0,100,,14274,4,,,0,100,,14293,4,,,0,100,,14266,4,,,0,55,,14296,4,0,5 2 13 14,0,100,,14297,4,0,5 2 13 14,0
2029,'1800',607,,14299,4,,,0,30,,14307,4,,,0,66,,14318,4,,,0,28,,14313,4,,,0,70,,14300,4,,,0,30,,14308,4,,,0,70,,14319,4,,,0,30,,14314,4,,,0,70,,14301,4,,,0,30,,14309,4,,,0,70,,14320,4,,,0,30,,14315,4,,,0,70,,14302,4,,,0,30,,14310,4,,,0,70,,14321,4,,,0,30,,14316,4,,,0,70,,14303,4,,,0,30,,14311,4,,,0,70,,14322,4,,,0,30,,14317,4,,,0,70,,14304,4,,,0,30,,14312,4,,,0,70,,14323,4,,,0,30,,14327,4,0,5 2 13 14,0,70,,14305,4,,,0,30,,14326,4,0,5 2 13 14,0,70,,14324,4,,,0,100,,14306,4,,,0,100,,14325,4,,,0,100,,14298,4,,,0,55,,14328,4,0,5 2 13 14,0,100,,14329,4,0,5 2 13 14,0
