1029,'1796',616,,19689,36,,,0,30,,13901,36,,,0,70,,19709,36,,,0,30,,19686,36,,,0,70,,19681,36,,,0,30,,19713,36,,,0,70,,19684,36,,,0,30,,19690,36,,,0,70,,19708,36,,,0,30,,19688,36,,,0,70,,19680,36,,,0,30,,19712,36,,,0,70,,19685,36,,,0,30,,19691,36,,,0,70,,19707,36,,,0,30,,19687,36,,,0,70,,19682,36,,,0,30,,19710,36,,,0,70,,19683,36,,,0,30,,19692,36,,,0,70,,19706,36,,,0,30,,19695,36,,,0,70,,19694,36,,,0,30,,19693,36,,,0,70,,19699,36,,,0,30,,19698,36,,,0,70,,19697,36,,,0,30,,19696,36,,,0,70,,19711,36,,,0,30,,19705,36,,,0,70,,19704,36,,,0,30,,19703,36,,,0,70,,19702,36,,,0,30,,19701,36,,,0,65,,19700,36,,,0
1029,'1797',616,,19719,36,,,0,30,,19731,36,,,0,70,,19738,36,,,0,30,,19726,36,,,0,70,,19747,36,,,0,30,,19735,36,,,0,69,,19718,36,,,0,31,,19730,36,,,0,70,,19741,36,,,0,30,,19725,36,,,0,70,,19748,36,,,0,30,,19734,36,,,0,70,,19717,36,,,0,30,,19729,36,,,0,70,,19740,36,,,0,30,,19724,36,,,0,70,,19720,36,,,0,30,,19733,36,,,0,70,,19716,36,,,0,30,,19728,36,,,0,70,,19736,36,,,0,30,,19723,36,,,0,70,,19745,36,,,0,30,,19732,36,,,0,70,,19715,36,,,0,30,,19727,36,,,0,70,,19739,36,,,0,30,,19721,36,,,0,70,,19743,36,,,0,30,,19742,36,,,0,70,,19714,36,,,0,30,,19722,36,,,0,70,,19737,36,,,0,30,,19746,36,,,0,65,,19744,36,,,0
1029,'1798',616,,19749,36,,,0,100,,19750,36,,,0,100,,19751,36,,,0,100,,19752,36,,,0,100,,19753,36,,,0,100,,19754,36,,,0,100,,19755,36,,,0,100,,19756,36,,,0,100,,19757,36,,,0,100,,19758,36,,,0,100,,19759,36,,,0,100,,19760,36,,,0,100,,19761,36,,,0,100,,19762,36,,,0,100,,19763,36,,,0,100,,19764,36,,,0,100,,19765,36,,,0,95,,19766,36,,,0
1029,'1799',616,,19767,36,,,0,100,,19768,36,,,0,100,,19769,36,,,0,100,,19770,36,,,0,100,,19771,36,,,0,100,,19772,36,,,0,100,,19773,36,,,0,100,,19774,36,,,0,100,,19775,36,,,0,100,,19776,36,,,0,100,,19777,36,,,0,100,,19778,36,,,0,100,,19779,36,,,0,100,,19780,36,,,0,100,,19781,36,,,0,100,,19782,36,,,0,100,,19783,36,,,0,95,,19784,36,,,0
1029,'1800',616,,19785,36,,,0,100,,19786,36,,,0,100,,19787,36,,,0,100,,19788,36,,,0,100,,19789,36,,,0,100,,19790,36,,,0,100,,19791,36,,,0,100,,19792,36,,,0,100,,19793,36,,,0,100,,19794,36,,,0,100,,19795,36,,,0,100,,19796,36,,,0,100,,19797,36,,,0,100,,19798,36,,,0,100,,19799,36,,,0,100,,19800,36,,,0,100,,19801,36,,,0,95,,19802,36,,,0
2029,'1796',534,,14191,18,,,0,67,,14165,33,,,0,30,,14166,33,,,0,70,,14167,33,,,0,30,,14168,33,,,0,70,,14169,33,,,0,30,,14170,33,,,0,70,,14171,33,,,0,30,,14172,33,,,0,70,,14173,33,,,0,30,,14174,33,,,0,70,,14175,33,,,0,30,,14176,33,,,0,70,,14177,33,,,0,30,,14178,33,,,0,70,,14179,33,,,0,30,,14180,33,,,0,70,,14181,33,,,0,30,,14182,33,,,0,70,,14183,33,,,0,30,,14184,33,,,0,70,,14185,33,,,0,30,,14186,33,,,0,70,,14187,33,,,0,30,,14188,33,,,0,70,,14189,33,,,0,30,,14190,33,,,0,70,,14194,33,,,0,30,,14195,33,,,0,100,,14196,33,,,0,100,,14197,33,,,0,100,,14193,33,,,0
2029,'1797',601,,14231,33,0,5 2 15 16 17,0,30,,14214,33,,,0,70,,14221,33,,,0,30,,14200,33,,,0,70,,14206,33,,,0,30,,14215,33,,,0,70,,14222,33,,,0,30,,14201,33,,,0,70,,14207,33,,,0,30,,14216,33,,,0,70,,14223,33,,,0,30,,14202,33,,,0,70,,14208,33,,,0,30,,14217,33,,,0,70,,14224,33,,,0,30,,14203,33,,,0,70,,14209,33,,,0,30,,14218,33,,,0,70,,14225,33,,,0,30,,14204,33,,,0,70,,14210,33,,,0,30,,14219,33,,,0,70,,14226,33,,,0,30,,14205,33,,,0,70,,14211,33,,,0,30,,14220,33,,,0,70,,14227,33,,,0,30,,14212,33,,,0,100,,14228,33,,,0,100,,14213,33,,,0,100,,14229,33,,,0
2029,'1798',631,,14235,33,,,0,70,,14243,33,,,0,30,,14254,33,,,0,70,,14249,33,,,0,30,,14236,33,,,0,70,,14244,33,,,0,30,,14255,33,,,0,70,,14250,33,,,0,30,,14237,33,,,0,70,,14245,33,,,0,30,,14256,33,,,0,70,,14251,33,,,0,30,,14238,33,,,0,70,,14246,33,,,0,30,,14257,33,,,0,70,,14252,33,,,0,30,,14239,33,,,0,70,,14247,33,,,0,30,,14258,33,,,0,70,,14253,33,,,0,30,,14240,33,,,0,70,,14248,33,,,0,30,,14259,33,,,0,100,,14241,33,,,0,100,,14260,33,,,0,100,,14242,33,,,0,100,,14261,33,,,0,100,,14234,33,,,0
2029,'1799',631,,14267,33,,,0,70,,14275,33,,,0,30,,14286,33,,,0,70,,14281,33,,,0,30,,14268,33,,,0,70,,14276,33,,,0,30,,14287,33,,,0,70,,14282,33,,,0,30,,14269,33,,,0,70,,14277,33,,,0,30,,14288,33,,,0,70,,14283,33,,,0,30,,14270,33,,,0,70,,14278,33,,,0,30,,14289,33,,,0,70,,14284,33,,,0,30,,14271,33,,,0,70,,14279,33,,,0,30,,14290,33,,,0,70,,14285,33,,,0,30,,14272,33,,,0,70,,14280,33,,,0,30,,14291,33,,,0,100,,14273,33,,,0,100,,14292,33,,,0,100,,14274,33,,,0,100,,14293,33,,,0,100,,14266,33,,,0
2029,'1800',631,,14299,33,,,0,70,,14307,33,,,0,30,,14318,33,,,0,70,,14313,33,,,0,30,,14300,33,,,0,70,,14308,33,,,0,30,,14319,33,,,0,70,,14314,33,,,0,30,,14301,33,,,0,70,,14309,33,,,0,30,,14320,33,,,0,70,,14315,33,,,0,30,,14302,33,,,0,70,,14310,33,,,0,30,,14321,33,,,0,70,,14316,33,,,0,30,,14303,33,,,0,70,,14311,33,,,0,30,,14322,33,,,0,70,,14317,33,,,0,30,,14304,33,,,0,70,,14312,33,,,0,30,,14323,33,,,0,100,,14305,33,,,0,100,,14324,33,,,0,100,,14306,33,,,0,100,,14325,33,,,0,100,,14298,33,,,0
14000001029,'1796',439,,19519,17,0,18 7,0,102,,23396,17,0,18 7,0,1812,,23398,17,,,0,70,,19523,17,,,0,30,,23400,17,,,0,70,,23397,17,,,0,30,,19524,17,,,0,70,,23399,17,,,0
14000001029,'1797',541,,19531,17,0,18 7,0,1812,,23404,17,,,0,70,,19528,17,,,0,30,,23401,17,,,0,70,,23402,17,,,0,30,,19532,17,,,0,70,,23403,17,,,0
14000001029,'1798',541,,23409,17,0,18 7,0,1812,,23405,17,,,0,70,,19538,17,,,0,30,,23408,17,,,0,70,,23407,17,,,0,30,,19537,17,,,0,70,,23406,17,,,0
14000001029,'1799',541,,23414,17,0,18 7,0,1812,,23410,17,,,0,70,,19545,17,,,0,30,,23413,17,,,0,70,,23412,17,,,0,30,,19544,17,,,0,70,,23411,17,,,0
14000001029,'1800',541,,23419,17,0,18 7,0,1812,,23415,17,,,0,70,,19552,17,,,0,30,,23418,17,,,0,70,,23417,17,,,0,30,,19551,17,,,0,70,,23416,17,,,0
