1029,'1796',605,,19689,20,,,0,31,,13901,20,,,0,66,,19709,20,,,0,30,,19686,20,,,0,70,,19681,20,,,0,30,,19713,20,,,0,69,,19684,20,,,0,31,,19690,20,,,0,70,,19708,20,,,0,30,,19688,20,,,0,70,,19680,20,,,0,30,,19712,20,,,0,70,,19685,20,,,0,29,,19691,20,,,0,70,,19707,20,,,0,30,,19687,20,,,0,71,,19682,20,,,0,31,,19710,20,,,0,72,,19683,20,,,0,30,,19692,20,,,0,69,,19706,20,,,0,29,,19695,20,,,0,70,,19694,20,,,0,29,,19693,20,,,0,73,,19699,20,,,0,30,,19698,20,,,0,70,,19697,20,,,0,30,,19696,20,,,0,70,,19711,20,,,0,30,,19705,20,,,0,70,,19704,20,,,0,30,,19703,20,,,0,70,,19702,20,,,0,30,,19701,20,,,0,65,,19700,20,,,0
1029,'1797',606,,19719,20,,,0,28,,19731,20,,,0,70,,19738,20,,,0,30,,19726,20,,,0,70,,19747,20,,,0,30,,19735,20,,,0,71,,19718,20,,,0,30,,19730,20,,,0,70,,19741,20,,,0,30,,19725,20,,,0,70,,19748,20,,,0,30,,19734,20,,,0,70,,19717,20,,,0,30,,19729,20,,,0,70,,19740,20,,,0,30,,19724,20,,,0,70,,19720,20,,,0,30,,19733,20,,,0,70,,19716,20,,,0,30,,19728,20,,,0,70,,19736,20,,,0,30,,19723,20,,,0,70,,19745,20,,,0,30,,19732,20,,,0,70,,19715,20,,,0,30,,19727,20,,,0,70,,19739,20,,,0,30,,19721,20,,,0,70,,19743,20,,,0,30,,19742,20,,,0,70,,19714,20,,,0,30,,19722,20,,,0,68,,19737,20,,,0,30,,19746,20,,,0,70,,19744,20,,,0
1029,'1798',606,,19749,20,,,0,98,,19750,20,,,0,100,,19751,20,,,0,101,,19752,20,,,0,100,,19753,20,,,0,100,,19754,20,,,0,100,,19755,20,,,0,100,,19756,20,,,0,100,,19757,20,,,0,100,,19758,20,,,0,100,,19759,20,,,0,100,,19760,20,,,0,100,,19761,20,,,0,100,,19762,20,,,0,100,,19763,20,,,0,100,,19764,20,,,0,98,,19765,20,,,0,100,,19766,20,,,0
1029,'1799',606,,19767,20,,,0,98,,19768,20,,,0,100,,19769,20,,,0,101,,19770,20,,,0,100,,19771,20,,,0,100,,19772,20,,,0,100,,19773,20,,,0,100,,19774,20,,,0,100,,19775,20,,,0,100,,19776,20,,,0,100,,19777,20,,,0,100,,19778,20,,,0,100,,19779,20,,,0,100,,19780,20,,,0,100,,19781,20,,,0,100,,19782,20,,,0,98,,19783,20,,,0,100,,19784,20,,,0
1029,'1800',606,,19785,20,,,0,98,,19786,20,,,0,100,,19787,20,,,0,101,,19788,20,,,0,100,,19789,20,,,0,100,,19790,20,,,0,100,,19791,20,,,0,100,,19792,20,,,0,100,,19793,20,,,0,100,,19794,20,,,0,100,,19795,20,,,0,100,,19796,20,,,0,100,,19797,20,,,0,100,,19798,20,,,0,100,,19799,20,,,0,100,,19800,20,,,0,98,,19801,20,,,0,100,,19802,20,,,0
22019,'1796',555,,16313,6,0,19 2 24 1 25 26,0,66,,21266,6,0,19 2 24 1 25 26,0,26,,21240,6,0,19 2 24 1 25 26,0,70,,21241,6,0,19 2 24 1 25 26,0,34,,21242,8,,,0,70,,16287,8,,,0,30,,16288,8,,,0,69,,21243,8,,,0,30,,21244,8,,,0,70,,21245,8,,,0,30,,21246,8,,,0,70,,21247,8,,,0,30,,21248,8,,,0,70,,21249,8,,,0,30,,21250,8,,,0,71,,21251,8,,,0,30,,21252,8,,,0,70,,21253,8,,,0,32,,21254,8,,,0,70,,21255,8,,,0,28,,21265,8,,,0,70,,21256,8,,,0,30,,21257,8,,,0,69,,21258,8,,,0,30,,21259,8,,,0,69,,21260,8,,,0,30,,16307,8,,,0,70,,21261,8,,,0,29,,21262,8,,,0,68,,21263,8,,,0,30,,16311,8,,,0,69,,21264,6,0,19 2 24 1 25 26,0
22019,'1797',619,,16335,6,0,19 2 24 1 25 26,0,24,,16340,6,0,19 2 24 1 25 26,0,70,,16336,6,0,19 2 24 1 25 26,0,30,,16341,6,0,19 2 24 1 25 26,0,70,,16337,6,0,19 2 24 1 25 26,0,32,,16316,8,,,0,72,,16317,8,,,0,30,,16318,8,,,0,70,,16319,8,,,0,30,,16320,8,,,0,70,,16321,8,,,0,30,,16322,8,,,0,70,,16323,8,,,0,31,,16324,8,,,0,70,,16325,8,,,0,30,,16326,8,,,0,70,,16327,8,,,0,31,,16328,8,,,0,70,,16329,8,,,0,30,,16330,8,,,0,70,,16331,8,,,0,29,,16332,8,,,0,70,,16333,8,,,0,28,,16342,6,0,19 2 24 1 25 26,0,70,,16338,6,0,19 2 24 1 25 26,0,30,,16343,6,0,19 2 24 1 25 26,0,69,,16334,6,0,19 2 24 1 25 26,0,30,,16344,6,0,19 2 24 1 25 26,0,69,,16339,6,0,19 2 24 1 25 26,0,30,,16345,6,0,19 2 24 1 25 26,0,70,,16346,6,0,19 2 24 1 25 26,0
22019,'1798',647,,21276,6,0,19 2 24 1 25 26,0,94,,21277,6,0,19 2 24 1 25 26,0,101,,21274,8,,,0,100,,21275,8,,,0,100,,21268,8,,,0,100,,21273,8,,,0,100,,21269,8,,,0,100,,21270,8,,,0,100,,21267,8,,,0,100,,21271,8,,,0,100,,21272,8,,,0,99,,16358,6,0,19 2 24 1 25 26,0,100,,21278,6,0,19 2 24 1 25 26,0,100,,16360,6,0,19 2 24 1 25 26,0,108,,21279,6,0,19 2 24 1 25 26,0
22019,'1799',647,,21289,6,0,19 2 24 1 25 26,0,94,,21290,6,0,19 2 24 1 25 26,0,101,,21287,8,,,0,100,,21288,8,,,0,100,,21281,8,,,0,100,,21286,8,,,0,100,,21282,8,,,0,100,,21283,8,,,0,100,,21280,8,,,0,100,,21284,8,,,0,100,,21285,8,,,0,99,,16373,6,0,19 2 24 1 25 26,0,100,,21291,6,0,19 2 24 1 25 26,0,100,,16375,6,0,19 2 24 1 25 26,0,108,,21292,6,0,19 2 24 1 25 26,0
22019,'1800',647,,21302,6,0,19 2 24 1 25 26,0,94,,21303,6,0,19 2 24 1 25 26,0,101,,21300,8,,,0,100,,21301,8,,,0,100,,21294,8,,,0,100,,21299,8,,,0,100,,21295,8,,,0,100,,21296,8,,,0,100,,21293,8,,,0,100,,21297,8,,,0,100,,21298,8,,,0,99,,16388,6,0,19 2 24 1 25 26,0,100,,21304,6,0,19 2 24 1 25 26,0,100,,16390,6,0,19 2 24 1 25 26,0,108,,21305,6,0,19 2 24 1 25 26,0
