4019,'1796',639,,19810,14,,,0,71,,19836,14,,,0,30,,19811,14,,,0,67,,19812,14,,,0,36,,19813,14,,,0,64,,19814,14,,,0,36,,19815,14,,,0,68,,19816,14,,,0,29,,19817,14,,,0,70,,19818,14,,,0,30,,19819,14,,,0,72,,19820,14,,,0,30,,19821,14,,,0,70,,19822,14,,,0,30,,19823,14,,,0,72,,19824,14,,,0,30,,19825,14,,,0,74,,19826,14,,,0,30,,19827,14,,,0,71,,19828,14,,,0,24,,19829,14,,,0,74,,19830,14,,,0,22,,19831,14,,,0,76,,19832,14,,,0,21,,19833,14,,,0,75,,19834,14,,,0,28,,19835,14,,,0,70,,19804,14,,,0,30,,19805,14,,,0,70,,19806,14,,,0,30,,19807,14,,,0,70,,19808,14,,,0,30,,19809,14,,,0
4019,'1797',709,,19868,14,,,0,30,,19844,14,,,0,71,,19838,14,,,0,30,,19848,14,,,0,70,,19859,14,,,0,30,,19854,14,,,0,71,,19842,14,,,0,30,,19864,14,,,0,70,,19841,14,,,0,30,,19861,14,,,0,69,,19856,14,,,0,32,,19849,14,,,0,69,,19862,14,,,0,30,,19865,14,,,0,70,,19840,14,,,0,30,,19851,14,,,0,70,,19839,14,,,0,30,,19845,14,,,0,70,,19863,14,,,0,30,,19860,14,,,0,70,,19857,14,,,0,30,,19846,14,,,0,70,,19866,14,,,0,28,,19867,14,,,0,70,,19837,14,,,0,30,,19852,14,,,0,70,,19850,14,,,0,30,,19858,14,,,0,70,,19843,14,,,0,30,,19853,14,,,0,70,,19847,14,,,0,30,,19855,14,,,0
4019,'1798',809,,19892,14,,,0,30,,19893,14,,,0,70,,19890,14,,,0,30,,19894,14,,,0,72,,19891,14,,,0,30,,19875,14,,,0,70,,19879,14,,,0,30,,19883,14,,,0,69,,19886,14,,,0,32,,19871,14,,,0,69,,19874,14,,,0,30,,19878,14,,,0,69,,19882,14,,,0,30,,19884,14,,,0,70,,19870,14,,,0,30,,19873,14,,,0,70,,19877,14,,,0,30,,19881,14,,,0,70,,19885,14,,,0,31,,19869,14,,,0,70,,19872,14,,,0,28,,19876,14,,,0,70,,19880,14,,,0,30,,19889,14,,,0,70,,19895,14,,,0,30,,19887,14,,,0,70,,19896,14,,,0,30,,19888,14,,,0
4019,'1799',809,,19920,14,,,0,30,,19921,14,,,0,70,,19918,14,,,0,30,,19922,14,,,0,72,,19919,14,,,0,30,,19903,14,,,0,70,,19907,14,,,0,30,,19911,14,,,0,69,,19914,14,,,0,32,,19899,14,,,0,69,,19902,14,,,0,30,,19906,14,,,0,69,,19910,14,,,0,30,,19912,14,,,0,70,,19898,14,,,0,30,,19901,14,,,0,70,,19905,14,,,0,30,,19909,14,,,0,70,,19913,14,,,0,31,,19897,14,,,0,70,,19900,14,,,0,28,,19904,14,,,0,70,,19908,14,,,0,30,,19917,14,,,0,70,,19923,14,,,0,30,,19915,14,,,0,70,,19924,14,,,0,30,,19916,14,,,0
4019,'1800',809,,19948,14,,,0,30,,19949,14,,,0,70,,19946,14,,,0,30,,19950,14,,,0,72,,19947,14,,,0,30,,19931,14,,,0,70,,19935,14,,,0,30,,19939,14,,,0,69,,19942,14,,,0,32,,19927,14,,,0,69,,19930,14,,,0,30,,19934,14,,,0,69,,19938,14,,,0,30,,19940,14,,,0,70,,19926,14,,,0,30,,19929,14,,,0,70,,19933,14,,,0,30,,19937,14,,,0,70,,19941,14,,,0,31,,19925,14,,,0,70,,19928,14,,,0,28,,19932,14,,,0,70,,19936,14,,,0,30,,19945,14,,,0,70,,19951,14,,,0,30,,19943,14,,,0,70,,19952,14,,,0,30,,19944,14,,,0
7019,'1796',518,,20281,9,,,0,36,,14820,28,,,0,72,,20300,9,,,0,31,,14821,28,,,0,71,,20282,28,,,0,72,,14830,28,,,0,32,,14823,28,,,0,69,,14831,28,,,0,28,,20283,28,,,0,30,,20288,28,,,0,71,,20284,28,,,0,70,,20289,28,,,0,30,,20285,28,,,0,71,,20290,28,,,0,30,,14827,28,,,0,70,,20291,28,,,0,30,,20286,28,,,0,70,,20292,28,,,0,32,,20287,28,,,0,73,,14849,28,,,0,33,,14850,28,,,0,14,,14856,9,,,0,52,,20298,28,,,0,30,,20299,28,,,0,70,,20293,28,,,0,28,,14839,28,,,0,26,,20294,28,,,0,70,,14841,28,,,0,28,,14842,28,,,0,70,,20295,28,,,0,28,,20296,28,,,0,70,,20297,28,,,0,30,,14846,28,,,0,67,,20301,9,,,0,31,,14847,28,,,0,71,,14854,13,,,0,28,,14848,28,,,0,100,,14840,28,,,0
7019,'1797',626,,20323,9,,,0,28,,14869,28,,,0,70,,20304,28,,,0,30,,20310,28,,,0,70,,20305,28,,,0,31,,20311,28,,,0,70,,20306,28,,,0,30,,14872,28,,,0,73,,20307,28,,,0,30,,20312,28,,,0,70,,20308,28,,,0,30,,20313,28,,,0,70,,14867,28,,,0,30,,14875,28,,,0,70,,20309,28,,,0,30,,20314,28,,,0,70,,14881,28,,,0,31,,20315,28,,,0,70,,14883,28,,,0,30,,14878,28,,,0,70,,20318,28,,,0,29,,20316,28,,,0,70,,20319,28,,,0,30,,20317,28,,,0,70,,20322,28,,,0,29,,14857,28,,,0,67,,20320,28,,,0,30,,20302,28,,,0,69,,20321,28,,,0,30,,20303,28,,,0,70,,20324,9,,,0,30,,14860,28,,,0,72,,14889,13,,,0,27,,14861,28,,,0
7019,'1798',556,,20329,9,,,0,70,,20332,9,,,0,30,,20333,9,,,0,68,,20334,9,,,0,30,,14896,28,,,0,71,,20346,13,,,0,30,,14897,28,,,0,73,,20339,13,,,0,27,,20330,28,,,0,75,,20345,13,,,0,28,,14898,28,,,0,72,,20338,13,,,0,28,,14899,28,,,0,72,,20344,13,,,0,28,,20327,28,,,0,73,,20337,13,,,0,27,,14901,28,,,0,73,,20343,13,,,0,28,,14902,28,,,0,73,,20336,13,,,0,27,,20328,28,,,0,73,,20342,13,,,0,26,,14904,28,,,0,73,,20335,13,,,0,27,,14892,28,,,0,72,,20341,13,,,0,27,,20325,28,,,0,70,,14917,13,,,0,27,,14891,28,,,0,71,,20340,13,,,0,28,,14895,28,,,0,72,,14925,13,,,0,28,,20326,28,,,0,70,,14911,9,,,0,30,,20331,9,,,0
7019,'1799',556,,20351,9,,,0,70,,20354,9,,,0,30,,20355,9,,,0,68,,20356,9,,,0,30,,14931,28,,,0,71,,20368,13,,,0,30,,14932,28,,,0,73,,20361,13,,,0,27,,20352,28,,,0,75,,20367,13,,,0,28,,14933,28,,,0,72,,20360,13,,,0,28,,14934,28,,,0,72,,20366,13,,,0,28,,20349,28,,,0,73,,20359,13,,,0,27,,14936,28,,,0,73,,20365,13,,,0,28,,14937,28,,,0,73,,20358,13,,,0,27,,20350,28,,,0,73,,20364,13,,,0,26,,14939,28,,,0,73,,20357,13,,,0,27,,14927,28,,,0,72,,20363,13,,,0,27,,20347,28,,,0,70,,14952,13,,,0,27,,14926,28,,,0,71,,20362,13,,,0,28,,14930,28,,,0,72,,14960,13,,,0,28,,20348,28,,,0,70,,14946,9,,,0,30,,20353,9,,,0
7019,'1800',556,,20373,9,,,0,70,,20376,9,,,0,30,,20377,9,,,0,68,,20378,9,,,0,30,,14966,28,,,0,71,,20390,13,,,0,30,,14967,28,,,0,73,,20383,13,,,0,27,,20374,28,,,0,75,,20389,13,,,0,28,,14968,28,,,0,72,,20382,13,,,0,28,,14969,28,,,0,72,,20388,13,,,0,28,,20371,28,,,0,73,,20381,13,,,0,27,,14971,28,,,0,73,,20387,13,,,0,28,,14972,28,,,0,73,,20380,13,,,0,27,,20372,28,,,0,73,,20386,13,,,0,26,,14974,28,,,0,73,,20379,13,,,0,27,,14962,28,,,0,72,,20385,13,,,0,27,,20369,28,,,0,70,,14987,13,,,0,27,,14961,28,,,0,71,,20384,13,,,0,28,,14965,28,,,0,72,,14995,13,,,0,28,,20370,28,,,0,70,,14981,9,,,0,30,,20375,9,,,0
14019,'1796',526,,15534,18,,,0,100,,20690,18,,,0,80,,20670,18,,,0,30,,20678,18,,,0,68,,20671,18,,,0,23,,15518,18,,,0,30,,15506,18,,,0,70,,15519,18,,,0,30,,20672,18,,,0,70,,20679,18,,,0,30,,20673,18,,,0,70,,20680,18,,,0,30,,20674,18,,,0,70,,20681,18,,,0,30,,15510,18,,,0,70,,20682,18,,,0,30,,20675,18,,,0,70,,20683,18,,,0,30,,20676,18,,,0,71,,20684,18,,,0,80,,15513,18,,,0,30,,20685,18,,,0,70,,15514,18,,,0,30,,20686,18,,,0,70,,20677,18,,,0,19,,20687,18,,,0,30,,15516,18,,,0,70,,20688,18,,,0,30,,20691,18,,,0,69,,20689,18,,,0,92,,15531,18,,,0,100,,15532,18,,,0
14019,'1797',651,,20692,18,,,0,100,,20693,18,,,0,101,,20694,18,,,0,100,,20695,18,,,0,100,,20696,18,,,0,100,,20697,18,,,0,100,,15542,18,,,0,101,,20698,18,,,0,100,,15544,18,,,0,100,,15545,18,,,0,99,,20699,18,,,0,100,,20700,18,,,0,100,,20701,18,,,0,99,,20702,18,,,0,100,,20703,18,,,0,95,,15551,18,,,0,100,,15552,18,,,0
14019,'1798',651,,15566,18,,,0,100,,20716,18,,,0,101,,20705,18,,,0,100,,20706,18,,,0,100,,20707,18,,,0,100,,20708,18,,,0,100,,20709,18,,,0,101,,20710,18,,,0,100,,20711,18,,,0,100,,20712,18,,,0,99,,20713,18,,,0,100,,20714,18,,,0,100,,20715,18,,,0,99,,15554,18,,,0,95,,20704,18,,,0
14019,'1799',651,,15581,18,,,0,100,,20729,18,,,0,101,,20718,18,,,0,100,,20719,18,,,0,100,,20720,18,,,0,100,,20721,18,,,0,100,,20722,18,,,0,101,,20723,18,,,0,100,,20724,18,,,0,100,,20725,18,,,0,99,,20726,18,,,0,100,,20727,18,,,0,100,,20728,18,,,0,99,,15569,18,,,0,95,,20717,18,,,0
14019,'1800',651,,15596,18,,,0,100,,20742,18,,,0,101,,20731,18,,,0,100,,20732,18,,,0,100,,20733,18,,,0,100,,20734,18,,,0,100,,20735,18,,,0,101,,20736,18,,,0,100,,20737,18,,,0,100,,20738,18,,,0,99,,20739,18,,,0,100,,20740,18,,,0,100,,20741,18,,,0,99,,15584,18,,,0,95,,20730,18,,,0
502019,'1796',615,,22109,10,,,0,30,,22110,10,,,0,65,,22150,10,,,0,10,,22111,10,,,0,27,,22112,10,,,0,65,,22113,10,,,0,12,,22114,10,,,0,24,,22115,10,,,0,64,,22116,10,,,0,12,,22117,10,,,0,24,,22118,10,,,0,72,,22119,10,,,0,30,,22120,10,,,0,70,,22121,10,,,0,30,,22122,10,,,0,70,,22123,10,,,0,30,,22124,10,,,0,70,,22125,10,,,0,30,,22126,10,,,0,70,,22127,10,,,0,36,,22128,10,,,0,70,,22129,10,,,0,30,,22130,10,,,0,68,,22131,10,,,0,24,,22132,10,,,0,52,,22133,10,,,0,22,,22134,10,,,0,5,,22151,10,,,0,16,,22135,10,,,0,12,,22136,10,,,0,64,,22137,10,,,0,22,,22138,10,,,0,12,,22139,10,,,0,64,,22140,10,,,0,30,,22141,10,,,0,70,,22142,10,,,0,30,,22143,10,,,0,70,,22144,10,,,0,30,,22145,10,,,0,70,,22146,10,,,0,30,,22147,10,,,0,69,,22148,10,,,0,30,,22149,10,,,0
502019,'1797',645,,22159,10,,,0,70,,22166,10,,,0,30,,22158,10,,,0,70,,22167,10,,,0,32,,22157,10,,,0,70,,22168,10,,,0,30,,22156,10,,,0,71,,22169,10,,,0,30,,22177,10,,,0,70,,22170,10,,,0,30,,22178,10,,,0,71,,22171,10,,,0,30,,22179,10,,,0,70,,22172,10,,,0,30,,22180,10,,,0,71,,22173,10,,,0,30,,22181,10,,,0,70,,22174,10,,,0,30,,22182,10,,,0,69,,22175,10,,,0,30,,22183,10,,,0,69,,22176,10,,,0,30,,22184,10,,,0,69,,22160,10,,,0,30,,22185,10,,,0,70,,22162,10,,,0,99,,22161,10,,,0,30,,22155,10,,,0,70,,22163,10,,,0,30,,22154,10,,,0,70,,22164,10,,,0,30,,22153,10,,,0,70,,22165,10,,,0,30,,22152,10,,,0
502019,'1798',645,,22200,10,,,0,70,,22186,10,,,0,30,,22203,10,,,0,70,,22217,10,,,0,32,,22197,10,,,0,70,,22216,10,,,0,30,,22199,10,,,0,71,,22215,10,,,0,30,,22194,10,,,0,70,,22214,10,,,0,30,,22189,10,,,0,71,,22213,10,,,0,30,,22192,10,,,0,70,,22211,10,,,0,30,,22190,10,,,0,70,,22212,10,,,0,30,,22193,10,,,0,70,,22210,10,,,0,30,,22187,10,,,0,70,,22209,10,,,0,30,,22191,10,,,0,69,,22208,10,,,0,30,,22188,10,,,0,69,,22207,10,,,0,30,,22201,10,,,0,70,,22206,10,,,0,30,,22202,10,,,0,69,,22205,10,,,0,30,,22195,10,,,0,70,,22218,10,,,0,30,,22204,10,,,0,70,,22219,10,,,0,30,,22198,10,,,0,68,,22220,10,,,0,30,,22196,10,,,0
502019,'1799',645,,22235,10,,,0,70,,22221,10,,,0,30,,22238,10,,,0,70,,22252,10,,,0,32,,22232,10,,,0,70,,22251,10,,,0,30,,22234,10,,,0,71,,22250,10,,,0,30,,22229,10,,,0,70,,22249,10,,,0,30,,22224,10,,,0,71,,22248,10,,,0,30,,22227,10,,,0,70,,22246,10,,,0,30,,22225,10,,,0,70,,22247,10,,,0,30,,22228,10,,,0,70,,22245,10,,,0,30,,22222,10,,,0,70,,22244,10,,,0,30,,22226,10,,,0,69,,22243,10,,,0,30,,22223,10,,,0,69,,22242,10,,,0,30,,22236,10,,,0,70,,22241,10,,,0,30,,22237,10,,,0,69,,22240,10,,,0,30,,22230,10,,,0,70,,22253,10,,,0,30,,22239,10,,,0,70,,22254,10,,,0,30,,22233,10,,,0,68,,22255,10,,,0,30,,22231,10,,,0
502019,'1800',645,,22270,10,,,0,70,,22256,10,,,0,30,,22273,10,,,0,70,,22287,10,,,0,32,,22267,10,,,0,70,,22286,10,,,0,30,,22269,10,,,0,71,,22285,10,,,0,30,,22264,10,,,0,70,,22284,10,,,0,30,,22259,10,,,0,71,,22283,10,,,0,30,,22262,10,,,0,70,,22281,10,,,0,30,,22260,10,,,0,70,,22282,10,,,0,30,,22263,10,,,0,70,,22280,10,,,0,30,,22257,10,,,0,70,,22279,10,,,0,30,,22261,10,,,0,69,,22278,10,,,0,30,,22258,10,,,0,69,,22277,10,,,0,30,,22271,10,,,0,70,,22276,10,,,0,30,,22272,10,,,0,69,,22275,10,,,0,30,,22265,10,,,0,70,,22288,10,,,0,30,,22274,10,,,0,70,,22289,10,,,0,30,,22268,10,,,0,68,,22290,10,,,0,30,,22266,10,,,0
14000001029,'1796',505,,19519,47,0,18 7,0,102,,23396,47,0,18 7,0,1812,,23398,47,,,0,30,,19523,47,,,0,70,,23400,47,,,0,30,,23397,47,,,0,70,,19524,47,,,0,30,,23399,47,,,0
14000001029,'1797',602,,19531,47,0,18 7,0,1817,,23404,47,,,0,30,,19528,47,,,0,70,,23401,47,,,0,30,,23402,47,,,0,70,,19532,47,,,0,30,,23403,47,,,0
14000001029,'1798',602,,23409,47,0,18 7,0,1817,,23405,47,,,0,30,,19538,47,,,0,70,,23408,47,,,0,30,,23407,47,,,0,70,,19537,47,,,0,30,,23406,47,,,0
14000001029,'1799',602,,23414,47,0,18 7,0,1817,,23410,47,,,0,30,,19545,47,,,0,70,,23413,47,,,0,30,,23412,47,,,0,70,,19544,47,,,0,30,,23411,47,,,0
14000001029,'1800',602,,23419,47,0,18 7,0,1817,,23415,47,,,0,30,,19552,47,,,0,70,,23418,47,,,0,30,,23417,47,,,0,70,,19551,47,,,0,30,,23416,47,,,0
