7029,'1796',511,,15002,10,,,0,100,,15003,10,,,0,30,,20395,10,,,0,72,,15005,10,,,0,30,,15006,10,,,0,70,,15007,10,,,0,30,,20396,10,,,0,69,,20397,10,,,0,30,,20398,10,,,0,70,,20399,10,,,0,30,,20400,10,,,0,71,,20401,10,,,0,30,,15014,10,,,0,70,,20392,10,,,0,30,,20393,10,,,0,70,,20394,10,,,0,31,,20391,10,,,0,70,,14996,10,,,0,30,,15001,10,,,0,70,,20402,10,,,0,30,,20403,10,,,0,70,,20404,10,,,0,29,,15018,10,,,0,70,,20405,10,,,0,29,,15020,10,,,0,70,,15021,10,,,0,30,,20406,10,,,0,70,,20407,10,,,0,30,,20408,10,,,0,70,,15025,10,,,0,99,,15026,10,,,0,100,,15027,10,,,0,100,,15028,10,,,0
7029,'1797',643,,20409,10,,,0,70,,20420,10,,,0,30,,20410,10,,,0,69,,20421,10,,,0,30,,20411,10,,,0,70,,15045,10,,,0,30,,20412,10,,,0,70,,20422,10,,,0,30,,20413,10,,,0,70,,20423,10,,,0,30,,15034,10,,,0,70,,15048,10,,,0,30,,20414,10,,,0,70,,20424,10,,,0,30,,15036,10,,,0,71,,20425,10,,,0,30,,15037,10,,,0,70,,15051,10,,,0,30,,20415,10,,,0,69,,20426,10,,,0,30,,20416,10,,,0,70,,20427,10,,,0,30,,20417,10,,,0,70,,15054,10,,,0,30,,20418,10,,,0,70,,20428,10,,,0,30,,20419,10,,,0,69,,20429,10,,,0,100,,15057,10,,,0,100,,15058,10,,,0,100,,15059,10,,,0,30,,20430,10,0,13 14,0
7029,'1798',712,,15063,10,,,0,100,,15064,10,,,0,100,,20432,10,,,0,100,,15066,10,,,0,100,,15067,10,,,0,100,,20433,10,,,0,100,,15069,10,,,0,101,,15070,10,,,0,100,,20434,10,,,0,99,,15072,10,,,0,100,,15073,10,,,0,100,,20435,10,,,0,100,,15075,10,,,0,99,,15076,10,,,0,100,,20431,10,,,0,230,,20436,10,0,13 14,0
7029,'1799',712,,15079,10,,,0,100,,15080,10,,,0,100,,20438,10,,,0,100,,15082,10,,,0,100,,15083,10,,,0,100,,20439,10,,,0,100,,15085,10,,,0,101,,15086,10,,,0,100,,20440,10,,,0,99,,15088,10,,,0,100,,15089,10,,,0,100,,20441,10,,,0,100,,15091,10,,,0,99,,15092,10,,,0,100,,20437,10,,,0,230,,20442,10,0,13 14,0
7029,'1800',712,,15095,10,,,0,100,,15096,10,,,0,100,,20444,10,,,0,100,,15098,10,,,0,100,,15099,10,,,0,100,,20445,10,,,0,100,,15101,10,,,0,101,,15102,10,,,0,100,,20446,10,,,0,99,,15104,10,,,0,100,,15105,10,,,0,100,,20447,10,,,0,100,,15107,10,,,0,99,,15108,10,,,0,100,,20443,10,,,0,230,,20448,10,0,13 14,0
20007019,'1796',546,,19415,10,,,0,1494,,23319,10,,,0,100,,23320,10,,,0,100,,19418,10,,,0,100,,23322,10,,,0,100,,23321,10,,,0
20007019,'1797',2040,,23323,10,,,0,100,,23324,10,,,0,100,,19423,10,,,0
20007019,'1798',642,,23341,10,,,0,200,,23327,10,,,0,100,,23328,10,,,0,100,,23329,10,,,0,100,,23330,10,,,0,100,,23331,10,,,0,100,,23332,10,,,0,101,,23333,10,,,0,100,,23334,10,,,0,99,,23335,10,,,0,100,,23336,10,,,0,100,,23337,10,,,0,100,,23338,10,,,0,98,,23339,10,,,0,100,,23340,10,,,0,70,,19440,10,,,0,30,,23326,10,,,0,70,,23325,10,,,0
20007019,'1799',642,,23358,10,,,0,200,,23344,10,,,0,100,,23345,10,,,0,100,,23346,10,,,0,100,,23347,10,,,0,100,,23348,10,,,0,100,,23349,10,,,0,101,,23350,10,,,0,100,,23351,10,,,0,99,,23352,10,,,0,100,,23353,10,,,0,100,,23354,10,,,0,100,,23355,10,,,0,98,,23356,10,,,0,100,,23357,10,,,0,70,,19458,10,,,0,30,,23343,10,,,0,70,,23342,10,,,0
20007019,'1800',642,,23375,10,,,0,200,,23361,10,,,0,100,,23362,10,,,0,100,,23363,10,,,0,100,,23364,10,,,0,100,,23365,10,,,0,100,,23366,10,,,0,101,,23367,10,,,0,100,,23368,10,,,0,99,,23369,10,,,0,100,,23370,10,,,0,100,,23371,10,,,0,100,,23372,10,,,0,98,,23373,10,,,0,100,,23374,10,,,0,70,,19476,10,,,0,30,,23360,10,,,0,70,,23359,10,,,0
