22019,'1796',601,,16313,9,0,19 2 24 1 25 26,0,26,,21266,9,0,19 2 24 1 25 26,0,27,,21240,9,0,19 2 24 1 25 26,0,70,,21241,9,0,19 2 24 1 25 26,0,35,,21242,11,,,0,70,,16287,11,,,0,30,,16288,11,,,0,69,,21243,11,,,0,30,,21244,11,,,0,69,,21245,11,,,0,30,,21246,11,,,0,70,,21247,11,,,0,30,,21248,11,,,0,71,,21249,11,,,0,30,,21250,11,,,0,71,,21251,11,,,0,30,,21252,11,,,0,70,,21253,11,,,0,72,,21254,11,,,0,30,,21255,11,,,0,28,,21265,11,,,0,70,,21256,11,,,0,29,,21257,11,,,0,69,,21258,11,,,0,30,,21259,11,,,0,69,,21260,11,,,0,30,,16307,11,,,0,70,,21261,11,,,0,29,,21262,11,,,0,68,,21263,11,,,0,30,,16311,11,,,0,68,,21264,9,0,19 2 24 1 25 26,0
22019,'1797',625,,16335,9,0,19 2 24 1 25 26,0,24,,16340,9,0,19 2 24 1 25 26,0,70,,16336,9,0,19 2 24 1 25 26,0,30,,16341,9,0,19 2 24 1 25 26,0,70,,16337,9,0,19 2 24 1 25 26,0,33,,16316,11,,,0,72,,16317,11,,,0,30,,16318,11,,,0,70,,16319,11,,,0,30,,16320,11,,,0,70,,16321,11,,,0,30,,16322,11,,,0,70,,16323,11,,,0,31,,16324,11,,,0,70,,16325,11,,,0,30,,16326,11,,,0,70,,16327,11,,,0,31,,16328,11,,,0,70,,16329,11,,,0,30,,16330,11,,,0,70,,16331,11,,,0,29,,16332,11,,,0,70,,16333,11,,,0,27,,16342,9,0,19 2 24 1 25 26,0,70,,16338,9,0,19 2 24 1 25 26,0,30,,16343,9,0,19 2 24 1 25 26,0,69,,16334,9,0,19 2 24 1 25 26,0,30,,16344,9,0,19 2 24 1 25 26,0,69,,16339,9,0,19 2 24 1 25 26,0,30,,16345,9,0,19 2 24 1 25 26,0,70,,16346,9,0,19 2 24 1 25 26,0
22019,'1798',653,,21276,9,0,19 2 24 1 25 26,0,94,,21277,9,0,19 2 24 1 25 26,0,102,,21274,11,,,0,100,,21275,11,,,0,100,,21268,11,,,0,100,,21273,11,,,0,100,,21269,11,,,0,100,,21270,11,,,0,100,,21267,11,,,0,100,,21271,11,,,0,100,,21272,11,,,0,98,,16358,9,0,19 2 24 1 25 26,0,100,,21278,9,0,19 2 24 1 25 26,0,100,,16360,9,0,19 2 24 1 25 26,0,108,,21279,9,0,19 2 24 1 25 26,0
22019,'1799',653,,21289,9,0,19 2 24 1 25 26,0,94,,21290,9,0,19 2 24 1 25 26,0,102,,21287,11,,,0,100,,21288,11,,,0,100,,21281,11,,,0,100,,21286,11,,,0,100,,21282,11,,,0,100,,21283,11,,,0,100,,21280,11,,,0,100,,21284,11,,,0,100,,21285,11,,,0,98,,16373,9,0,19 2 24 1 25 26,0,100,,21291,9,0,19 2 24 1 25 26,0,100,,16375,9,0,19 2 24 1 25 26,0,108,,21292,9,0,19 2 24 1 25 26,0
22019,'1800',653,,21302,9,0,19 2 24 1 25 26,0,94,,21303,9,0,19 2 24 1 25 26,0,102,,21300,11,,,0,100,,21301,11,,,0,100,,21294,11,,,0,100,,21299,11,,,0,100,,21295,11,,,0,100,,21296,11,,,0,100,,21293,11,,,0,100,,21297,11,,,0,100,,21298,11,,,0,98,,16388,9,0,19 2 24 1 25 26,0,100,,21304,9,0,19 2 24 1 25 26,0,100,,16390,9,0,19 2 24 1 25 26,0,108,,21305,9,0,19 2 24 1 25 26,0
602019,'1796',622,,17998,13,,,0,28,,17974,13,0,19 2 11 2 24 1 25 26,0,61,,17988,13,0,19 2 11 2 24 1 25 26,0,13,,22573,13,0,19 2 11 2 24 1 25 26,0,15,,17973,13,0,19 2 11 2 24 1 25 26,0,15,,22570,13,0,19 2 11 2 24 1 25 26,0,55,,17987,13,0,19 2 11 2 24 1 25 26,0,15,,22572,13,0,19 2 11 2 24 1 25 26,0,15,,18000,13,0,19 2 11 2 24 1 25 26,0,15,,22571,13,0,19 2 11 2 24 1 25 26,0,56,,17997,14,,,0,23,,18006,14,,,0,70,,18004,14,,,0,30,,18011,14,,,0,70,,18009,14,,,0,30,,18005,14,,,0,70,,18003,14,,,0,30,,18010,14,,,0,70,,18001,14,,,0,31,,18007,14,,,0,70,,18002,14,,,0,30,,18008,14,,,0,21,,17984,13,0,19 2 11 2 24 1 25 26,0,55,,17993,13,0,19 2 11 2 24 1 25 26,0,15,,17985,13,0,19 2 11 2 24 1 25 26,0,15,,17992,13,0,19 2 11 2 24 1 25 26,0,15,,17978,13,0,19 2 11 2 24 1 25 26,0,55,,17991,13,0,19 2 11 2 24 1 25 26,0,15,,17983,13,0,19 2 11 2 24 1 25 26,0,15,,17995,13,0,19 2 11 2 24 1 25 26,0,14,,17982,13,0,19 2 11 2 24 1 25 26,0,55,,17990,13,0,19 2 11 2 24 1 25 26,0,14,,17979,13,0,19 2 11 2 24 1 25 26,0,15,,17994,13,0,19 2 11 2 24 1 25 26,0,15,,17975,13,0,19 2 11 2 24 1 25 26,0,55,,17999,13,0,19 2 11 2 24 1 25 26,0,14,,17980,13,0,19 2 11 2 24 1 25 26,0,16,,17989,14,,,0,17,,17963,14,,,0,70,,17964,14,,,0,12,,17996,14,,,0,18,,17969,14,,,0,70,,17967,14,,,0,30,,17968,14,,,0,69,,17972,14,,,0,30,,17965,14,,,0,70,,17970,14,,,0,30,,17966,14,,,0,76,,17971,14,,,0
602019,'1797',632,,18046,13,,,0,27,,18028,14,,,0,70,,18045,14,,,0,30,,18027,14,,,0,70,,18044,14,,,0,30,,18026,14,,,0,70,,18043,14,,,0,30,,18025,14,,,0,70,,18042,14,,,0,30,,18024,14,,,0,71,,18041,14,,,0,70,,18022,14,,,0,30,,18040,14,,,0,70,,18023,14,,,0,30,,18038,14,,,0,70,,18021,14,,,0,30,,18039,14,,,0,70,,18014,14,,,0,30,,18037,14,,,0,70,,18015,14,,,0,30,,18036,14,,,0,70,,18013,14,,,0,30,,18035,14,,,0,70,,18016,14,,,0,30,,18034,14,,,0,70,,18019,14,,,0,30,,18032,14,,,0,70,,18020,14,,,0,29,,18033,14,,,0,30,,18018,14,,,0,70,,18030,14,,,0,30,,18017,14,,,0,70,,18031,14,,,0,30,,18012,14,,,0,70,,18029,14,,,0
602019,'1798',2229,,18049,14,,,0,30,,18048,14,,,0,70,,18047,14,,,0
602019,'1799',632,,18078,13,,,0,27,,18075,14,,,0,70,,18060,14,,,0,30,,18064,14,,,0,70,,18079,14,,,0,30,,18055,14,,,0,70,,18051,14,,,0,30,,18074,14,,,0,70,,18071,14,,,0,30,,18065,14,,,0,71,,18073,14,,,0,70,,18083,14,,,0,30,,18072,14,,,0,70,,18052,14,,,0,30,,18081,14,,,0,70,,18082,14,,,0,30,,18050,14,,,0,70,,18076,14,,,0,30,,18059,14,,,0,70,,18061,14,,,0,30,,18084,14,,,0,70,,18066,14,,,0,30,,18056,14,,,0,70,,18069,14,,,0,30,,18080,14,,,0,70,,18054,14,,,0,30,,18058,14,,,0,70,,18067,14,,,0,29,,18057,14,,,0,30,,18070,14,,,0,70,,18063,14,,,0,30,,18077,14,,,0,70,,18062,14,,,0,30,,18068,14,,,0,70,,18053,14,,,0
602019,'1800',2229,,18087,14,,,0,30,,18086,14,,,0,70,,18085,14,,,0
