2019,'1796',457,,19803,18,0,5 2 13 14,0,176,,14015,27,,,0,70,,14016,27,,,0,29,,14017,27,,,0,71,,14018,27,,,0,30,,14019,27,,,0,70,,14020,27,,,0,30,,14021,27,,,0,70,,14022,27,,,0,30,,14023,27,,,0,70,,14024,27,,,0,30,,14025,27,,,0,70,,14026,27,,,0,30,,14027,27,,,0,70,,14028,27,,,0,30,,14029,27,,,0,70,,14030,27,,,0,30,,14031,27,,,0,70,,14032,27,,,0,30,,14033,27,,,0,70,,14034,27,,,0,30,,14035,27,,,0,70,,14036,27,,,0,30,,14037,27,,,0,70,,14038,27,,,0,30,,14039,27,,,0,70,,14045,27,,,0,30,,14040,27,,,0,100,,14041,27,,,0,100,,14042,27,,,0,100,,14043,27,,,0,100,,14044,27,,,0
2019,'1797',632,,14047,18,,,0,70,,14054,27,,,0,30,,14063,27,,,0,70,,14070,27,,,0,30,,14048,27,,,0,70,,14055,27,,,0,30,,14064,27,,,0,70,,14071,27,,,0,30,,14049,27,,,0,70,,14056,27,,,0,30,,14065,27,,,0,70,,14072,27,,,0,30,,14050,27,,,0,70,,14057,27,,,0,30,,14066,27,,,0,70,,14073,27,,,0,30,,14051,27,,,0,70,,14058,27,,,0,30,,14067,27,,,0,70,,14074,27,,,0,30,,14052,27,,,0,70,,14059,27,,,0,30,,14068,27,,,0,70,,14075,27,,,0,30,,14053,27,,,0,70,,14060,27,,,0,30,,14069,27,,,0,100,,14061,27,,,0,100,,14076,27,,,0,100,,14062,27,,,0,100,,14077,27,,,0
2019,'1798',702,,14105,27,,,0,30,,14082,27,,,0,70,,14086,27,,,0,30,,14098,27,,,0,70,,14093,27,,,0,30,,14083,27,,,0,70,,14087,27,,,0,30,,14099,27,,,0,70,,14094,27,,,0,30,,14084,27,,,0,70,,14088,27,,,0,30,,14100,27,,,0,70,,14095,27,,,0,30,,14085,27,,,0,70,,14089,27,,,0,30,,14101,27,,,0,70,,14096,27,,,0,30,,14080,27,,,0,70,,14090,27,,,0,30,,14102,27,,,0,70,,14097,27,,,0,30,,14078,27,,,0,70,,14091,27,,,0,30,,14103,27,,,0,100,,14079,27,,,0,100,,14104,27,,,0,100,,14081,27,,,0,100,,14092,27,,,0,99,,14106,27,,,0
2019,'1799',702,,14134,27,,,0,30,,14111,27,,,0,70,,14115,27,,,0,30,,14127,27,,,0,70,,14122,27,,,0,30,,14112,27,,,0,70,,14116,27,,,0,30,,14128,27,,,0,70,,14123,27,,,0,30,,14113,27,,,0,70,,14117,27,,,0,30,,14129,27,,,0,70,,14124,27,,,0,30,,14114,27,,,0,70,,14118,27,,,0,30,,14130,27,,,0,70,,14125,27,,,0,30,,14109,27,,,0,70,,14119,27,,,0,30,,14131,27,,,0,70,,14126,27,,,0,30,,14107,27,,,0,70,,14120,27,,,0,30,,14132,27,,,0,100,,14108,27,,,0,100,,14133,27,,,0,100,,14110,27,,,0,100,,14121,27,,,0,99,,14135,27,,,0
2019,'1800',702,,14163,27,,,0,30,,14140,27,,,0,70,,14144,27,,,0,30,,14156,27,,,0,70,,14151,27,,,0,30,,14141,27,,,0,70,,14145,27,,,0,30,,14157,27,,,0,70,,14152,27,,,0,30,,14142,27,,,0,70,,14146,27,,,0,30,,14158,27,,,0,70,,14153,27,,,0,30,,14143,27,,,0,70,,14147,27,,,0,30,,14159,27,,,0,70,,14154,27,,,0,30,,14138,27,,,0,70,,14148,27,,,0,30,,14160,27,,,0,70,,14155,27,,,0,30,,14136,27,,,0,70,,14149,27,,,0,30,,14161,27,,,0,100,,14137,27,,,0,100,,14162,27,,,0,100,,14139,27,,,0,100,,14150,27,,,0,99,,14164,27,,,0
4019,'1796',617,,19810,2,,,0,30,,19836,2,,,0,70,,19811,2,,,0,27,,19812,2,,,0,76,,19813,2,,,0,24,,19814,2,,,0,76,,19815,2,,,0,27,,19816,2,,,0,70,,19817,2,,,0,30,,19818,2,,,0,70,,19819,2,,,0,30,,19820,2,,,0,70,,19821,2,,,0,30,,19822,2,,,0,70,,19823,2,,,0,30,,19824,2,,,0,70,,19825,2,,,0,32,,19826,2,,,0,70,,19827,2,,,0,31,,19828,2,,,0,64,,19829,2,,,0,36,,19830,2,,,0,64,,19831,2,,,0,36,,19832,2,,,0,62,,19833,2,,,0,35,,19834,2,,,0,70,,19835,2,,,0,30,,19804,2,,,0,70,,19805,2,,,0,30,,19806,2,,,0,70,,19807,2,,,0,30,,19808,2,,,0,70,,19809,2,,,0
4019,'1797',646,,19868,2,,,0,70,,19844,2,,,0,30,,19838,2,,,0,70,,19848,2,,,0,30,,19859,2,,,0,70,,19854,2,,,0,30,,19842,2,,,0,71,,19864,2,,,0,30,,19841,2,,,0,70,,19861,2,,,0,30,,19856,2,,,0,70,,19849,2,,,0,30,,19862,2,,,0,70,,19865,2,,,0,30,,19840,2,,,0,70,,19851,2,,,0,30,,19839,2,,,0,70,,19845,2,,,0,30,,19863,2,,,0,70,,19860,2,,,0,30,,19857,2,,,0,70,,19846,2,,,0,30,,19866,2,,,0,70,,19867,2,,,0,30,,19837,2,,,0,70,,19852,2,,,0,30,,19850,2,,,0,70,,19858,2,,,0,30,,19843,2,,,0,70,,19853,2,,,0,30,,19847,2,,,0,70,,19855,2,,,0
4019,'1798',746,,19892,2,,,0,70,,19893,2,,,0,30,,19890,2,,,0,70,,19894,2,,,0,30,,19891,2,,,0,71,,19875,2,,,0,30,,19879,2,,,0,70,,19883,2,,,0,30,,19886,2,,,0,70,,19871,2,,,0,30,,19874,2,,,0,70,,19878,2,,,0,30,,19882,2,,,0,70,,19884,2,,,0,30,,19870,2,,,0,70,,19873,2,,,0,30,,19877,2,,,0,70,,19881,2,,,0,30,,19885,2,,,0,70,,19869,2,,,0,30,,19872,2,,,0,70,,19876,2,,,0,30,,19880,2,,,0,70,,19889,2,,,0,30,,19895,2,,,0,70,,19887,2,,,0,30,,19896,2,,,0,70,,19888,2,,,0
4019,'1799',746,,19920,2,,,0,70,,19921,2,,,0,30,,19918,2,,,0,70,,19922,2,,,0,30,,19919,2,,,0,71,,19903,2,,,0,30,,19907,2,,,0,70,,19911,2,,,0,30,,19914,2,,,0,70,,19899,2,,,0,30,,19902,2,,,0,70,,19906,2,,,0,30,,19910,2,,,0,70,,19912,2,,,0,30,,19898,2,,,0,70,,19901,2,,,0,30,,19905,2,,,0,70,,19909,2,,,0,30,,19913,2,,,0,70,,19897,2,,,0,30,,19900,2,,,0,70,,19904,2,,,0,30,,19908,2,,,0,70,,19917,2,,,0,30,,19923,2,,,0,70,,19915,2,,,0,30,,19924,2,,,0,70,,19916,2,,,0
4019,'1800',746,,19948,2,,,0,70,,19949,2,,,0,30,,19946,2,,,0,70,,19950,2,,,0,30,,19947,2,,,0,71,,19931,2,,,0,30,,19935,2,,,0,70,,19939,2,,,0,30,,19942,2,,,0,70,,19927,2,,,0,30,,19930,2,,,0,70,,19934,2,,,0,30,,19938,2,,,0,70,,19940,2,,,0,30,,19926,2,,,0,70,,19929,2,,,0,30,,19933,2,,,0,70,,19937,2,,,0,30,,19941,2,,,0,70,,19925,2,,,0,30,,19928,2,,,0,70,,19932,2,,,0,30,,19936,2,,,0,70,,19945,2,,,0,30,,19951,2,,,0,70,,19943,2,,,0,30,,19952,2,,,0,70,,19944,2,,,0
502019,'1796',601,,22109,2,,,0,30,,22110,2,,,0,25,,22150,2,,,0,50,,22111,2,,,0,25,,22112,2,,,0,24,,22113,2,,,0,52,,22114,2,,,0,24,,22115,2,,,0,24,,22116,2,,,0,52,,22117,2,,,0,24,,22118,2,,,0,70,,22119,2,,,0,30,,22120,2,,,0,70,,22121,2,,,0,30,,22122,2,,,0,71,,22123,2,,,0,30,,22124,2,,,0,70,,22125,2,,,0,30,,22126,2,,,0,70,,22127,2,,,0,32,,22128,2,,,0,70,,22129,2,,,0,30,,22130,2,,,0,68,,22131,2,,,0,24,,22132,2,,,0,12,,22133,2,,,0,64,,22134,2,,,0,6,,22151,2,,,0,17,,22135,2,,,0,12,,22136,2,,,0,64,,22137,2,,,0,22,,22138,2,,,0,12,,22139,2,,,0,66,,22140,2,,,0,30,,22141,2,,,0,70,,22142,2,,,0,30,,22143,2,,,0,70,,22144,2,,,0,30,,22145,2,,,0,70,,22146,2,,,0,30,,22147,2,,,0,70,,22148,2,,,0,30,,22149,2,,,0
502019,'1797',631,,22159,2,,,0,70,,22166,2,,,0,30,,22158,2,,,0,70,,22167,2,,,0,30,,22157,2,,,0,70,,22168,2,,,0,30,,22156,2,,,0,70,,22169,2,,,0,30,,22177,2,,,0,70,,22170,2,,,0,30,,22178,2,,,0,70,,22171,2,,,0,30,,22179,2,,,0,70,,22172,2,,,0,30,,22180,2,,,0,70,,22173,2,,,0,30,,22181,2,,,0,70,,22174,2,,,0,30,,22182,2,,,0,70,,22175,2,,,0,30,,22183,2,,,0,70,,22176,2,,,0,30,,22184,2,,,0,70,,22160,2,,,0,30,,22185,2,,,0,70,,22162,2,,,0,100,,22161,2,,,0,30,,22155,2,,,0,70,,22163,2,,,0,30,,22154,2,,,0,70,,22164,2,,,0,30,,22153,2,,,0,70,,22165,2,,,0,30,,22152,2,,,0
502019,'1798',631,,22200,2,,,0,70,,22186,2,,,0,30,,22203,2,,,0,70,,22217,2,,,0,30,,22197,2,,,0,70,,22216,2,,,0,30,,22199,2,,,0,70,,22215,2,,,0,30,,22194,2,,,0,70,,22214,2,,,0,30,,22189,2,,,0,70,,22213,2,,,0,30,,22192,2,,,0,70,,22211,2,,,0,30,,22190,2,,,0,70,,22212,2,,,0,30,,22193,2,,,0,70,,22210,2,,,0,30,,22187,2,,,0,70,,22209,2,,,0,30,,22191,2,,,0,70,,22208,2,,,0,30,,22188,2,,,0,70,,22207,2,,,0,30,,22201,2,,,0,70,,22206,2,,,0,30,,22202,2,,,0,70,,22205,2,,,0,30,,22195,2,,,0,70,,22218,2,,,0,30,,22204,2,,,0,70,,22219,2,,,0,30,,22198,2,,,0,70,,22220,2,,,0,30,,22196,2,,,0
502019,'1799',631,,22235,2,,,0,70,,22221,2,,,0,30,,22238,2,,,0,70,,22252,2,,,0,30,,22232,2,,,0,70,,22251,2,,,0,30,,22234,2,,,0,70,,22250,2,,,0,30,,22229,2,,,0,70,,22249,2,,,0,30,,22224,2,,,0,70,,22248,2,,,0,30,,22227,2,,,0,70,,22246,2,,,0,30,,22225,2,,,0,70,,22247,2,,,0,30,,22228,2,,,0,70,,22245,2,,,0,30,,22222,2,,,0,70,,22244,2,,,0,30,,22226,2,,,0,70,,22243,2,,,0,30,,22223,2,,,0,70,,22242,2,,,0,30,,22236,2,,,0,70,,22241,2,,,0,30,,22237,2,,,0,70,,22240,2,,,0,30,,22230,2,,,0,70,,22253,2,,,0,30,,22239,2,,,0,70,,22254,2,,,0,30,,22233,2,,,0,70,,22255,2,,,0,30,,22231,2,,,0
502019,'1800',631,,22270,2,,,0,70,,22256,2,,,0,30,,22273,2,,,0,70,,22287,2,,,0,30,,22267,2,,,0,70,,22286,2,,,0,30,,22269,2,,,0,70,,22285,2,,,0,30,,22264,2,,,0,70,,22284,2,,,0,30,,22259,2,,,0,70,,22283,2,,,0,30,,22262,2,,,0,70,,22281,2,,,0,30,,22260,2,,,0,70,,22282,2,,,0,30,,22263,2,,,0,70,,22280,2,,,0,30,,22257,2,,,0,70,,22279,2,,,0,30,,22261,2,,,0,70,,22278,2,,,0,30,,22258,2,,,0,70,,22277,2,,,0,30,,22271,2,,,0,70,,22276,2,,,0,30,,22272,2,,,0,70,,22275,2,,,0,30,,22265,2,,,0,70,,22288,2,,,0,30,,22274,2,,,0,70,,22289,2,,,0,30,,22268,2,,,0,70,,22290,2,,,0,30,,22266,2,,,0
701019,'1796',558,,18088,2,,,0,70,,22574,2,,,0,18,,18090,2,,,0,55,,22575,2,,,0,15,,18092,2,,,0,15,,18093,2,,,0,15,,18094,2,,,0,55,,22576,2,,,0,15,,18096,2,,,0,15,,22577,2,,,0,15,,18098,2,,,0,55,,18099,2,,,0,15,,18100,2,,,0,15,,22578,2,,,0,15,,18196,2,,,0,55,,22579,2,,,0,15,,18103,2,,,0,15,,18104,2,,,0,15,,18105,2,,,0,55,,22580,2,,,0,15,,22581,2,,,0,15,,22582,2,,,0,15,,18109,2,,,0,55,,22583,2,,,0,15,,22584,2,,,0,15,,22585,2,,,0,15,,18113,2,,,0,55,,22586,2,,,0,15,,22587,2,,,0,15,,22588,2,,,0,15,,22589,2,,,0,55,,22590,2,,,0,15,,22591,2,,,0,15,,22592,2,,,0,15,,22593,2,,,0,55,,22629,2,,,0,15,,18122,2,,,0,15,,22594,2,,,0,15,,22595,2,,,0,55,,22596,2,,,0,15,,18190,2,,,0,15,,22597,2,,,0,15,,22598,2,,,0,55,,18128,2,,,0,15,,18129,2,,,0,15,,22599,2,,,0,15,,22600,2,,,0,55,,22601,2,,,0,15,,22602,2,,,0,15,,22603,2,,,0,15,,18135,2,,,0,55,,22604,2,,,0,15,,18137,2,,,0,15,,18138,2,,,0,15,,22605,2,,,0,55,,22606,2,,,0,15,,18141,2,,,0,15,,22607,2,,,0,15,,18143,2,,,0,70,,18144,2,,,0,30,,18145,2,,,0,70,,18146,2,,,0,30,,18147,2,,,0,70,,22608,2,,,0,25,,18149,2,,,0,65,,22609,2,,,0
701019,'1797',618,,18266,2,,,0,28,,22660,2,,,0,70,,18211,2,,,0,30,,18223,2,,,0,55,,22688,2,,,0,15,,22664,2,,,0,15,,18270,2,,,0,15,,18201,2,,,0,55,,18271,2,,,0,15,,18212,2,,,0,15,,22691,2,,,0,15,,22654,2,,,0,55,,18281,2,,,0,15,,18236,2,,,0,15,,18276,2,,,0,15,,22635,2,,,0,55,,22692,2,,,0,15,,22644,2,,,0,15,,18277,2,,,0,15,,18225,2,,,0,55,,18280,2,,,0,15,,22665,2,,,0,15,,22695,2,,,0,15,,22636,2,,,0,55,,18291,2,,,0,15,,22645,2,,,0,15,,18290,2,,,0,15,,22655,2,,,0,55,,22694,2,,,0,15,,22666,2,,,0,15,,18288,2,,,0,15,,22637,2,,,0,55,,18287,2,,,0,15,,22646,2,,,0,15,,22696,2,,,0,15,,22656,2,,,0,55,,18286,2,,,0,15,,22667,2,,,0,15,,18285,2,,,0,15,,22638,2,,,0,55,,22693,2,,,0,15,,22647,2,,,0,15,,18283,2,,,0,15,,22657,2,,,0,55,,18282,2,,,0,15,,22668,2,,,0,15,,22697,2,,,0,15,,22639,2,,,0,55,,18267,2,,,0,15,,22648,2,,,0,15,,18272,2,,,0,15,,22658,2,,,0,55,,22689,2,,,0,15,,22669,2,,,0,15,,18274,2,,,0,15,,22640,2,,,0,70,,22649,2,,,0,30,,22659,2,,,0,70,,22670,2,,,0,30,,22684,2,,,0,70,,22686,2,,,0,25,,22690,2,,,0,65,,22687,2,,,0
701019,'1798',618,,22723,2,,,0,28,,22756,2,,,0,70,,22741,2,,,0,30,,22722,2,,,0,55,,18320,2,,,0,15,,22759,2,,,0,15,,22700,2,,,0,15,,22730,2,,,0,55,,18304,2,,,0,15,,22719,2,,,0,15,,18321,2,,,0,15,,18383,2,,,0,55,,22699,2,,,0,15,,22739,2,,,0,15,,18305,2,,,0,15,,22718,2,,,0,55,,18300,2,,,0,15,,22752,2,,,0,15,,18308,2,,,0,15,,18362,2,,,0,55,,18303,2,,,0,15,,22715,2,,,0,15,,18315,2,,,0,15,,18380,2,,,0,55,,18306,2,,,0,15,,18358,2,,,0,15,,18311,2,,,0,15,,22713,2,,,0,55,,18314,2,,,0,15,,22760,2,,,0,15,,18301,2,,,0,15,,22735,2,,,0,55,,18313,2,,,0,15,,22711,2,,,0,15,,18317,2,,,0,15,,22755,2,,,0,55,,18298,2,,,0,15,,22740,2,,,0,15,,18299,2,,,0,15,,22709,2,,,0,55,,18316,2,,,0,15,,22749,2,,,0,15,,18297,2,,,0,15,,22732,2,,,0,55,,18312,2,,,0,15,,22708,2,,,0,15,,18318,2,,,0,15,,22748,2,,,0,55,,18309,2,,,0,15,,22733,2,,,0,15,,18310,2,,,0,15,,22706,2,,,0,55,,18319,2,,,0,15,,22761,2,,,0,15,,18307,2,,,0,15,,22731,2,,,0,70,,22703,2,,,0,30,,22757,2,,,0,70,,22727,2,,,0,30,,22701,2,,,0,70,,22762,2,,,0,25,,22764,2,,,0,65,,22763,2,,,0
701019,'1799',618,,22790,2,,,0,28,,22823,2,,,0,70,,22808,2,,,0,30,,22789,2,,,0,55,,18419,2,,,0,15,,22826,2,,,0,15,,22767,2,,,0,15,,22797,2,,,0,55,,18403,2,,,0,15,,22786,2,,,0,15,,18420,2,,,0,15,,18482,2,,,0,55,,22766,2,,,0,15,,22806,2,,,0,15,,18404,2,,,0,15,,22785,2,,,0,55,,18399,2,,,0,15,,22819,2,,,0,15,,18407,2,,,0,15,,18461,2,,,0,55,,18402,2,,,0,15,,22782,2,,,0,15,,18414,2,,,0,15,,18479,2,,,0,55,,18405,2,,,0,15,,18457,2,,,0,15,,18410,2,,,0,15,,22780,2,,,0,55,,18413,2,,,0,15,,22827,2,,,0,15,,18400,2,,,0,15,,22802,2,,,0,55,,18412,2,,,0,15,,22778,2,,,0,15,,18416,2,,,0,15,,22822,2,,,0,55,,18397,2,,,0,15,,22807,2,,,0,15,,18398,2,,,0,15,,22776,2,,,0,55,,18415,2,,,0,15,,22816,2,,,0,15,,18396,2,,,0,15,,22799,2,,,0,55,,18411,2,,,0,15,,22775,2,,,0,15,,18417,2,,,0,15,,22815,2,,,0,55,,18408,2,,,0,15,,22800,2,,,0,15,,18409,2,,,0,15,,22773,2,,,0,55,,18418,2,,,0,15,,22828,2,,,0,15,,18406,2,,,0,15,,22798,2,,,0,70,,22770,2,,,0,30,,22824,2,,,0,70,,22794,2,,,0,30,,22768,2,,,0,70,,22829,2,,,0,25,,22831,2,,,0,65,,22830,2,,,0
701019,'1800',618,,22857,2,,,0,28,,22890,2,,,0,70,,22875,2,,,0,30,,22856,2,,,0,55,,18518,2,,,0,15,,22893,2,,,0,15,,22834,2,,,0,15,,22864,2,,,0,55,,18502,2,,,0,15,,22853,2,,,0,15,,18519,2,,,0,15,,18581,2,,,0,55,,22833,2,,,0,15,,22873,2,,,0,15,,18503,2,,,0,15,,22852,2,,,0,55,,18498,2,,,0,15,,22886,2,,,0,15,,18506,2,,,0,15,,18560,2,,,0,55,,18501,2,,,0,15,,22849,2,,,0,15,,18513,2,,,0,15,,18578,2,,,0,55,,18504,2,,,0,15,,18556,2,,,0,15,,18509,2,,,0,15,,22847,2,,,0,55,,18512,2,,,0,15,,22894,2,,,0,15,,18499,2,,,0,15,,22869,2,,,0,55,,18511,2,,,0,15,,22845,2,,,0,15,,18515,2,,,0,15,,22889,2,,,0,55,,18496,2,,,0,15,,22874,2,,,0,15,,18497,2,,,0,15,,22843,2,,,0,55,,18514,2,,,0,15,,22883,2,,,0,15,,18495,2,,,0,15,,22866,2,,,0,55,,18510,2,,,0,15,,22842,2,,,0,15,,18516,2,,,0,15,,22882,2,,,0,55,,18507,2,,,0,15,,22867,2,,,0,15,,18508,2,,,0,15,,22840,2,,,0,55,,18517,2,,,0,15,,22895,2,,,0,15,,18505,2,,,0,15,,22865,2,,,0,70,,22837,2,,,0,30,,22891,2,,,0,70,,22861,2,,,0,30,,22835,2,,,0,70,,22896,2,,,0,25,,22898,2,,,0,65,,22897,2,,,0
702019,'1796',631,,22900,2,,,0,25,,18594,2,,,0,64,,18628,2,,,0,21,,18595,2,,,0,15,,22901,2,,,0,63,,18597,2,,,0,17,,18629,2,,,0,12,,18627,2,,,0,68,,18598,2,,,0,30,,18599,2,,,0,70,,18600,2,,,0,30,,18633,2,,,0,70,,18601,2,,,0,30,,22902,2,,,0,70,,18603,2,,,0,30,,22903,2,,,0,70,,22904,2,,,0,30,,22905,2,,,0,70,,18607,2,,,0,31,,22906,2,,,0,65,,18630,2,,,0,20,,18609,2,,,0,20,,22907,2,,,0,60,,22908,2,,,0,20,,22909,2,,,0,19,,22916,2,,,0,60,,22910,2,,,0,20,,22911,2,,,0,20,,22912,2,,,0,65,,18616,2,,,0,30,,18617,2,,,0,70,,22913,2,,,0,30,,18619,2,,,0,70,,18620,2,,,0,30,,22914,2,,,0,70,,18622,2,,,0,30,,18623,2,,,0,70,,18624,2,,,0,30,,22915,2,,,0,65,,18626,2,,,0,25,,18632,2,,,0
702019,'1797',646,,18661,2,,,0,70,,18663,2,,,0,30,,22944,2,,,0,70,,18660,2,,,0,30,,18662,2,,,0,70,,22942,2,,,0,30,,18667,2,,,0,70,,22943,2,,,0,30,,22923,2,,,0,70,,18647,2,,,0,30,,22936,2,,,0,70,,22917,2,,,0,30,,22924,2,,,0,70,,22930,2,,,0,30,,22937,2,,,0,70,,22918,2,,,0,30,,22925,2,,,0,70,,22931,2,,,0,30,,22938,2,,,0,70,,22919,2,,,0,30,,22926,2,,,0,70,,22932,2,,,0,30,,22939,2,,,0,70,,22920,2,,,0,30,,22927,2,,,0,70,,22933,2,,,0,30,,22940,2,,,0,70,,22921,2,,,0,30,,22928,2,,,0,70,,22934,2,,,0,30,,22941,2,,,0,70,,22922,2,,,0,30,,22929,2,,,0,65,,22935,2,,,0,25,,22945,2,,,0
702019,'1798',646,,22966,2,,,0,70,,22956,2,,,0,30,,22976,2,,,0,70,,22962,2,,,0,30,,22955,2,,,0,70,,22975,2,,,0,30,,22965,2,,,0,70,,22954,2,,,0,30,,18695,2,,,0,70,,22961,2,,,0,30,,22953,2,,,0,70,,22967,2,,,0,30,,18680,2,,,0,70,,22952,2,,,0,30,,22974,2,,,0,70,,22960,2,,,0,30,,22951,2,,,0,70,,22971,2,,,0,30,,22964,2,,,0,70,,22950,2,,,0,30,,22970,2,,,0,70,,22959,2,,,0,30,,22949,2,,,0,70,,22969,2,,,0,30,,22958,2,,,0,70,,22948,2,,,0,30,,22973,2,,,0,70,,22957,2,,,0,30,,22947,2,,,0,70,,22972,2,,,0,30,,22963,2,,,0,70,,22946,2,,,0,30,,22968,2,,,0,65,,22977,2,,,0,25,,22978,2,,,0
702019,'1799',646,,22999,2,,,0,70,,22989,2,,,0,30,,23009,2,,,0,70,,22995,2,,,0,30,,22988,2,,,0,70,,23008,2,,,0,30,,22998,2,,,0,70,,22987,2,,,0,30,,18730,2,,,0,70,,22994,2,,,0,30,,22986,2,,,0,70,,23000,2,,,0,30,,18715,2,,,0,70,,22985,2,,,0,30,,23007,2,,,0,70,,22993,2,,,0,30,,22984,2,,,0,70,,23004,2,,,0,30,,22997,2,,,0,70,,22983,2,,,0,30,,23003,2,,,0,70,,22992,2,,,0,30,,22982,2,,,0,70,,23002,2,,,0,30,,22991,2,,,0,70,,22981,2,,,0,30,,23006,2,,,0,70,,22990,2,,,0,30,,22980,2,,,0,70,,23005,2,,,0,30,,22996,2,,,0,70,,22979,2,,,0,30,,23001,2,,,0,65,,23010,2,,,0,25,,23011,2,,,0
702019,'1800',646,,23032,2,,,0,70,,23022,2,,,0,30,,23042,2,,,0,70,,23028,2,,,0,30,,23021,2,,,0,70,,23041,2,,,0,30,,23031,2,,,0,70,,23020,2,,,0,30,,18765,2,,,0,70,,23027,2,,,0,30,,23019,2,,,0,70,,23033,2,,,0,30,,18750,2,,,0,70,,23018,2,,,0,30,,23040,2,,,0,70,,23026,2,,,0,30,,23017,2,,,0,70,,23037,2,,,0,30,,23030,2,,,0,70,,23016,2,,,0,30,,23036,2,,,0,70,,23025,2,,,0,30,,23015,2,,,0,70,,23035,2,,,0,30,,23024,2,,,0,70,,23014,2,,,0,30,,23039,2,,,0,70,,23023,2,,,0,30,,23013,2,,,0,70,,23038,2,,,0,30,,23029,2,,,0,70,,23012,2,,,0,30,,23034,2,,,0,65,,23043,2,,,0,25,,23044,2,,,0
14000001019,'1796',2427,,23379,34,,,0,30,,23377,34,,,0,70,,19496,34,,,0,30,,23378,34,,,0,70,,23376,34,,,0
14000001019,'1797',2427,,23383,34,,,0,30,,23380,34,,,0,70,,19502,34,,,0,30,,23382,34,,,0,70,,23381,34,,,0
14000001019,'1798',2427,,23386,34,,,0,30,,23385,34,,,0,70,,19504,34,,,0,30,,23387,34,,,0,70,,23384,34,,,0
14000001019,'1799',2427,,23390,34,,,0,30,,23389,34,,,0,70,,19509,34,,,0,30,,23391,34,,,0,70,,23388,34,,,0
14000001019,'1800',2427,,23394,34,,,0,30,,23393,34,,,0,70,,19514,34,,,0,30,,23395,34,,,0,70,,23392,34,,,0
