1019,'1796',557,,13774,34,,,0,70,,19586,34,,,0,30,,19562,34,,,0,71,,19557,34,,,0,31,,19575,34,,,0,71,,19559,34,,,0,70,,19564,34,,,0,29,,19589,34,,,0,30,,19561,34,,,0,70,,19555,34,,,0,71,,19574,34,,,0,30,,19560,34,,,0,70,,19565,34,,,0,30,,19585,34,,,0,70,,19563,34,,,0,31,,19556,34,,,0,70,,19587,34,,,0,31,,19558,34,,,0,70,,19566,34,,,0,30,,19584,34,,,0,69,,19577,34,,,0,30,,19569,34,,,0,70,,19567,34,,,0,29,,19570,34,,,0,70,,19572,34,,,0,29,,19571,34,,,0,29,,19568,34,,,0,70,,19588,34,,,0,30,,19582,34,,,0,70,,19583,34,,,0,30,,19581,34,,,0,69,,19580,34,,,0,74,,19579,34,,,0,30,,19578,34,,,0,70,,19576,34,,,0,25,,19573,34,,,0
1019,'1797',556,,19601,34,,,0,70,,19615,34,,,0,30,,19600,34,,,0,70,,19620,34,,,0,31,,19610,34,,,0,70,,19594,34,,,0,30,,19616,34,,,0,70,,19618,34,,,0,30,,19599,34,,,0,70,,19621,34,,,0,31,,19609,34,,,0,70,,19593,34,,,0,30,,19604,34,,,0,70,,19614,34,,,0,30,,19598,34,,,0,70,,19622,34,,,0,30,,19608,34,,,0,70,,19592,34,,,0,30,,19603,34,,,0,70,,19613,34,,,0,30,,19597,34,,,0,70,,19623,34,,,0,30,,19607,34,,,0,70,,19591,34,,,0,30,,19602,34,,,0,70,,19612,34,,,0,30,,19595,34,,,0,69,,19624,34,,,0,30,,19605,34,,,0,70,,19590,34,,,0,30,,19596,34,,,0,70,,19611,34,,,0,74,,19606,34,,,0,29,,19625,34,,,0,70,,19619,34,,,0,25,,19617,34,,,0
1019,'1798',626,,19626,34,,,0,100,,19627,34,,,0,101,,19628,34,,,0,100,,19629,34,,,0,100,,19630,34,,,0,101,,19631,34,,,0,100,,19632,34,,,0,100,,19633,34,,,0,100,,19634,34,,,0,100,,19635,34,,,0,100,,19636,34,,,0,100,,19637,34,,,0,100,,19638,34,,,0,99,,19639,34,,,0,100,,19640,34,,,0,100,,19641,34,,,0,103,,19642,34,,,0,95,,19643,34,,,0
1019,'1799',626,,19644,34,,,0,100,,19645,34,,,0,101,,19646,34,,,0,100,,19647,34,,,0,100,,19648,34,,,0,101,,19649,34,,,0,100,,19650,34,,,0,100,,19651,34,,,0,100,,19652,34,,,0,100,,19653,34,,,0,100,,19654,34,,,0,100,,19655,34,,,0,100,,19656,34,,,0,99,,19657,34,,,0,100,,19658,34,,,0,100,,19659,34,,,0,103,,19660,34,,,0,95,,19661,34,,,0
1019,'1800',626,,19662,34,,,0,100,,19663,34,,,0,101,,19664,34,,,0,100,,19665,34,,,0,100,,19666,34,,,0,101,,19667,34,,,0,100,,19668,34,,,0,100,,19669,34,,,0,100,,19670,34,,,0,100,,19671,34,,,0,100,,19672,34,,,0,100,,19673,34,,,0,100,,19674,34,,,0,99,,19675,34,,,0,100,,19676,34,,,0,100,,19677,34,,,0,103,,19678,34,,,0,95,,19679,34,,,0
22029,'1796',649,,21307,13,0,19 2 20 21,0,72,,21308,13,0,19 2 20 21,0,30,,21309,13,0,19 2 20 21,0,73,,21310,13,0,19 2 20 21,0,30,,21311,13,0,19 2 20 21,0,71,,21312,15,,,0,28,,21313,15,,,0,70,,21318,15,,,0,30,,21314,15,,,0,70,,21319,15,,,0,30,,21315,15,,,0,70,,21306,15,,,0,30,,21316,15,,,0,70,,21317,15,,,0,31,,21320,15,,,0,70,,21321,15,,,0,30,,21322,15,,,0,70,,21323,15,,,0,31,,21324,15,,,0,70,,21325,15,,,0,30,,21326,15,,,0,68,,21327,15,,,0,30,,21328,15,,,0,70,,21329,15,,,0,28,,21330,15,,,0,70,,16417,15,,,0,30,,21331,15,,,0,65,,21332,15,,,0,30,,21333,15,,,0,69,,16421,15,,,0,27,,21334,13,0,19 2 20 21,0,170,,16423,13,0,19 2 20 21,0,35,,16424,13,0,19 2 20 21,0
22029,'1797',616,,16449,13,0,19 2 20 21,0,30,,16443,13,0,19 2 20 21,0,67,,16450,13,0,19 2 20 21,0,30,,16444,13,0,19 2 20 21,0,71,,16451,13,0,19 2 20 21,0,30,,16425,15,,,0,70,,16426,15,,,0,30,,16427,15,,,0,70,,16428,15,,,0,30,,16429,15,,,0,70,,16430,15,,,0,30,,16431,15,,,0,70,,16432,15,,,0,31,,16433,15,,,0,70,,16434,15,,,0,31,,16435,15,,,0,69,,16436,15,,,0,31,,16437,15,,,0,70,,16438,15,,,0,30,,16439,15,,,0,70,,16440,15,,,0,29,,16441,15,,,0,69,,16442,15,,,0,31,,16445,13,0,19 2 20 21,0,69,,16452,13,0,19 2 20 21,0,30,,16446,13,0,19 2 20 21,0,70,,16453,13,0,19 2 20 21,0,29,,16447,13,0,19 2 20 21,0,70,,16454,13,0,19 2 20 21,0,30,,16448,13,0,19 2 20 21,0,67,,16455,13,0,19 2 20 21,0,33,,16456,13,0,19 2 20 21,0,175,,16458,13,0,19 2 20 21,0,30,,16457,13,0,19 2 20 21,0
22029,'1798',717,,21346,13,0,19 2 20 21,0,97,,21335,15,,,0,100,,21336,15,,,0,100,,21337,15,,,0,100,,21338,15,,,0,100,,21339,15,,,0,101,,21340,15,,,0,100,,21341,15,,,0,100,,21342,15,,,0,100,,21343,15,,,0,99,,21344,15,,,0,100,,16473,13,0,19 2 20 21,0,100,,21345,13,0,19 2 20 21,0,99,,16471,13,0,19 2 20 21,0,100,,21347,13,0,19 2 20 21,0,205,,16475,13,0,19 2 20 21,0,30,,16474,13,0,19 2 20 21,0
22029,'1799',717,,21359,13,0,19 2 20 21,0,97,,21348,15,,,0,100,,21349,15,,,0,100,,21350,15,,,0,100,,21351,15,,,0,100,,21352,15,,,0,101,,21353,15,,,0,100,,21354,15,,,0,100,,21355,15,,,0,100,,21356,15,,,0,99,,21357,15,,,0,100,,16490,13,0,19 2 20 21,0,100,,21358,13,0,19 2 20 21,0,99,,16488,13,0,19 2 20 21,0,100,,21360,13,0,19 2 20 21,0,205,,16492,13,0,19 2 20 21,0,30,,16491,13,0,19 2 20 21,0
22029,'1800',717,,21372,13,0,19 2 20 21,0,97,,21361,15,,,0,100,,21362,15,,,0,100,,21363,15,,,0,100,,21364,15,,,0,100,,21365,15,,,0,101,,21366,15,,,0,100,,21367,15,,,0,100,,21368,15,,,0,100,,21369,15,,,0,99,,21370,15,,,0,100,,16507,13,0,19 2 20 21,0,100,,21371,13,0,19 2 20 21,0,99,,16505,13,0,19 2 20 21,0,100,,21373,13,0,19 2 20 21,0,205,,16509,13,0,19 2 20 21,0,30,,16508,13,0,19 2 20 21,0
