6029,'1796',615,,20196,5,,,0,30,,20197,5,,,0,71,,14730,5,,,0,30,,14731,5,,,0,70,,20198,5,,,0,30,,20199,5,,,0,70,,20200,5,,,0,30,,20201,5,,,0,70,,20202,5,,,0,30,,20203,5,,,0,70,,20204,5,,,0,30,,20205,5,,,0,70,,20206,5,,,0,30,,20207,5,,,0,70,,20208,5,,,0,30,,20209,5,,,0,70,,20210,5,,,0,30,,20211,5,,,0,70,,20212,5,,,0,30,,20213,5,,,0,70,,20214,5,,,0,30,,20215,5,,,0,70,,20216,5,,,0,30,,14751,5,,,0,70,,20217,5,,,0,30,,20218,5,,,0,90,,20194,5,,,0,99,,14727,5,,,0,100,,20193,5,,,0,100,,20195,5,,,0
6029,'1797',610,,20220,5,,,0,30,,14757,5,,,0,65,,20237,5,,,0,30,,14781,5,,,0,70,,20221,5,,,0,30,,20231,5,,,0,70,,20238,5,,,0,30,,20244,5,,,0,71,,20230,5,,,0,30,,20243,5,,,0,70,,20229,5,,,0,30,,20235,5,,,0,70,,20228,5,,,0,30,,20242,5,,,0,70,,20227,5,,,0,30,,20234,5,,,0,70,,20226,5,,,0,30,,20241,5,,,0,70,,20225,5,,,0,30,,20233,5,,,0,70,,20224,5,,,0,30,,20240,5,,,0,70,,20223,5,,,0,30,,20232,5,,,0,70,,20222,5,,,0,30,,20239,5,,,0,69,,20219,5,0,5 2 6 7,0,100,,14780,5,0,5 2 6 7,0,100,,20236,5,0,5 2 6 7,0
6029,'1798',835,,20256,5,0,5 2 6 7,0,100,,20247,5,0,5 2 6 7,0,100,,20255,5,0,5 2 6 7,0,100,,20245,5,0,5 2 6 7,0,101,,20254,5,0,5 2 6 7,0,100,,20250,5,0,5 2 6 7,0,100,,20253,5,0,5 2 6 7,0,100,,20248,5,0,5 2 6 7,0,100,,20252,5,0,5 2 6 7,0,100,,20249,5,0,5 2 6 7,0,99,,20251,5,0,5 2 6 7,0,100,,20246,5,0,5 2 6 7,0
6029,'1799',835,,20268,5,0,5 2 6 7,0,100,,20259,5,0,5 2 6 7,0,100,,20267,5,0,5 2 6 7,0,100,,20257,5,0,5 2 6 7,0,101,,20266,5,0,5 2 6 7,0,100,,20262,5,0,5 2 6 7,0,100,,20265,5,0,5 2 6 7,0,100,,20260,5,0,5 2 6 7,0,100,,20264,5,0,5 2 6 7,0,100,,20261,5,0,5 2 6 7,0,99,,20263,5,0,5 2 6 7,0,100,,20258,5,0,5 2 6 7,0
6029,'1800',835,,20280,5,0,5 2 6 7,0,100,,20271,5,0,5 2 6 7,0,100,,20279,5,0,5 2 6 7,0,100,,20269,5,0,5 2 6 7,0,101,,20278,5,0,5 2 6 7,0,100,,20274,5,0,5 2 6 7,0,100,,20277,5,0,5 2 6 7,0,100,,20272,5,0,5 2 6 7,0,100,,20276,5,0,5 2 6 7,0,100,,20273,5,0,5 2 6 7,0,99,,20275,5,0,5 2 6 7,0,100,,20270,5,0,5 2 6 7,0
15019,'1796',642,,20744,16,,,0,70,,20745,16,,,0,33,,20746,16,,,0,70,,20747,16,,,0,27,,20748,16,,,0,70,,20749,16,,,0,30,,15605,16,,,0,70,,20750,16,,,0,30,,20751,16,,,0,70,,20752,16,,,0,30,,20753,16,,,0,70,,15610,16,,,0,30,,15611,16,,,0,70,,20754,16,,,0,30,,20755,16,,,0,70,,15614,16,,,0,31,,20756,16,,,0,70,,20757,16,,,0,30,,20758,16,,,0,70,,15618,16,,,0,30,,20759,16,,,0,70,,20760,16,,,0,29,,20761,16,,,0,70,,15622,16,,,0,30,,20762,16,,,0,70,,20763,16,,,0,30,,20764,16,,,0,100,,20765,16,,,0,99,,20766,16,,,0,100,,15628,16,0,5 2 6 7,0
15019,'1797',717,,15629,16,,,0,100,,20767,16,,,0,100,,20768,16,,,0,100,,15632,16,,,0,100,,20769,16,,,0,100,,20770,16,,,0,101,,15635,16,,,0,100,,20771,16,,,0,100,,20772,16,,,0,99,,15638,16,,,0,100,,20773,16,,,0,100,,20774,16,,,0,100,,15641,16,,,0,100,,20775,16,,,0
15019,'1798',717,,20781,16,,,0,100,,15653,16,,,0,100,,15656,16,,,0,100,,20780,16,,,0,100,,15651,16,,,0,100,,15649,16,,,0,101,,20779,16,,,0,100,,15650,16,,,0,100,,15647,16,,,0,99,,20778,16,,,0,100,,15645,16,,,0,100,,15646,16,,,0,100,,20777,16,,,0,100,,15657,16,,,0
15019,'1799',717,,20786,16,,,0,100,,15667,16,,,0,100,,15670,16,,,0,100,,20785,16,,,0,100,,15665,16,,,0,100,,15663,16,,,0,101,,20784,16,,,0,100,,15664,16,,,0,100,,15661,16,,,0,99,,20783,16,,,0,100,,15659,16,,,0,100,,15660,16,,,0,100,,20782,16,,,0,100,,15671,16,,,0
15019,'1800',717,,20791,16,,,0,100,,15681,16,,,0,100,,15684,16,,,0,100,,20790,16,,,0,100,,15679,16,,,0,100,,15677,16,,,0,101,,20789,16,,,0,100,,15678,16,,,0,100,,15675,16,,,0,99,,20788,16,,,0,100,,15673,16,,,0,100,,15674,16,,,0,100,,20787,16,,,0,100,,15685,16,,,0
