4019,'1796',640,,19810,15,,,0,71,,19836,15,,,0,30,,19811,15,,,0,67,,19812,15,,,0,36,,19813,15,,,0,64,,19814,15,,,0,36,,19815,15,,,0,68,,19816,15,,,0,29,,19817,15,,,0,70,,19818,15,,,0,30,,19819,15,,,0,72,,19820,15,,,0,30,,19821,15,,,0,70,,19822,15,,,0,30,,19823,15,,,0,72,,19824,15,,,0,30,,19825,15,,,0,75,,19826,15,,,0,30,,19827,15,,,0,71,,19828,15,,,0,24,,19829,15,,,0,73,,19830,15,,,0,22,,19831,15,,,0,76,,19832,15,,,0,21,,19833,15,,,0,75,,19834,15,,,0,28,,19835,15,,,0,70,,19804,15,,,0,30,,19805,15,,,0,70,,19806,15,,,0,30,,19807,15,,,0,70,,19808,15,,,0,30,,19809,15,,,0
4019,'1797',710,,19868,15,,,0,30,,19844,15,,,0,71,,19838,15,,,0,30,,19848,15,,,0,70,,19859,15,,,0,30,,19854,15,,,0,71,,19842,15,,,0,30,,19864,15,,,0,70,,19841,15,,,0,30,,19861,15,,,0,69,,19856,15,,,0,32,,19849,15,,,0,69,,19862,15,,,0,30,,19865,15,,,0,70,,19840,15,,,0,30,,19851,15,,,0,70,,19839,15,,,0,30,,19845,15,,,0,70,,19863,15,,,0,30,,19860,15,,,0,70,,19857,15,,,0,30,,19846,15,,,0,70,,19866,15,,,0,28,,19867,15,,,0,70,,19837,15,,,0,30,,19852,15,,,0,70,,19850,15,,,0,30,,19858,15,,,0,70,,19843,15,,,0,30,,19853,15,,,0,70,,19847,15,,,0,30,,19855,15,,,0
4019,'1798',810,,19892,15,,,0,30,,19893,15,,,0,70,,19890,15,,,0,30,,19894,15,,,0,72,,19891,15,,,0,30,,19875,15,,,0,70,,19879,15,,,0,30,,19883,15,,,0,69,,19886,15,,,0,32,,19871,15,,,0,69,,19874,15,,,0,30,,19878,15,,,0,69,,19882,15,,,0,30,,19884,15,,,0,70,,19870,15,,,0,30,,19873,15,,,0,70,,19877,15,,,0,30,,19881,15,,,0,70,,19885,15,,,0,31,,19869,15,,,0,70,,19872,15,,,0,28,,19876,15,,,0,70,,19880,15,,,0,30,,19889,15,,,0,70,,19895,15,,,0,30,,19887,15,,,0,70,,19896,15,,,0,30,,19888,15,,,0
4019,'1799',810,,19920,15,,,0,30,,19921,15,,,0,70,,19918,15,,,0,30,,19922,15,,,0,72,,19919,15,,,0,30,,19903,15,,,0,70,,19907,15,,,0,30,,19911,15,,,0,69,,19914,15,,,0,32,,19899,15,,,0,69,,19902,15,,,0,30,,19906,15,,,0,69,,19910,15,,,0,30,,19912,15,,,0,70,,19898,15,,,0,30,,19901,15,,,0,70,,19905,15,,,0,30,,19909,15,,,0,70,,19913,15,,,0,31,,19897,15,,,0,70,,19900,15,,,0,28,,19904,15,,,0,70,,19908,15,,,0,30,,19917,15,,,0,70,,19923,15,,,0,30,,19915,15,,,0,70,,19924,15,,,0,30,,19916,15,,,0
4019,'1800',810,,19948,15,,,0,30,,19949,15,,,0,70,,19946,15,,,0,30,,19950,15,,,0,72,,19947,15,,,0,30,,19931,15,,,0,70,,19935,15,,,0,30,,19939,15,,,0,69,,19942,15,,,0,32,,19927,15,,,0,69,,19930,15,,,0,30,,19934,15,,,0,69,,19938,15,,,0,30,,19940,15,,,0,70,,19926,15,,,0,30,,19929,15,,,0,70,,19933,15,,,0,30,,19937,15,,,0,70,,19941,15,,,0,31,,19925,15,,,0,70,,19928,15,,,0,28,,19932,15,,,0,70,,19936,15,,,0,30,,19945,15,,,0,70,,19951,15,,,0,30,,19943,15,,,0,70,,19952,15,,,0,30,,19944,15,,,0
7019,'1796',518,,20281,10,,,0,36,,14820,29,,,0,72,,20300,10,,,0,31,,14821,29,,,0,71,,20282,29,,,0,72,,14830,29,,,0,32,,14823,29,,,0,70,,14831,29,,,0,28,,20283,29,,,0,70,,20288,29,,,0,31,,20284,29,,,0,70,,20289,29,,,0,30,,20285,29,,,0,71,,20290,29,,,0,30,,14827,29,,,0,70,,20291,29,,,0,30,,20286,29,,,0,70,,20292,29,,,0,32,,20287,29,,,0,73,,14849,29,,,0,33,,14850,29,,,0,14,,14856,10,,,0,52,,20298,29,,,0,30,,20299,29,,,0,70,,20293,29,,,0,28,,14839,29,,,0,66,,20294,29,,,0,30,,14841,29,,,0,28,,14842,29,,,0,70,,20295,29,,,0,27,,20296,29,,,0,70,,20297,29,,,0,30,,14846,29,,,0,68,,20301,10,,,0,31,,14847,29,,,0,71,,14854,14,,,0,28,,14848,29,,,0,100,,14840,29,,,0
7019,'1797',627,,20323,10,,,0,28,,14869,29,,,0,70,,20304,29,,,0,30,,20310,29,,,0,70,,20305,29,,,0,31,,20311,29,,,0,70,,20306,29,,,0,30,,14872,29,,,0,73,,20307,29,,,0,30,,20312,29,,,0,70,,20308,29,,,0,30,,20313,29,,,0,70,,14867,29,,,0,30,,14875,29,,,0,70,,20309,29,,,0,30,,20314,29,,,0,70,,14881,29,,,0,71,,20315,29,,,0,30,,14883,29,,,0,70,,14878,29,,,0,30,,20318,29,,,0,29,,20316,29,,,0,70,,20319,29,,,0,30,,20317,29,,,0,70,,20322,29,,,0,29,,14857,29,,,0,67,,20320,29,,,0,30,,20302,29,,,0,68,,20321,29,,,0,30,,20303,29,,,0,70,,20324,10,,,0,30,,14860,29,,,0,72,,14889,14,,,0,28,,14861,29,,,0
7019,'1798',557,,20329,10,,,0,70,,20332,10,,,0,30,,20333,10,,,0,68,,20334,10,,,0,30,,14896,29,,,0,71,,20346,14,,,0,30,,14897,29,,,0,73,,20339,14,,,0,27,,20330,29,,,0,75,,20345,14,,,0,28,,14898,29,,,0,72,,20338,14,,,0,28,,14899,29,,,0,72,,20344,14,,,0,28,,20327,29,,,0,73,,20337,14,,,0,27,,14901,29,,,0,73,,20343,14,,,0,68,,14902,29,,,0,33,,20336,14,,,0,67,,20328,29,,,0,33,,20342,14,,,0,26,,14904,29,,,0,73,,20335,14,,,0,27,,14892,29,,,0,72,,20341,14,,,0,27,,20325,29,,,0,70,,14917,14,,,0,27,,14891,29,,,0,70,,20340,14,,,0,28,,14895,29,,,0,72,,14925,14,,,0,28,,20326,29,,,0,70,,14911,10,,,0,30,,20331,10,,,0
7019,'1799',557,,20351,10,,,0,70,,20354,10,,,0,30,,20355,10,,,0,68,,20356,10,,,0,30,,14931,29,,,0,71,,20368,14,,,0,30,,14932,29,,,0,73,,20361,14,,,0,27,,20352,29,,,0,75,,20367,14,,,0,28,,14933,29,,,0,72,,20360,14,,,0,28,,14934,29,,,0,72,,20366,14,,,0,28,,20349,29,,,0,73,,20359,14,,,0,27,,14936,29,,,0,73,,20365,14,,,0,68,,14937,29,,,0,33,,20358,14,,,0,67,,20350,29,,,0,33,,20364,14,,,0,26,,14939,29,,,0,73,,20357,14,,,0,27,,14927,29,,,0,72,,20363,14,,,0,27,,20347,29,,,0,70,,14952,14,,,0,27,,14926,29,,,0,70,,20362,14,,,0,28,,14930,29,,,0,72,,14960,14,,,0,28,,20348,29,,,0,70,,14946,10,,,0,30,,20353,10,,,0
7019,'1800',557,,20373,10,,,0,70,,20376,10,,,0,30,,20377,10,,,0,68,,20378,10,,,0,30,,14966,29,,,0,71,,20390,14,,,0,30,,14967,29,,,0,73,,20383,14,,,0,27,,20374,29,,,0,75,,20389,14,,,0,28,,14968,29,,,0,72,,20382,14,,,0,28,,14969,29,,,0,72,,20388,14,,,0,28,,20371,29,,,0,73,,20381,14,,,0,27,,14971,29,,,0,73,,20387,14,,,0,68,,14972,29,,,0,33,,20380,14,,,0,67,,20372,29,,,0,33,,20386,14,,,0,26,,14974,29,,,0,73,,20379,14,,,0,27,,14962,29,,,0,72,,20385,14,,,0,27,,20369,29,,,0,70,,14987,14,,,0,27,,14961,29,,,0,70,,20384,14,,,0,28,,14965,29,,,0,72,,14995,14,,,0,28,,20370,29,,,0,70,,14981,10,,,0,30,,20375,10,,,0
502019,'1796',616,,22109,11,,,0,30,,22110,11,,,0,65,,22150,11,,,0,10,,22111,11,,,0,27,,22112,11,,,0,65,,22113,11,,,0,12,,22114,11,,,0,24,,22115,11,,,0,64,,22116,11,,,0,12,,22117,11,,,0,24,,22118,11,,,0,72,,22119,11,,,0,30,,22120,11,,,0,70,,22121,11,,,0,30,,22122,11,,,0,71,,22123,11,,,0,30,,22124,11,,,0,70,,22125,11,,,0,30,,22126,11,,,0,70,,22127,11,,,0,36,,22128,11,,,0,70,,22129,11,,,0,30,,22130,11,,,0,68,,22131,11,,,0,24,,22132,11,,,0,52,,22133,11,,,0,21,,22134,11,,,0,5,,22151,11,,,0,16,,22135,11,,,0,12,,22136,11,,,0,64,,22137,11,,,0,22,,22138,11,,,0,12,,22139,11,,,0,64,,22140,11,,,0,30,,22141,11,,,0,69,,22142,11,,,0,30,,22143,11,,,0,70,,22144,11,,,0,30,,22145,11,,,0,70,,22146,11,,,0,30,,22147,11,,,0,70,,22148,11,,,0,30,,22149,11,,,0
502019,'1797',646,,22159,11,,,0,70,,22166,11,,,0,30,,22158,11,,,0,70,,22167,11,,,0,31,,22157,11,,,0,70,,22168,11,,,0,30,,22156,11,,,0,72,,22169,11,,,0,30,,22177,11,,,0,70,,22170,11,,,0,30,,22178,11,,,0,71,,22171,11,,,0,30,,22179,11,,,0,70,,22172,11,,,0,30,,22180,11,,,0,71,,22173,11,,,0,30,,22181,11,,,0,70,,22174,11,,,0,30,,22182,11,,,0,69,,22175,11,,,0,30,,22183,11,,,0,69,,22176,11,,,0,30,,22184,11,,,0,69,,22160,11,,,0,30,,22185,11,,,0,70,,22162,11,,,0,99,,22161,11,,,0,30,,22155,11,,,0,70,,22163,11,,,0,30,,22154,11,,,0,70,,22164,11,,,0,30,,22153,11,,,0,70,,22165,11,,,0,30,,22152,11,,,0
502019,'1798',646,,22200,11,,,0,70,,22186,11,,,0,30,,22203,11,,,0,70,,22217,11,,,0,31,,22197,11,,,0,70,,22216,11,,,0,30,,22199,11,,,0,72,,22215,11,,,0,30,,22194,11,,,0,70,,22214,11,,,0,30,,22189,11,,,0,71,,22213,11,,,0,30,,22192,11,,,0,70,,22211,11,,,0,30,,22190,11,,,0,70,,22212,11,,,0,30,,22193,11,,,0,70,,22210,11,,,0,30,,22187,11,,,0,70,,22209,11,,,0,30,,22191,11,,,0,69,,22208,11,,,0,30,,22188,11,,,0,69,,22207,11,,,0,30,,22201,11,,,0,70,,22206,11,,,0,30,,22202,11,,,0,69,,22205,11,,,0,30,,22195,11,,,0,70,,22218,11,,,0,30,,22204,11,,,0,70,,22219,11,,,0,30,,22198,11,,,0,68,,22220,11,,,0,30,,22196,11,,,0
502019,'1799',646,,22235,11,,,0,70,,22221,11,,,0,30,,22238,11,,,0,70,,22252,11,,,0,31,,22232,11,,,0,70,,22251,11,,,0,30,,22234,11,,,0,72,,22250,11,,,0,30,,22229,11,,,0,70,,22249,11,,,0,30,,22224,11,,,0,71,,22248,11,,,0,30,,22227,11,,,0,70,,22246,11,,,0,30,,22225,11,,,0,70,,22247,11,,,0,30,,22228,11,,,0,70,,22245,11,,,0,30,,22222,11,,,0,70,,22244,11,,,0,30,,22226,11,,,0,69,,22243,11,,,0,30,,22223,11,,,0,69,,22242,11,,,0,30,,22236,11,,,0,70,,22241,11,,,0,30,,22237,11,,,0,69,,22240,11,,,0,30,,22230,11,,,0,70,,22253,11,,,0,30,,22239,11,,,0,70,,22254,11,,,0,30,,22233,11,,,0,68,,22255,11,,,0,30,,22231,11,,,0
502019,'1800',646,,22270,11,,,0,70,,22256,11,,,0,30,,22273,11,,,0,70,,22287,11,,,0,31,,22267,11,,,0,70,,22286,11,,,0,30,,22269,11,,,0,72,,22285,11,,,0,30,,22264,11,,,0,70,,22284,11,,,0,30,,22259,11,,,0,71,,22283,11,,,0,30,,22262,11,,,0,70,,22281,11,,,0,30,,22260,11,,,0,70,,22282,11,,,0,30,,22263,11,,,0,70,,22280,11,,,0,30,,22257,11,,,0,70,,22279,11,,,0,30,,22261,11,,,0,69,,22278,11,,,0,30,,22258,11,,,0,69,,22277,11,,,0,30,,22271,11,,,0,70,,22276,11,,,0,30,,22272,11,,,0,69,,22275,11,,,0,30,,22265,11,,,0,70,,22288,11,,,0,30,,22274,11,,,0,70,,22289,11,,,0,30,,22268,11,,,0,68,,22290,11,,,0,30,,22266,11,,,0
14000001029,'1796',506,,19519,48,0,18 7,0,102,,23396,48,0,18 7,0,1812,,23398,48,,,0,30,,19523,48,,,0,70,,23400,48,,,0,30,,23397,48,,,0,70,,19524,48,,,0,30,,23399,48,,,0
14000001029,'1797',603,,19531,48,0,18 7,0,1817,,23404,48,,,0,30,,19528,48,,,0,70,,23401,48,,,0,30,,23402,48,,,0,70,,19532,48,,,0,30,,23403,48,,,0
14000001029,'1798',603,,23409,48,0,18 7,0,1817,,23405,48,,,0,30,,19538,48,,,0,70,,23408,48,,,0,30,,23407,48,,,0,70,,19537,48,,,0,30,,23406,48,,,0
14000001029,'1799',603,,23414,48,0,18 7,0,1817,,23410,48,,,0,30,,19545,48,,,0,70,,23413,48,,,0,30,,23412,48,,,0,70,,19544,48,,,0,30,,23411,48,,,0
14000001029,'1800',603,,23419,48,0,18 7,0,1817,,23415,48,,,0,30,,19552,48,,,0,70,,23418,48,,,0,30,,23417,48,,,0,70,,19551,48,,,0,30,,23416,48,,,0
