2019,'1796',459,,14046,21,0,5 2 13 14,0,176,,14015,30,,,0,70,,14016,30,,,0,30,,14017,30,,,0,70,,14018,30,,,0,31,,14019,30,,,0,69,,14020,30,,,0,30,,14021,30,,,0,70,,14022,30,,,0,30,,14023,30,,,0,70,,14024,30,,,0,30,,14025,30,,,0,70,,14026,30,,,0,30,,14027,30,,,0,70,,14028,30,,,0,30,,14029,30,,,0,70,,14030,30,,,0,31,,14031,30,,,0,70,,14032,30,,,0,30,,14033,30,,,0,70,,14034,30,,,0,30,,14035,30,,,0,69,,14036,30,,,0,30,,14037,30,,,0,70,,14038,30,,,0,30,,14039,30,,,0,70,,14045,30,,,0,30,,14040,30,,,0,100,,14041,30,,,0,100,,14042,30,,,0,100,,14043,30,,,0,101,,14044,30,,,0
2019,'1797',635,,14047,21,,,0,70,,14054,30,,,0,30,,14063,30,,,0,70,,14070,30,,,0,30,,14048,30,,,0,70,,14055,30,,,0,30,,14064,30,,,0,70,,14071,30,,,0,30,,14049,30,,,0,70,,14056,30,,,0,30,,14065,30,,,0,70,,14072,30,,,0,30,,14050,30,,,0,70,,14057,30,,,0,30,,14066,30,,,0,70,,14073,30,,,0,30,,14051,30,,,0,70,,14058,30,,,0,30,,14067,30,,,0,70,,14074,30,,,0,30,,14052,30,,,0,70,,14059,30,,,0,30,,14068,30,,,0,70,,14075,30,,,0,30,,14053,30,,,0,70,,14060,30,,,0,30,,14069,30,,,0,100,,14061,30,,,0,100,,14076,30,,,0,100,,14062,30,,,0,99,,14077,30,,,0
2019,'1798',704,,14105,30,,,0,30,,14082,30,,,0,70,,14086,30,,,0,30,,14098,30,,,0,71,,14093,30,,,0,30,,14083,30,,,0,70,,14087,30,,,0,30,,14099,30,,,0,70,,14094,30,,,0,30,,14084,30,,,0,70,,14088,30,,,0,30,,14100,30,,,0,70,,14095,30,,,0,30,,14085,30,,,0,70,,14089,30,,,0,30,,14101,30,,,0,70,,14096,30,,,0,30,,14080,30,,,0,70,,14090,30,,,0,30,,14102,30,,,0,70,,14097,30,,,0,30,,14078,30,,,0,70,,14091,30,,,0,30,,14103,30,,,0,100,,14079,30,,,0,100,,14104,30,,,0,100,,14081,30,,,0,100,,14092,30,,,0,99,,14106,30,,,0
2019,'1799',704,,14134,30,,,0,30,,14111,30,,,0,70,,14115,30,,,0,30,,14127,30,,,0,71,,14122,30,,,0,30,,14112,30,,,0,70,,14116,30,,,0,30,,14128,30,,,0,70,,14123,30,,,0,30,,14113,30,,,0,70,,14117,30,,,0,30,,14129,30,,,0,70,,14124,30,,,0,30,,14114,30,,,0,70,,14118,30,,,0,30,,14130,30,,,0,70,,14125,30,,,0,30,,14109,30,,,0,70,,14119,30,,,0,30,,14131,30,,,0,70,,14126,30,,,0,30,,14107,30,,,0,70,,14120,30,,,0,30,,14132,30,,,0,100,,14108,30,,,0,100,,14133,30,,,0,100,,14110,30,,,0,100,,14121,30,,,0,99,,14135,30,,,0
2019,'1800',704,,14163,30,,,0,30,,14140,30,,,0,70,,14144,30,,,0,30,,14156,30,,,0,71,,14151,30,,,0,30,,14141,30,,,0,70,,14145,30,,,0,30,,14157,30,,,0,70,,14152,30,,,0,30,,14142,30,,,0,70,,14146,30,,,0,30,,14158,30,,,0,70,,14153,30,,,0,30,,14143,30,,,0,70,,14147,30,,,0,30,,14159,30,,,0,70,,14154,30,,,0,30,,14138,30,,,0,70,,14148,30,,,0,30,,14160,30,,,0,70,,14155,30,,,0,30,,14136,30,,,0,70,,14149,30,,,0,30,,14161,30,,,0,100,,14137,30,,,0,100,,14162,30,,,0,100,,14139,30,,,0,100,,14150,30,,,0,99,,14164,30,,,0
14000001019,'1796',2429,,19498,37,,,0,30,,19495,37,,,0,70,,19496,37,,,0,30,,19497,37,,,0,70,,19494,37,,,0
14000001019,'1797',2429,,19503,37,,,0,30,,19499,37,,,0,70,,19502,37,,,0,30,,19501,37,,,0,70,,19500,37,,,0
14000001019,'1798',2429,,19507,37,,,0,30,,19506,37,,,0,70,,19504,37,,,0,30,,19508,37,,,0,70,,19505,37,,,0
14000001019,'1799',2429,,19512,37,,,0,30,,19511,37,,,0,70,,19509,37,,,0,30,,19513,37,,,0,70,,19510,37,,,0
14000001019,'1800',2429,,19517,37,,,0,30,,19516,37,,,0,70,,19514,37,,,0,30,,19518,37,,,0,70,,19515,37,,,0
