6029,'1796',618,,20196,8,,,0,30,,20197,8,,,0,71,,14730,8,,,0,30,,14731,8,,,0,70,,20198,8,,,0,30,,20199,8,,,0,70,,20200,8,,,0,30,,20201,8,,,0,70,,20202,8,,,0,30,,20203,8,,,0,70,,20204,8,,,0,30,,20205,8,,,0,70,,20206,8,,,0,30,,20207,8,,,0,70,,20208,8,,,0,30,,20209,8,,,0,70,,20210,8,,,0,30,,20211,8,,,0,70,,20212,8,,,0,30,,20213,8,,,0,70,,20214,8,,,0,30,,20215,8,,,0,70,,20216,8,,,0,30,,14751,8,,,0,70,,20217,8,,,0,30,,20218,8,,,0,90,,20194,8,,,0,98,,14727,8,,,0,100,,20193,8,,,0,100,,20195,8,,,0
6029,'1797',613,,20220,8,,,0,30,,14757,8,,,0,65,,20237,8,,,0,30,,14781,8,,,0,70,,20221,8,,,0,30,,20231,8,,,0,70,,20238,8,,,0,30,,20244,8,,,0,71,,20230,8,,,0,30,,20243,8,,,0,70,,20229,8,,,0,30,,20235,8,,,0,70,,20228,8,,,0,30,,20242,8,,,0,70,,20227,8,,,0,30,,20234,8,,,0,70,,20226,8,,,0,30,,20241,8,,,0,70,,20225,8,,,0,30,,20233,8,,,0,70,,20224,8,,,0,30,,20240,8,,,0,70,,20223,8,,,0,30,,20232,8,,,0,70,,20222,8,,,0,30,,20239,8,,,0,69,,20219,8,0,5 2 6 7,0,100,,14780,8,0,5 2 6 7,0,100,,20236,8,0,5 2 6 7,0
6029,'1798',837,,20256,8,0,5 2 6 7,0,100,,20247,8,0,5 2 6 7,0,100,,20255,8,0,5 2 6 7,0,100,,20245,8,0,5 2 6 7,0,102,,20254,8,0,5 2 6 7,0,100,,20250,8,0,5 2 6 7,0,100,,20253,8,0,5 2 6 7,0,100,,20248,8,0,5 2 6 7,0,100,,20252,8,0,5 2 6 7,0,100,,20249,8,0,5 2 6 7,0,98,,20251,8,0,5 2 6 7,0,100,,20246,8,0,5 2 6 7,0
6029,'1799',837,,20268,8,0,5 2 6 7,0,100,,20259,8,0,5 2 6 7,0,100,,20267,8,0,5 2 6 7,0,100,,20257,8,0,5 2 6 7,0,102,,20266,8,0,5 2 6 7,0,100,,20262,8,0,5 2 6 7,0,100,,20265,8,0,5 2 6 7,0,100,,20260,8,0,5 2 6 7,0,100,,20264,8,0,5 2 6 7,0,100,,20261,8,0,5 2 6 7,0,98,,20263,8,0,5 2 6 7,0,100,,20258,8,0,5 2 6 7,0
6029,'1800',837,,20280,8,0,5 2 6 7,0,100,,20271,8,0,5 2 6 7,0,100,,20279,8,0,5 2 6 7,0,100,,20269,8,0,5 2 6 7,0,102,,20278,8,0,5 2 6 7,0,100,,20274,8,0,5 2 6 7,0,100,,20277,8,0,5 2 6 7,0,100,,20272,8,0,5 2 6 7,0,100,,20276,8,0,5 2 6 7,0,100,,20273,8,0,5 2 6 7,0,98,,20275,8,0,5 2 6 7,0,100,,20270,8,0,5 2 6 7,0
10019,'1796',550,,15127,8,,,0,100,,15122,34,,,0,100,,20449,34,,,0,100,,20458,34,,,0,100,,20459,34,,,0,100,,20460,34,,,0,100,,20457,34,,,0,100,,20456,34,,,0,100,,20455,34,,,0,100,,20454,34,,,0,100,,20453,34,,,0,100,,15116,34,,,0,100,,15115,34,,,0,100,,20452,34,,,0,100,,15126,34,,,0,100,,15112,34,,,0,100,,20451,34,,,0,100,,20450,34,,,0
10019,'1797',550,,20461,8,,,0,100,,15144,8,,,0,100,,15135,34,,,0,100,,15128,34,,,0,100,,15136,34,,,0,100,,15129,34,,,0,100,,15137,34,,,0,100,,15130,34,,,0,100,,15138,34,,,0,100,,15131,34,,,0,100,,15139,34,,,0,100,,15132,34,,,0,100,,15140,34,,,0,100,,15133,34,,,0,100,,15141,34,,,0,100,,15134,34,,,0,100,,15142,34,,,0
10019,'1798',851,,15156,8,,,0,99,,15153,34,,,0,100,,15155,34,,,0,100,,15146,34,,,0,100,,15148,34,,,0,100,,15150,34,,,0,100,,15152,34,,,0,100,,15154,34,,,0,100,,15145,34,,,0,100,,15147,34,,,0,100,,15149,34,,,0,100,,15151,34,,,0
10019,'1799',851,,15168,8,,,0,99,,15165,34,,,0,100,,15167,34,,,0,100,,15158,34,,,0,100,,15160,34,,,0,100,,15162,34,,,0,100,,15164,34,,,0,100,,15166,34,,,0,100,,15157,34,,,0,100,,15159,34,,,0,100,,15161,34,,,0,100,,15163,34,,,0
10019,'1800',851,,15180,8,,,0,99,,15177,34,,,0,100,,15179,34,,,0,100,,15170,34,,,0,100,,15172,34,,,0,100,,15174,34,,,0,100,,15176,34,,,0,100,,15178,34,,,0,100,,15169,34,,,0,100,,15171,34,,,0,100,,15173,34,,,0,100,,15175,34,,,0
