1029,'1796',621,,19689,42,,,0,30,,13901,42,,,0,70,,19709,42,,,0,30,,19686,42,,,0,71,,19681,42,,,0,30,,19713,42,,,0,69,,19684,42,,,0,30,,19690,42,,,0,71,,19708,42,,,0,30,,19688,42,,,0,70,,19680,42,,,0,30,,19712,42,,,0,70,,19685,42,,,0,30,,19691,42,,,0,70,,19707,42,,,0,30,,19687,42,,,0,70,,19682,42,,,0,30,,19710,42,,,0,70,,19683,42,,,0,30,,19692,42,,,0,70,,19706,42,,,0,30,,19695,42,,,0,70,,19694,42,,,0,29,,19693,42,,,0,70,,19699,42,,,0,30,,19698,42,,,0,70,,19697,42,,,0,30,,19696,42,,,0,70,,19711,42,,,0,30,,19705,42,,,0,70,,19704,42,,,0,30,,19703,42,,,0,70,,19702,42,,,0,30,,19701,42,,,0,65,,19700,42,,,0
1029,'1797',621,,19719,42,,,0,30,,19731,42,,,0,70,,19738,42,,,0,30,,19726,42,,,0,70,,19747,42,,,0,30,,19735,42,,,0,69,,19718,42,,,0,31,,19730,42,,,0,70,,19741,42,,,0,30,,19725,42,,,0,70,,19748,42,,,0,30,,19734,42,,,0,70,,19717,42,,,0,30,,19729,42,,,0,70,,19740,42,,,0,30,,19724,42,,,0,70,,19720,42,,,0,30,,19733,42,,,0,70,,19716,42,,,0,30,,19728,42,,,0,70,,19736,42,,,0,30,,19723,42,,,0,70,,19745,42,,,0,30,,19732,42,,,0,70,,19715,42,,,0,30,,19727,42,,,0,70,,19739,42,,,0,30,,19721,42,,,0,70,,19743,42,,,0,30,,19742,42,,,0,70,,19714,42,,,0,30,,19722,42,,,0,70,,19737,42,,,0,30,,19746,42,,,0,65,,19744,42,,,0
1029,'1798',621,,19749,42,,,0,100,,19750,42,,,0,100,,19751,42,,,0,100,,19752,42,,,0,100,,19753,42,,,0,100,,19754,42,,,0,100,,19755,42,,,0,100,,19756,42,,,0,100,,19757,42,,,0,100,,19758,42,,,0,100,,19759,42,,,0,100,,19760,42,,,0,100,,19761,42,,,0,100,,19762,42,,,0,100,,19763,42,,,0,100,,19764,42,,,0,100,,19765,42,,,0,95,,19766,42,,,0
1029,'1799',621,,19767,42,,,0,100,,19768,42,,,0,100,,19769,42,,,0,100,,19770,42,,,0,100,,19771,42,,,0,100,,19772,42,,,0,100,,19773,42,,,0,100,,19774,42,,,0,100,,19775,42,,,0,100,,19776,42,,,0,100,,19777,42,,,0,100,,19778,42,,,0,100,,19779,42,,,0,100,,19780,42,,,0,100,,19781,42,,,0,100,,19782,42,,,0,100,,19783,42,,,0,95,,19784,42,,,0
1029,'1800',621,,19785,42,,,0,100,,19786,42,,,0,100,,19787,42,,,0,100,,19788,42,,,0,100,,19789,42,,,0,100,,19790,42,,,0,100,,19791,42,,,0,100,,19792,42,,,0,100,,19793,42,,,0,100,,19794,42,,,0,100,,19795,42,,,0,100,,19796,42,,,0,100,,19797,42,,,0,100,,19798,42,,,0,100,,19799,42,,,0,100,,19800,42,,,0,100,,19801,42,,,0,95,,19802,42,,,0
2029,'1796',539,,14191,24,,,0,67,,14165,39,,,0,30,,14166,39,,,0,70,,14167,39,,,0,30,,14168,39,,,0,70,,14169,39,,,0,30,,14170,39,,,0,70,,14171,39,,,0,30,,14172,39,,,0,70,,14173,39,,,0,30,,14174,39,,,0,70,,14175,39,,,0,30,,14176,39,,,0,70,,14177,39,,,0,30,,14178,39,,,0,70,,14179,39,,,0,30,,14180,39,,,0,70,,14181,39,,,0,30,,14182,39,,,0,70,,14183,39,,,0,30,,14184,39,,,0,70,,14185,39,,,0,30,,14186,39,,,0,70,,14187,39,,,0,31,,14188,39,,,0,69,,14189,39,,,0,30,,14190,39,,,0,70,,14194,39,,,0,30,,14195,39,,,0,100,,14196,39,,,0,100,,14197,39,,,0,100,,14193,39,,,0
2029,'1797',606,,14231,39,0,5 2 15 16 17,0,30,,14214,39,,,0,70,,14221,39,,,0,30,,14200,39,,,0,70,,14206,39,,,0,30,,14215,39,,,0,70,,14222,39,,,0,30,,14201,39,,,0,70,,14207,39,,,0,30,,14216,39,,,0,70,,14223,39,,,0,30,,14202,39,,,0,70,,14208,39,,,0,30,,14217,39,,,0,70,,14224,39,,,0,30,,14203,39,,,0,70,,14209,39,,,0,30,,14218,39,,,0,70,,14225,39,,,0,30,,14204,39,,,0,70,,14210,39,,,0,30,,14219,39,,,0,70,,14226,39,,,0,30,,14205,39,,,0,70,,14211,39,,,0,30,,14220,39,,,0,70,,14227,39,,,0,30,,14212,39,,,0,100,,14228,39,,,0,100,,14213,39,,,0,100,,14229,39,,,0
2029,'1798',636,,14235,39,,,0,70,,14243,39,,,0,30,,14254,39,,,0,70,,14249,39,,,0,30,,14236,39,,,0,70,,14244,39,,,0,30,,14255,39,,,0,70,,14250,39,,,0,30,,14237,39,,,0,70,,14245,39,,,0,30,,14256,39,,,0,70,,14251,39,,,0,30,,14238,39,,,0,70,,14246,39,,,0,30,,14257,39,,,0,70,,14252,39,,,0,30,,14239,39,,,0,70,,14247,39,,,0,30,,14258,39,,,0,70,,14253,39,,,0,30,,14240,39,,,0,70,,14248,39,,,0,30,,14259,39,,,0,100,,14241,39,,,0,100,,14260,39,,,0,100,,14242,39,,,0,100,,14261,39,,,0,100,,14234,39,,,0
2029,'1799',636,,14267,39,,,0,70,,14275,39,,,0,30,,14286,39,,,0,70,,14281,39,,,0,30,,14268,39,,,0,70,,14276,39,,,0,30,,14287,39,,,0,70,,14282,39,,,0,30,,14269,39,,,0,70,,14277,39,,,0,30,,14288,39,,,0,70,,14283,39,,,0,30,,14270,39,,,0,70,,14278,39,,,0,30,,14289,39,,,0,70,,14284,39,,,0,30,,14271,39,,,0,70,,14279,39,,,0,30,,14290,39,,,0,70,,14285,39,,,0,30,,14272,39,,,0,70,,14280,39,,,0,30,,14291,39,,,0,100,,14273,39,,,0,100,,14292,39,,,0,100,,14274,39,,,0,100,,14293,39,,,0,100,,14266,39,,,0
2029,'1800',636,,14299,39,,,0,70,,14307,39,,,0,30,,14318,39,,,0,70,,14313,39,,,0,30,,14300,39,,,0,70,,14308,39,,,0,30,,14319,39,,,0,70,,14314,39,,,0,30,,14301,39,,,0,70,,14309,39,,,0,30,,14320,39,,,0,70,,14315,39,,,0,30,,14302,39,,,0,70,,14310,39,,,0,30,,14321,39,,,0,70,,14316,39,,,0,30,,14303,39,,,0,70,,14311,39,,,0,30,,14322,39,,,0,70,,14317,39,,,0,30,,14304,39,,,0,70,,14312,39,,,0,30,,14323,39,,,0,100,,14305,39,,,0,100,,14324,39,,,0,100,,14306,39,,,0,100,,14325,39,,,0,100,,14298,39,,,0
14000001029,'1796',444,,19519,23,0,18 7,0,102,,23396,23,0,18 7,0,1812,,23398,23,,,0,70,,19523,23,,,0,30,,23400,23,,,0,70,,23397,23,,,0,30,,19524,23,,,0,70,,23399,23,,,0
14000001029,'1797',545,,19531,23,0,18 7,0,1813,,23404,23,,,0,70,,19528,23,,,0,30,,23401,23,,,0,70,,23402,23,,,0,30,,19532,23,,,0,70,,23403,23,,,0
14000001029,'1798',545,,23409,23,0,18 7,0,1813,,23405,23,,,0,70,,19538,23,,,0,30,,23408,23,,,0,70,,23407,23,,,0,30,,19537,23,,,0,70,,23406,23,,,0
14000001029,'1799',545,,23414,23,0,18 7,0,1813,,23410,23,,,0,70,,19545,23,,,0,30,,23413,23,,,0,70,,23412,23,,,0,30,,19544,23,,,0,70,,23411,23,,,0
14000001029,'1800',545,,23419,23,0,18 7,0,1813,,23415,23,,,0,70,,19552,23,,,0,30,,23418,23,,,0,70,,23417,23,,,0,30,,19551,23,,,0,70,,23416,23,,,0
