4019,'1796',620,,19810,4,,,0,30,,19836,4,,,0,70,,19811,4,,,0,27,,19812,4,,,0,76,,19813,4,,,0,24,,19814,4,,,0,76,,19815,4,,,0,27,,19816,4,,,0,70,,19817,4,,,0,30,,19818,4,,,0,70,,19819,4,,,0,31,,19820,4,,,0,70,,19821,4,,,0,30,,19822,4,,,0,70,,19823,4,,,0,30,,19824,4,,,0,70,,19825,4,,,0,33,,19826,4,,,0,70,,19827,4,,,0,31,,19828,4,,,0,64,,19829,4,,,0,36,,19830,4,,,0,63,,19831,4,,,0,36,,19832,4,,,0,62,,19833,4,,,0,35,,19834,4,,,0,69,,19835,4,,,0,30,,19804,4,,,0,70,,19805,4,,,0,30,,19806,4,,,0,70,,19807,4,,,0,30,,19808,4,,,0,70,,19809,4,,,0
4019,'1797',649,,19868,4,,,0,70,,19844,4,,,0,30,,19838,4,,,0,70,,19848,4,,,0,30,,19859,4,,,0,70,,19854,4,,,0,30,,19842,4,,,0,71,,19864,4,,,0,30,,19841,4,,,0,70,,19861,4,,,0,30,,19856,4,,,0,70,,19849,4,,,0,30,,19862,4,,,0,70,,19865,4,,,0,30,,19840,4,,,0,70,,19851,4,,,0,30,,19839,4,,,0,70,,19845,4,,,0,30,,19863,4,,,0,70,,19860,4,,,0,30,,19857,4,,,0,70,,19846,4,,,0,30,,19866,4,,,0,70,,19867,4,,,0,30,,19837,4,,,0,70,,19852,4,,,0,30,,19850,4,,,0,70,,19858,4,,,0,30,,19843,4,,,0,70,,19853,4,,,0,30,,19847,4,,,0,70,,19855,4,,,0
4019,'1798',749,,19892,4,,,0,70,,19893,4,,,0,30,,19890,4,,,0,70,,19894,4,,,0,30,,19891,4,,,0,71,,19875,4,,,0,30,,19879,4,,,0,70,,19883,4,,,0,30,,19886,4,,,0,70,,19871,4,,,0,30,,19874,4,,,0,70,,19878,4,,,0,30,,19882,4,,,0,70,,19884,4,,,0,30,,19870,4,,,0,70,,19873,4,,,0,30,,19877,4,,,0,70,,19881,4,,,0,30,,19885,4,,,0,70,,19869,4,,,0,30,,19872,4,,,0,70,,19876,4,,,0,30,,19880,4,,,0,70,,19889,4,,,0,30,,19895,4,,,0,70,,19887,4,,,0,30,,19896,4,,,0,70,,19888,4,,,0
4019,'1799',749,,19920,4,,,0,70,,19921,4,,,0,30,,19918,4,,,0,70,,19922,4,,,0,30,,19919,4,,,0,71,,19903,4,,,0,30,,19907,4,,,0,70,,19911,4,,,0,30,,19914,4,,,0,70,,19899,4,,,0,30,,19902,4,,,0,70,,19906,4,,,0,30,,19910,4,,,0,70,,19912,4,,,0,30,,19898,4,,,0,70,,19901,4,,,0,30,,19905,4,,,0,70,,19909,4,,,0,30,,19913,4,,,0,70,,19897,4,,,0,30,,19900,4,,,0,70,,19904,4,,,0,30,,19908,4,,,0,70,,19917,4,,,0,30,,19923,4,,,0,70,,19915,4,,,0,30,,19924,4,,,0,70,,19916,4,,,0
4019,'1800',749,,19948,4,,,0,70,,19949,4,,,0,30,,19946,4,,,0,70,,19950,4,,,0,30,,19947,4,,,0,71,,19931,4,,,0,30,,19935,4,,,0,70,,19939,4,,,0,30,,19942,4,,,0,70,,19927,4,,,0,30,,19930,4,,,0,70,,19934,4,,,0,30,,19938,4,,,0,70,,19940,4,,,0,30,,19926,4,,,0,70,,19929,4,,,0,30,,19933,4,,,0,70,,19937,4,,,0,30,,19941,4,,,0,70,,19925,4,,,0,30,,19928,4,,,0,70,,19932,4,,,0,30,,19936,4,,,0,70,,19945,4,,,0,30,,19951,4,,,0,70,,19943,4,,,0,30,,19952,4,,,0,70,,19944,4,,,0
502019,'1796',603,,22109,4,,,0,30,,22110,4,,,0,25,,22150,4,,,0,50,,22111,4,,,0,26,,22112,4,,,0,24,,22113,4,,,0,52,,22114,4,,,0,24,,22115,4,,,0,24,,22116,4,,,0,52,,22117,4,,,0,24,,22118,4,,,0,70,,22119,4,,,0,30,,22120,4,,,0,70,,22121,4,,,0,30,,22122,4,,,0,70,,22123,4,,,0,30,,22124,4,,,0,70,,22125,4,,,0,30,,22126,4,,,0,70,,22127,4,,,0,33,,22128,4,,,0,70,,22129,4,,,0,30,,22130,4,,,0,68,,22131,4,,,0,24,,22132,4,,,0,12,,22133,4,,,0,64,,22134,4,,,0,5,,22151,4,,,0,18,,22135,4,,,0,12,,22136,4,,,0,64,,22137,4,,,0,22,,22138,4,,,0,12,,22139,4,,,0,66,,22140,4,,,0,30,,22141,4,,,0,69,,22142,4,,,0,30,,22143,4,,,0,70,,22144,4,,,0,30,,22145,4,,,0,70,,22146,4,,,0,30,,22147,4,,,0,70,,22148,4,,,0,30,,22149,4,,,0
502019,'1797',633,,22159,4,,,0,70,,22166,4,,,0,30,,22158,4,,,0,70,,22167,4,,,0,30,,22157,4,,,0,70,,22168,4,,,0,30,,22156,4,,,0,71,,22169,4,,,0,30,,22177,4,,,0,70,,22170,4,,,0,30,,22178,4,,,0,70,,22171,4,,,0,30,,22179,4,,,0,70,,22172,4,,,0,30,,22180,4,,,0,70,,22173,4,,,0,30,,22181,4,,,0,70,,22174,4,,,0,30,,22182,4,,,0,70,,22175,4,,,0,30,,22183,4,,,0,70,,22176,4,,,0,30,,22184,4,,,0,70,,22160,4,,,0,30,,22185,4,,,0,70,,22162,4,,,0,99,,22161,4,,,0,30,,22155,4,,,0,70,,22163,4,,,0,30,,22154,4,,,0,70,,22164,4,,,0,30,,22153,4,,,0,70,,22165,4,,,0,30,,22152,4,,,0
502019,'1798',633,,22200,4,,,0,70,,22186,4,,,0,30,,22203,4,,,0,70,,22217,4,,,0,30,,22197,4,,,0,70,,22216,4,,,0,30,,22199,4,,,0,71,,22215,4,,,0,30,,22194,4,,,0,70,,22214,4,,,0,30,,22189,4,,,0,70,,22213,4,,,0,30,,22192,4,,,0,70,,22211,4,,,0,30,,22190,4,,,0,70,,22212,4,,,0,30,,22193,4,,,0,70,,22210,4,,,0,30,,22187,4,,,0,70,,22209,4,,,0,30,,22191,4,,,0,70,,22208,4,,,0,30,,22188,4,,,0,70,,22207,4,,,0,30,,22201,4,,,0,70,,22206,4,,,0,30,,22202,4,,,0,69,,22205,4,,,0,30,,22195,4,,,0,70,,22218,4,,,0,30,,22204,4,,,0,70,,22219,4,,,0,30,,22198,4,,,0,70,,22220,4,,,0,30,,22196,4,,,0
502019,'1799',633,,22235,4,,,0,70,,22221,4,,,0,30,,22238,4,,,0,70,,22252,4,,,0,30,,22232,4,,,0,70,,22251,4,,,0,30,,22234,4,,,0,71,,22250,4,,,0,30,,22229,4,,,0,70,,22249,4,,,0,30,,22224,4,,,0,70,,22248,4,,,0,30,,22227,4,,,0,70,,22246,4,,,0,30,,22225,4,,,0,70,,22247,4,,,0,30,,22228,4,,,0,70,,22245,4,,,0,30,,22222,4,,,0,70,,22244,4,,,0,30,,22226,4,,,0,70,,22243,4,,,0,30,,22223,4,,,0,70,,22242,4,,,0,30,,22236,4,,,0,70,,22241,4,,,0,30,,22237,4,,,0,69,,22240,4,,,0,30,,22230,4,,,0,70,,22253,4,,,0,30,,22239,4,,,0,70,,22254,4,,,0,30,,22233,4,,,0,70,,22255,4,,,0,30,,22231,4,,,0
502019,'1800',633,,22270,4,,,0,70,,22256,4,,,0,30,,22273,4,,,0,70,,22287,4,,,0,30,,22267,4,,,0,70,,22286,4,,,0,30,,22269,4,,,0,71,,22285,4,,,0,30,,22264,4,,,0,70,,22284,4,,,0,30,,22259,4,,,0,70,,22283,4,,,0,30,,22262,4,,,0,70,,22281,4,,,0,30,,22260,4,,,0,70,,22282,4,,,0,30,,22263,4,,,0,70,,22280,4,,,0,30,,22257,4,,,0,70,,22279,4,,,0,30,,22261,4,,,0,70,,22278,4,,,0,30,,22258,4,,,0,70,,22277,4,,,0,30,,22271,4,,,0,70,,22276,4,,,0,30,,22272,4,,,0,69,,22275,4,,,0,30,,22265,4,,,0,70,,22288,4,,,0,30,,22274,4,,,0,70,,22289,4,,,0,30,,22268,4,,,0,70,,22290,4,,,0,30,,22266,4,,,0
701019,'1796',600,,18088,4,,,0,30,,22574,4,,,0,18,,18090,4,,,0,55,,22575,4,,,0,16,,18092,4,,,0,15,,18093,4,,,0,15,,18094,4,,,0,55,,22576,4,,,0,15,,18096,4,,,0,15,,22577,4,,,0,15,,18098,4,,,0,55,,18099,4,,,0,15,,18100,4,,,0,15,,22578,4,,,0,15,,18196,4,,,0,55,,22579,4,,,0,15,,18103,4,,,0,15,,18104,4,,,0,15,,18105,4,,,0,55,,22580,4,,,0,15,,22581,4,,,0,15,,22582,4,,,0,15,,18109,4,,,0,55,,22583,4,,,0,15,,22584,4,,,0,15,,22585,4,,,0,15,,18113,4,,,0,55,,22586,4,,,0,15,,22587,4,,,0,15,,22588,4,,,0,15,,22589,4,,,0,55,,22590,4,,,0,15,,22591,4,,,0,15,,22592,4,,,0,15,,22593,4,,,0,55,,22629,4,,,0,15,,18122,4,,,0,15,,22594,4,,,0,15,,22595,4,,,0,55,,22596,4,,,0,15,,18190,4,,,0,15,,22597,4,,,0,15,,22598,4,,,0,55,,18128,4,,,0,15,,18129,4,,,0,15,,22599,4,,,0,15,,22600,4,,,0,54,,22601,4,,,0,15,,22602,4,,,0,15,,22603,4,,,0,15,,18135,4,,,0,55,,22604,4,,,0,15,,18137,4,,,0,15,,18138,4,,,0,15,,22605,4,,,0,55,,22606,4,,,0,15,,18141,4,,,0,15,,22607,4,,,0,15,,18143,4,,,0,70,,18144,4,,,0,30,,18145,4,,,0,70,,18146,4,,,0,30,,18147,4,,,0,70,,22608,4,,,0,25,,18149,4,,,0,65,,22609,4,,,0
701019,'1797',620,,18266,4,,,0,28,,22660,4,,,0,70,,18211,4,,,0,30,,18223,4,,,0,55,,22688,4,,,0,15,,22664,4,,,0,15,,18270,4,,,0,15,,18201,4,,,0,55,,18271,4,,,0,15,,18212,4,,,0,15,,22691,4,,,0,15,,22654,4,,,0,55,,18281,4,,,0,15,,18236,4,,,0,15,,18276,4,,,0,15,,22635,4,,,0,55,,22692,4,,,0,16,,22644,4,,,0,15,,18277,4,,,0,15,,18225,4,,,0,55,,18280,4,,,0,15,,22665,4,,,0,15,,22695,4,,,0,15,,22636,4,,,0,55,,18291,4,,,0,15,,22645,4,,,0,15,,18290,4,,,0,15,,22655,4,,,0,55,,22694,4,,,0,15,,22666,4,,,0,15,,18288,4,,,0,15,,22637,4,,,0,55,,18287,4,,,0,15,,22646,4,,,0,15,,22696,4,,,0,15,,22656,4,,,0,55,,18286,4,,,0,15,,22667,4,,,0,15,,18285,4,,,0,15,,22638,4,,,0,55,,22693,4,,,0,15,,22647,4,,,0,15,,18283,4,,,0,15,,22657,4,,,0,54,,18282,4,,,0,15,,22668,4,,,0,15,,22697,4,,,0,15,,22639,4,,,0,55,,18267,4,,,0,15,,22648,4,,,0,15,,18272,4,,,0,15,,22658,4,,,0,55,,22689,4,,,0,15,,22669,4,,,0,15,,18274,4,,,0,15,,22640,4,,,0,70,,22649,4,,,0,30,,22659,4,,,0,70,,22670,4,,,0,30,,22684,4,,,0,70,,22686,4,,,0,25,,22690,4,,,0,65,,22687,4,,,0
701019,'1798',620,,22723,4,,,0,28,,22756,4,,,0,70,,22741,4,,,0,30,,22722,4,,,0,55,,18320,4,,,0,15,,22759,4,,,0,15,,22700,4,,,0,15,,22730,4,,,0,55,,18304,4,,,0,15,,22719,4,,,0,15,,18321,4,,,0,15,,18383,4,,,0,55,,22699,4,,,0,15,,22739,4,,,0,15,,18305,4,,,0,15,,22718,4,,,0,55,,18300,4,,,0,16,,22752,4,,,0,15,,18308,4,,,0,15,,18362,4,,,0,55,,18303,4,,,0,15,,22715,4,,,0,15,,18315,4,,,0,15,,18380,4,,,0,55,,18306,4,,,0,15,,18358,4,,,0,15,,18311,4,,,0,15,,22713,4,,,0,55,,18314,4,,,0,15,,22760,4,,,0,15,,18301,4,,,0,15,,22735,4,,,0,55,,18313,4,,,0,15,,22711,4,,,0,15,,18317,4,,,0,15,,22755,4,,,0,55,,18298,4,,,0,15,,22740,4,,,0,15,,18299,4,,,0,15,,22709,4,,,0,55,,18316,4,,,0,15,,22749,4,,,0,15,,18297,4,,,0,15,,22732,4,,,0,54,,18312,4,,,0,15,,22708,4,,,0,15,,18318,4,,,0,15,,22748,4,,,0,55,,18309,4,,,0,15,,22733,4,,,0,15,,18310,4,,,0,15,,22706,4,,,0,55,,18319,4,,,0,15,,22761,4,,,0,15,,18307,4,,,0,15,,22731,4,,,0,70,,22703,4,,,0,30,,22757,4,,,0,70,,22727,4,,,0,30,,22701,4,,,0,70,,22762,4,,,0,25,,22764,4,,,0,65,,22763,4,,,0
701019,'1799',620,,22790,4,,,0,28,,22823,4,,,0,70,,22808,4,,,0,30,,22789,4,,,0,55,,18419,4,,,0,15,,22826,4,,,0,15,,22767,4,,,0,15,,22797,4,,,0,55,,18403,4,,,0,15,,22786,4,,,0,15,,18420,4,,,0,15,,18482,4,,,0,55,,22766,4,,,0,15,,22806,4,,,0,15,,18404,4,,,0,15,,22785,4,,,0,55,,18399,4,,,0,16,,22819,4,,,0,15,,18407,4,,,0,15,,18461,4,,,0,55,,18402,4,,,0,15,,22782,4,,,0,15,,18414,4,,,0,15,,18479,4,,,0,55,,18405,4,,,0,15,,18457,4,,,0,15,,18410,4,,,0,15,,22780,4,,,0,55,,18413,4,,,0,15,,22827,4,,,0,15,,18400,4,,,0,15,,22802,4,,,0,55,,18412,4,,,0,15,,22778,4,,,0,15,,18416,4,,,0,15,,22822,4,,,0,55,,18397,4,,,0,15,,22807,4,,,0,15,,18398,4,,,0,15,,22776,4,,,0,55,,18415,4,,,0,15,,22816,4,,,0,15,,18396,4,,,0,15,,22799,4,,,0,54,,18411,4,,,0,15,,22775,4,,,0,15,,18417,4,,,0,15,,22815,4,,,0,55,,18408,4,,,0,15,,22800,4,,,0,15,,18409,4,,,0,15,,22773,4,,,0,55,,18418,4,,,0,15,,22828,4,,,0,15,,18406,4,,,0,15,,22798,4,,,0,70,,22770,4,,,0,30,,22824,4,,,0,70,,22794,4,,,0,30,,22768,4,,,0,70,,22829,4,,,0,25,,22831,4,,,0,65,,22830,4,,,0
701019,'1800',620,,22857,4,,,0,28,,22890,4,,,0,70,,22875,4,,,0,30,,22856,4,,,0,55,,18518,4,,,0,15,,22893,4,,,0,15,,22834,4,,,0,15,,22864,4,,,0,55,,18502,4,,,0,15,,22853,4,,,0,15,,18519,4,,,0,15,,18581,4,,,0,55,,22833,4,,,0,15,,22873,4,,,0,15,,18503,4,,,0,15,,22852,4,,,0,55,,18498,4,,,0,16,,22886,4,,,0,15,,18506,4,,,0,15,,18560,4,,,0,55,,18501,4,,,0,15,,22849,4,,,0,15,,18513,4,,,0,15,,18578,4,,,0,55,,18504,4,,,0,15,,18556,4,,,0,15,,18509,4,,,0,15,,22847,4,,,0,55,,18512,4,,,0,15,,22894,4,,,0,15,,18499,4,,,0,15,,22869,4,,,0,55,,18511,4,,,0,15,,22845,4,,,0,15,,18515,4,,,0,15,,22889,4,,,0,55,,18496,4,,,0,15,,22874,4,,,0,15,,18497,4,,,0,15,,22843,4,,,0,55,,18514,4,,,0,15,,22883,4,,,0,15,,18495,4,,,0,15,,22866,4,,,0,54,,18510,4,,,0,15,,22842,4,,,0,15,,18516,4,,,0,15,,22882,4,,,0,55,,18507,4,,,0,15,,22867,4,,,0,15,,18508,4,,,0,15,,22840,4,,,0,55,,18517,4,,,0,15,,22895,4,,,0,15,,18505,4,,,0,15,,22865,4,,,0,70,,22837,4,,,0,30,,22891,4,,,0,70,,22861,4,,,0,30,,22835,4,,,0,70,,22896,4,,,0,25,,22898,4,,,0,65,,22897,4,,,0
