1019,'1796',559,,13774,36,,,0,70,,19586,36,,,0,30,,19562,36,,,0,71,,19557,36,,,0,71,,19575,36,,,0,31,,19559,36,,,0,70,,19564,36,,,0,29,,19589,36,,,0,70,,19561,36,,,0,30,,19555,36,,,0,71,,19574,36,,,0,30,,19560,36,,,0,70,,19565,36,,,0,30,,19585,36,,,0,70,,19563,36,,,0,31,,19556,36,,,0,70,,19587,36,,,0,32,,19558,36,,,0,70,,19566,36,,,0,30,,19584,36,,,0,69,,19577,36,,,0,30,,19569,36,,,0,70,,19567,36,,,0,28,,19570,36,,,0,70,,19572,36,,,0,29,,19571,36,,,0,69,,19568,36,,,0,30,,19588,36,,,0,70,,19582,36,,,0,30,,19583,36,,,0,70,,19581,36,,,0,29,,19580,36,,,0,74,,19579,36,,,0,30,,19578,36,,,0,70,,19576,36,,,0,25,,19573,36,,,0
1019,'1797',558,,19601,36,,,0,70,,19615,36,,,0,30,,19600,36,,,0,70,,19620,36,,,0,31,,19610,36,,,0,70,,19594,36,,,0,30,,19616,36,,,0,70,,19618,36,,,0,30,,19599,36,,,0,70,,19621,36,,,0,71,,19609,36,,,0,30,,19593,36,,,0,70,,19604,36,,,0,30,,19614,36,,,0,70,,19598,36,,,0,30,,19622,36,,,0,70,,19608,36,,,0,30,,19592,36,,,0,70,,19603,36,,,0,30,,19613,36,,,0,70,,19597,36,,,0,30,,19623,36,,,0,70,,19607,36,,,0,30,,19591,36,,,0,70,,19602,36,,,0,30,,19612,36,,,0,70,,19595,36,,,0,29,,19624,36,,,0,30,,19605,36,,,0,70,,19590,36,,,0,30,,19596,36,,,0,70,,19611,36,,,0,74,,19606,36,,,0,29,,19625,36,,,0,70,,19619,36,,,0,25,,19617,36,,,0
1019,'1798',628,,19626,36,,,0,100,,19627,36,,,0,101,,19628,36,,,0,100,,19629,36,,,0,100,,19630,36,,,0,101,,19631,36,,,0,100,,19632,36,,,0,100,,19633,36,,,0,100,,19634,36,,,0,100,,19635,36,,,0,100,,19636,36,,,0,100,,19637,36,,,0,100,,19638,36,,,0,99,,19639,36,,,0,100,,19640,36,,,0,100,,19641,36,,,0,103,,19642,36,,,0,95,,19643,36,,,0
1019,'1799',628,,19644,36,,,0,100,,19645,36,,,0,101,,19646,36,,,0,100,,19647,36,,,0,100,,19648,36,,,0,101,,19649,36,,,0,100,,19650,36,,,0,100,,19651,36,,,0,100,,19652,36,,,0,100,,19653,36,,,0,100,,19654,36,,,0,100,,19655,36,,,0,100,,19656,36,,,0,99,,19657,36,,,0,100,,19658,36,,,0,100,,19659,36,,,0,103,,19660,36,,,0,95,,19661,36,,,0
1019,'1800',628,,19662,36,,,0,100,,19663,36,,,0,101,,19664,36,,,0,100,,19665,36,,,0,100,,19666,36,,,0,101,,19667,36,,,0,100,,19668,36,,,0,100,,19669,36,,,0,100,,19670,36,,,0,100,,19671,36,,,0,100,,19672,36,,,0,100,,19673,36,,,0,100,,19674,36,,,0,99,,19675,36,,,0,100,,19676,36,,,0,100,,19677,36,,,0,103,,19678,36,,,0,95,,19679,36,,,0
1029,'1796',559,,19689,14,,,0,71,,13901,14,,,0,26,,19709,14,,,0,69,,19686,14,,,0,30,,19681,14,,,0,70,,19713,14,,,0,30,,19684,14,,,0,71,,19690,14,,,0,30,,19708,14,,,0,70,,19688,14,,,0,30,,19680,14,,,0,70,,19712,14,,,0,30,,19685,14,,,0,70,,19691,14,,,0,30,,19707,14,,,0,70,,19687,14,,,0,30,,19682,14,,,0,71,,19710,14,,,0,32,,19683,14,,,0,70,,19692,14,,,0,29,,19706,14,,,0,69,,19695,14,,,0,30,,19694,14,,,0,70,,19693,14,,,0,73,,19699,14,,,0,30,,19698,14,,,0,70,,19697,14,,,0,30,,19696,14,,,0,29,,19711,14,,,0,70,,19705,14,,,0,30,,19704,14,,,0,70,,19703,14,,,0,30,,19702,14,,,0,70,,19701,14,,,0,25,,19700,14,,,0
1029,'1797',601,,19719,14,,,0,28,,19731,14,,,0,30,,19738,14,,,0,70,,19726,14,,,0,30,,19747,14,,,0,70,,19735,14,,,0,30,,19718,14,,,0,71,,19730,14,,,0,70,,19741,14,,,0,30,,19725,14,,,0,70,,19748,14,,,0,30,,19734,14,,,0,70,,19717,14,,,0,30,,19729,14,,,0,70,,19740,14,,,0,30,,19724,14,,,0,70,,19720,14,,,0,30,,19733,14,,,0,70,,19716,14,,,0,30,,19728,14,,,0,29,,19736,14,,,0,70,,19723,14,,,0,30,,19745,14,,,0,70,,19732,14,,,0,30,,19715,14,,,0,70,,19727,14,,,0,30,,19739,14,,,0,70,,19721,14,,,0,30,,19743,14,,,0,70,,19742,14,,,0,30,,19714,14,,,0,70,,19722,14,,,0,29,,19737,14,,,0,70,,19746,14,,,0,30,,19744,14,,,0
1029,'1798',601,,19749,14,,,0,58,,19750,14,,,0,100,,19751,14,,,0,100,,19752,14,,,0,141,,19753,14,,,0,100,,19754,14,,,0,100,,19755,14,,,0,100,,19756,14,,,0,100,,19757,14,,,0,100,,19758,14,,,0,59,,19759,14,,,0,100,,19760,14,,,0,100,,19761,14,,,0,100,,19762,14,,,0,100,,19763,14,,,0,100,,19764,14,,,0,99,,19765,14,,,0,100,,19766,14,,,0
1029,'1799',601,,19767,14,,,0,58,,19768,14,,,0,100,,19769,14,,,0,100,,19770,14,,,0,141,,19771,14,,,0,100,,19772,14,,,0,100,,19773,14,,,0,100,,19774,14,,,0,100,,19775,14,,,0,100,,19776,14,,,0,59,,19777,14,,,0,100,,19778,14,,,0,100,,19779,14,,,0,100,,19780,14,,,0,100,,19781,14,,,0,100,,19782,14,,,0,99,,19783,14,,,0,100,,19784,14,,,0
1029,'1800',601,,19785,14,,,0,58,,19786,14,,,0,100,,19787,14,,,0,100,,19788,14,,,0,141,,19789,14,,,0,100,,19790,14,,,0,100,,19791,14,,,0,100,,19792,14,,,0,100,,19793,14,,,0,100,,19794,14,,,0,59,,19795,14,,,0,100,,19796,14,,,0,100,,19797,14,,,0,100,,19798,14,,,0,100,,19799,14,,,0,100,,19800,14,,,0,99,,19801,14,,,0,100,,19802,14,,,0
2019,'1796',651,,14015,42,,,0,68,,14016,42,,,0,30,,14017,42,,,0,72,,14018,42,,,0,31,,14019,42,,,0,69,,14020,42,,,0,30,,14021,42,,,0,70,,14022,42,,,0,30,,14023,42,,,0,70,,14024,42,,,0,30,,14025,42,,,0,70,,14026,42,,,0,30,,14027,42,,,0,70,,14028,42,,,0,30,,14029,42,,,0,70,,14030,42,,,0,30,,14031,42,,,0,70,,14032,42,,,0,30,,14033,42,,,0,71,,14034,42,,,0,32,,14035,42,,,0,67,,14036,42,,,0,30,,14037,42,,,0,70,,14038,42,,,0,30,,14039,42,,,0,70,,14045,42,,,0,30,,14040,42,,,0,100,,14041,42,,,0,100,,14042,42,,,0,100,,14043,42,,,0,97,,14044,42,,,0
2019,'1797',651,,14047,33,,,0,70,,14054,42,,,0,30,,14063,42,,,0,70,,14070,42,,,0,30,,14048,42,,,0,70,,14055,42,,,0,30,,14064,42,,,0,70,,14071,42,,,0,30,,14049,42,,,0,70,,14056,42,,,0,30,,14065,42,,,0,70,,14072,42,,,0,30,,14050,42,,,0,70,,14057,42,,,0,30,,14066,42,,,0,70,,14073,42,,,0,30,,14051,42,,,0,70,,14058,42,,,0,30,,14067,42,,,0,70,,14074,42,,,0,30,,14052,42,,,0,70,,14059,42,,,0,30,,14068,42,,,0,70,,14075,42,,,0,30,,14053,42,,,0,70,,14060,42,,,0,30,,14069,42,,,0,100,,14061,42,,,0,100,,14076,42,,,0,97,,14062,42,,,0,99,,14077,42,,,0
2019,'1798',721,,14105,42,,,0,30,,14082,42,,,0,70,,14086,42,,,0,30,,14098,42,,,0,70,,14093,42,,,0,30,,14083,42,,,0,70,,14087,42,,,0,30,,14099,42,,,0,70,,14094,42,,,0,30,,14084,42,,,0,70,,14088,42,,,0,30,,14100,42,,,0,70,,14095,42,,,0,30,,14085,42,,,0,70,,14089,42,,,0,30,,14101,42,,,0,70,,14096,42,,,0,30,,14080,42,,,0,70,,14090,42,,,0,30,,14102,42,,,0,70,,14097,42,,,0,30,,14078,42,,,0,70,,14091,42,,,0,30,,14103,42,,,0,100,,14079,42,,,0,102,,14104,42,,,0,100,,14081,42,,,0,95,,14092,42,,,0,100,,14106,42,,,0
2019,'1799',721,,14134,42,,,0,30,,14111,42,,,0,70,,14115,42,,,0,30,,14127,42,,,0,70,,14122,42,,,0,30,,14112,42,,,0,70,,14116,42,,,0,30,,14128,42,,,0,70,,14123,42,,,0,30,,14113,42,,,0,70,,14117,42,,,0,30,,14129,42,,,0,70,,14124,42,,,0,30,,14114,42,,,0,70,,14118,42,,,0,30,,14130,42,,,0,70,,14125,42,,,0,30,,14109,42,,,0,70,,14119,42,,,0,30,,14131,42,,,0,70,,14126,42,,,0,30,,14107,42,,,0,70,,14120,42,,,0,30,,14132,42,,,0,100,,14108,42,,,0,102,,14133,42,,,0,100,,14110,42,,,0,95,,14121,42,,,0,100,,14135,42,,,0
2019,'1800',721,,14163,42,,,0,30,,14140,42,,,0,70,,14144,42,,,0,30,,14156,42,,,0,70,,14151,42,,,0,30,,14141,42,,,0,70,,14145,42,,,0,30,,14157,42,,,0,70,,14152,42,,,0,30,,14142,42,,,0,70,,14146,42,,,0,30,,14158,42,,,0,70,,14153,42,,,0,30,,14143,42,,,0,70,,14147,42,,,0,30,,14159,42,,,0,70,,14154,42,,,0,30,,14138,42,,,0,70,,14148,42,,,0,30,,14160,42,,,0,70,,14155,42,,,0,30,,14136,42,,,0,70,,14149,42,,,0,30,,14161,42,,,0,100,,14137,42,,,0,102,,14162,42,,,0,100,,14139,42,,,0,95,,14150,42,,,0,100,,14164,42,,,0
7029,'1796',516,,15002,16,,,0,103,,15003,16,,,0,28,,20395,16,,,0,72,,15005,16,,,0,30,,15006,16,,,0,71,,15007,16,,,0,29,,20396,16,,,0,70,,20397,16,,,0,30,,20398,16,,,0,70,,20399,16,,,0,30,,20400,16,,,0,70,,20401,16,,,0,30,,15014,16,,,0,70,,20392,16,,,0,30,,20393,16,,,0,70,,20394,16,,,0,31,,20391,16,,,0,70,,14996,16,,,0,31,,15001,16,,,0,69,,20402,16,,,0,30,,20403,16,,,0,70,,20404,16,,,0,29,,15018,16,,,0,70,,20405,16,,,0,30,,15020,16,,,0,70,,15021,16,,,0,30,,20406,16,,,0,70,,20407,16,,,0,30,,20408,16,,,0,69,,15025,16,,,0,101,,15026,16,,,0,99,,15027,16,,,0,100,,15028,16,,,0
7029,'1797',619,,15060,5,,,0,29,,20409,16,,,0,70,,20420,16,,,0,30,,20410,16,,,0,70,,20421,16,,,0,30,,20411,16,,,0,70,,15045,16,,,0,30,,20412,16,,,0,70,,20422,16,,,0,30,,20413,16,,,0,70,,20423,16,,,0,30,,15034,16,,,0,70,,15048,16,,,0,30,,20414,16,,,0,70,,20424,16,,,0,30,,15036,16,,,0,71,,20425,16,,,0,30,,15037,16,,,0,70,,15051,16,,,0,30,,20415,16,,,0,69,,20426,16,,,0,30,,20416,16,,,0,70,,20427,16,,,0,30,,20417,16,,,0,70,,15054,16,,,0,30,,20418,16,,,0,70,,20428,16,,,0,30,,20419,16,,,0,70,,20429,16,,,0,100,,15057,16,,,0,100,,15058,16,,,0,100,,15059,16,,,0
7029,'1798',718,,15063,16,,,0,100,,15064,16,,,0,100,,20432,16,,,0,100,,15066,16,,,0,100,,15067,16,,,0,100,,20433,16,,,0,100,,15069,16,,,0,101,,15070,16,,,0,100,,20434,16,,,0,99,,15072,16,,,0,100,,15073,16,,,0,100,,20435,16,,,0,100,,15075,16,,,0,100,,15076,16,,,0,100,,20431,16,,,0
7029,'1799',718,,15079,16,,,0,100,,15080,16,,,0,100,,20438,16,,,0,100,,15082,16,,,0,100,,15083,16,,,0,100,,20439,16,,,0,100,,15085,16,,,0,101,,15086,16,,,0,100,,20440,16,,,0,99,,15088,16,,,0,100,,15089,16,,,0,100,,20441,16,,,0,100,,15091,16,,,0,100,,15092,16,,,0,100,,20437,16,,,0
7029,'1800',718,,15095,16,,,0,100,,15096,16,,,0,100,,20444,16,,,0,100,,15098,16,,,0,100,,15099,16,,,0,100,,20445,16,,,0,100,,15101,16,,,0,101,,15102,16,,,0,100,,20446,16,,,0,99,,15104,16,,,0,100,,15105,16,,,0,100,,20447,16,,,0,100,,15107,16,,,0,100,,15108,16,,,0,100,,20443,16,,,0
16019,'1796',644,,20843,31,,,0,70,,20844,31,,,0,31,,20845,31,,,0,70,,15782,31,,,0,30,,15783,31,,,0,69,,20846,31,,,0,30,,20847,31,,,0,70,,20848,31,,,0,30,,20849,31,,,0,70,,20850,31,,,0,30,,20851,31,,,0,70,,20852,31,,,0,30,,20853,31,,,0,71,,20854,31,,,0,30,,20855,31,,,0,70,,20856,31,,,0,32,,20857,31,,,0,70,,20858,31,,,0,28,,20859,31,,,0,70,,20860,31,,,0,30,,20861,31,,,0,69,,20862,31,,,0,30,,20863,31,,,0,70,,20864,31,,,0,30,,15803,31,,,0,70,,20865,31,,,0,30,,20866,31,,,0,68,,20867,31,,,0,30,,15807,31,,,0,70,,20868,31,,,0
16019,'1797',640,,15832,31,,,0,70,,15828,31,,,0,30,,15836,31,,,0,70,,15820,31,,,0,31,,15834,31,,,0,71,,15815,31,,,0,30,,15813,31,,,0,70,,15810,31,,,0,30,,15821,31,,,0,70,,15831,31,,,0,30,,15825,31,,,0,70,,15833,31,,,0,31,,15817,31,,,0,70,,15835,31,,,0,30,,15812,31,,,0,70,,15823,31,,,0,31,,15822,31,,,0,70,,15826,31,,,0,30,,15827,31,,,0,70,,15811,31,,,0,29,,15819,31,,,0,70,,15829,31,,,0,29,,15814,31,,,0,70,,15818,31,,,0,30,,15824,31,,,0,70,,15838,31,,,0,30,,15830,31,,,0,69,,15837,31,,,0,30,,15816,31,,,0,70,,15840,31,,,0
