22019,'1796',606,,16313,14,4,,0,26,,21266,14,4,,0,68,,21240,14,4,,0,30,,21241,14,4,,0,74,,21242,16,4,,0,30,,16287,16,4,,0,70,,16288,16,4,,0,29,,21243,16,4,,0,70,,21244,16,4,,0,29,,21245,16,4,,0,70,,21246,16,4,,0,30,,21247,16,4,,0,70,,21248,16,4,,0,31,,21249,16,4,,0,70,,21250,16,4,,0,31,,21251,16,4,,0,70,,21252,16,4,,0,30,,21253,16,4,,0,72,,21254,16,4,,0,30,,21255,16,4,,0,68,,21265,16,4,,0,30,,21256,16,4,,0,69,,21257,16,4,,0,29,,21258,16,4,,0,70,,21259,16,4,,0,28,,21260,16,4,,0,70,,16307,16,4,,0,30,,21261,16,4,,0,29,,21262,16,4,,0,68,,21263,16,4,,0,30,,16311,16,4,,0,68,,21264,14,4,,0
22019,'1797',630,,16335,14,4,,0,24,,16340,14,4,,0,70,,16336,14,4,,0,30,,16341,14,4,,0,70,,16337,14,4,,0,33,,16316,16,4,,0,72,,16317,16,4,,0,30,,16318,16,4,,0,70,,16319,16,4,,0,30,,16320,16,4,,0,70,,16321,16,4,,0,30,,16322,16,4,,0,70,,16323,16,4,,0,71,,16324,16,4,,0,30,,16325,16,4,,0,70,,16326,16,4,,0,30,,16327,16,4,,0,71,,16328,16,4,,0,30,,16329,16,4,,0,70,,16330,16,4,,0,30,,16331,16,4,,0,28,,16332,16,4,,0,70,,16333,16,4,,0,28,,16342,14,4,,0,70,,16338,14,4,,0,30,,16343,14,4,,0,69,,16334,14,4,,0,30,,16344,14,4,,0,69,,16339,14,4,,0,30,,16345,14,4,,0,70,,16346,14,4,,0
22019,'1798',658,,21276,14,4,,0,94,,21277,14,4,,0,102,,21274,16,4,,0,100,,21275,16,4,,0,100,,21268,16,4,,0,100,,21273,16,4,,0,100,,21269,16,4,,0,100,,21270,16,4,,0,100,,21267,16,4,,0,100,,21271,16,4,,0,99,,21272,16,4,,0,99,,16358,14,4,,0,100,,21278,14,4,,0,100,,16360,14,4,,0,148,,21279,14,4,,0
22019,'1799',658,,21289,14,4,,0,94,,21290,14,4,,0,102,,21287,16,4,,0,100,,21288,16,4,,0,100,,21281,16,4,,0,100,,21286,16,4,,0,100,,21282,16,4,,0,100,,21283,16,4,,0,100,,21280,16,4,,0,100,,21284,16,4,,0,99,,21285,16,4,,0,99,,16373,14,4,,0,100,,21291,14,4,,0,100,,16375,14,4,,0,148,,21292,14,4,,0
22019,'1800',658,,21302,14,4,,0,94,,21303,14,4,,0,102,,21300,16,4,,0,100,,21301,16,4,,0,100,,21294,16,4,,0,100,,21299,16,4,,0,100,,21295,16,4,,0,100,,21296,16,4,,0,100,,21293,16,4,,0,100,,21297,16,4,,0,99,,21298,16,4,,0,99,,16388,14,4,,0,100,,21304,14,4,,0,100,,16390,14,4,,0,148,,21305,14,4,,0
22029,'1796',635,,21307,1,0,19 2 20 21,0,70,,21308,1,0,19 2 20 21,0,30,,21309,1,0,19 2 20 21,0,73,,21310,1,0,19 2 20 21,0,30,,21311,1,0,19 2 20 21,0,70,,21312,1,,,0,29,,21313,1,,,0,70,,21318,1,,,0,30,,21314,1,,,0,70,,21319,1,,,0,30,,21315,1,,,0,70,,21306,1,,,0,30,,21316,1,,,0,70,,21317,1,,,0,31,,21320,1,,,0,70,,21321,1,,,0,30,,21322,1,,,0,70,,21323,1,,,0,30,,21324,1,,,0,70,,21325,1,,,0,30,,21326,1,,,0,69,,21327,1,,,0,30,,21328,1,,,0,70,,21329,1,,,0,28,,21330,1,,,0,70,,16417,1,,,0,30,,21331,1,,,0,65,,21332,1,,,0,30,,21333,1,,,0,70,,16421,1,,,0,30,,21334,1,0,19 2 20 21,0,170,,16423,1,0,19 2 20 21,0,35,,16424,1,0,19 2 20 21,0
22029,'1797',603,,16449,1,0,19 2 20 21,0,30,,16443,1,0,19 2 20 21,0,67,,16450,1,0,19 2 20 21,0,30,,16444,1,0,19 2 20 21,0,70,,16451,1,0,19 2 20 21,0,30,,16425,1,,,0,70,,16426,1,,,0,30,,16427,1,,,0,70,,16428,1,,,0,30,,16429,1,,,0,70,,16430,1,,,0,30,,16431,1,,,0,70,,16432,1,,,0,30,,16433,1,,,0,70,,16434,1,,,0,31,,16435,1,,,0,69,,16436,1,,,0,31,,16437,1,,,0,70,,16438,1,,,0,30,,16439,1,,,0,70,,16440,1,,,0,30,,16441,1,,,0,69,,16442,1,,,0,31,,16445,1,0,19 2 20 21,0,69,,16452,1,0,19 2 20 21,0,30,,16446,1,0,19 2 20 21,0,70,,16453,1,0,19 2 20 21,0,30,,16447,1,0,19 2 20 21,0,70,,16454,1,0,19 2 20 21,0,30,,16448,1,0,19 2 20 21,0,27,,16455,1,0,19 2 20 21,0,73,,16456,1,0,19 2 20 21,0,175,,16458,1,0,19 2 20 21,0,30,,16457,1,0,19 2 20 21,0
22029,'1798',703,,21346,1,0,19 2 20 21,0,97,,21335,1,,,0,100,,21336,1,,,0,100,,21337,1,,,0,100,,21338,1,,,0,100,,21339,1,,,0,100,,21340,1,,,0,100,,21341,1,,,0,100,,21342,1,,,0,100,,21343,1,,,0,100,,21344,1,,,0,100,,16473,1,0,19 2 20 21,0,100,,21345,1,0,19 2 20 21,0,100,,16471,1,0,19 2 20 21,0,100,,21347,1,0,19 2 20 21,0,205,,16475,1,0,19 2 20 21,0,30,,16474,1,0,19 2 20 21,0
22029,'1799',703,,21359,1,0,19 2 20 21,0,97,,21348,1,,,0,100,,21349,1,,,0,100,,21350,1,,,0,100,,21351,1,,,0,100,,21352,1,,,0,100,,21353,1,,,0,100,,21354,1,,,0,100,,21355,1,,,0,100,,21356,1,,,0,100,,21357,1,,,0,100,,16490,1,0,19 2 20 21,0,100,,21358,1,0,19 2 20 21,0,100,,16488,1,0,19 2 20 21,0,100,,21360,1,0,19 2 20 21,0,205,,16492,1,0,19 2 20 21,0,30,,16491,1,0,19 2 20 21,0
22029,'1800',703,,21372,1,0,19 2 20 21,0,97,,21361,1,,,0,100,,21362,1,,,0,100,,21363,1,,,0,100,,21364,1,,,0,100,,21365,1,,,0,100,,21366,1,,,0,100,,21367,1,,,0,100,,21368,1,,,0,100,,21369,1,,,0,100,,21370,1,,,0,100,,16507,1,0,19 2 20 21,0,100,,21371,1,0,19 2 20 21,0,100,,16505,1,0,19 2 20 21,0,100,,21373,1,0,19 2 20 21,0,205,,16509,1,0,19 2 20 21,0,30,,16508,1,0,19 2 20 21,0
601019,'1796',607,,17864,1,,,0,20,,17856,1,,,0,15,,22569,4,4,,0,13,,17851,1,0,19 2 11 2 22 1 23,0,52,,22566,1,0,19 2 11 2 22 1 23,0,15,,17866,1,0,19 2 11 2 22 1 23,0,15,,22568,1,0,19 2 11 2 22 1 23,0,15,,17850,1,0,19 2 11 2 22 1 23,0,55,,22565,1,0,19 2 11 2 22 1 23,0,15,,17865,1,0,19 2 11 2 22 1 23,0,25,,17876,1,,,0,70,,17881,1,,,0,30,,17882,1,,,0,70,,17879,1,,,0,30,,17877,1,,,0,70,,17883,1,,,0,30,,17885,1,,,0,70,,17880,1,,,0,30,,17878,1,,,0,70,,17886,1,,,0,30,,17884,1,,,0,60,,17848,4,4,,0,15,,17873,1,0,19 2 11 2 22 1 23,0,15,,17875,4,4,,0,15,,17869,1,0,19 2 11 2 22 1 23,0,55,,17857,1,0,19 2 11 2 22 1 23,0,15,,17870,1,0,19 2 11 2 22 1 23,0,15,,17860,1,0,19 2 11 2 22 1 23,0,15,,17867,1,0,19 2 11 2 22 1 23,0,55,,17862,1,0,19 2 11 2 22 1 23,0,15,,17868,1,0,19 2 11 2 22 1 23,0,15,,17854,1,0,19 2 11 2 22 1 23,0,15,,17871,1,0,19 2 11 2 22 1 23,0,55,,17849,1,0,19 2 11 2 22 1 23,0,15,,17874,1,0,19 2 11 2 22 1 23,0,15,,17853,1,0,19 2 11 2 22 1 23,0,15,,17872,1,0,19 2 11 2 22 1 23,0,55,,17838,1,,,0,30,,17839,1,,,0,15,,17847,1,,,0,55,,17845,1,,,0,30,,17842,1,,,0,70,,17843,1,,,0,30,,17837,1,,,0,70,,17840,1,,,0,30,,17836,1,,,0,70,,17841,1,,,0,33,,17846,1,,,0
601019,'1797',610,,17904,4,4,,0,30,,17921,1,,,0,70,,17902,1,,,0,30,,17920,1,,,0,70,,17901,1,,,0,30,,17919,1,,,0,70,,17900,1,,,0,30,,17918,1,,,0,70,,17898,1,,,0,30,,17916,1,,,0,70,,17899,1,,,0,30,,17917,1,,,0,70,,17897,1,,,0,30,,17915,1,,,0,70,,17888,1,,,0,30,,17914,1,,,0,70,,17896,1,,,0,30,,17913,1,,,0,70,,17894,1,,,0,30,,17912,1,,,0,70,,17889,1,,,0,30,,17910,1,,,0,70,,17891,1,,,0,30,,17911,1,,,0,70,,17895,1,,,0,30,,17909,1,,,0,70,,17890,1,,,0,30,,17908,1,,,0,70,,17893,1,,,0,30,,17907,1,,,0,70,,17892,1,,,0,30,,17906,1,,,0,70,,17887,1,,,0,30,,17905,1,,,0
601019,'1798',2240,,17922,1,,,0
601019,'1799',610,,17949,4,4,,0,30,,17930,1,,,0,70,,17954,1,,,0,30,,17939,1,,,0,70,,17957,1,,,0,30,,17925,1,,,0,70,,17932,1,,,0,30,,17952,1,,,0,70,,17955,1,,,0,30,,17926,1,,,0,70,,17938,1,,,0,30,,17956,1,,,0,70,,17951,1,,,0,30,,17929,1,,,0,70,,17941,1,,,0,30,,17947,1,,,0,70,,17944,1,,,0,30,,17934,1,,,0,70,,17933,1,,,0,30,,17928,1,,,0,70,,17948,1,,,0,30,,17937,1,,,0,70,,17950,1,,,0,30,,17946,1,,,0,70,,17931,1,,,0,30,,17953,1,,,0,70,,17945,1,,,0,30,,17959,1,,,0,70,,17942,1,,,0,30,,17958,1,,,0,70,,17935,1,,,0,30,,17936,1,,,0,70,,17943,1,,,0,30,,17940,1,,,0
601019,'1800',2240,,17960,1,,,0
602019,'1796',626,,17998,18,4,,0,29,,17974,18,4,,0,62,,17988,18,4,,0,13,,22573,18,4,,0,15,,17973,18,4,,0,55,,22570,18,4,,0,15,,17987,18,4,,0,15,,22572,18,4,,0,15,,18000,18,4,,0,55,,22571,18,4,,0,15,,17997,19,4,,0,24,,18006,19,4,,0,70,,18004,19,4,,0,30,,18011,19,4,,0,70,,18009,19,4,,0,30,,18005,19,4,,0,70,,18003,19,4,,0,30,,18010,19,4,,0,70,,18001,19,4,,0,31,,18007,19,4,,0,70,,18002,19,4,,0,30,,18008,19,4,,0,61,,17984,18,4,,0,15,,17993,18,4,,0,15,,17985,18,4,,0,15,,17992,18,4,,0,55,,17978,18,4,,0,15,,17991,18,4,,0,15,,17983,18,4,,0,15,,17995,18,4,,0,54,,17982,18,4,,0,15,,17990,18,4,,0,14,,17979,18,4,,0,15,,17994,18,4,,0,15,,17975,18,4,,0,55,,17999,18,4,,0,14,,17980,18,4,,0,15,,17989,19,4,,0,57,,17963,19,4,,0,30,,17964,19,4,,0,12,,17996,19,4,,0,58,,17969,19,4,,0,30,,17967,19,4,,0,70,,17968,19,4,,0,29,,17972,19,4,,0,30,,17965,19,4,,0,70,,17970,19,4,,0,30,,17966,19,4,,0,76,,17971,19,4,,0
602019,'1797',636,,18046,18,4,,0,68,,18028,19,4,,0,30,,18045,19,4,,0,70,,18027,19,4,,0,30,,18044,19,4,,0,70,,18026,19,4,,0,30,,18043,19,4,,0,70,,18025,19,4,,0,30,,18042,19,4,,0,70,,18024,19,4,,0,31,,18041,19,4,,0,70,,18022,19,4,,0,30,,18040,19,4,,0,70,,18023,19,4,,0,30,,18038,19,4,,0,70,,18021,19,4,,0,30,,18039,19,4,,0,70,,18014,19,4,,0,30,,18037,19,4,,0,70,,18015,19,4,,0,30,,18036,19,4,,0,70,,18013,19,4,,0,30,,18035,19,4,,0,70,,18016,19,4,,0,30,,18034,19,4,,0,70,,18019,19,4,,0,30,,18032,19,4,,0,70,,18020,19,4,,0,29,,18033,19,4,,0,70,,18018,19,4,,0,30,,18030,19,4,,0,70,,18017,19,4,,0,30,,18031,19,4,,0,70,,18012,19,4,,0,29,,18029,19,4,,0
602019,'1798',2234,,18049,19,4,,0,70,,18048,19,4,,0,29,,18047,19,4,,0
602019,'1799',636,,18078,18,4,,0,68,,18075,19,4,,0,30,,18060,19,4,,0,70,,18064,19,4,,0,30,,18079,19,4,,0,70,,18055,19,4,,0,30,,18051,19,4,,0,70,,18074,19,4,,0,30,,18071,19,4,,0,70,,18065,19,4,,0,31,,18073,19,4,,0,70,,18083,19,4,,0,30,,18072,19,4,,0,70,,18052,19,4,,0,30,,18081,19,4,,0,70,,18082,19,4,,0,30,,18050,19,4,,0,70,,18076,19,4,,0,30,,18059,19,4,,0,70,,18061,19,4,,0,30,,18084,19,4,,0,70,,18066,19,4,,0,30,,18056,19,4,,0,70,,18069,19,4,,0,30,,18080,19,4,,0,70,,18054,19,4,,0,30,,18058,19,4,,0,70,,18067,19,4,,0,29,,18057,19,4,,0,70,,18070,19,4,,0,30,,18063,19,4,,0,70,,18077,19,4,,0,30,,18062,19,4,,0,70,,18068,19,4,,0,29,,18053,19,4,,0
602019,'1800',2234,,18087,19,4,,0,70,,18086,19,4,,0,29,,18085,19,4,,0
