2029,'1796',531,,14191,14,,,0,27,,14165,29,,,0,70,,14166,29,,,0,30,,14167,29,,,0,68,,14168,29,,,0,30,,14169,29,,,0,70,,14170,29,,,0,30,,14171,29,,,0,69,,14172,29,,,0,30,,14173,29,,,0,70,,14174,29,,,0,30,,14175,29,,,0,70,,14176,29,,,0,30,,14177,29,,,0,70,,14178,29,,,0,30,,14179,29,,,0,70,,14180,29,,,0,30,,14181,29,,,0,70,,14182,29,,,0,30,,14183,29,,,0,69,,14184,29,,,0,30,,14185,29,,,0,70,,14186,29,,,0,32,,14187,29,,,0,69,,14188,29,,,0,29,,14189,29,,,0,70,,14190,29,,,0,30,,14194,29,,,0,70,,14195,29,,,0,100,,14196,29,,,0,100,,14197,29,,,0,100,,14193,29,,,0
2029,'1797',558,,14231,29,0,5 2 15 16 17,0,70,,14214,29,,,0,30,,14221,29,,,0,68,,14200,29,,,0,30,,14206,29,,,0,70,,14215,29,,,0,30,,14222,29,,,0,69,,14201,29,,,0,30,,14207,29,,,0,70,,14216,29,,,0,30,,14223,29,,,0,70,,14202,29,,,0,30,,14208,29,,,0,70,,14217,29,,,0,30,,14224,29,,,0,70,,14203,29,,,0,30,,14209,29,,,0,70,,14218,29,,,0,30,,14225,29,,,0,70,,14204,29,,,0,30,,14210,29,,,0,70,,14219,29,,,0,30,,14226,29,,,0,70,,14205,29,,,0,30,,14211,29,,,0,70,,14220,29,,,0,30,,14227,29,,,0,69,,14212,29,,,0,100,,14228,29,,,0,100,,14213,29,,,0,100,,14229,29,,,0
2029,'1798',628,,14235,29,,,0,30,,14243,29,,,0,68,,14254,29,,,0,30,,14249,29,,,0,70,,14236,29,,,0,30,,14244,29,,,0,69,,14255,29,,,0,30,,14250,29,,,0,70,,14237,29,,,0,30,,14245,29,,,0,70,,14256,29,,,0,30,,14251,29,,,0,70,,14238,29,,,0,30,,14246,29,,,0,70,,14257,29,,,0,30,,14252,29,,,0,70,,14239,29,,,0,30,,14247,29,,,0,70,,14258,29,,,0,30,,14253,29,,,0,70,,14240,29,,,0,30,,14248,29,,,0,70,,14259,29,,,0,100,,14241,29,,,0,99,,14260,29,,,0,100,,14242,29,,,0,100,,14261,29,,,0,100,,14234,29,,,0
2029,'1799',628,,14267,29,,,0,30,,14275,29,,,0,68,,14286,29,,,0,30,,14281,29,,,0,70,,14268,29,,,0,30,,14276,29,,,0,69,,14287,29,,,0,30,,14282,29,,,0,70,,14269,29,,,0,30,,14277,29,,,0,70,,14288,29,,,0,30,,14283,29,,,0,70,,14270,29,,,0,30,,14278,29,,,0,70,,14289,29,,,0,30,,14284,29,,,0,70,,14271,29,,,0,30,,14279,29,,,0,70,,14290,29,,,0,30,,14285,29,,,0,70,,14272,29,,,0,30,,14280,29,,,0,70,,14291,29,,,0,100,,14273,29,,,0,99,,14292,29,,,0,100,,14274,29,,,0,100,,14293,29,,,0,100,,14266,29,,,0
2029,'1800',628,,14299,29,,,0,30,,14307,29,,,0,68,,14318,29,,,0,30,,14313,29,,,0,70,,14300,29,,,0,30,,14308,29,,,0,69,,14319,29,,,0,30,,14314,29,,,0,70,,14301,29,,,0,30,,14309,29,,,0,70,,14320,29,,,0,30,,14315,29,,,0,70,,14302,29,,,0,30,,14310,29,,,0,70,,14321,29,,,0,30,,14316,29,,,0,70,,14303,29,,,0,30,,14311,29,,,0,70,,14322,29,,,0,30,,14317,29,,,0,70,,14304,29,,,0,30,,14312,29,,,0,70,,14323,29,,,0,100,,14305,29,,,0,99,,14324,29,,,0,100,,14306,29,,,0,100,,14325,29,,,0,100,,14298,29,,,0
4029,'1796',639,,19953,16,,,0,70,,19954,16,,,0,35,,19955,16,,,0,66,,19956,16,,,0,36,,19957,16,,,0,64,,19958,16,,,0,31,,19959,16,,,0,70,,19960,16,,,0,30,,19961,16,,,0,70,,19962,16,,,0,30,,19963,16,,,0,71,,19964,16,,,0,30,,19965,16,,,0,70,,19966,16,,,0,30,,19967,16,,,0,70,,19968,16,,,0,30,,19969,16,,,0,75,,19970,16,,,0,25,,19971,16,,,0,76,,19972,16,,,0,24,,19973,16,,,0,76,,19974,16,,,0,24,,19975,16,,,0,75,,19976,16,,,0,26,,19977,16,,,0,69,,19978,16,,,0,30,,19979,16,,,0,70,,19980,16,,,0,29,,19981,16,,,0,70,,19982,16,,,0,30,,19983,16,,,0,70,,19984,16,,,0
4029,'1797',640,,20009,16,,,0,68,,20010,16,,,0,30,,20011,16,,,0,70,,20012,16,,,0,30,,20013,16,,,0,72,,20014,16,,,0,30,,20015,16,,,0,70,,20002,16,,,0,31,,19996,16,,,0,69,,19989,16,,,0,31,,20000,16,,,0,69,,20006,16,,,0,30,,20001,16,,,0,70,,19988,16,,,0,30,,19993,16,,,0,70,,20004,16,,,0,30,,19987,16,,,0,70,,20003,16,,,0,30,,19998,16,,,0,70,,19990,16,,,0,29,,19985,16,,,0,70,,20005,16,,,0,30,,20008,16,,,0,70,,19999,16,,,0,30,,19994,16,,,0,69,,20016,16,,,0,35,,19991,16,,,0,70,,19986,16,,,0,27,,19992,16,,,0,70,,19997,16,,,0,30,,20007,16,,,0,70,,19995,16,,,0
4029,'1798',738,,20038,16,,,0,70,,20040,16,,,0,30,,20036,16,,,0,70,,20039,16,,,0,32,,20037,16,,,0,70,,20029,16,,,0,29,,20032,16,,,0,70,,20017,16,,,0,30,,20022,16,,,0,70,,20025,16,,,0,30,,20028,16,,,0,70,,20030,16,,,0,30,,20018,16,,,0,70,,20021,16,,,0,30,,20024,16,,,0,70,,20027,16,,,0,30,,20031,16,,,0,70,,20019,16,,,0,30,,20020,16,,,0,70,,20023,16,,,0,30,,20026,16,,,0,70,,20044,16,,,0,30,,20043,16,,,0,71,,20045,16,,,0,30,,20042,16,,,0,70,,20035,16,,,0,30,,20041,16,,,0,70,,20033,16,,,0,100,,20034,16,,,0
4029,'1799',738,,20067,16,,,0,70,,20069,16,,,0,30,,20065,16,,,0,70,,20068,16,,,0,32,,20066,16,,,0,70,,20058,16,,,0,29,,20061,16,,,0,70,,20046,16,,,0,30,,20051,16,,,0,70,,20054,16,,,0,30,,20057,16,,,0,70,,20059,16,,,0,30,,20047,16,,,0,70,,20050,16,,,0,30,,20053,16,,,0,70,,20056,16,,,0,30,,20060,16,,,0,70,,20048,16,,,0,30,,20049,16,,,0,70,,20052,16,,,0,30,,20055,16,,,0,70,,20073,16,,,0,30,,20072,16,,,0,71,,20074,16,,,0,30,,20071,16,,,0,70,,20064,16,,,0,30,,20070,16,,,0,70,,20062,16,,,0,100,,20063,16,,,0
4029,'1800',738,,20096,16,,,0,70,,20098,16,,,0,30,,20094,16,,,0,70,,20097,16,,,0,32,,20095,16,,,0,70,,20087,16,,,0,29,,20090,16,,,0,70,,20075,16,,,0,30,,20080,16,,,0,70,,20083,16,,,0,30,,20086,16,,,0,70,,20088,16,,,0,30,,20076,16,,,0,70,,20079,16,,,0,30,,20082,16,,,0,70,,20085,16,,,0,30,,20089,16,,,0,70,,20077,16,,,0,30,,20078,16,,,0,70,,20081,16,,,0,30,,20084,16,,,0,70,,20102,16,,,0,30,,20101,16,,,0,71,,20103,16,,,0,30,,20100,16,,,0,70,,20093,16,,,0,30,,20099,16,,,0,70,,20091,16,,,0,100,,20092,16,,,0
501019,'1796',527,,21636,5,,,0,92,,21637,11,,,0,30,,21638,11,,,0,77,,21639,11,,,0,26,,21640,11,,,0,64,,21641,11,,,0,12,,21642,11,,,0,24,,21643,11,,,0,62,,21644,11,,,0,11,,21645,11,,,0,30,,21646,11,,,0,70,,21647,11,,,0,30,,21648,11,,,0,71,,21649,11,,,0,30,,21650,11,,,0,70,,21651,11,,,0,30,,21652,11,,,0,70,,21653,11,,,0,30,,21654,11,,,0,70,,21655,11,,,0,26,,21656,11,,,0,53,,21657,11,,,0,22,,21658,11,,,0,24,,21659,11,,,0,52,,21660,11,,,0,24,,21661,11,,,0,24,,21662,11,,,0,52,,21663,11,,,0,22,,21664,11,,,0,23,,21665,11,,,0,52,,21666,11,,,0,26,,21667,11,,,0,28,,21668,11,,,0,70,,21669,11,,,0,29,,21670,11,,,0,70,,21671,11,,,0,30,,21672,11,,,0,68,,21673,11,,,0,30,,21674,11,,,0,68,,21675,11,,,0,30,,21676,11,,,0,70,,21677,11,,,0
501019,'1797',622,,21687,11,,,0,30,,21690,11,,,0,67,,21686,11,,,0,30,,21689,11,,,0,70,,21685,11,,,0,31,,21691,11,,,0,70,,21684,11,,,0,30,,21688,11,,,0,73,,21697,11,,,0,30,,21707,11,,,0,71,,21698,11,,,0,30,,21708,11,,,0,71,,21699,11,,,0,30,,21709,11,,,0,70,,21700,11,,,0,30,,21710,11,,,0,70,,21701,11,,,0,31,,21711,11,,,0,70,,21702,11,,,0,30,,21712,11,,,0,70,,21703,11,,,0,30,,21705,11,,,0,70,,21704,11,,,0,30,,21706,11,,,0,70,,21683,11,,,0,27,,21696,11,,,0,70,,21682,11,,,0,30,,21694,11,,,0,67,,21681,11,,,0,30,,21695,11,,,0,70,,21680,11,,,0,30,,21692,11,,,0,68,,21679,11,,,0,30,,21693,11,,,0,70,,21678,11,,,0
501019,'1798',622,,21728,11,,,0,30,,21742,11,,,0,67,,21727,11,,,0,30,,21741,11,,,0,70,,21730,11,,,0,31,,21743,11,,,0,71,,21731,11,,,0,30,,21740,11,,,0,72,,21719,11,,,0,30,,21732,11,,,0,71,,21718,11,,,0,30,,21733,11,,,0,70,,21721,11,,,0,30,,21734,11,,,0,70,,21717,11,,,0,30,,21739,11,,,0,70,,21716,11,,,0,30,,21738,11,,,0,70,,21715,11,,,0,30,,21735,11,,,0,70,,21714,11,,,0,30,,21737,11,,,0,70,,21720,11,,,0,30,,21736,11,,,0,69,,21729,11,,,0,30,,21744,11,,,0,69,,21726,11,,,0,30,,21747,11,,,0,69,,21725,11,,,0,30,,21713,11,,,0,70,,21724,11,,,0,30,,21745,11,,,0,67,,21723,11,,,0,30,,21746,11,,,0,70,,21722,11,,,0
501019,'1799',622,,21763,11,,,0,30,,21777,11,,,0,67,,21762,11,,,0,30,,21776,11,,,0,70,,21765,11,,,0,31,,21778,11,,,0,71,,21766,11,,,0,30,,21775,11,,,0,72,,21754,11,,,0,30,,21767,11,,,0,71,,21753,11,,,0,30,,21768,11,,,0,70,,21756,11,,,0,30,,21769,11,,,0,70,,21752,11,,,0,30,,21774,11,,,0,70,,21751,11,,,0,30,,21773,11,,,0,70,,21750,11,,,0,30,,21770,11,,,0,70,,21749,11,,,0,30,,21772,11,,,0,70,,21755,11,,,0,30,,21771,11,,,0,69,,21764,11,,,0,30,,21779,11,,,0,69,,21761,11,,,0,30,,21782,11,,,0,69,,21760,11,,,0,30,,21748,11,,,0,70,,21759,11,,,0,30,,21780,11,,,0,67,,21758,11,,,0,30,,21781,11,,,0,70,,21757,11,,,0
501019,'1800',622,,21798,11,,,0,30,,21812,11,,,0,67,,21797,11,,,0,30,,21811,11,,,0,70,,21800,11,,,0,31,,21813,11,,,0,71,,21801,11,,,0,30,,21810,11,,,0,72,,21789,11,,,0,30,,21802,11,,,0,71,,21788,11,,,0,30,,21803,11,,,0,70,,21791,11,,,0,30,,21804,11,,,0,70,,21787,11,,,0,30,,21809,11,,,0,70,,21786,11,,,0,30,,21808,11,,,0,70,,21785,11,,,0,30,,21805,11,,,0,70,,21784,11,,,0,30,,21807,11,,,0,70,,21790,11,,,0,30,,21806,11,,,0,69,,21799,11,,,0,30,,21814,11,,,0,69,,21796,11,,,0,30,,21817,11,,,0,69,,21795,11,,,0,30,,21783,11,,,0,70,,21794,11,,,0,30,,21815,11,,,0,67,,21793,11,,,0,30,,21816,11,,,0,70,,21792,11,,,0
701019,'1796',554,,18178,8,,,0,70,,22624,8,,,0,18,,18189,8,,,0,16,,22625,8,,,0,66,,18188,8,,,0,19,,18181,8,,,0,65,,18182,8,,,0,13,,22626,8,,,0,20,,18184,8,,,0,71,,18151,8,,,0,30,,18195,8,,,0,70,,18152,8,,,0,30,,18153,8,,,0,70,,22610,8,,,0,30,,18155,8,,,0,70,,22611,8,,,0,30,,18157,8,,,0,70,,22612,8,,,0,30,,22613,8,,,0,69,,22614,8,,,0,28,,22615,8,,,0,18,,18193,8,0,5 2 11 2 12,0,66,,22616,8,,,0,19,,22628,8,,,0,59,,18192,8,0,5 2 11 2 12,0,21,,22617,8,,,0,20,,22618,8,,,0,61,,22630,8,0,5 2 11 2 12,0,20,,22627,8,,,0,20,,22623,8,,,0,64,,22622,8,,,0,20,,22621,8,,,0,15,,18165,8,,,0,70,,18166,8,,,0,29,,22619,8,,,0,70,,18168,8,,,0,30,,18169,8,,,0,70,,18170,8,,,0,30,,18171,8,,,0,69,,18172,8,,,0,30,,18173,8,,,0,70,,22620,8,,,0,25,,18191,8,,,0
701019,'1797',614,,18264,8,,,0,28,,22650,8,,,0,69,,18257,8,,,0,30,,18243,8,,,0,70,,22674,8,,,0,30,,18253,8,,,0,70,,18258,8,,,0,30,,22671,8,,,0,71,,18249,8,,,0,30,,22678,8,,,0,70,,22681,8,,,0,30,,18245,8,,,0,71,,22675,8,,,0,30,,22679,8,,,0,70,,22682,8,,,0,30,,22672,8,,,0,70,,22676,8,,,0,30,,22680,8,,,0,70,,22683,8,,,0,30,,22673,8,,,0,70,,22677,8,,,0,30,,22685,8,,,0,69,,22631,8,,,0,30,,22641,8,,,0,70,,22651,8,,,0,30,,22661,8,,,0,69,,22632,8,,,0,30,,22642,8,,,0,70,,22652,8,,,0,30,,22662,8,,,0,70,,22633,8,,,0,30,,22643,8,,,0,69,,22653,8,,,0,30,,22663,8,,,0,70,,22634,8,,,0,25,,22698,8,,,0
701019,'1798',614,,22724,8,,,0,28,,22751,8,,,0,69,,22742,8,,,0,30,,22721,8,,,0,70,,22743,8,,,0,30,,22725,8,,,0,70,,22720,8,,,0,30,,18371,8,,,0,71,,22728,8,,,0,30,,22717,8,,,0,70,,22746,8,,,0,30,,18348,8,,,0,71,,22716,8,,,0,30,,18368,8,,,0,70,,18352,8,,,0,30,,22714,8,,,0,70,,22745,8,,,0,30,,22729,8,,,0,70,,22712,8,,,0,30,,22744,8,,,0,70,,22726,8,,,0,30,,22710,8,,,0,69,,22747,8,,,0,30,,22734,8,,,0,70,,22707,8,,,0,30,,22758,8,,,0,69,,22736,8,,,0,30,,22705,8,,,0,70,,22754,8,,,0,30,,22738,8,,,0,70,,22702,8,,,0,30,,22750,8,,,0,69,,22737,8,,,0,30,,22704,8,,,0,70,,22753,8,,,0,25,,22765,8,,,0
701019,'1799',614,,22791,8,,,0,28,,22818,8,,,0,69,,22809,8,,,0,30,,22788,8,,,0,70,,22810,8,,,0,30,,22792,8,,,0,70,,22787,8,,,0,30,,18470,8,,,0,71,,22795,8,,,0,30,,22784,8,,,0,70,,22813,8,,,0,30,,18447,8,,,0,71,,22783,8,,,0,30,,18467,8,,,0,70,,18451,8,,,0,30,,22781,8,,,0,70,,22812,8,,,0,30,,22796,8,,,0,70,,22779,8,,,0,30,,22811,8,,,0,70,,22793,8,,,0,30,,22777,8,,,0,69,,22814,8,,,0,30,,22801,8,,,0,70,,22774,8,,,0,30,,22825,8,,,0,69,,22803,8,,,0,30,,22772,8,,,0,70,,22821,8,,,0,30,,22805,8,,,0,70,,22769,8,,,0,30,,22817,8,,,0,69,,22804,8,,,0,30,,22771,8,,,0,70,,22820,8,,,0,25,,22832,8,,,0
701019,'1800',614,,22858,8,,,0,28,,22885,8,,,0,69,,22876,8,,,0,30,,22855,8,,,0,70,,22877,8,,,0,30,,22859,8,,,0,70,,22854,8,,,0,30,,18569,8,,,0,71,,22862,8,,,0,30,,22851,8,,,0,70,,22880,8,,,0,30,,18546,8,,,0,71,,22850,8,,,0,30,,18566,8,,,0,70,,18550,8,,,0,30,,22848,8,,,0,70,,22879,8,,,0,30,,22863,8,,,0,70,,22846,8,,,0,30,,22878,8,,,0,70,,22860,8,,,0,30,,22844,8,,,0,69,,22881,8,,,0,30,,22868,8,,,0,70,,22841,8,,,0,30,,22892,8,,,0,69,,22870,8,,,0,30,,22839,8,,,0,70,,22888,8,,,0,30,,22872,8,,,0,70,,22836,8,,,0,30,,22884,8,,,0,69,,22871,8,,,0,30,,22838,8,,,0,70,,22887,8,,,0,25,,22899,8,,,0
20002019,'1798',1010,,23316,14,,,0
20002019,'1799',1010,,23317,14,,,0
20002019,'1800',1010,,23318,14,,,0
14000001029,'1796',436,,19519,14,0,18 7,0,102,,23396,14,0,18 7,0,1812,,23398,14,,,0,68,,19523,14,,,0,30,,23400,14,,,0,70,,23397,14,,,0,30,,19524,14,,,0,70,,23399,14,,,0
14000001029,'1797',538,,19531,14,0,18 7,0,1812,,23404,14,,,0,68,,19528,14,,,0,30,,23401,14,,,0,70,,23402,14,,,0,30,,19532,14,,,0,70,,23403,14,,,0
14000001029,'1798',538,,23409,14,0,18 7,0,1812,,23405,14,,,0,68,,19538,14,,,0,30,,23408,14,,,0,70,,23407,14,,,0,30,,19537,14,,,0,70,,23406,14,,,0
14000001029,'1799',538,,23414,14,0,18 7,0,1812,,23410,14,,,0,68,,19545,14,,,0,30,,23413,14,,,0,70,,23412,14,,,0,30,,19544,14,,,0,70,,23411,14,,,0
14000001029,'1800',538,,23419,14,0,18 7,0,1812,,23415,14,,,0,68,,19552,14,,,0,30,,23418,14,,,0,70,,23417,14,,,0,30,,19551,14,,,0,70,,23416,14,,,0
