6029,'1796',629,,20196,20,,,0,30,,20197,20,,,0,73,,14730,20,,,0,70,,14731,20,,,0,30,,20198,20,,,0,70,,20199,20,,,0,28,,20200,20,,,0,70,,20201,20,,,0,30,,20202,20,,,0,70,,20203,20,,,0,30,,20204,20,,,0,70,,20205,20,,,0,30,,20206,20,,,0,70,,20207,20,,,0,30,,20208,20,,,0,70,,20209,20,,,0,30,,20210,20,,,0,73,,20211,20,,,0,30,,20212,20,,,0,70,,20213,20,,,0,30,,20214,20,,,0,70,,20215,20,,,0,30,,20216,20,,,0,67,,14751,20,,,0,30,,20217,20,,,0,70,,20218,20,,,0,50,,20194,20,,,0,98,,14727,20,,,0,100,,20193,20,,,0,100,,20195,20,,,0
6029,'1797',626,,20220,20,,,0,30,,14757,20,,,0,65,,20237,20,,,0,30,,14781,20,,,0,70,,20221,20,,,0,30,,20231,20,,,0,70,,20238,20,,,0,30,,20244,20,,,0,71,,20230,20,,,0,30,,20243,20,,,0,70,,20229,20,,,0,30,,20235,20,,,0,70,,20228,20,,,0,30,,20242,20,,,0,70,,20227,20,,,0,30,,20234,20,,,0,70,,20226,20,,,0,30,,20241,20,,,0,70,,20225,20,,,0,30,,20233,20,,,0,70,,20224,20,,,0,30,,20240,20,,,0,70,,20223,20,,,0,30,,20232,20,,,0,70,,20222,20,,,0,30,,20239,20,,,0
15019,'1796',724,,20744,70,4,,0,31,,20745,70,4,,0,76,,20746,70,4,,0,70,,20747,70,4,,0,25,,20748,70,4,,0,30,,20749,70,4,,0,70,,15605,70,4,,0,30,,20750,70,4,,0,70,,20751,70,4,,0,30,,20752,70,4,,0,70,,20753,70,4,,0,30,,15610,70,4,,0,70,,15611,70,4,,0,30,,20754,70,4,,0,70,,20755,70,4,,0,75,,15614,70,4,,0,32,,20756,70,4,,0,70,,20757,70,4,,0,29,,20758,70,4,,0,27,,15618,70,4,,0,69,,20759,70,4,,0,29,,20760,70,4,,0,67,,20761,70,4,,0,30,,15622,70,4,,0,70,,20762,70,4,,0,30,,20763,70,4,,0,70,,20764,70,4,,0,100,,20765,70,4,,0,97,,20766,70,4,,0
15019,'1797',758,,15629,70,4,,0,100,,20767,70,4,,0,100,,20768,70,4,,0,101,,15632,70,4,,0,100,,20769,70,4,,0,100,,20770,70,4,,0,143,,15635,70,4,,0,100,,20771,70,4,,0,100,,20772,70,4,,0,98,,15638,70,4,,0,59,,20773,70,4,,0,100,,20774,70,4,,0,100,,15641,70,4,,0,99,,20775,70,4,,0
15019,'1798',758,,20781,70,4,,0,100,,15653,70,4,,0,100,,15656,70,4,,0,101,,20780,70,4,,0,100,,15651,70,4,,0,100,,15649,70,4,,0,142,,20779,70,4,,0,100,,15650,70,4,,0,100,,15647,70,4,,0,99,,20778,70,4,,0,59,,15645,70,4,,0,100,,15646,70,4,,0,100,,20777,70,4,,0,99,,15657,70,4,,0
15019,'1799',758,,20786,70,4,,0,100,,15667,70,4,,0,100,,15670,70,4,,0,101,,20785,70,4,,0,100,,15665,70,4,,0,100,,15663,70,4,,0,142,,20784,70,4,,0,100,,15664,70,4,,0,100,,15661,70,4,,0,99,,20783,70,4,,0,59,,15659,70,4,,0,100,,15660,70,4,,0,100,,20782,70,4,,0,99,,15671,70,4,,0
15019,'1800',758,,20791,70,4,,0,100,,15681,70,4,,0,100,,15684,70,4,,0,101,,20790,70,4,,0,100,,15679,70,4,,0,100,,15677,70,4,,0,142,,20789,70,4,,0,100,,15678,70,4,,0,100,,15675,70,4,,0,99,,20788,70,4,,0,59,,15673,70,4,,0,100,,15674,70,4,,0,100,,20787,70,4,,0,99,,15685,70,4,,0
15029,'1796',625,,15688,1,,,0,29,,15689,1,,,0,70,,20793,1,,,0,31,,20794,1,,,0,76,,20795,1,,,0,70,,20796,1,,,0,25,,20797,1,,,0,30,,20798,1,,,0,70,,15696,1,,,0,30,,20799,1,,,0,70,,20800,1,,,0,30,,20801,1,,,0,70,,20802,1,,,0,30,,15701,1,,,0,70,,15702,1,,,0,30,,20803,1,,,0,70,,20804,1,,,0,75,,15705,1,,,0,32,,20805,1,,,0,70,,20806,1,,,0,29,,20807,1,,,0,27,,15709,1,,,0,69,,20808,1,,,0,29,,20809,1,,,0,67,,20810,1,,,0,30,,15713,1,,,0,70,,20811,1,,,0,30,,20812,1,,,0,70,,20813,1,,,0,100,,20815,1,,,0,97,,20814,1,,,0
15029,'1797',705,,20818,1,,,0,53,,15723,1,,,0,100,,20819,1,,,0,100,,20820,1,,,0,101,,15726,1,,,0,100,,20821,1,,,0,100,,20822,1,,,0,143,,15729,1,,,0,100,,20823,1,,,0,100,,20824,1,,,0,98,,15732,1,,,0,59,,20825,1,,,0,100,,20816,1,,,0,100,,15720,1,,,0
15029,'1798',700,,15747,1,,,0,58,,20829,1,,,0,100,,15744,1,,,0,100,,15745,1,,,0,101,,20830,1,,,0,100,,15742,1,,,0,100,,15739,1,,,0,142,,20828,1,,,0,100,,15741,1,,,0,100,,15738,1,,,0,99,,20827,1,,,0,59,,15736,1,,,0,100,,15737,1,,,0,100,,20826,1,,,0
15029,'1799',700,,15761,1,,,0,58,,20834,1,,,0,100,,15758,1,,,0,100,,15759,1,,,0,101,,20835,1,,,0,100,,15756,1,,,0,100,,15753,1,,,0,142,,20833,1,,,0,100,,15755,1,,,0,100,,15752,1,,,0,99,,20832,1,,,0,59,,15750,1,,,0,100,,15751,1,,,0,100,,20831,1,,,0
15029,'1800',700,,15775,1,,,0,58,,20839,1,,,0,100,,15772,1,,,0,100,,15773,1,,,0,101,,20840,1,,,0,100,,15770,1,,,0,100,,15767,1,,,0,142,,20838,1,,,0,100,,15769,1,,,0,100,,15766,1,,,0,99,,20837,1,,,0,59,,15764,1,,,0,100,,15765,1,,,0,100,,20836,1,,,0
502029,'1796',539,,22291,9,,,0,15,,22292,9,,,0,55,,22293,9,,,0,17,,22294,9,,,0,7,,22295,9,,,0,8,,22296,9,,,0,15,,22297,9,,,0,53,,22298,9,,,0,12,,22299,9,,,0,13,,22300,9,,,0,6,,22301,9,,,0,6,,22302,9,,,0,12,,22303,9,,,0,46,,17574,9,,,0,6,,22304,9,,,0,12,,22305,9,,,0,12,,22306,9,,,0,12,,22307,9,,,0,11,,22308,9,,,0,54,,22309,9,,,0,15,,22310,9,,,0,15,,22311,9,,,0,15,,22312,9,,,0,55,,22313,9,,,0,15,,22314,9,,,0,15,,22315,9,,,0,15,,22316,9,,,0,55,,22317,9,,,0,16,,22318,9,,,0,15,,22319,9,,,0,15,,22320,9,,,0,55,,22321,9,,,0,15,,22322,9,,,0,15,,22323,9,,,0,15,,22324,9,,,0,55,,22325,9,,,0,15,,22326,9,,,0,15,,22327,9,,,0,15,,22328,9,,,0,55,,22329,9,,,0,15,,22330,9,,,0,16,,22331,9,,,0,15,,22332,9,,,0,55,,22333,9,,,0,15,,22334,9,,,0,12,,22335,9,,,0,12,,22336,9,,,0,52,,22337,9,,,0,12,,22338,9,,,0,11,,22339,9,,,0,12,,22340,9,,,0,12,,22341,9,,,0,52,,22342,9,,,0,12,,22343,9,,,0,11,,22344,9,,,0,12,,22345,9,,,0,12,,22346,9,,,0,52,,22347,9,,,0,12,,22348,9,,,0,12,,22349,9,,,0,15,,22350,9,,,0,15,,22360,9,,,0,54,,22351,9,,,0,29,,22352,9,,,0,70,,22353,9,,,0,30,,22354,9,,,0,70,,22355,9,,,0,30,,22356,9,,,0,70,,22357,9,,,0,30,,22358,9,,,0,70,,22359,9,,,0
502029,'1797',613,,22368,9,,,0,15,,22414,9,,,0,15,,22375,9,,,0,70,,22367,9,,,0,30,,22376,9,,,0,66,,22366,9,,,0,30,,22377,9,,,0,71,,22365,9,,,0,30,,22378,9,,,0,15,,22379,9,,,0,55,,22405,9,,,0,15,,22388,9,,,0,15,,22397,9,,,0,15,,22380,9,,,0,55,,22406,9,,,0,16,,22389,9,,,0,15,,22398,9,,,0,15,,22381,9,,,0,55,,22407,9,,,0,15,,22390,9,,,0,15,,22399,9,,,0,15,,22382,9,,,0,55,,22408,9,,,0,15,,22391,9,,,0,15,,22400,9,,,0,15,,22383,9,,,0,55,,22409,9,,,0,15,,22392,9,,,0,15,,22401,9,,,0,15,,22384,9,,,0,55,,22410,9,,,0,15,,22393,9,,,0,15,,22402,9,,,0,15,,22385,9,,,0,55,,22411,9,,,0,14,,22394,9,,,0,15,,22403,9,,,0,15,,22386,9,,,0,55,,22412,9,,,0,15,,22395,9,,,0,15,,22370,9,,,0,15,,22387,9,,,0,55,,22404,9,,,0,15,,22396,9,,,0,15,,22371,9,,,0,15,,22413,9,,,0,85,,22372,9,,,0,70,,22364,9,,,0,30,,22373,9,,,0,70,,22363,9,,,0,30,,22369,9,,,0,69,,22362,9,,,0,30,,22374,9,,,0,70,,22361,9,,,0
502029,'1798',615,,22433,9,,,0,28,,22415,9,,,0,65,,22424,9,,,0,30,,22449,9,,,0,71,,22429,9,,,0,30,,22448,9,,,0,71,,22427,9,,,0,30,,22447,9,,,0,70,,22416,9,,,0,30,,22446,9,,,0,15,,22458,9,,,0,55,,22417,9,,,0,16,,22460,9,,,0,15,,22445,9,,,0,15,,22463,9,,,0,55,,22418,9,,,0,15,,22452,9,,,0,15,,22444,9,,,0,15,,22455,9,,,0,55,,22419,9,,,0,15,,22457,9,,,0,15,,22443,9,,,0,15,,22461,9,,,0,55,,22420,9,,,0,15,,22462,9,,,0,15,,22442,9,,,0,15,,22451,9,,,0,55,,22421,9,,,0,15,,22454,9,,,0,15,,22441,9,,,0,15,,22456,9,,,0,55,,22422,9,,,0,14,,22459,9,,,0,15,,22440,9,,,0,15,,22464,9,,,0,55,,22423,9,,,0,15,,22450,9,,,0,15,,22439,9,,,0,15,,22453,9,,,0,55,,22432,9,,,0,30,,22438,9,,,0,70,,22430,9,,,0,30,,22437,9,,,0,70,,22425,9,,,0,30,,22436,9,,,0,70,,22426,9,,,0,30,,22434,9,,,0,69,,22431,9,,,0,30,,22435,9,,,0,70,,22428,9,,,0
502029,'1799',615,,22483,9,,,0,28,,22465,9,,,0,65,,22474,9,,,0,30,,22499,9,,,0,71,,22479,9,,,0,30,,22498,9,,,0,71,,22477,9,,,0,30,,22497,9,,,0,70,,22466,9,,,0,30,,22496,9,,,0,15,,22508,9,,,0,55,,22467,9,,,0,16,,22510,9,,,0,15,,22495,9,,,0,15,,22513,9,,,0,55,,22468,9,,,0,15,,22502,9,,,0,15,,22494,9,,,0,15,,22505,9,,,0,55,,22469,9,,,0,15,,22507,9,,,0,15,,22493,9,,,0,15,,22511,9,,,0,55,,22470,9,,,0,15,,22512,9,,,0,15,,22492,9,,,0,15,,22501,9,,,0,55,,22471,9,,,0,15,,22504,9,,,0,15,,22491,9,,,0,15,,22506,9,,,0,55,,22472,9,,,0,14,,22509,9,,,0,15,,22490,9,,,0,15,,22514,9,,,0,55,,22473,9,,,0,15,,22500,9,,,0,15,,22489,9,,,0,15,,22503,9,,,0,55,,22482,9,,,0,30,,22488,9,,,0,70,,22480,9,,,0,30,,22487,9,,,0,70,,22475,9,,,0,30,,22486,9,,,0,70,,22476,9,,,0,30,,22484,9,,,0,69,,22481,9,,,0,30,,22485,9,,,0,70,,22478,9,,,0
502029,'1800',615,,22533,9,,,0,28,,22515,9,,,0,65,,22524,9,,,0,30,,22549,9,,,0,71,,22529,9,,,0,30,,22548,9,,,0,71,,22527,9,,,0,30,,22547,9,,,0,70,,22516,9,,,0,30,,22546,9,,,0,15,,22558,9,,,0,55,,22517,9,,,0,16,,22560,9,,,0,15,,22545,9,,,0,15,,22563,9,,,0,55,,22518,9,,,0,15,,22552,9,,,0,15,,22544,9,,,0,15,,22555,9,,,0,55,,22519,9,,,0,15,,22557,9,,,0,15,,22543,9,,,0,15,,22561,9,,,0,55,,22520,9,,,0,15,,22562,9,,,0,15,,22542,9,,,0,15,,22551,9,,,0,55,,22521,9,,,0,15,,22554,9,,,0,15,,22541,9,,,0,15,,22556,9,,,0,55,,22522,9,,,0,14,,22559,9,,,0,15,,22540,9,,,0,15,,22564,9,,,0,55,,22523,9,,,0,15,,22550,9,,,0,15,,22539,9,,,0,15,,22553,9,,,0,55,,22532,9,,,0,30,,22538,9,,,0,70,,22530,9,,,0,30,,22537,9,,,0,70,,22525,9,,,0,30,,22536,9,,,0,70,,22526,9,,,0,30,,22534,9,,,0,69,,22531,9,,,0,30,,22535,9,,,0,70,,22528,9,,,0
