2019,'1796',459,,19803,20,0,5 2 13 14,0,176,,14015,29,,,0,70,,14016,29,,,0,30,,14017,29,,,0,70,,14018,29,,,0,31,,14019,29,,,0,69,,14020,29,,,0,30,,14021,29,,,0,70,,14022,29,,,0,30,,14023,29,,,0,70,,14024,29,,,0,30,,14025,29,,,0,70,,14026,29,,,0,30,,14027,29,,,0,70,,14028,29,,,0,30,,14029,29,,,0,70,,14030,29,,,0,30,,14031,29,,,0,70,,14032,29,,,0,30,,14033,29,,,0,71,,14034,29,,,0,30,,14035,29,,,0,69,,14036,29,,,0,30,,14037,29,,,0,70,,14038,29,,,0,30,,14039,29,,,0,70,,14045,29,,,0,30,,14040,29,,,0,100,,14041,29,,,0,100,,14042,29,,,0,100,,14043,29,,,0,100,,14044,29,,,0
2019,'1797',634,,14047,20,,,0,70,,14054,29,,,0,30,,14063,29,,,0,71,,14070,29,,,0,30,,14048,29,,,0,70,,14055,29,,,0,30,,14064,29,,,0,70,,14071,29,,,0,30,,14049,29,,,0,70,,14056,29,,,0,30,,14065,29,,,0,70,,14072,29,,,0,30,,14050,29,,,0,70,,14057,29,,,0,30,,14066,29,,,0,70,,14073,29,,,0,30,,14051,29,,,0,70,,14058,29,,,0,30,,14067,29,,,0,70,,14074,29,,,0,30,,14052,29,,,0,70,,14059,29,,,0,30,,14068,29,,,0,70,,14075,29,,,0,30,,14053,29,,,0,70,,14060,29,,,0,30,,14069,29,,,0,99,,14061,29,,,0,100,,14076,29,,,0,100,,14062,29,,,0,100,,14077,29,,,0
2019,'1798',704,,14105,29,,,0,30,,14082,29,,,0,70,,14086,29,,,0,30,,14098,29,,,0,71,,14093,29,,,0,30,,14083,29,,,0,70,,14087,29,,,0,30,,14099,29,,,0,70,,14094,29,,,0,30,,14084,29,,,0,70,,14088,29,,,0,30,,14100,29,,,0,70,,14095,29,,,0,30,,14085,29,,,0,70,,14089,29,,,0,30,,14101,29,,,0,70,,14096,29,,,0,30,,14080,29,,,0,70,,14090,29,,,0,30,,14102,29,,,0,70,,14097,29,,,0,30,,14078,29,,,0,70,,14091,29,,,0,30,,14103,29,,,0,100,,14079,29,,,0,99,,14104,29,,,0,100,,14081,29,,,0,100,,14092,29,,,0,99,,14106,29,,,0
2019,'1799',704,,14134,29,,,0,30,,14111,29,,,0,70,,14115,29,,,0,30,,14127,29,,,0,71,,14122,29,,,0,30,,14112,29,,,0,70,,14116,29,,,0,30,,14128,29,,,0,70,,14123,29,,,0,30,,14113,29,,,0,70,,14117,29,,,0,30,,14129,29,,,0,70,,14124,29,,,0,30,,14114,29,,,0,70,,14118,29,,,0,30,,14130,29,,,0,70,,14125,29,,,0,30,,14109,29,,,0,70,,14119,29,,,0,30,,14131,29,,,0,70,,14126,29,,,0,30,,14107,29,,,0,70,,14120,29,,,0,30,,14132,29,,,0,100,,14108,29,,,0,99,,14133,29,,,0,100,,14110,29,,,0,100,,14121,29,,,0,99,,14135,29,,,0
2019,'1800',704,,14163,29,,,0,30,,14140,29,,,0,70,,14144,29,,,0,30,,14156,29,,,0,71,,14151,29,,,0,30,,14141,29,,,0,70,,14145,29,,,0,30,,14157,29,,,0,70,,14152,29,,,0,30,,14142,29,,,0,70,,14146,29,,,0,30,,14158,29,,,0,70,,14153,29,,,0,30,,14143,29,,,0,70,,14147,29,,,0,30,,14159,29,,,0,70,,14154,29,,,0,30,,14138,29,,,0,70,,14148,29,,,0,30,,14160,29,,,0,70,,14155,29,,,0,30,,14136,29,,,0,70,,14149,29,,,0,30,,14161,29,,,0,100,,14137,29,,,0,99,,14162,29,,,0,100,,14139,29,,,0,100,,14150,29,,,0,99,,14164,29,,,0
702019,'1796',633,,22900,3,,,0,25,,18594,3,,,0,64,,18628,3,,,0,21,,18595,3,,,0,15,,22901,3,,,0,63,,18597,3,,,0,17,,18629,3,,,0,12,,18627,3,,,0,68,,18598,3,,,0,30,,18599,3,,,0,70,,18600,3,,,0,30,,18633,3,,,0,70,,18601,3,,,0,30,,22902,3,,,0,70,,18603,3,,,0,30,,22903,3,,,0,70,,22904,3,,,0,30,,22905,3,,,0,70,,18607,3,,,0,31,,22906,3,,,0,65,,18630,3,,,0,20,,18609,3,,,0,20,,22907,3,,,0,60,,22908,3,,,0,20,,22909,3,,,0,20,,22916,3,,,0,60,,22910,3,,,0,20,,22911,3,,,0,19,,22912,3,,,0,65,,18616,3,,,0,30,,18617,3,,,0,70,,22913,3,,,0,30,,18619,3,,,0,70,,18620,3,,,0,30,,22914,3,,,0,70,,18622,3,,,0,30,,18623,3,,,0,70,,18624,3,,,0,30,,22915,3,,,0,65,,18626,3,,,0,25,,18632,3,,,0
702019,'1797',648,,18661,3,,,0,70,,18663,3,,,0,30,,22944,3,,,0,70,,18660,3,,,0,30,,18662,3,,,0,70,,22942,3,,,0,30,,18667,3,,,0,70,,22943,3,,,0,30,,22923,3,,,0,70,,18647,3,,,0,30,,22936,3,,,0,70,,22917,3,,,0,30,,22924,3,,,0,70,,22930,3,,,0,30,,22937,3,,,0,70,,22918,3,,,0,30,,22925,3,,,0,70,,22931,3,,,0,30,,22938,3,,,0,70,,22919,3,,,0,30,,22926,3,,,0,70,,22932,3,,,0,30,,22939,3,,,0,70,,22920,3,,,0,30,,22927,3,,,0,70,,22933,3,,,0,30,,22940,3,,,0,70,,22921,3,,,0,30,,22928,3,,,0,70,,22934,3,,,0,30,,22941,3,,,0,70,,22922,3,,,0,30,,22929,3,,,0,65,,22935,3,,,0,25,,22945,3,,,0
702019,'1798',648,,22966,3,,,0,70,,22956,3,,,0,30,,22976,3,,,0,70,,22962,3,,,0,30,,22955,3,,,0,70,,22975,3,,,0,30,,22965,3,,,0,70,,22954,3,,,0,30,,18695,3,,,0,70,,22961,3,,,0,30,,22953,3,,,0,70,,22967,3,,,0,30,,18680,3,,,0,70,,22952,3,,,0,30,,22974,3,,,0,70,,22960,3,,,0,30,,22951,3,,,0,70,,22971,3,,,0,30,,22964,3,,,0,70,,22950,3,,,0,30,,22970,3,,,0,70,,22959,3,,,0,30,,22949,3,,,0,70,,22969,3,,,0,30,,22958,3,,,0,70,,22948,3,,,0,30,,22973,3,,,0,70,,22957,3,,,0,30,,22947,3,,,0,70,,22972,3,,,0,30,,22963,3,,,0,70,,22946,3,,,0,30,,22968,3,,,0,65,,22977,3,,,0,25,,22978,3,,,0
702019,'1799',648,,22999,3,,,0,70,,22989,3,,,0,30,,23009,3,,,0,70,,22995,3,,,0,30,,22988,3,,,0,70,,23008,3,,,0,30,,22998,3,,,0,70,,22987,3,,,0,30,,18730,3,,,0,70,,22994,3,,,0,30,,22986,3,,,0,70,,23000,3,,,0,30,,18715,3,,,0,70,,22985,3,,,0,30,,23007,3,,,0,70,,22993,3,,,0,30,,22984,3,,,0,70,,23004,3,,,0,30,,22997,3,,,0,70,,22983,3,,,0,30,,23003,3,,,0,70,,22992,3,,,0,30,,22982,3,,,0,70,,23002,3,,,0,30,,22991,3,,,0,70,,22981,3,,,0,30,,23006,3,,,0,70,,22990,3,,,0,30,,22980,3,,,0,70,,23005,3,,,0,30,,22996,3,,,0,70,,22979,3,,,0,30,,23001,3,,,0,65,,23010,3,,,0,25,,23011,3,,,0
702019,'1800',648,,23032,3,,,0,70,,23022,3,,,0,30,,23042,3,,,0,70,,23028,3,,,0,30,,23021,3,,,0,70,,23041,3,,,0,30,,23031,3,,,0,70,,23020,3,,,0,30,,18765,3,,,0,70,,23027,3,,,0,30,,23019,3,,,0,70,,23033,3,,,0,30,,18750,3,,,0,70,,23018,3,,,0,30,,23040,3,,,0,70,,23026,3,,,0,30,,23017,3,,,0,70,,23037,3,,,0,30,,23030,3,,,0,70,,23016,3,,,0,30,,23036,3,,,0,70,,23025,3,,,0,30,,23015,3,,,0,70,,23035,3,,,0,30,,23024,3,,,0,70,,23014,3,,,0,30,,23039,3,,,0,70,,23023,3,,,0,30,,23013,3,,,0,70,,23038,3,,,0,30,,23029,3,,,0,70,,23012,3,,,0,30,,23034,3,,,0,65,,23043,3,,,0,25,,23044,3,,,0
14000001019,'1796',2428,,23379,36,,,0,30,,23377,36,,,0,70,,19496,36,,,0,30,,23378,36,,,0,70,,23376,36,,,0
14000001019,'1797',2428,,23383,36,,,0,30,,23380,36,,,0,70,,19502,36,,,0,30,,23382,36,,,0,70,,23381,36,,,0
14000001019,'1798',2428,,23386,36,,,0,30,,23385,36,,,0,70,,19504,36,,,0,30,,23387,36,,,0,70,,23384,36,,,0
14000001019,'1799',2428,,23390,36,,,0,30,,23389,36,,,0,70,,19509,36,,,0,30,,23391,36,,,0,70,,23388,36,,,0
14000001019,'1800',2428,,23394,36,,,0,30,,23393,36,,,0,70,,19514,36,,,0,30,,23395,36,,,0,70,,23392,36,,,0
