1019,'1796',552,,13774,28,,,0,70,,19586,28,,,0,30,,19562,28,,,0,70,,19557,28,,,0,31,,19575,28,,,0,71,,19559,28,,,0,30,,19564,28,,,0,70,,19589,28,,,0,30,,19561,28,,,0,70,,19555,28,,,0,31,,19574,28,,,0,70,,19560,28,,,0,30,,19565,28,,,0,70,,19585,28,,,0,30,,19563,28,,,0,70,,19556,28,,,0,30,,19587,28,,,0,71,,19558,28,,,0,30,,19566,28,,,0,70,,19584,28,,,0,29,,19577,28,,,0,70,,19569,28,,,0,30,,19567,28,,,0,69,,19570,28,,,0,30,,19572,28,,,0,70,,19571,28,,,0,29,,19568,28,,,0,70,,19588,28,,,0,30,,19582,28,,,0,70,,19583,28,,,0,30,,19581,28,,,0,69,,19580,28,,,0,34,,19579,28,,,0,70,,19578,28,,,0,30,,19576,28,,,0,65,,19573,28,,,0
1019,'1797',551,,19601,28,,,0,70,,19615,28,,,0,30,,19600,28,,,0,70,,19620,28,,,0,31,,19610,28,,,0,70,,19594,28,,,0,30,,19616,28,,,0,70,,19618,28,,,0,30,,19599,28,,,0,70,,19621,28,,,0,31,,19609,28,,,0,70,,19593,28,,,0,30,,19604,28,,,0,70,,19614,28,,,0,30,,19598,28,,,0,70,,19622,28,,,0,30,,19608,28,,,0,70,,19592,28,,,0,30,,19603,28,,,0,70,,19613,28,,,0,30,,19597,28,,,0,70,,19623,28,,,0,30,,19607,28,,,0,70,,19591,28,,,0,30,,19602,28,,,0,70,,19612,28,,,0,30,,19595,28,,,0,69,,19624,28,,,0,30,,19605,28,,,0,70,,19590,28,,,0,30,,19596,28,,,0,70,,19611,28,,,0,34,,19606,28,,,0,70,,19625,28,,,0,30,,19619,28,,,0,65,,19617,28,,,0
1019,'1798',621,,19626,28,,,0,100,,19627,28,,,0,101,,19628,28,,,0,100,,19629,28,,,0,100,,19630,28,,,0,101,,19631,28,,,0,100,,19632,28,,,0,100,,19633,28,,,0,100,,19634,28,,,0,100,,19635,28,,,0,100,,19636,28,,,0,100,,19637,28,,,0,100,,19638,28,,,0,99,,19639,28,,,0,100,,19640,28,,,0,100,,19641,28,,,0,104,,19642,28,,,0,95,,19643,28,,,0
1019,'1799',621,,19644,28,,,0,100,,19645,28,,,0,101,,19646,28,,,0,100,,19647,28,,,0,100,,19648,28,,,0,101,,19649,28,,,0,100,,19650,28,,,0,100,,19651,28,,,0,100,,19652,28,,,0,100,,19653,28,,,0,100,,19654,28,,,0,100,,19655,28,,,0,100,,19656,28,,,0,99,,19657,28,,,0,100,,19658,28,,,0,100,,19659,28,,,0,104,,19660,28,,,0,95,,19661,28,,,0
1019,'1800',621,,19662,28,,,0,100,,19663,28,,,0,101,,19664,28,,,0,100,,19665,28,,,0,100,,19666,28,,,0,101,,19667,28,,,0,100,,19668,28,,,0,100,,19669,28,,,0,100,,19670,28,,,0,100,,19671,28,,,0,100,,19672,28,,,0,100,,19673,28,,,0,100,,19674,28,,,0,99,,19675,28,,,0,100,,19676,28,,,0,100,,19677,28,,,0,104,,19678,28,,,0,95,,19679,28,,,0
802019,'1796',610,,19265,5,,,0,45,,23285,5,,,0,70,,23284,5,,,0,20,,23287,5,,,0,60,,23264,5,,,0,30,,19259,5,,,0,70,,23265,5,,,0,30,,23266,5,,,0,70,,19233,5,,,0,30,,23267,5,,,0,70,,23268,5,,,0,30,,23269,5,,,0,70,,23270,5,,,0,30,,23271,5,,,0,70,,23272,5,,,0,30,,23273,5,,,0,70,,23274,5,,,0,31,,23275,5,,,0,70,,19243,5,,,0,20,,23276,5,,,0,20,,19245,5,,,0,60,,19261,5,,,0,20,,19246,5,,,0,20,,19247,5,,,0,60,,23277,5,,,0,20,,23278,5,,,0,19,,23286,5,,,0,60,,19250,5,,,0,20,,23279,5,,,0,20,,19252,5,,,0,60,,19253,5,,,0,30,,23280,5,,,0,70,,23281,5,,,0,25,,19256,5,,,0,70,,23282,5,,,0,30,,23283,5,,,0
802019,'1797',835,,19292,5,,,0,71,,23295,5,,,0,30,,19288,5,,,0,70,,19289,5,,,0,30,,23293,5,,,0,70,,19270,5,,,0,30,,19283,5,,,0,70,,23292,5,,,0,30,,19269,5,,,0,70,,19282,5,,,0,30,,23290,5,,,0,70,,19271,5,,,0,30,,19281,5,,,0,70,,23291,5,,,0,30,,19267,5,,,0,70,,19280,5,,,0,30,,23289,5,,,0,70,,19268,5,,,0,30,,19279,5,,,0,70,,23288,5,,,0,30,,19266,5,,,0,70,,19278,5,,,0,30,,23294,5,,,0,70,,19285,5,,,0,30,,19286,5,,,0,70,,23296,5,,,0,30,,19290,5,,,0
802019,'1798',835,,19294,5,,,0,71,,19306,5,,,0,30,,23297,5,,,0,70,,19295,5,,,0,30,,19300,5,,,0,70,,19304,5,,,0,30,,19311,5,,,0,70,,19315,5,,,0,30,,19303,5,,,0,70,,19305,5,,,0,30,,19316,5,,,0,70,,19310,5,,,0,30,,19299,5,,,0,70,,19314,5,,,0,30,,19309,5,,,0,70,,19297,5,,,0,30,,19313,5,,,0,70,,19293,5,,,0,30,,19312,5,,,0,70,,19319,5,,,0,30,,19308,5,,,0,70,,19298,5,,,0,30,,19317,5,,,0,70,,19301,5,,,0,30,,19296,5,,,0,70,,19318,5,,,0,30,,19302,5,,,0
802019,'1799',835,,19321,5,,,0,71,,19333,5,,,0,30,,23298,5,,,0,70,,19322,5,,,0,30,,19327,5,,,0,70,,19331,5,,,0,30,,19338,5,,,0,70,,19342,5,,,0,30,,19330,5,,,0,70,,19332,5,,,0,30,,19343,5,,,0,70,,19337,5,,,0,30,,19326,5,,,0,70,,19341,5,,,0,30,,19336,5,,,0,70,,19324,5,,,0,30,,19340,5,,,0,70,,19320,5,,,0,30,,19339,5,,,0,70,,19346,5,,,0,30,,19335,5,,,0,70,,19325,5,,,0,30,,19344,5,,,0,70,,19328,5,,,0,30,,19323,5,,,0,70,,19345,5,,,0,30,,19329,5,,,0
802019,'1800',835,,19348,5,,,0,71,,19360,5,,,0,30,,23299,5,,,0,70,,19349,5,,,0,30,,19354,5,,,0,70,,19358,5,,,0,30,,19365,5,,,0,70,,19369,5,,,0,30,,19357,5,,,0,70,,19359,5,,,0,30,,19370,5,,,0,70,,19364,5,,,0,30,,19353,5,,,0,70,,19368,5,,,0,30,,19363,5,,,0,70,,19351,5,,,0,30,,19367,5,,,0,70,,19347,5,,,0,30,,19366,5,,,0,70,,19373,5,,,0,30,,19362,5,,,0,70,,19352,5,,,0,30,,19371,5,,,0,70,,19355,5,,,0,30,,19350,5,,,0,70,,19372,5,,,0,30,,19356,5,,,0
