11019,'1796',706,,20476,13,,,0,101,,20477,13,,,0,100,,20478,13,,,0,100,,20479,13,,,0,100,,20480,13,,,0,100,,15258,13,,,0,100,,20481,13,,,0,100,,15260,13,,,0,98,,20482,13,,,0,100,,20483,13,,,0,100,,15263,13,,,0,101,,15264,13,,,0,100,,20484,13,,,0,100,,15266,13,,,0,98,,20485,13,,,0
11019,'1797',706,,20489,13,,,0,100,,20490,13,,,0,100,,20491,13,,,0,100,,20492,13,,,0,100,,20493,13,,,0,104,,20494,13,,,0,100,,20495,13,,,0,100,,15278,13,,,0,100,,20496,13,,,0,99,,15280,13,,,0,100,,15281,13,,,0,97,,20497,13,,,0,100,,20487,13,,,0,100,,20488,13,,,0
11019,'1798',906,,20499,13,,,0,100,,20500,13,,,0,103,,20501,13,,,0,101,,20502,13,,,0,100,,20503,13,,,0,100,,20504,13,,,0,100,,20505,13,,,0,99,,20506,13,,,0,100,,20507,13,,,0,97,,20508,13,,,0,100,,20509,13,,,0,100,,20510,13,,,0
11019,'1799',906,,20511,13,,,0,100,,20512,13,,,0,103,,20513,13,,,0,101,,20514,13,,,0,100,,20515,13,,,0,100,,20516,13,,,0,100,,20517,13,,,0,99,,20518,13,,,0,100,,20519,13,,,0,97,,20520,13,,,0,100,,20521,13,,,0,100,,20522,13,,,0
11019,'1800',906,,20523,13,,,0,100,,20524,13,,,0,103,,20525,13,,,0,101,,20526,13,,,0,100,,20527,13,,,0,100,,20528,13,,,0,100,,20529,13,,,0,99,,20530,13,,,0,100,,20531,13,,,0,97,,20532,13,,,0,100,,20533,13,,,0,100,,20534,13,,,0
32019,'1796',433,,21539,4,,,0,88,,16677,4,,,0,30,,21541,4,,,0,70,,21538,4,,,0,30,,21513,34,,,0,69,,21529,34,,,0,30,,21508,34,,,0,70,,21524,34,,,0,30,,21534,34,,,0,69,,21518,34,,,0,30,,21516,34,,,0,70,,21528,34,,,0,30,,21506,34,,,0,70,,21522,34,,,0,30,,21533,34,,,0,70,,21520,34,,,0,30,,21515,34,,,0,70,,21527,34,,,0,30,,21509,34,,,0,71,,21521,34,,,0,30,,21532,34,,,0,70,,21519,34,,,0,31,,21512,34,,,0,71,,21526,34,,,0,28,,21505,34,,,0,70,,21523,34,,,0,29,,21531,34,,,0,70,,21517,34,,,0,30,,21514,34,,,0,70,,21525,34,,,0,30,,21510,34,,,0,70,,21535,4,,,0,30,,21530,34,,,0,70,,21537,4,,,0,30,,21511,34,,,0,70,,21536,4,,,0,30,,21507,34,,,0
32019,'1797',523,,21577,4,,,0,30,,21578,4,,,0,70,,21560,4,,,0,26,,21553,34,,,0,70,,21570,34,,,0,30,,21547,34,,,0,70,,21564,34,,,0,30,,21571,34,,,0,70,,21559,34,,,0,29,,21552,34,,,0,70,,21569,34,,,0,31,,21546,34,,,0,70,,21563,34,,,0,30,,21574,34,,,0,70,,21558,34,,,0,30,,21551,34,,,0,70,,21568,34,,,0,30,,21545,34,,,0,70,,21562,34,,,0,30,,21573,34,,,0,70,,21557,34,,,0,30,,21550,34,,,0,70,,21567,34,,,0,30,,21544,34,,,0,70,,21561,34,,,0,30,,21575,34,,,0,70,,21556,34,,,0,30,,21549,34,,,0,70,,21565,34,,,0,30,,21543,34,,,0,70,,21555,4,,,0,30,,21572,34,,,0,70,,21566,4,,,0,30,,21548,34,,,0,70,,21554,4,,,0,30,,21542,34,,,0
32019,'1798',553,,21596,4,,,0,96,,21579,34,,,0,100,,21580,34,,,0,100,,21581,34,,,0,99,,21582,34,,,0,101,,21583,34,,,0,100,,21584,34,,,0,100,,21585,34,,,0,100,,21586,34,,,0,100,,21587,34,,,0,100,,21588,34,,,0,100,,21589,34,,,0,100,,21590,34,,,0,100,,21591,34,,,0,100,,21592,34,,,0,100,,21593,34,,,0,100,,21594,34,,,0,100,,21595,34,,,0
32019,'1799',553,,21615,4,,,0,96,,21598,34,,,0,100,,21599,34,,,0,100,,21600,34,,,0,99,,21601,34,,,0,101,,21602,34,,,0,100,,21603,34,,,0,100,,21604,34,,,0,100,,21605,34,,,0,100,,21606,34,,,0,100,,21607,34,,,0,100,,21608,34,,,0,100,,21609,34,,,0,100,,21610,34,,,0,100,,21611,34,,,0,100,,21612,34,,,0,100,,21613,34,,,0,100,,21614,34,,,0
32019,'1800',553,,21634,4,,,0,96,,21617,34,,,0,100,,21618,34,,,0,100,,21619,34,,,0,99,,21620,34,,,0,101,,21621,34,,,0,100,,21622,34,,,0,100,,21623,34,,,0,100,,21624,34,,,0,100,,21625,34,,,0,100,,21626,34,,,0,100,,21627,34,,,0,100,,21628,34,,,0,100,,21629,34,,,0,100,,21630,34,,,0,100,,21631,34,,,0,100,,21632,34,,,0,100,,21633,34,,,0
