4019,'1797',1943,,19852,17,4,,0,70,,19850,17,4,,0,30,,19858,17,4,,0,70,,19843,17,4,,0,30,,19853,17,4,,0,100,,19855,17,4,,0
4019,'1798',1943,,19889,17,4,,0,100,,19887,17,4,,0,100,,19888,17,4,,0
4019,'1799',1943,,19917,17,4,,0,100,,19915,17,4,,0,100,,19916,17,4,,0
4019,'1800',1943,,19945,17,4,,0,100,,19943,17,4,,0,100,,19944,17,4,,0
4029,'1796',615,,19953,1,,,0,30,,19954,1,,,0,70,,19955,1,,,0,24,,19956,1,,,0,76,,19957,1,,,0,24,,19958,1,,,0,71,,19959,1,,,0,30,,19960,1,,,0,70,,19961,1,,,0,30,,19962,1,,,0,70,,19963,1,,,0,30,,19964,1,,,0,70,,19965,1,,,0,30,,19966,1,,,0,70,,19967,1,,,0,30,,19968,1,,,0,70,,19969,1,,,0,35,,19970,1,,,0,65,,19971,1,,,0,36,,19972,1,,,0,64,,19973,1,,,0,36,,19974,1,,,0,64,,19975,1,,,0,36,,19976,1,,,0,68,,19977,1,,,0,29,,19978,1,,,0,70,,19979,1,,,0,30,,19980,1,,,0,72,,19981,1,,,0,30,,19982,1,,,0,70,,19983,1,,,0,30,,19984,1,,,0
4029,'1797',617,,20009,1,,,0,28,,20010,1,,,0,70,,20011,1,,,0,30,,20012,1,,,0,70,,20013,1,,,0,30,,20014,1,,,0,69,,20015,1,,,0,30,,20002,1,,,0,70,,19996,1,,,0,28,,19989,1,,,0,70,,20000,1,,,0,28,,20006,1,,,0,70,,20001,1,,,0,30,,19988,1,,,0,70,,19993,1,,,0,30,,20004,1,,,0,70,,19987,1,,,0,30,,20003,1,,,0,70,,19998,1,,,0,30,,19990,1,,,0,70,,19985,1,,,0,30,,20005,1,,,0,70,,20008,1,,,0,30,,19999,1,,,0,70,,19994,1,,,0,30,,20016,1,,,0,75,,19991,1,,,0,30,,19986,1,,,0,70,,19992,1,,,0,30,,19997,1,,,0,70,,20007,1,,,0,30,,19995,1,,,0
4029,'1798',715,,20038,1,,,0,30,,20040,1,,,0,70,,20036,1,,,0,30,,20039,1,,,0,69,,20037,1,,,0,30,,20029,1,,,0,68,,20032,1,,,0,30,,20017,1,,,0,70,,20022,1,,,0,30,,20025,1,,,0,68,,20028,1,,,0,30,,20030,1,,,0,70,,20018,1,,,0,30,,20021,1,,,0,70,,20024,1,,,0,30,,20027,1,,,0,70,,20031,1,,,0,30,,20019,1,,,0,70,,20020,1,,,0,30,,20023,1,,,0,70,,20026,1,,,0,30,,20044,1,,,0,70,,20043,1,,,0,35,,20045,1,,,0,70,,20042,1,,,0,30,,20035,1,,,0,70,,20041,1,,,0,30,,20033,1,,,0,100,,20034,1,,,0
4029,'1799',715,,20067,1,,,0,30,,20069,1,,,0,70,,20065,1,,,0,30,,20068,1,,,0,69,,20066,1,,,0,30,,20058,1,,,0,68,,20061,1,,,0,30,,20046,1,,,0,70,,20051,1,,,0,30,,20054,1,,,0,68,,20057,1,,,0,30,,20059,1,,,0,70,,20047,1,,,0,30,,20050,1,,,0,70,,20053,1,,,0,30,,20056,1,,,0,70,,20060,1,,,0,30,,20048,1,,,0,70,,20049,1,,,0,30,,20052,1,,,0,70,,20055,1,,,0,30,,20073,1,,,0,70,,20072,1,,,0,35,,20074,1,,,0,70,,20071,1,,,0,30,,20064,1,,,0,70,,20070,1,,,0,30,,20062,1,,,0,100,,20063,1,,,0
4029,'1800',715,,20096,1,,,0,30,,20098,1,,,0,70,,20094,1,,,0,30,,20097,1,,,0,69,,20095,1,,,0,30,,20087,1,,,0,68,,20090,1,,,0,30,,20075,1,,,0,70,,20080,1,,,0,30,,20083,1,,,0,68,,20086,1,,,0,30,,20088,1,,,0,70,,20076,1,,,0,30,,20079,1,,,0,70,,20082,1,,,0,30,,20085,1,,,0,70,,20089,1,,,0,30,,20077,1,,,0,70,,20078,1,,,0,30,,20081,1,,,0,70,,20084,1,,,0,30,,20102,1,,,0,70,,20101,1,,,0,35,,20103,1,,,0,70,,20100,1,,,0,30,,20093,1,,,0,70,,20099,1,,,0,30,,20091,1,,,0,100,,20092,1,,,0
501019,'1796',600,,21637,1,,,0,30,,21638,1,,,0,73,,21639,1,,,0,24,,21640,1,,,0,24,,21641,1,,,0,52,,21642,1,,,0,24,,21643,1,,,0,22,,21644,1,,,0,51,,21645,1,,,0,30,,21646,1,,,0,70,,21647,1,,,0,30,,21648,1,,,0,70,,21649,1,,,0,30,,21650,1,,,0,70,,21651,1,,,0,30,,21652,1,,,0,70,,21653,1,,,0,30,,21654,1,,,0,70,,21655,1,,,0,26,,21656,1,,,0,12,,21657,1,,,0,62,,21658,1,,,0,24,,21659,1,,,0,12,,21660,1,,,0,64,,21661,1,,,0,24,,21662,1,,,0,12,,21663,1,,,0,64,,21664,1,,,0,24,,21665,1,,,0,12,,21666,1,,,0,66,,21667,1,,,0,28,,21668,1,,,0,70,,21669,1,,,0,30,,21670,1,,,0,70,,21671,1,,,0,30,,21672,1,,,0,70,,21673,1,,,0,30,,21674,1,,,0,70,,21675,1,,,0,30,,21676,1,,,0,70,,21677,1,,,0
501019,'1797',603,,21687,1,,,0,30,,21690,1,,,0,67,,21686,1,,,0,30,,21689,1,,,0,70,,21685,1,,,0,30,,21691,1,,,0,70,,21684,1,,,0,30,,21688,1,,,0,70,,21697,1,,,0,30,,21707,1,,,0,70,,21698,1,,,0,30,,21708,1,,,0,70,,21699,1,,,0,30,,21709,1,,,0,70,,21700,1,,,0,30,,21710,1,,,0,70,,21701,1,,,0,30,,21711,1,,,0,70,,21702,1,,,0,30,,21712,1,,,0,70,,21703,1,,,0,30,,21705,1,,,0,70,,21704,1,,,0,30,,21706,1,,,0,70,,21683,1,,,0,30,,21696,1,,,0,70,,21682,1,,,0,30,,21694,1,,,0,70,,21681,1,,,0,30,,21695,1,,,0,70,,21680,1,,,0,30,,21692,1,,,0,70,,21679,1,,,0,30,,21693,1,,,0,70,,21678,1,,,0
501019,'1798',603,,21728,1,,,0,30,,21742,1,,,0,67,,21727,1,,,0,30,,21741,1,,,0,70,,21730,1,,,0,30,,21743,1,,,0,70,,21731,1,,,0,30,,21740,1,,,0,70,,21719,1,,,0,30,,21732,1,,,0,70,,21718,1,,,0,30,,21733,1,,,0,70,,21721,1,,,0,30,,21734,1,,,0,70,,21717,1,,,0,30,,21739,1,,,0,70,,21716,1,,,0,30,,21738,1,,,0,70,,21715,1,,,0,30,,21735,1,,,0,70,,21714,1,,,0,30,,21737,1,,,0,70,,21720,1,,,0,30,,21736,1,,,0,70,,21729,1,,,0,30,,21744,1,,,0,70,,21726,1,,,0,30,,21747,1,,,0,70,,21725,1,,,0,30,,21713,1,,,0,70,,21724,1,,,0,30,,21745,1,,,0,70,,21723,1,,,0,30,,21746,1,,,0,70,,21722,1,,,0
501019,'1799',603,,21763,1,,,0,30,,21777,1,,,0,67,,21762,1,,,0,30,,21776,1,,,0,70,,21765,1,,,0,30,,21778,1,,,0,70,,21766,1,,,0,30,,21775,1,,,0,70,,21754,1,,,0,30,,21767,1,,,0,70,,21753,1,,,0,30,,21768,1,,,0,70,,21756,1,,,0,30,,21769,1,,,0,70,,21752,1,,,0,30,,21774,1,,,0,70,,21751,1,,,0,30,,21773,1,,,0,70,,21750,1,,,0,30,,21770,1,,,0,70,,21749,1,,,0,30,,21772,1,,,0,70,,21755,1,,,0,30,,21771,1,,,0,70,,21764,1,,,0,30,,21779,1,,,0,70,,21761,1,,,0,30,,21782,1,,,0,70,,21760,1,,,0,30,,21748,1,,,0,70,,21759,1,,,0,30,,21780,1,,,0,70,,21758,1,,,0,30,,21781,1,,,0,70,,21757,1,,,0
501019,'1800',603,,21798,1,,,0,30,,21812,1,,,0,67,,21797,1,,,0,30,,21811,1,,,0,70,,21800,1,,,0,30,,21813,1,,,0,70,,21801,1,,,0,30,,21810,1,,,0,70,,21789,1,,,0,30,,21802,1,,,0,70,,21788,1,,,0,30,,21803,1,,,0,70,,21791,1,,,0,30,,21804,1,,,0,70,,21787,1,,,0,30,,21809,1,,,0,70,,21786,1,,,0,30,,21808,1,,,0,70,,21785,1,,,0,30,,21805,1,,,0,70,,21784,1,,,0,30,,21807,1,,,0,70,,21790,1,,,0,30,,21806,1,,,0,70,,21799,1,,,0,30,,21814,1,,,0,70,,21796,1,,,0,30,,21817,1,,,0,70,,21795,1,,,0,30,,21783,1,,,0,70,,21794,1,,,0,30,,21815,1,,,0,70,,21793,1,,,0,30,,21816,1,,,0,70,,21792,1,,,0
501029,'1796',558,,21820,16,4,,0,99,,21821,16,4,,0,50,,17154,16,4,,0,10,,21822,16,4,,0,10,,21823,16,4,,0,20,,21824,16,4,,0,55,,21825,16,4,,0,17,,21826,16,4,,0,12,,21827,16,4,,0,13,,21828,16,4,,0,5,,21885,16,4,,0,5,,21829,16,4,,0,51,,21830,16,4,,0,14,,21831,16,4,,0,11,,21832,16,4,,0,15,,21833,16,4,,0,55,,21834,16,4,,0,15,,21835,16,4,,0,15,,21836,16,4,,0,15,,21837,16,4,,0,55,,21838,16,4,,0,16,,21839,16,4,,0,16,,21840,16,4,,0,15,,21841,16,4,,0,55,,21842,16,4,,0,15,,21843,16,4,,0,15,,21844,16,4,,0,15,,21845,16,4,,0,55,,21846,16,4,,0,15,,21847,16,4,,0,15,,21848,16,4,,0,15,,21849,16,4,,0,11,,21886,4,4,,0,44,,21850,16,4,,0,16,,21851,16,4,,0,16,,21852,16,4,,0,16,,21853,16,4,,0,8,,21887,4,4,,0,48,,21818,16,4,,0,15,,21819,16,4,,0,12,,21854,16,4,,0,6,,17152,16,4,,0,6,,21855,16,4,,0,12,,21856,16,4,,0,52,,21857,16,4,,0,12,,21858,16,4,,0,12,,21859,16,4,,0,6,,17155,16,4,,0,6,,21860,16,4,,0,12,,21861,16,4,,0,51,,21862,16,4,,0,11,,21863,16,4,,0,12,,21864,16,4,,0,10,,21865,16,4,,0,11,,21866,16,4,,0,51,,21867,16,4,,0,12,,21868,16,4,,0,12,,21869,16,4,,0,12,,21870,16,4,,0,12,,21871,16,4,,0,52,,21872,16,4,,0,12,,21873,16,4,,0,15,,21874,16,4,,0,15,,21875,16,4,,0,55,,21876,16,4,,0,30,,21877,16,4,,0,70,,21878,16,4,,0,28,,21879,16,4,,0,25,,21880,16,4,,0,70,,21881,16,4,,0,30,,21882,16,4,,0,70,,21883,16,4,,0,26,,21884,16,4,,0
501029,'1797',602,,21899,4,4,,0,30,,21905,4,4,,0,22,,21898,16,4,,0,75,,21903,16,4,,0,15,,21938,16,4,,0,15,,21897,16,4,,0,70,,21904,16,4,,0,30,,21896,16,4,,0,70,,21902,16,4,,0,71,,21895,16,4,,0,15,,21888,16,4,,0,15,,21901,16,4,,0,15,,21900,16,4,,0,55,,21913,16,4,,0,15,,21922,16,4,,0,15,,21939,16,4,,0,15,,21931,16,4,,0,55,,21914,16,4,,0,15,,21923,16,4,,0,15,,21940,16,4,,0,15,,21932,16,4,,0,55,,21915,16,4,,0,15,,21924,16,4,,0,15,,21941,16,4,,0,15,,21933,16,4,,0,55,,21916,16,4,,0,15,,21925,16,4,,0,15,,21942,16,4,,0,15,,21934,16,4,,0,55,,21917,16,4,,0,15,,21926,16,4,,0,15,,21943,16,4,,0,16,,21935,16,4,,0,55,,21918,16,4,,0,15,,21927,16,4,,0,15,,21944,16,4,,0,15,,21936,16,4,,0,55,,21919,16,4,,0,15,,21928,16,4,,0,14,,21921,16,4,,0,15,,21937,16,4,,0,55,,21920,16,4,,0,15,,21929,16,4,,0,15,,21910,16,4,,0,15,,21912,16,4,,0,55,,21894,16,4,,0,14,,21930,16,4,,0,15,,21911,16,4,,0,15,,21946,16,4,,0,15,,21893,16,4,,0,69,,21908,16,4,,0,25,,21892,16,4,,0,70,,21909,16,4,,0,30,,21891,16,4,,0,70,,21907,16,4,,0,30,,21890,16,4,,0,70,,21906,16,4,,0,25,,21889,16,4,,0
501029,'1798',602,,21947,4,4,,0,30,,21976,4,4,,0,22,,21964,16,4,,0,70,,21975,16,4,,0,30,,21963,16,4,,0,70,,21974,16,4,,0,30,,21962,16,4,,0,70,,21977,16,4,,0,31,,21965,16,4,,0,75,,21973,16,4,,0,15,,21993,16,4,,0,55,,21954,16,4,,0,15,,21997,16,4,,0,15,,21966,16,4,,0,15,,21999,16,4,,0,55,,21955,16,4,,0,15,,21986,16,4,,0,15,,21967,16,4,,0,15,,21989,16,4,,0,55,,21949,16,4,,0,15,,21992,16,4,,0,15,,21972,16,4,,0,15,,21995,16,4,,0,55,,21950,16,4,,0,15,,22000,16,4,,0,15,,21971,16,4,,0,15,,21985,16,4,,0,55,,21952,16,4,,0,15,,21988,16,4,,0,15,,21969,16,4,,0,16,,21991,16,4,,0,55,,21948,16,4,,0,15,,21996,16,4,,0,15,,21968,16,4,,0,15,,21998,16,4,,0,55,,21953,16,4,,0,15,,21984,16,4,,0,14,,21970,16,4,,0,15,,21987,16,4,,0,55,,21951,16,4,,0,15,,21990,16,4,,0,15,,21980,16,4,,0,70,,21961,16,4,,0,29,,21983,16,4,,0,15,,21994,16,4,,0,10,,21960,16,4,,0,69,,21979,16,4,,0,30,,21959,16,4,,0,70,,21981,16,4,,0,30,,21958,16,4,,0,70,,21982,16,4,,0,30,,21957,16,4,,0,70,,21978,16,4,,0,25,,21956,16,4,,0
501029,'1799',602,,22001,4,4,,0,30,,22030,4,4,,0,22,,22018,16,4,,0,70,,22029,16,4,,0,30,,22017,16,4,,0,70,,22028,16,4,,0,30,,22016,16,4,,0,70,,22031,16,4,,0,31,,22019,16,4,,0,75,,22027,16,4,,0,15,,22047,16,4,,0,55,,22008,16,4,,0,15,,22051,16,4,,0,15,,22020,16,4,,0,15,,22053,16,4,,0,55,,22009,16,4,,0,15,,22040,16,4,,0,15,,22021,16,4,,0,15,,22043,16,4,,0,55,,22003,16,4,,0,15,,22046,16,4,,0,15,,22026,16,4,,0,15,,22049,16,4,,0,55,,22004,16,4,,0,15,,22054,16,4,,0,15,,22025,16,4,,0,15,,22039,16,4,,0,55,,22006,16,4,,0,15,,22042,16,4,,0,15,,22023,16,4,,0,16,,22045,16,4,,0,55,,22002,16,4,,0,15,,22050,16,4,,0,15,,22022,16,4,,0,15,,22052,16,4,,0,55,,22007,16,4,,0,15,,22038,16,4,,0,14,,22024,16,4,,0,15,,22041,16,4,,0,55,,22005,16,4,,0,15,,22044,16,4,,0,15,,22034,16,4,,0,70,,22015,16,4,,0,29,,22037,16,4,,0,15,,22048,16,4,,0,10,,22014,16,4,,0,69,,22033,16,4,,0,30,,22013,16,4,,0,70,,22035,16,4,,0,30,,22012,16,4,,0,70,,22036,16,4,,0,30,,22011,16,4,,0,70,,22032,16,4,,0,25,,22010,16,4,,0
501029,'1800',602,,22055,4,4,,0,30,,22084,4,4,,0,22,,22072,16,4,,0,70,,22083,16,4,,0,30,,22071,16,4,,0,70,,22082,16,4,,0,30,,22070,16,4,,0,70,,22085,16,4,,0,31,,22073,16,4,,0,75,,22081,16,4,,0,15,,22101,16,4,,0,55,,22062,16,4,,0,15,,22105,16,4,,0,15,,22074,16,4,,0,15,,22107,16,4,,0,55,,22063,16,4,,0,15,,22094,16,4,,0,15,,22075,16,4,,0,15,,22097,16,4,,0,55,,22057,16,4,,0,15,,22100,16,4,,0,15,,22080,16,4,,0,15,,22103,16,4,,0,55,,22058,16,4,,0,15,,22108,16,4,,0,15,,22079,16,4,,0,15,,22093,16,4,,0,55,,22060,16,4,,0,15,,22096,16,4,,0,15,,22077,16,4,,0,16,,22099,16,4,,0,55,,22056,16,4,,0,15,,22104,16,4,,0,15,,22076,16,4,,0,15,,22106,16,4,,0,55,,22061,16,4,,0,15,,22092,16,4,,0,14,,22078,16,4,,0,15,,22095,16,4,,0,55,,22059,16,4,,0,15,,22098,16,4,,0,15,,22088,16,4,,0,70,,22069,16,4,,0,29,,22091,16,4,,0,15,,22102,16,4,,0,10,,22068,16,4,,0,69,,22087,16,4,,0,30,,22067,16,4,,0,70,,22089,16,4,,0,30,,22066,16,4,,0,70,,22090,16,4,,0,30,,22065,16,4,,0,70,,22086,16,4,,0,25,,22064,16,4,,0
