2019,'1796',653,,14015,44,,,0,68,,14016,44,,,0,29,,14017,44,,,0,73,,14018,44,,,0,31,,14019,44,,,0,69,,14020,44,,,0,30,,14021,44,,,0,70,,14022,44,,,0,30,,14023,44,,,0,70,,14024,44,,,0,30,,14025,44,,,0,70,,14026,44,,,0,30,,14027,44,,,0,70,,14028,44,,,0,30,,14029,44,,,0,70,,14030,44,,,0,29,,14031,44,,,0,70,,14032,44,,,0,30,,14033,44,,,0,71,,14034,44,,,0,32,,14035,44,,,0,67,,14036,44,,,0,31,,14037,44,,,0,70,,14038,44,,,0,30,,14039,44,,,0,70,,14045,44,,,0,30,,14040,44,,,0,100,,14041,44,,,0,100,,14042,44,,,0,100,,14043,44,,,0,97,,14044,44,,,0
2019,'1797',653,,14047,35,,,0,70,,14054,44,,,0,30,,14063,44,,,0,70,,14070,44,,,0,30,,14048,44,,,0,70,,14055,44,,,0,30,,14064,44,,,0,70,,14071,44,,,0,30,,14049,44,,,0,70,,14056,44,,,0,30,,14065,44,,,0,70,,14072,44,,,0,30,,14050,44,,,0,70,,14057,44,,,0,30,,14066,44,,,0,70,,14073,44,,,0,30,,14051,44,,,0,70,,14058,44,,,0,30,,14067,44,,,0,70,,14074,44,,,0,30,,14052,44,,,0,70,,14059,44,,,0,30,,14068,44,,,0,70,,14075,44,,,0,30,,14053,44,,,0,70,,14060,44,,,0,30,,14069,44,,,0,100,,14061,44,,,0,100,,14076,44,,,0,97,,14062,44,,,0,99,,14077,44,,,0
2019,'1798',723,,14105,44,,,0,30,,14082,44,,,0,70,,14086,44,,,0,30,,14098,44,,,0,70,,14093,44,,,0,30,,14083,44,,,0,70,,14087,44,,,0,30,,14099,44,,,0,70,,14094,44,,,0,30,,14084,44,,,0,70,,14088,44,,,0,30,,14100,44,,,0,70,,14095,44,,,0,30,,14085,44,,,0,70,,14089,44,,,0,30,,14101,44,,,0,70,,14096,44,,,0,30,,14080,44,,,0,70,,14090,44,,,0,30,,14102,44,,,0,70,,14097,44,,,0,30,,14078,44,,,0,70,,14091,44,,,0,30,,14103,44,,,0,100,,14079,44,,,0,101,,14104,44,,,0,100,,14081,44,,,0,95,,14092,44,,,0,100,,14106,44,,,0
2019,'1799',723,,14134,44,,,0,30,,14111,44,,,0,70,,14115,44,,,0,30,,14127,44,,,0,70,,14122,44,,,0,30,,14112,44,,,0,70,,14116,44,,,0,30,,14128,44,,,0,70,,14123,44,,,0,30,,14113,44,,,0,70,,14117,44,,,0,30,,14129,44,,,0,70,,14124,44,,,0,30,,14114,44,,,0,70,,14118,44,,,0,30,,14130,44,,,0,70,,14125,44,,,0,30,,14109,44,,,0,70,,14119,44,,,0,30,,14131,44,,,0,70,,14126,44,,,0,30,,14107,44,,,0,70,,14120,44,,,0,30,,14132,44,,,0,100,,14108,44,,,0,101,,14133,44,,,0,100,,14110,44,,,0,95,,14121,44,,,0,100,,14135,44,,,0
2019,'1800',723,,14163,44,,,0,30,,14140,44,,,0,70,,14144,44,,,0,30,,14156,44,,,0,70,,14151,44,,,0,30,,14141,44,,,0,70,,14145,44,,,0,30,,14157,44,,,0,70,,14152,44,,,0,30,,14142,44,,,0,70,,14146,44,,,0,30,,14158,44,,,0,70,,14153,44,,,0,30,,14143,44,,,0,70,,14147,44,,,0,30,,14159,44,,,0,70,,14154,44,,,0,30,,14138,44,,,0,70,,14148,44,,,0,30,,14160,44,,,0,70,,14155,44,,,0,30,,14136,44,,,0,70,,14149,44,,,0,30,,14161,44,,,0,100,,14137,44,,,0,101,,14162,44,,,0,100,,14139,44,,,0,95,,14150,44,,,0,100,,14164,44,,,0
7019,'1796',533,,14820,9,,,0,103,,14821,9,,,0,70,,14822,9,,,0,32,,14830,9,,,0,70,,14823,9,,,0,32,,14831,9,,,0,68,,14824,9,,,0,30,,14832,9,,,0,70,,14825,9,,,0,30,,14833,9,,,0,70,,14826,9,,,0,30,,14834,9,,,0,70,,14827,9,,,0,30,,14835,9,,,0,70,,14828,9,,,0,30,,14836,9,,,0,71,,14829,9,,,0,31,,14849,9,,,0,73,,14850,9,,,0,28,,14851,9,,,0,70,,14852,9,,,0,30,,14837,9,,,0,68,,14839,9,,,0,30,,14838,9,,,0,70,,14841,9,,,0,28,,14842,9,,,0,70,,14843,9,,,0,28,,14844,9,,,0,70,,14845,9,,,0,30,,14846,9,,,0,100,,14847,9,,,0,99,,14848,9,,,0,100,,14840,9,,,0
7019,'1797',635,,14869,9,,,0,69,,14862,9,,,0,30,,14870,9,,,0,70,,14863,9,,,0,31,,14871,9,,,0,70,,14864,9,,,0,30,,14872,9,,,0,71,,14865,9,,,0,30,,14873,9,,,0,70,,14866,9,,,0,30,,14874,9,,,0,70,,14867,9,,,0,30,,14875,9,,,0,70,,14868,9,,,0,30,,14876,9,,,0,70,,14881,9,,,0,31,,14877,9,,,0,70,,14883,9,,,0,30,,14878,9,,,0,70,,14882,9,,,0,29,,14879,9,,,0,70,,14884,9,,,0,30,,14880,9,,,0,70,,14887,9,,,0,29,,14857,9,,,0,69,,14885,9,,,0,30,,14858,9,,,0,70,,14886,9,,,0,30,,14859,9,,,0,100,,14860,9,,,0,100,,14861,9,,,0
7019,'1798',734,,14896,9,,,0,101,,14897,9,,,0,100,,14906,9,,,0,101,,14898,9,,,0,100,,14899,9,,,0,100,,14900,9,,,0,100,,14901,9,,,0,101,,14902,9,,,0,100,,14903,9,,,0,99,,14904,9,,,0,100,,14892,9,,,0,99,,14893,9,,,0,99,,14891,9,,,0,100,,14895,9,,,0,100,,14894,9,,,0
7019,'1799',734,,14931,9,,,0,101,,14932,9,,,0,100,,14941,9,,,0,101,,14933,9,,,0,100,,14934,9,,,0,100,,14935,9,,,0,100,,14936,9,,,0,101,,14937,9,,,0,100,,14938,9,,,0,99,,14939,9,,,0,100,,14927,9,,,0,99,,14928,9,,,0,99,,14926,9,,,0,100,,14930,9,,,0,100,,14929,9,,,0
7019,'1800',734,,14966,9,,,0,101,,14967,9,,,0,100,,14976,9,,,0,101,,14968,9,,,0,100,,14969,9,,,0,100,,14970,9,,,0,100,,14971,9,,,0,101,,14972,9,,,0,100,,14973,9,,,0,99,,14974,9,,,0,100,,14962,9,,,0,99,,14963,9,,,0,99,,14961,9,,,0,100,,14965,9,,,0,100,,14964,9,,,0
