2029,'1796',522,,14191,3,,,0,27,,14165,18,,,0,70,,14166,18,,,0,30,,14167,18,,,0,68,,14168,18,,,0,30,,14169,18,,,0,70,,14170,18,,,0,30,,14171,18,,,0,70,,14172,18,,,0,30,,14173,18,,,0,70,,14174,18,,,0,30,,14175,18,,,0,70,,14176,18,,,0,30,,14177,18,,,0,70,,14178,18,,,0,30,,14179,18,,,0,70,,14180,18,,,0,30,,14181,18,,,0,70,,14182,18,,,0,30,,14183,18,,,0,70,,14184,18,,,0,30,,14185,18,,,0,70,,14186,18,,,0,30,,14187,18,,,0,71,,14188,18,,,0,29,,14189,18,,,0,70,,14190,18,,,0,30,,14194,18,,,0,70,,14195,18,,,0,100,,14196,18,,,0,100,,14197,18,,,0,100,,14193,18,,,0
2029,'1797',549,,14231,18,0,5 2 15 16 17,0,70,,14214,18,,,0,30,,14221,18,,,0,68,,14200,18,,,0,30,,14206,18,,,0,70,,14215,18,,,0,30,,14222,18,,,0,70,,14201,18,,,0,30,,14207,18,,,0,70,,14216,18,,,0,30,,14223,18,,,0,70,,14202,18,,,0,30,,14208,18,,,0,70,,14217,18,,,0,30,,14224,18,,,0,70,,14203,18,,,0,30,,14209,18,,,0,70,,14218,18,,,0,30,,14225,18,,,0,70,,14204,18,,,0,30,,14210,18,,,0,70,,14219,18,,,0,30,,14226,18,,,0,70,,14205,18,,,0,30,,14211,18,,,0,70,,14220,18,,,0,30,,14227,18,,,0,70,,14212,18,,,0,100,,14228,18,,,0,100,,14213,18,,,0,100,,14229,18,,,0
2029,'1798',619,,14235,18,,,0,30,,14243,18,,,0,68,,14254,18,,,0,30,,14249,18,,,0,70,,14236,18,,,0,30,,14244,18,,,0,70,,14255,18,,,0,30,,14250,18,,,0,70,,14237,18,,,0,30,,14245,18,,,0,70,,14256,18,,,0,30,,14251,18,,,0,70,,14238,18,,,0,30,,14246,18,,,0,70,,14257,18,,,0,30,,14252,18,,,0,70,,14239,18,,,0,30,,14247,18,,,0,70,,14258,18,,,0,30,,14253,18,,,0,70,,14240,18,,,0,30,,14248,18,,,0,70,,14259,18,,,0,100,,14241,18,,,0,100,,14260,18,,,0,100,,14242,18,,,0,100,,14261,18,,,0,100,,14234,18,,,0
2029,'1799',619,,14267,18,,,0,30,,14275,18,,,0,68,,14286,18,,,0,30,,14281,18,,,0,70,,14268,18,,,0,30,,14276,18,,,0,70,,14287,18,,,0,30,,14282,18,,,0,70,,14269,18,,,0,30,,14277,18,,,0,70,,14288,18,,,0,30,,14283,18,,,0,70,,14270,18,,,0,30,,14278,18,,,0,70,,14289,18,,,0,30,,14284,18,,,0,70,,14271,18,,,0,30,,14279,18,,,0,70,,14290,18,,,0,30,,14285,18,,,0,70,,14272,18,,,0,30,,14280,18,,,0,70,,14291,18,,,0,100,,14273,18,,,0,100,,14292,18,,,0,100,,14274,18,,,0,100,,14293,18,,,0,100,,14266,18,,,0
2029,'1800',619,,14299,18,,,0,30,,14307,18,,,0,68,,14318,18,,,0,30,,14313,18,,,0,70,,14300,18,,,0,30,,14308,18,,,0,70,,14319,18,,,0,30,,14314,18,,,0,70,,14301,18,,,0,30,,14309,18,,,0,70,,14320,18,,,0,30,,14315,18,,,0,70,,14302,18,,,0,30,,14310,18,,,0,70,,14321,18,,,0,30,,14316,18,,,0,70,,14303,18,,,0,30,,14311,18,,,0,70,,14322,18,,,0,30,,14317,18,,,0,70,,14304,18,,,0,30,,14312,18,,,0,70,,14323,18,,,0,100,,14305,18,,,0,100,,14324,18,,,0,100,,14306,18,,,0,100,,14325,18,,,0,100,,14298,18,,,0
7029,'1796',513,,15002,14,,,0,103,,15003,14,,,0,29,,20395,14,,,0,72,,15005,14,,,0,30,,15006,14,,,0,70,,15007,14,,,0,30,,20396,14,,,0,70,,20397,14,,,0,30,,20398,14,,,0,70,,20399,14,,,0,30,,20400,14,,,0,70,,20401,14,,,0,30,,15014,14,,,0,70,,20392,14,,,0,30,,20393,14,,,0,70,,20394,14,,,0,31,,20391,14,,,0,70,,14996,14,,,0,30,,15001,14,,,0,70,,20402,14,,,0,30,,20403,14,,,0,70,,20404,14,,,0,29,,15018,14,,,0,70,,20405,14,,,0,29,,15020,14,,,0,70,,15021,14,,,0,30,,20406,14,,,0,70,,20407,14,,,0,30,,20408,14,,,0,69,,15025,14,,,0,101,,15026,14,,,0,100,,15027,14,,,0,100,,15028,14,,,0
7029,'1797',617,,15060,3,,,0,29,,20409,14,,,0,70,,20420,14,,,0,30,,20410,14,,,0,69,,20421,14,,,0,30,,20411,14,,,0,70,,15045,14,,,0,30,,20412,14,,,0,70,,20422,14,,,0,30,,20413,14,,,0,70,,20423,14,,,0,30,,15034,14,,,0,70,,15048,14,,,0,30,,20414,14,,,0,70,,20424,14,,,0,30,,15036,14,,,0,71,,20425,14,,,0,30,,15037,14,,,0,70,,15051,14,,,0,30,,20415,14,,,0,69,,20426,14,,,0,30,,20416,14,,,0,70,,20427,14,,,0,30,,20417,14,,,0,70,,15054,14,,,0,30,,20418,14,,,0,70,,20428,14,,,0,30,,20419,14,,,0,71,,20429,14,,,0,100,,15057,14,,,0,100,,15058,14,,,0,100,,15059,14,,,0
7029,'1798',716,,15063,14,,,0,99,,15064,14,,,0,100,,20432,14,,,0,100,,15066,14,,,0,100,,15067,14,,,0,100,,20433,14,,,0,100,,15069,14,,,0,101,,15070,14,,,0,100,,20434,14,,,0,99,,15072,14,,,0,100,,15073,14,,,0,100,,20435,14,,,0,100,,15075,14,,,0,101,,15076,14,,,0,100,,20431,14,,,0
7029,'1799',716,,15079,14,,,0,99,,15080,14,,,0,100,,20438,14,,,0,100,,15082,14,,,0,100,,15083,14,,,0,100,,20439,14,,,0,100,,15085,14,,,0,101,,15086,14,,,0,100,,20440,14,,,0,99,,15088,14,,,0,100,,15089,14,,,0,100,,20441,14,,,0,100,,15091,14,,,0,101,,15092,14,,,0,100,,20437,14,,,0
7029,'1800',716,,15095,14,,,0,99,,15096,14,,,0,100,,20444,14,,,0,100,,15098,14,,,0,100,,15099,14,,,0,100,,20445,14,,,0,100,,15101,14,,,0,101,,15102,14,,,0,100,,20446,14,,,0,99,,15104,14,,,0,100,,15105,14,,,0,100,,20447,14,,,0,100,,15107,14,,,0,101,,15108,14,,,0,100,,20443,14,,,0
20002019,'1798',1002,,23316,3,,,0
20002019,'1799',1002,,23317,3,,,0
20002019,'1800',1002,,23318,3,,,0
14000001029,'1796',430,,19519,3,0,18 7,0,102,,23396,3,0,18 7,0,1812,,23398,3,,,0,68,,19523,3,,,0,30,,23400,3,,,0,70,,23397,3,,,0,30,,19524,3,,,0,70,,23399,3,,,0
14000001029,'1797',532,,19531,3,0,18 7,0,1812,,23404,3,,,0,68,,19528,3,,,0,30,,23401,3,,,0,70,,23402,3,,,0,30,,19532,3,,,0,70,,23403,3,,,0
14000001029,'1798',532,,23409,3,0,18 7,0,1812,,23405,3,,,0,68,,19538,3,,,0,30,,23408,3,,,0,70,,23407,3,,,0,30,,19537,3,,,0,70,,23406,3,,,0
14000001029,'1799',532,,23414,3,0,18 7,0,1812,,23410,3,,,0,68,,19545,3,,,0,30,,23413,3,,,0,70,,23412,3,,,0,30,,19544,3,,,0,70,,23411,3,,,0
14000001029,'1800',532,,23419,3,0,18 7,0,1812,,23415,3,,,0,68,,19552,3,,,0,30,,23418,3,,,0,70,,23417,3,,,0,30,,19551,3,,,0,70,,23416,3,,,0
