6019,'1796',658,,20108,21,,,0,69,,14636,21,,,0,30,,20109,21,,,0,70,,20110,21,,,0,30,,20111,21,,,0,71,,20112,21,,,0,30,,20113,21,,,0,70,,20114,21,,,0,30,,20115,21,,,0,70,,20116,21,,,0,30,,20117,21,,,0,70,,20118,21,,,0,30,,20119,21,,,0,70,,20120,21,,,0,30,,20121,21,,,0,71,,20122,21,,,0,72,,20123,21,,,0,30,,20124,21,,,0,70,,20125,21,,,0,30,,20126,21,,,0,70,,20127,21,,,0,29,,20128,21,,,0,27,,20129,21,,,0,70,,20130,21,,,0,30,,20131,21,,,0,67,,20107,21,,,0,96,,20104,21,,,0,100,,14632,21,,,0,100,,20105,21,,,0,100,,20106,21,,,0
6019,'1797',652,,20134,21,,,0,70,,14662,21,,,0,28,,20152,21,,,0,70,,14675,21,,,0,30,,20136,21,,,0,70,,20145,21,,,0,30,,20153,21,,,0,72,,20151,21,,,0,30,,20144,21,,,0,70,,20156,21,,,0,30,,20143,21,,,0,70,,20150,21,,,0,30,,20142,21,,,0,70,,20155,21,,,0,30,,20141,21,,,0,70,,20149,21,,,0,30,,20140,21,,,0,70,,20154,21,,,0,30,,20139,21,,,0,70,,20148,21,,,0,30,,20138,21,,,0,70,,20132,21,,,0,30,,20137,21,,,0,70,,20147,21,,,0,30,,20135,21,,,0,68,,20146,21,,,0,101,,14687,9,,,0,100,,20133,9,,,0
6019,'1798',851,,20163,9,,,0,100,,20157,9,,,0,100,,20162,9,,,0,100,,20167,9,,,0,101,,20161,9,,,0,100,,20166,9,,,0,100,,20160,9,,,0,100,,20165,9,,,0,100,,20159,9,,,0,100,,20164,9,,,0,99,,20158,9,,,0,100,,20168,9,,,0
6019,'1799',851,,20175,9,,,0,100,,20169,9,,,0,100,,20174,9,,,0,100,,20179,9,,,0,101,,20173,9,,,0,100,,20178,9,,,0,100,,20172,9,,,0,100,,20177,9,,,0,100,,20171,9,,,0,100,,20176,9,,,0,99,,20170,9,,,0,100,,20180,9,,,0
6019,'1800',851,,20187,9,,,0,100,,20181,9,,,0,100,,20186,9,,,0,100,,20191,9,,,0,101,,20185,9,,,0,100,,20190,9,,,0,100,,20184,9,,,0,100,,20189,9,,,0,100,,20183,9,,,0,100,,20188,9,,,0,99,,20182,9,,,0,100,,20192,9,,,0
15029,'1796',618,,20792,22,,,0,20,,15687,22,,,0,71,,15688,62,,,0,32,,15689,62,,,0,74,,20793,62,,,0,29,,20794,62,,,0,73,,20795,62,,,0,30,,20796,62,,,0,65,,20797,62,,,0,30,,20798,62,,,0,70,,15696,62,,,0,30,,20799,62,,,0,70,,20800,62,,,0,30,,20801,62,,,0,70,,20802,62,,,0,30,,15701,62,,,0,70,,15702,62,,,0,33,,20803,62,,,0,73,,20804,62,,,0,35,,15705,62,,,0,72,,20805,62,,,0,29,,20806,62,,,0,65,,20807,62,,,0,23,,15709,62,,,0,69,,20808,62,,,0,29,,20809,62,,,0,67,,20810,62,,,0,30,,15713,62,,,0,70,,20811,62,,,0,30,,20812,62,,,0,70,,20813,62,,,0,99,,20815,62,,,0,97,,20814,62,,,0
15029,'1797',614,,20817,22,,,0,133,,20818,62,,,0,93,,15723,62,,,0,100,,20819,62,,,0,100,,20820,62,,,0,102,,15726,62,,,0,100,,20821,62,,,0,100,,20822,62,,,0,105,,15729,62,,,0,100,,20823,62,,,0,98,,20824,62,,,0,98,,15732,62,,,0,99,,20825,62,,,0,99,,20816,62,,,0,100,,15720,62,,,0
15029,'1798',742,,15747,62,,,0,98,,20829,62,,,0,101,,15744,62,,,0,100,,15745,62,,,0,102,,20830,62,,,0,100,,15742,62,,,0,100,,15739,62,,,0,102,,20828,62,,,0,100,,15741,62,,,0,99,,15738,62,,,0,99,,20827,62,,,0,99,,15736,62,,,0,99,,15737,62,,,0,100,,20826,62,,,0
15029,'1799',742,,15761,62,,,0,98,,20834,62,,,0,101,,15758,62,,,0,100,,15759,62,,,0,102,,20835,62,,,0,100,,15756,62,,,0,100,,15753,62,,,0,102,,20833,62,,,0,100,,15755,62,,,0,99,,15752,62,,,0,99,,20832,62,,,0,99,,15750,62,,,0,99,,15751,62,,,0,100,,20831,62,,,0
15029,'1800',742,,15775,62,,,0,98,,20839,62,,,0,101,,15772,62,,,0,100,,15773,62,,,0,102,,20840,62,,,0,100,,15770,62,,,0,100,,15767,62,,,0,102,,20838,62,,,0,100,,15769,62,,,0,99,,15766,62,,,0,99,,20837,62,,,0,99,,15764,62,,,0,99,,15765,62,,,0,100,,20836,62,,,0
