4019,'1796',632,,19810,9,,,0,70,,19836,9,,,0,30,,19811,9,,,0,27,,19812,9,,,0,76,,19813,9,,,0,24,,19814,9,,,0,76,,19815,9,,,0,68,,19816,9,,,0,29,,19817,9,,,0,70,,19818,9,,,0,30,,19819,9,,,0,72,,19820,9,,,0,30,,19821,9,,,0,70,,19822,9,,,0,30,,19823,9,,,0,70,,19824,9,,,0,30,,19825,9,,,0,73,,19826,9,,,0,30,,19827,9,,,0,71,,19828,9,,,0,24,,19829,9,,,0,76,,19830,9,,,0,23,,19831,9,,,0,76,,19832,9,,,0,21,,19833,9,,,0,75,,19834,9,,,0,29,,19835,9,,,0,70,,19804,9,,,0,30,,19805,9,,,0,70,,19806,9,,,0,30,,19807,9,,,0,70,,19808,9,,,0,30,,19809,9,,,0
4019,'1797',702,,19868,9,,,0,30,,19844,9,,,0,70,,19838,9,,,0,30,,19848,9,,,0,70,,19859,9,,,0,30,,19854,9,,,0,71,,19842,9,,,0,30,,19864,9,,,0,70,,19841,9,,,0,30,,19861,9,,,0,69,,19856,9,,,0,31,,19849,9,,,0,69,,19862,9,,,0,30,,19865,9,,,0,70,,19840,9,,,0,31,,19851,9,,,0,70,,19839,9,,,0,30,,19845,9,,,0,70,,19863,9,,,0,30,,19860,9,,,0,70,,19857,9,,,0,30,,19846,9,,,0,70,,19866,9,,,0,29,,19867,9,,,0,70,,19837,9,,,0,30,,19852,9,,,0,70,,19850,9,,,0,30,,19858,9,,,0,70,,19843,9,,,0,30,,19853,9,,,0,70,,19847,9,,,0,30,,19855,9,,,0
4019,'1798',802,,19892,9,,,0,30,,19893,9,,,0,70,,19890,9,,,0,30,,19894,9,,,0,71,,19891,9,,,0,30,,19875,9,,,0,70,,19879,9,,,0,30,,19883,9,,,0,69,,19886,9,,,0,31,,19871,9,,,0,69,,19874,9,,,0,30,,19878,9,,,0,70,,19882,9,,,0,30,,19884,9,,,0,70,,19870,9,,,0,30,,19873,9,,,0,70,,19877,9,,,0,30,,19881,9,,,0,70,,19885,9,,,0,31,,19869,9,,,0,70,,19872,9,,,0,29,,19876,9,,,0,70,,19880,9,,,0,30,,19889,9,,,0,70,,19895,9,,,0,30,,19887,9,,,0,70,,19896,9,,,0,30,,19888,9,,,0
4019,'1799',802,,19920,9,,,0,30,,19921,9,,,0,70,,19918,9,,,0,30,,19922,9,,,0,71,,19919,9,,,0,30,,19903,9,,,0,70,,19907,9,,,0,30,,19911,9,,,0,69,,19914,9,,,0,31,,19899,9,,,0,69,,19902,9,,,0,30,,19906,9,,,0,70,,19910,9,,,0,30,,19912,9,,,0,70,,19898,9,,,0,30,,19901,9,,,0,70,,19905,9,,,0,30,,19909,9,,,0,70,,19913,9,,,0,31,,19897,9,,,0,70,,19900,9,,,0,29,,19904,9,,,0,70,,19908,9,,,0,30,,19917,9,,,0,70,,19923,9,,,0,30,,19915,9,,,0,70,,19924,9,,,0,30,,19916,9,,,0
4019,'1800',802,,19948,9,,,0,30,,19949,9,,,0,70,,19946,9,,,0,30,,19950,9,,,0,71,,19947,9,,,0,30,,19931,9,,,0,70,,19935,9,,,0,30,,19939,9,,,0,69,,19942,9,,,0,31,,19927,9,,,0,69,,19930,9,,,0,30,,19934,9,,,0,70,,19938,9,,,0,30,,19940,9,,,0,70,,19926,9,,,0,30,,19929,9,,,0,70,,19933,9,,,0,30,,19937,9,,,0,70,,19941,9,,,0,31,,19925,9,,,0,70,,19928,9,,,0,29,,19932,9,,,0,70,,19936,9,,,0,30,,19945,9,,,0,70,,19951,9,,,0,30,,19943,9,,,0,70,,19952,9,,,0,30,,19944,9,,,0
11029,'1796',637,,20545,20,,,0,100,,20536,27,,,0,100,,20537,27,,,0,100,,20538,27,,,0,100,,20539,27,,,0,100,,15328,27,,,0,100,,20540,27,,,0,100,,15330,27,,,0,100,,20541,27,,,0,100,,20542,27,,,0,100,,15333,27,,,0,100,,15334,27,,,0,100,,20543,27,,,0,100,,15336,27,,,0,100,,20544,27,,,0,95,,20535,27,,,0
11029,'1797',637,,20546,20,,,0,98,,20557,27,,,0,102,,20547,27,,,0,100,,20548,27,,,0,100,,20549,27,,,0,103,,20550,27,,,0,100,,20551,27,,,0,100,,15345,27,,,0,100,,20552,27,,,0,100,,15347,27,,,0,100,,15348,27,,,0,97,,20553,27,,,0,100,,20554,27,,,0,99,,20555,27,,,0,101,,20556,27,,,0
11029,'1798',837,,20558,27,,,0,100,,20559,27,,,0,103,,20560,27,,,0,100,,20561,27,,,0,100,,20562,27,,,0,100,,20563,27,,,0,100,,20564,27,,,0,100,,20565,27,,,0,100,,20566,27,,,0,97,,20567,27,,,0,99,,20568,27,,,0,101,,20569,27,,,0,95,,15366,27,,,0
11029,'1799',837,,20570,27,,,0,100,,20571,27,,,0,103,,20572,27,,,0,100,,20573,27,,,0,100,,20574,27,,,0,100,,20575,27,,,0,100,,20576,27,,,0,100,,20577,27,,,0,100,,20578,27,,,0,97,,20579,27,,,0,99,,20580,27,,,0,101,,20581,27,,,0,95,,15379,27,,,0
11029,'1800',837,,20582,27,,,0,100,,20583,27,,,0,103,,20584,27,,,0,100,,20585,27,,,0,100,,20586,27,,,0,100,,20587,27,,,0,100,,20588,27,,,0,100,,20589,27,,,0,100,,20590,27,,,0,97,,20591,27,,,0,99,,20592,27,,,0,101,,20593,27,,,0,95,,15392,27,,,0
502019,'1796',609,,22109,7,,,0,30,,22110,7,,,0,65,,22150,7,,,0,10,,22111,7,,,0,26,,22112,7,,,0,65,,22113,7,,,0,12,,22114,7,,,0,24,,22115,7,,,0,64,,22116,7,,,0,12,,22117,7,,,0,24,,22118,7,,,0,71,,22119,7,,,0,30,,22120,7,,,0,70,,22121,7,,,0,30,,22122,7,,,0,70,,22123,7,,,0,30,,22124,7,,,0,70,,22125,7,,,0,30,,22126,7,,,0,70,,22127,7,,,0,35,,22128,7,,,0,70,,22129,7,,,0,30,,22130,7,,,0,68,,22131,7,,,0,24,,22132,7,,,0,12,,22133,7,,,0,62,,22134,7,,,0,6,,22151,7,,,0,16,,22135,7,,,0,12,,22136,7,,,0,64,,22137,7,,,0,22,,22138,7,,,0,12,,22139,7,,,0,65,,22140,7,,,0,30,,22141,7,,,0,70,,22142,7,,,0,30,,22143,7,,,0,70,,22144,7,,,0,30,,22145,7,,,0,70,,22146,7,,,0,30,,22147,7,,,0,69,,22148,7,,,0,30,,22149,7,,,0
502019,'1797',639,,22159,7,,,0,70,,22166,7,,,0,30,,22158,7,,,0,70,,22167,7,,,0,31,,22157,7,,,0,70,,22168,7,,,0,30,,22156,7,,,0,71,,22169,7,,,0,30,,22177,7,,,0,70,,22170,7,,,0,30,,22178,7,,,0,70,,22171,7,,,0,30,,22179,7,,,0,70,,22172,7,,,0,30,,22180,7,,,0,71,,22173,7,,,0,30,,22181,7,,,0,70,,22174,7,,,0,30,,22182,7,,,0,69,,22175,7,,,0,30,,22183,7,,,0,70,,22176,7,,,0,30,,22184,7,,,0,69,,22160,7,,,0,30,,22185,7,,,0,70,,22162,7,,,0,99,,22161,7,,,0,30,,22155,7,,,0,70,,22163,7,,,0,30,,22154,7,,,0,70,,22164,7,,,0,30,,22153,7,,,0,70,,22165,7,,,0,30,,22152,7,,,0
502019,'1798',639,,22200,7,,,0,70,,22186,7,,,0,30,,22203,7,,,0,70,,22217,7,,,0,31,,22197,7,,,0,70,,22216,7,,,0,30,,22199,7,,,0,71,,22215,7,,,0,30,,22194,7,,,0,70,,22214,7,,,0,30,,22189,7,,,0,70,,22213,7,,,0,30,,22192,7,,,0,70,,22211,7,,,0,30,,22190,7,,,0,70,,22212,7,,,0,30,,22193,7,,,0,70,,22210,7,,,0,30,,22187,7,,,0,70,,22209,7,,,0,30,,22191,7,,,0,70,,22208,7,,,0,30,,22188,7,,,0,69,,22207,7,,,0,30,,22201,7,,,0,70,,22206,7,,,0,30,,22202,7,,,0,69,,22205,7,,,0,30,,22195,7,,,0,70,,22218,7,,,0,30,,22204,7,,,0,70,,22219,7,,,0,30,,22198,7,,,0,69,,22220,7,,,0,30,,22196,7,,,0
502019,'1799',639,,22235,7,,,0,70,,22221,7,,,0,30,,22238,7,,,0,70,,22252,7,,,0,31,,22232,7,,,0,70,,22251,7,,,0,30,,22234,7,,,0,71,,22250,7,,,0,30,,22229,7,,,0,70,,22249,7,,,0,30,,22224,7,,,0,70,,22248,7,,,0,30,,22227,7,,,0,70,,22246,7,,,0,30,,22225,7,,,0,70,,22247,7,,,0,30,,22228,7,,,0,70,,22245,7,,,0,30,,22222,7,,,0,70,,22244,7,,,0,30,,22226,7,,,0,70,,22243,7,,,0,30,,22223,7,,,0,69,,22242,7,,,0,30,,22236,7,,,0,70,,22241,7,,,0,30,,22237,7,,,0,69,,22240,7,,,0,30,,22230,7,,,0,70,,22253,7,,,0,30,,22239,7,,,0,70,,22254,7,,,0,30,,22233,7,,,0,69,,22255,7,,,0,30,,22231,7,,,0
502019,'1800',639,,22270,7,,,0,70,,22256,7,,,0,30,,22273,7,,,0,70,,22287,7,,,0,31,,22267,7,,,0,70,,22286,7,,,0,30,,22269,7,,,0,71,,22285,7,,,0,30,,22264,7,,,0,70,,22284,7,,,0,30,,22259,7,,,0,70,,22283,7,,,0,30,,22262,7,,,0,70,,22281,7,,,0,30,,22260,7,,,0,70,,22282,7,,,0,30,,22263,7,,,0,70,,22280,7,,,0,30,,22257,7,,,0,70,,22279,7,,,0,30,,22261,7,,,0,70,,22278,7,,,0,30,,22258,7,,,0,69,,22277,7,,,0,30,,22271,7,,,0,70,,22276,7,,,0,30,,22272,7,,,0,69,,22275,7,,,0,30,,22265,7,,,0,70,,22288,7,,,0,30,,22274,7,,,0,70,,22289,7,,,0,30,,22268,7,,,0,69,,22290,7,,,0,30,,22266,7,,,0
14000001029,'1796',500,,19519,42,0,18 7,0,102,,23396,42,0,18 7,0,1812,,23398,42,,,0,30,,19523,42,,,0,70,,23400,42,,,0,30,,23397,42,,,0,70,,19524,42,,,0,30,,23399,42,,,0
14000001029,'1797',558,,19531,42,0,18 7,0,1856,,23404,42,,,0,30,,19528,42,,,0,70,,23401,42,,,0,30,,23402,42,,,0,70,,19532,42,,,0,30,,23403,42,,,0
14000001029,'1798',558,,23409,42,0,18 7,0,1856,,23405,42,,,0,30,,19538,42,,,0,70,,23408,42,,,0,30,,23407,42,,,0,70,,19537,42,,,0,30,,23406,42,,,0
14000001029,'1799',558,,23414,42,0,18 7,0,1856,,23410,42,,,0,30,,19545,42,,,0,70,,23413,42,,,0,30,,23412,42,,,0,70,,19544,42,,,0,30,,23411,42,,,0
14000001029,'1800',558,,23419,42,0,18 7,0,1856,,23415,42,,,0,30,,19552,42,,,0,70,,23418,42,,,0,30,,23417,42,,,0,70,,19551,42,,,0,30,,23416,42,,,0
