22029,'1796',639,,21307,5,0,19 2 20 21,0,70,,21308,5,0,19 2 20 21,0,30,,21309,5,0,19 2 20 21,0,73,,21310,5,0,19 2 20 21,0,30,,21311,5,0,19 2 20 21,0,70,,21312,5,,,0,29,,21313,5,,,0,70,,21318,5,,,0,30,,21314,5,,,0,70,,21319,5,,,0,30,,21315,5,,,0,70,,21306,5,,,0,30,,21316,5,,,0,70,,21317,5,,,0,31,,21320,5,,,0,70,,21321,5,,,0,30,,21322,5,,,0,70,,21323,5,,,0,30,,21324,5,,,0,70,,21325,5,,,0,30,,21326,5,,,0,69,,21327,5,,,0,30,,21328,5,,,0,70,,21329,5,,,0,28,,21330,5,,,0,70,,16417,5,,,0,30,,21331,5,,,0,65,,21332,5,,,0,30,,21333,5,,,0,70,,16421,5,,,0,29,,21334,5,0,19 2 20 21,0,170,,16423,5,0,19 2 20 21,0,35,,16424,5,0,19 2 20 21,0
22029,'1797',607,,16449,5,0,19 2 20 21,0,30,,16443,5,0,19 2 20 21,0,67,,16450,5,0,19 2 20 21,0,30,,16444,5,0,19 2 20 21,0,70,,16451,5,0,19 2 20 21,0,30,,16425,5,,,0,70,,16426,5,,,0,30,,16427,5,,,0,70,,16428,5,,,0,30,,16429,5,,,0,70,,16430,5,,,0,30,,16431,5,,,0,70,,16432,5,,,0,30,,16433,5,,,0,70,,16434,5,,,0,31,,16435,5,,,0,69,,16436,5,,,0,31,,16437,5,,,0,70,,16438,5,,,0,30,,16439,5,,,0,70,,16440,5,,,0,30,,16441,5,,,0,69,,16442,5,,,0,31,,16445,5,0,19 2 20 21,0,69,,16452,5,0,19 2 20 21,0,30,,16446,5,0,19 2 20 21,0,70,,16453,5,0,19 2 20 21,0,30,,16447,5,0,19 2 20 21,0,70,,16454,5,0,19 2 20 21,0,30,,16448,5,0,19 2 20 21,0,67,,16455,5,0,19 2 20 21,0,33,,16456,5,0,19 2 20 21,0,175,,16458,5,0,19 2 20 21,0,30,,16457,5,0,19 2 20 21,0
22029,'1798',707,,21346,5,0,19 2 20 21,0,97,,21335,5,,,0,100,,21336,5,,,0,100,,21337,5,,,0,100,,21338,5,,,0,100,,21339,5,,,0,100,,21340,5,,,0,100,,21341,5,,,0,100,,21342,5,,,0,100,,21343,5,,,0,100,,21344,5,,,0,100,,16473,5,0,19 2 20 21,0,100,,21345,5,0,19 2 20 21,0,100,,16471,5,0,19 2 20 21,0,100,,21347,5,0,19 2 20 21,0,205,,16475,5,0,19 2 20 21,0,30,,16474,5,0,19 2 20 21,0
22029,'1799',707,,21359,5,0,19 2 20 21,0,97,,21348,5,,,0,100,,21349,5,,,0,100,,21350,5,,,0,100,,21351,5,,,0,100,,21352,5,,,0,100,,21353,5,,,0,100,,21354,5,,,0,100,,21355,5,,,0,100,,21356,5,,,0,100,,21357,5,,,0,100,,16490,5,0,19 2 20 21,0,100,,21358,5,0,19 2 20 21,0,100,,16488,5,0,19 2 20 21,0,100,,21360,5,0,19 2 20 21,0,205,,16492,5,0,19 2 20 21,0,30,,16491,5,0,19 2 20 21,0
22029,'1800',707,,21372,5,0,19 2 20 21,0,97,,21361,5,,,0,100,,21362,5,,,0,100,,21363,5,,,0,100,,21364,5,,,0,100,,21365,5,,,0,100,,21366,5,,,0,100,,21367,5,,,0,100,,21368,5,,,0,100,,21369,5,,,0,100,,21370,5,,,0,100,,16507,5,0,19 2 20 21,0,100,,21371,5,0,19 2 20 21,0,100,,16505,5,0,19 2 20 21,0,100,,21373,5,0,19 2 20 21,0,205,,16509,5,0,19 2 20 21,0,30,,16508,5,0,19 2 20 21,0
601019,'1796',611,,17864,5,,,0,20,,17856,5,,,0,14,,22567,5,0,19 2 11 2 22 1 23,0,14,,17851,5,0,19 2 11 2 22 1 23,0,52,,22566,5,0,19 2 11 2 22 1 23,0,15,,17866,5,0,19 2 11 2 22 1 23,0,16,,22568,5,0,19 2 11 2 22 1 23,0,15,,17850,5,0,19 2 11 2 22 1 23,0,55,,22565,5,0,19 2 11 2 22 1 23,0,14,,17865,5,0,19 2 11 2 22 1 23,0,25,,17876,5,,,0,70,,17881,5,,,0,30,,17882,5,,,0,70,,17879,5,,,0,30,,17877,5,,,0,70,,17883,5,,,0,30,,17885,5,,,0,70,,17880,5,,,0,30,,17878,5,,,0,70,,17886,5,,,0,30,,17884,5,,,0,60,,17844,5,,,0,15,,17873,5,0,19 2 11 2 22 1 23,0,15,,17861,5,0,19 2 11 2 22 1 23,0,15,,17869,5,0,19 2 11 2 22 1 23,0,55,,17857,5,0,19 2 11 2 22 1 23,0,15,,17870,5,0,19 2 11 2 22 1 23,0,15,,17860,5,0,19 2 11 2 22 1 23,0,15,,17867,5,0,19 2 11 2 22 1 23,0,55,,17862,5,0,19 2 11 2 22 1 23,0,15,,17868,5,0,19 2 11 2 22 1 23,0,15,,17854,5,0,19 2 11 2 22 1 23,0,15,,17871,5,0,19 2 11 2 22 1 23,0,55,,17849,5,0,19 2 11 2 22 1 23,0,15,,17874,5,0,19 2 11 2 22 1 23,0,15,,17853,5,0,19 2 11 2 22 1 23,0,15,,17872,5,0,19 2 11 2 22 1 23,0,55,,17838,5,,,0,30,,17839,5,,,0,15,,17847,5,,,0,55,,17845,5,,,0,29,,17842,5,,,0,70,,17843,5,,,0,30,,17837,5,,,0,70,,17840,5,,,0,30,,17836,5,,,0,70,,17841,5,,,0,33,,17846,5,,,0
601019,'1797',614,,17903,5,,,0,30,,17921,5,,,0,70,,17902,5,,,0,30,,17920,5,,,0,70,,17901,5,,,0,30,,17919,5,,,0,70,,17900,5,,,0,30,,17918,5,,,0,70,,17898,5,,,0,30,,17916,5,,,0,70,,17899,5,,,0,30,,17917,5,,,0,70,,17897,5,,,0,30,,17915,5,,,0,70,,17888,5,,,0,30,,17914,5,,,0,70,,17896,5,,,0,30,,17913,5,,,0,70,,17894,5,,,0,30,,17912,5,,,0,70,,17889,5,,,0,30,,17910,5,,,0,70,,17891,5,,,0,30,,17911,5,,,0,70,,17895,5,,,0,30,,17909,5,,,0,69,,17890,5,,,0,30,,17908,5,,,0,70,,17893,5,,,0,30,,17907,5,,,0,70,,17892,5,,,0,30,,17906,5,,,0,70,,17887,5,,,0,30,,17905,5,,,0
601019,'1798',2243,,17922,5,,,0
601019,'1799',614,,17927,5,,,0,30,,17930,5,,,0,70,,17954,5,,,0,30,,17939,5,,,0,70,,17957,5,,,0,30,,17925,5,,,0,70,,17932,5,,,0,30,,17952,5,,,0,70,,17955,5,,,0,30,,17926,5,,,0,70,,17938,5,,,0,30,,17956,5,,,0,70,,17951,5,,,0,30,,17929,5,,,0,70,,17941,5,,,0,30,,17947,5,,,0,70,,17944,5,,,0,30,,17934,5,,,0,70,,17933,5,,,0,30,,17928,5,,,0,70,,17948,5,,,0,30,,17937,5,,,0,70,,17950,5,,,0,30,,17946,5,,,0,70,,17931,5,,,0,30,,17953,5,,,0,69,,17945,5,,,0,30,,17959,5,,,0,70,,17942,5,,,0,30,,17958,5,,,0,70,,17935,5,,,0,30,,17936,5,,,0,70,,17943,5,,,0,30,,17940,5,,,0
601019,'1800',2243,,17960,5,,,0
