1019,'1796',538,,13774,10,,,0,70,,19586,10,,,0,30,,19562,10,,,0,70,,19557,10,,,0,30,,19575,10,,,0,71,,19559,10,,,0,30,,19564,10,,,0,70,,19589,10,,,0,30,,19561,10,,,0,70,,19555,10,,,0,31,,19574,10,,,0,70,,19560,10,,,0,30,,19565,10,,,0,70,,19585,10,,,0,30,,19563,10,,,0,70,,19556,10,,,0,30,,19587,10,,,0,70,,19558,10,,,0,30,,19566,10,,,0,70,,19584,10,,,0,29,,19577,10,,,0,70,,19569,10,,,0,30,,19567,10,,,0,70,,19570,10,,,0,30,,19572,10,,,0,70,,19571,10,,,0,29,,19568,10,,,0,70,,19588,10,,,0,30,,19582,10,,,0,70,,19583,10,,,0,30,,19581,10,,,0,70,,19580,10,,,0,30,,19579,10,,,0,70,,19578,10,,,0,30,,19576,10,,,0,70,,19573,10,,,0
1019,'1797',538,,19601,10,,,0,70,,19615,10,,,0,30,,19600,10,,,0,70,,19620,10,,,0,30,,19610,10,,,0,70,,19594,10,,,0,30,,19616,10,,,0,70,,19618,10,,,0,30,,19599,10,,,0,70,,19621,10,,,0,30,,19609,10,,,0,70,,19593,10,,,0,30,,19604,10,,,0,70,,19614,10,,,0,30,,19598,10,,,0,70,,19622,10,,,0,30,,19608,10,,,0,70,,19592,10,,,0,30,,19603,10,,,0,70,,19613,10,,,0,30,,19597,10,,,0,70,,19623,10,,,0,30,,19607,10,,,0,70,,19591,10,,,0,30,,19602,10,,,0,70,,19612,10,,,0,30,,19595,10,,,0,70,,19624,10,,,0,30,,19605,10,,,0,70,,19590,10,,,0,30,,19596,10,,,0,70,,19611,10,,,0,30,,19606,10,,,0,70,,19625,10,,,0,30,,19619,10,,,0,70,,19617,10,,,0
1019,'1798',608,,19626,10,,,0,100,,19627,10,,,0,100,,19628,10,,,0,100,,19629,10,,,0,100,,19630,10,,,0,100,,19631,10,,,0,100,,19632,10,,,0,100,,19633,10,,,0,100,,19634,10,,,0,100,,19635,10,,,0,100,,19636,10,,,0,100,,19637,10,,,0,100,,19638,10,,,0,100,,19639,10,,,0,100,,19640,10,,,0,100,,19641,10,,,0,100,,19642,10,,,0,100,,19643,10,,,0
1019,'1799',608,,19644,10,,,0,100,,19645,10,,,0,100,,19646,10,,,0,100,,19647,10,,,0,100,,19648,10,,,0,100,,19649,10,,,0,100,,19650,10,,,0,100,,19651,10,,,0,100,,19652,10,,,0,100,,19653,10,,,0,100,,19654,10,,,0,100,,19655,10,,,0,100,,19656,10,,,0,100,,19657,10,,,0,100,,19658,10,,,0,100,,19659,10,,,0,100,,19660,10,,,0,100,,19661,10,,,0
1019,'1800',608,,19662,10,,,0,100,,19663,10,,,0,100,,19664,10,,,0,100,,19665,10,,,0,100,,19666,10,,,0,100,,19667,10,,,0,100,,19668,10,,,0,100,,19669,10,,,0,100,,19670,10,,,0,100,,19671,10,,,0,100,,19672,10,,,0,100,,19673,10,,,0,100,,19674,10,,,0,100,,19675,10,,,0,100,,19676,10,,,0,100,,19677,10,,,0,100,,19678,10,,,0,100,,19679,10,,,0
2019,'1796',448,,19803,10,0,5 2 13 14,0,175,,14015,19,,,0,30,,14016,19,,,0,70,,14017,19,,,0,30,,14018,19,,,0,71,,14019,19,,,0,29,,14020,19,,,0,70,,14021,19,,,0,30,,14022,19,,,0,70,,14023,19,,,0,30,,14024,19,,,0,70,,14025,19,,,0,30,,14026,19,,,0,70,,14027,19,,,0,30,,14028,19,,,0,70,,14029,19,,,0,30,,14030,19,,,0,70,,14031,19,,,0,30,,14032,19,,,0,70,,14033,19,,,0,30,,14034,19,,,0,70,,14035,19,,,0,30,,14036,19,,,0,70,,14037,19,,,0,30,,14038,19,,,0,70,,14039,19,,,0,30,,14045,19,,,0,70,,14040,19,,,0,100,,14041,19,,,0,100,,14042,19,,,0,100,,14043,19,,,0,100,,14044,19,,,0
2019,'1797',623,,14047,10,,,0,30,,14054,19,,,0,70,,14063,19,,,0,30,,14070,19,,,0,70,,14048,19,,,0,30,,14055,19,,,0,70,,14064,19,,,0,30,,14071,19,,,0,70,,14049,19,,,0,30,,14056,19,,,0,70,,14065,19,,,0,30,,14072,19,,,0,70,,14050,19,,,0,30,,14057,19,,,0,70,,14066,19,,,0,30,,14073,19,,,0,70,,14051,19,,,0,30,,14058,19,,,0,70,,14067,19,,,0,30,,14074,19,,,0,70,,14052,19,,,0,30,,14059,19,,,0,70,,14068,19,,,0,30,,14075,19,,,0,70,,14053,19,,,0,30,,14060,19,,,0,70,,14069,19,,,0,100,,14061,19,,,0,100,,14076,19,,,0,100,,14062,19,,,0,100,,14077,19,,,0
2019,'1798',653,,14105,19,,,0,70,,14082,19,,,0,30,,14086,19,,,0,70,,14098,19,,,0,30,,14093,19,,,0,70,,14083,19,,,0,30,,14087,19,,,0,70,,14099,19,,,0,30,,14094,19,,,0,70,,14084,19,,,0,30,,14088,19,,,0,70,,14100,19,,,0,30,,14095,19,,,0,70,,14085,19,,,0,30,,14089,19,,,0,70,,14101,19,,,0,30,,14096,19,,,0,70,,14080,19,,,0,30,,14090,19,,,0,70,,14102,19,,,0,30,,14097,19,,,0,70,,14078,19,,,0,30,,14091,19,,,0,70,,14103,19,,,0,100,,14079,19,,,0,100,,14104,19,,,0,100,,14081,19,,,0,100,,14092,19,,,0,99,,14106,19,,,0
2019,'1799',653,,14134,19,,,0,70,,14111,19,,,0,30,,14115,19,,,0,70,,14127,19,,,0,30,,14122,19,,,0,70,,14112,19,,,0,30,,14116,19,,,0,70,,14128,19,,,0,30,,14123,19,,,0,70,,14113,19,,,0,30,,14117,19,,,0,70,,14129,19,,,0,30,,14124,19,,,0,70,,14114,19,,,0,30,,14118,19,,,0,70,,14130,19,,,0,30,,14125,19,,,0,70,,14109,19,,,0,30,,14119,19,,,0,70,,14131,19,,,0,30,,14126,19,,,0,70,,14107,19,,,0,30,,14120,19,,,0,70,,14132,19,,,0,100,,14108,19,,,0,100,,14133,19,,,0,100,,14110,19,,,0,100,,14121,19,,,0,99,,14135,19,,,0
2019,'1800',653,,14163,19,,,0,70,,14140,19,,,0,30,,14144,19,,,0,70,,14156,19,,,0,30,,14151,19,,,0,70,,14141,19,,,0,30,,14145,19,,,0,70,,14157,19,,,0,30,,14152,19,,,0,70,,14142,19,,,0,30,,14146,19,,,0,70,,14158,19,,,0,30,,14153,19,,,0,70,,14143,19,,,0,30,,14147,19,,,0,70,,14159,19,,,0,30,,14154,19,,,0,70,,14138,19,,,0,30,,14148,19,,,0,70,,14160,19,,,0,30,,14155,19,,,0,70,,14136,19,,,0,30,,14149,19,,,0,70,,14161,19,,,0,100,,14137,19,,,0,100,,14162,19,,,0,100,,14139,19,,,0,100,,14150,19,,,0,99,,14164,19,,,0
14000001019,'1796',2418,,23379,26,,,0,30,,23377,26,,,0,70,,19496,26,,,0,30,,23378,26,,,0,70,,23376,26,,,0
14000001019,'1797',2418,,23383,26,,,0,30,,23380,26,,,0,70,,19502,26,,,0,30,,23382,26,,,0,70,,23381,26,,,0
14000001019,'1798',2418,,23386,26,,,0,30,,23385,26,,,0,70,,19504,26,,,0,30,,23387,26,,,0,70,,23384,26,,,0
14000001019,'1799',2418,,23390,26,,,0,30,,23389,26,,,0,70,,19509,26,,,0,30,,23391,26,,,0,70,,23388,26,,,0
14000001019,'1800',2418,,23394,26,,,0,30,,23393,26,,,0,70,,19514,26,,,0,30,,23395,26,,,0,70,,23392,26,,,0
