1019,'1796',538,,13774,9,,,0,70,,19586,9,,,0,30,,19562,9,,,0,70,,19557,9,,,0,30,,19575,9,,,0,70,,19559,9,,,0,30,,19564,9,,,0,70,,19589,9,,,0,30,,19561,9,,,0,70,,19555,9,,,0,31,,19574,9,,,0,70,,19560,9,,,0,30,,19565,9,,,0,70,,19585,9,,,0,30,,19563,9,,,0,70,,19556,9,,,0,30,,19587,9,,,0,70,,19558,9,,,0,30,,19566,9,,,0,70,,19584,9,,,0,29,,19577,9,,,0,70,,19569,9,,,0,30,,19567,9,,,0,70,,19570,9,,,0,30,,19572,9,,,0,70,,19571,9,,,0,30,,19568,9,,,0,70,,19588,9,,,0,30,,19582,9,,,0,70,,19583,9,,,0,30,,19581,9,,,0,70,,19580,9,,,0,30,,19579,9,,,0,70,,19578,9,,,0,30,,19576,9,,,0,70,,19573,9,,,0
1019,'1797',538,,19601,9,,,0,70,,19615,9,,,0,30,,19600,9,,,0,70,,19620,9,,,0,30,,19610,9,,,0,70,,19594,9,,,0,30,,19616,9,,,0,70,,19618,9,,,0,30,,19599,9,,,0,70,,19621,9,,,0,30,,19609,9,,,0,70,,19593,9,,,0,30,,19604,9,,,0,70,,19614,9,,,0,30,,19598,9,,,0,70,,19622,9,,,0,30,,19608,9,,,0,70,,19592,9,,,0,30,,19603,9,,,0,70,,19613,9,,,0,30,,19597,9,,,0,70,,19623,9,,,0,30,,19607,9,,,0,70,,19591,9,,,0,30,,19602,9,,,0,70,,19612,9,,,0,30,,19595,9,,,0,70,,19624,9,,,0,30,,19605,9,,,0,70,,19590,9,,,0,30,,19596,9,,,0,70,,19611,9,,,0,30,,19606,9,,,0,70,,19625,9,,,0,30,,19619,9,,,0,70,,19617,9,,,0
1019,'1798',608,,19626,9,,,0,100,,19627,9,,,0,100,,19628,9,,,0,100,,19629,9,,,0,100,,19630,9,,,0,100,,19631,9,,,0,100,,19632,9,,,0,100,,19633,9,,,0,100,,19634,9,,,0,100,,19635,9,,,0,100,,19636,9,,,0,100,,19637,9,,,0,100,,19638,9,,,0,100,,19639,9,,,0,100,,19640,9,,,0,100,,19641,9,,,0,100,,19642,9,,,0,100,,19643,9,,,0
1019,'1799',608,,19644,9,,,0,100,,19645,9,,,0,100,,19646,9,,,0,100,,19647,9,,,0,100,,19648,9,,,0,100,,19649,9,,,0,100,,19650,9,,,0,100,,19651,9,,,0,100,,19652,9,,,0,100,,19653,9,,,0,100,,19654,9,,,0,100,,19655,9,,,0,100,,19656,9,,,0,100,,19657,9,,,0,100,,19658,9,,,0,100,,19659,9,,,0,100,,19660,9,,,0,100,,19661,9,,,0
1019,'1800',608,,19662,9,,,0,100,,19663,9,,,0,100,,19664,9,,,0,100,,19665,9,,,0,100,,19666,9,,,0,100,,19667,9,,,0,100,,19668,9,,,0,100,,19669,9,,,0,100,,19670,9,,,0,100,,19671,9,,,0,100,,19672,9,,,0,100,,19673,9,,,0,100,,19674,9,,,0,100,,19675,9,,,0,100,,19676,9,,,0,100,,19677,9,,,0,100,,19678,9,,,0,100,,19679,9,,,0
2019,'1796',448,,19803,9,0,5 2 13 14,0,175,,14015,18,,,0,30,,14016,18,,,0,70,,14017,18,,,0,30,,14018,18,,,0,71,,14019,18,,,0,29,,14020,18,,,0,70,,14021,18,,,0,30,,14022,18,,,0,70,,14023,18,,,0,30,,14024,18,,,0,70,,14025,18,,,0,30,,14026,18,,,0,70,,14027,18,,,0,30,,14028,18,,,0,70,,14029,18,,,0,30,,14030,18,,,0,70,,14031,18,,,0,30,,14032,18,,,0,70,,14033,18,,,0,30,,14034,18,,,0,70,,14035,18,,,0,30,,14036,18,,,0,70,,14037,18,,,0,30,,14038,18,,,0,70,,14039,18,,,0,30,,14045,18,,,0,70,,14040,18,,,0,100,,14041,18,,,0,100,,14042,18,,,0,100,,14043,18,,,0,100,,14044,18,,,0
2019,'1797',623,,14047,9,,,0,30,,14054,18,,,0,70,,14063,18,,,0,30,,14070,18,,,0,70,,14048,18,,,0,30,,14055,18,,,0,70,,14064,18,,,0,30,,14071,18,,,0,70,,14049,18,,,0,30,,14056,18,,,0,70,,14065,18,,,0,30,,14072,18,,,0,70,,14050,18,,,0,30,,14057,18,,,0,70,,14066,18,,,0,30,,14073,18,,,0,70,,14051,18,,,0,30,,14058,18,,,0,70,,14067,18,,,0,30,,14074,18,,,0,70,,14052,18,,,0,30,,14059,18,,,0,70,,14068,18,,,0,30,,14075,18,,,0,70,,14053,18,,,0,30,,14060,18,,,0,70,,14069,18,,,0,100,,14061,18,,,0,100,,14076,18,,,0,100,,14062,18,,,0,100,,14077,18,,,0
2019,'1798',653,,14105,18,,,0,70,,14082,18,,,0,30,,14086,18,,,0,70,,14098,18,,,0,30,,14093,18,,,0,70,,14083,18,,,0,30,,14087,18,,,0,70,,14099,18,,,0,30,,14094,18,,,0,70,,14084,18,,,0,30,,14088,18,,,0,70,,14100,18,,,0,30,,14095,18,,,0,70,,14085,18,,,0,30,,14089,18,,,0,70,,14101,18,,,0,30,,14096,18,,,0,70,,14080,18,,,0,30,,14090,18,,,0,70,,14102,18,,,0,30,,14097,18,,,0,70,,14078,18,,,0,30,,14091,18,,,0,70,,14103,18,,,0,100,,14079,18,,,0,100,,14104,18,,,0,100,,14081,18,,,0,100,,14092,18,,,0,99,,14106,18,,,0
2019,'1799',653,,14134,18,,,0,70,,14111,18,,,0,30,,14115,18,,,0,70,,14127,18,,,0,30,,14122,18,,,0,70,,14112,18,,,0,30,,14116,18,,,0,70,,14128,18,,,0,30,,14123,18,,,0,70,,14113,18,,,0,30,,14117,18,,,0,70,,14129,18,,,0,30,,14124,18,,,0,70,,14114,18,,,0,30,,14118,18,,,0,70,,14130,18,,,0,30,,14125,18,,,0,70,,14109,18,,,0,30,,14119,18,,,0,70,,14131,18,,,0,30,,14126,18,,,0,70,,14107,18,,,0,30,,14120,18,,,0,70,,14132,18,,,0,100,,14108,18,,,0,100,,14133,18,,,0,100,,14110,18,,,0,100,,14121,18,,,0,99,,14135,18,,,0
2019,'1800',653,,14163,18,,,0,70,,14140,18,,,0,30,,14144,18,,,0,70,,14156,18,,,0,30,,14151,18,,,0,70,,14141,18,,,0,30,,14145,18,,,0,70,,14157,18,,,0,30,,14152,18,,,0,70,,14142,18,,,0,30,,14146,18,,,0,70,,14158,18,,,0,30,,14153,18,,,0,70,,14143,18,,,0,30,,14147,18,,,0,70,,14159,18,,,0,30,,14154,18,,,0,70,,14138,18,,,0,30,,14148,18,,,0,70,,14160,18,,,0,30,,14155,18,,,0,70,,14136,18,,,0,30,,14149,18,,,0,70,,14161,18,,,0,100,,14137,18,,,0,100,,14162,18,,,0,100,,14139,18,,,0,100,,14150,18,,,0,99,,14164,18,,,0
14000001019,'1796',2417,,23379,25,,,0,30,,23377,25,,,0,70,,19496,25,,,0,30,,23378,25,,,0,70,,23376,25,,,0
14000001019,'1797',2417,,23383,25,,,0,30,,23380,25,,,0,70,,19502,25,,,0,30,,23382,25,,,0,70,,23381,25,,,0
14000001019,'1798',2417,,23386,25,,,0,30,,23385,25,,,0,70,,19504,25,,,0,30,,23387,25,,,0,70,,23384,25,,,0
14000001019,'1799',2417,,23390,25,,,0,30,,23389,25,,,0,70,,19509,25,,,0,30,,23391,25,,,0,70,,23388,25,,,0
14000001019,'1800',2417,,23394,25,,,0,30,,23393,25,,,0,70,,19514,25,,,0,30,,23395,25,,,0,70,,23392,25,,,0
