2029,'1796',527,,14191,9,,,0,27,,14165,24,,,0,70,,14166,24,,,0,30,,14167,24,,,0,68,,14168,24,,,0,30,,14169,24,,,0,70,,14170,24,,,0,30,,14171,24,,,0,70,,14172,24,,,0,30,,14173,24,,,0,70,,14174,24,,,0,30,,14175,24,,,0,70,,14176,24,,,0,30,,14177,24,,,0,70,,14178,24,,,0,30,,14179,24,,,0,70,,14180,24,,,0,30,,14181,24,,,0,70,,14182,24,,,0,30,,14183,24,,,0,69,,14184,24,,,0,30,,14185,24,,,0,70,,14186,24,,,0,31,,14187,24,,,0,70,,14188,24,,,0,29,,14189,24,,,0,70,,14190,24,,,0,30,,14194,24,,,0,70,,14195,24,,,0,100,,14196,24,,,0,100,,14197,24,,,0,100,,14193,24,,,0
2029,'1797',554,,14231,24,0,5 2 15 16 17,0,70,,14214,24,,,0,30,,14221,24,,,0,68,,14200,24,,,0,30,,14206,24,,,0,70,,14215,24,,,0,30,,14222,24,,,0,70,,14201,24,,,0,30,,14207,24,,,0,70,,14216,24,,,0,30,,14223,24,,,0,70,,14202,24,,,0,30,,14208,24,,,0,70,,14217,24,,,0,30,,14224,24,,,0,70,,14203,24,,,0,30,,14209,24,,,0,70,,14218,24,,,0,30,,14225,24,,,0,70,,14204,24,,,0,30,,14210,24,,,0,70,,14219,24,,,0,30,,14226,24,,,0,70,,14205,24,,,0,30,,14211,24,,,0,70,,14220,24,,,0,30,,14227,24,,,0,69,,14212,24,,,0,100,,14228,24,,,0,100,,14213,24,,,0,100,,14229,24,,,0
2029,'1798',624,,14235,24,,,0,30,,14243,24,,,0,68,,14254,24,,,0,30,,14249,24,,,0,70,,14236,24,,,0,30,,14244,24,,,0,70,,14255,24,,,0,30,,14250,24,,,0,70,,14237,24,,,0,30,,14245,24,,,0,70,,14256,24,,,0,30,,14251,24,,,0,70,,14238,24,,,0,30,,14246,24,,,0,70,,14257,24,,,0,30,,14252,24,,,0,70,,14239,24,,,0,30,,14247,24,,,0,70,,14258,24,,,0,30,,14253,24,,,0,70,,14240,24,,,0,30,,14248,24,,,0,70,,14259,24,,,0,100,,14241,24,,,0,99,,14260,24,,,0,100,,14242,24,,,0,100,,14261,24,,,0,100,,14234,24,,,0
2029,'1799',624,,14267,24,,,0,30,,14275,24,,,0,68,,14286,24,,,0,30,,14281,24,,,0,70,,14268,24,,,0,30,,14276,24,,,0,70,,14287,24,,,0,30,,14282,24,,,0,70,,14269,24,,,0,30,,14277,24,,,0,70,,14288,24,,,0,30,,14283,24,,,0,70,,14270,24,,,0,30,,14278,24,,,0,70,,14289,24,,,0,30,,14284,24,,,0,70,,14271,24,,,0,30,,14279,24,,,0,70,,14290,24,,,0,30,,14285,24,,,0,70,,14272,24,,,0,30,,14280,24,,,0,70,,14291,24,,,0,100,,14273,24,,,0,99,,14292,24,,,0,100,,14274,24,,,0,100,,14293,24,,,0,100,,14266,24,,,0
2029,'1800',624,,14299,24,,,0,30,,14307,24,,,0,68,,14318,24,,,0,30,,14313,24,,,0,70,,14300,24,,,0,30,,14308,24,,,0,70,,14319,24,,,0,30,,14314,24,,,0,70,,14301,24,,,0,30,,14309,24,,,0,70,,14320,24,,,0,30,,14315,24,,,0,70,,14302,24,,,0,30,,14310,24,,,0,70,,14321,24,,,0,30,,14316,24,,,0,70,,14303,24,,,0,30,,14311,24,,,0,70,,14322,24,,,0,30,,14317,24,,,0,70,,14304,24,,,0,30,,14312,24,,,0,70,,14323,24,,,0,100,,14305,24,,,0,99,,14324,24,,,0,100,,14306,24,,,0,100,,14325,24,,,0,100,,14298,24,,,0
701019,'1796',551,,18178,6,,,0,70,,22624,6,,,0,18,,18189,6,,,0,16,,22625,6,,,0,66,,18188,6,,,0,18,,18181,6,,,0,65,,18182,6,,,0,13,,22626,6,,,0,20,,18184,6,,,0,71,,18151,6,,,0,30,,18195,6,,,0,70,,18152,6,,,0,30,,18153,6,,,0,70,,22610,6,,,0,30,,18155,6,,,0,70,,22611,6,,,0,30,,18157,6,,,0,70,,22612,6,,,0,30,,22613,6,,,0,68,,22614,6,,,0,29,,22615,6,,,0,17,,18193,6,0,5 2 11 2 12,0,66,,22616,6,,,0,20,,22628,6,,,0,19,,18192,6,0,5 2 11 2 12,0,61,,22617,6,,,0,20,,22618,6,,,0,21,,22630,6,0,5 2 11 2 12,0,60,,22627,6,,,0,20,,22623,6,,,0,64,,22622,6,,,0,20,,22621,6,,,0,15,,18165,6,,,0,70,,18166,6,,,0,30,,22619,6,,,0,70,,18168,6,,,0,30,,18169,6,,,0,70,,18170,6,,,0,30,,18171,6,,,0,69,,18172,6,,,0,30,,18173,6,,,0,70,,22620,6,,,0,25,,18191,6,,,0
701019,'1797',611,,18264,6,,,0,28,,22650,6,,,0,69,,18257,6,,,0,30,,18243,6,,,0,70,,22674,6,,,0,30,,18253,6,,,0,70,,18258,6,,,0,30,,22671,6,,,0,70,,18249,6,,,0,30,,22678,6,,,0,70,,22681,6,,,0,30,,18245,6,,,0,71,,22675,6,,,0,30,,22679,6,,,0,70,,22682,6,,,0,30,,22672,6,,,0,70,,22676,6,,,0,30,,22680,6,,,0,70,,22683,6,,,0,30,,22673,6,,,0,70,,22677,6,,,0,30,,22685,6,,,0,69,,22631,6,,,0,30,,22641,6,,,0,70,,22651,6,,,0,30,,22661,6,,,0,70,,22632,6,,,0,30,,22642,6,,,0,70,,22652,6,,,0,30,,22662,6,,,0,70,,22633,6,,,0,30,,22643,6,,,0,69,,22653,6,,,0,30,,22663,6,,,0,70,,22634,6,,,0,25,,22698,6,,,0
701019,'1798',611,,22724,6,,,0,28,,22751,6,,,0,69,,22742,6,,,0,30,,22721,6,,,0,70,,22743,6,,,0,30,,22725,6,,,0,70,,22720,6,,,0,30,,18371,6,,,0,70,,22728,6,,,0,30,,22717,6,,,0,70,,22746,6,,,0,30,,18348,6,,,0,71,,22716,6,,,0,30,,18368,6,,,0,70,,18352,6,,,0,30,,22714,6,,,0,70,,22745,6,,,0,30,,22729,6,,,0,70,,22712,6,,,0,30,,22744,6,,,0,70,,22726,6,,,0,30,,22710,6,,,0,69,,22747,6,,,0,30,,22734,6,,,0,70,,22707,6,,,0,30,,22758,6,,,0,70,,22736,6,,,0,30,,22705,6,,,0,70,,22754,6,,,0,30,,22738,6,,,0,70,,22702,6,,,0,30,,22750,6,,,0,69,,22737,6,,,0,30,,22704,6,,,0,70,,22753,6,,,0,25,,22765,6,,,0
701019,'1799',611,,22791,6,,,0,28,,22818,6,,,0,69,,22809,6,,,0,30,,22788,6,,,0,70,,22810,6,,,0,30,,22792,6,,,0,70,,22787,6,,,0,30,,18470,6,,,0,70,,22795,6,,,0,30,,22784,6,,,0,70,,22813,6,,,0,30,,18447,6,,,0,71,,22783,6,,,0,30,,18467,6,,,0,70,,18451,6,,,0,30,,22781,6,,,0,70,,22812,6,,,0,30,,22796,6,,,0,70,,22779,6,,,0,30,,22811,6,,,0,70,,22793,6,,,0,30,,22777,6,,,0,69,,22814,6,,,0,30,,22801,6,,,0,70,,22774,6,,,0,30,,22825,6,,,0,70,,22803,6,,,0,30,,22772,6,,,0,70,,22821,6,,,0,30,,22805,6,,,0,70,,22769,6,,,0,30,,22817,6,,,0,69,,22804,6,,,0,30,,22771,6,,,0,70,,22820,6,,,0,25,,22832,6,,,0
701019,'1800',611,,22858,6,,,0,28,,22885,6,,,0,69,,22876,6,,,0,30,,22855,6,,,0,70,,22877,6,,,0,30,,22859,6,,,0,70,,22854,6,,,0,30,,18569,6,,,0,70,,22862,6,,,0,30,,22851,6,,,0,70,,22880,6,,,0,30,,18546,6,,,0,71,,22850,6,,,0,30,,18566,6,,,0,70,,18550,6,,,0,30,,22848,6,,,0,70,,22879,6,,,0,30,,22863,6,,,0,70,,22846,6,,,0,30,,22878,6,,,0,70,,22860,6,,,0,30,,22844,6,,,0,69,,22881,6,,,0,30,,22868,6,,,0,70,,22841,6,,,0,30,,22892,6,,,0,70,,22870,6,,,0,30,,22839,6,,,0,70,,22888,6,,,0,30,,22872,6,,,0,70,,22836,6,,,0,30,,22884,6,,,0,69,,22871,6,,,0,30,,22838,6,,,0,70,,22887,6,,,0,25,,22899,6,,,0
20002019,'1798',1007,,23316,9,,,0
20002019,'1799',1007,,23317,9,,,0
20002019,'1800',1007,,23318,9,,,0
14000001029,'1796',434,,19519,9,0,18 7,0,102,,23396,9,0,18 7,0,1812,,23398,9,,,0,68,,19523,9,,,0,30,,23400,9,,,0,70,,23397,9,,,0,30,,19524,9,,,0,70,,23399,9,,,0
14000001029,'1797',536,,19531,9,0,18 7,0,1812,,23404,9,,,0,68,,19528,9,,,0,30,,23401,9,,,0,70,,23402,9,,,0,30,,19532,9,,,0,70,,23403,9,,,0
14000001029,'1798',536,,23409,9,0,18 7,0,1812,,23405,9,,,0,68,,19538,9,,,0,30,,23408,9,,,0,70,,23407,9,,,0,30,,19537,9,,,0,70,,23406,9,,,0
14000001029,'1799',536,,23414,9,0,18 7,0,1812,,23410,9,,,0,68,,19545,9,,,0,30,,23413,9,,,0,70,,23412,9,,,0,30,,19544,9,,,0,70,,23411,9,,,0
14000001029,'1800',536,,23419,9,0,18 7,0,1812,,23415,9,,,0,68,,19552,9,,,0,30,,23418,9,,,0,70,,23417,9,,,0,30,,19551,9,,,0,70,,23416,9,,,0
