1019,'1796',602,,13774,39,,,0,30,,19586,39,,,0,70,,19562,39,,,0,31,,19557,39,,,0,71,,19575,39,,,0,31,,19559,39,,,0,70,,19564,39,,,0,29,,19589,39,,,0,70,,19561,39,,,0,30,,19555,39,,,0,71,,19574,39,,,0,30,,19560,39,,,0,70,,19565,39,,,0,30,,19585,39,,,0,70,,19563,39,,,0,31,,19556,39,,,0,70,,19587,39,,,0,32,,19558,39,,,0,70,,19566,39,,,0,30,,19584,39,,,0,69,,19577,39,,,0,30,,19569,39,,,0,70,,19567,39,,,0,28,,19570,39,,,0,70,,19572,39,,,0,29,,19571,39,,,0,69,,19568,39,,,0,30,,19588,39,,,0,70,,19582,39,,,0,30,,19583,39,,,0,70,,19581,39,,,0,29,,19580,39,,,0,74,,19579,39,,,0,30,,19578,39,,,0,70,,19576,39,,,0,25,,19573,39,,,0
1019,'1797',601,,19601,39,,,0,30,,19615,39,,,0,70,,19600,39,,,0,30,,19620,39,,,0,71,,19610,39,,,0,30,,19594,39,,,0,70,,19616,39,,,0,30,,19618,39,,,0,70,,19599,39,,,0,30,,19621,39,,,0,70,,19609,39,,,0,31,,19593,39,,,0,70,,19604,39,,,0,30,,19614,39,,,0,70,,19598,39,,,0,30,,19622,39,,,0,70,,19608,39,,,0,30,,19592,39,,,0,70,,19603,39,,,0,30,,19613,39,,,0,70,,19597,39,,,0,30,,19623,39,,,0,70,,19607,39,,,0,30,,19591,39,,,0,70,,19602,39,,,0,30,,19612,39,,,0,69,,19595,39,,,0,30,,19624,39,,,0,70,,19605,39,,,0,30,,19590,39,,,0,70,,19596,39,,,0,30,,19611,39,,,0,73,,19606,39,,,0,29,,19625,39,,,0,70,,19619,39,,,0,25,,19617,39,,,0
1019,'1798',631,,19626,39,,,0,100,,19627,39,,,0,101,,19628,39,,,0,100,,19629,39,,,0,100,,19630,39,,,0,101,,19631,39,,,0,100,,19632,39,,,0,100,,19633,39,,,0,100,,19634,39,,,0,100,,19635,39,,,0,100,,19636,39,,,0,100,,19637,39,,,0,100,,19638,39,,,0,99,,19639,39,,,0,100,,19640,39,,,0,100,,19641,39,,,0,102,,19642,39,,,0,95,,19643,39,,,0
1019,'1799',631,,19644,39,,,0,100,,19645,39,,,0,101,,19646,39,,,0,100,,19647,39,,,0,100,,19648,39,,,0,101,,19649,39,,,0,100,,19650,39,,,0,100,,19651,39,,,0,100,,19652,39,,,0,100,,19653,39,,,0,100,,19654,39,,,0,100,,19655,39,,,0,100,,19656,39,,,0,99,,19657,39,,,0,100,,19658,39,,,0,100,,19659,39,,,0,102,,19660,39,,,0,95,,19661,39,,,0
1019,'1800',631,,19662,39,,,0,100,,19663,39,,,0,101,,19664,39,,,0,100,,19665,39,,,0,100,,19666,39,,,0,101,,19667,39,,,0,100,,19668,39,,,0,100,,19669,39,,,0,100,,19670,39,,,0,100,,19671,39,,,0,100,,19672,39,,,0,100,,19673,39,,,0,100,,19674,39,,,0,99,,19675,39,,,0,100,,19676,39,,,0,100,,19677,39,,,0,102,,19678,39,,,0,95,,19679,39,,,0
7029,'1796',518,,15002,19,,,0,103,,15003,19,,,0,28,,20395,19,,,0,72,,15005,19,,,0,30,,15006,19,,,0,71,,15007,19,,,0,29,,20396,19,,,0,70,,20397,19,,,0,30,,20398,19,,,0,70,,20399,19,,,0,30,,20400,19,,,0,70,,20401,19,,,0,30,,15014,19,,,0,70,,20392,19,,,0,30,,20393,19,,,0,70,,20394,19,,,0,31,,20391,19,,,0,70,,14996,19,,,0,31,,15001,19,,,0,70,,20402,19,,,0,30,,20403,19,,,0,70,,20404,19,,,0,28,,15018,19,,,0,70,,20405,19,,,0,30,,15020,19,,,0,70,,15021,19,,,0,30,,20406,19,,,0,70,,20407,19,,,0,30,,20408,19,,,0,69,,15025,19,,,0,101,,15026,19,,,0,99,,15027,19,,,0,100,,15028,19,,,0
7029,'1797',621,,15060,8,,,0,29,,20409,19,,,0,70,,20420,19,,,0,30,,20410,19,,,0,70,,20421,19,,,0,30,,20411,19,,,0,70,,15045,19,,,0,30,,20412,19,,,0,70,,20422,19,,,0,30,,20413,19,,,0,70,,20423,19,,,0,30,,15034,19,,,0,70,,15048,19,,,0,30,,20414,19,,,0,70,,20424,19,,,0,30,,15036,19,,,0,71,,20425,19,,,0,30,,15037,19,,,0,70,,15051,19,,,0,30,,20415,19,,,0,69,,20426,19,,,0,30,,20416,19,,,0,70,,20427,19,,,0,30,,20417,19,,,0,70,,15054,19,,,0,30,,20418,19,,,0,70,,20428,19,,,0,30,,20419,19,,,0,70,,20429,19,,,0,100,,15057,19,,,0,100,,15058,19,,,0,100,,15059,19,,,0
7029,'1798',720,,15063,19,,,0,100,,15064,19,,,0,100,,20432,19,,,0,100,,15066,19,,,0,100,,15067,19,,,0,100,,20433,19,,,0,100,,15069,19,,,0,101,,15070,19,,,0,100,,20434,19,,,0,99,,15072,19,,,0,100,,15073,19,,,0,100,,20435,19,,,0,100,,15075,19,,,0,100,,15076,19,,,0,100,,20431,19,,,0
7029,'1799',720,,15079,19,,,0,100,,15080,19,,,0,100,,20438,19,,,0,100,,15082,19,,,0,100,,15083,19,,,0,100,,20439,19,,,0,100,,15085,19,,,0,101,,15086,19,,,0,100,,20440,19,,,0,99,,15088,19,,,0,100,,15089,19,,,0,100,,20441,19,,,0,100,,15091,19,,,0,100,,15092,19,,,0,100,,20437,19,,,0
7029,'1800',720,,15095,19,,,0,100,,15096,19,,,0,100,,20444,19,,,0,100,,15098,19,,,0,100,,15099,19,,,0,100,,20445,19,,,0,100,,15101,19,,,0,101,,15102,19,,,0,100,,20446,19,,,0,99,,15104,19,,,0,100,,15105,19,,,0,100,,20447,19,,,0,100,,15107,19,,,0,100,,15108,19,,,0,100,,20443,19,,,0
