7019,'1796',557,,14820,31,4,,0
10019,'1796',555,,15127,11,4,,0,100,,15122,37,4,,0,100,,20449,37,4,,0,100,,20458,37,4,,0,100,,20459,37,4,,0,100,,20460,37,4,,0,100,,20457,37,4,,0,100,,20456,37,4,,0,100,,20455,37,4,,0,100,,20454,37,4,,0,100,,20453,37,4,,0,100,,15116,37,4,,0,100,,15115,37,4,,0,100,,20452,37,4,,0,100,,15126,37,4,,0,100,,15112,37,4,,0,100,,20451,37,4,,0,100,,20450,37,4,,0
10019,'1797',555,,20461,11,4,,0,100,,15144,11,4,,0,100,,15135,37,4,,0,100,,15128,37,4,,0,100,,15136,37,4,,0,100,,15129,37,4,,0,100,,15137,37,4,,0,100,,15130,37,4,,0,100,,15138,37,4,,0,100,,15131,37,4,,0,100,,15139,37,4,,0,100,,15132,37,4,,0,100,,15140,37,4,,0,100,,15133,37,4,,0,100,,15141,37,4,,0,100,,15134,37,4,,0,100,,15142,37,4,,0
10019,'1798',855,,15156,11,4,,0,100,,15153,37,4,,0,100,,15155,37,4,,0,100,,15146,37,4,,0,100,,15148,37,4,,0,100,,15150,37,4,,0,100,,15152,37,4,,0,100,,15154,37,4,,0,100,,15145,37,4,,0,100,,15147,37,4,,0,100,,15149,37,4,,0,100,,15151,37,4,,0
10019,'1799',855,,15168,11,4,,0,100,,15165,37,4,,0,100,,15167,37,4,,0,100,,15158,37,4,,0,100,,15160,37,4,,0,100,,15162,37,4,,0,100,,15164,37,4,,0,100,,15166,37,4,,0,100,,15157,37,4,,0,100,,15159,37,4,,0,100,,15161,37,4,,0,100,,15163,37,4,,0
10019,'1800',855,,15180,11,4,,0,100,,15177,37,4,,0,100,,15179,37,4,,0,100,,15170,37,4,,0,100,,15172,37,4,,0,100,,15174,37,4,,0,100,,15176,37,4,,0,100,,15178,37,4,,0,100,,15169,37,4,,0,100,,15171,37,4,,0,100,,15173,37,4,,0,100,,15175,37,4,,0
10029,'1796',555,,15190,1,,,0,100,,20469,1,,,0,100,,20468,1,,,0,100,,20470,1,,,0,100,,20467,1,,,0,100,,20466,1,,,0,100,,20465,1,,,0,100,,20463,1,,,0,100,,20462,1,,,0,100,,20464,1,,,0,100,,15183,1,,,0,100,,15181,1,,,0,100,,20471,1,,,0,100,,15194,1,,,0,100,,15195,1,,,0,100,,20472,1,,,0,100,,20473,1,,,0,100,,20474,1,0,27 28 1 29,0,100,,15198,1,0,27 28 1 29,0
10029,'1797',655,,15214,1,,,0,100,,15207,1,,,0,100,,15200,1,,,0,100,,15208,1,,,0,100,,15201,1,,,0,100,,15209,1,,,0,100,,15202,1,,,0,100,,15210,1,,,0,100,,15203,1,,,0,100,,15211,1,,,0,100,,15204,1,,,0,100,,15212,1,,,0,100,,15205,1,,,0,100,,15213,1,,,0,100,,15206,1,,,0,100,,15216,1,0,27 28 1 29,0,200,,20475,1,0,27 28 1 29,0
10029,'1798',855,,15221,1,,,0,100,,15227,1,,,0,100,,15220,1,,,0,100,,15225,1,,,0,100,,15218,1,,,0,100,,15223,1,,,0,100,,15224,1,,,0,100,,15226,1,,,0,100,,15219,1,,,0,100,,15217,1,,,0,100,,15222,1,,,0,100,,15228,1,0,27 28 1 29,0
10029,'1799',855,,15233,1,,,0,100,,15239,1,,,0,100,,15232,1,,,0,100,,15237,1,,,0,100,,15230,1,,,0,100,,15235,1,,,0,100,,15236,1,,,0,100,,15238,1,,,0,100,,15231,1,,,0,100,,15229,1,,,0,100,,15234,1,,,0,100,,15240,1,0,27 28 1 29,0
10029,'1800',855,,15245,1,,,0,100,,15251,1,,,0,100,,15244,1,,,0,100,,15249,1,,,0,100,,15242,1,,,0,100,,15247,1,,,0,100,,15248,1,,,0,100,,15250,1,,,0,100,,15243,1,,,0,100,,15241,1,,,0,100,,15246,1,,,0,100,,15252,1,0,27 28 1 29,0
11029,'1796',705,,20536,1,,,0,100,,20537,1,,,0,100,,20538,1,,,0,100,,20539,1,,,0,100,,15328,1,,,0,100,,20540,1,,,0,100,,15330,1,,,0,98,,20541,1,,,0,100,,20542,1,,,0,100,,15333,1,,,0,100,,15334,1,,,0,102,,20543,1,,,0,100,,15336,1,,,0,100,,20544,1,,,0,100,,20535,1,,,0
11029,'1797',705,,20557,1,,,0,100,,20547,1,,,0,100,,20548,1,,,0,100,,20549,1,,,0,100,,20550,1,,,0,100,,20551,1,,,0,100,,15345,1,,,0,100,,20552,1,,,0,100,,15347,1,,,0,100,,15348,1,,,0,100,,20553,1,,,0,100,,20554,1,,,0,100,,20555,1,,,0,100,,20556,1,,,0
11029,'1798',805,,20558,1,,,0,100,,20559,1,,,0,100,,20560,1,,,0,100,,20561,1,,,0,100,,20562,1,,,0,100,,20563,1,,,0,100,,20564,1,,,0,100,,20565,1,,,0,100,,20566,1,,,0,100,,20567,1,,,0,100,,20568,1,,,0,100,,20569,1,,,0,100,,15366,1,,,0
11029,'1799',805,,20570,1,,,0,100,,20571,1,,,0,100,,20572,1,,,0,100,,20573,1,,,0,100,,20574,1,,,0,100,,20575,1,,,0,100,,20576,1,,,0,100,,20577,1,,,0,100,,20578,1,,,0,100,,20579,1,,,0,100,,20580,1,,,0,100,,20581,1,,,0,100,,15379,1,,,0
11029,'1800',805,,20582,1,,,0,100,,20583,1,,,0,100,,20584,1,,,0,100,,20585,1,,,0,100,,20586,1,,,0,100,,20587,1,,,0,100,,20588,1,,,0,100,,20589,1,,,0,100,,20590,1,,,0,100,,20591,1,,,0,100,,20592,1,,,0,100,,20593,1,,,0,100,,15392,1,,,0
