1019,'1796',603,,13774,41,,,0,30,,19586,41,,,0,70,,19562,41,,,0,31,,19557,41,,,0,71,,19575,41,,,0,31,,19559,41,,,0,70,,19564,41,,,0,29,,19589,41,,,0,70,,19561,41,,,0,30,,19555,41,,,0,71,,19574,41,,,0,30,,19560,41,,,0,70,,19565,41,,,0,30,,19585,41,,,0,70,,19563,41,,,0,31,,19556,41,,,0,70,,19587,41,,,0,32,,19558,41,,,0,70,,19566,41,,,0,30,,19584,41,,,0,69,,19577,41,,,0,30,,19569,41,,,0,70,,19567,41,,,0,28,,19570,41,,,0,70,,19572,41,,,0,29,,19571,41,,,0,69,,19568,41,,,0,30,,19588,41,,,0,70,,19582,41,,,0,30,,19583,41,,,0,70,,19581,41,,,0,29,,19580,41,,,0,74,,19579,41,,,0,30,,19578,41,,,0,70,,19576,41,,,0,25,,19573,41,,,0
1019,'1797',602,,19601,41,,,0,30,,19615,41,,,0,70,,19600,41,,,0,30,,19620,41,,,0,71,,19610,41,,,0,30,,19594,41,,,0,70,,19616,41,,,0,30,,19618,41,,,0,70,,19599,41,,,0,30,,19621,41,,,0,70,,19609,41,,,0,31,,19593,41,,,0,70,,19604,41,,,0,30,,19614,41,,,0,70,,19598,41,,,0,30,,19622,41,,,0,70,,19608,41,,,0,30,,19592,41,,,0,70,,19603,41,,,0,30,,19613,41,,,0,70,,19597,41,,,0,30,,19623,41,,,0,70,,19607,41,,,0,30,,19591,41,,,0,70,,19602,41,,,0,30,,19612,41,,,0,69,,19595,41,,,0,30,,19624,41,,,0,70,,19605,41,,,0,30,,19590,41,,,0,70,,19596,41,,,0,30,,19611,41,,,0,73,,19606,41,,,0,29,,19625,41,,,0,70,,19619,41,,,0,25,,19617,41,,,0
1019,'1798',632,,19626,41,,,0,100,,19627,41,,,0,101,,19628,41,,,0,100,,19629,41,,,0,100,,19630,41,,,0,101,,19631,41,,,0,100,,19632,41,,,0,100,,19633,41,,,0,100,,19634,41,,,0,100,,19635,41,,,0,100,,19636,41,,,0,100,,19637,41,,,0,100,,19638,41,,,0,99,,19639,41,,,0,100,,19640,41,,,0,100,,19641,41,,,0,102,,19642,41,,,0,95,,19643,41,,,0
1019,'1799',632,,19644,41,,,0,100,,19645,41,,,0,101,,19646,41,,,0,100,,19647,41,,,0,100,,19648,41,,,0,101,,19649,41,,,0,100,,19650,41,,,0,100,,19651,41,,,0,100,,19652,41,,,0,100,,19653,41,,,0,100,,19654,41,,,0,100,,19655,41,,,0,100,,19656,41,,,0,99,,19657,41,,,0,100,,19658,41,,,0,100,,19659,41,,,0,102,,19660,41,,,0,95,,19661,41,,,0
1019,'1800',632,,19662,41,,,0,100,,19663,41,,,0,101,,19664,41,,,0,100,,19665,41,,,0,100,,19666,41,,,0,101,,19667,41,,,0,100,,19668,41,,,0,100,,19669,41,,,0,100,,19670,41,,,0,100,,19671,41,,,0,100,,19672,41,,,0,100,,19673,41,,,0,100,,19674,41,,,0,99,,19675,41,,,0,100,,19676,41,,,0,100,,19677,41,,,0,102,,19678,41,,,0,95,,19679,41,,,0
7029,'1796',519,,15002,21,,,0,103,,15003,21,,,0,29,,20395,21,,,0,72,,15005,21,,,0,30,,15006,21,,,0,70,,15007,21,,,0,30,,20396,21,,,0,70,,20397,21,,,0,30,,20398,21,,,0,70,,20399,21,,,0,30,,20400,21,,,0,70,,20401,21,,,0,30,,15014,21,,,0,70,,20392,21,,,0,30,,20393,21,,,0,70,,20394,21,,,0,31,,20391,21,,,0,70,,14996,21,,,0,31,,15001,21,,,0,69,,20402,21,,,0,30,,20403,21,,,0,70,,20404,21,,,0,29,,15018,21,,,0,70,,20405,21,,,0,29,,15020,21,,,0,70,,15021,21,,,0,30,,20406,21,,,0,70,,20407,21,,,0,30,,20408,21,,,0,69,,15025,21,,,0,101,,15026,21,,,0,99,,15027,21,,,0,100,,15028,21,,,0
7029,'1797',622,,15060,10,,,0,29,,20409,21,,,0,70,,20420,21,,,0,30,,20410,21,,,0,70,,20421,21,,,0,30,,20411,21,,,0,70,,15045,21,,,0,30,,20412,21,,,0,70,,20422,21,,,0,30,,20413,21,,,0,70,,20423,21,,,0,30,,15034,21,,,0,70,,15048,21,,,0,30,,20414,21,,,0,70,,20424,21,,,0,30,,15036,21,,,0,71,,20425,21,,,0,30,,15037,21,,,0,70,,15051,21,,,0,30,,20415,21,,,0,69,,20426,21,,,0,30,,20416,21,,,0,70,,20427,21,,,0,30,,20417,21,,,0,70,,15054,21,,,0,30,,20418,21,,,0,70,,20428,21,,,0,30,,20419,21,,,0,70,,20429,21,,,0,100,,15057,21,,,0,100,,15058,21,,,0,100,,15059,21,,,0
7029,'1798',721,,15063,21,,,0,100,,15064,21,,,0,100,,20432,21,,,0,100,,15066,21,,,0,100,,15067,21,,,0,100,,20433,21,,,0,100,,15069,21,,,0,101,,15070,21,,,0,100,,20434,21,,,0,99,,15072,21,,,0,100,,15073,21,,,0,100,,20435,21,,,0,100,,15075,21,,,0,100,,15076,21,,,0,100,,20431,21,,,0
7029,'1799',721,,15079,21,,,0,100,,15080,21,,,0,100,,20438,21,,,0,100,,15082,21,,,0,100,,15083,21,,,0,100,,20439,21,,,0,100,,15085,21,,,0,101,,15086,21,,,0,100,,20440,21,,,0,99,,15088,21,,,0,100,,15089,21,,,0,100,,20441,21,,,0,100,,15091,21,,,0,100,,15092,21,,,0,100,,20437,21,,,0
7029,'1800',721,,15095,21,,,0,100,,15096,21,,,0,100,,20444,21,,,0,100,,15098,21,,,0,100,,15099,21,,,0,100,,20445,21,,,0,100,,15101,21,,,0,101,,15102,21,,,0,100,,20446,21,,,0,99,,15104,21,,,0,100,,15105,21,,,0,100,,20447,21,,,0,100,,15107,21,,,0,100,,15108,21,,,0,100,,20443,21,,,0
