1029,'1796',555,,19689,9,,,0,71,,13901,9,,,0,26,,19709,9,,,0,69,,19686,9,,,0,30,,19681,9,,,0,70,,19713,9,,,0,29,,19684,9,,,0,72,,19690,9,,,0,30,,19708,9,,,0,70,,19688,9,,,0,30,,19680,9,,,0,70,,19712,9,,,0,30,,19685,9,,,0,70,,19691,9,,,0,30,,19707,9,,,0,70,,19687,9,,,0,30,,19682,9,,,0,70,,19710,9,,,0,32,,19683,9,,,0,70,,19692,9,,,0,30,,19706,9,,,0,69,,19695,9,,,0,30,,19694,9,,,0,70,,19693,9,,,0,33,,19699,9,,,0,70,,19698,9,,,0,30,,19697,9,,,0,70,,19696,9,,,0,30,,19711,9,,,0,70,,19705,9,,,0,30,,19704,9,,,0,70,,19703,9,,,0,30,,19702,9,,,0,70,,19701,9,,,0,25,,19700,9,,,0
1029,'1797',558,,19719,9,,,0,68,,19731,9,,,0,30,,19738,9,,,0,70,,19726,9,,,0,30,,19747,9,,,0,70,,19735,9,,,0,30,,19718,9,,,0,70,,19730,9,,,0,30,,19741,9,,,0,70,,19725,9,,,0,30,,19748,9,,,0,70,,19734,9,,,0,30,,19717,9,,,0,70,,19729,9,,,0,30,,19740,9,,,0,70,,19724,9,,,0,30,,19720,9,,,0,70,,19733,9,,,0,30,,19716,9,,,0,70,,19728,9,,,0,30,,19736,9,,,0,70,,19723,9,,,0,30,,19745,9,,,0,70,,19732,9,,,0,30,,19715,9,,,0,70,,19727,9,,,0,30,,19739,9,,,0,70,,19721,9,,,0,30,,19743,9,,,0,70,,19742,9,,,0,30,,19714,9,,,0,70,,19722,9,,,0,29,,19737,9,,,0,70,,19746,9,,,0,30,,19744,9,,,0
1029,'1798',558,,19749,9,,,0,98,,19750,9,,,0,100,,19751,9,,,0,100,,19752,9,,,0,100,,19753,9,,,0,100,,19754,9,,,0,100,,19755,9,,,0,100,,19756,9,,,0,100,,19757,9,,,0,100,,19758,9,,,0,100,,19759,9,,,0,100,,19760,9,,,0,100,,19761,9,,,0,100,,19762,9,,,0,100,,19763,9,,,0,100,,19764,9,,,0,99,,19765,9,,,0,100,,19766,9,,,0
1029,'1799',558,,19767,9,,,0,98,,19768,9,,,0,100,,19769,9,,,0,100,,19770,9,,,0,100,,19771,9,,,0,100,,19772,9,,,0,100,,19773,9,,,0,100,,19774,9,,,0,100,,19775,9,,,0,100,,19776,9,,,0,100,,19777,9,,,0,100,,19778,9,,,0,100,,19779,9,,,0,100,,19780,9,,,0,100,,19781,9,,,0,100,,19782,9,,,0,99,,19783,9,,,0,100,,19784,9,,,0
1029,'1800',558,,19785,9,,,0,98,,19786,9,,,0,100,,19787,9,,,0,100,,19788,9,,,0,100,,19789,9,,,0,100,,19790,9,,,0,100,,19791,9,,,0,100,,19792,9,,,0,100,,19793,9,,,0,100,,19794,9,,,0,100,,19795,9,,,0,100,,19796,9,,,0,100,,19797,9,,,0,100,,19798,9,,,0,100,,19799,9,,,0,100,,19800,9,,,0,99,,19801,9,,,0,100,,19802,9,,,0
2019,'1796',655,,14015,46,,,0,68,,14016,46,,,0,29,,14017,46,,,0,73,,14018,46,,,0,30,,14019,46,,,0,70,,14020,46,,,0,30,,14021,46,,,0,70,,14022,46,,,0,30,,14023,46,,,0,70,,14024,46,,,0,30,,14025,46,,,0,70,,14026,46,,,0,30,,14027,46,,,0,70,,14028,46,,,0,30,,14029,46,,,0,70,,14030,46,,,0,29,,14031,46,,,0,70,,14032,46,,,0,30,,14033,46,,,0,71,,14034,46,,,0,32,,14035,46,,,0,66,,14036,46,,,0,32,,14037,46,,,0,70,,14038,46,,,0,30,,14039,46,,,0,70,,14045,46,,,0,30,,14040,46,,,0,100,,14041,46,,,0,100,,14042,46,,,0,100,,14043,46,,,0,96,,14044,46,,,0
2019,'1797',655,,14047,37,,,0,70,,14054,46,,,0,30,,14063,46,,,0,70,,14070,46,,,0,30,,14048,46,,,0,70,,14055,46,,,0,30,,14064,46,,,0,70,,14071,46,,,0,30,,14049,46,,,0,70,,14056,46,,,0,30,,14065,46,,,0,70,,14072,46,,,0,30,,14050,46,,,0,70,,14057,46,,,0,30,,14066,46,,,0,70,,14073,46,,,0,30,,14051,46,,,0,70,,14058,46,,,0,30,,14067,46,,,0,70,,14074,46,,,0,30,,14052,46,,,0,70,,14059,46,,,0,30,,14068,46,,,0,70,,14075,46,,,0,30,,14053,46,,,0,70,,14060,46,,,0,30,,14069,46,,,0,100,,14061,46,,,0,100,,14076,46,,,0,96,,14062,46,,,0,99,,14077,46,,,0
2019,'1798',725,,14105,46,,,0,30,,14082,46,,,0,70,,14086,46,,,0,30,,14098,46,,,0,70,,14093,46,,,0,30,,14083,46,,,0,70,,14087,46,,,0,30,,14099,46,,,0,70,,14094,46,,,0,30,,14084,46,,,0,70,,14088,46,,,0,30,,14100,46,,,0,70,,14095,46,,,0,30,,14085,46,,,0,70,,14089,46,,,0,30,,14101,46,,,0,70,,14096,46,,,0,30,,14080,46,,,0,70,,14090,46,,,0,30,,14102,46,,,0,70,,14097,46,,,0,30,,14078,46,,,0,70,,14091,46,,,0,30,,14103,46,,,0,100,,14079,46,,,0,100,,14104,46,,,0,100,,14081,46,,,0,95,,14092,46,,,0,100,,14106,46,,,0
2019,'1799',725,,14134,46,,,0,30,,14111,46,,,0,70,,14115,46,,,0,30,,14127,46,,,0,70,,14122,46,,,0,30,,14112,46,,,0,70,,14116,46,,,0,30,,14128,46,,,0,70,,14123,46,,,0,30,,14113,46,,,0,70,,14117,46,,,0,30,,14129,46,,,0,70,,14124,46,,,0,30,,14114,46,,,0,70,,14118,46,,,0,30,,14130,46,,,0,70,,14125,46,,,0,30,,14109,46,,,0,70,,14119,46,,,0,30,,14131,46,,,0,70,,14126,46,,,0,30,,14107,46,,,0,70,,14120,46,,,0,30,,14132,46,,,0,100,,14108,46,,,0,100,,14133,46,,,0,100,,14110,46,,,0,95,,14121,46,,,0,100,,14135,46,,,0
2019,'1800',725,,14163,46,,,0,30,,14140,46,,,0,70,,14144,46,,,0,30,,14156,46,,,0,70,,14151,46,,,0,30,,14141,46,,,0,70,,14145,46,,,0,30,,14157,46,,,0,70,,14152,46,,,0,30,,14142,46,,,0,70,,14146,46,,,0,30,,14158,46,,,0,70,,14153,46,,,0,30,,14143,46,,,0,70,,14147,46,,,0,30,,14159,46,,,0,70,,14154,46,,,0,30,,14138,46,,,0,70,,14148,46,,,0,30,,14160,46,,,0,70,,14155,46,,,0,30,,14136,46,,,0,70,,14149,46,,,0,30,,14161,46,,,0,100,,14137,46,,,0,100,,14162,46,,,0,100,,14139,46,,,0,95,,14150,46,,,0,100,,14164,46,,,0
7019,'1796',534,,14820,11,,,0,103,,14821,11,,,0,70,,20282,11,,,0,32,,14830,11,,,0,71,,14823,11,,,0,31,,14831,11,,,0,68,,20283,11,,,0,30,,20288,11,,,0,70,,20284,11,,,0,30,,20289,11,,,0,70,,20285,11,,,0,30,,20290,11,,,0,70,,14827,11,,,0,30,,20291,11,,,0,70,,20286,11,,,0,30,,20292,11,,,0,71,,20287,11,,,0,32,,14849,11,,,0,73,,14850,11,,,0,27,,20298,11,,,0,70,,20299,11,,,0,30,,20293,11,,,0,68,,14839,11,,,0,30,,20294,11,,,0,70,,14841,11,,,0,28,,14842,11,,,0,70,,20295,11,,,0,29,,20296,11,,,0,70,,20297,11,,,0,30,,14846,11,,,0,100,,14847,11,,,0,99,,14848,11,,,0,100,,14840,11,,,0
7019,'1797',637,,14869,11,,,0,69,,20304,11,,,0,30,,20310,11,,,0,70,,20305,11,,,0,31,,20311,11,,,0,70,,20306,11,,,0,30,,14872,11,,,0,70,,20307,11,,,0,30,,20312,11,,,0,70,,20308,11,,,0,30,,20313,11,,,0,70,,14867,11,,,0,30,,14875,11,,,0,70,,20309,11,,,0,30,,20314,11,,,0,70,,14881,11,,,0,31,,20315,11,,,0,70,,14883,11,,,0,30,,14878,11,,,0,70,,20318,11,,,0,29,,20316,11,,,0,70,,20319,11,,,0,30,,20317,11,,,0,70,,20322,11,,,0,29,,14857,11,,,0,70,,20320,11,,,0,30,,20302,11,,,0,70,,20321,11,,,0,30,,20303,11,,,0,100,,14860,11,,,0,100,,14861,11,,,0
7019,'1798',736,,14896,11,,,0,101,,14897,11,,,0,100,,20330,11,,,0,100,,14898,11,,,0,100,,14899,11,,,0,100,,20327,11,,,0,100,,14901,11,,,0,101,,14902,11,,,0,100,,20328,11,,,0,99,,14904,11,,,0,100,,14892,11,,,0,99,,20325,11,,,0,100,,14891,11,,,0,100,,14895,11,,,0,100,,20326,11,,,0
7019,'1799',736,,14931,11,,,0,101,,14932,11,,,0,100,,20352,11,,,0,100,,14933,11,,,0,100,,14934,11,,,0,100,,20349,11,,,0,100,,14936,11,,,0,101,,14937,11,,,0,100,,20350,11,,,0,99,,14939,11,,,0,100,,14927,11,,,0,99,,20347,11,,,0,100,,14926,11,,,0,100,,14930,11,,,0,100,,20348,11,,,0
7019,'1800',736,,14966,11,,,0,101,,14967,11,,,0,100,,20374,11,,,0,100,,14968,11,,,0,100,,14969,11,,,0,100,,20371,11,,,0,100,,14971,11,,,0,101,,14972,11,,,0,100,,20372,11,,,0,99,,14974,11,,,0,100,,14962,11,,,0,99,,20369,11,,,0,100,,14961,11,,,0,100,,14965,11,,,0,100,,20370,11,,,0
