11019,'1796',656,,20476,9,,,0,102,,20477,9,,,0,98,,20478,9,,,0,100,,20479,9,,,0,100,,20480,9,,,0,100,,15258,9,,,0,101,,20481,9,,,0,100,,15260,9,,,0,100,,20482,9,,,0,100,,20483,9,,,0,100,,15263,9,,,0,100,,15264,9,,,0,98,,20484,9,,,0,100,,15266,9,,,0,100,,20485,9,,,0,95,,20486,9,0,5 2 8 7,0
11019,'1797',655,,20489,9,,,0,100,,20490,9,,,0,100,,20491,9,,,0,101,,20492,9,,,0,100,,20493,9,,,0,103,,20494,9,,,0,100,,20495,9,,,0,100,,15278,9,,,0,100,,20496,9,,,0,100,,15280,9,,,0,100,,15281,9,,,0,97,,20497,9,,,0,100,,20487,9,,,0,99,,20488,9,,,0,100,,20498,9,0,5 2 8 7,0
11019,'1798',855,,20499,9,,,0,101,,20500,9,,,0,103,,20501,9,,,0,100,,20502,9,,,0,100,,20503,9,,,0,100,,20504,9,,,0,100,,20505,9,,,0,100,,20506,9,,,0,100,,20507,9,,,0,97,,20508,9,,,0,100,,20509,9,,,0,99,,20510,9,,,0,95,,15296,9,0,5 2 8 7,0
11019,'1799',855,,20511,9,,,0,101,,20512,9,,,0,103,,20513,9,,,0,100,,20514,9,,,0,100,,20515,9,,,0,100,,20516,9,,,0,100,,20517,9,,,0,100,,20518,9,,,0,100,,20519,9,,,0,97,,20520,9,,,0,100,,20521,9,,,0,99,,20522,9,,,0,95,,15309,9,0,5 2 8 7,0
11019,'1800',855,,20523,9,,,0,101,,20524,9,,,0,103,,20525,9,,,0,100,,20526,9,,,0,100,,20527,9,,,0,100,,20528,9,,,0,100,,20529,9,,,0,100,,20530,9,,,0,100,,20531,9,,,0,97,,20532,9,,,0,100,,20533,9,,,0,99,,20534,9,,,0,95,,15322,9,0,5 2 8 7,0
14000001019,'1796',2404,,23379,12,,,0,30,,23377,12,,,0,70,,19496,12,,,0,30,,23378,12,,,0,70,,23376,12,,,0
14000001019,'1797',2404,,23383,12,,,0,30,,23380,12,,,0,70,,19502,12,,,0,30,,23382,12,,,0,70,,23381,12,,,0
14000001019,'1798',2404,,23386,12,,,0,30,,23385,12,,,0,70,,19504,12,,,0,30,,23387,12,,,0,70,,23384,12,,,0
14000001019,'1799',2404,,23390,12,,,0,30,,23389,12,,,0,70,,19509,12,,,0,30,,23391,12,,,0,70,,23388,12,,,0
14000001019,'1800',2404,,23394,12,,,0,30,,23393,12,,,0,70,,19514,12,,,0,30,,23395,12,,,0,70,,23392,12,,,0
