4029,'1796',633,,19953,13,,,0,70,,19954,13,,,0,33,,19955,13,,,0,65,,19956,13,,,0,36,,19957,13,,,0,64,,19958,13,,,0,31,,19959,13,,,0,70,,19960,13,,,0,30,,19961,13,,,0,70,,19962,13,,,0,30,,19963,13,,,0,71,,19964,13,,,0,30,,19965,13,,,0,70,,19966,13,,,0,30,,19967,13,,,0,70,,19968,13,,,0,30,,19969,13,,,0,75,,19970,13,,,0,25,,19971,13,,,0,76,,19972,13,,,0,24,,19973,13,,,0,76,,19974,13,,,0,24,,19975,13,,,0,77,,19976,13,,,0,26,,19977,13,,,0,69,,19978,13,,,0,29,,19979,13,,,0,71,,19980,13,,,0,29,,19981,13,,,0,70,,19982,13,,,0,30,,19983,13,,,0,70,,19984,13,,,0
4029,'1797',635,,20009,13,,,0,68,,20010,13,,,0,30,,20011,13,,,0,70,,20012,13,,,0,30,,20013,13,,,0,70,,20014,13,,,0,30,,20015,13,,,0,70,,20002,13,,,0,31,,19996,13,,,0,69,,19989,13,,,0,30,,20000,13,,,0,69,,20006,13,,,0,30,,20001,13,,,0,70,,19988,13,,,0,30,,19993,13,,,0,70,,20004,13,,,0,30,,19987,13,,,0,70,,20003,13,,,0,30,,19998,13,,,0,70,,19990,13,,,0,30,,19985,13,,,0,70,,20005,13,,,0,30,,20008,13,,,0,70,,19999,13,,,0,30,,19994,13,,,0,69,,20016,13,,,0,35,,19991,13,,,0,70,,19986,13,,,0,27,,19992,13,,,0,70,,19997,13,,,0,30,,20007,13,,,0,70,,19995,13,,,0
4029,'1798',733,,20038,13,,,0,70,,20040,13,,,0,30,,20036,13,,,0,70,,20039,13,,,0,30,,20037,13,,,0,70,,20029,13,,,0,29,,20032,13,,,0,70,,20017,13,,,0,30,,20022,13,,,0,70,,20025,13,,,0,30,,20028,13,,,0,70,,20030,13,,,0,30,,20018,13,,,0,70,,20021,13,,,0,30,,20024,13,,,0,70,,20027,13,,,0,30,,20031,13,,,0,70,,20019,13,,,0,30,,20020,13,,,0,70,,20023,13,,,0,30,,20026,13,,,0,70,,20044,13,,,0,30,,20043,13,,,0,71,,20045,13,,,0,30,,20042,13,,,0,70,,20035,13,,,0,30,,20041,13,,,0,70,,20033,13,,,0,100,,20034,13,,,0
4029,'1799',733,,20067,13,,,0,70,,20069,13,,,0,30,,20065,13,,,0,70,,20068,13,,,0,30,,20066,13,,,0,70,,20058,13,,,0,29,,20061,13,,,0,70,,20046,13,,,0,30,,20051,13,,,0,70,,20054,13,,,0,30,,20057,13,,,0,70,,20059,13,,,0,30,,20047,13,,,0,70,,20050,13,,,0,30,,20053,13,,,0,70,,20056,13,,,0,30,,20060,13,,,0,70,,20048,13,,,0,30,,20049,13,,,0,70,,20052,13,,,0,30,,20055,13,,,0,70,,20073,13,,,0,30,,20072,13,,,0,71,,20074,13,,,0,30,,20071,13,,,0,70,,20064,13,,,0,30,,20070,13,,,0,70,,20062,13,,,0,100,,20063,13,,,0
4029,'1800',733,,20096,13,,,0,70,,20098,13,,,0,30,,20094,13,,,0,70,,20097,13,,,0,30,,20095,13,,,0,70,,20087,13,,,0,29,,20090,13,,,0,70,,20075,13,,,0,30,,20080,13,,,0,70,,20083,13,,,0,30,,20086,13,,,0,70,,20088,13,,,0,30,,20076,13,,,0,70,,20079,13,,,0,30,,20082,13,,,0,70,,20085,13,,,0,30,,20089,13,,,0,70,,20077,13,,,0,30,,20078,13,,,0,70,,20081,13,,,0,30,,20084,13,,,0,70,,20102,13,,,0,30,,20101,13,,,0,71,,20103,13,,,0,30,,20100,13,,,0,70,,20093,13,,,0,30,,20099,13,,,0,70,,20091,13,,,0,100,,20092,13,,,0
16019,'1796',633,,20843,22,,,0,70,,20844,22,,,0,31,,20845,22,,,0,70,,15782,22,,,0,30,,15783,22,,,0,69,,20846,22,,,0,30,,20847,22,,,0,70,,20848,22,,,0,30,,20849,22,,,0,70,,20850,22,,,0,30,,20851,22,,,0,70,,20852,22,,,0,30,,20853,22,,,0,71,,20854,22,,,0,30,,20855,22,,,0,70,,20856,22,,,0,30,,20857,22,,,0,70,,20858,22,,,0,30,,20859,22,,,0,70,,20860,22,,,0,30,,20861,22,,,0,69,,20862,22,,,0,30,,20863,22,,,0,70,,20864,22,,,0,30,,15803,22,,,0,70,,20865,22,,,0,30,,20866,22,,,0,70,,20867,22,,,0,30,,15807,22,,,0,70,,20868,22,,,0,29,,20841,22,,,0,70,,15777,22,,,0,30,,20842,22,,,0
16019,'1797',631,,15832,22,,,0,70,,15828,22,,,0,30,,15836,22,,,0,70,,15820,22,,,0,31,,15834,22,,,0,70,,15815,22,,,0,30,,15813,22,,,0,70,,15810,22,,,0,30,,15821,22,,,0,70,,15831,22,,,0,30,,15825,22,,,0,70,,15833,22,,,0,30,,15817,22,,,0,70,,15835,22,,,0,30,,15812,22,,,0,70,,15823,22,,,0,31,,15822,22,,,0,70,,15826,22,,,0,30,,15827,22,,,0,70,,15811,22,,,0,30,,15819,22,,,0,70,,15829,22,,,0,29,,15814,22,,,0,70,,15818,22,,,0,30,,15824,22,,,0,70,,15838,22,,,0,30,,15830,22,,,0,69,,15837,22,,,0,30,,15816,22,,,0,70,,15840,22,,,0,100,,15839,22,,,0,30,,15809,22,,,0
16019,'1798',801,,20869,22,,,0,101,,20872,22,,,0,100,,20880,22,,,0,100,,20879,22,,,0,100,,20870,22,,,0,100,,20873,22,,,0,100,,20874,22,,,0,101,,20877,22,,,0,100,,20876,22,,,0,100,,20871,22,,,0,99,,20878,22,,,0,100,,15852,22,,,0,99,,20875,22,,,0,100,,15846,22,,,0,100,,20881,22,,,0
16019,'1799',801,,20882,22,,,0,101,,20885,22,,,0,100,,20893,22,,,0,100,,20892,22,,,0,100,,20883,22,,,0,100,,20886,22,,,0,100,,20887,22,,,0,101,,20890,22,,,0,100,,20889,22,,,0,100,,20884,22,,,0,99,,20891,22,,,0,100,,15867,22,,,0,99,,20888,22,,,0,100,,15861,22,,,0,100,,20894,22,,,0
16019,'1800',801,,20895,22,,,0,101,,20898,22,,,0,100,,20906,22,,,0,100,,20905,22,,,0,100,,20896,22,,,0,100,,20899,22,,,0,100,,20900,22,,,0,101,,20903,22,,,0,100,,20902,22,,,0,100,,20897,22,,,0,99,,20904,22,,,0,100,,15882,22,,,0,99,,20901,22,,,0,100,,15876,22,,,0,100,,20907,22,,,0
31019,'1796',557,,21409,3,,,0,66,,21404,3,,,0,25,,21374,15,,,0,70,,21389,15,,,0,29,,21402,15,,,0,70,,21385,15,,,0,30,,21382,15,,,0,70,,21396,15,,,0,30,,21377,15,,,0,72,,21390,15,,,0,28,,21401,15,,,0,70,,21388,15,,,0,30,,21383,15,,,0,70,,21395,15,,,0,30,,21376,15,,,0,70,,21391,15,,,0,30,,21400,15,,,0,70,,21386,15,,,0,30,,21380,15,,,0,70,,21394,15,,,0,30,,21378,15,,,0,70,,21392,15,,,0,30,,21399,15,,,0,70,,21387,15,,,0,30,,21381,15,,,0,71,,21393,15,,,0,30,,21375,15,,,0,70,,21410,15,,,0,30,,21398,15,,,0,100,,21384,15,,,0,100,,21379,15,,,0,100,,21397,15,,,0
31019,'1797',558,,21446,3,,,0,66,,21439,3,,,0,24,,21416,15,,,0,70,,21432,15,,,0,30,,21445,15,,,0,70,,21428,15,,,0,30,,21422,15,,,0,70,,21438,15,,,0,30,,21415,15,,,0,70,,21431,15,,,0,30,,21440,15,,,0,70,,21427,15,,,0,30,,21421,15,,,0,70,,21437,15,,,0,30,,21414,15,,,0,70,,21430,15,,,0,30,,21443,15,,,0,70,,21426,15,,,0,30,,21420,15,,,0,70,,21436,15,,,0,30,,21413,15,,,0,70,,21429,15,,,0,30,,21442,15,,,0,70,,21425,15,,,0,30,,21419,15,,,0,70,,21435,15,,,0,30,,21412,15,,,0,70,,21447,15,,,0,30,,21441,15,,,0,100,,21418,15,,,0,100,,21411,15,,,0,100,,21444,15,,,0
31019,'1798',558,,21465,3,,,0,90,,21448,15,,,0,100,,21449,15,,,0,100,,21450,15,,,0,100,,21451,15,,,0,100,,21452,15,,,0,100,,21453,15,,,0,100,,21454,15,,,0,100,,21455,15,,,0,100,,21456,15,,,0,100,,21457,15,,,0,100,,21458,15,,,0,100,,21459,15,,,0,100,,21460,15,,,0,100,,21461,15,,,0,100,,21462,15,,,0,100,,21463,15,,,0,100,,21464,15,,,0
31019,'1799',558,,21484,3,,,0,90,,21467,15,,,0,100,,21468,15,,,0,100,,21469,15,,,0,100,,21470,15,,,0,100,,21471,15,,,0,100,,21472,15,,,0,100,,21473,15,,,0,100,,21474,15,,,0,100,,21475,15,,,0,100,,21476,15,,,0,100,,21477,15,,,0,100,,21478,15,,,0,100,,21479,15,,,0,100,,21480,15,,,0,100,,21481,15,,,0,100,,21482,15,,,0,100,,21483,15,,,0
31019,'1800',558,,21503,3,,,0,90,,21486,15,,,0,100,,21487,15,,,0,100,,21488,15,,,0,100,,21489,15,,,0,100,,21490,15,,,0,100,,21491,15,,,0,100,,21492,15,,,0,100,,21493,15,,,0,100,,21494,15,,,0,100,,21495,15,,,0,100,,21496,15,,,0,100,,21497,15,,,0,100,,21498,15,,,0,100,,21499,15,,,0,100,,21500,15,,,0,100,,21501,15,,,0,100,,21502,15,,,0
501019,'1796',522,,21636,2,,,0,92,,21637,8,,,0,30,,21638,8,,,0,76,,21639,8,,,0,25,,21640,8,,,0,64,,21641,8,,,0,12,,21642,8,,,0,24,,21643,8,,,0,62,,21644,8,,,0,11,,21645,8,,,0,30,,21646,8,,,0,70,,21647,8,,,0,30,,21648,8,,,0,71,,21649,8,,,0,30,,21650,8,,,0,70,,21651,8,,,0,30,,21652,8,,,0,70,,21653,8,,,0,30,,21654,8,,,0,70,,21655,8,,,0,26,,21656,8,,,0,12,,21657,8,,,0,62,,21658,8,,,0,24,,21659,8,,,0,12,,21660,8,,,0,64,,21661,8,,,0,24,,21662,8,,,0,12,,21663,8,,,0,64,,21664,8,,,0,23,,21665,8,,,0,12,,21666,8,,,0,66,,21667,8,,,0,28,,21668,8,,,0,70,,21669,8,,,0,29,,21670,8,,,0,70,,21671,8,,,0,30,,21672,8,,,0,68,,21673,8,,,0,30,,21674,8,,,0,68,,21675,8,,,0,30,,21676,8,,,0,70,,21677,8,,,0
501019,'1797',617,,21687,8,,,0,30,,21690,8,,,0,67,,21686,8,,,0,30,,21689,8,,,0,70,,21685,8,,,0,31,,21691,8,,,0,70,,21684,8,,,0,30,,21688,8,,,0,72,,21697,8,,,0,30,,21707,8,,,0,71,,21698,8,,,0,30,,21708,8,,,0,70,,21699,8,,,0,30,,21709,8,,,0,70,,21700,8,,,0,30,,21710,8,,,0,70,,21701,8,,,0,31,,21711,8,,,0,70,,21702,8,,,0,30,,21712,8,,,0,70,,21703,8,,,0,30,,21705,8,,,0,70,,21704,8,,,0,30,,21706,8,,,0,70,,21683,8,,,0,28,,21696,8,,,0,70,,21682,8,,,0,30,,21694,8,,,0,67,,21681,8,,,0,30,,21695,8,,,0,70,,21680,8,,,0,30,,21692,8,,,0,69,,21679,8,,,0,30,,21693,8,,,0,70,,21678,8,,,0
501019,'1798',617,,21728,8,,,0,30,,21742,8,,,0,67,,21727,8,,,0,30,,21741,8,,,0,70,,21730,8,,,0,31,,21743,8,,,0,70,,21731,8,,,0,30,,21740,8,,,0,72,,21719,8,,,0,30,,21732,8,,,0,71,,21718,8,,,0,30,,21733,8,,,0,70,,21721,8,,,0,30,,21734,8,,,0,70,,21717,8,,,0,30,,21739,8,,,0,70,,21716,8,,,0,30,,21738,8,,,0,70,,21715,8,,,0,30,,21735,8,,,0,70,,21714,8,,,0,30,,21737,8,,,0,70,,21720,8,,,0,30,,21736,8,,,0,69,,21729,8,,,0,30,,21744,8,,,0,69,,21726,8,,,0,30,,21747,8,,,0,69,,21725,8,,,0,30,,21713,8,,,0,70,,21724,8,,,0,30,,21745,8,,,0,68,,21723,8,,,0,30,,21746,8,,,0,70,,21722,8,,,0
501019,'1799',617,,21763,8,,,0,30,,21777,8,,,0,67,,21762,8,,,0,30,,21776,8,,,0,70,,21765,8,,,0,31,,21778,8,,,0,70,,21766,8,,,0,30,,21775,8,,,0,72,,21754,8,,,0,30,,21767,8,,,0,71,,21753,8,,,0,30,,21768,8,,,0,70,,21756,8,,,0,30,,21769,8,,,0,70,,21752,8,,,0,30,,21774,8,,,0,70,,21751,8,,,0,30,,21773,8,,,0,70,,21750,8,,,0,30,,21770,8,,,0,70,,21749,8,,,0,30,,21772,8,,,0,70,,21755,8,,,0,30,,21771,8,,,0,69,,21764,8,,,0,30,,21779,8,,,0,69,,21761,8,,,0,30,,21782,8,,,0,69,,21760,8,,,0,30,,21748,8,,,0,70,,21759,8,,,0,30,,21780,8,,,0,68,,21758,8,,,0,30,,21781,8,,,0,70,,21757,8,,,0
501019,'1800',617,,21798,8,,,0,30,,21812,8,,,0,67,,21797,8,,,0,30,,21811,8,,,0,70,,21800,8,,,0,31,,21813,8,,,0,70,,21801,8,,,0,30,,21810,8,,,0,72,,21789,8,,,0,30,,21802,8,,,0,71,,21788,8,,,0,30,,21803,8,,,0,70,,21791,8,,,0,30,,21804,8,,,0,70,,21787,8,,,0,30,,21809,8,,,0,70,,21786,8,,,0,30,,21808,8,,,0,70,,21785,8,,,0,30,,21805,8,,,0,70,,21784,8,,,0,30,,21807,8,,,0,70,,21790,8,,,0,30,,21806,8,,,0,69,,21799,8,,,0,30,,21814,8,,,0,69,,21796,8,,,0,30,,21817,8,,,0,69,,21795,8,,,0,30,,21783,8,,,0,70,,21794,8,,,0,30,,21815,8,,,0,68,,21793,8,,,0,30,,21816,8,,,0,70,,21792,8,,,0
