4029,'1796',621,,19953,5,,,0,30,,19954,5,,,0,71,,19955,5,,,0,25,,19956,5,,,0,76,,19957,5,,,0,24,,19958,5,,,0,71,,19959,5,,,0,30,,19960,5,,,0,70,,19961,5,,,0,30,,19962,5,,,0,70,,19963,5,,,0,30,,19964,5,,,0,70,,19965,5,,,0,30,,19966,5,,,0,70,,19967,5,,,0,30,,19968,5,,,0,70,,19969,5,,,0,35,,19970,5,,,0,65,,19971,5,,,0,36,,19972,5,,,0,64,,19973,5,,,0,36,,19974,5,,,0,64,,19975,5,,,0,36,,19976,5,,,0,67,,19977,5,,,0,29,,19978,5,,,0,70,,19979,5,,,0,30,,19980,5,,,0,71,,19981,5,,,0,30,,19982,5,,,0,70,,19983,5,,,0,30,,19984,5,,,0
4029,'1797',623,,20009,5,,,0,28,,20010,5,,,0,70,,20011,5,,,0,30,,20012,5,,,0,70,,20013,5,,,0,30,,20014,5,,,0,70,,20015,5,,,0,30,,20002,5,,,0,70,,19996,5,,,0,28,,19989,5,,,0,70,,20000,5,,,0,29,,20006,5,,,0,70,,20001,5,,,0,30,,19988,5,,,0,70,,19993,5,,,0,30,,20004,5,,,0,70,,19987,5,,,0,30,,20003,5,,,0,70,,19998,5,,,0,30,,19990,5,,,0,70,,19985,5,,,0,30,,20005,5,,,0,70,,20008,5,,,0,30,,19999,5,,,0,70,,19994,5,,,0,29,,20016,5,,,0,75,,19991,5,,,0,30,,19986,5,,,0,69,,19992,5,,,0,30,,19997,5,,,0,70,,20007,5,,,0,30,,19995,5,,,0
4029,'1798',721,,20038,5,,,0,30,,20040,5,,,0,70,,20036,5,,,0,30,,20039,5,,,0,70,,20037,5,,,0,30,,20029,5,,,0,68,,20032,5,,,0,30,,20017,5,,,0,70,,20022,5,,,0,30,,20025,5,,,0,69,,20028,5,,,0,30,,20030,5,,,0,70,,20018,5,,,0,30,,20021,5,,,0,70,,20024,5,,,0,30,,20027,5,,,0,70,,20031,5,,,0,30,,20019,5,,,0,70,,20020,5,,,0,30,,20023,5,,,0,70,,20026,5,,,0,30,,20044,5,,,0,70,,20043,5,,,0,33,,20045,5,,,0,70,,20042,5,,,0,30,,20035,5,,,0,70,,20041,5,,,0,30,,20033,5,,,0,100,,20034,5,,,0
4029,'1799',721,,20067,5,,,0,30,,20069,5,,,0,70,,20065,5,,,0,30,,20068,5,,,0,70,,20066,5,,,0,30,,20058,5,,,0,68,,20061,5,,,0,30,,20046,5,,,0,70,,20051,5,,,0,30,,20054,5,,,0,69,,20057,5,,,0,30,,20059,5,,,0,70,,20047,5,,,0,30,,20050,5,,,0,70,,20053,5,,,0,30,,20056,5,,,0,70,,20060,5,,,0,30,,20048,5,,,0,70,,20049,5,,,0,30,,20052,5,,,0,70,,20055,5,,,0,30,,20073,5,,,0,70,,20072,5,,,0,33,,20074,5,,,0,70,,20071,5,,,0,30,,20064,5,,,0,70,,20070,5,,,0,30,,20062,5,,,0,100,,20063,5,,,0
4029,'1800',721,,20096,5,,,0,30,,20098,5,,,0,70,,20094,5,,,0,30,,20097,5,,,0,70,,20095,5,,,0,30,,20087,5,,,0,68,,20090,5,,,0,30,,20075,5,,,0,70,,20080,5,,,0,30,,20083,5,,,0,69,,20086,5,,,0,30,,20088,5,,,0,70,,20076,5,,,0,30,,20079,5,,,0,70,,20082,5,,,0,30,,20085,5,,,0,70,,20089,5,,,0,30,,20077,5,,,0,70,,20078,5,,,0,30,,20081,5,,,0,70,,20084,5,,,0,30,,20102,5,,,0,70,,20101,5,,,0,33,,20103,5,,,0,70,,20100,5,,,0,30,,20093,5,,,0,70,,20099,5,,,0,30,,20091,5,,,0,100,,20092,5,,,0
7029,'1796',505,,15002,5,,,0,100,,15003,5,,,0,30,,20395,5,,,0,71,,15005,5,,,0,30,,15006,5,,,0,70,,15007,5,,,0,30,,20396,5,,,0,70,,20397,5,,,0,30,,20398,5,,,0,70,,20399,5,,,0,30,,20400,5,,,0,70,,20401,5,,,0,30,,15014,5,,,0,70,,20392,5,,,0,30,,20393,5,,,0,70,,20394,5,,,0,31,,20391,5,,,0,70,,14996,5,,,0,30,,15001,5,,,0,70,,20402,5,,,0,30,,20403,5,,,0,70,,20404,5,,,0,29,,15018,5,,,0,70,,20405,5,,,0,30,,15020,5,,,0,70,,15021,5,,,0,30,,20406,5,,,0,70,,20407,5,,,0,30,,20408,5,,,0,70,,15025,5,,,0,99,,15026,5,,,0,100,,15027,5,,,0,100,,15028,5,,,0
7029,'1797',637,,20409,5,,,0,70,,20420,5,,,0,30,,20410,5,,,0,69,,20421,5,,,0,30,,20411,5,,,0,70,,15045,5,,,0,30,,20412,5,,,0,70,,20422,5,,,0,30,,20413,5,,,0,70,,20423,5,,,0,30,,15034,5,,,0,70,,15048,5,,,0,30,,20414,5,,,0,70,,20424,5,,,0,30,,15036,5,,,0,70,,20425,5,,,0,30,,15037,5,,,0,70,,15051,5,,,0,30,,20415,5,,,0,70,,20426,5,,,0,30,,20416,5,,,0,70,,20427,5,,,0,30,,20417,5,,,0,70,,15054,5,,,0,30,,20418,5,,,0,70,,20428,5,,,0,30,,20419,5,,,0,69,,20429,5,,,0,100,,15057,5,,,0,100,,15058,5,,,0,100,,15059,5,,,0,30,,20430,5,0,13 14,0
7029,'1798',706,,15063,5,,,0,100,,15064,5,,,0,100,,20432,5,,,0,100,,15066,5,,,0,100,,15067,5,,,0,100,,20433,5,,,0,100,,15069,5,,,0,100,,15070,5,,,0,100,,20434,5,,,0,100,,15072,5,,,0,100,,15073,5,,,0,100,,20435,5,,,0,100,,15075,5,,,0,99,,15076,5,,,0,100,,20431,5,,,0,230,,20436,5,0,13 14,0
7029,'1799',706,,15079,5,,,0,100,,15080,5,,,0,100,,20438,5,,,0,100,,15082,5,,,0,100,,15083,5,,,0,100,,20439,5,,,0,100,,15085,5,,,0,100,,15086,5,,,0,100,,20440,5,,,0,100,,15088,5,,,0,100,,15089,5,,,0,100,,20441,5,,,0,100,,15091,5,,,0,99,,15092,5,,,0,100,,20437,5,,,0,230,,20442,5,0,13 14,0
7029,'1800',706,,15095,5,,,0,100,,15096,5,,,0,100,,20444,5,,,0,100,,15098,5,,,0,100,,15099,5,,,0,100,,20445,5,,,0,100,,15101,5,,,0,100,,15102,5,,,0,100,,20446,5,,,0,100,,15104,5,,,0,100,,15105,5,,,0,100,,20447,5,,,0,100,,15107,5,,,0,99,,15108,5,,,0,100,,20443,5,,,0,230,,20448,5,0,13 14,0
501019,'1796',605,,21637,4,,,0,30,,21638,4,,,0,74,,21639,4,,,0,25,,21640,4,,,0,24,,21641,4,,,0,52,,21642,4,,,0,24,,21643,4,,,0,22,,21644,4,,,0,51,,21645,4,,,0,30,,21646,4,,,0,70,,21647,4,,,0,30,,21648,4,,,0,70,,21649,4,,,0,30,,21650,4,,,0,70,,21651,4,,,0,30,,21652,4,,,0,70,,21653,4,,,0,30,,21654,4,,,0,70,,21655,4,,,0,26,,21656,4,,,0,12,,21657,4,,,0,62,,21658,4,,,0,24,,21659,4,,,0,12,,21660,4,,,0,64,,21661,4,,,0,24,,21662,4,,,0,12,,21663,4,,,0,64,,21664,4,,,0,24,,21665,4,,,0,12,,21666,4,,,0,66,,21667,4,,,0,28,,21668,4,,,0,70,,21669,4,,,0,29,,21670,4,,,0,70,,21671,4,,,0,30,,21672,4,,,0,69,,21673,4,,,0,30,,21674,4,,,0,70,,21675,4,,,0,30,,21676,4,,,0,70,,21677,4,,,0
501019,'1797',608,,21687,4,,,0,30,,21690,4,,,0,67,,21686,4,,,0,30,,21689,4,,,0,70,,21685,4,,,0,31,,21691,4,,,0,70,,21684,4,,,0,30,,21688,4,,,0,71,,21697,4,,,0,30,,21707,4,,,0,70,,21698,4,,,0,30,,21708,4,,,0,70,,21699,4,,,0,30,,21709,4,,,0,70,,21700,4,,,0,30,,21710,4,,,0,70,,21701,4,,,0,30,,21711,4,,,0,70,,21702,4,,,0,30,,21712,4,,,0,70,,21703,4,,,0,30,,21705,4,,,0,70,,21704,4,,,0,30,,21706,4,,,0,70,,21683,4,,,0,29,,21696,4,,,0,70,,21682,4,,,0,30,,21694,4,,,0,69,,21681,4,,,0,30,,21695,4,,,0,70,,21680,4,,,0,30,,21692,4,,,0,70,,21679,4,,,0,30,,21693,4,,,0,70,,21678,4,,,0
501019,'1798',608,,21728,4,,,0,30,,21742,4,,,0,67,,21727,4,,,0,30,,21741,4,,,0,70,,21730,4,,,0,31,,21743,4,,,0,70,,21731,4,,,0,30,,21740,4,,,0,71,,21719,4,,,0,30,,21732,4,,,0,70,,21718,4,,,0,30,,21733,4,,,0,70,,21721,4,,,0,30,,21734,4,,,0,70,,21717,4,,,0,30,,21739,4,,,0,70,,21716,4,,,0,30,,21738,4,,,0,70,,21715,4,,,0,30,,21735,4,,,0,70,,21714,4,,,0,30,,21737,4,,,0,70,,21720,4,,,0,30,,21736,4,,,0,69,,21729,4,,,0,30,,21744,4,,,0,70,,21726,4,,,0,30,,21747,4,,,0,70,,21725,4,,,0,30,,21713,4,,,0,70,,21724,4,,,0,30,,21745,4,,,0,69,,21723,4,,,0,30,,21746,4,,,0,70,,21722,4,,,0
501019,'1799',608,,21763,4,,,0,30,,21777,4,,,0,67,,21762,4,,,0,30,,21776,4,,,0,70,,21765,4,,,0,31,,21778,4,,,0,70,,21766,4,,,0,30,,21775,4,,,0,71,,21754,4,,,0,30,,21767,4,,,0,70,,21753,4,,,0,30,,21768,4,,,0,70,,21756,4,,,0,30,,21769,4,,,0,70,,21752,4,,,0,30,,21774,4,,,0,70,,21751,4,,,0,30,,21773,4,,,0,70,,21750,4,,,0,30,,21770,4,,,0,70,,21749,4,,,0,30,,21772,4,,,0,70,,21755,4,,,0,30,,21771,4,,,0,69,,21764,4,,,0,30,,21779,4,,,0,70,,21761,4,,,0,30,,21782,4,,,0,70,,21760,4,,,0,30,,21748,4,,,0,70,,21759,4,,,0,30,,21780,4,,,0,69,,21758,4,,,0,30,,21781,4,,,0,70,,21757,4,,,0
501019,'1800',608,,21798,4,,,0,30,,21812,4,,,0,67,,21797,4,,,0,30,,21811,4,,,0,70,,21800,4,,,0,31,,21813,4,,,0,70,,21801,4,,,0,30,,21810,4,,,0,71,,21789,4,,,0,30,,21802,4,,,0,70,,21788,4,,,0,30,,21803,4,,,0,70,,21791,4,,,0,30,,21804,4,,,0,70,,21787,4,,,0,30,,21809,4,,,0,70,,21786,4,,,0,30,,21808,4,,,0,70,,21785,4,,,0,30,,21805,4,,,0,70,,21784,4,,,0,30,,21807,4,,,0,70,,21790,4,,,0,30,,21806,4,,,0,69,,21799,4,,,0,30,,21814,4,,,0,70,,21796,4,,,0,30,,21817,4,,,0,70,,21795,4,,,0,30,,21783,4,,,0,70,,21794,4,,,0,30,,21815,4,,,0,69,,21793,4,,,0,30,,21816,4,,,0,70,,21792,4,,,0
20007019,'1796',540,,19415,5,,,0,1495,,23319,5,,,0,100,,23320,5,,,0,100,,19418,5,,,0,100,,23322,5,,,0,100,,23321,5,,,0
20007019,'1797',2035,,23323,5,,,0,100,,23324,5,,,0,100,,19423,5,,,0
20007019,'1798',636,,23341,5,,,0,200,,23327,5,,,0,100,,23328,5,,,0,100,,23329,5,,,0,100,,23330,5,,,0,100,,23331,5,,,0,100,,23332,5,,,0,100,,23333,5,,,0,100,,23334,5,,,0,100,,23335,5,,,0,100,,23336,5,,,0,100,,23337,5,,,0,100,,23338,5,,,0,99,,23339,5,,,0,100,,23340,5,,,0,70,,19440,5,,,0,30,,23326,5,,,0,70,,23325,5,,,0
20007019,'1799',636,,23358,5,,,0,200,,23344,5,,,0,100,,23345,5,,,0,100,,23346,5,,,0,100,,23347,5,,,0,100,,23348,5,,,0,100,,23349,5,,,0,100,,23350,5,,,0,100,,23351,5,,,0,100,,23352,5,,,0,100,,23353,5,,,0,100,,23354,5,,,0,100,,23355,5,,,0,99,,23356,5,,,0,100,,23357,5,,,0,70,,19458,5,,,0,30,,23343,5,,,0,70,,23342,5,,,0
20007019,'1800',636,,23375,5,,,0,200,,23361,5,,,0,100,,23362,5,,,0,100,,23363,5,,,0,100,,23364,5,,,0,100,,23365,5,,,0,100,,23366,5,,,0,100,,23367,5,,,0,100,,23368,5,,,0,100,,23369,5,,,0,100,,23370,5,,,0,100,,23371,5,,,0,100,,23372,5,,,0,99,,23373,5,,,0,100,,23374,5,,,0,70,,19476,5,,,0,30,,23360,5,,,0,70,,23359,5,,,0
14000001019,'1796',2359,,23379,7,,,0,70,,23377,7,,,0,30,,19496,7,,,0,70,,23378,7,,,0,30,,23376,7,,,0
14000001019,'1797',2359,,23383,7,,,0,70,,23380,7,,,0,30,,19502,7,,,0,70,,23382,7,,,0,30,,23381,7,,,0
14000001019,'1798',2359,,23386,7,,,0,70,,23385,7,,,0,30,,19504,7,,,0,70,,23387,7,,,0,30,,23384,7,,,0
14000001019,'1799',2359,,23390,7,,,0,70,,23389,7,,,0,30,,19509,7,,,0,70,,23391,7,,,0,30,,23388,7,,,0
14000001019,'1800',2359,,23394,7,,,0,70,,23393,7,,,0,30,,19514,7,,,0,70,,23395,7,,,0,30,,23392,7,,,0
