4029,'1796',622,,19953,6,,,0,30,,19954,6,,,0,72,,19955,6,,,0,24,,19956,6,,,0,76,,19957,6,,,0,24,,19958,6,,,0,71,,19959,6,,,0,30,,19960,6,,,0,70,,19961,6,,,0,30,,19962,6,,,0,70,,19963,6,,,0,31,,19964,6,,,0,70,,19965,6,,,0,30,,19966,6,,,0,70,,19967,6,,,0,30,,19968,6,,,0,70,,19969,6,,,0,35,,19970,6,,,0,65,,19971,6,,,0,36,,19972,6,,,0,64,,19973,6,,,0,36,,19974,6,,,0,64,,19975,6,,,0,36,,19976,6,,,0,67,,19977,6,,,0,29,,19978,6,,,0,70,,19979,6,,,0,30,,19980,6,,,0,71,,19981,6,,,0,30,,19982,6,,,0,70,,19983,6,,,0,30,,19984,6,,,0
4029,'1797',624,,20009,6,,,0,28,,20010,6,,,0,70,,20011,6,,,0,30,,20012,6,,,0,70,,20013,6,,,0,30,,20014,6,,,0,70,,20015,6,,,0,30,,20002,6,,,0,70,,19996,6,,,0,29,,19989,6,,,0,70,,20000,6,,,0,28,,20006,6,,,0,70,,20001,6,,,0,30,,19988,6,,,0,70,,19993,6,,,0,30,,20004,6,,,0,70,,19987,6,,,0,30,,20003,6,,,0,70,,19998,6,,,0,30,,19990,6,,,0,70,,19985,6,,,0,30,,20005,6,,,0,70,,20008,6,,,0,30,,19999,6,,,0,70,,19994,6,,,0,30,,20016,6,,,0,75,,19991,6,,,0,30,,19986,6,,,0,69,,19992,6,,,0,30,,19997,6,,,0,70,,20007,6,,,0,30,,19995,6,,,0
4029,'1798',722,,20038,6,,,0,30,,20040,6,,,0,70,,20036,6,,,0,30,,20039,6,,,0,70,,20037,6,,,0,30,,20029,6,,,0,69,,20032,6,,,0,30,,20017,6,,,0,70,,20022,6,,,0,30,,20025,6,,,0,68,,20028,6,,,0,30,,20030,6,,,0,70,,20018,6,,,0,30,,20021,6,,,0,70,,20024,6,,,0,30,,20027,6,,,0,70,,20031,6,,,0,30,,20019,6,,,0,70,,20020,6,,,0,30,,20023,6,,,0,70,,20026,6,,,0,30,,20044,6,,,0,70,,20043,6,,,0,34,,20045,6,,,0,70,,20042,6,,,0,30,,20035,6,,,0,70,,20041,6,,,0,30,,20033,6,,,0,100,,20034,6,,,0
4029,'1799',722,,20067,6,,,0,30,,20069,6,,,0,70,,20065,6,,,0,30,,20068,6,,,0,70,,20066,6,,,0,30,,20058,6,,,0,69,,20061,6,,,0,30,,20046,6,,,0,70,,20051,6,,,0,30,,20054,6,,,0,68,,20057,6,,,0,30,,20059,6,,,0,70,,20047,6,,,0,30,,20050,6,,,0,70,,20053,6,,,0,30,,20056,6,,,0,70,,20060,6,,,0,30,,20048,6,,,0,70,,20049,6,,,0,30,,20052,6,,,0,70,,20055,6,,,0,30,,20073,6,,,0,70,,20072,6,,,0,34,,20074,6,,,0,70,,20071,6,,,0,30,,20064,6,,,0,70,,20070,6,,,0,30,,20062,6,,,0,100,,20063,6,,,0
4029,'1800',722,,20096,6,,,0,30,,20098,6,,,0,70,,20094,6,,,0,30,,20097,6,,,0,70,,20095,6,,,0,30,,20087,6,,,0,69,,20090,6,,,0,30,,20075,6,,,0,70,,20080,6,,,0,30,,20083,6,,,0,68,,20086,6,,,0,30,,20088,6,,,0,70,,20076,6,,,0,30,,20079,6,,,0,70,,20082,6,,,0,30,,20085,6,,,0,70,,20089,6,,,0,30,,20077,6,,,0,70,,20078,6,,,0,30,,20081,6,,,0,70,,20084,6,,,0,30,,20102,6,,,0,70,,20101,6,,,0,34,,20103,6,,,0,70,,20100,6,,,0,30,,20093,6,,,0,70,,20099,6,,,0,30,,20091,6,,,0,100,,20092,6,,,0
14000001019,'1796',2400,,23379,8,,,0,30,,23377,8,,,0,70,,19496,8,,,0,30,,23378,8,,,0,70,,23376,8,,,0
14000001019,'1797',2400,,23383,8,,,0,30,,23380,8,,,0,70,,19502,8,,,0,30,,23382,8,,,0,70,,23381,8,,,0
14000001019,'1798',2400,,23386,8,,,0,30,,23385,8,,,0,70,,19504,8,,,0,30,,23387,8,,,0,70,,23384,8,,,0
14000001019,'1799',2400,,23390,8,,,0,30,,23389,8,,,0,70,,19509,8,,,0,30,,23391,8,,,0,70,,23388,8,,,0
14000001019,'1800',2400,,23394,8,,,0,30,,23393,8,,,0,70,,19514,8,,,0,30,,23395,8,,,0,70,,23392,8,,,0
