7019,'1796',1558,,14856,12,4,,0,567,,20301,12,4,,0,102,,14854,16,4,,0
7019,'1797',2126,,20324,12,4,,0,102,,14889,16,4,,0
7019,'1798',630,,20332,12,4,,0,70,,20333,12,4,,0,28,,20334,12,4,,0,231,,20330,31,4,,0,1267,,14911,12,4,,0,30,,20331,12,4,,0
7019,'1799',630,,20354,12,4,,0,70,,20355,12,4,,0,28,,20356,12,4,,0,231,,20352,31,4,,0,1267,,14946,12,4,,0,30,,20353,12,4,,0
7019,'1800',630,,20376,12,4,,0,70,,20377,12,4,,0,28,,20378,12,4,,0,231,,20374,31,4,,0,1267,,14981,12,4,,0,30,,20375,12,4,,0
7029,'1796',500,,15002,1,,,0,100,,15003,1,,,0,30,,20395,1,,,0,70,,15005,1,,,0,30,,15006,1,,,0,70,,15007,1,,,0,30,,20396,1,,,0,70,,20397,1,,,0,30,,20398,1,,,0,70,,20399,1,,,0,30,,20400,1,,,0,70,,20401,1,,,0,30,,15014,1,,,0,70,,20392,1,,,0,30,,20393,1,,,0,70,,20394,1,,,0,30,,20391,1,,,0,70,,14996,1,,,0,30,,15001,1,,,0,70,,20402,1,,,0,30,,20403,1,,,0,70,,20404,1,,,0,30,,15018,1,,,0,70,,20405,1,,,0,30,,15020,1,,,0,70,,15021,1,,,0,30,,20406,1,,,0,70,,20407,1,,,0,30,,20408,1,,,0,70,,15025,1,,,0,100,,15026,1,,,0,100,,15027,1,,,0,100,,15028,1,,,0
7029,'1797',631,,20409,1,,,0,70,,20420,1,,,0,30,,20410,1,,,0,69,,20421,1,,,0,30,,20411,1,,,0,70,,15045,1,,,0,30,,20412,1,,,0,70,,20422,1,,,0,30,,20413,1,,,0,70,,20423,1,,,0,30,,15034,1,,,0,70,,15048,1,,,0,30,,20414,1,,,0,70,,20424,1,,,0,30,,15036,1,,,0,70,,20425,1,,,0,30,,15037,1,,,0,70,,15051,1,,,0,30,,20415,1,,,0,70,,20426,1,,,0,30,,20416,1,,,0,70,,20427,1,,,0,30,,20417,1,,,0,70,,15054,1,,,0,30,,20418,1,,,0,70,,20428,1,,,0,30,,20419,1,,,0,70,,20429,1,,,0,100,,15057,1,,,0,100,,15058,1,,,0,100,,15059,1,,,0,30,,20430,1,0,13 14,0
7029,'1798',700,,15063,1,,,0,100,,15064,1,,,0,100,,20432,1,,,0,100,,15066,1,,,0,100,,15067,1,,,0,100,,20433,1,,,0,100,,15069,1,,,0,100,,15070,1,,,0,100,,20434,1,,,0,100,,15072,1,,,0,100,,15073,1,,,0,100,,20435,1,,,0,100,,15075,1,,,0,100,,15076,1,,,0,100,,20431,1,,,0,230,,20436,1,0,13 14,0
7029,'1799',700,,15079,1,,,0,100,,15080,1,,,0,100,,20438,1,,,0,100,,15082,1,,,0,100,,15083,1,,,0,100,,20439,1,,,0,100,,15085,1,,,0,100,,15086,1,,,0,100,,20440,1,,,0,100,,15088,1,,,0,100,,15089,1,,,0,100,,20441,1,,,0,100,,15091,1,,,0,100,,15092,1,,,0,100,,20437,1,,,0,230,,20442,1,0,13 14,0
7029,'1800',700,,15095,1,,,0,100,,15096,1,,,0,100,,20444,1,,,0,100,,15098,1,,,0,100,,15099,1,,,0,100,,20445,1,,,0,100,,15101,1,,,0,100,,15102,1,,,0,100,,20446,1,,,0,100,,15104,1,,,0,100,,15105,1,,,0,100,,20447,1,,,0,100,,15107,1,,,0,100,,15108,1,,,0,100,,20443,1,,,0,230,,20448,1,0,13 14,0
11019,'1797',723,,20489,31,4,,0,100,,20490,31,4,,0,101,,20491,31,4,,0,100,,20492,31,4,,0,100,,20493,31,4,,0,106,,20494,31,4,,0,100,,20495,31,4,,0,100,,15278,31,4,,0,100,,20496,31,4,,0,98,,15280,31,4,,0,100,,15281,31,4,,0,97,,20497,31,4,,0
11019,'1798',924,,20499,31,4,,0,100,,20500,31,4,,0,103,,20501,31,4,,0,103,,20502,31,4,,0,100,,20503,31,4,,0,100,,20504,31,4,,0,100,,20505,31,4,,0,98,,20506,31,4,,0,100,,20507,31,4,,0,97,,20508,31,4,,0,98,,20509,31,4,,0,100,,20510,31,4,,0
11019,'1799',924,,20511,31,4,,0,100,,20512,31,4,,0,103,,20513,31,4,,0,103,,20514,31,4,,0,100,,20515,31,4,,0,100,,20516,31,4,,0,100,,20517,31,4,,0,98,,20518,31,4,,0,100,,20519,31,4,,0,97,,20520,31,4,,0,98,,20521,31,4,,0,100,,20522,31,4,,0
11019,'1800',924,,20523,31,4,,0,100,,20524,31,4,,0,103,,20525,31,4,,0,103,,20526,31,4,,0,100,,20527,31,4,,0,100,,20528,31,4,,0,100,,20529,31,4,,0,98,,20530,31,4,,0,100,,20531,31,4,,0,97,,20532,31,4,,0,98,,20533,31,4,,0,100,,20534,31,4,,0
20007019,'1796',535,,19415,1,,,0,1495,,23319,1,,,0,100,,23320,1,,,0,100,,19418,1,,,0,100,,23322,1,,,0,100,,23321,1,,,0
20007019,'1797',2030,,23323,1,,,0,100,,23324,1,,,0,100,,19423,1,,,0
20007019,'1798',630,,23341,1,,,0,200,,23327,1,,,0,100,,23328,1,,,0,100,,23329,1,,,0,100,,23330,1,,,0,100,,23331,1,,,0,100,,23332,1,,,0,100,,23333,1,,,0,100,,23334,1,,,0,100,,23335,1,,,0,100,,23336,1,,,0,100,,23337,1,,,0,100,,23338,1,,,0,100,,23339,1,,,0,100,,23340,1,,,0,70,,19440,1,,,0,30,,23326,1,,,0,70,,23325,1,,,0
20007019,'1799',630,,23358,1,,,0,200,,23344,1,,,0,100,,23345,1,,,0,100,,23346,1,,,0,100,,23347,1,,,0,100,,23348,1,,,0,100,,23349,1,,,0,100,,23350,1,,,0,100,,23351,1,,,0,100,,23352,1,,,0,100,,23353,1,,,0,100,,23354,1,,,0,100,,23355,1,,,0,100,,23356,1,,,0,100,,23357,1,,,0,70,,19458,1,,,0,30,,23343,1,,,0,70,,23342,1,,,0
20007019,'1800',630,,23375,1,,,0,200,,23361,1,,,0,100,,23362,1,,,0,100,,23363,1,,,0,100,,23364,1,,,0,100,,23365,1,,,0,100,,23366,1,,,0,100,,23367,1,,,0,100,,23368,1,,,0,100,,23369,1,,,0,100,,23370,1,,,0,100,,23371,1,,,0,100,,23372,1,,,0,100,,23373,1,,,0,100,,23374,1,,,0,70,,19476,1,,,0,30,,23360,1,,,0,70,,23359,1,,,0
