'1611',6019,82600,4,'',0,10000,4,'',0,10000,4,'',0,10000,4,'',0,10200,4,'',0,10000,4,'',0,10000,4,'',0,10000,4,'',0,9900,4,'',0,10000,4,'',0,9900,4,'',0,10000,4,'',0,10000,4,'',0
'1614',6019,82600,4,'',0,10000,4,'',0,10000,4,'',0,10000,4,'',0,10200,4,'',0,10000,4,'',0,10000,4,'',0,10000,4,'',0,9900,4,'',0,10000,4,'',0,9900,4,'',0,10000,4,'',0,10000,4,'',0
'1611',13019,73100,,'',0,2800,4,'',0,6700,,'',0,2800,4,'',0,7200,,'',0,2800,4,'',0,7300,,'',0,2800,4,'',0,7100,,'',0,2900,4,'',0,7000,,'',0,3000,4,'',0,7000,,'',0,3000,4,'',0,7000,,'',0,3000,4,'',0,7000,,'',0,3000,4,'',0,7000,,'',0,3000,4,'',0,7200,,'',0,2800,4,'',0,7200,,'',0,2800,4,'',0,7200,,'',0,2800,4,'',0,7200,,'',0,2700,4,'',0,4900,,'',0,2700,4,'',0,7300,,'',0,2700,4,'',0,1500,,'',0,6700,4,'',0
'1612',13019,60700,,'',0,2500,4,'',0,500,,'',0,6600,4,'',0,200,,'',0,2800,4,'',0,200,,'',0,6700,,'',0,100,4,'',0,2700,4,'',0,100,,'',0,2800,4,'',0,4200,,'',0,2800,4,'',0,200,,'',0,2800,4,'',0,4200,,'',0,2800,4,'',0,200,,'',0,2800,4,'',0,4200,,'',0,2800,4,'',0,200,,'',0,2800,4,'',0,4200,,'',0,2800,4,'',0,200,,'',0,2800,4,'',0,4200,,'',0,2800,4,'',0,200,,'',0,2800,4,'',0,4100,,'',0,2900,4,'',0,200,,'',0,6900,4,'',0,200,,'',0,3100,4,'',0,100,,'',0,7000,,'',0,100,4,'',0,2900,,'',0,100,4,'',0,6700,,'',0,300,4,'',0,2700,,'',0,100,4,'',0,6800,,'',0,200,4,'',0,2600,4,'',0,100,,'',0,2800,4,'',0,4200,,'',0,2800,4,'',0,400,,'',0,6800,4,'',0,200,,'',0,2700,4,'',0,300,,'',0,2700,4,'',0,4300,,'',0,2700,4,'',0,100,,'',0,2700,4,'',0,7100,4,'',0,200,,'',0,2700,4,'',0,15500,,'',0,2700,4,'',0
'1613',13019,63200,,'',0,2500,,'',0,100,4,'',0,6600,4,'',0,300,,'',0,2800,4,'',0,200,,'',0,6800,4,'',0,200,,'',0,2800,4,'',0,200,,'',0,6800,4,'',0,200,,'',0,2800,4,'',0,200,,'',0,6800,4,'',0,200,,'',0,2800,4,'',0,100,,'',0,6900,4,'',0,100,,'',0,2900,4,'',0,300,,'',0,7000,4,'',0,3000,,'',0,7000,,'',0,3000,4,'',0,7000,4,'',0,3000,4,'',0,7000,,'',0,3000,4,'',0,7000,4,'',0,2900,,'',0,100,4,'',0,6700,4,'',0,200,,'',0,2800,4,'',0,200,,'',0,6800,4,'',0,200,,'',0,2800,4,'',0,200,,'',0,6800,4,'',0,200,,'',0,2800,4,'',0,7300,,'',0,2700,4,'',0,7300,,'',0,2700,4,'',0,9000,,'',0,6700,4,'',0
'1614',13019,73100,,'',0,2800,4,'',0,6700,,'',0,2800,4,'',0,7200,,'',0,2800,4,'',0,7300,,'',0,2800,4,'',0,7100,,'',0,2900,4,'',0,7000,,'',0,3000,4,'',0,7000,,'',0,3000,4,'',0,7000,,'',0,3000,4,'',0,7000,,'',0,3000,4,'',0,7000,,'',0,3000,4,'',0,7200,,'',0,2800,4,'',0,7200,,'',0,2800,4,'',0,7200,,'',0,2800,4,'',0,7200,,'',0,2700,4,'',0,4900,,'',0,2700,4,'',0,7300,,'',0,2700,4,'',0,1500,,'',0,6700,4,'',0
'1611',1509,71700,4,'',0,10200,4,'',0,10000,4,'',0,10000,4,'',0,10100,4,'',0,10000,4,'',0,10100,4,'',0,10200,4,'',0,10000,4,'',0,9800,4,'',0,10000,4,'',0,10000,4,'',0,9800,4,'',0,9900,4,'',0
'1614',1509,71700,4,'',0,10200,4,'',0,10000,4,'',0,10000,4,'',0,10100,4,'',0,10000,4,'',0,10100,4,'',0,10200,4,'',0,10000,4,'',0,9800,4,'',0,10000,4,'',0,10000,4,'',0,9800,4,'',0,9900,4,'',0
'1611',19019,201000,4,'',0,4500,4,'',0,10000,4,'',0,10000,4,'',0
'1613',19019,233900,4,'',0
'1614',19019,201000,4,'',0,4500,4,'',0,10000,4,'',0,10000,4,'',0
'1613',20007019,184500,,'',0,50000,,'',0
