1019,'1796',601,,13774,38,,,0,30,,19586,38,,,0,70,,19562,38,,,0,31,,19557,38,,,0,71,,19575,38,,,0,31,,19559,38,,,0,70,,19564,38,,,0,29,,19589,38,,,0,70,,19561,38,,,0,30,,19555,38,,,0,71,,19574,38,,,0,30,,19560,38,,,0,70,,19565,38,,,0,30,,19585,38,,,0,70,,19563,38,,,0,31,,19556,38,,,0,70,,19587,38,,,0,32,,19558,38,,,0,70,,19566,38,,,0,30,,19584,38,,,0,69,,19577,38,,,0,30,,19569,38,,,0,70,,19567,38,,,0,28,,19570,38,,,0,70,,19572,38,,,0,29,,19571,38,,,0,69,,19568,38,,,0,30,,19588,38,,,0,70,,19582,38,,,0,30,,19583,38,,,0,70,,19581,38,,,0,29,,19580,38,,,0,74,,19579,38,,,0,30,,19578,38,,,0,70,,19576,38,,,0,25,,19573,38,,,0
1019,'1797',600,,19601,38,,,0,30,,19615,38,,,0,70,,19600,38,,,0,30,,19620,38,,,0,71,,19610,38,,,0,30,,19594,38,,,0,70,,19616,38,,,0,30,,19618,38,,,0,70,,19599,38,,,0,30,,19621,38,,,0,70,,19609,38,,,0,31,,19593,38,,,0,70,,19604,38,,,0,30,,19614,38,,,0,70,,19598,38,,,0,30,,19622,38,,,0,70,,19608,38,,,0,30,,19592,38,,,0,70,,19603,38,,,0,30,,19613,38,,,0,70,,19597,38,,,0,30,,19623,38,,,0,70,,19607,38,,,0,30,,19591,38,,,0,70,,19602,38,,,0,30,,19612,38,,,0,69,,19595,38,,,0,30,,19624,38,,,0,70,,19605,38,,,0,30,,19590,38,,,0,70,,19596,38,,,0,30,,19611,38,,,0,73,,19606,38,,,0,30,,19625,38,,,0,70,,19619,38,,,0,25,,19617,38,,,0
1019,'1798',630,,19626,38,,,0,100,,19627,38,,,0,101,,19628,38,,,0,100,,19629,38,,,0,100,,19630,38,,,0,101,,19631,38,,,0,100,,19632,38,,,0,100,,19633,38,,,0,100,,19634,38,,,0,100,,19635,38,,,0,100,,19636,38,,,0,100,,19637,38,,,0,100,,19638,38,,,0,99,,19639,38,,,0,100,,19640,38,,,0,100,,19641,38,,,0,103,,19642,38,,,0,95,,19643,38,,,0
1019,'1799',630,,19644,38,,,0,100,,19645,38,,,0,101,,19646,38,,,0,100,,19647,38,,,0,100,,19648,38,,,0,101,,19649,38,,,0,100,,19650,38,,,0,100,,19651,38,,,0,100,,19652,38,,,0,100,,19653,38,,,0,100,,19654,38,,,0,100,,19655,38,,,0,100,,19656,38,,,0,99,,19657,38,,,0,100,,19658,38,,,0,100,,19659,38,,,0,103,,19660,38,,,0,95,,19661,38,,,0
1019,'1800',630,,19662,38,,,0,100,,19663,38,,,0,101,,19664,38,,,0,100,,19665,38,,,0,100,,19666,38,,,0,101,,19667,38,,,0,100,,19668,38,,,0,100,,19669,38,,,0,100,,19670,38,,,0,100,,19671,38,,,0,100,,19672,38,,,0,100,,19673,38,,,0,100,,19674,38,,,0,99,,19675,38,,,0,100,,19676,38,,,0,100,,19677,38,,,0,103,,19678,38,,,0,95,,19679,38,,,0
1029,'1796',601,,19689,16,,,0,31,,13901,16,,,0,26,,19709,16,,,0,69,,19686,16,,,0,30,,19681,16,,,0,70,,19713,16,,,0,30,,19684,16,,,0,71,,19690,16,,,0,30,,19708,16,,,0,70,,19688,16,,,0,30,,19680,16,,,0,70,,19712,16,,,0,30,,19685,16,,,0,70,,19691,16,,,0,30,,19707,16,,,0,70,,19687,16,,,0,30,,19682,16,,,0,70,,19710,16,,,0,72,,19683,16,,,0,30,,19692,16,,,0,70,,19706,16,,,0,29,,19695,16,,,0,30,,19694,16,,,0,70,,19693,16,,,0,73,,19699,16,,,0,30,,19698,16,,,0,70,,19697,16,,,0,30,,19696,16,,,0,69,,19711,16,,,0,30,,19705,16,,,0,70,,19704,16,,,0,30,,19703,16,,,0,70,,19702,16,,,0,30,,19701,16,,,0,25,,19700,16,,,0
1029,'1797',603,,19719,16,,,0,28,,19731,16,,,0,70,,19738,16,,,0,30,,19726,16,,,0,70,,19747,16,,,0,30,,19735,16,,,0,70,,19718,16,,,0,31,,19730,16,,,0,70,,19741,16,,,0,30,,19725,16,,,0,70,,19748,16,,,0,30,,19734,16,,,0,70,,19717,16,,,0,30,,19729,16,,,0,70,,19740,16,,,0,30,,19724,16,,,0,70,,19720,16,,,0,30,,19733,16,,,0,70,,19716,16,,,0,30,,19728,16,,,0,69,,19736,16,,,0,30,,19723,16,,,0,70,,19745,16,,,0,30,,19732,16,,,0,70,,19715,16,,,0,30,,19727,16,,,0,70,,19739,16,,,0,30,,19721,16,,,0,70,,19743,16,,,0,30,,19742,16,,,0,70,,19714,16,,,0,30,,19722,16,,,0,69,,19737,16,,,0,30,,19746,16,,,0,70,,19744,16,,,0
1029,'1798',603,,19749,16,,,0,98,,19750,16,,,0,100,,19751,16,,,0,100,,19752,16,,,0,101,,19753,16,,,0,100,,19754,16,,,0,100,,19755,16,,,0,100,,19756,16,,,0,100,,19757,16,,,0,100,,19758,16,,,0,99,,19759,16,,,0,100,,19760,16,,,0,100,,19761,16,,,0,100,,19762,16,,,0,100,,19763,16,,,0,100,,19764,16,,,0,99,,19765,16,,,0,100,,19766,16,,,0
1029,'1799',603,,19767,16,,,0,98,,19768,16,,,0,100,,19769,16,,,0,100,,19770,16,,,0,101,,19771,16,,,0,100,,19772,16,,,0,100,,19773,16,,,0,100,,19774,16,,,0,100,,19775,16,,,0,100,,19776,16,,,0,99,,19777,16,,,0,100,,19778,16,,,0,100,,19779,16,,,0,100,,19780,16,,,0,100,,19781,16,,,0,100,,19782,16,,,0,99,,19783,16,,,0,100,,19784,16,,,0
1029,'1800',603,,19785,16,,,0,98,,19786,16,,,0,100,,19787,16,,,0,100,,19788,16,,,0,101,,19789,16,,,0,100,,19790,16,,,0,100,,19791,16,,,0,100,,19792,16,,,0,100,,19793,16,,,0,100,,19794,16,,,0,99,,19795,16,,,0,100,,19796,16,,,0,100,,19797,16,,,0,100,,19798,16,,,0,100,,19799,16,,,0,100,,19800,16,,,0,99,,19801,16,,,0,100,,19802,16,,,0
7029,'1796',517,,15002,18,,,0,103,,15003,18,,,0,29,,20395,18,,,0,72,,15005,18,,,0,30,,15006,18,,,0,70,,15007,18,,,0,30,,20396,18,,,0,70,,20397,18,,,0,30,,20398,18,,,0,70,,20399,18,,,0,30,,20400,18,,,0,70,,20401,18,,,0,30,,15014,18,,,0,70,,20392,18,,,0,30,,20393,18,,,0,70,,20394,18,,,0,31,,20391,18,,,0,70,,14996,18,,,0,31,,15001,18,,,0,69,,20402,18,,,0,30,,20403,18,,,0,70,,20404,18,,,0,29,,15018,18,,,0,70,,20405,18,,,0,29,,15020,18,,,0,70,,15021,18,,,0,30,,20406,18,,,0,70,,20407,18,,,0,30,,20408,18,,,0,69,,15025,18,,,0,101,,15026,18,,,0,100,,15027,18,,,0,100,,15028,18,,,0
7029,'1797',621,,15060,7,,,0,29,,20409,18,,,0,70,,20420,18,,,0,30,,20410,18,,,0,69,,20421,18,,,0,30,,20411,18,,,0,70,,15045,18,,,0,30,,20412,18,,,0,70,,20422,18,,,0,30,,20413,18,,,0,70,,20423,18,,,0,30,,15034,18,,,0,70,,15048,18,,,0,30,,20414,18,,,0,70,,20424,18,,,0,30,,15036,18,,,0,71,,20425,18,,,0,30,,15037,18,,,0,70,,15051,18,,,0,30,,20415,18,,,0,69,,20426,18,,,0,30,,20416,18,,,0,70,,20427,18,,,0,30,,20417,18,,,0,70,,15054,18,,,0,30,,20418,18,,,0,70,,20428,18,,,0,30,,20419,18,,,0,71,,20429,18,,,0,100,,15057,18,,,0,100,,15058,18,,,0,100,,15059,18,,,0
7029,'1798',720,,15063,18,,,0,99,,15064,18,,,0,100,,20432,18,,,0,100,,15066,18,,,0,100,,15067,18,,,0,100,,20433,18,,,0,100,,15069,18,,,0,101,,15070,18,,,0,100,,20434,18,,,0,99,,15072,18,,,0,100,,15073,18,,,0,100,,20435,18,,,0,100,,15075,18,,,0,101,,15076,18,,,0,100,,20431,18,,,0
7029,'1799',720,,15079,18,,,0,99,,15080,18,,,0,100,,20438,18,,,0,100,,15082,18,,,0,100,,15083,18,,,0,100,,20439,18,,,0,100,,15085,18,,,0,101,,15086,18,,,0,100,,20440,18,,,0,99,,15088,18,,,0,100,,15089,18,,,0,100,,20441,18,,,0,100,,15091,18,,,0,101,,15092,18,,,0,100,,20437,18,,,0
7029,'1800',720,,15095,18,,,0,99,,15096,18,,,0,100,,20444,18,,,0,100,,15098,18,,,0,100,,15099,18,,,0,100,,20445,18,,,0,100,,15101,18,,,0,101,,15102,18,,,0,100,,20446,18,,,0,99,,15104,18,,,0,100,,15105,18,,,0,100,,20447,18,,,0,100,,15107,18,,,0,101,,15108,18,,,0,100,,20443,18,,,0
22019,'1796',553,,16313,2,0,19 2 24 1 25 26,0,66,,21266,2,0,19 2 24 1 25 26,0,26,,21240,2,0,19 2 24 1 25 26,0,70,,21241,2,0,19 2 24 1 25 26,0,32,,21242,2,,,0,70,,16287,2,,,0,30,,16288,2,,,0,69,,21243,2,,,0,30,,21244,2,,,0,70,,21245,2,,,0,30,,21246,2,,,0,70,,21247,2,,,0,30,,21248,2,,,0,70,,21249,2,,,0,30,,21250,2,,,0,71,,21251,2,,,0,30,,21252,2,,,0,70,,21253,2,,,0,32,,21254,2,,,0,70,,21255,2,,,0,28,,21265,2,,,0,70,,21256,2,,,0,30,,21257,2,,,0,69,,21258,2,,,0,30,,21259,2,,,0,69,,21260,2,,,0,30,,16307,2,,,0,70,,21261,2,,,0,30,,21262,2,,,0,68,,21263,2,,,0,30,,16311,2,,,0,70,,21264,2,0,19 2 24 1 25 26,0
22019,'1797',617,,16335,2,0,19 2 24 1 25 26,0,24,,16340,2,0,19 2 24 1 25 26,0,70,,16336,2,0,19 2 24 1 25 26,0,30,,16341,2,0,19 2 24 1 25 26,0,70,,16337,2,0,19 2 24 1 25 26,0,31,,16316,2,,,0,72,,16317,2,,,0,30,,16318,2,,,0,70,,16319,2,,,0,30,,16320,2,,,0,70,,16321,2,,,0,30,,16322,2,,,0,70,,16323,2,,,0,31,,16324,2,,,0,70,,16325,2,,,0,30,,16326,2,,,0,70,,16327,2,,,0,31,,16328,2,,,0,70,,16329,2,,,0,30,,16330,2,,,0,70,,16331,2,,,0,29,,16332,2,,,0,70,,16333,2,,,0,29,,16342,2,0,19 2 24 1 25 26,0,70,,16338,2,0,19 2 24 1 25 26,0,30,,16343,2,0,19 2 24 1 25 26,0,69,,16334,2,0,19 2 24 1 25 26,0,30,,16344,2,0,19 2 24 1 25 26,0,69,,16339,2,0,19 2 24 1 25 26,0,30,,16345,2,0,19 2 24 1 25 26,0,70,,16346,2,0,19 2 24 1 25 26,0
22019,'1798',645,,21276,2,0,19 2 24 1 25 26,0,94,,21277,2,0,19 2 24 1 25 26,0,100,,21274,2,,,0,100,,21275,2,,,0,100,,21268,2,,,0,100,,21273,2,,,0,100,,21269,2,,,0,100,,21270,2,,,0,100,,21267,2,,,0,100,,21271,2,,,0,100,,21272,2,,,0,100,,16358,2,0,19 2 24 1 25 26,0,100,,21278,2,0,19 2 24 1 25 26,0,100,,16360,2,0,19 2 24 1 25 26,0,108,,21279,2,0,19 2 24 1 25 26,0
22019,'1799',645,,21289,2,0,19 2 24 1 25 26,0,94,,21290,2,0,19 2 24 1 25 26,0,100,,21287,2,,,0,100,,21288,2,,,0,100,,21281,2,,,0,100,,21286,2,,,0,100,,21282,2,,,0,100,,21283,2,,,0,100,,21280,2,,,0,100,,21284,2,,,0,100,,21285,2,,,0,100,,16373,2,0,19 2 24 1 25 26,0,100,,21291,2,0,19 2 24 1 25 26,0,100,,16375,2,0,19 2 24 1 25 26,0,108,,21292,2,0,19 2 24 1 25 26,0
22019,'1800',645,,21302,2,0,19 2 24 1 25 26,0,94,,21303,2,0,19 2 24 1 25 26,0,100,,21300,2,,,0,100,,21301,2,,,0,100,,21294,2,,,0,100,,21299,2,,,0,100,,21295,2,,,0,100,,21296,2,,,0,100,,21293,2,,,0,100,,21297,2,,,0,100,,21298,2,,,0,100,,16388,2,0,19 2 24 1 25 26,0,100,,21304,2,0,19 2 24 1 25 26,0,100,,16390,2,0,19 2 24 1 25 26,0,108,,21305,2,0,19 2 24 1 25 26,0
