7019,'1796',521,,20281,12,4,,0
7019,'1798',600,,20329,12,4,,0
7019,'1799',600,,20351,12,4,,0
7019,'1800',600,,20373,12,4,,0
502019,'1796',619,,22109,12,4,,0,30,,22110,12,4,,0,65,,22150,12,4,,0,10,,22111,12,4,,0,28,,22112,12,4,,0,65,,22113,12,4,,0,12,,22114,12,4,,0,24,,22115,12,4,,0,64,,22116,12,4,,0,12,,22117,12,4,,0,24,,22118,12,4,,0,72,,22119,12,4,,0,30,,22120,12,4,,0,70,,22121,12,4,,0,30,,22122,12,4,,0,71,,22123,12,4,,0,30,,22124,12,4,,0,70,,22125,12,4,,0,30,,22126,12,4,,0,70,,22127,12,4,,0,77,,22128,12,4,,0,30,,22129,12,4,,0,70,,22130,12,4,,0,28,,22131,12,4,,0,24,,22132,12,4,,0,52,,22133,12,4,,0,21,,22134,12,4,,0,5,,22151,12,4,,0,15,,22135,12,4,,0,52,,22136,12,4,,0,24,,22137,12,4,,0,22,,22138,12,4,,0,12,,22139,12,4,,0,64,,22140,12,4,,0,30,,22141,12,4,,0,69,,22142,12,4,,0,30,,22143,12,4,,0,70,,22144,12,4,,0,30,,22145,12,4,,0,70,,22146,12,4,,0,30,,22147,12,4,,0,69,,22148,12,4,,0,30,,22149,12,4,,0
502019,'1797',649,,22159,12,4,,0,70,,22166,12,4,,0,30,,22158,12,4,,0,70,,22167,12,4,,0,32,,22157,12,4,,0,70,,22168,12,4,,0,30,,22156,12,4,,0,72,,22169,12,4,,0,30,,22177,12,4,,0,70,,22170,12,4,,0,30,,22178,12,4,,0,71,,22171,12,4,,0,30,,22179,12,4,,0,70,,22172,12,4,,0,30,,22180,12,4,,0,71,,22173,12,4,,0,30,,22181,12,4,,0,70,,22174,12,4,,0,30,,22182,12,4,,0,69,,22175,12,4,,0,30,,22183,12,4,,0,69,,22176,12,4,,0,30,,22184,12,4,,0,69,,22160,12,4,,0,30,,22185,12,4,,0,70,,22162,12,4,,0,98,,22161,12,4,,0,30,,22155,12,4,,0,70,,22163,12,4,,0,30,,22154,12,4,,0,70,,22164,12,4,,0,30,,22153,12,4,,0,70,,22165,12,4,,0,30,,22152,12,4,,0
502019,'1798',649,,22200,12,4,,0,70,,22186,12,4,,0,30,,22203,12,4,,0,70,,22217,12,4,,0,32,,22197,12,4,,0,70,,22216,12,4,,0,30,,22199,12,4,,0,72,,22215,12,4,,0,30,,22194,12,4,,0,70,,22214,12,4,,0,30,,22189,12,4,,0,71,,22213,12,4,,0,30,,22192,12,4,,0,70,,22211,12,4,,0,30,,22190,12,4,,0,70,,22212,12,4,,0,30,,22193,12,4,,0,70,,22210,12,4,,0,30,,22187,12,4,,0,70,,22209,12,4,,0,30,,22191,12,4,,0,69,,22208,12,4,,0,30,,22188,12,4,,0,69,,22207,12,4,,0,30,,22201,12,4,,0,70,,22206,12,4,,0,30,,22202,12,4,,0,68,,22205,12,4,,0,30,,22195,12,4,,0,70,,22218,12,4,,0,30,,22204,12,4,,0,70,,22219,12,4,,0,30,,22198,12,4,,0,68,,22220,12,4,,0,30,,22196,12,4,,0
502019,'1799',649,,22235,12,4,,0,70,,22221,12,4,,0,30,,22238,12,4,,0,70,,22252,12,4,,0,32,,22232,12,4,,0,70,,22251,12,4,,0,30,,22234,12,4,,0,72,,22250,12,4,,0,30,,22229,12,4,,0,70,,22249,12,4,,0,30,,22224,12,4,,0,71,,22248,12,4,,0,30,,22227,12,4,,0,70,,22246,12,4,,0,30,,22225,12,4,,0,70,,22247,12,4,,0,30,,22228,12,4,,0,70,,22245,12,4,,0,30,,22222,12,4,,0,70,,22244,12,4,,0,30,,22226,12,4,,0,69,,22243,12,4,,0,30,,22223,12,4,,0,69,,22242,12,4,,0,30,,22236,12,4,,0,70,,22241,12,4,,0,30,,22237,12,4,,0,68,,22240,12,4,,0,30,,22230,12,4,,0,70,,22253,12,4,,0,30,,22239,12,4,,0,70,,22254,12,4,,0,30,,22233,12,4,,0,68,,22255,12,4,,0,30,,22231,12,4,,0
502019,'1800',649,,22270,12,4,,0,70,,22256,12,4,,0,30,,22273,12,4,,0,70,,22287,12,4,,0,32,,22267,12,4,,0,70,,22286,12,4,,0,30,,22269,12,4,,0,72,,22285,12,4,,0,30,,22264,12,4,,0,70,,22284,12,4,,0,30,,22259,12,4,,0,71,,22283,12,4,,0,30,,22262,12,4,,0,70,,22281,12,4,,0,30,,22260,12,4,,0,70,,22282,12,4,,0,30,,22263,12,4,,0,70,,22280,12,4,,0,30,,22257,12,4,,0,70,,22279,12,4,,0,30,,22261,12,4,,0,69,,22278,12,4,,0,30,,22258,12,4,,0,69,,22277,12,4,,0,30,,22271,12,4,,0,70,,22276,12,4,,0,30,,22272,12,4,,0,68,,22275,12,4,,0,30,,22265,12,4,,0,70,,22288,12,4,,0,30,,22274,12,4,,0,70,,22289,12,4,,0,30,,22268,12,4,,0,68,,22290,12,4,,0,30,,22266,12,4,,0
502029,'1796',525,,22291,1,,,0,15,,22292,1,,,0,15,,22293,1,,,0,55,,22294,1,,,0,7,,22295,1,,,0,8,,22296,1,,,0,15,,22297,1,,,0,12,,22298,1,,,0,52,,22299,1,,,0,12,,22300,1,,,0,6,,22301,1,,,0,6,,22302,1,,,0,12,,22303,1,,,0,6,,17574,1,,,0,6,,22304,1,,,0,52,,22305,1,,,0,12,,22306,1,,,0,12,,22307,1,,,0,12,,22308,1,,,0,15,,22309,1,,,0,55,,22310,1,,,0,15,,22311,1,,,0,15,,22312,1,,,0,15,,22313,1,,,0,55,,22314,1,,,0,15,,22315,1,,,0,15,,22316,1,,,0,15,,22317,1,,,0,55,,22318,1,,,0,15,,22319,1,,,0,15,,22320,1,,,0,15,,22321,1,,,0,55,,22322,1,,,0,15,,22323,1,,,0,15,,22324,1,,,0,15,,22325,1,,,0,55,,22326,1,,,0,15,,22327,1,,,0,15,,22328,1,,,0,15,,22329,1,,,0,55,,22330,1,,,0,15,,22331,1,,,0,15,,22332,1,,,0,15,,22333,1,,,0,55,,22334,1,,,0,12,,22335,1,,,0,12,,22336,1,,,0,12,,22337,1,,,0,12,,22338,1,,,0,52,,22339,1,,,0,12,,22340,1,,,0,12,,22341,1,,,0,12,,22342,1,,,0,12,,22343,1,,,0,52,,22344,1,,,0,12,,22345,1,,,0,12,,22346,1,,,0,12,,22347,1,,,0,12,,22348,1,,,0,52,,22349,1,,,0,15,,22350,1,,,0,15,,22360,1,,,0,15,,22351,1,,,0,70,,22352,1,,,0,30,,22353,1,,,0,70,,22354,1,,,0,30,,22355,1,,,0,70,,22356,1,,,0,30,,22357,1,,,0,70,,22358,1,,,0,30,,22359,1,,,0
502029,'1797',600,,22368,1,,,0,15,,22414,1,,,0,15,,22375,1,,,0,70,,22367,1,,,0,30,,22376,1,,,0,25,,22366,1,,,0,70,,22377,1,,,0,30,,22365,1,,,0,70,,22378,1,,,0,15,,22379,1,,,0,15,,22405,1,,,0,55,,22388,1,,,0,15,,22397,1,,,0,15,,22380,1,,,0,15,,22406,1,,,0,55,,22389,1,,,0,15,,22398,1,,,0,15,,22381,1,,,0,15,,22407,1,,,0,55,,22390,1,,,0,15,,22399,1,,,0,15,,22382,1,,,0,15,,22408,1,,,0,55,,22391,1,,,0,15,,22400,1,,,0,15,,22383,1,,,0,15,,22409,1,,,0,55,,22392,1,,,0,15,,22401,1,,,0,15,,22384,1,,,0,15,,22410,1,,,0,55,,22393,1,,,0,15,,22402,1,,,0,15,,22385,1,,,0,15,,22411,1,,,0,55,,22394,1,,,0,15,,22403,1,,,0,15,,22386,1,,,0,15,,22412,1,,,0,55,,22395,1,,,0,15,,22370,1,,,0,15,,22387,1,,,0,15,,22404,1,,,0,55,,22396,1,,,0,15,,22371,1,,,0,15,,22413,1,,,0,85,,22372,1,,,0,30,,22364,1,,,0,70,,22373,1,,,0,30,,22363,1,,,0,70,,22369,1,,,0,30,,22362,1,,,0,70,,22374,1,,,0,30,,22361,1,,,0
502029,'1798',602,,22433,1,,,0,28,,22415,1,,,0,25,,22424,1,,,0,70,,22449,1,,,0,30,,22429,1,,,0,70,,22448,1,,,0,30,,22427,1,,,0,70,,22447,1,,,0,30,,22416,1,,,0,70,,22446,1,,,0,15,,22458,1,,,0,15,,22417,1,,,0,55,,22460,1,,,0,15,,22445,1,,,0,15,,22463,1,,,0,15,,22418,1,,,0,55,,22452,1,,,0,15,,22444,1,,,0,15,,22455,1,,,0,15,,22419,1,,,0,55,,22457,1,,,0,15,,22443,1,,,0,15,,22461,1,,,0,15,,22420,1,,,0,55,,22462,1,,,0,15,,22442,1,,,0,15,,22451,1,,,0,15,,22421,1,,,0,55,,22454,1,,,0,15,,22441,1,,,0,15,,22456,1,,,0,15,,22422,1,,,0,55,,22459,1,,,0,15,,22440,1,,,0,15,,22464,1,,,0,15,,22423,1,,,0,55,,22450,1,,,0,15,,22439,1,,,0,15,,22453,1,,,0,15,,22432,1,,,0,70,,22438,1,,,0,30,,22430,1,,,0,70,,22437,1,,,0,30,,22425,1,,,0,70,,22436,1,,,0,30,,22426,1,,,0,70,,22434,1,,,0,30,,22431,1,,,0,70,,22435,1,,,0,30,,22428,1,,,0
502029,'1799',602,,22483,1,,,0,28,,22465,1,,,0,25,,22474,1,,,0,70,,22499,1,,,0,30,,22479,1,,,0,70,,22498,1,,,0,30,,22477,1,,,0,70,,22497,1,,,0,30,,22466,1,,,0,70,,22496,1,,,0,15,,22508,1,,,0,15,,22467,1,,,0,55,,22510,1,,,0,15,,22495,1,,,0,15,,22513,1,,,0,15,,22468,1,,,0,55,,22502,1,,,0,15,,22494,1,,,0,15,,22505,1,,,0,15,,22469,1,,,0,55,,22507,1,,,0,15,,22493,1,,,0,15,,22511,1,,,0,15,,22470,1,,,0,55,,22512,1,,,0,15,,22492,1,,,0,15,,22501,1,,,0,15,,22471,1,,,0,55,,22504,1,,,0,15,,22491,1,,,0,15,,22506,1,,,0,15,,22472,1,,,0,55,,22509,1,,,0,15,,22490,1,,,0,15,,22514,1,,,0,15,,22473,1,,,0,55,,22500,1,,,0,15,,22489,1,,,0,15,,22503,1,,,0,15,,22482,1,,,0,70,,22488,1,,,0,30,,22480,1,,,0,70,,22487,1,,,0,30,,22475,1,,,0,70,,22486,1,,,0,30,,22476,1,,,0,70,,22484,1,,,0,30,,22481,1,,,0,70,,22485,1,,,0,30,,22478,1,,,0
502029,'1800',602,,22533,1,,,0,28,,22515,1,,,0,25,,22524,1,,,0,70,,22549,1,,,0,30,,22529,1,,,0,70,,22548,1,,,0,30,,22527,1,,,0,70,,22547,1,,,0,30,,22516,1,,,0,70,,22546,1,,,0,15,,22558,1,,,0,15,,22517,1,,,0,55,,22560,1,,,0,15,,22545,1,,,0,15,,22563,1,,,0,15,,22518,1,,,0,55,,22552,1,,,0,15,,22544,1,,,0,15,,22555,1,,,0,15,,22519,1,,,0,55,,22557,1,,,0,15,,22543,1,,,0,15,,22561,1,,,0,15,,22520,1,,,0,55,,22562,1,,,0,15,,22542,1,,,0,15,,22551,1,,,0,15,,22521,1,,,0,55,,22554,1,,,0,15,,22541,1,,,0,15,,22556,1,,,0,15,,22522,1,,,0,55,,22559,1,,,0,15,,22540,1,,,0,15,,22564,1,,,0,15,,22523,1,,,0,55,,22550,1,,,0,15,,22539,1,,,0,15,,22553,1,,,0,15,,22532,1,,,0,70,,22538,1,,,0,30,,22530,1,,,0,70,,22537,1,,,0,30,,22525,1,,,0,70,,22536,1,,,0,30,,22526,1,,,0,70,,22534,1,,,0,30,,22531,1,,,0,70,,22535,1,,,0,30,,22528,1,,,0
10019019,'1796',643,,23302,14,4,,0,70,,23300,14,4,,0
14000001029,'1796',508,,19519,49,4,,0,102,,23396,49,4,,0
14000001029,'1797',605,,19531,49,4,,0
14000001029,'1798',605,,23409,49,4,,0
14000001029,'1799',605,,23414,49,4,,0
14000001029,'1800',605,,23419,49,4,,0
