10019,'1796',549,,15127,5,,,0,99,,15122,31,,,0,100,,20449,31,,,0,100,,20458,31,,,0,100,,20459,31,,,0,100,,20460,31,,,0,100,,20457,31,,,0,100,,20456,31,,,0,100,,20455,31,,,0,100,,20454,31,,,0,100,,20453,31,,,0,100,,15116,31,,,0,100,,15115,31,,,0,100,,20452,31,,,0,100,,15126,31,,,0,100,,15112,31,,,0,100,,20451,31,,,0,100,,20450,31,,,0
10019,'1797',549,,20461,5,,,0,100,,15144,5,,,0,99,,15135,31,,,0,100,,15128,31,,,0,100,,15136,31,,,0,100,,15129,31,,,0,100,,15137,31,,,0,100,,15130,31,,,0,100,,15138,31,,,0,100,,15131,31,,,0,100,,15139,31,,,0,100,,15132,31,,,0,100,,15140,31,,,0,100,,15133,31,,,0,100,,15141,31,,,0,100,,15134,31,,,0,100,,15142,31,,,0
10019,'1798',850,,15156,5,,,0,98,,15153,31,,,0,100,,15155,31,,,0,100,,15146,31,,,0,100,,15148,31,,,0,100,,15150,31,,,0,100,,15152,31,,,0,100,,15154,31,,,0,100,,15145,31,,,0,100,,15147,31,,,0,100,,15149,31,,,0,100,,15151,31,,,0
10019,'1799',850,,15168,5,,,0,98,,15165,31,,,0,100,,15167,31,,,0,100,,15158,31,,,0,100,,15160,31,,,0,100,,15162,31,,,0,100,,15164,31,,,0,100,,15166,31,,,0,100,,15157,31,,,0,100,,15159,31,,,0,100,,15161,31,,,0,100,,15163,31,,,0
10019,'1800',850,,15180,5,,,0,98,,15177,31,,,0,100,,15179,31,,,0,100,,15170,31,,,0,100,,15172,31,,,0,100,,15174,31,,,0,100,,15176,31,,,0,100,,15178,31,,,0,100,,15169,31,,,0,100,,15171,31,,,0,100,,15173,31,,,0,100,,15175,31,,,0
15029,'1796',617,,20792,20,,,0,20,,15687,20,,,0,71,,15688,60,,,0,31,,15689,60,,,0,74,,20793,60,,,0,30,,20794,60,,,0,73,,20795,60,,,0,30,,20796,60,,,0,65,,20797,60,,,0,30,,20798,60,,,0,70,,15696,60,,,0,30,,20799,60,,,0,70,,20800,60,,,0,30,,20801,60,,,0,70,,20802,60,,,0,30,,15701,60,,,0,70,,15702,60,,,0,32,,20803,60,,,0,73,,20804,60,,,0,35,,15705,60,,,0,72,,20805,60,,,0,29,,20806,60,,,0,66,,20807,60,,,0,23,,15709,60,,,0,69,,20808,60,,,0,29,,20809,60,,,0,67,,20810,60,,,0,30,,15713,60,,,0,70,,20811,60,,,0,30,,20812,60,,,0,70,,20813,60,,,0,99,,20815,60,,,0,97,,20814,60,,,0
15029,'1797',613,,20817,20,,,0,133,,20818,60,,,0,93,,15723,60,,,0,100,,20819,60,,,0,100,,20820,60,,,0,102,,15726,60,,,0,100,,20821,60,,,0,100,,20822,60,,,0,105,,15729,60,,,0,100,,20823,60,,,0,98,,20824,60,,,0,98,,15732,60,,,0,99,,20825,60,,,0,99,,20816,60,,,0,100,,15720,60,,,0
15029,'1798',741,,15747,60,,,0,98,,20829,60,,,0,101,,15744,60,,,0,100,,15745,60,,,0,102,,20830,60,,,0,100,,15742,60,,,0,100,,15739,60,,,0,102,,20828,60,,,0,100,,15741,60,,,0,99,,15738,60,,,0,99,,20827,60,,,0,99,,15736,60,,,0,99,,15737,60,,,0,100,,20826,60,,,0
15029,'1799',741,,15761,60,,,0,98,,20834,60,,,0,101,,15758,60,,,0,100,,15759,60,,,0,102,,20835,60,,,0,100,,15756,60,,,0,100,,15753,60,,,0,102,,20833,60,,,0,100,,15755,60,,,0,99,,15752,60,,,0,99,,20832,60,,,0,99,,15750,60,,,0,99,,15751,60,,,0,100,,20831,60,,,0
15029,'1800',741,,15775,60,,,0,98,,20839,60,,,0,101,,15772,60,,,0,100,,15773,60,,,0,102,,20840,60,,,0,100,,15770,60,,,0,100,,15767,60,,,0,102,,20838,60,,,0,100,,15769,60,,,0,99,,15766,60,,,0,99,,20837,60,,,0,99,,15764,60,,,0,99,,15765,60,,,0,100,,20836,60,,,0
