1019,'1796',603,,13774,42,,,0,30,,19586,42,,,0,70,,19562,42,,,0,31,,19557,42,,,0,71,,19575,42,,,0,31,,19559,42,,,0,70,,19564,42,,,0,29,,19589,42,,,0,70,,19561,42,,,0,30,,19555,42,,,0,71,,19574,42,,,0,30,,19560,42,,,0,70,,19565,42,,,0,30,,19585,42,,,0,70,,19563,42,,,0,31,,19556,42,,,0,70,,19587,42,,,0,32,,19558,42,,,0,70,,19566,42,,,0,30,,19584,42,,,0,69,,19577,42,,,0,30,,19569,42,,,0,70,,19567,42,,,0,28,,19570,42,,,0,70,,19572,42,,,0,29,,19571,42,,,0,69,,19568,42,,,0,30,,19588,42,,,0,70,,19582,42,,,0,30,,19583,42,,,0,70,,19581,42,,,0,29,,19580,42,,,0,74,,19579,42,,,0,30,,19578,42,,,0,70,,19576,42,,,0,25,,19573,42,,,0
1019,'1797',602,,19601,42,,,0,30,,19615,42,,,0,70,,19600,42,,,0,30,,19620,42,,,0,71,,19610,42,,,0,30,,19594,42,,,0,70,,19616,42,,,0,30,,19618,42,,,0,70,,19599,42,,,0,30,,19621,42,,,0,71,,19609,42,,,0,30,,19593,42,,,0,70,,19604,42,,,0,30,,19614,42,,,0,70,,19598,42,,,0,30,,19622,42,,,0,70,,19608,42,,,0,30,,19592,42,,,0,70,,19603,42,,,0,30,,19613,42,,,0,70,,19597,42,,,0,30,,19623,42,,,0,70,,19607,42,,,0,30,,19591,42,,,0,70,,19602,42,,,0,30,,19612,42,,,0,70,,19595,42,,,0,29,,19624,42,,,0,70,,19605,42,,,0,30,,19590,42,,,0,70,,19596,42,,,0,30,,19611,42,,,0,73,,19606,42,,,0,29,,19625,42,,,0,70,,19619,42,,,0,25,,19617,42,,,0
1019,'1798',632,,19626,42,,,0,100,,19627,42,,,0,101,,19628,42,,,0,100,,19629,42,,,0,100,,19630,42,,,0,101,,19631,42,,,0,100,,19632,42,,,0,100,,19633,42,,,0,100,,19634,42,,,0,100,,19635,42,,,0,100,,19636,42,,,0,100,,19637,42,,,0,100,,19638,42,,,0,99,,19639,42,,,0,100,,19640,42,,,0,100,,19641,42,,,0,102,,19642,42,,,0,95,,19643,42,,,0
1019,'1799',632,,19644,42,,,0,100,,19645,42,,,0,101,,19646,42,,,0,100,,19647,42,,,0,100,,19648,42,,,0,101,,19649,42,,,0,100,,19650,42,,,0,100,,19651,42,,,0,100,,19652,42,,,0,100,,19653,42,,,0,100,,19654,42,,,0,100,,19655,42,,,0,100,,19656,42,,,0,99,,19657,42,,,0,100,,19658,42,,,0,100,,19659,42,,,0,102,,19660,42,,,0,95,,19661,42,,,0
1019,'1800',632,,19662,42,,,0,100,,19663,42,,,0,101,,19664,42,,,0,100,,19665,42,,,0,100,,19666,42,,,0,101,,19667,42,,,0,100,,19668,42,,,0,100,,19669,42,,,0,100,,19670,42,,,0,100,,19671,42,,,0,100,,19672,42,,,0,100,,19673,42,,,0,100,,19674,42,,,0,99,,19675,42,,,0,100,,19676,42,,,0,100,,19677,42,,,0,102,,19678,42,,,0,95,,19679,42,,,0
7029,'1796',519,,15002,22,,,0,103,,15003,22,,,0,29,,20395,22,,,0,72,,15005,22,,,0,30,,15006,22,,,0,71,,15007,22,,,0,29,,20396,22,,,0,70,,20397,22,,,0,30,,20398,22,,,0,70,,20399,22,,,0,30,,20400,22,,,0,70,,20401,22,,,0,30,,15014,22,,,0,70,,20392,22,,,0,30,,20393,22,,,0,70,,20394,22,,,0,31,,20391,22,,,0,70,,14996,22,,,0,31,,15001,22,,,0,69,,20402,22,,,0,30,,20403,22,,,0,70,,20404,22,,,0,29,,15018,22,,,0,70,,20405,22,,,0,29,,15020,22,,,0,70,,15021,22,,,0,30,,20406,22,,,0,70,,20407,22,,,0,30,,20408,22,,,0,69,,15025,22,,,0,101,,15026,22,,,0,99,,15027,22,,,0,100,,15028,22,,,0
7029,'1797',622,,15060,11,,,0,29,,20409,22,,,0,70,,20420,22,,,0,30,,20410,22,,,0,70,,20421,22,,,0,30,,20411,22,,,0,70,,15045,22,,,0,30,,20412,22,,,0,70,,20422,22,,,0,30,,20413,22,,,0,70,,20423,22,,,0,30,,15034,22,,,0,70,,15048,22,,,0,30,,20414,22,,,0,70,,20424,22,,,0,30,,15036,22,,,0,71,,20425,22,,,0,30,,15037,22,,,0,70,,15051,22,,,0,30,,20415,22,,,0,69,,20426,22,,,0,30,,20416,22,,,0,70,,20427,22,,,0,30,,20417,22,,,0,70,,15054,22,,,0,30,,20418,22,,,0,70,,20428,22,,,0,30,,20419,22,,,0,70,,20429,22,,,0,100,,15057,22,,,0,100,,15058,22,,,0,100,,15059,22,,,0
7029,'1798',721,,15063,22,,,0,100,,15064,22,,,0,100,,20432,22,,,0,100,,15066,22,,,0,100,,15067,22,,,0,100,,20433,22,,,0,100,,15069,22,,,0,101,,15070,22,,,0,100,,20434,22,,,0,99,,15072,22,,,0,100,,15073,22,,,0,100,,20435,22,,,0,100,,15075,22,,,0,100,,15076,22,,,0,100,,20431,22,,,0
7029,'1799',721,,15079,22,,,0,100,,15080,22,,,0,100,,20438,22,,,0,100,,15082,22,,,0,100,,15083,22,,,0,100,,20439,22,,,0,100,,15085,22,,,0,101,,15086,22,,,0,100,,20440,22,,,0,99,,15088,22,,,0,100,,15089,22,,,0,100,,20441,22,,,0,100,,15091,22,,,0,100,,15092,22,,,0,100,,20437,22,,,0
7029,'1800',721,,15095,22,,,0,100,,15096,22,,,0,100,,20444,22,,,0,100,,15098,22,,,0,100,,15099,22,,,0,100,,20445,22,,,0,100,,15101,22,,,0,101,,15102,22,,,0,100,,20446,22,,,0,99,,15104,22,,,0,100,,15105,22,,,0,100,,20447,22,,,0,100,,15107,22,,,0,100,,15108,22,,,0,100,,20443,22,,,0
