11019,'1796',723,,20476,30,,,0,102,,20477,30,,,0,100,,20478,30,,,0,100,,20479,30,,,0,100,,20480,30,,,0,101,,15258,30,,,0,100,,20481,30,,,0,100,,15260,30,,,0,100,,20482,30,,,0,100,,20483,30,,,0,100,,15263,30,,,0,97,,15264,30,,,0,100,,20484,30,,,0,100,,15266,30,,,0,98,,20485,30,,,0
11019,'1797',722,,20489,30,,,0,100,,20490,30,,,0,101,,20491,30,,,0,100,,20492,30,,,0,100,,20493,30,,,0,106,,20494,30,,,0,100,,20495,30,,,0,100,,15278,30,,,0,100,,20496,30,,,0,98,,15280,30,,,0,100,,15281,30,,,0,97,,20497,30,,,0,98,,20487,30,,,0,100,,20488,30,,,0
11019,'1798',923,,20499,30,,,0,100,,20500,30,,,0,103,,20501,30,,,0,103,,20502,30,,,0,100,,20503,30,,,0,100,,20504,30,,,0,100,,20505,30,,,0,98,,20506,30,,,0,100,,20507,30,,,0,97,,20508,30,,,0,98,,20509,30,,,0,100,,20510,30,,,0
11019,'1799',923,,20511,30,,,0,100,,20512,30,,,0,103,,20513,30,,,0,103,,20514,30,,,0,100,,20515,30,,,0,100,,20516,30,,,0,100,,20517,30,,,0,98,,20518,30,,,0,100,,20519,30,,,0,97,,20520,30,,,0,98,,20521,30,,,0,100,,20522,30,,,0
11019,'1800',923,,20523,30,,,0,100,,20524,30,,,0,103,,20525,30,,,0,103,,20526,30,,,0,100,,20527,30,,,0,100,,20528,30,,,0,100,,20529,30,,,0,98,,20530,30,,,0,100,,20531,30,,,0,97,,20532,30,,,0,98,,20533,30,,,0,100,,20534,30,,,0
14019,'1796',534,,15534,26,,,0,100,,20690,26,,,0,80,,20670,26,,,0,30,,20678,26,,,0,69,,20671,26,,,0,23,,15518,26,,,0,70,,15506,26,,,0,30,,15519,26,,,0,70,,20672,26,,,0,30,,20679,26,,,0,70,,20673,26,,,0,30,,20680,26,,,0,70,,20674,26,,,0,30,,20681,26,,,0,70,,15510,26,,,0,30,,20682,26,,,0,70,,20675,26,,,0,30,,20683,26,,,0,71,,20676,26,,,0,32,,20684,26,,,0,80,,15513,26,,,0,30,,20685,26,,,0,68,,15514,26,,,0,30,,20686,26,,,0,70,,20677,26,,,0,19,,20687,26,,,0,70,,15516,26,,,0,30,,20688,26,,,0,70,,20691,26,,,0,29,,20689,26,,,0,92,,15531,26,,,0,100,,15532,26,,,0
14019,'1797',659,,20692,26,,,0,100,,20693,26,,,0,142,,20694,26,,,0,100,,20695,26,,,0,100,,20696,26,,,0,101,,20697,26,,,0,100,,15542,26,,,0,101,,20698,26,,,0,100,,15544,26,,,0,100,,15545,26,,,0,98,,20699,26,,,0,100,,20700,26,,,0,100,,20701,26,,,0,58,,20702,26,,,0,100,,20703,26,,,0,95,,15551,26,,,0,100,,15552,26,,,0
14019,'1798',659,,15566,26,,,0,100,,20716,26,,,0,142,,20705,26,,,0,100,,20706,26,,,0,100,,20707,26,,,0,101,,20708,26,,,0,100,,20709,26,,,0,101,,20710,26,,,0,100,,20711,26,,,0,100,,20712,26,,,0,98,,20713,26,,,0,100,,20714,26,,,0,100,,20715,26,,,0,58,,15554,26,,,0,95,,20704,26,,,0
14019,'1799',659,,15581,26,,,0,100,,20729,26,,,0,142,,20718,26,,,0,100,,20719,26,,,0,100,,20720,26,,,0,101,,20721,26,,,0,100,,20722,26,,,0,101,,20723,26,,,0,100,,20724,26,,,0,100,,20725,26,,,0,98,,20726,26,,,0,100,,20727,26,,,0,100,,20728,26,,,0,58,,15569,26,,,0,95,,20717,26,,,0
14019,'1800',659,,15596,26,,,0,100,,20742,26,,,0,142,,20731,26,,,0,100,,20732,26,,,0,100,,20733,26,,,0,101,,20734,26,,,0,100,,20735,26,,,0,101,,20736,26,,,0,100,,20737,26,,,0,100,,20738,26,,,0,98,,20739,26,,,0,100,,20740,26,,,0,100,,20741,26,,,0,58,,15584,26,,,0,95,,20730,26,,,0
