10029,'1796',557,,15190,2,,,0,100,,20469,2,,,0,100,,20468,2,,,0,101,,20470,2,,,0,100,,20467,2,,,0,100,,20466,2,,,0,100,,20465,2,,,0,100,,20463,2,,,0,100,,20462,2,,,0,100,,20464,2,,,0,100,,15183,2,,,0,100,,15181,2,,,0,100,,20471,2,,,0,100,,15194,2,,,0,100,,15195,2,,,0,100,,20472,2,,,0,100,,20473,2,,,0,100,,20474,2,0,27 28 1 29,0,100,,15198,2,0,27 28 1 29,0
10029,'1797',658,,15214,2,,,0,100,,15207,2,,,0,100,,15200,2,,,0,100,,15208,2,,,0,100,,15201,2,,,0,100,,15209,2,,,0,100,,15202,2,,,0,100,,15210,2,,,0,100,,15203,2,,,0,100,,15211,2,,,0,100,,15204,2,,,0,100,,15212,2,,,0,100,,15205,2,,,0,100,,15213,2,,,0,100,,15206,2,,,0,100,,15216,2,0,27 28 1 29,0,200,,20475,2,0,27 28 1 29,0
10029,'1798',858,,15221,2,,,0,100,,15227,2,,,0,100,,15220,2,,,0,100,,15225,2,,,0,100,,15218,2,,,0,100,,15223,2,,,0,100,,15224,2,,,0,100,,15226,2,,,0,100,,15219,2,,,0,100,,15217,2,,,0,100,,15222,2,,,0,100,,15228,2,0,27 28 1 29,0
10029,'1799',858,,15233,2,,,0,100,,15239,2,,,0,100,,15232,2,,,0,100,,15237,2,,,0,100,,15230,2,,,0,100,,15235,2,,,0,100,,15236,2,,,0,100,,15238,2,,,0,100,,15231,2,,,0,100,,15229,2,,,0,100,,15234,2,,,0,100,,15240,2,0,27 28 1 29,0
10029,'1800',858,,15245,2,,,0,100,,15251,2,,,0,100,,15244,2,,,0,100,,15249,2,,,0,100,,15242,2,,,0,100,,15247,2,,,0,100,,15248,2,,,0,100,,15250,2,,,0,100,,15243,2,,,0,100,,15241,2,,,0,100,,15246,2,,,0,100,,15252,2,0,27 28 1 29,0
11029,'1796',708,,20536,2,,,0,100,,20537,2,,,0,100,,20538,2,,,0,101,,20539,2,,,0,100,,15328,2,,,0,100,,20540,2,,,0,100,,15330,2,,,0,98,,20541,2,,,0,100,,20542,2,,,0,100,,15333,2,,,0,100,,15334,2,,,0,102,,20543,2,,,0,100,,15336,2,,,0,100,,20544,2,,,0,100,,20535,2,,,0
11029,'1797',708,,20557,2,,,0,100,,20547,2,,,0,100,,20548,2,,,0,101,,20549,2,,,0,100,,20550,2,,,0,100,,20551,2,,,0,100,,15345,2,,,0,100,,20552,2,,,0,100,,15347,2,,,0,100,,15348,2,,,0,100,,20553,2,,,0,100,,20554,2,,,0,99,,20555,2,,,0,100,,20556,2,,,0
11029,'1798',808,,20558,2,,,0,100,,20559,2,,,0,101,,20560,2,,,0,100,,20561,2,,,0,100,,20562,2,,,0,100,,20563,2,,,0,100,,20564,2,,,0,100,,20565,2,,,0,100,,20566,2,,,0,100,,20567,2,,,0,100,,20568,2,,,0,99,,20569,2,,,0,100,,15366,2,,,0
11029,'1799',808,,20570,2,,,0,100,,20571,2,,,0,101,,20572,2,,,0,100,,20573,2,,,0,100,,20574,2,,,0,100,,20575,2,,,0,100,,20576,2,,,0,100,,20577,2,,,0,100,,20578,2,,,0,100,,20579,2,,,0,100,,20580,2,,,0,99,,20581,2,,,0,100,,15379,2,,,0
11029,'1800',808,,20582,2,,,0,100,,20583,2,,,0,101,,20584,2,,,0,100,,20585,2,,,0,100,,20586,2,,,0,100,,20587,2,,,0,100,,20588,2,,,0,100,,20589,2,,,0,100,,20590,2,,,0,100,,20591,2,,,0,100,,20592,2,,,0,99,,20593,2,,,0,100,,15392,2,,,0
13019,'1796',609,,20594,2,,,0,30,,20595,2,,,0,69,,20596,2,,,0,30,,20597,2,,,0,96,,20598,2,,,0,100,,20599,2,,,0,100,,20600,2,,,0,100,,20601,2,,,0,100,,15427,2,,,0,100,,20602,2,,,0,69,,20603,2,,,0,31,,20604,2,,,0,70,,20605,2,,,0,31,,20611,2,,,0,70,,20606,2,,,0,30,,20612,2,,,0,70,,15433,2,,,0,30,,20610,2,,,0,100,,20607,2,,,0,100,,20609,2,,,0,100,,20608,2,,,0,98,,15437,2,,,0,100,,15436,2,,,0
13019,'1797',658,,20613,2,,,0,100,,20614,2,,,0,100,,20615,2,,,0,100,,20616,2,,,0,100,,15447,2,,,0,100,,20617,2,,,0,100,,15449,2,,,0,100,,15450,2,,,0,100,,20618,2,,,0,100,,20619,2,,,0,100,,20620,2,,,0,100,,20621,2,,,0,100,,20622,2,,,0,100,,20623,2,,,0,100,,15457,2,,,0,200,,20624,2,,,0
13019,'1798',758,,20626,2,,,0,100,,20627,2,,,0,100,,20628,2,,,0,100,,20629,2,,,0,100,,20630,2,,,0,100,,20631,2,,,0,100,,20632,2,,,0,100,,20633,2,,,0,100,,20634,2,,,0,100,,20635,2,,,0,100,,20636,2,,,0,100,,20637,2,,,0,100,,20638,2,,,0,100,,20639,2,,,0,100,,20625,2,,,0
13019,'1799',758,,20641,2,,,0,100,,20642,2,,,0,100,,20643,2,,,0,100,,20644,2,,,0,100,,20645,2,,,0,100,,20646,2,,,0,100,,20647,2,,,0,100,,20648,2,,,0,100,,20649,2,,,0,100,,20650,2,,,0,100,,20651,2,,,0,100,,20652,2,,,0,100,,20653,2,,,0,100,,20654,2,,,0,100,,20640,2,,,0
13019,'1800',758,,20656,2,,,0,100,,20657,2,,,0,100,,20658,2,,,0,100,,20659,2,,,0,100,,20660,2,,,0,100,,20661,2,,,0,100,,20662,2,,,0,100,,20663,2,,,0,100,,20664,2,,,0,100,,20665,2,,,0,100,,20666,2,,,0,100,,20667,2,,,0,100,,20668,2,,,0,100,,20669,2,,,0,100,,20655,2,,,0
