4029,'1796',618,,19953,2,,,0,30,,19954,2,,,0,70,,19955,2,,,0,24,,19956,2,,,0,76,,19957,2,,,0,24,,19958,2,,,0,71,,19959,2,,,0,30,,19960,2,,,0,70,,19961,2,,,0,30,,19962,2,,,0,70,,19963,2,,,0,31,,19964,2,,,0,70,,19965,2,,,0,30,,19966,2,,,0,70,,19967,2,,,0,30,,19968,2,,,0,70,,19969,2,,,0,35,,19970,2,,,0,65,,19971,2,,,0,36,,19972,2,,,0,64,,19973,2,,,0,36,,19974,2,,,0,64,,19975,2,,,0,36,,19976,2,,,0,67,,19977,2,,,0,29,,19978,2,,,0,70,,19979,2,,,0,30,,19980,2,,,0,72,,19981,2,,,0,30,,19982,2,,,0,70,,19983,2,,,0,30,,19984,2,,,0
4029,'1797',620,,20009,2,,,0,28,,20010,2,,,0,70,,20011,2,,,0,30,,20012,2,,,0,70,,20013,2,,,0,30,,20014,2,,,0,69,,20015,2,,,0,30,,20002,2,,,0,70,,19996,2,,,0,28,,19989,2,,,0,70,,20000,2,,,0,28,,20006,2,,,0,70,,20001,2,,,0,30,,19988,2,,,0,70,,19993,2,,,0,30,,20004,2,,,0,70,,19987,2,,,0,30,,20003,2,,,0,70,,19998,2,,,0,30,,19990,2,,,0,70,,19985,2,,,0,30,,20005,2,,,0,70,,20008,2,,,0,30,,19999,2,,,0,70,,19994,2,,,0,30,,20016,2,,,0,75,,19991,2,,,0,30,,19986,2,,,0,70,,19992,2,,,0,30,,19997,2,,,0,70,,20007,2,,,0,30,,19995,2,,,0
4029,'1798',718,,20038,2,,,0,30,,20040,2,,,0,70,,20036,2,,,0,30,,20039,2,,,0,69,,20037,2,,,0,30,,20029,2,,,0,68,,20032,2,,,0,30,,20017,2,,,0,70,,20022,2,,,0,30,,20025,2,,,0,68,,20028,2,,,0,30,,20030,2,,,0,70,,20018,2,,,0,30,,20021,2,,,0,70,,20024,2,,,0,30,,20027,2,,,0,70,,20031,2,,,0,30,,20019,2,,,0,70,,20020,2,,,0,30,,20023,2,,,0,70,,20026,2,,,0,30,,20044,2,,,0,70,,20043,2,,,0,35,,20045,2,,,0,70,,20042,2,,,0,30,,20035,2,,,0,70,,20041,2,,,0,30,,20033,2,,,0,100,,20034,2,,,0
4029,'1799',718,,20067,2,,,0,30,,20069,2,,,0,70,,20065,2,,,0,30,,20068,2,,,0,69,,20066,2,,,0,30,,20058,2,,,0,68,,20061,2,,,0,30,,20046,2,,,0,70,,20051,2,,,0,30,,20054,2,,,0,68,,20057,2,,,0,30,,20059,2,,,0,70,,20047,2,,,0,30,,20050,2,,,0,70,,20053,2,,,0,30,,20056,2,,,0,70,,20060,2,,,0,30,,20048,2,,,0,70,,20049,2,,,0,30,,20052,2,,,0,70,,20055,2,,,0,30,,20073,2,,,0,70,,20072,2,,,0,35,,20074,2,,,0,70,,20071,2,,,0,30,,20064,2,,,0,70,,20070,2,,,0,30,,20062,2,,,0,100,,20063,2,,,0
4029,'1800',718,,20096,2,,,0,30,,20098,2,,,0,70,,20094,2,,,0,30,,20097,2,,,0,69,,20095,2,,,0,30,,20087,2,,,0,68,,20090,2,,,0,30,,20075,2,,,0,70,,20080,2,,,0,30,,20083,2,,,0,68,,20086,2,,,0,30,,20088,2,,,0,70,,20076,2,,,0,30,,20079,2,,,0,70,,20082,2,,,0,30,,20085,2,,,0,70,,20089,2,,,0,30,,20077,2,,,0,70,,20078,2,,,0,30,,20081,2,,,0,70,,20084,2,,,0,30,,20102,2,,,0,70,,20101,2,,,0,35,,20103,2,,,0,70,,20100,2,,,0,30,,20093,2,,,0,70,,20099,2,,,0,30,,20091,2,,,0,100,,20092,2,,,0
7029,'1796',502,,15002,2,,,0,100,,15003,2,,,0,30,,20395,2,,,0,71,,15005,2,,,0,30,,15006,2,,,0,70,,15007,2,,,0,30,,20396,2,,,0,70,,20397,2,,,0,30,,20398,2,,,0,70,,20399,2,,,0,30,,20400,2,,,0,70,,20401,2,,,0,30,,15014,2,,,0,70,,20392,2,,,0,30,,20393,2,,,0,70,,20394,2,,,0,30,,20391,2,,,0,70,,14996,2,,,0,30,,15001,2,,,0,70,,20402,2,,,0,30,,20403,2,,,0,70,,20404,2,,,0,30,,15018,2,,,0,70,,20405,2,,,0,30,,15020,2,,,0,70,,15021,2,,,0,30,,20406,2,,,0,70,,20407,2,,,0,30,,20408,2,,,0,70,,15025,2,,,0,99,,15026,2,,,0,100,,15027,2,,,0,100,,15028,2,,,0
7029,'1797',634,,20409,2,,,0,70,,20420,2,,,0,30,,20410,2,,,0,69,,20421,2,,,0,30,,20411,2,,,0,70,,15045,2,,,0,30,,20412,2,,,0,70,,20422,2,,,0,30,,20413,2,,,0,70,,20423,2,,,0,30,,15034,2,,,0,70,,15048,2,,,0,30,,20414,2,,,0,70,,20424,2,,,0,30,,15036,2,,,0,70,,20425,2,,,0,30,,15037,2,,,0,70,,15051,2,,,0,30,,20415,2,,,0,70,,20426,2,,,0,30,,20416,2,,,0,70,,20427,2,,,0,30,,20417,2,,,0,70,,15054,2,,,0,30,,20418,2,,,0,70,,20428,2,,,0,30,,20419,2,,,0,69,,20429,2,,,0,100,,15057,2,,,0,100,,15058,2,,,0,100,,15059,2,,,0,30,,20430,2,0,13 14,0
7029,'1798',703,,15063,2,,,0,100,,15064,2,,,0,100,,20432,2,,,0,100,,15066,2,,,0,100,,15067,2,,,0,100,,20433,2,,,0,100,,15069,2,,,0,100,,15070,2,,,0,100,,20434,2,,,0,100,,15072,2,,,0,100,,15073,2,,,0,100,,20435,2,,,0,100,,15075,2,,,0,99,,15076,2,,,0,100,,20431,2,,,0,230,,20436,2,0,13 14,0
7029,'1799',703,,15079,2,,,0,100,,15080,2,,,0,100,,20438,2,,,0,100,,15082,2,,,0,100,,15083,2,,,0,100,,20439,2,,,0,100,,15085,2,,,0,100,,15086,2,,,0,100,,20440,2,,,0,100,,15088,2,,,0,100,,15089,2,,,0,100,,20441,2,,,0,100,,15091,2,,,0,99,,15092,2,,,0,100,,20437,2,,,0,230,,20442,2,0,13 14,0
7029,'1800',703,,15095,2,,,0,100,,15096,2,,,0,100,,20444,2,,,0,100,,15098,2,,,0,100,,15099,2,,,0,100,,20445,2,,,0,100,,15101,2,,,0,100,,15102,2,,,0,100,,20446,2,,,0,100,,15104,2,,,0,100,,15105,2,,,0,100,,20447,2,,,0,100,,15107,2,,,0,99,,15108,2,,,0,100,,20443,2,,,0,230,,20448,2,0,13 14,0
20007019,'1796',537,,19415,2,,,0,1495,,23319,2,,,0,100,,23320,2,,,0,100,,19418,2,,,0,100,,23322,2,,,0,100,,23321,2,,,0
20007019,'1797',2032,,23323,2,,,0,100,,23324,2,,,0,100,,19423,2,,,0
20007019,'1798',633,,23341,2,,,0,200,,23327,2,,,0,100,,23328,2,,,0,100,,23329,2,,,0,100,,23330,2,,,0,100,,23331,2,,,0,100,,23332,2,,,0,100,,23333,2,,,0,100,,23334,2,,,0,100,,23335,2,,,0,100,,23336,2,,,0,100,,23337,2,,,0,100,,23338,2,,,0,99,,23339,2,,,0,100,,23340,2,,,0,70,,19440,2,,,0,30,,23326,2,,,0,70,,23325,2,,,0
20007019,'1799',633,,23358,2,,,0,200,,23344,2,,,0,100,,23345,2,,,0,100,,23346,2,,,0,100,,23347,2,,,0,100,,23348,2,,,0,100,,23349,2,,,0,100,,23350,2,,,0,100,,23351,2,,,0,100,,23352,2,,,0,100,,23353,2,,,0,100,,23354,2,,,0,100,,23355,2,,,0,99,,23356,2,,,0,100,,23357,2,,,0,70,,19458,2,,,0,30,,23343,2,,,0,70,,23342,2,,,0
20007019,'1800',633,,23375,2,,,0,200,,23361,2,,,0,100,,23362,2,,,0,100,,23363,2,,,0,100,,23364,2,,,0,100,,23365,2,,,0,100,,23366,2,,,0,100,,23367,2,,,0,100,,23368,2,,,0,100,,23369,2,,,0,100,,23370,2,,,0,100,,23371,2,,,0,100,,23372,2,,,0,99,,23373,2,,,0,100,,23374,2,,,0,70,,19476,2,,,0,30,,23360,2,,,0,70,,23359,2,,,0
14000001019,'1796',2356,,23379,4,,,0,70,,23377,4,,,0,30,,19496,4,,,0,70,,23378,4,,,0,30,,23376,4,,,0
14000001019,'1797',2356,,23383,4,,,0,70,,23380,4,,,0,30,,19502,4,,,0,70,,23382,4,,,0,30,,23381,4,,,0
14000001019,'1798',2356,,23386,4,,,0,70,,23385,4,,,0,30,,19504,4,,,0,70,,23387,4,,,0,30,,23384,4,,,0
14000001019,'1799',2356,,23390,4,,,0,70,,23389,4,,,0,30,,19509,4,,,0,70,,23391,4,,,0,30,,23388,4,,,0
14000001019,'1800',2356,,23394,4,,,0,70,,23393,4,,,0,30,,19514,4,,,0,70,,23395,4,,,0,30,,23392,4,,,0
