13019,'1838',800,,36660,5,,,0,100,,44894,5,,,0,100,,36662,5,,,0,100,,36663,5,,,0,100,,36664,5,,,0,100,,44895,5,,,0,100,,36666,5,,,0,100,,36667,5,,,0,100,,36668,5,,,0,100,,36669,5,,,0,100,,36670,5,,,0,100,,36671,5,,,0,100,,42510,5,,,0,100,,44896,5,,,0,100,,42509,5,,,0
13019,'1865',611,,36699,5,,,0,30,,36700,5,,,0,69,,36701,5,,,0,30,,44897,5,,,0,96,,36703,5,,,0,100,,44898,5,,,0,100,,44899,5,,,0,100,,44900,5,,,0,100,,44901,5,,,0,100,,44902,5,,,0,69,,42512,5,,,0,31,,42513,5,,,0,70,,44903,5,,,0,31,,42517,5,,,0,70,,44904,5,,,0,30,,42518,5,,,0,70,,42515,5,,,0,30,,36720,5,,,0,100,,44905,5,,,0,100,,36719,5,,,0,100,,44907,5,,,0,98,,36717,5,,,0,100,,42516,5,,,0
13019,'1866',700,,36723,5,,,0,100,,44908,5,,,0,100,,44909,5,,,0,100,,44910,5,,,0,100,,36727,5,,,0,100,,44911,5,,,0,100,,36729,5,,,0,100,,36730,5,,,0,100,,44912,5,,,0,100,,44913,5,,,0,100,,44914,5,,,0,100,,44915,5,,,0,100,,44916,5,,,0,100,,44917,5,,,0,100,,36737,5,,,0,200,,44918,5,,,0
13019,'1867',800,,36740,5,,,0,100,,44919,5,,,0,100,,36742,5,,,0,100,,36743,5,,,0,100,,36744,5,,,0,100,,44920,5,,,0,100,,36746,5,,,0,100,,36747,5,,,0,100,,36748,5,,,0,100,,36749,5,,,0,100,,36750,5,,,0,100,,36751,5,,,0,100,,42520,5,,,0,100,,44921,5,,,0,100,,42519,5,,,0
13019,'1873',700,,30068,5,,,0,400,,30072,5,,,0,200,,30074,5,,,0,100,,30075,5,,,0,700,,30082,5,,,0
13019,'1878',800,,30085,5,,,0,200,,30087,5,,,0,100,,30088,5,,,0,100,,30089,5,,,0,200,,30091,5,,,0,100,,30092,5,,,0,100,,30093,5,,,0,100,,30094,5,,,0,100,,30095,5,,,0,100,,30096,5,,,0,100,,42530,5,,,0,200,,42529,5,,,0
13019,'1881',740,,30126,5,,,0,196,,30128,5,,,0,100,,42521,5,,,0,100,,30130,5,,,0,100,,36688,5,,,0,100,,36689,5,,,0,170,,30135,5,,,0,101,,42524,5,,,0,230,,36694,5,,,0,200,,30142,5,,,0
13019,'1882',611,,30123,5,,,0,30,,30124,5,,,0,69,,30125,5,,,0,126,,30127,5,,,0,569,,42522,5,,,0,31,,42523,5,,,0,101,,42527,5,,,0,100,,42528,5,,,0,70,,42525,5,,,0,30,,30144,5,,,0,200,,30143,5,,,0,198,,30141,5,,,0,100,,42526,5,,,0
13019,'1886',740,,44922,5,,,0,196,,44923,5,,,0,100,,44924,5,,,0,100,,44925,5,,,0,100,,44926,5,,,0,100,,44927,5,,,0,170,,44928,5,,,0,101,,44929,5,,,0,230,,44930,5,,,0,200,,44932,5,,,0
13019,'1887',800,,44933,5,,,0,100,,44934,5,,,0,100,,44935,5,,,0,200,,44936,5,,,0,300,,44937,5,,,0,100,,44938,5,,,0,100,,44939,5,,,0,100,,44940,5,,,0,100,,44941,5,,,0,100,,44942,5,,,0,300,,44943,5,,,0
13019,'1888',900,,44944,5,,,0,400,,44945,5,,,0,800,,44946,5,,,0
