22029,'1800',706,,38011,4,0,19 2 20 21,0,97,,38000,4,,,0,100,,38001,4,,,0,100,,38002,4,,,0,100,,38003,4,,,0,100,,38004,4,,,0,100,,38005,4,,,0,100,,38006,4,,,0,100,,38007,4,,,0,100,,38008,4,,,0,100,,38009,4,,,0,100,,38014,4,0,19 2 20 21,0,100,,38010,4,0,19 2 20 21,0,100,,38012,4,0,19 2 20 21,0,100,,38013,4,0,19 2 20 21,0,205,,21906,4,0,19 2 20 21,0,30,,21905,4,0,19 2 20 21,0
22029,'1838',706,,38026,4,0,19 2 20 21,0,97,,38015,4,,,0,100,,38016,4,,,0,100,,38017,4,,,0,100,,38018,4,,,0,100,,38019,4,,,0,100,,38020,4,,,0,100,,38021,4,,,0,100,,38022,4,,,0,100,,38023,4,,,0,100,,38024,4,,,0,100,,38029,4,0,19 2 20 21,0,100,,38025,4,0,19 2 20 21,0,100,,38027,4,0,19 2 20 21,0,100,,38028,4,0,19 2 20 21,0,205,,38031,4,0,19 2 20 21,0,30,,38030,4,0,19 2 20 21,0
22029,'1850',638,,31351,4,0,19 2 20 21,0,70,,31352,4,0,19 2 20 21,0,30,,31353,4,0,19 2 20 21,0,73,,31354,4,0,19 2 20 21,0,30,,31355,4,0,19 2 20 21,0,70,,31356,4,,,0,29,,31357,4,,,0,70,,31362,4,,,0,30,,31358,4,,,0,70,,31363,4,,,0,30,,31359,4,,,0,70,,31350,4,,,0,30,,31360,4,,,0,70,,31361,4,,,0,31,,31364,4,,,0,70,,31365,4,,,0,30,,31366,4,,,0,70,,31367,4,,,0,30,,31368,4,,,0,70,,31369,4,,,0,30,,31370,4,,,0,69,,31371,4,,,0,30,,31372,4,,,0,70,,31373,4,,,0,28,,31374,4,,,0,70,,31375,4,,,0,30,,31376,4,,,0,65,,31377,4,,,0,30,,31378,4,,,0,70,,31379,4,,,0,29,,31380,4,0,19 2 20 21,0,170,,31381,4,0,19 2 20 21,0,35,,31382,4,0,19 2 20 21,0
22029,'1857',2302,,21820,4,0,19 2 20 21,0,35,,21821,4,0,19 2 20 21,0
22029,'1859',2308,,21855,4,0,19 2 20 21,0,30,,21854,4,0,19 2 20 21,0
22029,'1861',2308,,21872,4,0,19 2 20 21,0,30,,21871,4,0,19 2 20 21,0
22029,'1862',606,,38056,4,0,19 2 20 21,0,30,,38050,4,0,19 2 20 21,0,67,,38057,4,0,19 2 20 21,0,30,,38051,4,0,19 2 20 21,0,70,,38058,4,0,19 2 20 21,0,30,,38032,4,,,0,70,,38033,4,,,0,30,,38034,4,,,0,70,,38035,4,,,0,30,,38036,4,,,0,70,,38037,4,,,0,30,,38038,4,,,0,70,,38039,4,,,0,30,,38040,4,,,0,70,,38041,4,,,0,31,,38042,4,,,0,69,,38043,4,,,0,31,,38044,4,,,0,70,,38045,4,,,0,30,,38046,4,,,0,70,,38047,4,,,0,30,,38048,4,,,0,69,,38049,4,,,0,31,,38052,4,0,19 2 20 21,0,69,,38059,4,0,19 2 20 21,0,30,,38053,4,0,19 2 20 21,0,70,,38060,4,0,19 2 20 21,0,30,,38054,4,0,19 2 20 21,0,70,,38061,4,0,19 2 20 21,0,30,,38055,4,0,19 2 20 21,0,67,,38062,4,0,19 2 20 21,0,33,,38063,4,0,19 2 20 21,0
22029,'1863',706,,38075,4,0,19 2 20 21,0,97,,38064,4,,,0,100,,38065,4,,,0,100,,38066,4,,,0,100,,38067,4,,,0,100,,38068,4,,,0,100,,38069,4,,,0,100,,38070,4,,,0,100,,38071,4,,,0,100,,38072,4,,,0,100,,38073,4,,,0,100,,38078,4,0,19 2 20 21,0,100,,38074,4,0,19 2 20 21,0,100,,38076,4,0,19 2 20 21,0,100,,38077,4,0,19 2 20 21,0
22029,'1864',638,,38080,4,0,19 2 20 21,0,70,,38081,4,0,19 2 20 21,0,30,,38082,4,0,19 2 20 21,0,73,,38083,4,0,19 2 20 21,0,30,,38084,4,0,19 2 20 21,0,70,,38085,4,,,0,29,,38086,4,,,0,70,,38091,4,,,0,30,,38087,4,,,0,70,,38092,4,,,0,30,,38088,4,,,0,70,,38079,4,,,0,30,,38089,4,,,0,70,,38090,4,,,0,31,,38093,4,,,0,70,,38094,4,,,0,30,,38095,4,,,0,70,,38096,4,,,0,30,,38097,4,,,0,70,,38098,4,,,0,30,,38099,4,,,0,69,,38100,4,,,0,30,,38101,4,,,0,70,,38102,4,,,0,28,,38103,4,,,0,70,,38104,4,,,0,30,,38105,4,,,0,65,,38106,4,,,0,30,,38107,4,,,0,70,,38108,4,,,0,29,,38109,4,0,19 2 20 21,0
22029,'1865',638,,38111,4,0,19 2 20 21,0,70,,38112,4,0,19 2 20 21,0,30,,38113,4,0,19 2 20 21,0,73,,38114,4,0,19 2 20 21,0,30,,38115,4,0,19 2 20 21,0,70,,38116,4,,,0,29,,38117,4,,,0,70,,38122,4,,,0,30,,38118,4,,,0,70,,38123,4,,,0,30,,38119,4,,,0,70,,38110,4,,,0,30,,38120,4,,,0,70,,38121,4,,,0,31,,38124,4,,,0,70,,38125,4,,,0,30,,38126,4,,,0,70,,38127,4,,,0,30,,38128,4,,,0,70,,38129,4,,,0,30,,38130,4,,,0,69,,38131,4,,,0,30,,38132,4,,,0,70,,38133,4,,,0,28,,38134,4,,,0,70,,38135,4,,,0,30,,38136,4,,,0,65,,38137,4,,,0,30,,38138,4,,,0,70,,38139,4,,,0,29,,38140,4,0,19 2 20 21,0,170,,38141,4,0,19 2 20 21,0,35,,38142,4,0,19 2 20 21,0
22029,'1866',606,,38167,4,0,19 2 20 21,0,30,,38161,4,0,19 2 20 21,0,67,,38168,4,0,19 2 20 21,0,30,,38162,4,0,19 2 20 21,0,70,,38169,4,0,19 2 20 21,0,30,,38143,4,,,0,70,,38144,4,,,0,30,,38145,4,,,0,70,,38146,4,,,0,30,,38147,4,,,0,70,,38148,4,,,0,30,,38149,4,,,0,70,,38150,4,,,0,30,,38151,4,,,0,70,,38152,4,,,0,31,,38153,4,,,0,69,,38154,4,,,0,31,,38155,4,,,0,70,,38156,4,,,0,30,,38157,4,,,0,70,,38158,4,,,0,30,,38159,4,,,0,69,,38160,4,,,0,31,,38163,4,0,19 2 20 21,0,69,,38170,4,0,19 2 20 21,0,30,,38164,4,0,19 2 20 21,0,70,,38171,4,0,19 2 20 21,0,30,,38165,4,0,19 2 20 21,0,70,,38172,4,0,19 2 20 21,0,30,,38166,4,0,19 2 20 21,0,67,,38173,4,0,19 2 20 21,0,33,,38174,4,0,19 2 20 21,0,175,,38176,4,0,19 2 20 21,0,30,,38175,4,0,19 2 20 21,0
22029,'1867',706,,38188,4,0,19 2 20 21,0,97,,38177,4,,,0,100,,38178,4,,,0,100,,38179,4,,,0,100,,38180,4,,,0,100,,38181,4,,,0,100,,38182,4,,,0,100,,38183,4,,,0,100,,38184,4,,,0,100,,38185,4,,,0,100,,38186,4,,,0,100,,38191,4,0,19 2 20 21,0,100,,38187,4,0,19 2 20 21,0,100,,38189,4,0,19 2 20 21,0,100,,38190,4,0,19 2 20 21,0,205,,38193,4,0,19 2 20 21,0,30,,38192,4,0,19 2 20 21,0
601019,'1800',2242,,23357,4,,,0
601019,'1838',613,,39578,4,,,0,30,,39581,4,,,0,70,,39605,4,,,0,30,,39590,4,,,0,70,,39608,4,,,0,30,,39576,4,,,0,70,,39583,4,,,0,30,,39603,4,,,0,70,,39606,4,,,0,30,,39577,4,,,0,70,,39589,4,,,0,30,,39607,4,,,0,70,,39602,4,,,0,30,,39580,4,,,0,70,,39592,4,,,0,30,,39598,4,,,0,70,,39595,4,,,0,30,,39585,4,,,0,70,,39584,4,,,0,30,,39579,4,,,0,70,,39599,4,,,0,30,,39588,4,,,0,70,,39601,4,,,0,30,,39597,4,,,0,70,,39582,4,,,0,30,,39604,4,,,0,69,,39596,4,,,0,30,,39610,4,,,0,70,,39593,4,,,0,30,,39609,4,,,0,70,,39586,4,,,0,30,,39587,4,,,0,70,,39594,4,,,0,30,,39591,4,,,0
601019,'1850',610,,32942,4,,,0,20,,32934,4,,,0,14,,32936,4,0,19 2 11 2 22 1 23,0,14,,32929,4,0,19 2 11 2 22 1 23,0,52,,32933,4,0,19 2 11 2 22 1 23,0,15,,32944,4,0,19 2 11 2 22 1 23,0,15,,32937,4,0,19 2 11 2 22 1 23,0,15,,32928,4,0,19 2 11 2 22 1 23,0,55,,32930,4,0,19 2 11 2 22 1 23,0,15,,32943,4,0,19 2 11 2 22 1 23,0,25,,32954,4,,,0,70,,32959,4,,,0,30,,32960,4,,,0,70,,32957,4,,,0,30,,32955,4,,,0,70,,32961,4,,,0,30,,32963,4,,,0,70,,32958,4,,,0,30,,32956,4,,,0,70,,32964,4,,,0,30,,32962,4,,,0,60,,32922,4,,,0,15,,32951,4,0,19 2 11 2 22 1 23,0,15,,32939,4,0,19 2 11 2 22 1 23,0,15,,32947,4,0,19 2 11 2 22 1 23,0,55,,32935,4,0,19 2 11 2 22 1 23,0,15,,32948,4,0,19 2 11 2 22 1 23,0,15,,32938,4,0,19 2 11 2 22 1 23,0,15,,32945,4,0,19 2 11 2 22 1 23,0,55,,32940,4,0,19 2 11 2 22 1 23,0,15,,32946,4,0,19 2 11 2 22 1 23,0,15,,32932,4,0,19 2 11 2 22 1 23,0,15,,32949,4,0,19 2 11 2 22 1 23,0,55,,32927,4,0,19 2 11 2 22 1 23,0,15,,32952,4,0,19 2 11 2 22 1 23,0,15,,32931,4,0,19 2 11 2 22 1 23,0,15,,32950,4,0,19 2 11 2 22 1 23,0,55,,32916,4,,,0,30,,32917,4,,,0,15,,32925,4,,,0,55,,32923,4,,,0,29,,32920,4,,,0,70,,32921,4,,,0,30,,32915,4,,,0,70,,32918,4,,,0,30,,32914,4,,,0,70,,32919,4,,,0,33,,32924,4,,,0
601019,'1857',630,,23253,4,,,0,95,,23263,4,0,19 2 11 2 22 1 23,0,100,,23262,4,0,19 2 11 2 22 1 23,0,95,,23278,4,,,0,100,,23276,4,,,0,100,,23280,4,,,0,100,,23277,4,,,0,100,,23283,4,,,0,90,,23241,4,,,0,15,,23270,4,0,19 2 11 2 22 1 23,0,15,,23258,4,0,19 2 11 2 22 1 23,0,70,,23254,4,0,19 2 11 2 22 1 23,0,15,,23267,4,0,19 2 11 2 22 1 23,0,15,,23257,4,0,19 2 11 2 22 1 23,0,70,,23259,4,0,19 2 11 2 22 1 23,0,15,,23265,4,0,19 2 11 2 22 1 23,0,15,,23251,4,0,19 2 11 2 22 1 23,0,70,,23246,4,0,19 2 11 2 22 1 23,0,15,,23271,4,0,19 2 11 2 22 1 23,0,15,,23250,4,0,19 2 11 2 22 1 23,0,70,,23235,4,,,0,30,,23236,4,,,0,70,,23242,4,,,0,29,,23239,4,,,0,70,,23240,4,,,0,30,,23234,4,,,0,70,,23237,4,,,0,30,,23233,4,,,0,70,,23238,4,,,0,33,,23243,4,,,0
601019,'1859',613,,23300,4,,,0,30,,23318,4,,,0,70,,23299,4,,,0,30,,23317,4,,,0,70,,23298,4,,,0,30,,23316,4,,,0,70,,23297,4,,,0,30,,23315,4,,,0,70,,23295,4,,,0,30,,23313,4,,,0,70,,23296,4,,,0,30,,23314,4,,,0,70,,23294,4,,,0,30,,23312,4,,,0,70,,23285,4,,,0,30,,23311,4,,,0,70,,23293,4,,,0,30,,23310,4,,,0,70,,23291,4,,,0,30,,23309,4,,,0,70,,23286,4,,,0,30,,23307,4,,,0,70,,23288,4,,,0,30,,23308,4,,,0,70,,23292,4,,,0,30,,23306,4,,,0,69,,23287,4,,,0,30,,23305,4,,,0,70,,23290,4,,,0,30,,23304,4,,,0,70,,23289,4,,,0,30,,23303,4,,,0,70,,23284,4,,,0,30,,23302,4,,,0
601019,'1861',2242,,23319,4,,,0
601019,'1864',610,,32973,4,,,0,34,,39613,4,0,19 2 11 2 22 1 23,0,14,,32967,4,0,19 2 11 2 22 1 23,0,52,,39612,4,0,19 2 11 2 22 1 23,0,30,,39614,4,0,19 2 11 2 22 1 23,0,15,,32966,4,0,19 2 11 2 22 1 23,0,55,,39611,4,0,19 2 11 2 22 1 23,0,40,,32978,4,,,0,100,,32981,4,,,0,100,,32979,4,,,0,100,,32983,4,,,0,100,,32980,4,,,0,100,,32982,4,,,0,105,,32975,4,0,19 2 11 2 22 1 23,0,100,,32974,4,0,19 2 11 2 22 1 23,0,100,,32976,4,0,19 2 11 2 22 1 23,0,100,,32977,4,0,19 2 11 2 22 1 23,0,100,,32965,4,,,0
601019,'1865',610,,39644,4,,,0,20,,39636,4,,,0,14,,39638,4,0,19 2 11 2 22 1 23,0,14,,39631,4,0,19 2 11 2 22 1 23,0,52,,39635,4,0,19 2 11 2 22 1 23,0,15,,39646,4,0,19 2 11 2 22 1 23,0,15,,39639,4,0,19 2 11 2 22 1 23,0,15,,39630,4,0,19 2 11 2 22 1 23,0,55,,39632,4,0,19 2 11 2 22 1 23,0,15,,39645,4,0,19 2 11 2 22 1 23,0,25,,39656,4,,,0,70,,39661,4,,,0,30,,39662,4,,,0,70,,39659,4,,,0,30,,39657,4,,,0,70,,39663,4,,,0,30,,39665,4,,,0,70,,39660,4,,,0,30,,39658,4,,,0,70,,39666,4,,,0,30,,39664,4,,,0,60,,39624,4,,,0,15,,39653,4,0,19 2 11 2 22 1 23,0,15,,39641,4,0,19 2 11 2 22 1 23,0,15,,39649,4,0,19 2 11 2 22 1 23,0,55,,39637,4,0,19 2 11 2 22 1 23,0,15,,39650,4,0,19 2 11 2 22 1 23,0,15,,39640,4,0,19 2 11 2 22 1 23,0,15,,39647,4,0,19 2 11 2 22 1 23,0,55,,39642,4,0,19 2 11 2 22 1 23,0,15,,39648,4,0,19 2 11 2 22 1 23,0,15,,39634,4,0,19 2 11 2 22 1 23,0,15,,39651,4,0,19 2 11 2 22 1 23,0,55,,39629,4,0,19 2 11 2 22 1 23,0,15,,39654,4,0,19 2 11 2 22 1 23,0,15,,39633,4,0,19 2 11 2 22 1 23,0,15,,39652,4,0,19 2 11 2 22 1 23,0,55,,39618,4,,,0,30,,39619,4,,,0,15,,39627,4,,,0,55,,39625,4,,,0,29,,39622,4,,,0,70,,39623,4,,,0,30,,39617,4,,,0,70,,39620,4,,,0,30,,39616,4,,,0,70,,39621,4,,,0,33,,39626,4,,,0
601019,'1866',613,,39683,4,,,0,30,,39701,4,,,0,70,,39682,4,,,0,30,,39700,4,,,0,70,,39681,4,,,0,30,,39699,4,,,0,70,,39680,4,,,0,30,,39698,4,,,0,70,,39678,4,,,0,30,,39696,4,,,0,70,,39679,4,,,0,30,,39697,4,,,0,70,,39677,4,,,0,30,,39695,4,,,0,70,,39668,4,,,0,30,,39694,4,,,0,70,,39676,4,,,0,30,,39693,4,,,0,70,,39674,4,,,0,30,,39692,4,,,0,70,,39669,4,,,0,30,,39690,4,,,0,70,,39671,4,,,0,30,,39691,4,,,0,70,,39675,4,,,0,30,,39689,4,,,0,69,,39670,4,,,0,30,,39688,4,,,0,70,,39673,4,,,0,30,,39687,4,,,0,70,,39672,4,,,0,30,,39686,4,,,0,70,,39667,4,,,0,30,,39685,4,,,0
601019,'1867',2242,,39702,4,,,0
