12019,'1843',640,,20790,10,4,,0,70,,20791,10,4,,0,30,,20792,10,4,,0,70,,20793,10,4,,0,30,,20794,10,4,,0,602,,20795,10,4,,0,70,,20796,10,4,,0,30,,20797,10,4,,0,70,,20798,10,4,,0,30,,20799,10,4,,0,70,,20800,10,4,,0,30,,20801,10,4,,0,70,,20802,10,4,,0
12019,'1850',640,,30012,10,4,,0,70,,30013,10,4,,0,30,,30014,10,4,,0,70,,30015,10,4,,0,30,,30016,10,4,,0,602,,30017,10,4,,0,70,,30018,10,4,,0,30,,30019,10,4,,0,70,,30020,10,4,,0,30,,30021,10,4,,0,70,,30022,10,4,,0,30,,30023,10,4,,0,70,,30024,10,4,,0
12029,'1843',640,,20803,1,,,0,70,,20804,1,,,0,30,,20805,1,,,0,70,,20806,1,,,0,30,,20807,1,,,0,602,,20808,1,,,0,70,,20809,1,,,0,30,,20810,1,,,0,70,,20811,1,,,0,30,,20812,1,,,0,70,,20813,1,,,0,30,,20814,1,,,0,70,,20815,1,,,0
12029,'1850',640,,30025,1,,,0,70,,30026,1,,,0,30,,30027,1,,,0,70,,30028,1,,,0,30,,30029,1,,,0,602,,30030,1,,,0,70,,30031,1,,,0,30,,30032,1,,,0,70,,30033,1,,,0,30,,30034,1,,,0,70,,30035,1,,,0,30,,30036,1,,,0,70,,30037,1,,,0
602019,'1800',2215,,23484,2,,,0,30,,23483,2,,,0,70,,23482,2,,,0
602019,'1838',620,,23475,1,,,0,25,,23472,2,,,0,70,,23457,2,,,0,30,,23461,2,,,0,70,,23476,2,,,0,30,,23452,2,,,0,70,,23448,2,,,0,30,,23471,2,,,0,70,,23468,2,,,0,30,,23462,2,,,0,70,,23470,2,,,0,30,,23480,2,,,0,70,,23469,2,,,0,30,,23449,2,,,0,70,,23478,2,,,0,30,,23479,2,,,0,70,,23447,2,,,0,30,,23473,2,,,0,70,,23456,2,,,0,30,,23458,2,,,0,70,,23481,2,,,0,30,,23463,2,,,0,70,,23453,2,,,0,30,,23466,2,,,0,70,,23477,2,,,0,30,,23451,2,,,0,70,,23455,2,,,0,30,,23464,2,,,0,70,,23454,2,,,0,30,,23467,2,,,0,70,,23460,2,,,0,30,,23474,2,,,0,70,,23459,2,,,0,30,,23465,2,,,0,70,,23450,2,,,0
602019,'1841',635,,23371,2,0,19 2 11 2 24 1 25 26,0,73,,23383,2,0,19 2 11 2 24 1 25 26,0,15,,23370,2,0,19 2 11 2 24 1 25 26,0,15,,23373,2,0,19 2 11 2 24 1 25 26,0,70,,23378,2,0,19 2 11 2 24 1 25 26,0,15,,23397,2,0,19 2 11 2 24 1 25 26,0,15,,23374,2,0,19 2 11 2 24 1 25 26,0,78,,23403,2,,,0,100,,23408,2,,,0,100,,23402,2,,,0,100,,23407,2,,,0,100,,23404,2,,,0,100,,23405,2,,,0,105,,23389,2,0,19 2 11 2 24 1 25 26,0,100,,23392,2,0,19 2 11 2 24 1 25 26,0,100,,23391,2,0,19 2 11 2 24 1 25 26,0,100,,23386,2,,,0,99,,23393,2,,,0
602019,'1843',610,,23395,1,,,0,45,,23385,2,0,19 2 11 2 24 1 25 26,0,98,,23384,2,0,19 2 11 2 24 1 25 26,0,100,,23394,2,,,0,93,,23401,2,,,0,100,,23406,2,,,0,100,,23400,2,,,0,100,,23398,2,,,0,100,,23399,2,,,0,90,,23381,2,0,19 2 11 2 24 1 25 26,0,15,,23390,2,0,19 2 11 2 24 1 25 26,0,55,,23382,2,0,19 2 11 2 24 1 25 26,0,30,,23375,2,0,19 2 11 2 24 1 25 26,0,15,,23388,2,0,19 2 11 2 24 1 25 26,0,55,,23380,2,0,19 2 11 2 24 1 25 26,0,30,,23379,2,0,19 2 11 2 24 1 25 26,0,15,,23387,2,0,19 2 11 2 24 1 25 26,0,55,,23376,2,0,19 2 11 2 24 1 25 26,0,30,,23372,2,0,19 2 11 2 24 1 25 26,0,15,,23396,2,0,19 2 11 2 24 1 25 26,0,55,,23377,2,0,19 2 11 2 24 1 25 26,0,32,,23360,2,,,0,70,,23361,2,,,0,30,,23366,2,,,0,70,,23364,2,,,0,30,,23365,2,,,0,70,,23369,2,,,0,30,,23362,2,,,0,70,,23367,2,,,0,30,,23363,2,,,0,76,,23368,2,,,0
602019,'1845',620,,23443,1,,,0,25,,23425,2,,,0,70,,23442,2,,,0,30,,23424,2,,,0,70,,23441,2,,,0,30,,23423,2,,,0,70,,23440,2,,,0,30,,23422,2,,,0,70,,23439,2,,,0,30,,23421,2,,,0,70,,23438,2,,,0,30,,23419,2,,,0,70,,23437,2,,,0,30,,23420,2,,,0,70,,23435,2,,,0,30,,23418,2,,,0,70,,23436,2,,,0,30,,23411,2,,,0,70,,23434,2,,,0,30,,23412,2,,,0,70,,23433,2,,,0,30,,23410,2,,,0,70,,23432,2,,,0,30,,23413,2,,,0,70,,23431,2,,,0,30,,23416,2,,,0,70,,23429,2,,,0,30,,23417,2,,,0,70,,23430,2,,,0,30,,23415,2,,,0,70,,23427,2,,,0,30,,23414,2,,,0,70,,23428,2,,,0,30,,23409,2,,,0,70,,23426,2,,,0
602019,'1847',2215,,23446,2,,,0,30,,23445,2,,,0,70,,23444,2,,,0
602019,'1850',610,,33019,1,,,0,25,,32995,2,0,19 2 11 2 24 1 25 26,0,20,,33009,2,0,19 2 11 2 24 1 25 26,0,53,,33007,2,0,19 2 11 2 24 1 25 26,0,15,,32994,2,0,19 2 11 2 24 1 25 26,0,15,,32997,2,0,19 2 11 2 24 1 25 26,0,15,,33008,2,0,19 2 11 2 24 1 25 26,0,55,,33002,2,0,19 2 11 2 24 1 25 26,0,15,,33021,2,0,19 2 11 2 24 1 25 26,0,15,,32998,2,0,19 2 11 2 24 1 25 26,0,15,,33018,2,,,0,63,,33027,2,,,0,30,,33025,2,,,0,70,,33032,2,,,0,30,,33030,2,,,0,70,,33026,2,,,0,30,,33024,2,,,0,70,,33031,2,,,0,30,,33022,2,,,0,70,,33028,2,,,0,30,,33023,2,,,0,70,,33029,2,,,0,20,,33005,2,0,19 2 11 2 24 1 25 26,0,15,,33014,2,0,19 2 11 2 24 1 25 26,0,55,,33006,2,0,19 2 11 2 24 1 25 26,0,15,,33013,2,0,19 2 11 2 24 1 25 26,0,15,,32999,2,0,19 2 11 2 24 1 25 26,0,15,,33012,2,0,19 2 11 2 24 1 25 26,0,55,,33004,2,0,19 2 11 2 24 1 25 26,0,15,,33016,2,0,19 2 11 2 24 1 25 26,0,15,,33003,2,0,19 2 11 2 24 1 25 26,0,15,,33011,2,0,19 2 11 2 24 1 25 26,0,55,,33000,2,0,19 2 11 2 24 1 25 26,0,15,,33015,2,0,19 2 11 2 24 1 25 26,0,15,,32996,2,0,19 2 11 2 24 1 25 26,0,15,,33020,2,0,19 2 11 2 24 1 25 26,0,55,,33001,2,0,19 2 11 2 24 1 25 26,0,15,,33010,2,,,0,17,,32984,2,,,0,70,,32985,2,,,0,12,,33017,2,,,0,18,,32990,2,,,0,70,,32988,2,,,0,30,,32989,2,,,0,70,,32993,2,,,0,30,,32986,2,,,0,70,,32991,2,,,0,30,,32987,2,,,0,76,,32992,2,,,0
602019,'1852',635,,33034,2,0,19 2 11 2 24 1 25 26,0,73,,33038,2,0,19 2 11 2 24 1 25 26,0,15,,33033,2,0,19 2 11 2 24 1 25 26,0,15,,33035,2,0,19 2 11 2 24 1 25 26,0,70,,33037,2,0,19 2 11 2 24 1 25 26,0,15,,33044,2,0,19 2 11 2 24 1 25 26,0,15,,33036,2,0,19 2 11 2 24 1 25 26,0,78,,33046,2,,,0,100,,33050,2,,,0,100,,33045,2,,,0,100,,33049,2,,,0,100,,33047,2,,,0,100,,33048,2,,,0,105,,33040,2,0,19 2 11 2 24 1 25 26,0,100,,33042,2,0,19 2 11 2 24 1 25 26,0,100,,33041,2,0,19 2 11 2 24 1 25 26,0,100,,33039,2,,,0,99,,33043,2,,,0
