13019,'1800',808,,30039,13,,,0,100,,30040,13,,,0,100,,30041,13,,,0,101,,30042,13,,,0,100,,30043,13,,,0,100,,36656,13,,,0,100,,30045,13,,,0,100,,30046,13,,,0,100,,30047,13,,,0,99,,30048,13,,,0,100,,30049,13,,,0,100,,30050,13,,,0,99,,36657,13,,,0,100,,36658,13,,,0,100,,36655,13,,,0
13019,'1838',808,,36660,13,,,0,100,,36661,13,,,0,100,,36662,13,,,0,101,,36663,13,,,0,100,,36664,13,,,0,100,,36665,13,,,0,100,,36666,13,,,0,100,,36667,13,,,0,100,,36668,13,,,0,99,,36669,13,,,0,100,,36670,13,,,0,100,,36671,13,,,0,99,,36672,13,,,0,100,,36673,13,,,0,100,,36659,13,,,0
13019,'1850',618,,30099,13,,,0,30,,30100,13,,,0,70,,30101,13,,,0,30,,30102,13,,,0,96,,30103,13,,,0,100,,30104,13,,,0,100,,30105,13,,,0,100,,30106,13,,,0,100,,30107,13,,,0,100,,30108,13,,,0,70,,30109,13,,,0,31,,30110,13,,,0,70,,30111,13,,,0,31,,30121,13,,,0,70,,30112,13,,,0,30,,30122,13,,,0,70,,30113,13,,,0,30,,30120,13,,,0,99,,30114,13,,,0,100,,30119,13,,,0,99,,30118,13,,,0,98,,30117,13,,,0,100,,30116,13,,,0
13019,'1859',707,,30068,13,,,0,402,,30072,13,,,0,200,,30074,13,,,0,100,,30075,13,,,0,499,,30080,13,,,0,199,,30082,13,,,0,200,,30083,13,,,0
13019,'1861',808,,30085,13,,,0,100,,30086,13,,,0,100,,30087,13,,,0,101,,30088,13,,,0,100,,30089,13,,,0,200,,30091,13,,,0,100,,30092,13,,,0,100,,30093,13,,,0,99,,30094,13,,,0,100,,30095,13,,,0,100,,30096,13,,,0
13019,'1862',808,,36674,13,,,0,100,,36675,13,,,0,100,,36676,13,,,0,201,,36677,13,,,0,300,,36678,13,,,0,100,,36679,13,,,0,99,,36680,13,,,0,100,,36681,13,,,0,199,,36682,13,,,0
13019,'1863',1309,,36684,13,,,0,698,,36685,13,,,0,100,,36686,13,,,0,100,,36683,13,,,0
13019,'1864',618,,30123,13,,,0,30,,30124,13,,,0,70,,30125,13,,,0,30,,30126,13,,,0,96,,30127,13,,,0,100,,30128,13,,,0,100,,36687,13,,,0,100,,30130,13,,,0,100,,36688,13,,,0,100,,36689,13,,,0,70,,36690,13,,,0,31,,36691,13,,,0,70,,30135,13,,,0,31,,36697,13,,,0,70,,36692,13,,,0,30,,36698,13,,,0,70,,36693,13,,,0,30,,30144,13,,,0,99,,36694,13,,,0,100,,30143,13,,,0,99,,30142,13,,,0,98,,30141,13,,,0,100,,36696,13,,,0
13019,'1865',618,,36699,13,,,0,30,,36700,13,,,0,70,,36701,13,,,0,30,,36702,13,,,0,96,,36703,13,,,0,100,,36704,13,,,0,100,,36705,13,,,0,100,,36706,13,,,0,100,,36707,13,,,0,100,,36708,13,,,0,70,,36709,13,,,0,31,,36710,13,,,0,70,,36711,13,,,0,31,,36721,13,,,0,70,,36712,13,,,0,30,,36722,13,,,0,70,,36713,13,,,0,30,,36720,13,,,0,99,,36714,13,,,0,100,,36719,13,,,0,99,,36718,13,,,0,98,,36717,13,,,0,100,,36716,13,,,0
13019,'1866',707,,36723,13,,,0,101,,36724,13,,,0,100,,36725,13,,,0,100,,36726,13,,,0,101,,36727,13,,,0,100,,36728,13,,,0,100,,36729,13,,,0,100,,36730,13,,,0,100,,36731,13,,,0,100,,36732,13,,,0,99,,36733,13,,,0,100,,36734,13,,,0,100,,36735,13,,,0,99,,36736,13,,,0,100,,36737,13,,,0,200,,36738,13,,,0
13019,'1867',808,,36740,13,,,0,100,,36741,13,,,0,100,,36742,13,,,0,101,,36743,13,,,0,100,,36744,13,,,0,100,,36745,13,,,0,100,,36746,13,,,0,100,,36747,13,,,0,100,,36748,13,,,0,99,,36749,13,,,0,100,,36750,13,,,0,100,,36751,13,,,0,99,,36752,13,,,0,100,,36753,13,,,0,100,,36739,13,,,0
