2029,'1800',612,,19696,11,,,0,30,,19704,11,,,0,67,,19715,11,,,0,28,,19710,11,,,0,70,,19697,11,,,0,30,,19705,11,,,0,70,,19716,11,,,0,30,,19711,11,,,0,70,,19698,11,,,0,30,,19706,11,,,0,70,,19717,11,,,0,30,,19712,11,,,0,70,,19699,11,,,0,30,,19707,11,,,0,70,,19718,11,,,0,30,,19713,11,,,0,70,,19700,11,,,0,30,,19708,11,,,0,70,,19719,11,,,0,30,,19714,11,,,0,70,,19701,11,,,0,30,,19709,11,,,0,70,,19720,11,,,0,29,,19724,11,0,5 2 13 14,0,71,,19702,11,,,0,29,,19723,11,0,5 2 13 14,0,71,,19721,11,,,0,100,,19703,11,,,0,100,,19722,11,,,0,100,,19695,11,,,0,94,,19725,11,0,5 2 13 14,0,101,,19726,11,0,5 2 13 14,0
2029,'1838',612,,19664,11,,,0,30,,19672,11,,,0,67,,19683,11,,,0,28,,19678,11,,,0,70,,19665,11,,,0,30,,19673,11,,,0,70,,19684,11,,,0,30,,19679,11,,,0,70,,19666,11,,,0,30,,19674,11,,,0,70,,19685,11,,,0,30,,19680,11,,,0,70,,19667,11,,,0,30,,19675,11,,,0,70,,19686,11,,,0,30,,19681,11,,,0,70,,19668,11,,,0,30,,19676,11,,,0,70,,19687,11,,,0,30,,19682,11,,,0,70,,19669,11,,,0,30,,19677,11,,,0,70,,19688,11,,,0,29,,19692,11,0,5 2 13 14,0,71,,19670,11,,,0,29,,19691,11,0,5 2 13 14,0,71,,19689,11,,,0,100,,19671,11,,,0,100,,19690,11,,,0,100,,19663,11,,,0,94,,19693,11,0,5 2 13 14,0,101,,19694,11,0,5 2 13 14,0
2029,'1843',542,,19562,11,,,0,70,,19563,11,,,0,30,,19564,11,,,0,65,,19565,11,,,0,28,,19566,11,,,0,71,,19567,11,,,0,31,,19568,11,,,0,70,,19569,11,,,0,30,,19570,11,,,0,70,,19571,11,,,0,30,,19572,11,,,0,70,,19573,11,,,0,30,,19574,11,,,0,70,,19575,11,,,0,30,,19576,11,,,0,70,,19577,11,,,0,30,,19578,11,,,0,70,,19579,11,,,0,30,,19580,11,,,0,70,,19581,11,,,0,30,,19582,11,,,0,70,,19583,11,,,0,31,,19584,11,,,0,72,,19585,11,,,0,27,,19586,11,,,0,70,,19587,11,,,0,30,,19591,11,,,0,70,,19592,11,,,0,29,,19595,11,0,5 2 13 14,0,71,,19593,11,,,0,100,,19594,11,,,0,100,,19590,11,,,0,99,,19589,11,0,5 2 13 14,0,96,,19596,11,0,5 2 13 14,0
2029,'1845',542,,19628,11,0,5 2 15 16 17,0,70,,19611,11,,,0,30,,19618,11,,,0,65,,19597,11,,,0,30,,19603,11,,,0,70,,19612,11,,,0,30,,19619,11,,,0,70,,19598,11,,,0,30,,19604,11,,,0,70,,19613,11,,,0,30,,19620,11,,,0,70,,19599,11,,,0,30,,19605,11,,,0,70,,19614,11,,,0,30,,19621,11,,,0,70,,19600,11,,,0,30,,19606,11,,,0,70,,19615,11,,,0,30,,19622,11,,,0,70,,19601,11,,,0,30,,19607,11,,,0,70,,19616,11,,,0,30,,19623,11,,,0,70,,19602,11,,,0,30,,19608,11,,,0,70,,19617,11,,,0,30,,19624,11,,,0,70,,19609,11,,,0,31,,19630,11,0,5 2 13 14,0,69,,19625,11,,,0,100,,19610,11,,,0,100,,19626,11,,,0,95,,19627,11,0,5 2 13 14,0,99,,19629,11,0,5 2 13 14,0
2029,'1847',612,,19632,11,,,0,30,,19640,11,,,0,67,,19651,11,,,0,28,,19646,11,,,0,70,,19633,11,,,0,30,,19641,11,,,0,70,,19652,11,,,0,30,,19647,11,,,0,70,,19634,11,,,0,30,,19642,11,,,0,70,,19653,11,,,0,30,,19648,11,,,0,70,,19635,11,,,0,30,,19643,11,,,0,70,,19654,11,,,0,30,,19649,11,,,0,70,,19636,11,,,0,30,,19644,11,,,0,70,,19655,11,,,0,30,,19650,11,,,0,70,,19637,11,,,0,30,,19645,11,,,0,70,,19656,11,,,0,29,,19660,11,0,5 2 13 14,0,71,,19638,11,,,0,29,,19659,11,0,5 2 13 14,0,71,,19657,11,,,0,100,,19639,11,,,0,100,,19658,11,,,0,100,,19631,11,,,0,94,,19661,11,0,5 2 13 14,0,101,,19662,11,0,5 2 13 14,0
2029,'1850',542,,28649,11,,,0,70,,28650,11,,,0,30,,28651,11,,,0,65,,28652,11,,,0,28,,28653,11,,,0,71,,28654,11,,,0,31,,28655,11,,,0,70,,28656,11,,,0,30,,28657,11,,,0,70,,28658,11,,,0,30,,28659,11,,,0,70,,28660,11,,,0,30,,28661,11,,,0,70,,28662,11,,,0,30,,28663,11,,,0,70,,28664,11,,,0,30,,28665,11,,,0,70,,28666,11,,,0,30,,28667,11,,,0,70,,28668,11,,,0,30,,28669,11,,,0,70,,28670,11,,,0,31,,28671,11,,,0,72,,28672,11,,,0,27,,28673,11,,,0,70,,28674,11,,,0,30,,28678,11,,,0,70,,28679,11,,,0,29,,28682,11,0,5 2 13 14,0,71,,28680,11,,,0,100,,28681,11,,,0,100,,28677,11,,,0,99,,28676,11,0,5 2 13 14,0,96,,28683,11,0,5 2 13 14,0
7029,'1800',722,,29514,23,,,0,100,,29515,23,,,0,100,,29516,23,,,0,100,,29517,23,,,0,100,,29518,23,,,0,100,,29519,23,,,0,100,,29520,23,,,0,101,,29521,23,,,0,100,,29522,23,,,0,99,,29523,23,,,0,100,,29524,23,,,0,100,,29525,23,,,0,100,,29526,23,,,0,100,,29527,23,,,0,100,,29513,23,,,0
7029,'1838',722,,29530,23,,,0,100,,29531,23,,,0,100,,29532,23,,,0,100,,29533,23,,,0,100,,29534,23,,,0,100,,29535,23,,,0,100,,29536,23,,,0,101,,29537,23,,,0,100,,29538,23,,,0,99,,29539,23,,,0,100,,29540,23,,,0,100,,29541,23,,,0,100,,29542,23,,,0,100,,29543,23,,,0,100,,29529,23,,,0
7029,'1841',520,,25358,23,,,0,103,,25359,23,,,0,28,,25360,23,,,0,72,,25361,23,,,0,30,,20403,23,,,0,71,,20404,23,,,0,29,,25362,23,,,0,70,,20406,23,,,0,30,,25363,23,,,0,70,,25364,23,,,0,30,,20409,23,,,0,70,,25365,23,,,0,30,,20411,23,,,0,70,,25355,23,,,0,30,,25356,23,,,0,70,,20397,23,,,0,31,,25354,23,,,0,70,,25353,23,,,0,32,,25357,23,,,0,69,,25366,23,,,0,30,,25367,23,,,0,70,,25368,23,,,0,28,,25369,23,,,0,70,,20416,23,,,0,30,,25370,23,,,0,70,,25371,23,,,0,30,,25372,23,,,0,70,,25373,23,,,0,30,,25374,23,,,0,69,,25375,23,,,0,101,,25376,23,,,0,99,,25377,23,,,0,100,,25378,23,,,0
7029,'1848',623,,29576,12,,,0,29,,29545,23,,,0,70,,29559,23,,,0,30,,29546,23,,,0,70,,29560,23,,,0,30,,29547,23,,,0,70,,29561,23,,,0,30,,29548,23,,,0,70,,29562,23,,,0,30,,29549,23,,,0,70,,29563,23,,,0,30,,29550,23,,,0,70,,29564,23,,,0,30,,29551,23,,,0,70,,29565,23,,,0,30,,29552,23,,,0,71,,29566,23,,,0,30,,29553,23,,,0,70,,29567,23,,,0,30,,29554,23,,,0,69,,29568,23,,,0,30,,29555,23,,,0,70,,29569,23,,,0,30,,29556,23,,,0,70,,29570,23,,,0,30,,29557,23,,,0,70,,29571,23,,,0,30,,29558,23,,,0,70,,29572,23,,,0,100,,29573,23,,,0,100,,29574,23,,,0,100,,29575,23,,,0
7029,'1849',722,,29579,23,,,0,100,,29580,23,,,0,100,,29581,23,,,0,100,,29582,23,,,0,100,,29583,23,,,0,100,,29584,23,,,0,100,,29585,23,,,0,101,,29586,23,,,0,100,,29587,23,,,0,99,,29588,23,,,0,100,,29589,23,,,0,100,,29590,23,,,0,100,,29591,23,,,0,100,,29592,23,,,0,100,,29578,23,,,0
7029,'1850',520,,29600,23,,,0,103,,29601,23,,,0,28,,29602,23,,,0,72,,29603,23,,,0,30,,29604,23,,,0,71,,29605,23,,,0,29,,29606,23,,,0,70,,29607,23,,,0,30,,29608,23,,,0,70,,29609,23,,,0,30,,29610,23,,,0,70,,29611,23,,,0,30,,29612,23,,,0,70,,29596,23,,,0,30,,29597,23,,,0,70,,29598,23,,,0,31,,29595,23,,,0,70,,29594,23,,,0,32,,29599,23,,,0,69,,29613,23,,,0,30,,29614,23,,,0,70,,29615,23,,,0,28,,29616,23,,,0,70,,29617,23,,,0,30,,29618,23,,,0,70,,29619,23,,,0,30,,29620,23,,,0,70,,29621,23,,,0,30,,29622,23,,,0,69,,29623,23,,,0,101,,29624,23,,,0,99,,29625,23,,,0,100,,29626,23,,,0
7029,'1852',520,,29633,23,,,0,103,,29634,23,,,0,28,,29635,23,,,0,72,,29636,23,,,0,30,,29637,23,,,0,71,,29638,23,,,0,29,,29639,23,,,0,70,,29640,23,,,0,30,,29641,23,,,0,70,,29642,23,,,0,30,,29643,23,,,0,70,,29644,23,,,0,30,,29645,23,,,0,70,,29629,23,,,0,30,,29630,23,,,0,70,,29631,23,,,0,31,,29628,23,,,0,70,,29627,23,,,0,32,,29632,23,,,0,69,,29646,23,,,0,30,,29647,23,,,0,70,,29648,23,,,0,28,,29649,23,,,0,70,,29650,23,,,0,30,,29651,23,,,0,70,,29652,23,,,0,30,,29653,23,,,0,70,,29654,23,,,0,30,,29655,23,,,0,69,,29656,23,,,0,101,,29657,23,,,0,99,,29658,23,,,0,100,,29659,23,,,0
