4019,'1799',915,,19845,1,,,0,200,,19834,1,,,0,700,,19827,1,,,0,30,,19831,1,,,0,100,,19846,1,,,0,70,,19838,1,,,0,100,,19839,1,,,0
4019,'1800',745,,24984,1,,,0,70,,24985,1,,,0,30,,24982,1,,,0,70,,19873,1,,,0,30,,24983,1,,,0,70,,24972,1,,,0,30,,24975,1,,,0,70,,19862,1,,,0,30,,24980,1,,,0,70,,24968,1,,,0,30,,24971,1,,,0,70,,24974,1,,,0,30,,24977,1,,,0,70,,24978,1,,,0,30,,24967,1,,,0,70,,24970,1,,,0,30,,24973,1,,,0,70,,24976,1,,,0,30,,24979,1,,,0,70,,24966,1,,,0,30,,24969,1,,,0,70,,19855,1,,,0,30,,19859,1,,,0,70,,24981,1,,,0,30,,19874,1,,,0,70,,19866,1,,,0,30,,24986,1,,,0,70,,19867,1,,,0
4019,'1829',615,,19733,1,,,0,30,,19759,1,,,0,70,,19734,1,,,0,27,,19735,1,,,0,76,,19736,1,,,0,127,,19739,1,,,0,100,,19741,1,,,0,70,,19742,1,,,0,402,,19750,1,,,0
4019,'1831',745,,19761,1,,,0,170,,19777,1,,,0,30,,19765,1,,,0,870,,19790,1,,,0,130,,19773,1,,,0,100,,19766,1,,,0,100,,19770,1,,,0
4019,'1832',745,,19815,1,,,0,70,,19816,1,,,0,30,,19813,1,,,0,100,,19814,1,,,0,70,,19798,1,,,0,30,,19802,1,,,0,100,,19809,1,,,0,70,,19794,1,,,0,30,,19797,1,,,0,70,,19801,1,,,0,30,,19805,1,,,0,70,,19807,1,,,0,30,,19793,1,,,0,70,,19796,1,,,0,30,,19800,1,,,0,70,,19804,1,,,0,30,,19808,1,,,0,70,,19792,1,,,0,30,,19795,1,,,0,170,,19812,1,,,0,130,,19819,1,,,0
4019,'1833',915,,19817,1,,,0,200,,19806,1,,,0,700,,19799,1,,,0,30,,19803,1,,,0,100,,19818,1,,,0,70,,19810,1,,,0,100,,19811,1,,,0
4019,'1834',745,,19843,1,,,0,70,,19844,1,,,0,30,,19841,1,,,0,100,,19842,1,,,0,70,,19826,1,,,0,30,,19830,1,,,0,100,,19837,1,,,0,70,,19822,1,,,0,30,,19825,1,,,0,70,,19829,1,,,0,30,,19833,1,,,0,70,,19835,1,,,0,30,,19821,1,,,0,70,,19824,1,,,0,30,,19828,1,,,0,70,,19832,1,,,0,30,,19836,1,,,0,70,,19820,1,,,0,30,,19823,1,,,0,170,,19840,1,,,0,130,,19847,1,,,0
4019,'1835',842,,24993,1,,,0,76,,24994,1,,,0,97,,24995,1,,,0,130,,24996,1,,,0,70,,24997,1,,,0,30,,24998,1,,,0,70,,24999,1,,,0,30,,25000,1,,,0,70,,25001,1,,,0,32,,25002,1,,,0,101,,25003,1,,,0,64,,25004,1,,,0,36,,25005,1,,,0,64,,25006,1,,,0,36,,25007,1,,,0,62,,25008,1,,,0,35,,25009,1,,,0,70,,25010,1,,,0,30,,24987,1,,,0,70,,24988,1,,,0,30,,24989,1,,,0,70,,24990,1,,,0,30,,24991,1,,,0,70,,24992,1,,,0
4019,'1836',645,,25035,1,,,0,70,,25015,1,,,0,100,,25018,1,,,0,30,,25027,1,,,0,170,,25032,1,,,0,30,,25014,1,,,0,70,,25029,1,,,0,30,,25024,1,,,0,70,,25019,1,,,0,30,,25030,1,,,0,70,,25033,1,,,0,30,,25013,1,,,0,70,,25020,1,,,0,30,,25012,1,,,0,70,,25016,1,,,0,30,,25031,1,,,0,70,,25028,1,,,0,30,,25025,1,,,0,70,,25017,1,,,0,30,,25034,1,,,0,100,,25011,1,,,0,70,,25021,1,,,0,100,,25026,1,,,0,100,,25022,1,,,0,100,,25023,1,,,0
4019,'1837',745,,25054,1,,,0,70,,25055,1,,,0,30,,25052,1,,,0,100,,25053,1,,,0,70,,25042,1,,,0,30,,25045,1,,,0,100,,25050,1,,,0,70,,25038,1,,,0,30,,25041,1,,,0,70,,25044,1,,,0,30,,25047,1,,,0,70,,25048,1,,,0,30,,25037,1,,,0,70,,25040,1,,,0,30,,25043,1,,,0,70,,25046,1,,,0,30,,25049,1,,,0,70,,25036,1,,,0,30,,25039,1,,,0,170,,25051,1,,,0,130,,25056,1,,,0
4019,'1838',745,,25075,1,,,0,70,,25076,1,,,0,30,,25073,1,,,0,100,,25074,1,,,0,70,,25063,1,,,0,30,,25066,1,,,0,100,,25071,1,,,0,70,,25059,1,,,0,30,,25062,1,,,0,70,,25065,1,,,0,30,,25068,1,,,0,70,,25069,1,,,0,30,,25058,1,,,0,70,,25061,1,,,0,30,,25064,1,,,0,70,,25067,1,,,0,30,,25070,1,,,0,70,,25057,1,,,0,30,,25060,1,,,0,170,,25072,1,,,0,130,,25077,1,,,0
4029,'1799',911,,19991,18,4,,0,931,,19995,18,4,,0,101,,19994,18,4,,0,70,,19987,18,4,,0,100,,19985,18,4,,0,100,,19986,18,4,,0
4029,'1800',740,,25092,18,4,,0,70,,25093,18,4,,0,30,,25090,18,4,,0,71,,20020,18,4,,0,32,,25091,18,4,,0,869,,25095,18,4,,0,30,,20024,18,4,,0,71,,25096,18,4,,0,30,,20023,18,4,,0,70,,20016,18,4,,0,30,,25094,18,4,,0,70,,20014,18,4,,0,100,,20015,18,4,,0
4029,'1831',1945,,19914,18,4,,0,98,,19915,18,4,,0,100,,19930,18,4,,0
4029,'1832',740,,19961,18,4,,0,70,,19963,18,4,,0,30,,19959,18,4,,0,103,,19960,18,4,,0,869,,19967,18,4,,0,101,,19968,18,4,,0,130,,19964,18,4,,0
4029,'1833',911,,19962,18,4,,0,931,,19966,18,4,,0,101,,19965,18,4,,0,70,,19958,18,4,,0,100,,19956,18,4,,0,100,,19957,18,4,,0
4029,'1834',740,,19990,18,4,,0,70,,19992,18,4,,0,30,,19988,18,4,,0,103,,19989,18,4,,0,869,,19996,18,4,,0,101,,19997,18,4,,0,130,,19993,18,4,,0
4029,'1835',1945,,25116,18,4,,0,70,,25117,18,4,,0,29,,25118,18,4,,0,70,,25119,18,4,,0,30,,25120,18,4,,0,70,,25121,18,4,,0
4029,'1836',2015,,25123,18,4,,0,98,,25127,18,4,,0,100,,25126,18,4,,0
4029,'1837',740,,25152,18,4,,0,70,,25153,18,4,,0,30,,25150,18,4,,0,103,,25151,18,4,,0,869,,25155,18,4,,0,101,,25156,18,4,,0,130,,25154,18,4,,0
4029,'1838',740,,25171,18,4,,0,70,,25172,18,4,,0,30,,25169,18,4,,0,103,,25170,18,4,,0,869,,25174,18,4,,0,101,,25175,18,4,,0,130,,25173,18,4,,0
502019,'1799',1000,,22917,1,,,0,200,,22915,1,,,0,200,,22914,1,,,0,200,,22911,1,,,0,200,,22909,1,,,0,200,,22907,1,,,0,30,,22897,1,,,0,70,,22920,1,,,0,30,,22906,1,,,0,70,,22921,1,,,0,30,,22900,1,,,0,70,,22922,1,,,0,30,,22898,1,,,0
502019,'1800',630,,26625,1,,,0,70,,26614,1,,,0,30,,26628,1,,,0,70,,26635,1,,,0,30,,26623,1,,,0,70,,26634,1,,,0,30,,26624,1,,,0,70,,22952,1,,,0,30,,26622,1,,,0,70,,26633,1,,,0,30,,26617,1,,,0,70,,22950,1,,,0,30,,26620,1,,,0,70,,26632,1,,,0,30,,26618,1,,,0,70,,22949,1,,,0,30,,26621,1,,,0,70,,26631,1,,,0,30,,26615,1,,,0,70,,22946,1,,,0,30,,26619,1,,,0,70,,26630,1,,,0,30,,26616,1,,,0,70,,22944,1,,,0,30,,26626,1,,,0,70,,26629,1,,,0,30,,26627,1,,,0,70,,22942,1,,,0,30,,22932,1,,,0,70,,22955,1,,,0,30,,22941,1,,,0,70,,22956,1,,,0,30,,22935,1,,,0,70,,22957,1,,,0,30,,22933,1,,,0
502019,'1829',655,,22817,1,,,0,99,,22780,1,,,0,76,,22782,1,,,0,24,,22783,1,,,0,76,,22785,1,,,0,300,,22791,1,,,0,70,,22792,1,,,0,324,,22799,1,,,0,576,,22813,1,,,0,100,,22815,1,,,0
502019,'1831',700,,22833,1,,,0,30,,22825,1,,,0,70,,22834,1,,,0,30,,22824,1,,,0,70,,22835,1,,,0,30,,22823,1,,,0,70,,22836,1,,,0,30,,22844,1,,,0,170,,22838,1,,,0,30,,22846,1,,,0,70,,22839,1,,,0,130,,22848,1,,,0,70,,22841,1,,,0,130,,22850,1,,,0,70,,22843,1,,,0,30,,22851,1,,,0,170,,22829,1,,,0,100,,22828,1,,,0,100,,22830,1,,,0,100,,22831,1,,,0,100,,22832,1,,,0
502019,'1832',630,,22867,1,,,0,70,,22853,1,,,0,30,,22870,1,,,0,70,,22884,1,,,0,30,,22864,1,,,0,70,,22883,1,,,0,30,,22866,1,,,0,100,,22861,1,,,0,70,,22881,1,,,0,30,,22856,1,,,0,100,,22859,1,,,0,70,,22878,1,,,0,30,,22857,1,,,0,100,,22860,1,,,0,70,,22877,1,,,0,30,,22854,1,,,0,100,,22858,1,,,0,70,,22875,1,,,0,30,,22855,1,,,0,100,,22868,1,,,0,70,,22873,1,,,0,30,,22869,1,,,0
502019,'1833',1000,,22882,1,,,0,200,,22880,1,,,0,200,,22879,1,,,0,200,,22876,1,,,0,200,,22874,1,,,0,200,,22872,1,,,0,30,,22862,1,,,0,70,,22885,1,,,0,30,,22871,1,,,0,70,,22886,1,,,0,30,,22865,1,,,0,70,,22887,1,,,0,30,,22863,1,,,0
502019,'1834',630,,22902,1,,,0,70,,22888,1,,,0,30,,22905,1,,,0,70,,22919,1,,,0,30,,22899,1,,,0,70,,22918,1,,,0,30,,22901,1,,,0,100,,22896,1,,,0,70,,22916,1,,,0,30,,22891,1,,,0,100,,22894,1,,,0,70,,22913,1,,,0,30,,22892,1,,,0,100,,22895,1,,,0,70,,22912,1,,,0,30,,22889,1,,,0,100,,22893,1,,,0,70,,22910,1,,,0,30,,22890,1,,,0,100,,22903,1,,,0,70,,22908,1,,,0,30,,22904,1,,,0
502019,'1835',600,,26636,1,,,0,30,,26637,1,,,0,75,,26638,1,,,0,25,,26639,1,,,0,76,,26640,1,,,0,100,,26641,1,,,0,94,,26642,1,,,0,30,,26643,1,,,0,70,,26644,1,,,0,30,,26645,1,,,0,70,,26646,1,,,0,130,,26647,1,,,0,70,,26648,1,,,0,32,,26649,1,,,0,70,,26650,1,,,0,30,,26651,1,,,0,68,,26652,1,,,0,36,,26653,1,,,0,64,,26654,1,,,0,6,,26668,1,,,0,18,,26655,1,,,0,12,,26656,1,,,0,64,,26657,1,,,0,22,,26658,1,,,0,12,,26659,1,,,0,66,,26660,1,,,0,30,,26661,1,,,0,70,,26662,1,,,0,30,,26663,1,,,0,70,,26664,1,,,0,30,,26665,1,,,0,100,,26666,1,,,0,100,,26667,1,,,0
502019,'1836',630,,26673,1,,,0,470,,26675,1,,,0,30,,26678,1,,,0,200,,26679,1,,,0,70,,26676,1,,,0,130,,26680,1,,,0,70,,26677,1,,,0,200,,26674,1,,,0,30,,26681,1,,,0,200,,26672,1,,,0,100,,26671,1,,,0,100,,26670,1,,,0,100,,26669,1,,,0
502019,'1837',630,,26693,1,,,0,70,,26682,1,,,0,30,,26696,1,,,0,70,,26703,1,,,0,30,,26691,1,,,0,70,,26702,1,,,0,30,,26692,1,,,0,100,,26690,1,,,0,70,,26701,1,,,0,30,,26685,1,,,0,100,,26688,1,,,0,70,,26700,1,,,0,30,,26686,1,,,0,100,,26689,1,,,0,70,,26699,1,,,0,30,,26683,1,,,0,100,,26687,1,,,0,70,,26698,1,,,0,30,,26684,1,,,0,100,,26694,1,,,0,70,,26697,1,,,0,30,,26695,1,,,0
502019,'1838',630,,26715,1,,,0,70,,26704,1,,,0,30,,26718,1,,,0,70,,26725,1,,,0,30,,26713,1,,,0,70,,26724,1,,,0,30,,26714,1,,,0,100,,26712,1,,,0,70,,26723,1,,,0,30,,26707,1,,,0,100,,26710,1,,,0,70,,26722,1,,,0,30,,26708,1,,,0,100,,26711,1,,,0,70,,26721,1,,,0,30,,26705,1,,,0,100,,26709,1,,,0,70,,26720,1,,,0,30,,26706,1,,,0,100,,26716,1,,,0,70,,26719,1,,,0,30,,26717,1,,,0
502029,'1799',955,,23165,16,4,,0,155,,23176,16,4,,0,47,,23163,16,4,,0,200,,23161,16,4,,0,201,,23159,16,4,,0,197,,23157,16,4,,0,55,,23171,16,4,,0,145,,23155,16,4,,0,70,,23143,16,4,,0,30,,23154,16,4,,0,70,,23144,16,4,,0,30,,23152,16,4,,0,68,,23149,16,4,,0,30,,23153,16,4,,0,70,,23146,16,4,,0
502029,'1800',629,,26740,16,4,,0,28,,26726,16,4,,0,65,,26735,16,4,,0,30,,26747,16,4,,0,71,,26737,16,4,,0,30,,26746,16,4,,0,72,,26736,16,4,,0,30,,23215,16,4,,0,70,,26727,16,4,,0,30,,26745,16,4,,0,55,,23226,16,4,,0,16,,26728,16,4,,0,16,,26756,16,4,,0,15,,23213,16,4,,0,55,,26759,16,4,,0,15,,26729,16,4,,0,15,,26750,16,4,,0,15,,26744,16,4,,0,55,,26752,16,4,,0,15,,26730,16,4,,0,15,,26754,16,4,,0,15,,23211,16,4,,0,55,,26757,16,4,,0,16,,26731,16,4,,0,15,,26758,16,4,,0,15,,26743,16,4,,0,55,,26749,16,4,,0,15,,26732,16,4,,0,15,,26751,16,4,,0,15,,23209,16,4,,0,54,,26753,16,4,,0,14,,26733,16,4,,0,14,,26755,16,4,,0,15,,26742,16,4,,0,55,,26760,16,4,,0,15,,26734,16,4,,0,15,,26748,16,4,,0,15,,23207,16,4,,0,55,,23221,16,4,,0,15,,26739,16,4,,0,30,,26741,16,4,,0,70,,26738,16,4,,0,30,,23205,16,4,,0,70,,23193,16,4,,0,30,,23204,16,4,,0,70,,23194,16,4,,0,30,,23202,16,4,,0,68,,23199,16,4,,0,30,,23203,16,4,,0,70,,23196,16,4,,0
502029,'1829',610,,22959,16,4,,0,32,,22961,16,4,,0,71,,22964,16,4,,0,26,,22966,16,4,,0,13,,22967,16,4,,0,7,,22968,16,4,,0,58,,22970,16,4,,0,12,,22972,16,4,,0,24,,22974,16,4,,0,75,,22977,16,4,,0,14,,22978,16,4,,0,100,,22982,16,4,,0,71,,22984,16,4,,0,116,,22989,16,4,,0,30,,22991,16,4,,0,257,,23000,16,4,,0,106,,23005,16,4,,0,533,,23024,16,4,,0,100,,23026,16,4,,0
502029,'1831',657,,23043,16,4,,0,70,,23035,16,4,,0,30,,23044,16,4,,0,66,,23034,16,4,,0,30,,23045,16,4,,0,72,,23033,16,4,,0,30,,23046,16,4,,0,70,,23073,16,4,,0,132,,23066,16,4,,0,70,,23075,16,4,,0,30,,23067,16,4,,0,171,,23077,16,4,,0,30,,23069,16,4,,0,168,,23079,16,4,,0,29,,23071,16,4,,0,70,,23080,16,4,,0,85,,23055,16,4,,0,45,,23039,16,4,,0,100,,23040,16,4,,0,100,,23041,16,4,,0,100,,23037,16,4,,0,98,,23042,16,4,,0
502029,'1832',629,,23101,16,4,,0,28,,23083,16,4,,0,65,,23092,16,4,,0,30,,23117,16,4,,0,71,,23097,16,4,,0,30,,23116,16,4,,0,72,,23095,16,4,,0,100,,23084,16,4,,0,30,,23114,16,4,,0,71,,23085,16,4,,0,16,,23128,16,4,,0,70,,23131,16,4,,0,15,,23086,16,4,,0,15,,23120,16,4,,0,15,,23112,16,4,,0,55,,23123,16,4,,0,15,,23087,16,4,,0,15,,23125,16,4,,0,70,,23129,16,4,,0,16,,23088,16,4,,0,15,,23130,16,4,,0,15,,23110,16,4,,0,55,,23119,16,4,,0,15,,23089,16,4,,0,15,,23122,16,4,,0,69,,23124,16,4,,0,14,,23090,16,4,,0,14,,23127,16,4,,0,15,,23108,16,4,,0,55,,23132,16,4,,0,15,,23091,16,4,,0,15,,23118,16,4,,0,85,,23100,16,4,,0,30,,23106,16,4,,0,70,,23098,16,4,,0
502029,'1833',955,,23115,16,4,,0,155,,23126,16,4,,0,47,,23113,16,4,,0,200,,23111,16,4,,0,201,,23109,16,4,,0,197,,23107,16,4,,0,55,,23121,16,4,,0,145,,23105,16,4,,0,70,,23093,16,4,,0,30,,23104,16,4,,0,70,,23094,16,4,,0,30,,23102,16,4,,0,68,,23099,16,4,,0,30,,23103,16,4,,0,70,,23096,16,4,,0
502029,'1834',629,,23151,16,4,,0,28,,23133,16,4,,0,65,,23142,16,4,,0,30,,23167,16,4,,0,71,,23147,16,4,,0,30,,23166,16,4,,0,72,,23145,16,4,,0,100,,23134,16,4,,0,30,,23164,16,4,,0,71,,23135,16,4,,0,16,,23178,16,4,,0,70,,23181,16,4,,0,15,,23136,16,4,,0,15,,23170,16,4,,0,15,,23162,16,4,,0,55,,23173,16,4,,0,15,,23137,16,4,,0,15,,23175,16,4,,0,70,,23179,16,4,,0,16,,23138,16,4,,0,15,,23180,16,4,,0,15,,23160,16,4,,0,55,,23169,16,4,,0,15,,23139,16,4,,0,15,,23172,16,4,,0,69,,23174,16,4,,0,14,,23140,16,4,,0,14,,23177,16,4,,0,15,,23158,16,4,,0,55,,23182,16,4,,0,15,,23141,16,4,,0,15,,23168,16,4,,0,85,,23150,16,4,,0,30,,23156,16,4,,0,70,,23148,16,4,,0
502029,'1835',555,,26761,16,4,,0,70,,26762,16,4,,0,24,,26763,16,4,,0,8,,26764,16,4,,0,69,,26765,16,4,,0,79,,26766,16,4,,0,18,,26767,16,4,,0,18,,26768,16,4,,0,64,,26769,16,4,,0,10,,26770,16,4,,0,42,,26771,16,4,,0,55,,26772,16,4,,0,15,,26773,16,4,,0,31,,26774,16,4,,0,70,,26775,16,4,,0,16,,26776,16,4,,0,15,,26777,16,4,,0,55,,26778,16,4,,0,30,,26779,16,4,,0,70,,26780,16,4,,0,15,,26781,16,4,,0,15,,26782,16,4,,0,15,,26783,16,4,,0,55,,26784,16,4,,0,15,,26785,16,4,,0,16,,26786,16,4,,0,56,,26787,16,4,,0,30,,26788,16,4,,0,15,,26789,16,4,,0,12,,26790,16,4,,0,52,,26791,16,4,,0,24,,26792,16,4,,0,11,,26793,16,4,,0,12,,26794,16,4,,0,52,,26795,16,4,,0,12,,26796,16,4,,0,11,,26797,16,4,,0,11,,26798,16,4,,0,12,,26799,16,4,,0,52,,26800,16,4,,0,11,,26801,16,4,,0,12,,26802,16,4,,0,12,,26803,16,4,,0,15,,26804,16,4,,0,55,,26812,16,4,,0,14,,26805,16,4,,0,29,,26806,16,4,,0,70,,26807,16,4,,0,30,,26808,16,4,,0,70,,26809,16,4,,0,100,,26810,16,4,,0,100,,26811,16,4,,0
502029,'1836',627,,26817,16,4,,0,15,,26844,16,4,,0,368,,26819,16,4,,0,30,,26827,16,4,,0,15,,26836,16,4,,0,55,,26820,16,4,,0,16,,26840,16,4,,0,16,,26828,16,4,,0,70,,26821,16,4,,0,30,,26829,16,4,,0,70,,26822,16,4,,0,15,,26841,16,4,,0,15,,26830,16,4,,0,15,,26837,16,4,,0,55,,26823,16,4,,0,31,,26831,16,4,,0,70,,26824,16,4,,0,15,,26842,16,4,,0,15,,26832,16,4,,0,15,,26838,16,4,,0,54,,26825,16,4,,0,28,,26833,16,4,,0,70,,26826,16,4,,0,30,,26834,16,4,,0,15,,26818,16,4,,0,70,,26839,16,4,,0,15,,26835,16,4,,0,70,,26843,16,4,,0,115,,26816,16,4,,0,100,,26815,16,4,,0,98,,26814,16,4,,0,100,,26813,16,4,,0
502029,'1837',629,,26859,16,4,,0,28,,26845,16,4,,0,65,,26854,16,4,,0,30,,26866,16,4,,0,71,,26856,16,4,,0,30,,26865,16,4,,0,72,,26855,16,4,,0,100,,26846,16,4,,0,30,,26864,16,4,,0,71,,26847,16,4,,0,16,,26875,16,4,,0,70,,26878,16,4,,0,15,,26848,16,4,,0,15,,26869,16,4,,0,15,,26863,16,4,,0,55,,26871,16,4,,0,15,,26849,16,4,,0,15,,26873,16,4,,0,70,,26876,16,4,,0,16,,26850,16,4,,0,15,,26877,16,4,,0,15,,26862,16,4,,0,55,,26868,16,4,,0,15,,26851,16,4,,0,15,,26870,16,4,,0,69,,26872,16,4,,0,14,,26852,16,4,,0,14,,26874,16,4,,0,15,,26861,16,4,,0,55,,26879,16,4,,0,15,,26853,16,4,,0,15,,26867,16,4,,0,85,,26858,16,4,,0,30,,26860,16,4,,0,70,,26857,16,4,,0
502029,'1838',629,,26894,16,4,,0,28,,26880,16,4,,0,65,,26889,16,4,,0,30,,26901,16,4,,0,71,,26891,16,4,,0,30,,26900,16,4,,0,72,,26890,16,4,,0,100,,26881,16,4,,0,30,,26899,16,4,,0,71,,26882,16,4,,0,16,,26910,16,4,,0,70,,26913,16,4,,0,15,,26883,16,4,,0,15,,26904,16,4,,0,15,,26898,16,4,,0,55,,26906,16,4,,0,15,,26884,16,4,,0,15,,26908,16,4,,0,70,,26911,16,4,,0,16,,26885,16,4,,0,15,,26912,16,4,,0,15,,26897,16,4,,0,55,,26903,16,4,,0,15,,26886,16,4,,0,15,,26905,16,4,,0,69,,26907,16,4,,0,14,,26887,16,4,,0,14,,26909,16,4,,0,15,,26896,16,4,,0,55,,26914,16,4,,0,15,,26888,16,4,,0,15,,26902,16,4,,0,85,,26893,16,4,,0,30,,26895,16,4,,0,70,,26892,16,4,,0
701019,'1835',1705,,27120,9,4,,0
14000001019,'1799',2426,2,24909,33,,,0,100,2,24906,33,,,0,30,2,24910,33,,,0
14000001019,'1800',2426,2,24914,33,,,0,30,2,28272,33,,,0,70,2,24911,33,,,0,30,2,24915,33,,,0,70,2,28271,33,,,0
14000001019,'1829',2526,2,24893,33,,,0
14000001019,'1831',2426,2,24900,33,,,0,30,2,24896,33,,,0,70,2,24899,33,,,0,30,2,24898,33,,,0,70,2,24897,33,,,0
14000001019,'1832',2456,2,24903,33,,,0,170,2,24902,33,,,0
14000001019,'1833',2426,2,24904,33,,,0,100,2,24901,33,,,0,30,2,24905,33,,,0
14000001019,'1834',2456,2,24908,33,,,0,170,2,24907,33,,,0
14000001019,'1835',2426,2,28276,33,,,0,30,2,28274,33,,,0,100,2,28275,33,,,0,70,2,28273,33,,,0
14000001019,'1837',2456,2,28278,33,,,0,170,2,28277,33,,,0
14000001019,'1838',2456,2,28280,33,,,0,170,2,28279,33,,,0
