7019,'1850',557,,29438,31,4,,0
7019,'1852',557,,29476,31,4,,0
10019,'1800',855,,29664,1,,,0,100,,29670,1,,,0,100,,29663,1,,,0,100,,29668,1,,,0,100,,29661,1,,,0,100,,29666,1,,,0,100,,29667,1,,,0,100,,29669,1,,,0,100,,29662,1,,,0,100,,29660,1,,,0,100,,29665,1,,,0,100,,29671,1,0,27 28 1 29,0
10019,'1838',855,,29676,1,,,0,100,,29682,1,,,0,100,,29675,1,,,0,100,,29680,1,,,0,100,,29673,1,,,0,100,,29678,1,,,0,100,,29679,1,,,0,100,,29681,1,,,0,100,,29674,1,,,0,100,,29672,1,,,0,100,,29677,1,,,0,100,,29683,1,0,27 28 1 29,0
10019,'1848',655,,29698,1,,,0,100,,29691,1,,,0,100,,29684,1,,,0,100,,29692,1,,,0,100,,29685,1,,,0,100,,29693,1,,,0,100,,29686,1,,,0,100,,29694,1,,,0,100,,29687,1,,,0,100,,29695,1,,,0,100,,29688,1,,,0,100,,29696,1,,,0,100,,29689,1,,,0,100,,29697,1,,,0,100,,29690,1,,,0,100,,29700,1,0,27 28 1 29,0,200,,29699,1,0,27 28 1 29,0
10019,'1849',855,,29705,1,,,0,100,,29711,1,,,0,100,,29704,1,,,0,100,,29709,1,,,0,100,,29702,1,,,0,100,,29707,1,,,0,100,,29708,1,,,0,100,,29710,1,,,0,100,,29703,1,,,0,100,,29701,1,,,0,100,,29706,1,,,0,100,,29712,1,0,27 28 1 29,0
10019,'1850',555,,29722,1,,,0,100,,29723,1,,,0,100,,29721,1,,,0,100,,29724,1,,,0,100,,29720,1,,,0,100,,29719,1,,,0,100,,29718,1,,,0,100,,29716,1,,,0,100,,29714,1,,,0,100,,29717,1,,,0,100,,29715,1,,,0,100,,29713,1,,,0,100,,29725,1,,,0,100,,29726,1,,,0,100,,29727,1,,,0,100,,29728,1,,,0,100,,29729,1,,,0,100,,29731,1,0,27 28 1 29,0,100,,29730,1,0,27 28 1 29,0
10019,'1852',555,,29741,1,,,0,100,,29742,1,,,0,100,,29740,1,,,0,100,,29743,1,,,0,100,,29739,1,,,0,100,,29738,1,,,0,100,,29737,1,,,0,100,,29735,1,,,0,100,,29733,1,,,0,100,,29736,1,,,0,100,,29734,1,,,0,100,,29732,1,,,0,100,,29744,1,,,0,100,,29745,1,,,0,100,,29746,1,,,0,100,,29747,1,,,0,100,,29748,1,,,0,100,,29750,1,0,27 28 1 29,0,100,,29749,1,0,27 28 1 29,0
10029,'1800',855,,29762,11,4,,0,100,,29759,34,4,,0,100,,29761,34,4,,0,100,,29752,34,4,,0,100,,29754,34,4,,0,100,,29756,34,4,,0,100,,29758,34,4,,0,100,,29760,34,4,,0,100,,29751,34,4,,0,100,,29753,34,4,,0,100,,29755,34,4,,0,100,,29757,34,4,,0
10029,'1838',855,,29774,11,4,,0,100,,29771,34,4,,0,100,,29773,34,4,,0,100,,29764,34,4,,0,100,,29766,34,4,,0,100,,29768,34,4,,0,100,,29770,34,4,,0,100,,29772,34,4,,0,100,,29763,34,4,,0,100,,29765,34,4,,0,100,,29767,34,4,,0,100,,29769,34,4,,0
10029,'1848',555,,29790,11,4,,0,100,,29791,11,4,,0,100,,29782,34,4,,0,100,,29775,34,4,,0,100,,29783,34,4,,0,100,,29776,34,4,,0,100,,29784,34,4,,0,100,,29777,34,4,,0,100,,29785,34,4,,0,100,,29778,34,4,,0,100,,29786,34,4,,0,100,,29779,34,4,,0,100,,29787,34,4,,0,100,,29780,34,4,,0,100,,29788,34,4,,0,100,,29781,34,4,,0,100,,29789,34,4,,0
10029,'1849',855,,29803,11,4,,0,100,,29800,34,4,,0,100,,29802,34,4,,0,100,,29793,34,4,,0,100,,29795,34,4,,0,100,,29797,34,4,,0,100,,29799,34,4,,0,100,,29801,34,4,,0,100,,29792,34,4,,0,100,,29794,34,4,,0,100,,29796,34,4,,0,100,,29798,34,4,,0
10029,'1850',555,,29821,11,4,,0,100,,29816,34,4,,0,100,,29804,34,4,,0,100,,29817,34,4,,0,100,,29818,34,4,,0,100,,29819,34,4,,0,100,,29815,34,4,,0,100,,29814,34,4,,0,100,,29813,34,4,,0,100,,29812,34,4,,0,100,,29811,34,4,,0,100,,29810,34,4,,0,100,,29809,34,4,,0,100,,29808,34,4,,0,100,,29820,34,4,,0,100,,29806,34,4,,0,100,,29807,34,4,,0,100,,29805,34,4,,0
10029,'1852',555,,29839,11,4,,0,100,,29834,34,4,,0,100,,29822,34,4,,0,100,,29835,34,4,,0,100,,29836,34,4,,0,100,,29837,34,4,,0,100,,29833,34,4,,0,100,,29832,34,4,,0,100,,29831,34,4,,0,100,,29830,34,4,,0,100,,29829,34,4,,0,100,,29828,34,4,,0,100,,29827,34,4,,0,100,,29826,34,4,,0,100,,29838,34,4,,0,100,,29824,34,4,,0,100,,29825,34,4,,0,100,,29823,34,4,,0
11029,'1800',805,,29926,1,,,0,100,,29927,1,,,0,100,,29928,1,,,0,100,,29929,1,,,0,100,,29930,1,,,0,100,,29931,1,,,0,100,,29932,1,,,0,100,,29933,1,,,0,100,,29934,1,,,0,100,,29935,1,,,0,100,,29936,1,,,0,100,,29937,1,,,0,100,,29938,1,,,0
11029,'1838',805,,29939,1,,,0,100,,29940,1,,,0,100,,29941,1,,,0,100,,29942,1,,,0,100,,29943,1,,,0,100,,29944,1,,,0,100,,29945,1,,,0,100,,29946,1,,,0,100,,29947,1,,,0,100,,29948,1,,,0,100,,29949,1,,,0,100,,29950,1,,,0,100,,29951,1,,,0
11029,'1848',705,,29966,1,,,0,100,,29953,1,,,0,100,,29954,1,,,0,100,,29955,1,,,0,100,,29956,1,,,0,100,,29957,1,,,0,100,,29958,1,,,0,100,,29959,1,,,0,100,,29960,1,,,0,100,,29961,1,,,0,100,,29962,1,,,0,100,,29963,1,,,0,100,,29964,1,,,0,100,,29965,1,,,0
11029,'1849',805,,29967,1,,,0,100,,29968,1,,,0,100,,29969,1,,,0,100,,29970,1,,,0,100,,29971,1,,,0,100,,29972,1,,,0,100,,29973,1,,,0,100,,29974,1,,,0,100,,29975,1,,,0,100,,29976,1,,,0,100,,29977,1,,,0,100,,29978,1,,,0,100,,29979,1,,,0
11029,'1850',705,,29981,1,,,0,100,,29982,1,,,0,100,,29983,1,,,0,100,,29984,1,,,0,100,,29985,1,,,0,100,,29986,1,,,0,100,,29987,1,,,0,98,,29988,1,,,0,100,,29989,1,,,0,100,,29990,1,,,0,100,,29991,1,,,0,102,,29992,1,,,0,100,,29993,1,,,0,100,,29994,1,,,0,100,,29980,1,,,0
11029,'1852',705,,29997,1,,,0,100,,29998,1,,,0,100,,29999,1,,,0,100,,30000,1,,,0,100,,30001,1,,,0,100,,30002,1,,,0,100,,30003,1,,,0,98,,30004,1,,,0,100,,30005,1,,,0,100,,30006,1,,,0,100,,30007,1,,,0,102,,30008,1,,,0,100,,30009,1,,,0,100,,30010,1,,,0,100,,29996,1,,,0
