7019,'1800',732,,29303,6,,,0,101,,29304,6,,,0,100,,29313,6,,,0,100,,29305,6,,,0,100,,29306,6,,,0,100,,29307,6,,,0,100,,29308,6,,,0,101,,29309,6,,,0,100,,29310,6,,,0,99,,29311,6,,,0,100,,29299,6,,,0,99,,29300,6,,,0,100,,29298,6,,,0,100,,29302,6,,,0,100,,29301,6,,,0
7019,'1838',732,,35957,6,,,0,101,,35958,6,,,0,100,,35967,6,,,0,100,,35959,6,,,0,100,,35960,6,,,0,100,,35961,6,,,0,100,,35962,6,,,0,101,,35963,6,,,0,100,,35964,6,,,0,99,,35965,6,,,0,100,,35953,6,,,0,99,,35954,6,,,0,100,,35952,6,,,0,100,,35956,6,,,0,100,,35955,6,,,0
7019,'1850',530,,29438,6,,,0,103,,29439,6,,,0,70,,29440,6,,,0,32,,29448,6,,,0,70,,29441,6,,,0,32,,29449,6,,,0,68,,29442,6,,,0,30,,29450,6,,,0,70,,29443,6,,,0,30,,29451,6,,,0,70,,29444,6,,,0,30,,29452,6,,,0,70,,29445,6,,,0,30,,29453,6,,,0,70,,29446,6,,,0,30,,29454,6,,,0,71,,29447,6,,,0,31,,29467,6,,,0,73,,29468,6,,,0,28,,29469,6,,,0,70,,29470,6,,,0,30,,29455,6,,,0,68,,29457,6,,,0,30,,29456,6,,,0,70,,29459,6,,,0,28,,29460,6,,,0,70,,29461,6,,,0,29,,29462,6,,,0,70,,29463,6,,,0,30,,29464,6,,,0,100,,29465,6,,,0,99,,29466,6,,,0,100,,29458,6,,,0
7019,'1859',633,,29380,6,,,0,69,,29373,6,,,0,30,,29381,6,,,0,70,,29374,6,,,0,31,,29382,6,,,0,100,,29383,6,,,0,100,,29384,6,,,0,100,,29385,6,,,0,70,,29378,6,,,0,30,,29386,6,,,0,100,,29387,6,,,0,70,,29392,6,,,0,31,,29388,6,,,0,70,,29394,6,,,0,30,,29389,6,,,0,99,,29390,6,,,0,100,,29391,6,,,0,99,,29368,6,,,0,100,,29369,6,,,0,70,,29397,6,,,0,30,,29370,6,,,0,100,,29371,6,,,0,100,,29372,6,,,0
7019,'1861',732,,29407,6,,,0,101,,29408,6,,,0,100,,29417,6,,,0,100,,29409,6,,,0,100,,29410,6,,,0,100,,29411,6,,,0,100,,29412,6,,,0,101,,29413,6,,,0,100,,29414,6,,,0,99,,29415,6,,,0,100,,29403,6,,,0,99,,29404,6,,,0,100,,29402,6,,,0,100,,29406,6,,,0,100,,29405,6,,,0
7019,'1862',903,,35987,6,,,0,100,,35988,6,,,0,100,,35989,6,,,0,200,,35990,6,,,0,301,,35991,6,,,0,99,,35992,6,,,0,100,,35994,6,,,0,99,,35993,6,,,0
7019,'1864',530,,36014,6,,,0,103,,36015,6,,,0,70,,29478,6,,,0,32,,29486,6,,,0,70,,29479,6,,,0,32,,29487,6,,,0,68,,36016,6,,,0,30,,36020,6,,,0,70,,36017,6,,,0,30,,36021,6,,,0,70,,29482,6,,,0,30,,29490,6,,,0,70,,29483,6,,,0,30,,36022,6,,,0,70,,36018,6,,,0,30,,36023,6,,,0,71,,36019,6,,,0,31,,36030,6,,,0,73,,36031,6,,,0,28,,29507,6,,,0,70,,36032,6,,,0,30,,36024,6,,,0,68,,36026,6,,,0,30,,36025,6,,,0,70,,36028,6,,,0,28,,29498,6,,,0,70,,29499,6,,,0,29,,36029,6,,,0,70,,29501,6,,,0,30,,29502,6,,,0,100,,29503,6,,,0,99,,29504,6,,,0,100,,36027,6,,,0
7019,'1865',530,,36037,6,,,0,103,,36038,6,,,0,70,,36039,6,,,0,32,,36047,6,,,0,70,,36040,6,,,0,32,,36048,6,,,0,68,,36041,6,,,0,30,,36049,6,,,0,70,,36042,6,,,0,30,,36050,6,,,0,70,,36043,6,,,0,30,,36051,6,,,0,70,,36044,6,,,0,30,,36052,6,,,0,70,,36045,6,,,0,30,,36053,6,,,0,71,,36046,6,,,0,31,,36066,6,,,0,73,,36067,6,,,0,28,,36068,6,,,0,70,,36069,6,,,0,30,,36054,6,,,0,68,,36056,6,,,0,30,,36055,6,,,0,70,,36058,6,,,0,28,,36059,6,,,0,70,,36060,6,,,0,29,,36061,6,,,0,70,,36062,6,,,0,30,,36063,6,,,0,100,,36064,6,,,0,99,,36065,6,,,0,100,,36057,6,,,0
7019,'1866',633,,36086,6,,,0,69,,36079,6,,,0,30,,36087,6,,,0,70,,36080,6,,,0,31,,36088,6,,,0,70,,36081,6,,,0,30,,36089,6,,,0,70,,36082,6,,,0,30,,36090,6,,,0,70,,36083,6,,,0,30,,36091,6,,,0,70,,36084,6,,,0,30,,36092,6,,,0,70,,36085,6,,,0,30,,36093,6,,,0,70,,36098,6,,,0,31,,36094,6,,,0,70,,36100,6,,,0,30,,36095,6,,,0,70,,36099,6,,,0,29,,36096,6,,,0,70,,36101,6,,,0,30,,36097,6,,,0,70,,36104,6,,,0,29,,36074,6,,,0,70,,36102,6,,,0,30,,36075,6,,,0,70,,36103,6,,,0,30,,36076,6,,,0,100,,36077,6,,,0,100,,36078,6,,,0
7019,'1867',732,,36113,6,,,0,101,,36114,6,,,0,100,,36123,6,,,0,100,,36115,6,,,0,100,,36116,6,,,0,100,,36117,6,,,0,100,,36118,6,,,0,101,,36119,6,,,0,100,,36120,6,,,0,99,,36121,6,,,0,100,,36109,6,,,0,99,,36110,6,,,0,100,,36108,6,,,0,100,,36112,6,,,0,100,,36111,6,,,0
