1029,'1800',558,,28457,9,,,0,98,,28458,9,,,0,100,,28459,9,,,0,100,,28460,9,,,0,100,,28461,9,,,0,100,,28462,9,,,0,100,,28463,9,,,0,100,,28464,9,,,0,100,,28465,9,,,0,100,,28466,9,,,0,100,,28467,9,,,0,100,,28468,9,,,0,100,,28469,9,,,0,100,,28470,9,,,0,100,,28471,9,,,0,100,,28472,9,,,0,99,,28473,9,,,0,100,,28474,9,,,0
1029,'1838',558,,34957,9,,,0,98,,34958,9,,,0,100,,34959,9,,,0,100,,34960,9,,,0,100,,34961,9,,,0,100,,34962,9,,,0,100,,34963,9,,,0,100,,34964,9,,,0,100,,34965,9,,,0,100,,34966,9,,,0,100,,34967,9,,,0,100,,34968,9,,,0,100,,34969,9,,,0,100,,34970,9,,,0,100,,34971,9,,,0,100,,34972,9,,,0,99,,34973,9,,,0,100,,34974,9,,,0
1029,'1850',555,,28555,9,,,0,71,,28556,9,,,0,26,,28576,9,,,0,69,,28552,9,,,0,30,,28547,9,,,0,70,,28580,9,,,0,29,,28550,9,,,0,72,,28557,9,,,0,30,,28575,9,,,0,70,,28554,9,,,0,30,,28546,9,,,0,70,,28579,9,,,0,30,,28551,9,,,0,70,,28558,9,,,0,30,,28574,9,,,0,70,,28553,9,,,0,30,,28548,9,,,0,70,,28577,9,,,0,32,,28549,9,,,0,70,,28559,9,,,0,30,,28573,9,,,0,69,,28562,9,,,0,30,,28561,9,,,0,70,,28560,9,,,0,33,,28566,9,,,0,70,,28565,9,,,0,30,,28564,9,,,0,70,,28563,9,,,0,30,,28578,9,,,0,70,,28572,9,,,0,30,,28571,9,,,0,70,,28570,9,,,0,30,,28569,9,,,0,70,,28568,9,,,0,25,,28567,9,,,0
1029,'1859',558,,28498,9,,,0,68,,28510,9,,,0,30,,28517,9,,,0,70,,28505,9,,,0,30,,28526,9,,,0,70,,28514,9,,,0,30,,28497,9,,,0,70,,28509,9,,,0,30,,28520,9,,,0,70,,28504,9,,,0,30,,28527,9,,,0,70,,28513,9,,,0,30,,28496,9,,,0,70,,28508,9,,,0,30,,28519,9,,,0,70,,28503,9,,,0,30,,28499,9,,,0,70,,28512,9,,,0,30,,28495,9,,,0,70,,28507,9,,,0,30,,28515,9,,,0,70,,28502,9,,,0,30,,28524,9,,,0,70,,28511,9,,,0,30,,28494,9,,,0,70,,28506,9,,,0,30,,28518,9,,,0,70,,28500,9,,,0,30,,28522,9,,,0,70,,28521,9,,,0,30,,28493,9,,,0,70,,28501,9,,,0,29,,28516,9,,,0,70,,28525,9,,,0,30,,28523,9,,,0
1029,'1861',558,,28528,9,,,0,98,,28529,9,,,0,100,,28530,9,,,0,100,,28531,9,,,0,100,,28532,9,,,0,100,,28533,9,,,0,100,,28534,9,,,0,100,,28535,9,,,0,100,,28536,9,,,0,100,,28537,9,,,0,100,,28538,9,,,0,100,,28539,9,,,0,100,,28540,9,,,0,100,,28541,9,,,0,100,,28542,9,,,0,100,,28543,9,,,0,99,,28544,9,,,0,100,,28545,9,,,0
1029,'1864',555,,34984,9,,,0,71,,28591,9,,,0,26,,35004,9,,,0,69,,34981,9,,,0,30,,34976,9,,,0,70,,35008,9,,,0,29,,34979,9,,,0,72,,34985,9,,,0,30,,35003,9,,,0,70,,34983,9,,,0,30,,34975,9,,,0,70,,35007,9,,,0,30,,34980,9,,,0,70,,34986,9,,,0,30,,35002,9,,,0,70,,34982,9,,,0,30,,34977,9,,,0,70,,35005,9,,,0,32,,34978,9,,,0,70,,34987,9,,,0,30,,35001,9,,,0,69,,34990,9,,,0,30,,34989,9,,,0,70,,34988,9,,,0,33,,34994,9,,,0,70,,34993,9,,,0,30,,34992,9,,,0,70,,34991,9,,,0,30,,35006,9,,,0,70,,35000,9,,,0,30,,34999,9,,,0,70,,34998,9,,,0,30,,34997,9,,,0,70,,34996,9,,,0,25,,34995,9,,,0
1029,'1865',555,,35018,9,,,0,71,,35019,9,,,0,26,,35039,9,,,0,69,,35015,9,,,0,30,,35010,9,,,0,70,,35043,9,,,0,29,,35013,9,,,0,72,,35020,9,,,0,30,,35038,9,,,0,70,,35017,9,,,0,30,,35009,9,,,0,70,,35042,9,,,0,30,,35014,9,,,0,70,,35021,9,,,0,30,,35037,9,,,0,70,,35016,9,,,0,30,,35011,9,,,0,70,,35040,9,,,0,32,,35012,9,,,0,70,,35022,9,,,0,30,,35036,9,,,0,69,,35025,9,,,0,30,,35024,9,,,0,70,,35023,9,,,0,33,,35029,9,,,0,70,,35028,9,,,0,30,,35027,9,,,0,70,,35026,9,,,0,30,,35041,9,,,0,70,,35035,9,,,0,30,,35034,9,,,0,70,,35033,9,,,0,30,,35032,9,,,0,70,,35031,9,,,0,25,,35030,9,,,0
1029,'1866',558,,35049,9,,,0,68,,35061,9,,,0,30,,35068,9,,,0,70,,35056,9,,,0,30,,35077,9,,,0,70,,35065,9,,,0,30,,35048,9,,,0,70,,35060,9,,,0,30,,35071,9,,,0,70,,35055,9,,,0,30,,35078,9,,,0,70,,35064,9,,,0,30,,35047,9,,,0,70,,35059,9,,,0,30,,35070,9,,,0,70,,35054,9,,,0,30,,35050,9,,,0,70,,35063,9,,,0,30,,35046,9,,,0,70,,35058,9,,,0,30,,35066,9,,,0,70,,35053,9,,,0,30,,35075,9,,,0,70,,35062,9,,,0,30,,35045,9,,,0,70,,35057,9,,,0,30,,35069,9,,,0,70,,35051,9,,,0,30,,35073,9,,,0,70,,35072,9,,,0,30,,35044,9,,,0,70,,35052,9,,,0,29,,35067,9,,,0,70,,35076,9,,,0,30,,35074,9,,,0
1029,'1867',558,,35079,9,,,0,98,,35080,9,,,0,100,,35081,9,,,0,100,,35082,9,,,0,100,,35083,9,,,0,100,,35084,9,,,0,100,,35085,9,,,0,100,,35086,9,,,0,100,,35087,9,,,0,100,,35088,9,,,0,100,,35089,9,,,0,100,,35090,9,,,0,100,,35091,9,,,0,100,,35092,9,,,0,100,,35093,9,,,0,100,,35094,9,,,0,99,,35095,9,,,0,100,,35096,9,,,0
2019,'1800',725,,19560,46,,,0,30,,19537,46,,,0,70,,19541,46,,,0,30,,19553,46,,,0,70,,19548,46,,,0,30,,19538,46,,,0,70,,19542,46,,,0,30,,19554,46,,,0,70,,19549,46,,,0,30,,19539,46,,,0,70,,19543,46,,,0,30,,19555,46,,,0,70,,19550,46,,,0,30,,19540,46,,,0,70,,19544,46,,,0,30,,19556,46,,,0,70,,19551,46,,,0,30,,19535,46,,,0,70,,19545,46,,,0,30,,19557,46,,,0,70,,19552,46,,,0,30,,19533,46,,,0,70,,19546,46,,,0,30,,19558,46,,,0,100,,19534,46,,,0,100,,19559,46,,,0,100,,19536,46,,,0,95,,19547,46,,,0,100,,19561,46,,,0
2019,'1838',725,,35124,46,,,0,30,,35101,46,,,0,70,,35105,46,,,0,30,,35117,46,,,0,70,,35112,46,,,0,30,,35102,46,,,0,70,,35106,46,,,0,30,,35118,46,,,0,70,,35113,46,,,0,30,,35103,46,,,0,70,,35107,46,,,0,30,,35119,46,,,0,70,,35114,46,,,0,30,,35104,46,,,0,70,,35108,46,,,0,30,,35120,46,,,0,70,,35115,46,,,0,30,,35099,46,,,0,70,,35109,46,,,0,30,,35121,46,,,0,70,,35116,46,,,0,30,,35097,46,,,0,70,,35110,46,,,0,30,,35122,46,,,0,100,,35098,46,,,0,100,,35123,46,,,0,100,,35100,46,,,0,95,,35111,46,,,0,100,,35125,46,,,0
2019,'1850',655,,28616,46,,,0,68,,28617,46,,,0,29,,28618,46,,,0,73,,28619,46,,,0,30,,28620,46,,,0,70,,28621,46,,,0,30,,28622,46,,,0,70,,28623,46,,,0,30,,28624,46,,,0,70,,28625,46,,,0,30,,28626,46,,,0,70,,28627,46,,,0,30,,28628,46,,,0,70,,28629,46,,,0,30,,28630,46,,,0,70,,28631,46,,,0,29,,28632,46,,,0,70,,28633,46,,,0,30,,28634,46,,,0,71,,28635,46,,,0,32,,28636,46,,,0,66,,28637,46,,,0,32,,28638,46,,,0,70,,28639,46,,,0,30,,28640,46,,,0,70,,28646,46,,,0,30,,28641,46,,,0,100,,28642,46,,,0,100,,28643,46,,,0,100,,28644,46,,,0,96,,28645,46,,,0
2019,'1857',655,,19412,46,,,0,68,,19413,46,,,0,29,,19414,46,,,0,73,,19415,46,,,0,30,,19416,46,,,0,70,,19417,46,,,0,30,,19418,46,,,0,70,,19419,46,,,0,30,,19420,46,,,0,70,,19421,46,,,0,30,,19422,46,,,0,70,,19423,46,,,0,30,,19424,46,,,0,70,,19425,46,,,0,30,,19426,46,,,0,70,,19427,46,,,0,29,,19428,46,,,0,70,,19429,46,,,0,30,,19430,46,,,0,71,,19431,46,,,0,32,,19432,46,,,0,66,,19433,46,,,0,32,,19434,46,,,0,70,,19435,46,,,0,30,,19436,46,,,0,70,,19442,46,,,0,30,,19437,46,,,0,100,,19438,46,,,0,100,,19439,46,,,0,100,,19440,46,,,0,96,,19441,46,,,0
2019,'1859',655,,19444,37,,,0,70,,19451,46,,,0,30,,19460,46,,,0,70,,19467,46,,,0,30,,19445,46,,,0,70,,19452,46,,,0,30,,19461,46,,,0,70,,19468,46,,,0,30,,19446,46,,,0,70,,19453,46,,,0,30,,19462,46,,,0,70,,19469,46,,,0,30,,19447,46,,,0,70,,19454,46,,,0,30,,19463,46,,,0,70,,19470,46,,,0,30,,19448,46,,,0,70,,19455,46,,,0,30,,19464,46,,,0,70,,19471,46,,,0,30,,19449,46,,,0,70,,19456,46,,,0,30,,19465,46,,,0,70,,19472,46,,,0,30,,19450,46,,,0,70,,19457,46,,,0,30,,19466,46,,,0,100,,19458,46,,,0,100,,19473,46,,,0,96,,19459,46,,,0,99,,19474,46,,,0
2019,'1861',725,,19502,46,,,0,30,,19479,46,,,0,70,,19483,46,,,0,30,,19495,46,,,0,70,,19490,46,,,0,30,,19480,46,,,0,70,,19484,46,,,0,30,,19496,46,,,0,70,,19491,46,,,0,30,,19481,46,,,0,70,,19485,46,,,0,30,,19497,46,,,0,70,,19492,46,,,0,30,,19482,46,,,0,70,,19486,46,,,0,30,,19498,46,,,0,70,,19493,46,,,0,30,,19477,46,,,0,70,,19487,46,,,0,30,,19499,46,,,0,70,,19494,46,,,0,30,,19475,46,,,0,70,,19488,46,,,0,30,,19500,46,,,0,100,,19476,46,,,0,100,,19501,46,,,0,100,,19478,46,,,0,95,,19489,46,,,0,100,,19503,46,,,0
2019,'1865',655,,35127,46,,,0,68,,35128,46,,,0,29,,35129,46,,,0,73,,35130,46,,,0,30,,35131,46,,,0,70,,35132,46,,,0,30,,35133,46,,,0,70,,35134,46,,,0,30,,35135,46,,,0,70,,35136,46,,,0,30,,35137,46,,,0,70,,35138,46,,,0,30,,35139,46,,,0,70,,35140,46,,,0,30,,35141,46,,,0,70,,35142,46,,,0,29,,35143,46,,,0,70,,35144,46,,,0,30,,35145,46,,,0,71,,35146,46,,,0,32,,35147,46,,,0,66,,35148,46,,,0,32,,35149,46,,,0,70,,35150,46,,,0,30,,35151,46,,,0,70,,35157,46,,,0,30,,35152,46,,,0,100,,35153,46,,,0,100,,35154,46,,,0,100,,35155,46,,,0,96,,35156,46,,,0
2019,'1866',655,,35159,37,,,0,70,,35166,46,,,0,30,,35175,46,,,0,70,,35182,46,,,0,30,,35160,46,,,0,70,,35167,46,,,0,30,,35176,46,,,0,70,,35183,46,,,0,30,,35161,46,,,0,70,,35168,46,,,0,30,,35177,46,,,0,70,,35184,46,,,0,30,,35162,46,,,0,70,,35169,46,,,0,30,,35178,46,,,0,70,,35185,46,,,0,30,,35163,46,,,0,70,,35170,46,,,0,30,,35179,46,,,0,70,,35186,46,,,0,30,,35164,46,,,0,70,,35171,46,,,0,30,,35180,46,,,0,70,,35187,46,,,0,30,,35165,46,,,0,70,,35172,46,,,0,30,,35181,46,,,0,100,,35173,46,,,0,100,,35188,46,,,0,96,,35174,46,,,0,99,,35189,46,,,0
2019,'1867',725,,35217,46,,,0,30,,35194,46,,,0,70,,35198,46,,,0,30,,35210,46,,,0,70,,35205,46,,,0,30,,35195,46,,,0,70,,35199,46,,,0,30,,35211,46,,,0,70,,35206,46,,,0,30,,35196,46,,,0,70,,35200,46,,,0,30,,35212,46,,,0,70,,35207,46,,,0,30,,35197,46,,,0,70,,35201,46,,,0,30,,35213,46,,,0,70,,35208,46,,,0,30,,35192,46,,,0,70,,35202,46,,,0,30,,35214,46,,,0,70,,35209,46,,,0,30,,35190,46,,,0,70,,35203,46,,,0,30,,35215,46,,,0,100,,35191,46,,,0,100,,35216,46,,,0,100,,35193,46,,,0,95,,35204,46,,,0,100,,35218,46,,,0
7019,'1800',736,,29303,11,,,0,101,,29304,11,,,0,100,,29313,11,,,0,100,,29305,11,,,0,100,,29306,11,,,0,100,,29307,11,,,0,100,,29308,11,,,0,101,,29309,11,,,0,100,,29310,11,,,0,99,,29311,11,,,0,100,,29299,11,,,0,99,,29300,11,,,0,100,,29298,11,,,0,100,,29302,11,,,0,100,,29301,11,,,0
7019,'1838',736,,35957,11,,,0,101,,35958,11,,,0,100,,35967,11,,,0,100,,35959,11,,,0,100,,35960,11,,,0,100,,35961,11,,,0,100,,35962,11,,,0,101,,35963,11,,,0,100,,35964,11,,,0,99,,35965,11,,,0,100,,35953,11,,,0,99,,35954,11,,,0,100,,35952,11,,,0,100,,35956,11,,,0,100,,35955,11,,,0
7019,'1850',534,,29438,11,,,0,103,,29439,11,,,0,70,,29440,11,,,0,32,,29448,11,,,0,71,,29441,11,,,0,31,,29449,11,,,0,68,,29442,11,,,0,30,,29450,11,,,0,70,,29443,11,,,0,30,,29451,11,,,0,70,,29444,11,,,0,30,,29452,11,,,0,70,,29445,11,,,0,30,,29453,11,,,0,70,,29446,11,,,0,30,,29454,11,,,0,71,,29447,11,,,0,32,,29467,11,,,0,73,,29468,11,,,0,27,,29469,11,,,0,70,,29470,11,,,0,30,,29455,11,,,0,68,,29457,11,,,0,30,,29456,11,,,0,70,,29459,11,,,0,28,,29460,11,,,0,70,,29461,11,,,0,29,,29462,11,,,0,70,,29463,11,,,0,30,,29464,11,,,0,100,,29465,11,,,0,99,,29466,11,,,0,100,,29458,11,,,0
7019,'1859',637,,29380,11,,,0,69,,29373,11,,,0,30,,29381,11,,,0,70,,29374,11,,,0,31,,29382,11,,,0,100,,29383,11,,,0,100,,29384,11,,,0,100,,29385,11,,,0,70,,29378,11,,,0,30,,29386,11,,,0,100,,29387,11,,,0,70,,29392,11,,,0,31,,29388,11,,,0,70,,29394,11,,,0,30,,29389,11,,,0,99,,29390,11,,,0,100,,29391,11,,,0,99,,29368,11,,,0,100,,29369,11,,,0,70,,29397,11,,,0,30,,29370,11,,,0,100,,29371,11,,,0,100,,29372,11,,,0
7019,'1861',736,,29407,11,,,0,101,,29408,11,,,0,100,,29417,11,,,0,100,,29409,11,,,0,100,,29410,11,,,0,100,,29411,11,,,0,100,,29412,11,,,0,101,,29413,11,,,0,100,,29414,11,,,0,99,,29415,11,,,0,100,,29403,11,,,0,99,,29404,11,,,0,100,,29402,11,,,0,100,,29406,11,,,0,100,,29405,11,,,0
7019,'1862',907,,35987,11,,,0,100,,35988,11,,,0,100,,35989,11,,,0,200,,35990,11,,,0,301,,35991,11,,,0,99,,35992,11,,,0,100,,35994,11,,,0,99,,35993,11,,,0
7019,'1864',534,,36014,11,,,0,103,,36015,11,,,0,70,,29478,11,,,0,32,,29486,11,,,0,71,,29479,11,,,0,31,,29487,11,,,0,68,,36016,11,,,0,30,,36020,11,,,0,70,,36017,11,,,0,30,,36021,11,,,0,70,,29482,11,,,0,30,,29490,11,,,0,70,,29483,11,,,0,30,,36022,11,,,0,70,,36018,11,,,0,30,,36023,11,,,0,71,,36019,11,,,0,32,,36030,11,,,0,73,,36031,11,,,0,27,,29507,11,,,0,70,,36032,11,,,0,30,,36024,11,,,0,68,,36026,11,,,0,30,,36025,11,,,0,70,,36028,11,,,0,28,,29498,11,,,0,70,,29499,11,,,0,29,,36029,11,,,0,70,,29501,11,,,0,30,,29502,11,,,0,100,,29503,11,,,0,99,,29504,11,,,0,100,,36027,11,,,0
7019,'1865',534,,36037,11,,,0,103,,36038,11,,,0,70,,36039,11,,,0,32,,36047,11,,,0,71,,36040,11,,,0,31,,36048,11,,,0,68,,36041,11,,,0,30,,36049,11,,,0,70,,36042,11,,,0,30,,36050,11,,,0,70,,36043,11,,,0,30,,36051,11,,,0,70,,36044,11,,,0,30,,36052,11,,,0,70,,36045,11,,,0,30,,36053,11,,,0,71,,36046,11,,,0,32,,36066,11,,,0,73,,36067,11,,,0,27,,36068,11,,,0,70,,36069,11,,,0,30,,36054,11,,,0,68,,36056,11,,,0,30,,36055,11,,,0,70,,36058,11,,,0,28,,36059,11,,,0,70,,36060,11,,,0,29,,36061,11,,,0,70,,36062,11,,,0,30,,36063,11,,,0,100,,36064,11,,,0,99,,36065,11,,,0,100,,36057,11,,,0
7019,'1866',637,,36086,11,,,0,69,,36079,11,,,0,30,,36087,11,,,0,70,,36080,11,,,0,31,,36088,11,,,0,70,,36081,11,,,0,30,,36089,11,,,0,70,,36082,11,,,0,30,,36090,11,,,0,70,,36083,11,,,0,30,,36091,11,,,0,70,,36084,11,,,0,30,,36092,11,,,0,70,,36085,11,,,0,30,,36093,11,,,0,70,,36098,11,,,0,31,,36094,11,,,0,70,,36100,11,,,0,30,,36095,11,,,0,70,,36099,11,,,0,29,,36096,11,,,0,70,,36101,11,,,0,30,,36097,11,,,0,70,,36104,11,,,0,29,,36074,11,,,0,70,,36102,11,,,0,30,,36075,11,,,0,70,,36103,11,,,0,30,,36076,11,,,0,100,,36077,11,,,0,100,,36078,11,,,0
7019,'1867',736,,36113,11,,,0,101,,36114,11,,,0,100,,36123,11,,,0,100,,36115,11,,,0,100,,36116,11,,,0,100,,36117,11,,,0,100,,36118,11,,,0,101,,36119,11,,,0,100,,36120,11,,,0,99,,36121,11,,,0,100,,36109,11,,,0,99,,36110,11,,,0,100,,36108,11,,,0,100,,36112,11,,,0,100,,36111,11,,,0
