11019,'1838',914,,44732,23,,,0,100,,44733,23,,,0,103,,44734,23,,,0,101,,44735,23,,,0,100,,44736,23,,,0,100,,44737,23,,,0,100,,44738,23,,,0,99,,44739,23,,,0,100,,44740,23,,,0,97,,44741,23,,,0,99,,36461,23,,,0,100,,44742,23,,,0
11019,'1865',714,,36492,23,,,0,101,,36493,23,,,0,100,,44743,23,,,0,100,,44744,23,,,0,100,,44745,23,,,0,100,,44746,23,,,0,100,,44747,23,,,0,100,,44748,23,,,0,100,,44749,23,,,0,100,,42458,23,,,0,100,,44750,23,,,0,99,,44751,23,,,0,100,,44752,23,,,0,100,,36505,23,,,0,98,,44753,23,,,0
11019,'1866',713,,44757,23,,,0,100,,44758,23,,,0,101,,44759,23,,,0,100,,44760,23,,,0,100,,44761,23,,,0,104,,44762,23,,,0,100,,44763,23,,,0,100,,36517,23,,,0,100,,44764,23,,,0,99,,36519,23,,,0,100,,36520,23,,,0,97,,44765,23,,,0,99,,44755,23,,,0,100,,44756,23,,,0
11019,'1867',914,,44767,23,,,0,100,,44768,23,,,0,103,,44769,23,,,0,101,,44770,23,,,0,100,,44771,23,,,0,100,,44772,23,,,0,100,,44773,23,,,0,99,,44774,23,,,0,100,,44775,23,,,0,97,,44776,23,,,0,99,,36533,23,,,0,100,,44777,23,,,0
11019,'1873',1418,,29875,23,,,0,199,,29877,23,,,0,100,,29878,23,,,0
11019,'1878',1913,,29891,23,,,0
11019,'1881',915,,29912,23,,,0,100,,42468,23,,,0,100,,29914,23,,,0,100,,36483,23,,,0,100,,36484,23,,,0,100,,36485,23,,,0,100,,36486,23,,,0,200,,36488,23,,,0,99,,36489,23,,,0,100,,36490,23,,,0,198,,42470,23,,,0
11019,'1882',714,,29910,23,,,0,101,,29911,23,,,0,800,,42469,23,,,0,399,,29923,23,,,0
11019,'1886',915,,44778,23,,,0,100,,44779,23,,,0,100,,44780,23,,,0,100,,44781,23,,,0,100,,44782,23,,,0,100,,44783,23,,,0,100,,44784,23,,,0,200,,44785,23,,,0,99,,44786,23,,,0,100,,44787,23,,,0,198,,44788,23,,,0
11019,'1887',713,,44792,23,,,0,100,,44793,23,,,0,101,,44794,23,,,0,100,,44795,23,,,0,100,,44796,23,,,0,104,,44797,23,,,0,100,,44798,23,,,0,200,,44799,23,,,0,296,,44800,23,,,0,99,,44790,23,,,0,100,,44791,23,,,0
11019,'1888',914,,44802,23,,,0,100,,44803,23,,,0,103,,44804,23,,,0,101,,44805,23,,,0,100,,44806,23,,,0,100,,44807,23,,,0,100,,44808,23,,,0,99,,44809,23,,,0,100,,44810,23,,,0,97,,44811,23,,,0,199,,44812,23,,,0
