16029,'1799',936,,21364,23,,,0,702,,21369,23,,,0,403,,21371,23,,,0
16029,'1800',741,,25940,23,,,0,99,,25941,23,,,0,96,,21379,23,,,0,104,,25945,23,,,0,98,,25948,23,,,0,100,,25944,23,,,0,101,,25946,23,,,0,100,,25938,23,,,0,100,,25939,23,,,0,99,,21384,23,,,0,99,,25942,23,,,0,101,,25947,23,,,0,100,,25943,23,,,0,103,,21386,23,,,0,97,,25949,23,,,0
16029,'1829',610,,21283,23,,,0,30,,21284,23,,,0,73,,21285,23,,,0,36,,21286,23,,,0,71,,21287,23,,,0,32,,21288,23,,,0,70,,21289,23,,,0,29,,21290,23,,,0,67,,21291,23,,,0,30,,21292,23,,,0,100,,21294,23,,,0,70,,21295,23,,,0,130,,21298,23,,,0,71,,21299,23,,,0,32,,21300,23,,,0,71,,21301,23,,,0,29,,21302,23,,,0,72,,21303,23,,,0,30,,21304,23,,,0,69,,21305,23,,,0,28,,21306,23,,,0,266,,21310,23,,,0,24,,21311,23,,,0,169,,21314,23,,,0
16029,'1831',610,,21323,23,,,0,27,,21338,23,,,0,70,,21331,23,,,0,30,,21316,23,,,0,70,,21324,23,,,0,30,,21339,23,,,0,70,,21332,23,,,0,29,,21317,23,,,0,71,,21325,23,,,0,30,,21340,23,,,0,70,,21333,23,,,0,31,,21318,23,,,0,70,,21326,23,,,0,30,,21341,23,,,0,71,,21334,23,,,0,30,,21319,23,,,0,71,,21327,23,,,0,29,,21342,23,,,0,71,,21335,23,,,0,30,,21320,23,,,0,69,,21328,23,,,0,30,,21343,23,,,0,69,,21336,23,,,0,29,,21321,23,,,0,71,,21329,23,,,0,30,,21344,23,,,0,70,,21337,23,,,0,30,,21322,23,,,0,70,,21330,23,,,0,31,,21345,23,,,0,97,,21346,23,,,0,73,,21347,23,,,0
16029,'1832',741,,21351,23,,,0,99,,21352,23,,,0,200,,21358,23,,,0,98,,21361,23,,,0,100,,21357,23,,,0,101,,21359,23,,,0,100,,21348,23,,,0,100,,21350,23,,,0,198,,21353,23,,,0,101,,21360,23,,,0,100,,21355,23,,,0,200,,21362,23,,,0
16029,'1833',936,,21349,23,,,0,702,,21354,23,,,0,403,,21356,23,,,0
16029,'1834',741,,21366,23,,,0,99,,21367,23,,,0,200,,21373,23,,,0,98,,21376,23,,,0,100,,21372,23,,,0,101,,21374,23,,,0,100,,21363,23,,,0,100,,21365,23,,,0,198,,21368,23,,,0,101,,21375,23,,,0,100,,21370,23,,,0,200,,21377,23,,,0
16029,'1835',1118,,25950,23,,,0,130,,25951,23,,,0,70,,25952,23,,,0,501,,25953,23,,,0,30,,25958,23,,,0,67,,25954,23,,,0,30,,25955,23,,,0,164,,25956,23,,,0,29,,25957,23,,,0
16029,'1837',741,,25961,23,,,0,99,,25962,23,,,0,200,,25966,23,,,0,98,,25969,23,,,0,100,,25965,23,,,0,101,,25967,23,,,0,100,,25959,23,,,0,100,,25960,23,,,0,198,,25963,23,,,0,101,,25968,23,,,0,100,,25964,23,,,0,200,,25970,23,,,0
16029,'1838',741,,25973,23,,,0,99,,25974,23,,,0,200,,25978,23,,,0,98,,25981,23,,,0,100,,25977,23,,,0,101,,25979,23,,,0,100,,25971,23,,,0,100,,25972,23,,,0,198,,25975,23,,,0,101,,25980,23,,,0,100,,25976,23,,,0,200,,25982,23,,,0
