1019,'1796',549,,19171,23,,,0,70,,19194,23,,,0,30,,19169,23,,,0,70,,19164,23,,,0,31,,19183,23,,,0,71,,19166,23,,,0,30,,19172,23,,,0,70,,19197,23,,,0,30,,19168,23,,,0,70,,19162,23,,,0,31,,19182,23,,,0,70,,19167,23,,,0,30,,19173,23,,,0,70,,19193,23,,,0,30,,19170,23,,,0,70,,19163,23,,,0,30,,19195,23,,,0,70,,19165,23,,,0,30,,19174,23,,,0,70,,19192,23,,,0,29,,19185,23,,,0,70,,19177,23,,,0,30,,19175,23,,,0,70,,19178,23,,,0,30,,19180,23,,,0,70,,19179,23,,,0,29,,19176,23,,,0,70,,19196,23,,,0,30,,19190,23,,,0,70,,19191,23,,,0,30,,19189,23,,,0,70,,19188,23,,,0,34,,19187,23,,,0,70,,19186,23,,,0,30,,19184,23,,,0,65,,19181,23,,,0
1019,'1797',549,,19209,23,,,0,70,,19223,23,,,0,30,,19208,23,,,0,70,,19228,23,,,0,31,,19218,23,,,0,70,,19202,23,,,0,30,,19224,23,,,0,70,,19226,23,,,0,30,,19207,23,,,0,70,,19229,23,,,0,30,,19217,23,,,0,70,,19201,23,,,0,30,,19212,23,,,0,70,,19222,23,,,0,30,,19206,23,,,0,70,,19230,23,,,0,30,,19216,23,,,0,70,,19200,23,,,0,30,,19211,23,,,0,70,,19221,23,,,0,30,,19205,23,,,0,70,,19231,23,,,0,30,,19215,23,,,0,70,,19199,23,,,0,30,,19210,23,,,0,70,,19220,23,,,0,30,,19203,23,,,0,70,,19232,23,,,0,30,,19213,23,,,0,70,,19198,23,,,0,30,,19204,23,,,0,70,,19219,23,,,0,33,,19214,23,,,0,70,,19233,23,,,0,30,,19227,23,,,0,65,,19225,23,,,0
1019,'1798',619,,19234,23,,,0,100,,19235,23,,,0,101,,19236,23,,,0,100,,19237,23,,,0,100,,19238,23,,,0,100,,19239,23,,,0,100,,19240,23,,,0,100,,19241,23,,,0,100,,19242,23,,,0,100,,19243,23,,,0,100,,19244,23,,,0,100,,19245,23,,,0,100,,19246,23,,,0,100,,19247,23,,,0,100,,19248,23,,,0,100,,19249,23,,,0,103,,19250,23,,,0,95,,19251,23,,,0
1019,'1799',619,,19252,23,,,0,100,,19253,23,,,0,101,,19254,23,,,0,100,,19255,23,,,0,100,,19256,23,,,0,100,,19257,23,,,0,100,,19258,23,,,0,100,,19259,23,,,0,100,,19260,23,,,0,100,,19261,23,,,0,100,,19262,23,,,0,100,,19263,23,,,0,100,,19264,23,,,0,100,,19265,23,,,0,100,,19266,23,,,0,100,,19267,23,,,0,103,,19268,23,,,0,95,,19269,23,,,0
1019,'1800',619,,19270,23,,,0,100,,19271,23,,,0,101,,19272,23,,,0,100,,19273,23,,,0,100,,19274,23,,,0,100,,19275,23,,,0,100,,19276,23,,,0,100,,19277,23,,,0,100,,19278,23,,,0,100,,19279,23,,,0,100,,19280,23,,,0,100,,19281,23,,,0,100,,19282,23,,,0,100,,19283,23,,,0,100,,19284,23,,,0,100,,19285,23,,,0,103,,19286,23,,,0,95,,19287,23,,,0
1019,'1817',619,,16535,23,,,0,100,,16536,23,,,0,101,,16537,23,,,0,100,,16538,23,,,0,100,,16539,23,,,0,100,,16540,23,,,0,100,,16541,23,,,0,100,,16542,23,,,0,100,,16543,23,,,0,100,,16544,23,,,0,100,,16545,23,,,0,100,,16546,23,,,0,100,,16547,23,,,0,100,,16548,23,,,0,100,,16549,23,,,0,100,,16550,23,,,0,103,,16551,23,,,0,95,,16552,23,,,0
1019,'1824',549,,16600,23,,,0,70,,16614,23,,,0,30,,16599,23,,,0,70,,16619,23,,,0,31,,16609,23,,,0,70,,16593,23,,,0,30,,16615,23,,,0,70,,16617,23,,,0,30,,16598,23,,,0,70,,16620,23,,,0,30,,16608,23,,,0,70,,16592,23,,,0,30,,16603,23,,,0,70,,16613,23,,,0,30,,16597,23,,,0,70,,16621,23,,,0,30,,16607,23,,,0,70,,16591,23,,,0,30,,16602,23,,,0,70,,16612,23,,,0,30,,16596,23,,,0,70,,16622,23,,,0,30,,16606,23,,,0,70,,16590,23,,,0,30,,16601,23,,,0,70,,16611,23,,,0,30,,16594,23,,,0,70,,16623,23,,,0,30,,16604,23,,,0,70,,16589,23,,,0,30,,16595,23,,,0,70,,16610,23,,,0,33,,16605,23,,,0,70,,16624,23,,,0,30,,16618,23,,,0,65,,16616,23,,,0
32019,'1796',636,,22046,23,,,0,66,,22062,23,,,0,32,,22041,23,,,0,70,,22057,23,,,0,30,,22067,23,,,0,70,,22051,23,,,0,29,,22049,23,,,0,70,,22061,23,,,0,30,,22039,23,,,0,70,,22055,23,,,0,30,,22066,23,,,0,70,,22053,23,,,0,30,,22048,23,,,0,70,,22060,23,,,0,30,,22042,23,,,0,70,,22054,23,,,0,31,,22065,23,,,0,70,,22052,23,,,0,31,,22045,23,,,0,70,,22059,23,,,0,31,,22038,23,,,0,69,,22056,23,,,0,29,,22064,23,,,0,70,,22050,23,,,0,29,,22047,23,,,0,70,,22058,23,,,0,29,,22043,23,,,0,100,,22063,23,,,0,99,,22044,23,,,0,100,,22040,23,,,0,95,,22073,23,0,5 2 8 7,0
32019,'1797',636,,22087,23,,,0,65,,22104,23,,,0,30,,22081,23,,,0,70,,22098,23,,,0,30,,22105,23,,,0,70,,22093,23,,,0,30,,22086,23,,,0,70,,22103,23,,,0,30,,22080,23,,,0,70,,22097,23,,,0,31,,22108,23,,,0,70,,22092,23,,,0,30,,22085,23,,,0,70,,22102,23,,,0,30,,22079,23,,,0,70,,22096,23,,,0,30,,22107,23,,,0,70,,22091,23,,,0,30,,22084,23,,,0,70,,22101,23,,,0,30,,22078,23,,,0,70,,22095,23,,,0,30,,22109,23,,,0,70,,22090,23,,,0,30,,22083,23,,,0,70,,22099,23,,,0,30,,22077,23,,,0,100,,22106,23,,,0,99,,22082,23,,,0,100,,22076,23,,,0,100,,22110,23,0,5 2 8 7,0
32019,'1798',636,,22113,23,,,0,95,,22114,23,,,0,100,,22115,23,,,0,100,,22116,23,,,0,100,,22117,23,,,0,101,,22118,23,,,0,100,,22119,23,,,0,100,,22120,23,,,0,100,,22121,23,,,0,100,,22122,23,,,0,100,,22123,23,,,0,100,,22124,23,,,0,100,,22125,23,,,0,100,,22126,23,,,0,100,,22127,23,,,0,99,,22128,23,,,0,100,,22129,23,,,0,95,,22131,23,0,5 2 8 7,0
32019,'1799',636,,22132,23,,,0,95,,22133,23,,,0,100,,22134,23,,,0,100,,22135,23,,,0,100,,22136,23,,,0,101,,22137,23,,,0,100,,22138,23,,,0,100,,22139,23,,,0,100,,22140,23,,,0,100,,22141,23,,,0,100,,22142,23,,,0,100,,22143,23,,,0,100,,22144,23,,,0,100,,22145,23,,,0,100,,22146,23,,,0,99,,22147,23,,,0,100,,22148,23,,,0,95,,22150,23,0,5 2 8 7,0
32019,'1800',636,,22151,23,,,0,95,,22152,23,,,0,100,,22153,23,,,0,100,,22154,23,,,0,100,,22155,23,,,0,101,,22156,23,,,0,100,,22157,23,,,0,100,,22158,23,,,0,100,,22159,23,,,0,100,,22160,23,,,0,100,,22161,23,,,0,100,,22162,23,,,0,100,,22163,23,,,0,100,,22164,23,,,0,100,,22165,23,,,0,99,,22166,23,,,0,100,,22167,23,,,0,95,,22169,23,0,5 2 8 7,0
32019,'1817',636,,17897,23,,,0,95,,17898,23,,,0,100,,17899,23,,,0,100,,17900,23,,,0,100,,17901,23,,,0,101,,17902,23,,,0,100,,17903,23,,,0,100,,17904,23,,,0,100,,17905,23,,,0,100,,17906,23,,,0,100,,17907,23,,,0,100,,17908,23,,,0,100,,17909,23,,,0,100,,17910,23,,,0,100,,17911,23,,,0,99,,17912,23,,,0,100,,17913,23,,,0,95,,17915,23,0,5 2 8 7,0
32019,'1824',636,,17965,23,,,0,65,,17982,23,,,0,30,,17959,23,,,0,70,,17976,23,,,0,30,,17983,23,,,0,70,,17971,23,,,0,30,,17964,23,,,0,70,,17981,23,,,0,30,,17958,23,,,0,70,,17975,23,,,0,31,,17986,23,,,0,70,,17970,23,,,0,30,,17963,23,,,0,70,,17980,23,,,0,30,,17957,23,,,0,70,,17974,23,,,0,30,,17985,23,,,0,70,,17969,23,,,0,30,,17962,23,,,0,70,,17979,23,,,0,30,,17956,23,,,0,70,,17973,23,,,0,30,,17987,23,,,0,70,,17968,23,,,0,30,,17961,23,,,0,70,,17977,23,,,0,30,,17955,23,,,0,100,,17984,23,,,0,99,,17960,23,,,0,100,,17954,23,,,0,100,,17988,23,0,5 2 8 7,0
