15019,'1838',731,,45028,38,,,0,100,,36883,38,,,0,100,,36886,38,,,0,101,,45027,38,,,0,100,,36881,38,,,0,100,,36879,38,,,0,101,,45026,38,,,0,100,,36880,38,,,0,100,,36877,38,,,0,99,,45025,38,,,0,100,,36875,38,,,0,100,,36876,38,,,0,100,,45024,38,,,0,99,,36887,38,,,0
15019,'1865',602,,36904,4,0,5 2 6 7,0,54,,36905,38,,,0,70,,45029,38,,,0,76,,36907,38,,,0,30,,36908,38,,,0,25,,36909,38,,,0,70,,36910,38,,,0,30,,36911,38,,,0,70,,45030,38,,,0,30,,45031,38,,,0,70,,42569,38,,,0,30,,45032,38,,,0,70,,45033,38,,,0,30,,42570,38,,,0,70,,36918,38,,,0,30,,45034,38,,,0,70,,36920,38,,,0,32,,36921,38,,,0,70,,45035,38,,,0,30,,45036,38,,,0,70,,36924,38,,,0,29,,36925,38,,,0,70,,36926,38,,,0,28,,45037,38,,,0,70,,36928,38,,,0,30,,45038,38,,,0,70,,45039,38,,,0,30,,36931,38,,,0,100,,45040,38,,,0,98,,45041,38,,,0,100,,45042,38,0,5 2 6 7,0
15019,'1866',604,,45048,4,0,5 2 6 7,0,127,,36935,38,,,0,100,,45043,38,,,0,100,,36937,38,,,0,101,,36938,38,,,0,100,,45044,38,,,0,100,,36940,38,,,0,101,,36941,38,,,0,100,,45045,38,,,0,100,,36943,38,,,0,99,,36944,38,,,0,100,,45046,38,,,0,100,,36946,38,,,0,100,,36947,38,,,0,99,,45047,38,,,0
15019,'1867',731,,45053,38,,,0,100,,36959,38,,,0,100,,36962,38,,,0,101,,45052,38,,,0,100,,36957,38,,,0,100,,36955,38,,,0,101,,45051,38,,,0,100,,36956,38,,,0,100,,36953,38,,,0,99,,45050,38,,,0,100,,36951,38,,,0,100,,36952,38,,,0,100,,45049,38,,,0,99,,36963,38,,,0
15019,'1873',731,,30301,38,,,0,200,,30303,38,,,0,101,,30304,38,,,0,200,,30306,38,,,0,101,,30307,38,,,0,200,,30309,38,,,0,99,,30310,38,,,0,200,,30312,38,,,0,100,,30313,38,,,0
15019,'1878',831,,30325,38,,,0,100,,30328,38,,,0,201,,30323,38,,,0,100,,30321,38,,,0,201,,30322,38,,,0,100,,30319,38,,,0,199,,30317,38,,,0,100,,30318,38,,,0,199,,30329,38,,,0
15019,'1881',726,,36889,38,,,0,301,,36890,38,,,0,30,,36891,38,,,0,100,,36893,38,,,0,70,,36894,38,,,0,130,,36896,38,,,0,172,,36897,38,,,0,30,,36898,38,,,0,197,,30384,38,,,0,100,,36899,38,,,0,70,,42574,38,,,0,130,,36901,38,,,0,98,,36902,38,,,0,100,,36903,38,0,5 2 6 7,0
15019,'1882',602,,30361,4,0,5 2 6 7,0,54,,30362,38,,,0,146,,30364,38,,,0,30,,30365,38,,,0,25,,30366,38,,,0,70,,30367,38,,,0,30,,30368,38,,,0,170,,42572,38,,,0,130,,42573,38,,,0,70,,30375,38,,,0,100,,30377,38,,,0,32,,30378,38,,,0,170,,30381,38,,,0,29,,30382,38,,,0,70,,30383,38,,,0,98,,30385,38,,,0,130,,30388,38,,,0
15019,'1886',726,,45054,38,,,0,301,,45055,38,,,0,30,,45056,38,,,0,100,,45057,38,,,0,70,,45058,38,,,0,130,,45059,38,,,0,172,,45060,38,,,0,30,,45061,38,,,0,197,,45062,38,,,0,100,,45063,38,,,0,70,,45064,38,,,0,130,,45065,38,,,0,98,,45066,38,,,0,100,,45067,38,0,5 2 6 7,0
15019,'1887',604,,45073,4,0,5 2 6 7,0,227,,45068,38,,,0,301,,45069,38,,,0,301,,45070,38,,,0,299,,45071,38,,,0,299,,45072,38,,,0
15019,'1888',731,,45078,38,,,0,301,,45077,38,,,0,301,,45076,38,,,0,299,,45075,38,,,0,300,,45074,38,,,0
