1019,'1790',631,,5644,39,,,0,100,,5645,39,,,0,101,,5646,39,,,0,100,,5647,39,,,0,100,,5648,39,,,0,101,,5649,39,,,0,100,,5650,39,,,0,100,,5651,39,,,0,100,,5652,39,,,0,100,,5653,39,,,0,100,,5654,39,,,0,100,,5655,39,,,0,100,,5656,39,,,0,99,,5657,39,,,0,100,,5658,39,,,0,100,,5659,39,,,0,102,,5660,39,,,0,95,,5661,39,,,0
1019,'1791',637,,9355,39,,,0,70,,9331,39,,,0,133,,9328,39,,,0,70,,9334,39,,,0,129,,9324,39,,,0,101,,9329,39,,,0,170,,9332,39,,,0,31,,9325,39,,,0,70,,9356,39,,,0,231,,9338,39,,,0,69,,9305,39,,,0,29,,9339,39,,,0,70,,9341,39,,,0,98,,9337,39,,,0,25,,9357,39,,,0,70,,9351,39,,,0,100,,9350,39,,,0,103,,9348,39,,,0,30,,9347,39,,,0,70,,9345,39,,,0
1019,'1794',631,,9306,39,,,0,100,,9307,39,,,0,101,,9308,39,,,0,100,,9309,39,,,0,100,,9310,39,,,0,101,,9311,39,,,0,100,,9312,39,,,0,100,,9313,39,,,0,100,,9314,39,,,0,100,,9315,39,,,0,100,,9316,39,,,0,100,,9317,39,,,0,100,,9318,39,,,0,99,,9319,39,,,0,100,,9320,39,,,0,100,,9321,39,,,0,102,,9322,39,,,0,95,,9323,39,,,0
1019,'1808',601,,5619,39,,,0,30,,5633,39,,,0,70,,5618,39,,,0,30,,5638,39,,,0,71,,5628,39,,,0,30,,5612,39,,,0,70,,5634,39,,,0,30,,5636,39,,,0,70,,5617,39,,,0,30,,5639,39,,,0,70,,5627,39,,,0,31,,5611,39,,,0,70,,5622,39,,,0,30,,5632,39,,,0,70,,5616,39,,,0,30,,5640,39,,,0,70,,5626,39,,,0,30,,5610,39,,,0,70,,5621,39,,,0,30,,5631,39,,,0,70,,5615,39,,,0,30,,5641,39,,,0,70,,5625,39,,,0,30,,5609,39,,,0,70,,5620,39,,,0,30,,5630,39,,,0,69,,5613,39,,,0,30,,5642,39,,,0,70,,5623,39,,,0,30,,5608,39,,,0,70,,5614,39,,,0,30,,5629,39,,,0,73,,5624,39,,,0,29,,5643,39,,,0,70,,5637,39,,,0,25,,5635,39,,,0
1019,'1815',602,,13768,39,,,0,136,,13765,39,,,0,71,,13774,39,,,0,130,,13780,39,,,0,70,,13767,39,,,0,101,,13773,39,,,0,100,,13769,39,,,0,30,,13779,39,,,0,203,,13766,39,,,0,70,,13770,39,,,0,30,,13778,39,,,0,69,,13775,39,,,0,227,,13771,39,,,0,194,,13777,39,,,0,99,,13776,39,,,0,199,,13772,39,,,0
7029,'1791',518,,10058,19,,,0,103,,10059,19,,,0,100,,10061,19,,,0,30,,10062,19,,,0,71,,10063,19,,,0,229,,10068,19,,,0,70,,10069,19,,,0,30,,10070,19,,,0,70,,10054,19,,,0,30,,10055,19,,,0,171,,10052,19,,,0,31,,10057,19,,,0,198,,10074,19,,,0,100,,10076,19,,,0,70,,10077,19,,,0,300,,10082,19,,,0,199,,10084,19,,,0
7029,'1794',720,,10035,19,,,0,100,,10036,19,,,0,200,,10038,19,,,0,100,,10039,19,,,0,200,,10041,19,,,0,101,,10042,19,,,0,199,,10044,19,,,0,100,,10045,19,,,0,200,,10047,19,,,0,100,,10048,19,,,0
7029,'1808',621,,10116,8,,,0,299,,10101,19,,,0,230,,10090,19,,,0,70,,10104,19,,,0,130,,10092,19,,,0,101,,10093,19,,,0,70,,10107,19,,,0,299,,10110,19,,,0,300,,10113,19,,,0,100,,10114,19,,,0,100,,10115,19,,,0
7029,'1809',720,,10119,19,,,0,100,,10120,19,,,0,100,,14235,19,,,0,100,,10122,19,,,0,100,,10123,19,,,0,100,,14236,19,,,0,100,,10125,19,,,0,101,,10126,19,,,0,100,,14237,19,,,0,99,,10128,19,,,0,100,,10129,19,,,0,100,,14238,19,,,0,100,,10131,19,,,0,100,,10132,19,,,0,100,,14234,19,,,0
7029,'1813',650,,10085,19,,,0,70,,10099,19,,,0,30,,10086,19,,,0,70,,10100,19,,,0,30,,10087,19,,,0,100,,10088,19,,,0,70,,10102,19,,,0,30,,10089,19,,,0,70,,10103,19,,,0,130,,10091,19,,,0,70,,10105,19,,,0,101,,10106,19,,,0,130,,10094,19,,,0,69,,10108,19,,,0,30,,10095,19,,,0,70,,10109,19,,,0,30,,10096,19,,,0,100,,10097,19,,,0,70,,10111,19,,,0,30,,10098,19,,,0,70,,10112,19,,,0
7029,'1814',920,,10037,19,,,0,300,,10040,19,,,0,301,,10043,19,,,0,299,,10046,19,,,0,300,,10034,19,,,0
7029,'1815',649,,14242,19,,,0,202,,14243,19,,,0,70,,14244,19,,,0,30,,14245,19,,,0,70,,14246,19,,,0,300,,14241,19,,,0,31,,14240,19,,,0,171,,14247,19,,,0,30,,14248,19,,,0,70,,14249,19,,,0,98,,14250,19,,,0,130,,14251,19,,,0,70,,14252,19,,,0,30,,14253,19,,,0,69,,14254,19,,,0,200,,14255,19,,,0
7029,'1816',650,,14256,19,,,0,70,,14267,19,,,0,30,,14257,19,,,0,70,,14268,19,,,0,30,,14258,19,,,0,100,,14259,19,,,0,70,,14269,19,,,0,30,,14260,19,,,0,70,,14270,19,,,0,130,,14261,19,,,0,70,,14271,19,,,0,101,,14272,19,,,0,130,,14262,19,,,0,69,,14273,19,,,0,30,,14263,19,,,0,70,,14274,19,,,0,30,,14264,19,,,0,100,,14265,19,,,0,70,,14275,19,,,0,30,,14266,19,,,0,70,,14276,19,,,0
7029,'1817',920,,14279,19,,,0,300,,14280,19,,,0,301,,14281,19,,,0,299,,14282,19,,,0,300,,14278,19,,,0
