14019,'1799',647,,20978,11,,,0
14019,'1800',647,,20993,11,,,0,100,,25777,11,,,0,101,,25766,11,,,0,100,,25767,11,,,0,100,,25768,11,,,0,100,,25769,11,,,0,100,,25770,11,,,0,101,,25771,11,,,0,100,,25772,11,,,0,100,,25773,11,,,0,99,,25774,11,,,0,100,,25775,11,,,0,100,,25776,11,,,0,99,,25765,11,,,0,95,,25764,11,,,0
14019,'1829',522,,20931,11,,,0,100,,20930,11,,,0,80,,20901,11,,,0,30,,20914,11,,,0,68,,20902,11,,,0,53,,20903,11,,,0,70,,20916,11,,,0,30,,20904,11,,,0,70,,20917,11,,,0,130,,20906,11,,,0,100,,20907,11,,,0,170,,20921,11,,,0,101,,20922,11,,,0,299,,20925,11,,,0
14019,'1831',2242,,20949,11,,,0
14019,'1832',747,,20964,11,,,0,101,,20952,11,,,0,100,,20953,11,,,0,100,,20954,11,,,0,100,,20955,11,,,0,100,,20956,11,,,0,101,,20957,11,,,0,100,,20958,11,,,0,100,,20959,11,,,0,99,,20960,11,,,0,100,,20961,11,,,0,100,,20962,11,,,0,99,,20951,11,,,0,95,,20950,11,,,0
14019,'1833',647,,20963,11,,,0
14019,'1834',747,,20979,11,,,0,101,,20967,11,,,0,100,,20968,11,,,0,100,,20969,11,,,0,100,,20970,11,,,0,100,,20971,11,,,0,101,,20972,11,,,0,100,,20973,11,,,0,100,,20974,11,,,0,99,,20975,11,,,0,100,,20976,11,,,0,100,,20977,11,,,0,99,,20966,11,,,0,95,,20965,11,,,0
14019,'1835',823,,25785,11,,,0,230,,25778,11,,,0,70,,25786,11,,,0,100,,25787,11,,,0,100,,25788,11,,,0,30,,25779,11,,,0,100,,25780,11,,,0,151,,25781,11,,,0,30,,25789,11,,,0,70,,25782,11,,,0,30,,25790,11,,,0,70,,25783,11,,,0,49,,25784,11,,,0,70,,25791,11,,,0,30,,25795,11,,,0,69,,25792,11,,,0,92,,25793,11,,,0,100,,25794,11,,,0
14019,'1836',647,,25796,11,,,0,100,,25797,11,,,0,101,,25798,11,,,0,100,,25799,11,,,0,100,,25800,11,,,0,100,,25801,11,,,0,100,,25802,11,,,0,101,,25803,11,,,0,100,,25804,11,,,0,100,,25805,11,,,0,99,,25806,11,,,0,100,,25807,11,,,0,100,,25808,11,,,0,99,,25809,11,,,0,100,,25810,11,,,0,95,,25811,11,,,0
14019,'1837',747,,25825,11,,,0,101,,25814,11,,,0,100,,25815,11,,,0,100,,25816,11,,,0,100,,25817,11,,,0,100,,25818,11,,,0,101,,25819,11,,,0,100,,25820,11,,,0,100,,25821,11,,,0,99,,25822,11,,,0,100,,25823,11,,,0,100,,25824,11,,,0,99,,25813,11,,,0,95,,25812,11,,,0
14019,'1838',747,,25839,11,,,0,101,,25828,11,,,0,100,,25829,11,,,0,100,,25830,11,,,0,100,,25831,11,,,0,100,,25832,11,,,0,101,,25833,11,,,0,100,,25834,11,,,0,100,,25835,11,,,0,99,,25836,11,,,0,100,,25837,11,,,0,100,,25838,11,,,0,99,,25827,11,,,0,95,,25826,11,,,0
