19029,'1838',612,,45382,5,,,0,112,,45383,5,,,0,100,,45381,5,,,0,30,,45380,5,,,0,70,,37666,5,,,0,30,,45378,5,,,0,71,,45366,5,,,0,30,,45370,5,,,0,70,,45373,5,,,0,30,,42988,5,,,0,70,,45376,5,,,0,30,,45364,5,,,0,70,,45369,5,,,0,30,,45372,5,,,0,71,,45375,5,,,0,30,,45377,5,,,0,70,,45363,5,,,0,30,,45368,5,,,0,70,,45371,5,,,0,30,,45374,5,,,0,69,,45379,5,,,0,30,,45365,5,,,0,70,,45367,5,,,0,30,,42984,5,,,0,70,,45384,5,,,0,30,,45385,5,,,0,85,,42993,5,,,0,100,,42994,5,,,0,100,,42991,5,,,0,84,,37650,5,,,0
19029,'1865',825,,45393,5,,,0,30,,37743,5,,,0,70,,45386,5,,,0,30,,37733,5,,,0,70,,45390,5,,,0,30,,45391,5,,,0,70,,45388,5,,,0,30,,45392,5,,,0,70,,45394,5,,,0,30,,45395,5,,,0,70,,45387,5,,,0,30,,45389,5,,,0,70,,45396,5,,,0,30,,45397,5,,,0,71,,45400,5,,,0,299,,45398,5,,,0,30,,37748,5,,,0,70,,37753,5,,,0,100,,37752,5,,,0,100,,37751,5,,,0,99,,45399,5,,,0,100,,37746,5,,,0
19029,'1866',614,,37779,5,,,0,40,,45424,5,,,0,70,,45418,5,,,0,30,,45402,5,,,0,70,,45420,5,,,0,30,,45419,5,,,0,70,,45401,5,,,0,30,,45414,5,,,0,71,,45421,5,,,0,30,,45407,5,,,0,70,,45417,5,,,0,30,,45406,5,,,0,70,,45416,5,,,0,30,,45412,5,,,0,70,,45423,5,,,0,30,,45426,5,,,0,71,,45410,5,,,0,30,,45405,5,,,0,70,,45409,5,,,0,30,,45415,5,,,0,70,,45411,5,,,0,30,,45422,5,,,0,69,,45403,5,,,0,30,,45413,5,,,0,70,,45408,5,,,0,30,,37756,5,,,0,70,,45425,5,,,0,110,,37785,5,,,0,70,,37782,5,,,0,100,,37783,5,,,0,100,,37784,5,,,0,25,,45404,5,,,0
19029,'1867',612,,45446,5,,,0,112,,45447,5,,,0,100,,45445,5,,,0,30,,45444,5,,,0,70,,37803,5,,,0,30,,45442,5,,,0,71,,45430,5,,,0,30,,45434,5,,,0,70,,45437,5,,,0,30,,43005,5,,,0,70,,45440,5,,,0,30,,45428,5,,,0,70,,45433,5,,,0,30,,45436,5,,,0,71,,45439,5,,,0,30,,45441,5,,,0,70,,45427,5,,,0,30,,45432,5,,,0,70,,45435,5,,,0,30,,45438,5,,,0,69,,45443,5,,,0,30,,45429,5,,,0,70,,45431,5,,,0,30,,43001,5,,,0,70,,45448,5,,,0,30,,45449,5,,,0,85,,43010,5,,,0,100,,43011,5,,,0,100,,43008,5,,,0,84,,37787,5,,,0
19029,'1873',614,,31051,5,,,0,1241,,31028,5,,,0,180,,31057,5,,,0,70,,31054,5,,,0,100,,31055,5,,,0,100,,31056,5,,,0
19029,'1878',924,,31075,5,,,0,231,,43022,5,,,0,700,,43018,5,,,0,185,,43027,5,,,0,100,,43028,5,,,0,100,,43025,5,,,0,84,,31059,5,,,0
19029,'1881',825,,31119,5,,,0,100,,31112,5,,,0,100,,31116,5,,,0,30,,37724,5,,,0,70,,37722,5,,,0,30,,37725,5,,,0,70,,43012,5,,,0,30,,37727,5,,,0,70,,37721,5,,,0,30,,37723,5,,,0,70,,43013,5,,,0,30,,37729,5,,,0,71,,37732,5,,,0,299,,37730,5,,,0,399,,37731,5,,,0
19029,'1882',855,,31121,5,,,0,100,,31111,5,,,0,900,,31126,5,,,0,70,,31131,5,,,0,100,,31130,5,,,0,100,,31129,5,,,0,199,,31124,5,,,0
19029,'1886',825,,45457,5,,,0,100,,45450,5,,,0,100,,45454,5,,,0,30,,45455,5,,,0,70,,45452,5,,,0,30,,45456,5,,,0,70,,45458,5,,,0,30,,45459,5,,,0,70,,45451,5,,,0,30,,45453,5,,,0,70,,45460,5,,,0,30,,45461,5,,,0,71,,45464,5,,,0,299,,45462,5,,,0,399,,45463,5,,,0
19029,'1887',654,,45488,5,,,0,70,,45482,5,,,0,30,,45466,5,,,0,70,,45484,5,,,0,30,,45483,5,,,0,70,,45465,5,,,0,30,,45478,5,,,0,71,,45485,5,,,0,30,,45471,5,,,0,70,,45481,5,,,0,30,,45470,5,,,0,70,,45480,5,,,0,30,,45476,5,,,0,70,,45487,5,,,0,30,,45490,5,,,0,71,,45474,5,,,0,30,,45469,5,,,0,70,,45473,5,,,0,30,,45479,5,,,0,70,,45475,5,,,0,30,,45486,5,,,0,69,,45467,5,,,0,30,,45477,5,,,0,70,,45472,5,,,0,100,,45489,5,,,0,405,,45468,5,,,0
19029,'1888',612,,45510,5,,,0,112,,45511,5,,,0,100,,45509,5,,,0,30,,45508,5,,,0,100,,45506,5,,,0,71,,45494,5,,,0,30,,45498,5,,,0,70,,45501,5,,,0,100,,45504,5,,,0,30,,45492,5,,,0,70,,45497,5,,,0,30,,45500,5,,,0,71,,45503,5,,,0,30,,45505,5,,,0,70,,45491,5,,,0,30,,45496,5,,,0,70,,45499,5,,,0,30,,45502,5,,,0,69,,45507,5,,,0,30,,45493,5,,,0,70,,45495,5,,,0,100,,45512,5,,,0,30,,45513,5,,,0
10019029,'1865',614,,48422,6,,,0,30,,41896,6,,,0,70,,48423,6,,,0,30,,48424,6,,,0,802,,41902,6,,,0,70,,41900,6,,,0,30,,48425,6,,,0,70,,48428,6,,,0,29,,48426,6,,,0,210,,48427,6,,,0
10019029,'1881',614,,34656,6,,,0,100,,41888,6,,,0,30,,34660,6,,,0,902,,41889,6,,,0,70,,43936,6,,,0,29,,41890,6,,,0,210,,41891,6,,,0
10019029,'1882',644,,34659,6,,,0,902,,34665,6,,,0,70,,34663,6,,,0
10019029,'1886',614,,48429,6,,,0,100,,48430,6,,,0,30,,48431,6,,,0,902,,48432,6,,,0,70,,48435,6,,,0,29,,48433,6,,,0,210,,48434,6,,,0
