1029,'1800',611,,28457,28,,,0,98,,28458,28,,,0,100,,28459,28,,,0,101,,28460,28,,,0,100,,28461,28,,,0,100,,28462,28,,,0,100,,28463,28,,,0,100,,28464,28,,,0,100,,28465,28,,,0,100,,28466,28,,,0,100,,28467,28,,,0,100,,28468,28,,,0,100,,28469,28,,,0,100,,28470,28,,,0,100,,28471,28,,,0,100,,28472,28,,,0,97,,28473,28,,,0,100,,28474,28,,,0
1029,'1838',611,,34957,28,,,0,98,,34958,28,,,0,100,,34959,28,,,0,101,,34960,28,,,0,100,,34961,28,,,0,100,,34962,28,,,0,100,,34963,28,,,0,100,,34964,28,,,0,100,,34965,28,,,0,100,,34966,28,,,0,100,,34967,28,,,0,100,,34968,28,,,0,100,,34969,28,,,0,100,,34970,28,,,0,100,,34971,28,,,0,100,,34972,28,,,0,97,,34973,28,,,0,100,,34974,28,,,0
1029,'1850',610,,28555,28,,,0,31,,28556,28,,,0,67,,28576,28,,,0,30,,28552,28,,,0,70,,28547,28,,,0,30,,28580,28,,,0,70,,28550,28,,,0,30,,28557,28,,,0,70,,28575,28,,,0,30,,28554,28,,,0,70,,28546,28,,,0,30,,28579,28,,,0,70,,28551,28,,,0,29,,28558,28,,,0,70,,28574,28,,,0,30,,28553,28,,,0,71,,28548,28,,,0,31,,28577,28,,,0,72,,28549,28,,,0,30,,28559,28,,,0,69,,28573,28,,,0,29,,28562,28,,,0,70,,28561,28,,,0,29,,28560,28,,,0,72,,28566,28,,,0,30,,28565,28,,,0,70,,28564,28,,,0,30,,28563,28,,,0,70,,28578,28,,,0,30,,28572,28,,,0,70,,28571,28,,,0,30,,28570,28,,,0,70,,28569,28,,,0,30,,28568,28,,,0,65,,28567,28,,,0
1029,'1859',611,,28498,28,,,0,28,,28510,28,,,0,70,,28517,28,,,0,30,,28505,28,,,0,70,,28526,28,,,0,30,,28514,28,,,0,71,,28497,28,,,0,30,,28509,28,,,0,70,,28520,28,,,0,30,,28504,28,,,0,70,,28527,28,,,0,30,,28513,28,,,0,70,,28496,28,,,0,30,,28508,28,,,0,70,,28519,28,,,0,30,,28503,28,,,0,70,,28499,28,,,0,30,,28512,28,,,0,70,,28495,28,,,0,30,,28507,28,,,0,70,,28515,28,,,0,30,,28502,28,,,0,70,,28524,28,,,0,30,,28511,28,,,0,70,,28494,28,,,0,30,,28506,28,,,0,70,,28518,28,,,0,30,,28500,28,,,0,70,,28522,28,,,0,30,,28521,28,,,0,70,,28493,28,,,0,30,,28501,28,,,0,67,,28516,28,,,0,30,,28525,28,,,0,70,,28523,28,,,0
1029,'1861',611,,28528,28,,,0,98,,28529,28,,,0,100,,28530,28,,,0,101,,28531,28,,,0,100,,28532,28,,,0,100,,28533,28,,,0,100,,28534,28,,,0,100,,28535,28,,,0,100,,28536,28,,,0,100,,28537,28,,,0,100,,28538,28,,,0,100,,28539,28,,,0,100,,28540,28,,,0,100,,28541,28,,,0,100,,28542,28,,,0,100,,28543,28,,,0,97,,28544,28,,,0,100,,28545,28,,,0
1029,'1864',610,,34984,28,,,0,31,,28591,28,,,0,67,,35004,28,,,0,30,,34981,28,,,0,70,,34976,28,,,0,30,,35008,28,,,0,70,,34979,28,,,0,30,,34985,28,,,0,70,,35003,28,,,0,30,,34983,28,,,0,70,,34975,28,,,0,30,,35007,28,,,0,70,,34980,28,,,0,29,,34986,28,,,0,70,,35002,28,,,0,30,,34982,28,,,0,71,,34977,28,,,0,31,,35005,28,,,0,72,,34978,28,,,0,30,,34987,28,,,0,69,,35001,28,,,0,29,,34990,28,,,0,70,,34989,28,,,0,29,,34988,28,,,0,72,,34994,28,,,0,30,,34993,28,,,0,70,,34992,28,,,0,30,,34991,28,,,0,70,,35006,28,,,0,30,,35000,28,,,0,70,,34999,28,,,0,30,,34998,28,,,0,70,,34997,28,,,0,30,,34996,28,,,0,65,,34995,28,,,0
1029,'1865',610,,35018,28,,,0,31,,35019,28,,,0,67,,35039,28,,,0,30,,35015,28,,,0,70,,35010,28,,,0,30,,35043,28,,,0,70,,35013,28,,,0,30,,35020,28,,,0,70,,35038,28,,,0,30,,35017,28,,,0,70,,35009,28,,,0,30,,35042,28,,,0,70,,35014,28,,,0,29,,35021,28,,,0,70,,35037,28,,,0,30,,35016,28,,,0,71,,35011,28,,,0,31,,35040,28,,,0,72,,35012,28,,,0,30,,35022,28,,,0,69,,35036,28,,,0,29,,35025,28,,,0,70,,35024,28,,,0,29,,35023,28,,,0,72,,35029,28,,,0,30,,35028,28,,,0,70,,35027,28,,,0,30,,35026,28,,,0,70,,35041,28,,,0,30,,35035,28,,,0,70,,35034,28,,,0,30,,35033,28,,,0,70,,35032,28,,,0,30,,35031,28,,,0,65,,35030,28,,,0
1029,'1866',611,,35049,28,,,0,28,,35061,28,,,0,70,,35068,28,,,0,30,,35056,28,,,0,70,,35077,28,,,0,30,,35065,28,,,0,71,,35048,28,,,0,30,,35060,28,,,0,70,,35071,28,,,0,30,,35055,28,,,0,70,,35078,28,,,0,30,,35064,28,,,0,70,,35047,28,,,0,30,,35059,28,,,0,70,,35070,28,,,0,30,,35054,28,,,0,70,,35050,28,,,0,30,,35063,28,,,0,70,,35046,28,,,0,30,,35058,28,,,0,70,,35066,28,,,0,30,,35053,28,,,0,70,,35075,28,,,0,30,,35062,28,,,0,70,,35045,28,,,0,30,,35057,28,,,0,70,,35069,28,,,0,30,,35051,28,,,0,70,,35073,28,,,0,30,,35072,28,,,0,70,,35044,28,,,0,30,,35052,28,,,0,67,,35067,28,,,0,30,,35076,28,,,0,70,,35074,28,,,0
1029,'1867',611,,35079,28,,,0,98,,35080,28,,,0,100,,35081,28,,,0,101,,35082,28,,,0,100,,35083,28,,,0,100,,35084,28,,,0,100,,35085,28,,,0,100,,35086,28,,,0,100,,35087,28,,,0,100,,35088,28,,,0,100,,35089,28,,,0,100,,35090,28,,,0,100,,35091,28,,,0,100,,35092,28,,,0,100,,35093,28,,,0,100,,35094,28,,,0,97,,35095,28,,,0,100,,35096,28,,,0
31019,'1800',602,,31431,8,,,0,50,,31414,20,,,0,100,,31415,20,,,0,101,,31416,20,,,0,100,,31417,20,,,0,100,,31418,20,,,0,100,,31419,20,,,0,100,,31420,20,,,0,100,,31421,20,,,0,100,,31422,20,,,0,100,,31423,20,,,0,100,,31424,20,,,0,100,,31425,20,,,0,100,,31426,20,,,0,100,,31427,20,,,0,100,,31428,20,,,0,99,,31429,20,,,0,100,,31430,20,,,0
31019,'1838',602,,38211,8,,,0,50,,38194,20,,,0,100,,38195,20,,,0,101,,38196,20,,,0,100,,38197,20,,,0,100,,38198,20,,,0,100,,38199,20,,,0,100,,38200,20,,,0,100,,38201,20,,,0,100,,38202,20,,,0,100,,38203,20,,,0,100,,38204,20,,,0,100,,38205,20,,,0,100,,38206,20,,,0,100,,38207,20,,,0,100,,38208,20,,,0,99,,38209,20,,,0,100,,38210,20,,,0
31019,'1850',602,,31543,8,,,0,26,,31538,8,,,0,25,,31508,20,,,0,72,,31523,20,,,0,29,,31536,20,,,0,70,,31519,20,,,0,30,,31516,20,,,0,69,,31530,20,,,0,30,,31511,20,,,0,72,,31524,20,,,0,28,,31535,20,,,0,70,,31522,20,,,0,30,,31517,20,,,0,70,,31529,20,,,0,30,,31510,20,,,0,70,,31525,20,,,0,30,,31534,20,,,0,70,,31520,20,,,0,30,,31514,20,,,0,71,,31528,20,,,0,30,,31512,20,,,0,70,,31526,20,,,0,30,,31533,20,,,0,69,,31521,20,,,0,30,,31515,20,,,0,70,,31527,20,,,0,30,,31509,20,,,0,70,,31544,20,,,0,30,,31532,20,,,0,100,,31518,20,,,0,100,,31513,20,,,0,100,,31531,20,,,0
31019,'1859',602,,31487,8,,,0,26,,31480,8,,,0,24,,31457,20,,,0,70,,31473,20,,,0,30,,31486,20,,,0,71,,31469,20,,,0,30,,31463,20,,,0,70,,31479,20,,,0,30,,31456,20,,,0,70,,31472,20,,,0,30,,31481,20,,,0,70,,31468,20,,,0,30,,31462,20,,,0,70,,31478,20,,,0,30,,31455,20,,,0,70,,31471,20,,,0,30,,31484,20,,,0,70,,31467,20,,,0,30,,31461,20,,,0,70,,31477,20,,,0,30,,31454,20,,,0,70,,31470,20,,,0,30,,31483,20,,,0,70,,31466,20,,,0,30,,31460,20,,,0,70,,31476,20,,,0,30,,31453,20,,,0,70,,31488,20,,,0,30,,31482,20,,,0,100,,31459,20,,,0,99,,31452,20,,,0,100,,31485,20,,,0
31019,'1861',602,,31506,8,,,0,50,,31489,20,,,0,100,,31490,20,,,0,101,,31491,20,,,0,100,,31492,20,,,0,100,,31493,20,,,0,100,,31494,20,,,0,100,,31495,20,,,0,100,,31496,20,,,0,100,,31497,20,,,0,100,,31498,20,,,0,100,,31499,20,,,0,100,,31500,20,,,0,100,,31501,20,,,0,100,,31502,20,,,0,100,,31503,20,,,0,99,,31504,20,,,0,100,,31505,20,,,0
31019,'1864',602,,38248,8,,,0,26,,38243,8,,,0,25,,38213,20,,,0,72,,38228,20,,,0,29,,38241,20,,,0,70,,38224,20,,,0,30,,38221,20,,,0,69,,38235,20,,,0,30,,38216,20,,,0,72,,38229,20,,,0,28,,38240,20,,,0,70,,38227,20,,,0,30,,38222,20,,,0,70,,38234,20,,,0,30,,38215,20,,,0,70,,38230,20,,,0,30,,38239,20,,,0,70,,38225,20,,,0,30,,38219,20,,,0,71,,38233,20,,,0,30,,38217,20,,,0,70,,38231,20,,,0,30,,38238,20,,,0,69,,38226,20,,,0,30,,38220,20,,,0,70,,38232,20,,,0,30,,38214,20,,,0,70,,38249,20,,,0,30,,38237,20,,,0,100,,38223,20,,,0,100,,38218,20,,,0,100,,38236,20,,,0
31019,'1865',602,,38285,8,,,0,26,,38280,8,,,0,25,,38250,20,,,0,72,,38265,20,,,0,29,,38278,20,,,0,70,,38261,20,,,0,30,,38258,20,,,0,69,,38272,20,,,0,30,,38253,20,,,0,72,,38266,20,,,0,28,,38277,20,,,0,70,,38264,20,,,0,30,,38259,20,,,0,70,,38271,20,,,0,30,,38252,20,,,0,70,,38267,20,,,0,30,,38276,20,,,0,70,,38262,20,,,0,30,,38256,20,,,0,71,,38270,20,,,0,30,,38254,20,,,0,70,,38268,20,,,0,30,,38275,20,,,0,69,,38263,20,,,0,30,,38257,20,,,0,70,,38269,20,,,0,30,,38251,20,,,0,70,,38286,20,,,0,30,,38274,20,,,0,100,,38260,20,,,0,100,,38255,20,,,0,100,,38273,20,,,0
31019,'1866',602,,38322,8,,,0,26,,38315,8,,,0,24,,38292,20,,,0,70,,38308,20,,,0,30,,38321,20,,,0,71,,38304,20,,,0,30,,38298,20,,,0,70,,38314,20,,,0,30,,38291,20,,,0,70,,38307,20,,,0,30,,38316,20,,,0,70,,38303,20,,,0,30,,38297,20,,,0,70,,38313,20,,,0,30,,38290,20,,,0,70,,38306,20,,,0,30,,38319,20,,,0,70,,38302,20,,,0,30,,38296,20,,,0,70,,38312,20,,,0,30,,38289,20,,,0,70,,38305,20,,,0,30,,38318,20,,,0,70,,38301,20,,,0,30,,38295,20,,,0,70,,38311,20,,,0,30,,38288,20,,,0,70,,38323,20,,,0,30,,38317,20,,,0,100,,38294,20,,,0,99,,38287,20,,,0,100,,38320,20,,,0
31019,'1867',602,,38341,8,,,0,50,,38324,20,,,0,100,,38325,20,,,0,101,,38326,20,,,0,100,,38327,20,,,0,100,,38328,20,,,0,100,,38329,20,,,0,100,,38330,20,,,0,100,,38331,20,,,0,100,,38332,20,,,0,100,,38333,20,,,0,100,,38334,20,,,0,100,,38335,20,,,0,100,,38336,20,,,0,100,,38337,20,,,0,100,,38338,20,,,0,99,,38339,20,,,0,100,,38340,20,,,0
