13019,'1838',804,,36660,9,,,0,100,,36661,9,,,0,100,,36662,9,,,0,101,,36663,9,,,0,100,,36664,9,,,0,100,,36665,9,,,0,100,,36666,9,,,0,100,,36667,9,,,0,100,,36668,9,,,0,99,,36669,9,,,0,100,,36670,9,,,0,100,,36671,9,,,0,100,,42510,9,,,0,100,,36673,9,,,0,100,,42509,9,,,0
13019,'1857',615,,30123,9,,,0,30,,30124,9,,,0,69,,30125,9,,,0,30,,30126,9,,,0,96,,30127,9,,,0,100,,30128,9,,,0,200,,30130,9,,,0,100,,36688,9,,,0,100,,36689,9,,,0,171,,30135,9,,,0,231,,30144,9,,,0,99,,36694,9,,,0,100,,30143,9,,,0,100,,30142,9,,,0,98,,30141,9,,,0
13019,'1865',615,,36699,9,,,0,30,,36700,9,,,0,69,,36701,9,,,0,30,,36702,9,,,0,96,,36703,9,,,0,100,,36704,9,,,0,100,,42511,9,,,0,100,,36706,9,,,0,100,,36707,9,,,0,100,,36708,9,,,0,70,,42512,9,,,0,31,,42513,9,,,0,70,,36711,9,,,0,31,,42517,9,,,0,70,,42514,9,,,0,30,,42518,9,,,0,70,,42515,9,,,0,30,,36720,9,,,0,99,,36714,9,,,0,100,,36719,9,,,0,100,,36718,9,,,0,98,,36717,9,,,0,100,,42516,9,,,0
13019,'1866',704,,36723,9,,,0,100,,36724,9,,,0,100,,36725,9,,,0,100,,36726,9,,,0,101,,36727,9,,,0,100,,36728,9,,,0,100,,36729,9,,,0,100,,36730,9,,,0,100,,36731,9,,,0,100,,36732,9,,,0,99,,36733,9,,,0,100,,36734,9,,,0,100,,36735,9,,,0,100,,36736,9,,,0,100,,36737,9,,,0,200,,36738,9,,,0
13019,'1867',804,,36740,9,,,0,100,,36741,9,,,0,100,,36742,9,,,0,101,,36743,9,,,0,100,,36744,9,,,0,100,,36745,9,,,0,100,,36746,9,,,0,100,,36747,9,,,0,100,,36748,9,,,0,99,,36749,9,,,0,100,,36750,9,,,0,100,,36751,9,,,0,100,,42520,9,,,0,100,,36753,9,,,0,100,,42519,9,,,0
13019,'1871',1040,,36687,9,,,0,370,,36690,9,,,0,31,,36691,9,,,0,101,,36697,9,,,0,70,,36692,9,,,0,30,,36698,9,,,0,70,,36693,9,,,0,527,,36696,9,,,0
13019,'1873',704,,30068,9,,,0,100,,36674,9,,,0,100,,36675,9,,,0,100,,36676,9,,,0,101,,30072,9,,,0,100,,36677,9,,,0,100,,30074,9,,,0,100,,30075,9,,,0,100,,36678,9,,,0,100,,36679,9,,,0,99,,36680,9,,,0,100,,36681,9,,,0,100,,30080,9,,,0,100,,36682,9,,,0,100,,30082,9,,,0,200,,30083,9,,,0
13019,'1874',2004,,36685,9,,,0,200,,36683,9,,,0
13019,'1875',804,,30085,9,,,0,100,,30086,9,,,0,100,,30087,9,,,0,101,,30088,9,,,0,100,,30089,9,,,0,100,,36684,9,,,0,100,,30091,9,,,0,100,,30092,9,,,0,100,,30093,9,,,0,99,,30094,9,,,0,100,,30095,9,,,0,100,,30096,9,,,0,200,,36686,9,,,0
13019,'1876',1040,,42521,9,,,0,370,,42522,9,,,0,31,,42523,9,,,0,101,,42527,9,,,0,70,,42524,9,,,0,30,,42528,9,,,0,70,,42525,9,,,0,527,,42526,9,,,0
13019,'1878',2004,,42530,9,,,0,200,,42529,9,,,0
