6029,'1800',837,,29184,7,0,5 2 6 7,0,100,,35820,7,0,5 2 6 7,0,100,,29183,7,0,5 2 6 7,0,100,,35818,7,0,5 2 6 7,0,101,,29182,7,0,5 2 6 7,0,100,,29178,7,0,5 2 6 7,0,100,,29181,7,0,5 2 6 7,0,100,,35821,7,0,5 2 6 7,0,100,,29180,7,0,5 2 6 7,0,100,,29177,7,0,5 2 6 7,0,99,,29179,7,0,5 2 6 7,0,100,,35819,7,0,5 2 6 7,0
6029,'1838',837,,35833,7,0,5 2 6 7,0,100,,35824,7,0,5 2 6 7,0,100,,35832,7,0,5 2 6 7,0,100,,35822,7,0,5 2 6 7,0,101,,35831,7,0,5 2 6 7,0,100,,35827,7,0,5 2 6 7,0,100,,35830,7,0,5 2 6 7,0,100,,35825,7,0,5 2 6 7,0,100,,35829,7,0,5 2 6 7,0,100,,35826,7,0,5 2 6 7,0,99,,35828,7,0,5 2 6 7,0,100,,35823,7,0,5 2 6 7,0
6029,'1850',617,,29242,7,,,0,30,,29243,7,,,0,71,,29244,7,,,0,30,,29245,7,,,0,70,,29246,7,,,0,30,,29247,7,,,0,70,,29248,7,,,0,30,,29249,7,,,0,70,,29250,7,,,0,30,,29251,7,,,0,70,,29252,7,,,0,30,,29253,7,,,0,70,,29254,7,,,0,30,,29255,7,,,0,70,,29256,7,,,0,30,,29257,7,,,0,70,,29258,7,,,0,30,,29259,7,,,0,70,,29260,7,,,0,30,,29261,7,,,0,70,,29262,7,,,0,30,,29263,7,,,0,70,,29264,7,,,0,30,,29265,7,,,0,70,,29266,7,,,0,30,,29267,7,,,0,90,,29239,7,,,0,99,,29241,7,,,0,100,,29238,7,,,0,100,,29240,7,,,0
6029,'1859',612,,29198,7,,,0,30,,29200,7,,,0,65,,29216,7,,,0,30,,29224,7,,,0,70,,29199,7,,,0,100,,29217,7,,,0,30,,29225,7,,,0,71,,29209,7,,,0,30,,29222,7,,,0,70,,29208,7,,,0,30,,29214,7,,,0,70,,29207,7,,,0,30,,29221,7,,,0,70,,29206,7,,,0,30,,29213,7,,,0,70,,29205,7,,,0,30,,29220,7,,,0,70,,29204,7,,,0,30,,29212,7,,,0,70,,29203,7,,,0,30,,29219,7,,,0,70,,29202,7,,,0,30,,29211,7,,,0,70,,29201,7,,,0,30,,29218,7,,,0,69,,29197,7,0,5 2 6 7,0,100,,29223,7,0,5 2 6 7,0,100,,29215,7,0,5 2 6 7,0
6029,'1861',837,,29237,7,0,5 2 6 7,0,200,,29236,7,0,5 2 6 7,0,201,,29235,7,0,5 2 6 7,0,100,,29231,7,0,5 2 6 7,0,100,,29234,7,0,5 2 6 7,0,200,,29233,7,0,5 2 6 7,0,100,,29230,7,0,5 2 6 7,0,99,,29232,7,0,5 2 6 7,0
6029,'1862',837,,35834,7,,,0
6029,'1863',937,,35837,7,0,5 2 6 7,0,200,,35835,7,0,5 2 6 7,0,401,,35838,7,0,5 2 6 7,0,399,,35836,7,0,5 2 6 7,0
6029,'1864',617,,29272,7,,,0,30,,35842,7,,,0,71,,29274,7,,,0,30,,29275,7,,,0,70,,35843,7,,,0,30,,35844,7,,,0,70,,35845,7,,,0,30,,35846,7,,,0,70,,35847,7,,,0,30,,35848,7,,,0,70,,35849,7,,,0,30,,35850,7,,,0,70,,35851,7,,,0,30,,35852,7,,,0,70,,35853,7,,,0,30,,35854,7,,,0,70,,35855,7,,,0,30,,35856,7,,,0,70,,35857,7,,,0,30,,35858,7,,,0,70,,35859,7,,,0,30,,35860,7,,,0,70,,35861,7,,,0,30,,35862,7,,,0,70,,35863,7,,,0,30,,35864,7,,,0,90,,35840,7,,,0,99,,29271,7,,,0,100,,35839,7,,,0,100,,35841,7,,,0
6029,'1865',617,,35869,7,,,0,30,,35870,7,,,0,71,,35871,7,,,0,30,,35872,7,,,0,70,,35873,7,,,0,30,,35874,7,,,0,70,,35875,7,,,0,30,,35876,7,,,0,70,,35877,7,,,0,30,,35878,7,,,0,70,,35879,7,,,0,30,,35880,7,,,0,70,,35881,7,,,0,30,,35882,7,,,0,70,,35883,7,,,0,30,,35884,7,,,0,70,,35885,7,,,0,30,,35886,7,,,0,70,,35887,7,,,0,30,,35888,7,,,0,70,,35889,7,,,0,30,,35890,7,,,0,70,,35891,7,,,0,30,,35892,7,,,0,70,,35893,7,,,0,30,,35894,7,,,0,90,,35866,7,,,0,99,,35868,7,,,0,100,,35865,7,,,0,100,,35867,7,,,0
6029,'1866',612,,35896,7,,,0,30,,35898,7,,,0,65,,35914,7,,,0,30,,35922,7,,,0,70,,35897,7,,,0,30,,35908,7,,,0,70,,35915,7,,,0,30,,35923,7,,,0,71,,35907,7,,,0,30,,35920,7,,,0,70,,35906,7,,,0,30,,35912,7,,,0,70,,35905,7,,,0,30,,35919,7,,,0,70,,35904,7,,,0,30,,35911,7,,,0,70,,35903,7,,,0,30,,35918,7,,,0,70,,35902,7,,,0,30,,35910,7,,,0,70,,35901,7,,,0,30,,35917,7,,,0,70,,35900,7,,,0,30,,35909,7,,,0,70,,35899,7,,,0,30,,35916,7,,,0,69,,35895,7,0,5 2 6 7,0,100,,35921,7,0,5 2 6 7,0,100,,35913,7,0,5 2 6 7,0
6029,'1867',837,,35935,7,0,5 2 6 7,0,100,,35926,7,0,5 2 6 7,0,100,,35934,7,0,5 2 6 7,0,100,,35924,7,0,5 2 6 7,0,101,,35933,7,0,5 2 6 7,0,100,,35929,7,0,5 2 6 7,0,100,,35932,7,0,5 2 6 7,0,100,,35927,7,0,5 2 6 7,0,100,,35931,7,0,5 2 6 7,0,100,,35928,7,0,5 2 6 7,0,99,,35930,7,0,5 2 6 7,0,100,,35925,7,0,5 2 6 7,0
10029,'1800',851,,29762,7,,,0,99,,29759,30,,,0,100,,29761,30,,,0,100,,29752,30,,,0,100,,29754,30,,,0,100,,29756,30,,,0,100,,29758,30,,,0,100,,29760,30,,,0,100,,29751,30,,,0,100,,29753,30,,,0,100,,29755,30,,,0,100,,29757,30,,,0
10029,'1838',851,,36369,7,,,0,99,,36366,30,,,0,100,,36368,30,,,0,100,,36359,30,,,0,70,,36370,30,,,0,30,,36361,30,,,0,70,,36371,30,,,0,30,,36363,30,,,0,70,,36372,30,,,0,30,,36365,30,,,0,70,,36373,30,,,0,30,,36367,30,,,0,70,,36374,30,,,0,30,,36358,30,,,0,100,,36360,30,,,0,100,,36362,30,,,0,100,,36364,30,,,0
10029,'1850',550,,29821,7,,,0,100,,29816,30,,,0,100,,29804,30,,,0,100,,29817,30,,,0,100,,29818,30,,,0,100,,29819,30,,,0,100,,29815,30,,,0,100,,29814,30,,,0,100,,29813,30,,,0,100,,29812,30,,,0,100,,29811,30,,,0,100,,29810,30,,,0,100,,29809,30,,,0,100,,29808,30,,,0,100,,29820,30,,,0,100,,29806,30,,,0,100,,29807,30,,,0,100,,29805,30,,,0
10029,'1859',550,,29790,7,,,0,100,,29791,7,,,0,100,,29782,30,,,0,100,,29775,30,,,0,100,,29783,30,,,0,100,,29776,30,,,0,100,,29784,30,,,0,100,,29777,30,,,0,100,,29785,30,,,0,100,,29778,30,,,0,100,,29786,30,,,0,100,,29779,30,,,0,100,,29787,30,,,0,100,,29780,30,,,0,100,,29788,30,,,0,100,,29781,30,,,0,100,,29789,30,,,0
10029,'1861',851,,29803,7,,,0,99,,29800,30,,,0,100,,29802,30,,,0,100,,29793,30,,,0,100,,29795,30,,,0,100,,29797,30,,,0,100,,29799,30,,,0,100,,29801,30,,,0,100,,29792,30,,,0,100,,29794,30,,,0,100,,29796,30,,,0,100,,29798,30,,,0
10029,'1864',550,,29839,7,,,0,100,,29834,30,,,0,100,,29822,30,,,0,100,,36378,30,,,0,100,,29836,30,,,0,100,,29837,30,,,0,100,,29833,30,,,0,100,,29832,30,,,0,100,,29831,30,,,0,100,,29830,30,,,0,100,,36377,30,,,0,100,,36376,30,,,0,100,,29827,30,,,0,100,,36375,30,,,0,100,,29838,30,,,0,100,,29824,30,,,0,100,,29825,30,,,0,100,,29823,30,,,0
10029,'1865',550,,36396,7,,,0,70,,36397,30,,,0,30,,36391,30,,,0,70,,36398,30,,,0,30,,36379,30,,,0,70,,36399,30,,,0,30,,36392,30,,,0,100,,36393,30,,,0,100,,36394,30,,,0,100,,36390,30,,,0,100,,36389,30,,,0,100,,36388,30,,,0,100,,36387,30,,,0,100,,36386,30,,,0,100,,36385,30,,,0,70,,36400,30,,,0,30,,36384,30,,,0,70,,36401,30,,,0,30,,36383,30,,,0,70,,36402,30,,,0,30,,36395,30,,,0,70,,36403,30,,,0,30,,36381,30,,,0,100,,36382,30,,,0,100,,36380,30,,,0
10029,'1866',550,,36419,7,,,0,100,,36420,7,,,0,100,,36411,30,,,0,100,,36404,30,,,0,100,,36412,30,,,0,100,,36405,30,,,0,100,,36413,30,,,0,70,,36425,30,,,0,30,,36406,30,,,0,70,,36422,30,,,0,30,,36414,30,,,0,70,,36423,30,,,0,30,,36407,30,,,0,70,,36424,30,,,0,30,,36415,30,,,0,70,,36421,30,,,0,30,,36408,30,,,0,100,,36416,30,,,0,100,,36409,30,,,0,100,,36417,30,,,0,100,,36410,30,,,0,100,,36418,30,,,0
10029,'1867',851,,36437,7,,,0,99,,36434,30,,,0,100,,36436,30,,,0,100,,36427,30,,,0,70,,36442,30,,,0,30,,36429,30,,,0,70,,36439,30,,,0,30,,36431,30,,,0,70,,36440,30,,,0,30,,36433,30,,,0,70,,36441,30,,,0,30,,36435,30,,,0,70,,36438,30,,,0,30,,36426,30,,,0,100,,36428,30,,,0,100,,36430,30,,,0,100,,36432,30,,,0
