6019,'1800',852,,29055,10,,,0,100,,35700,10,,,0,100,,29054,10,,,0,100,,35702,10,,,0,101,,29053,10,,,0,100,,29058,10,,,0,100,,29052,10,,,0,100,,35701,10,,,0,100,,29051,10,,,0,100,,29056,10,,,0,99,,29050,10,,,0,100,,35703,10,,,0
6019,'1838',852,,35710,10,,,0,100,,35704,10,,,0,100,,35709,10,,,0,100,,35714,10,,,0,101,,35708,10,,,0,100,,35713,10,,,0,100,,35707,10,,,0,100,,35712,10,,,0,100,,35706,10,,,0,100,,35711,10,,,0,99,,35705,10,,,0,100,,35715,10,,,0
6019,'1850',659,,29118,22,,,0,69,,29119,22,,,0,30,,29120,22,,,0,70,,29121,22,,,0,30,,29122,22,,,0,71,,29123,22,,,0,30,,29124,22,,,0,70,,29125,22,,,0,30,,29126,22,,,0,70,,29127,22,,,0,30,,29128,22,,,0,70,,29129,22,,,0,30,,29130,22,,,0,70,,29131,22,,,0,30,,29132,22,,,0,70,,29133,22,,,0,73,,29134,22,,,0,30,,29135,22,,,0,70,,29136,22,,,0,30,,29137,22,,,0,70,,29138,22,,,0,29,,29139,22,,,0,27,,29140,22,,,0,70,,29141,22,,,0,30,,29142,22,,,0,67,,29117,22,,,0,96,,29113,22,,,0,100,,29115,22,,,0,100,,29114,22,,,0,100,,29116,22,,,0
6019,'1859',653,,29076,22,,,0,70,,29075,22,,,0,28,,29095,22,,,0,70,,29088,22,,,0,30,,29078,22,,,0,100,,29096,22,,,0,72,,29094,22,,,0,30,,29086,22,,,0,70,,29099,22,,,0,30,,29085,22,,,0,70,,29093,22,,,0,30,,29084,22,,,0,70,,29098,22,,,0,30,,29083,22,,,0,70,,29092,22,,,0,30,,29082,22,,,0,70,,29097,22,,,0,30,,29081,22,,,0,70,,29091,22,,,0,30,,29080,22,,,0,70,,29073,22,,,0,30,,29079,22,,,0,70,,29090,22,,,0,30,,29077,22,,,0,68,,29089,22,,,0,101,,29100,10,,,0,100,,29074,10,,,0
6019,'1861',852,,29107,10,,,0,200,,29106,10,,,0,201,,29105,10,,,0,100,,29110,10,,,0,100,,29104,10,,,0,200,,29103,10,,,0,100,,29108,10,,,0,99,,29102,10,,,0
6019,'1862',921,,35716,22,,,0
6019,'1863',952,,35717,10,,,0,200,,35719,10,,,0,401,,35718,10,,,0,399,,35720,10,,,0
6019,'1864',659,,29148,22,,,0,69,,29149,22,,,0,30,,35725,22,,,0,70,,35726,22,,,0,30,,35727,22,,,0,71,,35728,22,,,0,30,,35729,22,,,0,70,,35730,22,,,0,30,,35731,22,,,0,70,,35732,22,,,0,30,,35733,22,,,0,70,,35734,22,,,0,30,,35735,22,,,0,70,,35736,22,,,0,30,,35737,22,,,0,70,,35738,22,,,0,73,,35739,22,,,0,30,,35740,22,,,0,70,,35741,22,,,0,30,,35742,22,,,0,70,,35743,22,,,0,29,,35744,22,,,0,27,,35745,22,,,0,70,,35746,22,,,0,30,,35747,22,,,0,67,,35724,22,,,0,96,,35721,22,,,0,100,,29145,22,,,0,100,,35722,22,,,0,100,,35723,22,,,0
6019,'1865',659,,35753,22,,,0,69,,35754,22,,,0,30,,35755,22,,,0,70,,35756,22,,,0,30,,35757,22,,,0,71,,35758,22,,,0,30,,35759,22,,,0,70,,35760,22,,,0,30,,35761,22,,,0,70,,35762,22,,,0,30,,35763,22,,,0,70,,35764,22,,,0,30,,35765,22,,,0,70,,35766,22,,,0,30,,35767,22,,,0,70,,35768,22,,,0,73,,35769,22,,,0,30,,35770,22,,,0,70,,35771,22,,,0,30,,35772,22,,,0,70,,35773,22,,,0,29,,35774,22,,,0,27,,35775,22,,,0,70,,35776,22,,,0,30,,35777,22,,,0,67,,35752,22,,,0,96,,35748,22,,,0,100,,35750,22,,,0,100,,35749,22,,,0,100,,35751,22,,,0
6019,'1866',653,,35781,22,,,0,70,,35780,22,,,0,28,,35800,22,,,0,70,,35793,22,,,0,30,,35783,22,,,0,70,,35792,22,,,0,30,,35801,22,,,0,72,,35799,22,,,0,30,,35791,22,,,0,70,,35804,22,,,0,30,,35790,22,,,0,70,,35798,22,,,0,30,,35789,22,,,0,70,,35803,22,,,0,30,,35788,22,,,0,70,,35797,22,,,0,30,,35787,22,,,0,70,,35802,22,,,0,30,,35786,22,,,0,70,,35796,22,,,0,30,,35785,22,,,0,70,,35778,22,,,0,30,,35784,22,,,0,70,,35795,22,,,0,30,,35782,22,,,0,68,,35794,22,,,0,101,,35805,10,,,0,100,,35779,10,,,0
6019,'1867',852,,35812,10,,,0,100,,35806,10,,,0,100,,35811,10,,,0,100,,35816,10,,,0,101,,35810,10,,,0,100,,35815,10,,,0,100,,35809,10,,,0,100,,35814,10,,,0,100,,35808,10,,,0,100,,35813,10,,,0,99,,35807,10,,,0,100,,35817,10,,,0
15029,'1800',742,,30405,63,,,0,98,,30401,63,,,0,102,,30402,63,,,0,100,,30403,63,,,0,102,,30404,63,,,0,100,,30400,63,,,0,100,,30397,63,,,0,102,,30398,63,,,0,100,,30399,63,,,0,99,,30396,63,,,0,99,,30393,63,,,0,99,,30394,63,,,0,99,,30395,63,,,0,100,,30392,63,,,0
15029,'1838',742,,36977,63,,,0,98,,36973,63,,,0,102,,36974,63,,,0,100,,36975,63,,,0,102,,36976,63,,,0,100,,36972,63,,,0,100,,36969,63,,,0,102,,36970,63,,,0,100,,36971,63,,,0,99,,36968,63,,,0,99,,36965,63,,,0,99,,36966,63,,,0,99,,36967,63,,,0,100,,36964,63,,,0
15029,'1850',619,,30449,23,,,0,20,,30450,23,,,0,71,,30451,63,,,0,32,,30452,63,,,0,74,,30453,63,,,0,29,,30454,63,,,0,73,,30455,63,,,0,30,,30456,63,,,0,65,,30457,63,,,0,30,,30458,63,,,0,70,,30459,63,,,0,30,,30460,63,,,0,70,,30461,63,,,0,30,,30462,63,,,0,70,,30463,63,,,0,30,,30464,63,,,0,70,,30465,63,,,0,33,,30466,63,,,0,73,,30467,63,,,0,35,,30468,63,,,0,72,,30469,63,,,0,29,,30470,63,,,0,65,,30471,63,,,0,23,,30472,63,,,0,69,,30473,63,,,0,29,,30474,63,,,0,67,,30475,63,,,0,30,,30476,63,,,0,70,,30477,63,,,0,30,,30478,63,,,0,70,,30479,63,,,0,99,,30481,63,,,0,97,,30480,63,,,0
15029,'1859',614,,30422,23,,,0,133,,30423,63,,,0,93,,30424,63,,,0,100,,30425,63,,,0,100,,30426,63,,,0,103,,30427,63,,,0,100,,30428,63,,,0,100,,30429,63,,,0,105,,30430,63,,,0,100,,30431,63,,,0,98,,30432,63,,,0,98,,30433,63,,,0,99,,30434,63,,,0,99,,30420,63,,,0,100,,30421,63,,,0
15029,'1861',742,,30448,63,,,0,98,,30444,63,,,0,102,,30445,63,,,0,100,,30446,63,,,0,102,,30447,63,,,0,100,,30443,63,,,0,100,,30440,63,,,0,102,,30441,63,,,0,100,,30442,63,,,0,99,,30439,63,,,0,99,,30436,63,,,0,99,,30437,63,,,0,99,,30438,63,,,0,100,,30435,63,,,0
15029,'1864',619,,30482,23,,,0,20,,36978,23,,,0,71,,30484,63,,,0,32,,30485,63,,,0,74,,30486,63,,,0,29,,36979,63,,,0,73,,30488,63,,,0,30,,30489,63,,,0,65,,30490,63,,,0,30,,30491,63,,,0,70,,30492,63,,,0,30,,36980,63,,,0,70,,36981,63,,,0,30,,36982,63,,,0,70,,36983,63,,,0,30,,36984,63,,,0,70,,36985,63,,,0,33,,30499,63,,,0,73,,36986,63,,,0,35,,30501,63,,,0,72,,30502,63,,,0,29,,36987,63,,,0,65,,36988,63,,,0,23,,30505,63,,,0,69,,30506,63,,,0,29,,30507,63,,,0,67,,30508,63,,,0,30,,30509,63,,,0,70,,36989,63,,,0,30,,36990,63,,,0,70,,30512,63,,,0,99,,36992,63,,,0,97,,36991,63,,,0
15029,'1865',619,,36993,23,,,0,20,,36994,23,,,0,71,,36995,63,,,0,32,,36996,63,,,0,74,,36997,63,,,0,29,,36998,63,,,0,73,,36999,63,,,0,30,,37000,63,,,0,65,,37001,63,,,0,30,,37002,63,,,0,70,,37003,63,,,0,30,,37004,63,,,0,70,,37005,63,,,0,30,,37006,63,,,0,70,,37007,63,,,0,30,,37008,63,,,0,70,,37009,63,,,0,33,,37010,63,,,0,73,,37011,63,,,0,35,,37012,63,,,0,72,,37013,63,,,0,29,,37014,63,,,0,65,,37015,63,,,0,23,,37016,63,,,0,69,,37017,63,,,0,29,,37018,63,,,0,67,,37019,63,,,0,30,,37020,63,,,0,70,,37021,63,,,0,30,,37022,63,,,0,70,,37023,63,,,0,99,,37025,63,,,0,97,,37024,63,,,0
15029,'1866',614,,37028,23,,,0,133,,37029,63,,,0,93,,37030,63,,,0,100,,37031,63,,,0,100,,37032,63,,,0,103,,37033,63,,,0,100,,37034,63,,,0,100,,37035,63,,,0,105,,37036,63,,,0,100,,37037,63,,,0,98,,37038,63,,,0,98,,37039,63,,,0,99,,37040,63,,,0,99,,37026,63,,,0,100,,37027,63,,,0
15029,'1867',742,,37054,63,,,0,98,,37050,63,,,0,102,,37051,63,,,0,100,,37052,63,,,0,102,,37053,63,,,0,100,,37049,63,,,0,100,,37046,63,,,0,102,,37047,63,,,0,100,,37048,63,,,0,99,,37045,63,,,0,99,,37042,63,,,0,99,,37043,63,,,0,99,,37044,63,,,0,100,,37041,63,,,0
501029,'1800',559,,31976,2,,,0,70,,32005,2,,,0,22,,31993,14,,,0,70,,32004,14,,,0,30,,31992,14,,,0,70,,32003,14,,,0,30,,31991,14,,,0,70,,32006,14,,,0,30,,31994,14,,,0,75,,32002,14,,,0,15,,32022,14,,,0,15,,38761,14,,,0,55,,32026,14,,,0,15,,38764,14,,,0,15,,38774,14,,,0,15,,31984,14,,,0,55,,32015,14,,,0,15,,38765,14,,,0,15,,32018,14,,,0,15,,38759,14,,,0,55,,32021,14,,,0,15,,32001,14,,,0,15,,32024,14,,,0,15,,31979,14,,,0,55,,38775,14,,,0,15,,38768,14,,,0,15,,32014,14,,,0,15,,31981,14,,,0,55,,32017,14,,,0,15,,38766,14,,,0,16,,32020,14,,,0,15,,31977,14,,,0,55,,32025,14,,,0,15,,31997,14,,,0,15,,32027,14,,,0,15,,38760,14,,,0,55,,32013,14,,,0,15,,38767,14,,,0,15,,32016,14,,,0,15,,31980,14,,,0,55,,38773,14,,,0,15,,38770,14,,,0,30,,31990,14,,,0,69,,32012,14,,,0,15,,32023,14,,,0,10,,31989,14,,,0,69,,32008,14,,,0,30,,38763,14,,,0,70,,38771,14,,,0,30,,38762,14,,,0,70,,38772,14,,,0,30,,31986,14,,,0,70,,38769,14,,,0,25,,31985,14,,,0
501029,'1838',559,,38776,2,,,0,70,,38805,2,,,0,22,,38793,14,,,0,70,,38804,14,,,0,30,,38792,14,,,0,70,,38803,14,,,0,30,,38791,14,,,0,70,,38806,14,,,0,30,,38794,14,,,0,75,,38802,14,,,0,15,,38822,14,,,0,15,,38783,14,,,0,55,,38826,14,,,0,15,,38795,14,,,0,15,,38828,14,,,0,15,,38784,14,,,0,55,,38815,14,,,0,15,,38796,14,,,0,15,,38818,14,,,0,15,,38778,14,,,0,55,,38821,14,,,0,15,,38801,14,,,0,15,,38824,14,,,0,15,,38779,14,,,0,55,,38829,14,,,0,15,,38800,14,,,0,15,,38814,14,,,0,15,,38781,14,,,0,55,,38817,14,,,0,15,,38798,14,,,0,16,,38820,14,,,0,15,,38777,14,,,0,55,,38825,14,,,0,15,,38797,14,,,0,15,,38827,14,,,0,15,,38782,14,,,0,55,,38813,14,,,0,15,,38799,14,,,0,15,,38816,14,,,0,15,,38780,14,,,0,55,,38819,14,,,0,15,,38809,14,,,0,30,,38790,14,,,0,69,,38812,14,,,0,15,,38823,14,,,0,10,,38789,14,,,0,69,,38808,14,,,0,30,,38788,14,,,0,70,,38810,14,,,0,30,,38787,14,,,0,70,,38811,14,,,0,30,,38786,14,,,0,70,,38807,14,,,0,25,,38785,14,,,0
501029,'1850',555,,32199,14,,,0,98,,32200,14,,,0,50,,32266,14,,,0,10,,32201,14,,,0,10,,32202,14,,,0,20,,32203,14,,,0,15,,32204,14,,,0,57,,32205,14,,,0,12,,32206,14,,,0,13,,32207,14,,,0,5,,32265,14,,,0,5,,32208,14,,,0,51,,32209,14,,,0,14,,32210,14,,,0,11,,32211,14,,,0,15,,32212,14,,,0,15,,32213,14,,,0,55,,32214,14,,,0,15,,32215,14,,,0,15,,32216,14,,,0,15,,32217,14,,,0,56,,32218,14,,,0,16,,32219,14,,,0,15,,32220,14,,,0,15,,32221,14,,,0,55,,32222,14,,,0,15,,32223,14,,,0,15,,32224,14,,,0,15,,32225,14,,,0,55,,32226,14,,,0,15,,32227,14,,,0,15,,32228,14,,,0,12,,32268,2,,,0,3,,32229,14,,,0,56,,32230,14,,,0,16,,32231,14,,,0,16,,32232,14,,,0,9,,32269,2,,,0,47,,32197,14,,,0,15,,32198,14,,,0,12,,32233,14,,,0,6,,32264,14,,,0,6,,32234,14,,,0,12,,32235,14,,,0,52,,32236,14,,,0,12,,32237,14,,,0,12,,32238,14,,,0,6,,32267,14,,,0,6,,32239,14,,,0,12,,32240,14,,,0,51,,32241,14,,,0,11,,32242,14,,,0,12,,32243,14,,,0,10,,32244,14,,,0,11,,32245,14,,,0,11,,32246,14,,,0,52,,32247,14,,,0,12,,32248,14,,,0,12,,32249,14,,,0,12,,32250,14,,,0,12,,32251,14,,,0,52,,32252,14,,,0,15,,32253,14,,,0,15,,32254,14,,,0,15,,32255,14,,,0,70,,32256,14,,,0,30,,32257,14,,,0,69,,32258,14,,,0,25,,32259,14,,,0,70,,32260,14,,,0,30,,32261,14,,,0,70,,32262,14,,,0,26,,32263,14,,,0
501029,'1859',559,,32095,2,,,0,92,,32094,14,,,0,105,,32093,14,,,0,100,,32092,14,,,0,155,,32084,14,,,0,30,,32096,14,,,0,15,,32109,14,,,0,55,,32118,14,,,0,15,,32135,14,,,0,15,,32127,14,,,0,15,,32110,14,,,0,55,,32119,14,,,0,15,,32136,14,,,0,15,,32128,14,,,0,15,,32111,14,,,0,55,,32120,14,,,0,15,,32137,14,,,0,15,,32129,14,,,0,15,,32112,14,,,0,55,,32121,14,,,0,15,,32138,14,,,0,15,,32130,14,,,0,15,,32113,14,,,0,55,,32122,14,,,0,15,,32139,14,,,0,16,,32131,14,,,0,15,,32114,14,,,0,55,,32123,14,,,0,15,,32140,14,,,0,15,,32132,14,,,0,15,,32115,14,,,0,55,,32124,14,,,0,15,,32117,14,,,0,15,,32133,14,,,0,15,,32116,14,,,0,55,,32125,14,,,0,15,,32106,14,,,0,15,,32108,14,,,0,15,,32090,14,,,0,54,,32126,14,,,0,15,,32107,14,,,0,15,,32142,14,,,0,15,,32089,14,,,0,69,,32104,14,,,0,25,,32088,14,,,0,70,,32105,14,,,0,30,,32087,14,,,0,70,,32103,14,,,0,30,,32086,14,,,0,70,,32102,14,,,0,25,,32085,14,,,0
501029,'1861',559,,32143,2,,,0,70,,32172,2,,,0,22,,32160,14,,,0,70,,32171,14,,,0,30,,32159,14,,,0,70,,32170,14,,,0,30,,32158,14,,,0,70,,32173,14,,,0,30,,32161,14,,,0,75,,32169,14,,,0,15,,32189,14,,,0,70,,32193,14,,,0,45,,32151,14,,,0,55,,32182,14,,,0,30,,32185,14,,,0,70,,32188,14,,,0,15,,32168,14,,,0,15,,32191,14,,,0,15,,32146,14,,,0,85,,32181,14,,,0,15,,32148,14,,,0,55,,32184,14,,,0,31,,32187,14,,,0,15,,32144,14,,,0,55,,32192,14,,,0,15,,32164,14,,,0,15,,32194,14,,,0,70,,32180,14,,,0,30,,32183,14,,,0,15,,32147,14,,,0,100,,32157,14,,,0,69,,32179,14,,,0,15,,32190,14,,,0,10,,32156,14,,,0,69,,32175,14,,,0,230,,32153,14,,,0,95,,32152,14,,,0
501029,'1862',629,,38835,2,,,0,97,,38833,14,,,0,15,,38836,14,,,0,85,,38834,14,,,0,100,,38832,14,,,0,30,,38830,14,,,0,70,,38831,14,,,0
501029,'1863',1056,,38839,14,,,0,70,,38842,14,,,0,15,,38852,14,,,0,85,,38843,14,,,0,30,,38837,14,,,0,155,,38853,14,,,0,15,,38846,14,,,0,100,,38844,14,,,0,131,,38838,14,,,0,70,,38845,14,,,0,85,,38851,14,,,0,15,,38848,14,,,0,223,,38841,14,,,0,70,,38849,14,,,0,30,,38840,14,,,0,70,,38850,14,,,0,100,,38847,14,,,0
501029,'1864',555,,32272,14,,,0,98,,32273,14,,,0,50,,32339,14,,,0,10,,38855,14,,,0,10,,32275,14,,,0,20,,32276,14,,,0,15,,32277,14,,,0,57,,32278,14,,,0,12,,38856,14,,,0,13,,32280,14,,,0,5,,32338,14,,,0,5,,32281,14,,,0,51,,32282,14,,,0,14,,32283,14,,,0,11,,32284,14,,,0,15,,32285,14,,,0,15,,32286,14,,,0,55,,38857,14,,,0,15,,32288,14,,,0,15,,32289,14,,,0,15,,32290,14,,,0,56,,32291,14,,,0,16,,32292,14,,,0,15,,38858,14,,,0,15,,32294,14,,,0,55,,32295,14,,,0,15,,32296,14,,,0,15,,32297,14,,,0,15,,38859,14,,,0,55,,32299,14,,,0,15,,32300,14,,,0,15,,32301,14,,,0,12,,38890,2,,,0,3,,32302,14,,,0,56,,38860,14,,,0,16,,32304,14,,,0,16,,32305,14,,,0,9,,38891,2,,,0,47,,38854,14,,,0,15,,32271,14,,,0,12,,38861,14,,,0,6,,38888,14,,,0,6,,38862,14,,,0,12,,38863,14,,,0,52,,38864,14,,,0,12,,38865,14,,,0,12,,38866,14,,,0,6,,38889,14,,,0,6,,38867,14,,,0,12,,38868,14,,,0,51,,32314,14,,,0,11,,38869,14,,,0,12,,32316,14,,,0,10,,38870,14,,,0,11,,38871,14,,,0,11,,38872,14,,,0,52,,38873,14,,,0,12,,38874,14,,,0,12,,32322,14,,,0,12,,38875,14,,,0,12,,32324,14,,,0,52,,38876,14,,,0,15,,38877,14,,,0,15,,38878,14,,,0,15,,38879,14,,,0,70,,38880,14,,,0,30,,38881,14,,,0,69,,38882,14,,,0,25,,38883,14,,,0,70,,38884,14,,,0,30,,38885,14,,,0,70,,38886,14,,,0,26,,38887,14,,,0
501029,'1865',555,,38894,14,,,0,98,,38895,14,,,0,50,,38961,14,,,0,10,,38896,14,,,0,10,,38897,14,,,0,20,,38898,14,,,0,15,,38899,14,,,0,57,,38900,14,,,0,12,,38901,14,,,0,13,,38902,14,,,0,5,,38960,14,,,0,5,,38903,14,,,0,51,,38904,14,,,0,14,,38905,14,,,0,11,,38906,14,,,0,15,,38907,14,,,0,15,,38908,14,,,0,55,,38909,14,,,0,15,,38910,14,,,0,15,,38911,14,,,0,15,,38912,14,,,0,56,,38913,14,,,0,16,,38914,14,,,0,15,,38915,14,,,0,15,,38916,14,,,0,55,,38917,14,,,0,15,,38918,14,,,0,15,,38919,14,,,0,15,,38920,14,,,0,55,,38921,14,,,0,15,,38922,14,,,0,15,,38923,14,,,0,12,,38963,2,,,0,3,,38924,14,,,0,56,,38925,14,,,0,16,,38926,14,,,0,16,,38927,14,,,0,9,,38964,2,,,0,47,,38892,14,,,0,15,,38893,14,,,0,12,,38928,14,,,0,6,,38959,14,,,0,6,,38929,14,,,0,12,,38930,14,,,0,52,,38931,14,,,0,12,,38932,14,,,0,12,,38933,14,,,0,6,,38962,14,,,0,6,,38934,14,,,0,12,,38935,14,,,0,51,,38936,14,,,0,11,,38937,14,,,0,12,,38938,14,,,0,10,,38939,14,,,0,11,,38940,14,,,0,11,,38941,14,,,0,52,,38942,14,,,0,12,,38943,14,,,0,12,,38944,14,,,0,12,,38945,14,,,0,12,,38946,14,,,0,52,,38947,14,,,0,15,,38948,14,,,0,15,,38949,14,,,0,15,,38950,14,,,0,70,,38951,14,,,0,30,,38952,14,,,0,69,,38953,14,,,0,25,,38954,14,,,0,70,,38955,14,,,0,30,,38956,14,,,0,70,,38957,14,,,0,26,,38958,14,,,0
501029,'1866',559,,38976,2,,,0,70,,38982,2,,,0,22,,38975,14,,,0,75,,38980,14,,,0,15,,39015,14,,,0,15,,38974,14,,,0,70,,38981,14,,,0,30,,38973,14,,,0,70,,38979,14,,,0,30,,38972,14,,,0,55,,38965,14,,,0,15,,38978,14,,,0,15,,38977,14,,,0,15,,38990,14,,,0,55,,38999,14,,,0,15,,39016,14,,,0,15,,39008,14,,,0,15,,38991,14,,,0,55,,39000,14,,,0,15,,39017,14,,,0,15,,39009,14,,,0,15,,38992,14,,,0,55,,39001,14,,,0,15,,39018,14,,,0,15,,39010,14,,,0,15,,38993,14,,,0,55,,39002,14,,,0,15,,39019,14,,,0,15,,39011,14,,,0,15,,38994,14,,,0,55,,39003,14,,,0,15,,39020,14,,,0,16,,39012,14,,,0,15,,38995,14,,,0,55,,39004,14,,,0,15,,39021,14,,,0,15,,39013,14,,,0,15,,38996,14,,,0,55,,39005,14,,,0,15,,38998,14,,,0,15,,39014,14,,,0,15,,38997,14,,,0,55,,39006,14,,,0,15,,38987,14,,,0,15,,38989,14,,,0,15,,38971,14,,,0,54,,39007,14,,,0,15,,38988,14,,,0,15,,39023,14,,,0,15,,38970,14,,,0,69,,38985,14,,,0,25,,38969,14,,,0,70,,38986,14,,,0,30,,38968,14,,,0,70,,38984,14,,,0,30,,38967,14,,,0,70,,38983,14,,,0,25,,38966,14,,,0
501029,'1867',559,,39024,2,,,0,70,,39053,2,,,0,22,,39041,14,,,0,70,,39052,14,,,0,30,,39040,14,,,0,70,,39051,14,,,0,30,,39039,14,,,0,70,,39054,14,,,0,30,,39042,14,,,0,75,,39050,14,,,0,15,,39070,14,,,0,15,,39031,14,,,0,55,,39074,14,,,0,15,,39043,14,,,0,15,,39076,14,,,0,15,,39032,14,,,0,55,,39063,14,,,0,15,,39044,14,,,0,15,,39066,14,,,0,15,,39026,14,,,0,55,,39069,14,,,0,15,,39049,14,,,0,15,,39072,14,,,0,15,,39027,14,,,0,55,,39077,14,,,0,15,,39048,14,,,0,15,,39062,14,,,0,15,,39029,14,,,0,55,,39065,14,,,0,15,,39046,14,,,0,16,,39068,14,,,0,15,,39025,14,,,0,55,,39073,14,,,0,15,,39045,14,,,0,15,,39075,14,,,0,15,,39030,14,,,0,55,,39061,14,,,0,15,,39047,14,,,0,15,,39064,14,,,0,15,,39028,14,,,0,55,,39067,14,,,0,15,,39057,14,,,0,30,,39038,14,,,0,69,,39060,14,,,0,15,,39071,14,,,0,10,,39037,14,,,0,69,,39056,14,,,0,30,,39036,14,,,0,70,,39058,14,,,0,30,,39035,14,,,0,70,,39059,14,,,0,30,,39034,14,,,0,70,,39055,14,,,0,25,,39033,14,,,0
