15029,'1838',708,,36977,14,,,0,98,,45082,14,,,0,100,,36974,14,,,0,100,,36975,14,,,0,101,,45083,14,,,0,100,,36972,14,,,0,100,,36969,14,,,0,102,,45081,14,,,0,100,,36971,14,,,0,100,,36968,14,,,0,99,,45080,14,,,0,99,,36966,14,,,0,100,,36967,14,,,0,100,,45079,14,,,0
15029,'1865',634,,36995,14,,,0,69,,36996,14,,,0,31,,36997,14,,,0,71,,45086,14,,,0,35,,36999,14,,,0,70,,37000,14,,,0,25,,37001,14,,,0,70,,37002,14,,,0,30,,37003,14,,,0,70,,45087,14,,,0,30,,45088,14,,,0,70,,42575,14,,,0,30,,45089,14,,,0,70,,45090,14,,,0,30,,42576,14,,,0,70,,37010,14,,,0,31,,45091,14,,,0,75,,37012,14,,,0,32,,37013,14,,,0,70,,45092,14,,,0,29,,45093,14,,,0,65,,37016,14,,,0,29,,37017,14,,,0,69,,37018,14,,,0,27,,45094,14,,,0,70,,37020,14,,,0,30,,45095,14,,,0,70,,45096,14,,,0,30,,37023,14,,,0,100,,45098,14,,,0,97,,45097,14,,,0
15029,'1866',713,,37029,14,,,0,93,,37030,14,,,0,100,,45100,14,,,0,100,,37032,14,,,0,101,,37033,14,,,0,100,,45101,14,,,0,100,,37035,14,,,0,103,,37036,14,,,0,100,,45102,14,,,0,100,,37038,14,,,0,98,,37039,14,,,0,99,,45103,14,,,0,100,,37026,14,,,0,100,,37027,14,,,0
15029,'1867',708,,37054,14,,,0,98,,45107,14,,,0,100,,37051,14,,,0,100,,37052,14,,,0,101,,45108,14,,,0,100,,37049,14,,,0,100,,37046,14,,,0,102,,45106,14,,,0,100,,37048,14,,,0,100,,37045,14,,,0,99,,45105,14,,,0,99,,37043,14,,,0,100,,37044,14,,,0,100,,45104,14,,,0
15029,'1873',713,,30423,14,,,0,93,,30424,14,,,0,200,,30426,14,,,0,101,,30427,14,,,0,200,,30429,14,,,0,103,,30430,14,,,0,200,,30432,14,,,0,98,,30433,14,,,0,199,,30420,14,,,0,100,,30421,14,,,0
15029,'1878',708,,30448,14,,,0,198,,30445,14,,,0,100,,30446,14,,,0,201,,30443,14,,,0,100,,30440,14,,,0,202,,30442,14,,,0,100,,30439,14,,,0,198,,30437,14,,,0,100,,30438,14,,,0
15029,'1881',805,,36979,14,,,0,300,,36980,14,,,0,30,,36981,14,,,0,100,,36983,14,,,0,70,,36984,14,,,0,131,,36986,14,,,0,177,,36987,14,,,0,29,,36988,14,,,0,190,,30508,14,,,0,100,,36989,14,,,0,70,,42580,14,,,0,130,,36992,14,,,0,97,,36991,14,,,0
15029,'1882',634,,30484,14,,,0,69,,30485,14,,,0,31,,30486,14,,,0,106,,30488,14,,,0,70,,30489,14,,,0,25,,30490,14,,,0,70,,30491,14,,,0,30,,30492,14,,,0,170,,42578,14,,,0,130,,42579,14,,,0,70,,30499,14,,,0,106,,30501,14,,,0,32,,30502,14,,,0,164,,30505,14,,,0,29,,30506,14,,,0,69,,30507,14,,,0,97,,30509,14,,,0,130,,30512,14,,,0
15029,'1886',805,,45111,14,,,0,300,,45112,14,,,0,30,,45113,14,,,0,100,,45114,14,,,0,70,,45115,14,,,0,131,,45116,14,,,0,177,,45117,14,,,0,29,,45118,14,,,0,190,,45119,14,,,0,100,,45120,14,,,0,70,,45121,14,,,0,130,,45123,14,,,0,97,,45122,14,,,0
15029,'1887',906,,45125,14,,,0,301,,45126,14,,,0,303,,45127,14,,,0,297,,45128,14,,,0
15029,'1888',806,,45132,14,,,0,301,,45133,14,,,0,302,,45131,14,,,0,299,,45130,14,,,0,299,,45129,14,,,0
