22029,'1838',705,,45559,3,0,19 2 20 21,0,97,,45551,3,,,0,100,,43199,3,,,0,100,,45552,3,,,0,100,,45553,3,,,0,100,,45554,3,,,0,100,,45555,3,,,0,100,,45556,3,,,0,100,,45557,3,,,0,100,,43206,3,,,0,100,,45558,3,,,0,100,,43212,3,0,19 2 20 21,0,100,,43208,3,0,19 2 20 21,0,100,,43210,3,0,19 2 20 21,0,100,,43211,3,0,19 2 20 21,0,205,,38031,3,0,19 2 20 21,0,30,,38030,3,0,19 2 20 21,0
22029,'1865',637,,43214,3,0,19 2 20 21,0,70,,43215,3,0,19 2 20 21,0,30,,43216,3,0,19 2 20 21,0,73,,43217,3,0,19 2 20 21,0,30,,43218,3,0,19 2 20 21,0,70,,45561,3,,,0,29,,43220,3,,,0,70,,43225,3,,,0,30,,45562,3,,,0,70,,43226,3,,,0,30,,43222,3,,,0,70,,45560,3,,,0,30,,43223,3,,,0,70,,43224,3,,,0,31,,43227,3,,,0,70,,43228,3,,,0,30,,43229,3,,,0,70,,45563,3,,,0,30,,43231,3,,,0,70,,43232,3,,,0,30,,43233,3,,,0,69,,43234,3,,,0,30,,43235,3,,,0,70,,45564,3,,,0,28,,43237,3,,,0,70,,43238,3,,,0,30,,43239,3,,,0,65,,43240,3,,,0,30,,45565,3,,,0,70,,43242,3,,,0,30,,43243,3,0,19 2 20 21,0,170,,38141,3,0,19 2 20 21,0,35,,38142,3,0,19 2 20 21,0
22029,'1866',605,,43268,3,0,19 2 20 21,0,30,,43262,3,0,19 2 20 21,0,67,,43269,3,0,19 2 20 21,0,30,,43263,3,0,19 2 20 21,0,70,,43270,3,0,19 2 20 21,0,30,,43244,3,,,0,70,,43245,3,,,0,30,,43246,3,,,0,70,,43247,3,,,0,30,,43248,3,,,0,70,,43249,3,,,0,30,,43250,3,,,0,70,,43251,3,,,0,30,,43252,3,,,0,70,,43253,3,,,0,31,,43254,3,,,0,69,,43255,3,,,0,31,,43256,3,,,0,70,,43257,3,,,0,30,,43258,3,,,0,70,,43259,3,,,0,30,,43260,3,,,0,69,,43261,3,,,0,31,,43264,3,0,19 2 20 21,0,69,,43271,3,0,19 2 20 21,0,30,,43265,3,0,19 2 20 21,0,70,,43272,3,0,19 2 20 21,0,30,,43266,3,0,19 2 20 21,0,70,,43273,3,0,19 2 20 21,0,30,,43267,3,0,19 2 20 21,0,27,,43274,3,0,19 2 20 21,0,73,,43275,3,0,19 2 20 21,0,175,,38176,3,0,19 2 20 21,0,30,,38175,3,0,19 2 20 21,0
22029,'1867',705,,45574,3,0,19 2 20 21,0,97,,45566,3,,,0,100,,43277,3,,,0,100,,45567,3,,,0,100,,45568,3,,,0,100,,45569,3,,,0,100,,45570,3,,,0,100,,45571,3,,,0,100,,45572,3,,,0,100,,43284,3,,,0,100,,45573,3,,,0,100,,43290,3,0,19 2 20 21,0,100,,43286,3,0,19 2 20 21,0,100,,43288,3,0,19 2 20 21,0,100,,43289,3,0,19 2 20 21,0,205,,38193,3,0,19 2 20 21,0,30,,38192,3,0,19 2 20 21,0
22029,'1873',605,,43346,3,0,19 2 20 21,0,30,,43340,3,0,19 2 20 21,0,67,,43347,3,0,19 2 20 21,0,30,,43341,3,0,19 2 20 21,0,70,,43348,3,0,19 2 20 21,0,30,,43322,3,,,0,70,,43323,3,,,0,30,,43324,3,,,0,70,,43325,3,,,0,30,,43326,3,,,0,70,,43327,3,,,0,30,,43328,3,,,0,70,,43329,3,,,0,30,,43330,3,,,0,70,,43331,3,,,0,31,,43332,3,,,0,69,,43333,3,,,0,31,,43334,3,,,0,70,,43335,3,,,0,30,,43336,3,,,0,70,,43337,3,,,0,30,,43338,3,,,0,69,,43339,3,,,0,31,,43342,3,0,19 2 20 21,0,69,,43349,3,0,19 2 20 21,0,30,,43343,3,0,19 2 20 21,0,70,,43350,3,0,19 2 20 21,0,30,,43344,3,0,19 2 20 21,0,70,,43351,3,0,19 2 20 21,0,30,,43345,3,0,19 2 20 21,0,27,,43352,3,0,19 2 20 21,0,73,,43353,3,0,19 2 20 21,0,175,,21855,3,0,19 2 20 21,0,30,,21854,3,0,19 2 20 21,0
22029,'1878',902,,43355,3,,,0,700,,43362,3,,,0,200,,43368,3,0,19 2 20 21,0,100,,43364,3,0,19 2 20 21,0,100,,43366,3,0,19 2 20 21,0,100,,43367,3,0,19 2 20 21,0,205,,21872,3,0,19 2 20 21,0,30,,21871,3,0,19 2 20 21,0
22029,'1881',910,,43297,3,,,0,129,,43299,3,,,0,170,,43291,3,,,0,301,,43308,3,,,0,299,,43314,3,,,0,223,,43319,3,,,0
22029,'1882',637,,43292,3,0,19 2 20 21,0,70,,43293,3,0,19 2 20 21,0,30,,43294,3,0,19 2 20 21,0,73,,43295,3,0,19 2 20 21,0,30,,43296,3,0,19 2 20 21,0,99,,43298,3,,,0,70,,43303,3,,,0,100,,43304,3,,,0,30,,43300,3,,,0,100,,43301,3,,,0,70,,43302,3,,,0,31,,43305,3,,,0,70,,43306,3,,,0,30,,43307,3,,,0,100,,43309,3,,,0,70,,43310,3,,,0,30,,43311,3,,,0,69,,43312,3,,,0,30,,43313,3,,,0,98,,43315,3,,,0,70,,43316,3,,,0,30,,43317,3,,,0,65,,43318,3,,,0,100,,43320,3,,,0,30,,43321,3,0,19 2 20 21,0,170,,21820,3,0,19 2 20 21,0,35,,21821,3,0,19 2 20 21,0
22029,'1886',910,,45576,3,,,0,129,,45577,3,,,0,170,,45575,3,,,0,301,,45578,3,,,0,299,,45579,3,,,0,223,,45580,3,,,0
22029,'1888',705,,45589,3,0,19 2 20 21,0,97,,45581,3,,,0,200,,45582,3,,,0,100,,45583,3,,,0,100,,45584,3,,,0,100,,45585,3,,,0,100,,45586,3,,,0,100,,45587,3,,,0,200,,45588,3,,,0
601019,'1838',612,,39578,3,,,0,30,,39581,3,,,0,70,,39605,3,,,0,30,,39590,3,,,0,70,,39608,3,,,0,30,,39576,3,,,0,70,,39583,3,,,0,30,,39603,3,,,0,70,,39606,3,,,0,30,,39577,3,,,0,70,,39589,3,,,0,30,,39607,3,,,0,70,,39602,3,,,0,30,,39580,3,,,0,70,,39592,3,,,0,30,,39598,3,,,0,70,,39595,3,,,0,30,,39585,3,,,0,70,,39584,3,,,0,30,,39579,3,,,0,70,,39599,3,,,0,30,,39588,3,,,0,70,,39601,3,,,0,30,,39597,3,,,0,70,,39582,3,,,0,30,,39604,3,,,0,70,,39596,3,,,0,30,,39610,3,,,0,70,,39593,3,,,0,30,,39609,3,,,0,70,,39586,3,,,0,30,,39587,3,,,0,70,,39594,3,,,0,30,,39591,3,,,0
601019,'1865',609,,39644,3,,,0,20,,39636,3,,,0,15,,43677,3,0,19 2 11 2 22 1 23,0,13,,39631,3,0,19 2 11 2 22 1 23,0,52,,46637,3,0,19 2 11 2 22 1 23,0,15,,39646,3,0,19 2 11 2 22 1 23,0,16,,43678,3,0,19 2 11 2 22 1 23,0,15,,39630,3,0,19 2 11 2 22 1 23,0,55,,46636,3,0,19 2 11 2 22 1 23,0,15,,39645,3,0,19 2 11 2 22 1 23,0,24,,39656,3,,,0,70,,39661,3,,,0,30,,39662,3,,,0,70,,39659,3,,,0,30,,39657,3,,,0,70,,39663,3,,,0,30,,39665,3,,,0,70,,39660,3,,,0,30,,39658,3,,,0,70,,39666,3,,,0,30,,39664,3,,,0,60,,39624,3,,,0,15,,39653,3,0,19 2 11 2 22 1 23,0,15,,39641,3,0,19 2 11 2 22 1 23,0,15,,39649,3,0,19 2 11 2 22 1 23,0,55,,39637,3,0,19 2 11 2 22 1 23,0,15,,39650,3,0,19 2 11 2 22 1 23,0,15,,39640,3,0,19 2 11 2 22 1 23,0,15,,39647,3,0,19 2 11 2 22 1 23,0,55,,39642,3,0,19 2 11 2 22 1 23,0,15,,39648,3,0,19 2 11 2 22 1 23,0,15,,39634,3,0,19 2 11 2 22 1 23,0,15,,39651,3,0,19 2 11 2 22 1 23,0,55,,39629,3,0,19 2 11 2 22 1 23,0,15,,39654,3,0,19 2 11 2 22 1 23,0,15,,39633,3,0,19 2 11 2 22 1 23,0,15,,39652,3,0,19 2 11 2 22 1 23,0,55,,39618,3,,,0,30,,39619,3,,,0,15,,39627,3,,,0,55,,39625,3,,,0,30,,39622,3,,,0,70,,39623,3,,,0,30,,39617,3,,,0,70,,39620,3,,,0,30,,39616,3,,,0,70,,39621,3,,,0,33,,39626,3,,,0
601019,'1866',612,,39683,3,,,0,30,,39701,3,,,0,70,,39682,3,,,0,30,,39700,3,,,0,70,,39681,3,,,0,30,,39699,3,,,0,70,,39680,3,,,0,30,,39698,3,,,0,70,,39678,3,,,0,30,,39696,3,,,0,70,,39679,3,,,0,30,,39697,3,,,0,70,,39677,3,,,0,30,,39695,3,,,0,70,,39668,3,,,0,30,,39694,3,,,0,70,,39676,3,,,0,30,,39693,3,,,0,70,,39674,3,,,0,30,,39692,3,,,0,70,,39669,3,,,0,30,,39690,3,,,0,70,,39671,3,,,0,30,,39691,3,,,0,70,,39675,3,,,0,30,,39689,3,,,0,70,,39670,3,,,0,30,,39688,3,,,0,70,,39673,3,,,0,30,,39687,3,,,0,70,,39672,3,,,0,30,,39686,3,,,0,70,,39667,3,,,0,30,,39685,3,,,0
601019,'1867',2242,,39702,3,,,0
601019,'1873',612,,23300,3,,,0,30,,23318,3,,,0,70,,23299,3,,,0,30,,23317,3,,,0,70,,23298,3,,,0,30,,23316,3,,,0,70,,23297,3,,,0,30,,23315,3,,,0,70,,23295,3,,,0,30,,23313,3,,,0,70,,23296,3,,,0,30,,23314,3,,,0,70,,23294,3,,,0,30,,23312,3,,,0,70,,23285,3,,,0,30,,23311,3,,,0,70,,23293,3,,,0,30,,23310,3,,,0,70,,23291,3,,,0,30,,23309,3,,,0,70,,23286,3,,,0,30,,23307,3,,,0,70,,23288,3,,,0,30,,23308,3,,,0,70,,23292,3,,,0,30,,23306,3,,,0,70,,23287,3,,,0,30,,23305,3,,,0,70,,23290,3,,,0,30,,23304,3,,,0,70,,23289,3,,,0,30,,23303,3,,,0,70,,23284,3,,,0,30,,23302,3,,,0
601019,'1878',2242,,23319,3,,,0
601019,'1881',709,,43681,3,0,19 2 11 2 22 1 23,0,101,,43680,3,0,19 2 11 2 22 1 23,0
601019,'1882',609,,32973,3,,,0,20,,23253,3,,,0,15,,43682,3,0,19 2 11 2 22 1 23,0,13,,32967,3,0,19 2 11 2 22 1 23,0,67,,23263,3,0,19 2 11 2 22 1 23,0,16,,43683,3,0,19 2 11 2 22 1 23,0,15,,32966,3,0,19 2 11 2 22 1 23,0,70,,23262,3,0,19 2 11 2 22 1 23,0,24,,32978,3,,,0,70,,23278,3,,,0,30,,32981,3,,,0,70,,23276,3,,,0,30,,32979,3,,,0,70,,23280,3,,,0,30,,32983,3,,,0,70,,23277,3,,,0,30,,32980,3,,,0,70,,23283,3,,,0,30,,32982,3,,,0,60,,23241,3,,,0,15,,23270,3,0,19 2 11 2 22 1 23,0,15,,23258,3,0,19 2 11 2 22 1 23,0,15,,32975,3,0,19 2 11 2 22 1 23,0,55,,23254,3,0,19 2 11 2 22 1 23,0,15,,23267,3,0,19 2 11 2 22 1 23,0,15,,23257,3,0,19 2 11 2 22 1 23,0,15,,32974,3,0,19 2 11 2 22 1 23,0,55,,23259,3,0,19 2 11 2 22 1 23,0,15,,23265,3,0,19 2 11 2 22 1 23,0,15,,23251,3,0,19 2 11 2 22 1 23,0,15,,32976,3,0,19 2 11 2 22 1 23,0,55,,23246,3,0,19 2 11 2 22 1 23,0,15,,23271,3,0,19 2 11 2 22 1 23,0,15,,23250,3,0,19 2 11 2 22 1 23,0,15,,32977,3,0,19 2 11 2 22 1 23,0,55,,23235,3,,,0,30,,23236,3,,,0,15,,32965,3,,,0,55,,23242,3,,,0,30,,23239,3,,,0,70,,23240,3,,,0,30,,23234,3,,,0,70,,23237,3,,,0,30,,23233,3,,,0,70,,23238,3,,,0,33,,23243,3,,,0
601019,'1886',709,,46639,3,0,19 2 11 2 22 1 23,0,101,,46638,3,0,19 2 11 2 22 1 23,0
