15029,'1838',729,,36977,40,,,0,98,,45082,40,,,0,100,,36974,40,,,0,100,,36975,40,,,0,101,,45083,40,,,0,100,,36972,40,,,0,100,,36969,40,,,0,102,,45081,40,,,0,100,,36971,40,,,0,100,,36968,40,,,0,99,,45080,40,,,0,99,,36966,40,,,0,100,,36967,40,,,0,100,,45079,40,,,0
15029,'1865',655,,36995,40,,,0,69,,36996,40,,,0,34,,36997,40,,,0,71,,45086,40,,,0,73,,36999,40,,,0,30,,37000,40,,,0,25,,37001,40,,,0,70,,37002,40,,,0,30,,37003,40,,,0,70,,45087,40,,,0,30,,45088,40,,,0,70,,42575,40,,,0,30,,45089,40,,,0,70,,45090,40,,,0,30,,42576,40,,,0,70,,37010,40,,,0,73,,45091,40,,,0,35,,37012,40,,,0,72,,37013,40,,,0,30,,45092,40,,,0,68,,45093,40,,,0,23,,37016,40,,,0,29,,37017,40,,,0,69,,37018,40,,,0,27,,45094,40,,,0,70,,37020,40,,,0,30,,45095,40,,,0,70,,45096,40,,,0,30,,37023,40,,,0,100,,45098,40,,,0,97,,45097,40,,,0
15029,'1866',734,,37029,40,,,0,93,,37030,40,,,0,100,,45100,40,,,0,100,,37032,40,,,0,101,,37033,40,,,0,100,,45101,40,,,0,100,,37035,40,,,0,104,,37036,40,,,0,100,,45102,40,,,0,99,,37038,40,,,0,98,,37039,40,,,0,99,,45103,40,,,0,100,,37026,40,,,0,100,,37027,40,,,0
15029,'1867',729,,37054,40,,,0,98,,45107,40,,,0,100,,37051,40,,,0,100,,37052,40,,,0,101,,45108,40,,,0,100,,37049,40,,,0,100,,37046,40,,,0,102,,45106,40,,,0,100,,37048,40,,,0,100,,37045,40,,,0,99,,45105,40,,,0,99,,37043,40,,,0,100,,37044,40,,,0,100,,45104,40,,,0
15029,'1873',734,,30423,40,,,0,93,,30424,40,,,0,200,,30426,40,,,0,101,,30427,40,,,0,200,,30429,40,,,0,104,,30430,40,,,0,199,,30432,40,,,0,98,,30433,40,,,0,199,,30420,40,,,0,100,,30421,40,,,0
15029,'1878',729,,30448,40,,,0,198,,30445,40,,,0,100,,30446,40,,,0,201,,30443,40,,,0,100,,30440,40,,,0,202,,30442,40,,,0,100,,30439,40,,,0,198,,30437,40,,,0,100,,30438,40,,,0
15029,'1881',829,,36979,40,,,0,298,,36980,40,,,0,30,,36981,40,,,0,100,,36983,40,,,0,70,,36984,40,,,0,173,,36986,40,,,0,137,,36987,40,,,0,68,,36988,40,,,0,148,,30508,40,,,0,100,,36989,40,,,0,70,,42580,40,,,0,130,,36992,40,,,0,97,,36991,40,,,0
15029,'1882',655,,30484,40,,,0,69,,30485,40,,,0,34,,30486,40,,,0,144,,30488,40,,,0,30,,30489,40,,,0,25,,30490,40,,,0,70,,30491,40,,,0,30,,30492,40,,,0,170,,42578,40,,,0,130,,42579,40,,,0,70,,30499,40,,,0,108,,30501,40,,,0,72,,30502,40,,,0,121,,30505,40,,,0,29,,30506,40,,,0,69,,30507,40,,,0,97,,30509,40,,,0,130,,30512,40,,,0
15029,'1886',829,,45111,40,,,0,298,,45112,40,,,0,30,,45113,40,,,0,100,,45114,40,,,0,70,,45115,40,,,0,173,,45116,40,,,0,137,,45117,40,,,0,68,,45118,40,,,0,148,,45119,40,,,0,100,,45120,40,,,0,70,,45121,40,,,0,130,,45123,40,,,0,97,,45122,40,,,0
15029,'1887',927,,45125,40,,,0,301,,45126,40,,,0,304,,45127,40,,,0,296,,45128,40,,,0
15029,'1888',827,,45132,40,,,0,301,,45133,40,,,0,302,,45131,40,,,0,299,,45130,40,,,0,299,,45129,40,,,0
