1019,'1838',615,,34814,17,,,0,100,,34815,17,,,0,101,,34816,17,,,0,100,,34817,17,,,0,100,,34818,17,,,0,100,,34819,17,,,0,100,,34820,17,,,0,100,,34821,17,,,0,100,,34822,17,,,0,100,,34823,17,,,0,100,,34824,17,,,0,100,,34825,17,,,0,100,,34826,17,,,0,100,,34827,17,,,0,100,,34828,17,,,0,100,,34829,17,,,0,104,5,34830,17,,,0,95,,34831,17,,,0
1019,'1865',545,,42047,17,,,0,70,,42070,17,,,0,30,,42045,17,,,0,70,,43974,17,,,0,31,,42059,17,,,0,71,,42042,17,,,0,30,,43975,17,,,0,70,,42073,17,,,0,30,,42044,17,,,0,70,,42038,17,,,0,31,,42058,17,,,0,70,,42043,17,,,0,30,,43976,17,,,0,70,,42069,17,,,0,30,,42046,17,,,0,70,,43973,17,,,0,30,,42071,17,,,0,70,,42041,17,,,0,30,,43977,17,,,0,70,,42068,17,,,0,29,,42061,17,,,0,70,,42053,17,,,0,30,,42051,17,,,0,70,,42054,17,,,0,30,,43978,17,,,0,70,,42055,17,,,0,29,,42052,17,,,0,70,,42072,17,,,0,30,,42066,17,,,0,70,,42067,17,,,0,30,,42065,17,,,0,70,,42064,17,,,0,34,5,42063,17,,,0,70,5,42062,17,,,0,30,5,42060,17,,,0,65,,42057,17,,,0
1019,'1866',545,,34914,17,,,0,70,,34928,17,,,0,30,,34913,17,,,0,70,,34933,17,,,0,31,,34923,17,,,0,70,,34907,17,,,0,30,,34929,17,,,0,70,,34931,17,,,0,30,,34912,17,,,0,70,,34934,17,,,0,30,,34922,17,,,0,70,,34906,17,,,0,30,,34917,17,,,0,70,,34927,17,,,0,30,,34911,17,,,0,70,,34935,17,,,0,30,,34921,17,,,0,70,,34905,17,,,0,30,,34916,17,,,0,70,,34926,17,,,0,30,,34910,17,,,0,70,,34936,17,,,0,30,,34920,17,,,0,70,,34904,17,,,0,30,,34915,17,,,0,70,,34925,17,,,0,30,,34908,17,,,0,70,,34937,17,,,0,30,,34918,17,,,0,70,,34903,17,,,0,30,,34909,17,,,0,70,,34924,17,,,0,34,5,34919,17,,,0,70,5,34938,17,,,0,30,5,34932,17,,,0,65,,34930,17,,,0
1019,'1867',615,,34939,17,,,0,100,,34940,17,,,0,101,,34941,17,,,0,100,,34942,17,,,0,100,,34943,17,,,0,100,,34944,17,,,0,100,,34945,17,,,0,100,,34946,17,,,0,100,,34947,17,,,0,100,,34948,17,,,0,100,,34949,17,,,0,100,,34950,17,,,0,100,,34951,17,,,0,100,,34952,17,,,0,100,,34953,17,,,0,100,,34954,17,,,0,104,5,34955,17,,,0,95,,34956,17,,,0
1019,'1873',545,,28342,17,,,0,70,,28356,17,,,0,30,,28341,17,,,0,70,,28361,17,,,0,31,,28351,17,,,0,70,,28335,17,,,0,30,,28357,17,,,0,70,,28359,17,,,0,30,,28340,17,,,0,70,,28362,17,,,0,30,,28350,17,,,0,70,,28334,17,,,0,30,,28345,17,,,0,70,,28355,17,,,0,30,,28339,17,,,0,70,,28363,17,,,0,30,,28349,17,,,0,70,,28333,17,,,0,30,,28344,17,,,0,70,,28354,17,,,0,30,,28338,17,,,0,70,,28364,17,,,0,30,,28348,17,,,0,70,,28332,17,,,0,30,,28343,17,,,0,70,,28353,17,,,0,30,,28336,17,,,0,70,,28365,17,,,0,30,,28346,17,,,0,70,,28331,17,,,0,30,,28337,17,,,0,70,,28352,17,,,0,34,5,28347,17,,,0,70,5,28366,17,,,0,30,5,28360,17,,,0,65,,28358,17,,,0
1019,'1878',615,,28367,17,,,0,100,,28368,17,,,0,101,,28369,17,,,0,100,,28370,17,,,0,100,,28371,17,,,0,100,,28372,17,,,0,100,,28373,17,,,0,100,,28374,17,,,0,100,,28375,17,,,0,100,,28376,17,,,0,100,,28377,17,,,0,100,,28378,17,,,0,100,,28379,17,,,0,100,,28380,17,,,0,100,,28381,17,,,0,100,,28382,17,,,0,104,5,28383,17,,,0,95,,28384,17,,,0
1019,'1881',715,,42076,17,,,0,132,,42084,17,,,0,301,,42085,17,,,0,170,,42075,17,,,0,130,,42086,17,,,0,299,,42092,17,,,0
1019,'1882',545,,42083,17,,,0,70,,42106,17,,,0,30,,42081,17,,,0,101,,42095,17,,,0,71,,42078,17,,,0,100,,42109,17,,,0,30,,42080,17,,,0,70,,42074,17,,,0,31,,42094,17,,,0,70,,42079,17,,,0,100,,42105,17,,,0,30,,42082,17,,,0,100,,42107,17,,,0,70,,42077,17,,,0,100,,42104,17,,,0,29,,42097,17,,,0,70,,42089,17,,,0,30,,42087,17,,,0,70,,42090,17,,,0,100,,42091,17,,,0,29,,42088,17,,,0,70,,42108,17,,,0,30,,42102,17,,,0,70,,42103,17,,,0,30,,42101,17,,,0,70,,42100,17,,,0,34,5,42099,17,,,0,70,5,42098,17,,,0,30,5,42096,17,,,0,65,,42093,17,,,0
1019,'1886',715,,43980,17,,,0,132,,43981,17,,,0,301,,43982,17,,,0,170,,43979,17,,,0,130,,43983,17,,,0,299,,43984,17,,,0
702029,'1838',824,,47631,19,4,,0,31,,47643,19,4,,0,70,,47624,19,4,,0,30,,47629,19,4,,0,70,,47638,19,4,,0,31,,47639,19,4,,0,70,,47630,19,4,,0,30,,47649,19,4,,0,70,,47627,19,4,,0,30,,47641,19,4,,0,71,,47650,19,4,,0,31,,47633,19,4,,0,70,,47636,19,4,,0,30,,47648,19,4,,0,70,,47628,19,4,,0,30,,47637,19,4,,0,70,,47646,19,4,,0,30,,47626,19,4,,0,69,,47642,19,4,,0,29,,47644,19,4,,0,69,,47634,19,4,,0,29,,47640,19,4,,0,70,,47645,19,4,,0,30,,47632,19,4,,0,70,,47635,19,4,,0,30,,47647,19,4,,0,69,,47625,19,4,,0
702029,'1865',859,,47686,19,4,,0,70,,47687,19,4,,0,30,,47688,19,4,,0,70,,47689,19,4,,0,30,,47690,19,4,,0,70,,47691,19,4,,0,30,,47692,19,4,,0,70,,47693,19,4,,0,30,,47694,19,4,,0,70,,47695,19,4,,0,30,,47696,19,4,,0,71,,47697,19,4,,0,85,,47698,19,4,,0,100,,47699,19,4,,0,100,,47715,19,4,,0,42,,47700,19,4,,0,68,,47701,19,4,,0,30,,47702,19,4,,0,70,,47703,19,4,,0,30,,47704,19,4,,0,70,,47705,19,4,,0,30,,47706,19,4,,0,70,,47707,19,4,,0
702029,'1866',824,,47777,19,4,,0,31,,47771,19,4,,0,70,,47772,19,4,,0,30,,47773,19,4,,0,70,,47762,19,4,,0,31,,47756,19,4,,0,70,,47768,19,4,,0,30,,47760,19,4,,0,70,,47751,19,4,,0,30,,47767,19,4,,0,71,,47761,19,4,,0,31,,47754,19,4,,0,70,,47766,19,4,,0,30,,47759,19,4,,0,70,,47753,19,4,,0,30,,47765,19,4,,0,70,,47757,19,4,,0,30,,47752,19,4,,0,69,,47764,19,4,,0,29,,47758,19,4,,0,69,,47755,19,4,,0,29,,47763,19,4,,0,70,,47769,19,4,,0,30,,47770,19,4,,0,70,,47774,19,4,,0,30,,47775,19,4,,0,69,,47776,19,4,,0
702029,'1867',824,,47822,19,4,,0,31,,47834,19,4,,0,70,,47815,19,4,,0,30,,47820,19,4,,0,70,,47829,19,4,,0,31,,47830,19,4,,0,70,,47821,19,4,,0,30,,47840,19,4,,0,70,,47818,19,4,,0,30,,47832,19,4,,0,71,,47841,19,4,,0,31,,47824,19,4,,0,70,,47827,19,4,,0,30,,47839,19,4,,0,70,,47819,19,4,,0,30,,47828,19,4,,0,70,,47837,19,4,,0,30,,47817,19,4,,0,69,,47833,19,4,,0,29,,47835,19,4,,0,69,,47825,19,4,,0,29,,47831,19,4,,0,70,,47836,19,4,,0,30,,47823,19,4,,0,70,,47826,19,4,,0,30,,47838,19,4,,0,69,,47816,19,4,,0
702029,'1881',859,,41201,19,4,,0,70,,41202,19,4,,0,30,,41203,19,4,,0,70,,41204,19,4,,0,30,,41205,19,4,,0,70,,41206,19,4,,0,30,,41207,19,4,,0,70,,41208,19,4,,0,30,,41209,19,4,,0,70,,41210,19,4,,0,30,,41211,19,4,,0,71,,41212,19,4,,0,85,,41213,19,4,,0,100,,41214,19,4,,0,100,,41230,19,4,,0,42,,41215,19,4,,0,68,,41216,19,4,,0,30,,41217,19,4,,0,70,,41218,19,4,,0,30,,41219,19,4,,0,70,,41220,19,4,,0,30,,41221,19,4,,0,70,,43893,19,4,,0
702029,'1886',859,,47877,19,4,,0,70,,47878,19,4,,0,30,,47879,19,4,,0,70,,47880,19,4,,0,30,,47881,19,4,,0,70,,47882,19,4,,0,30,,47883,19,4,,0,70,,47884,19,4,,0,30,,47885,19,4,,0,70,,47886,19,4,,0,30,,47887,19,4,,0,71,,47888,19,4,,0,85,,47889,19,4,,0,100,,47890,19,4,,0,100,,47906,19,4,,0,42,,47891,19,4,,0,68,,47892,19,4,,0,30,,47893,19,4,,0,70,,47894,19,4,,0,30,,47895,19,4,,0,70,,47896,19,4,,0,30,,47897,19,4,,0,70,,47898,19,4,,0
702029,'1887',824,,47968,19,4,,0,31,,47962,19,4,,0,70,,47963,19,4,,0,30,,47964,19,4,,0,70,,47953,19,4,,0,31,,47947,19,4,,0,70,,47959,19,4,,0,30,,47951,19,4,,0,70,,47942,19,4,,0,30,,47958,19,4,,0,71,,47952,19,4,,0,31,,47945,19,4,,0,70,,47957,19,4,,0,30,,47950,19,4,,0,70,,47944,19,4,,0,30,,47956,19,4,,0,70,,47948,19,4,,0,30,,47943,19,4,,0,69,,47955,19,4,,0,29,,47949,19,4,,0,69,,47946,19,4,,0,29,,47954,19,4,,0,70,,47960,19,4,,0,30,,47961,19,4,,0,70,,47965,19,4,,0,30,,47966,19,4,,0,69,,47967,19,4,,0
702029,'1888',824,,48013,19,4,,0,31,,48025,19,4,,0,70,,48006,19,4,,0,30,,48011,19,4,,0,70,,48020,19,4,,0,31,,48021,19,4,,0,70,,48012,19,4,,0,30,,48031,19,4,,0,70,,48009,19,4,,0,30,,48023,19,4,,0,71,,48032,19,4,,0,31,,48015,19,4,,0,70,,48018,19,4,,0,30,,48030,19,4,,0,70,,48010,19,4,,0,30,,48019,19,4,,0,70,,48028,19,4,,0,30,,48008,19,4,,0,69,,48024,19,4,,0,29,,48026,19,4,,0,69,,48016,19,4,,0,29,,48022,19,4,,0,70,,48027,19,4,,0,30,,48014,19,4,,0,70,,48017,19,4,,0,30,,48029,19,4,,0,69,,48007,19,4,,0
802019,'1838',830,,48216,1,,,0,70,,48228,1,,,0,30,,48229,1,,,0,70,,48217,1,,,0,30,,48222,1,,,0,70,,48226,1,,,0,30,,48233,1,,,0,70,,48237,1,,,0,30,,48225,1,,,0,70,,48227,1,,,0,30,,48238,1,,,0,70,,48232,1,,,0,30,,48221,1,,,0,70,,48236,1,,,0,30,,48231,1,,,0,70,,48219,1,,,0,30,,48235,1,,,0,70,,48215,1,,,0,30,,48234,1,,,0,70,,48241,1,,,0,30,,48230,1,,,0,70,,48220,1,,,0,30,,48239,1,,,0,70,,48223,1,,,0,30,,48218,1,,,0,70,,48240,1,,,0,30,,48224,1,,,0
802019,'1865',605,,43924,1,,,0,45,,43923,1,,,0,70,,43922,1,,,0,20,,41814,1,,,0,60,,41780,1,,,0,30,,48268,1,,,0,70,,48242,1,,,0,30,,48243,1,,,0,70,,48244,1,,,0,30,,48245,1,,,0,70,,48246,1,,,0,30,,48247,1,,,0,70,,48248,1,,,0,30,,48249,1,,,0,70,,48250,1,,,0,30,,48251,1,,,0,70,,48252,1,,,0,30,,48253,1,,,0,70,,41793,1,,,0,20,,48254,1,,,0,20,,41795,1,,,0,60,,48269,1,,,0,20,,48255,1,,,0,20,,48256,1,,,0,60,,48257,1,,,0,20,,48258,1,,,0,20,,48270,1,,,0,60,,48259,1,,,0,20,,48260,1,,,0,20,,48261,1,,,0,60,,48262,1,,,0,30,,48263,1,,,0,70,,48264,1,,,0,25,,48265,1,,,0,30,,48266,1,,,0,70,,48267,1,,,0
802019,'1866',830,,48297,1,,,0,70,,48292,1,,,0,30,,48293,1,,,0,70,,48294,1,,,0,30,,48282,1,,,0,70,,48275,1,,,0,30,,48288,1,,,0,70,,48281,1,,,0,30,,48274,1,,,0,70,,48287,1,,,0,30,,48279,1,,,0,70,,48276,1,,,0,30,,48286,1,,,0,70,,48280,1,,,0,30,,48272,1,,,0,70,,48285,1,,,0,30,,48278,1,,,0,70,,48273,1,,,0,30,,48284,1,,,0,70,,48277,1,,,0,30,,48271,1,,,0,70,,48283,1,,,0,30,,48289,1,,,0,70,,48290,1,,,0,30,,48291,1,,,0,70,,48296,1,,,0,30,,48295,1,,,0
802019,'1867',830,,48299,1,,,0,70,,48311,1,,,0,30,,48312,1,,,0,70,,48300,1,,,0,30,,48305,1,,,0,70,,48309,1,,,0,30,,48316,1,,,0,70,,48320,1,,,0,30,,48308,1,,,0,70,,48310,1,,,0,30,,48321,1,,,0,70,,48315,1,,,0,30,,48304,1,,,0,70,,48319,1,,,0,30,,48314,1,,,0,70,,48302,1,,,0,30,,48318,1,,,0,70,,48298,1,,,0,30,,48317,1,,,0,70,,48324,1,,,0,30,,48313,1,,,0,70,,48303,1,,,0,30,,48322,1,,,0,70,,48306,1,,,0,30,,48301,1,,,0,70,,48323,1,,,0,30,,48307,1,,,0
802019,'1881',830,,41775,1,,,0,70,,41749,1,,,0,30,,41750,1,,,0,70,,41751,1,,,0,30,,41752,1,,,0,70,,41753,1,,,0,30,,41754,1,,,0,70,,41755,1,,,0,30,,41756,1,,,0,70,,41757,1,,,0,30,,41758,1,,,0,70,,41759,1,,,0,30,,41760,1,,,0,90,,41761,1,,,0,80,,41777,1,,,0,20,,41762,1,,,0,20,,41763,1,,,0,60,,41764,1,,,0,20,,41765,1,,,0,20,,41779,1,,,0,60,,41766,1,,,0,20,,41767,1,,,0,20,,41768,1,,,0,60,,41769,1,,,0,30,,41770,1,,,0,70,,41771,1,,,0,25,,41772,1,,,0,30,,41773,1,,,0,70,,43925,1,,,0
802019,'1882',605,,43928,1,,,0,45,,43927,1,,,0,70,,43926,1,,,0,20,,34621,1,,,0,60,,34587,1,,,0,700,,34600,1,,,0,40,,34602,1,,,0
802019,'1886',830,,48351,1,,,0,70,,48325,1,,,0,30,,48326,1,,,0,70,,48327,1,,,0,30,,48328,1,,,0,70,,48329,1,,,0,30,,48330,1,,,0,70,,48331,1,,,0,30,,48332,1,,,0,70,,48333,1,,,0,30,,48334,1,,,0,70,,48335,1,,,0,30,,48336,1,,,0,90,,48337,1,,,0,80,,48352,1,,,0,20,,48338,1,,,0,20,,48339,1,,,0,60,,48340,1,,,0,20,,48341,1,,,0,20,,48353,1,,,0,60,,48342,1,,,0,20,,48343,1,,,0,20,,48344,1,,,0,60,,48345,1,,,0,30,,48346,1,,,0,70,,48347,1,,,0,25,,48348,1,,,0,30,,48349,1,,,0,70,,48350,1,,,0
802019,'1887',830,,48380,1,,,0,70,,48375,1,,,0,30,,48376,1,,,0,70,,48377,1,,,0,30,,48365,1,,,0,70,,48358,1,,,0,30,,48371,1,,,0,70,,48364,1,,,0,30,,48357,1,,,0,70,,48370,1,,,0,30,,48362,1,,,0,70,,48359,1,,,0,30,,48369,1,,,0,70,,48363,1,,,0,30,,48355,1,,,0,70,,48368,1,,,0,30,,48361,1,,,0,70,,48356,1,,,0,30,,48367,1,,,0,70,,48360,1,,,0,30,,48354,1,,,0,70,,48366,1,,,0,30,,48372,1,,,0,70,,48373,1,,,0,30,,48374,1,,,0,70,,48379,1,,,0,30,,48378,1,,,0
802019,'1888',830,,48382,1,,,0,70,,48394,1,,,0,30,,48395,1,,,0,70,,48383,1,,,0,30,,48388,1,,,0,70,,48392,1,,,0,30,,48399,1,,,0,70,,48403,1,,,0,30,,48391,1,,,0,70,,48393,1,,,0,30,,48404,1,,,0,70,,48398,1,,,0,30,,48387,1,,,0,70,,48402,1,,,0,30,,48397,1,,,0,70,,48385,1,,,0,30,,48401,1,,,0,70,,48381,1,,,0,30,,48400,1,,,0,70,,48407,1,,,0,30,,48396,1,,,0,70,,48386,1,,,0,30,,48405,1,,,0,70,,48389,1,,,0,30,,48384,1,,,0,70,,48406,1,,,0,30,,48390,1,,,0
