4029,'1746',733,,648,14,,,0,70,,650,14,,,0,30,,646,14,,,0,70,,649,14,,,0,31,,647,14,,,0,70,,639,14,,,0,29,,642,14,,,0,70,,627,14,,,0,30,,632,14,,,0,70,,635,14,,,0,29,,638,14,,,0,70,,640,14,,,0,30,,628,14,,,0,70,,631,14,,,0,30,,634,14,,,0,70,,637,14,,,0,30,,641,14,,,0,70,,629,14,,,0,30,,630,14,,,0,70,,633,14,,,0,30,,636,14,,,0,70,,654,14,,,0,30,,653,14,,,0,72,,655,14,,,0,30,,652,14,,,0,70,,645,14,,,0,30,,651,14,,,0,70,,643,14,,,0,100,,644,14,,,0
4029,'1763',803,,660,14,,,0,131,,659,14,,,0,169,,656,14,,,0,229,,657,14,,,0,400,,658,14,,,0,172,,662,14,,,0,130,,661,14,,,0
4029,'1764',733,,680,14,,,0,100,,679,14,,,0,70,,681,14,,,0,101,,672,14,,,0,29,,675,14,,,0,100,,666,14,,,0,70,,669,14,,,0,29,,671,14,,,0,70,,673,14,,,0,100,,665,14,,,0,30,,668,14,,,0,70,,670,14,,,0,30,,674,14,,,0,70,,663,14,,,0,30,,664,14,,,0,70,,667,14,,,0,100,,684,14,,,0,30,,683,14,,,0,102,,682,14,,,0,70,,678,14,,,0,100,,676,14,,,0,100,,677,14,,,0
4029,'1767',703,,685,14,,,0,33,,686,14,,,0,65,,687,14,,,0,36,,688,14,,,0,64,,689,14,,,0,31,,690,14,,,0,70,,691,14,,,0,30,,692,14,,,0,70,,693,14,,,0,101,,694,14,,,0,30,,695,14,,,0,70,,696,14,,,0,30,,697,14,,,0,70,,698,14,,,0,206,,699,14,,,0,327,,700,14,,,0,70,,701,14,,,0,28,,702,14,,,0,70,,703,14,,,0,100,,704,14,,,0
4029,'1768',703,,705,14,,,0
4029,'1769',635,,730,14,,,0,98,,731,14,,,0,70,,732,14,,,0,30,,733,14,,,0,71,,734,14,,,0,30,,735,14,,,0,70,,723,14,,,0,30,,717,14,,,0,69,,710,14,,,0,30,,721,14,,,0,69,,727,14,,,0,30,,722,14,,,0,70,,709,14,,,0,30,,714,14,,,0,70,,725,14,,,0,30,,708,14,,,0,70,,724,14,,,0,30,,719,14,,,0,70,,711,14,,,0,30,,706,14,,,0,70,,726,14,,,0,30,,729,14,,,0,70,,720,14,,,0,30,,715,14,,,0,69,,736,14,,,0,35,,712,14,,,0,70,,707,14,,,0,28,,713,14,,,0,70,,718,14,,,0,30,,728,14,,,0,70,,716,14,,,0
4029,'1770',633,,737,14,,,0,499,,738,14,,,0,301,,739,14,,,0,75,,740,14,,,0,25,,741,14,,,0,100,,742,14,,,0,76,,743,14,,,0,24,,744,14,,,0,77,,745,14,,,0,26,,746,14,,,0,71,,747,14,,,0,227,,748,14,,,0
4029,'1771',703,,749,14,,,0
4029,'1772',803,,754,14,,,0,131,,753,14,,,0,169,,750,14,,,0,229,,751,14,,,0,400,,752,14,,,0,172,,756,14,,,0,130,,755,14,,,0
501019,'1746',617,,2741,8,,,0,30,,2755,8,,,0,67,,2740,8,,,0,30,,2754,8,,,0,70,,2743,8,,,0,31,,2756,8,,,0,71,,2744,8,,,0,30,,2753,8,,,0,72,,2732,8,,,0,30,,2745,8,,,0,70,,2731,8,,,0,30,,2746,8,,,0,70,,2734,8,,,0,30,,2747,8,,,0,70,,2730,8,,,0,30,,2752,8,,,0,70,,2729,8,,,0,30,,2751,8,,,0,70,,2728,8,,,0,30,,2748,8,,,0,70,,2727,8,,,0,30,,2750,8,,,0,70,,2733,8,,,0,30,,2749,8,,,0,69,,2742,8,,,0,30,,2757,8,,,0,69,,2739,8,,,0,30,,2760,8,,,0,70,,2738,8,,,0,30,,2726,8,,,0,70,,2737,8,,,0,30,,2758,8,,,0,67,,2736,8,,,0,30,,2759,8,,,0,70,,2735,8,,,0
501019,'1763',1018,,2762,8,,,0,200,,2763,8,,,0,400,,2761,8,,,0,398,,2764,8,,,0
501019,'1764',617,,2776,8,,,0,30,,2790,8,,,0,67,,2775,8,,,0,30,,2789,8,,,0,70,,2778,8,,,0,31,,2791,8,,,0,71,,2779,8,,,0,30,,2788,8,,,0,102,,2780,8,,,0,70,,2769,8,,,0,30,,2781,8,,,0,100,,2782,8,,,0,70,,2768,8,,,0,30,,2787,8,,,0,70,,2767,8,,,0,30,,2786,8,,,0,70,,2766,8,,,0,30,,2783,8,,,0,100,,2785,8,,,0,70,,2770,8,,,0,30,,2784,8,,,0,69,,2777,8,,,0,30,,2792,8,,,0,69,,2774,8,,,0,30,,2795,8,,,0,100,,2765,8,,,0,70,,2773,8,,,0,30,,2793,8,,,0,67,,2772,8,,,0,30,,2794,8,,,0,70,,2771,8,,,0
501019,'1767',522,,2796,2,,,0,92,,2797,8,,,0,30,,2798,8,,,0,76,,2799,8,,,0,89,,2800,8,,,0,12,,2801,8,,,0,24,,2802,8,,,0,62,,2803,8,,,0,11,,2804,8,,,0,130,,2805,8,,,0,71,,2806,8,,,0,30,,2807,8,,,0,70,,2808,8,,,0,30,,2809,8,,,0,170,,2810,8,,,0,26,,2811,8,,,0,110,,2812,8,,,0,88,,2813,8,,,0,76,,2814,8,,,0,35,,2815,8,,,0,66,,2816,8,,,0,127,,2817,8,,,0,366,,2818,8,,,0
501019,'1768',647,,2822,8,,,0,97,,2821,8,,,0,101,,2823,8,,,0,70,,2819,8,,,0,30,,2820,8,,,0
501019,'1769',617,,2832,8,,,0,97,,2831,8,,,0,100,,2830,8,,,0,204,,2838,8,,,0,30,,2848,8,,,0,70,,2839,8,,,0,30,,2849,8,,,0,70,,2840,8,,,0,30,,2850,8,,,0,70,,2841,8,,,0,30,,2851,8,,,0,70,,2842,8,,,0,31,,2852,8,,,0,70,,2843,8,,,0,30,,2853,8,,,0,70,,2844,8,,,0,30,,2846,8,,,0,70,,2845,8,,,0,30,,2847,8,,,0,70,,2829,8,,,0,28,,2837,8,,,0,70,,2828,8,,,0,30,,2835,8,,,0,68,,2827,8,,,0,30,,2836,8,,,0,70,,2826,8,,,0,30,,2833,8,,,0,68,,2825,8,,,0,30,,2834,8,,,0,70,,2824,8,,,0
501019,'1770',745,,2854,8,,,0,203,,2855,8,,,0,70,,2856,8,,,0,301,,2857,8,,,0,30,,2858,8,,,0,108,,2859,8,,,0,62,,2860,8,,,0,24,,2861,8,,,0,76,,2862,8,,,0,36,,2863,8,,,0,87,,2864,8,,,0,106,,2865,8,,,0,70,,2866,8,,,0,99,,2867,8,,,0,30,,2868,8,,,0,68,,2869,8,,,0,30,,2870,8,,,0,68,,2871,8,,,0,30,,2872,8,,,0
501019,'1771',647,,2876,8,,,0,97,,2875,8,,,0,101,,2877,8,,,0,70,,2873,8,,,0,30,,2874,8,,,0
501019,'1772',1018,,2879,8,,,0,200,,2880,8,,,0,400,,2878,8,,,0,398,,2881,8,,,0
