2019,'1796',612,,19412,8,,,0,29,,19413,8,,,0,69,,19414,8,,,0,32,,19415,8,,,0,71,,19416,8,,,0,30,,19417,8,,,0,67,,19418,8,,,0,30,,19419,8,,,0,70,,19420,8,,,0,30,,19421,8,,,0,70,,19422,8,,,0,30,,19423,8,,,0,70,,19424,8,,,0,30,,19425,8,,,0,70,,19426,8,,,0,30,,19427,8,,,0,70,,19428,8,,,0,30,,19429,8,,,0,70,,19430,8,,,0,30,,19431,8,,,0,70,,19432,8,,,0,30,,19433,8,,,0,70,,19434,8,,,0,30,,19435,8,,,0,70,,19436,8,,,0,30,,19442,8,,,0,70,,19437,8,,,0,100,,19438,8,,,0,100,,19439,8,,,0,100,,19440,8,,,0,102,,19441,8,,,0
2019,'1797',642,,19451,8,,,0,70,,19460,8,,,0,30,,19467,8,,,0,70,,19445,8,,,0,30,,19452,8,,,0,70,,19461,8,,,0,30,,19468,8,,,0,70,,19446,8,,,0,30,,19453,8,,,0,70,,19462,8,,,0,30,,19469,8,,,0,70,,19447,8,,,0,30,,19454,8,,,0,70,,19463,8,,,0,30,,19470,8,,,0,70,,19448,8,,,0,30,,19455,8,,,0,70,,19464,8,,,0,30,,19471,8,,,0,70,,19449,8,,,0,30,,19456,8,,,0,70,,19465,8,,,0,30,,19472,8,,,0,70,,19450,8,,,0,30,,19457,8,,,0,70,,19466,8,,,0,100,,19458,8,,,0,100,,19473,8,,,0,100,,19459,8,,,0,100,,19474,8,,,0
2019,'1798',642,,19502,8,,,0,70,,19479,8,,,0,30,,19483,8,,,0,70,,19495,8,,,0,30,,19490,8,,,0,70,,19480,8,,,0,30,,19484,8,,,0,70,,19496,8,,,0,30,,19491,8,,,0,70,,19481,8,,,0,30,,19485,8,,,0,70,,19497,8,,,0,30,,19492,8,,,0,70,,19482,8,,,0,30,,19486,8,,,0,70,,19498,8,,,0,30,,19493,8,,,0,70,,19477,8,,,0,30,,19487,8,,,0,70,,19499,8,,,0,30,,19494,8,,,0,70,,19475,8,,,0,30,,19488,8,,,0,70,,19500,8,,,0,100,,19476,8,,,0,100,,19501,8,,,0,100,,19478,8,,,0,100,,19489,8,,,0,99,,19503,8,,,0
2019,'1799',642,,19531,8,,,0,70,,19508,8,,,0,30,,19512,8,,,0,70,,19524,8,,,0,30,,19519,8,,,0,70,,19509,8,,,0,30,,19513,8,,,0,70,,19525,8,,,0,30,,19520,8,,,0,70,,19510,8,,,0,30,,19514,8,,,0,70,,19526,8,,,0,30,,19521,8,,,0,70,,19511,8,,,0,30,,19515,8,,,0,70,,19527,8,,,0,30,,19522,8,,,0,70,,19506,8,,,0,30,,19516,8,,,0,70,,19528,8,,,0,30,,19523,8,,,0,70,,19504,8,,,0,30,,19517,8,,,0,70,,19529,8,,,0,100,,19505,8,,,0,100,,19530,8,,,0,100,,19507,8,,,0,100,,19518,8,,,0,99,,19532,8,,,0
2019,'1800',642,,19560,8,,,0,70,,19537,8,,,0,30,,19541,8,,,0,70,,19553,8,,,0,30,,19548,8,,,0,70,,19538,8,,,0,30,,19542,8,,,0,70,,19554,8,,,0,30,,19549,8,,,0,70,,19539,8,,,0,30,,19543,8,,,0,70,,19555,8,,,0,30,,19550,8,,,0,70,,19540,8,,,0,30,,19544,8,,,0,70,,19556,8,,,0,30,,19551,8,,,0,70,,19535,8,,,0,30,,19545,8,,,0,70,,19557,8,,,0,30,,19552,8,,,0,70,,19533,8,,,0,30,,19546,8,,,0,70,,19558,8,,,0,100,,19534,8,,,0,100,,19559,8,,,0,100,,19536,8,,,0,100,,19547,8,,,0,99,,19561,8,,,0
2019,'1816',642,,5789,8,,,0,70,,5798,8,,,0,30,,5805,8,,,0,70,,5783,8,,,0,30,,5790,8,,,0,70,,5799,8,,,0,30,,5806,8,,,0,70,,5784,8,,,0,30,,5791,8,,,0,70,,5800,8,,,0,30,,5807,8,,,0,70,,5785,8,,,0,30,,5792,8,,,0,70,,5801,8,,,0,30,,5808,8,,,0,70,,5786,8,,,0,30,,5793,8,,,0,70,,5802,8,,,0,30,,5809,8,,,0,70,,5787,8,,,0,30,,5794,8,,,0,70,,5803,8,,,0,30,,5810,8,,,0,70,,5788,8,,,0,30,,5795,8,,,0,70,,5804,8,,,0,100,,5796,8,,,0,100,,5811,8,,,0,100,,5797,8,,,0,100,,5812,8,,,0
2019,'1817',642,,9439,8,,,0,70,,9416,8,,,0,30,,9420,8,,,0,70,,9432,8,,,0,30,,9427,8,,,0,70,,9417,8,,,0,30,,9421,8,,,0,70,,9433,8,,,0,30,,9428,8,,,0,70,,9418,8,,,0,30,,9422,8,,,0,70,,9434,8,,,0,30,,9429,8,,,0,70,,9419,8,,,0,30,,9423,8,,,0,70,,9435,8,,,0,30,,9430,8,,,0,70,,9414,8,,,0,30,,9424,8,,,0,70,,9436,8,,,0,30,,9431,8,,,0,70,,9412,8,,,0,30,,9425,8,,,0,70,,9437,8,,,0,100,,9413,8,,,0,100,,9438,8,,,0,100,,9415,8,,,0,100,,9426,8,,,0,99,,9440,8,,,0
32019,'1796',438,,22072,10,,,0,89,,22074,10,,,0,30,,22075,10,,,0,70,,22071,10,,,0,30,,22046,40,,,0,69,,22062,40,,,0,30,,22041,40,,,0,69,,22057,40,,,0,30,,22067,40,,,0,70,,22051,40,,,0,30,,22049,40,,,0,70,,22061,40,,,0,30,,22039,40,,,0,70,,22055,40,,,0,30,,22066,40,,,0,70,,22053,40,,,0,30,,22048,40,,,0,70,,22060,40,,,0,30,,22042,40,,,0,71,,22054,40,,,0,30,,22065,40,,,0,70,,22052,40,,,0,31,,22045,40,,,0,71,,22059,40,,,0,28,,22038,40,,,0,70,,22056,40,,,0,29,,22064,40,,,0,70,,22050,40,,,0,30,,22047,40,,,0,69,,22058,40,,,0,30,,22043,40,,,0,70,,22068,10,,,0,30,,22063,40,,,0,70,,22070,10,,,0,30,,22044,40,,,0,70,,22069,10,,,0,30,,22040,40,,,0
32019,'1797',527,,22111,10,,,0,30,,22112,10,,,0,70,,22094,10,,,0,26,,22087,40,,,0,70,,22104,40,,,0,30,,22081,40,,,0,70,,22098,40,,,0,30,,22105,40,,,0,70,,22093,40,,,0,29,,22086,40,,,0,72,,22103,40,,,0,31,,22080,40,,,0,70,,22097,40,,,0,30,,22108,40,,,0,70,,22092,40,,,0,30,,22085,40,,,0,70,,22102,40,,,0,30,,22079,40,,,0,70,,22096,40,,,0,30,,22107,40,,,0,70,,22091,40,,,0,30,,22084,40,,,0,70,,22101,40,,,0,30,,22078,40,,,0,70,,22095,40,,,0,30,,22109,40,,,0,70,,22090,40,,,0,30,,22083,40,,,0,69,,22099,40,,,0,30,,22077,40,,,0,70,,22089,10,,,0,30,,22106,40,,,0,70,,22100,10,,,0,30,,22082,40,,,0,70,,22088,10,,,0,30,,22076,40,,,0
32019,'1798',557,,22130,10,,,0,96,,22113,40,,,0,100,,22114,40,,,0,100,,22115,40,,,0,99,,22116,40,,,0,103,,22117,40,,,0,100,,22118,40,,,0,100,,22119,40,,,0,100,,22120,40,,,0,100,,22121,40,,,0,100,,22122,40,,,0,100,,22123,40,,,0,100,,22124,40,,,0,100,,22125,40,,,0,99,,22126,40,,,0,100,,22127,40,,,0,100,,22128,40,,,0,100,,22129,40,,,0
32019,'1799',557,,22149,10,,,0,96,,22132,40,,,0,100,,22133,40,,,0,100,,22134,40,,,0,99,,22135,40,,,0,103,,22136,40,,,0,100,,22137,40,,,0,100,,22138,40,,,0,100,,22139,40,,,0,100,,22140,40,,,0,100,,22141,40,,,0,100,,22142,40,,,0,100,,22143,40,,,0,100,,22144,40,,,0,99,,22145,40,,,0,100,,22146,40,,,0,100,,22147,40,,,0,100,,22148,40,,,0
32019,'1800',557,,22168,10,,,0,96,,22151,40,,,0,100,,22152,40,,,0,100,,22153,40,,,0,99,,22154,40,,,0,103,,22155,40,,,0,100,,22156,40,,,0,100,,22157,40,,,0,100,,22158,40,,,0,100,,22159,40,,,0,100,,22160,40,,,0,100,,22161,40,,,0,100,,22162,40,,,0,100,,22163,40,,,0,99,,22164,40,,,0,100,,22165,40,,,0,100,,22166,40,,,0,100,,22167,40,,,0
32019,'1817',557,,17914,10,,,0,96,,17897,40,,,0,100,,17898,40,,,0,100,,17899,40,,,0,99,,17900,40,,,0,103,,17901,40,,,0,100,,17902,40,,,0,100,,17903,40,,,0,100,,17904,40,,,0,100,,17905,40,,,0,100,,17906,40,,,0,100,,17907,40,,,0,100,,17908,40,,,0,100,,17909,40,,,0,99,,17910,40,,,0,100,,17911,40,,,0,100,,17912,40,,,0,100,,17913,40,,,0
32019,'1824',527,,17989,10,,,0,30,,17990,10,,,0,70,,17972,10,,,0,26,,17965,40,,,0,70,,17982,40,,,0,30,,17959,40,,,0,70,,17976,40,,,0,30,,17983,40,,,0,70,,17971,40,,,0,29,,17964,40,,,0,72,,17981,40,,,0,31,,17958,40,,,0,70,,17975,40,,,0,30,,17986,40,,,0,70,,17970,40,,,0,30,,17963,40,,,0,70,,17980,40,,,0,30,,17957,40,,,0,70,,17974,40,,,0,30,,17985,40,,,0,70,,17969,40,,,0,30,,17962,40,,,0,70,,17979,40,,,0,30,,17956,40,,,0,70,,17973,40,,,0,30,,17987,40,,,0,70,,17968,40,,,0,30,,17961,40,,,0,69,,17977,40,,,0,30,,17955,40,,,0,70,,17967,10,,,0,30,,17984,40,,,0,70,,17978,10,,,0,30,,17960,40,,,0,70,,17966,10,,,0,30,,17954,40,,,0
