6019,'1865',647,,35753,8,,,0,68,,42249,8,,,0,30,,42250,8,,,0,70,,42251,8,,,0,30,,44328,8,,,0,71,,42253,8,,,0,30,,42254,8,,,0,70,,44329,8,,,0,30,,42256,8,,,0,70,,42257,8,,,0,30,,42258,8,,,0,70,,42259,8,,,0,30,,42260,8,,,0,70,,44330,8,,,0,30,,42262,8,,,0,70,,42263,8,,,0,30,,44331,8,,,0,70,,42265,8,,,0,30,,42266,8,,,0,70,,44332,8,,,0,30,,42268,8,,,0,70,,42269,8,,,0,29,,42270,8,,,0,70,,42271,8,,,0,30,,42272,8,,,0,67,,44327,8,,,0,97,,44324,8,,,0,100,,35750,8,,,0,100,,44325,8,,,0,100,,44326,8,,,0
6019,'1866',641,,44335,8,,,0,70,,35780,8,,,0,28,,44353,8,,,0,70,,35793,8,,,0,30,,44337,8,,,0,70,,44346,8,,,0,30,,44354,8,,,0,71,,44352,8,,,0,30,,44345,8,,,0,70,,44357,8,,,0,30,,44344,8,,,0,70,,44351,8,,,0,30,,44343,8,,,0,70,,44356,8,,,0,30,,44342,8,,,0,70,,44350,8,,,0,30,,44341,8,,,0,70,,44355,8,,,0,30,,44340,8,,,0,70,,44349,8,,,0,30,,44339,8,,,0,70,,44333,8,,,0,30,,44338,8,,,0,70,,44348,8,,,0,30,,44336,8,,,0,69,,44347,8,,,0
6019,'1873',711,,29075,8,,,0,98,,29088,8,,,0
6019,'1881',845,,42279,8,,,0,171,,42282,8,,,0,300,,42288,8,,,0,130,,42291,8,,,0,170,,42294,8,,,0,296,,42275,8,,,0,97,,35721,8,,,0,200,,42273,8,,,0,100,,42274,8,,,0
6019,'1882',647,,29148,8,,,0,68,,42276,8,,,0,30,,42277,8,,,0,70,,42278,8,,,0,101,,42280,8,,,0,30,,42281,8,,,0,100,,42283,8,,,0,70,,42284,8,,,0,30,,42285,8,,,0,70,,42286,8,,,0,30,,42287,8,,,0,100,,42289,8,,,0,70,,42290,8,,,0,100,,42292,8,,,0,30,,42293,8,,,0,100,,42295,8,,,0,70,,42296,8,,,0,29,,42297,8,,,0,70,,42298,8,,,0,30,,42299,8,,,0,264,,29145,8,,,0
6019,'1886',845,,44373,8,,,0,171,,44374,8,,,0,300,,44375,8,,,0,130,,44376,8,,,0,170,,44377,8,,,0,296,,44372,8,,,0,97,,44369,8,,,0,200,,44370,8,,,0,100,,44371,8,,,0
6019,'1887',641,,44380,8,,,0,98,,44398,8,,,0,100,,44382,8,,,0,70,,44391,8,,,0,30,,44399,8,,,0,71,,44397,8,,,0,30,,44390,8,,,0,70,,44402,8,,,0,30,,44389,8,,,0,70,,44396,8,,,0,30,,44388,8,,,0,70,,44401,8,,,0,30,,44387,8,,,0,70,,44395,8,,,0,30,,44386,8,,,0,70,,44400,8,,,0,30,,44385,8,,,0,70,,44394,8,,,0,30,,44384,8,,,0,70,,44378,8,,,0,30,,44383,8,,,0,70,,44393,8,,,0,30,,44381,8,,,0,69,,44392,8,,,0
501029,'1838',642,,45874,9,,,0,70,,45884,9,,,0,30,,45873,9,,,0,70,,45883,9,,,0,30,,45872,9,,,0,70,,45886,9,,,0,31,,38794,9,,,0,75,,45882,9,,,0,15,,38822,9,,,0,15,,45865,9,,,0,55,,45898,9,,,0,15,,45875,9,,,0,15,,45899,9,,,0,15,,45866,9,,,0,55,,45893,9,,,0,15,,45876,9,,,0,15,,38818,9,,,0,15,,45860,9,,,0,55,,45896,9,,,0,15,,45881,9,,,0,15,,38824,9,,,0,15,,45861,9,,,0,55,,45900,9,,,0,15,,45880,9,,,0,15,,38814,9,,,0,15,,45863,9,,,0,55,,45894,9,,,0,15,,45878,9,,,0,16,,38820,9,,,0,15,,45859,9,,,0,55,,45897,9,,,0,15,,45877,9,,,0,15,,38827,9,,,0,15,,45864,9,,,0,55,,45892,9,,,0,14,,45879,9,,,0,15,,38816,9,,,0,15,,45862,9,,,0,55,,45895,9,,,0,15,,45888,9,,,0,30,,45871,9,,,0,69,,45891,9,,,0,15,,38823,9,,,0,10,,45870,9,,,0,70,,38808,9,,,0,30,,45869,9,,,0,70,,45889,9,,,0,30,,43559,9,,,0,70,,45890,9,,,0,30,,45868,9,,,0,70,,45887,9,,,0,25,,45867,9,,,0
501029,'1865',547,,45902,9,,,0,97,,45903,9,,,0,10,,43581,9,,,0,50,,45904,9,,,0,10,,45905,9,,,0,20,,45906,9,,,0,15,,45907,9,,,0,57,,38900,9,,,0,12,,45908,9,,,0,13,,38902,9,,,0,5,,38960,9,,,0,5,,45909,9,,,0,11,,45910,9,,,0,54,,45911,9,,,0,12,,45912,9,,,0,15,,38907,9,,,0,15,,45913,9,,,0,55,,45914,9,,,0,15,,45915,9,,,0,15,,38911,9,,,0,15,,45916,9,,,0,55,,45917,9,,,0,16,,45918,9,,,0,15,,43571,9,,,0,15,,38916,9,,,0,55,,45919,9,,,0,15,,45920,9,,,0,15,,45921,9,,,0,15,,43572,9,,,0,55,,45922,9,,,0,15,,45923,9,,,0,15,,45924,9,,,0,15,,45925,9,,,0,55,,43573,9,,,0,16,,45926,9,,,0,16,,45927,9,,,0,15,,43569,9,,,0,55,,45901,9,,,0,12,,43574,9,,,0,6,,45956,9,,,0,6,,45928,9,,,0,12,,45929,9,,,0,12,,45930,9,,,0,52,,45931,9,,,0,12,,45932,9,,,0,6,,45957,9,,,0,6,,45933,9,,,0,12,,43576,9,,,0,12,,45934,9,,,0,51,,45935,9,,,0,12,,45936,9,,,0,11,,45937,9,,,0,11,,45938,9,,,0,12,,43578,9,,,0,52,,45939,9,,,0,12,,45940,9,,,0,12,,45941,9,,,0,12,,45942,9,,,0,12,,45943,9,,,0,52,,45944,9,,,0,15,,45945,9,,,0,15,,45946,9,,,0,15,,45947,9,,,0,70,,45948,9,,,0,30,,45949,9,,,0,69,,45950,9,,,0,25,,45951,9,,,0,70,,45952,9,,,0,30,,45953,9,,,0,70,,45954,9,,,0,26,,45955,9,,,0
501029,'1866',642,,45969,9,,,0,75,,45974,9,,,0,15,,46009,9,,,0,15,,45968,9,,,0,70,,45975,9,,,0,30,,45967,9,,,0,70,,45973,9,,,0,31,,45966,9,,,0,55,,45959,9,,,0,15,,45972,9,,,0,15,,45971,9,,,0,15,,45984,9,,,0,55,,45993,9,,,0,15,,46010,9,,,0,15,,46002,9,,,0,15,,45985,9,,,0,55,,45994,9,,,0,15,,46011,9,,,0,15,,46003,9,,,0,15,,45986,9,,,0,55,,45995,9,,,0,15,,46012,9,,,0,15,,46004,9,,,0,15,,45987,9,,,0,55,,45996,9,,,0,15,,46013,9,,,0,15,,46005,9,,,0,15,,45988,9,,,0,55,,45997,9,,,0,15,,46014,9,,,0,16,,46006,9,,,0,15,,45989,9,,,0,55,,45998,9,,,0,15,,46015,9,,,0,15,,46007,9,,,0,15,,45990,9,,,0,55,,45999,9,,,0,14,,45992,9,,,0,15,,46008,9,,,0,15,,45991,9,,,0,55,,46000,9,,,0,15,,45981,9,,,0,15,,45983,9,,,0,15,,45965,9,,,0,54,,46001,9,,,0,15,,45982,9,,,0,15,,46016,9,,,0,15,,45964,9,,,0,70,,45979,9,,,0,25,,45963,9,,,0,70,,45980,9,,,0,30,,45962,9,,,0,70,,45978,9,,,0,30,,45961,9,,,0,70,,45977,9,,,0,25,,45960,9,,,0
501029,'1867',642,,46033,9,,,0,70,,46043,9,,,0,30,,46032,9,,,0,70,,46042,9,,,0,30,,46031,9,,,0,70,,46045,9,,,0,31,,39042,9,,,0,75,,46041,9,,,0,15,,39070,9,,,0,15,,46024,9,,,0,55,,46057,9,,,0,15,,46034,9,,,0,15,,46058,9,,,0,15,,46025,9,,,0,55,,46052,9,,,0,15,,46035,9,,,0,15,,39066,9,,,0,15,,46019,9,,,0,55,,46055,9,,,0,15,,46040,9,,,0,15,,39072,9,,,0,15,,46020,9,,,0,55,,46059,9,,,0,15,,46039,9,,,0,15,,39062,9,,,0,15,,46022,9,,,0,55,,46053,9,,,0,15,,46037,9,,,0,16,,39068,9,,,0,15,,46018,9,,,0,55,,46056,9,,,0,15,,46036,9,,,0,15,,39075,9,,,0,15,,46023,9,,,0,55,,46051,9,,,0,14,,46038,9,,,0,15,,39064,9,,,0,15,,46021,9,,,0,55,,46054,9,,,0,15,,46047,9,,,0,30,,46030,9,,,0,69,,46050,9,,,0,15,,39071,9,,,0,10,,46029,9,,,0,70,,39056,9,,,0,30,,46028,9,,,0,70,,46048,9,,,0,30,,43583,9,,,0,70,,46049,9,,,0,30,,46027,9,,,0,70,,46046,9,,,0,25,,46026,9,,,0
501029,'1878',943,,32161,9,,,0,90,,32189,9,,,0,200,,32185,9,,,0,100,,32191,9,,,0,100,,32181,9,,,0,101,,32187,9,,,0,100,,32194,9,,,0,99,,32183,9,,,0,199,,32190,9,,,0,80,,32175,9,,,0,130,,43607,9,,,0
501029,'1881',547,,32272,9,,,0,97,,32273,9,,,0,60,,43594,9,,,0,10,,32275,9,,,0,20,,32276,9,,,0,15,,32277,9,,,0,69,,38856,9,,,0,23,,32281,9,,,0,11,,32282,9,,,0,54,,32283,9,,,0,12,,32284,9,,,0,30,,32286,9,,,0,55,,38857,9,,,0,15,,32288,9,,,0,30,,32290,9,,,0,55,,32291,9,,,0,16,,32292,9,,,0,85,,32295,9,,,0,15,,32296,9,,,0,15,,32297,9,,,0,70,,32299,9,,,0,15,,32300,9,,,0,15,,32301,9,,,0,15,,32302,9,,,0,71,,32304,9,,,0,16,,32305,9,,,0,70,,32271,9,,,0,18,,38888,9,,,0,6,,38862,9,,,0,12,,43599,9,,,0,12,,38864,9,,,0,52,,38865,9,,,0,12,,38866,9,,,0,6,,38889,9,,,0,6,,38867,9,,,0,24,,32314,9,,,0,51,,38869,9,,,0,12,,32316,9,,,0,11,,38870,9,,,0,11,,43601,9,,,0,64,,38873,9,,,0,12,,38874,9,,,0,12,,32322,9,,,0,12,,38875,9,,,0,12,,32324,9,,,0,52,,38876,9,,,0,15,,38877,9,,,0,15,,38878,9,,,0,15,,43603,9,,,0,70,,43604,9,,,0,30,,38881,9,,,0,69,,38882,9,,,0,25,,38883,9,,,0,70,,38884,9,,,0,30,,38885,9,,,0,70,,38886,9,,,0,26,,38887,9,,,0
501029,'1882',654,,43605,9,,,0,152,,32278,9,,,0,25,,32280,9,,,0,5,,32338,9,,,0,97,,32285,9,,,0,100,,32289,9,,,0,101,,43595,9,,,0,15,,32294,9,,,0,100,,43596,9,,,0,155,,43597,9,,,0,47,,43593,9,,,0,67,,43598,9,,,0,124,,43600,9,,,0,109,,43602,9,,,0
501029,'1886',547,,46061,9,,,0,97,,46062,9,,,0,60,,46063,9,,,0,10,,46064,9,,,0,20,,46065,9,,,0,15,,46066,9,,,0,69,,46067,9,,,0,23,,46068,9,,,0,11,,46069,9,,,0,54,,46070,9,,,0,12,,46071,9,,,0,30,,46072,9,,,0,55,,46073,9,,,0,15,,46074,9,,,0,30,,46075,9,,,0,55,,46076,9,,,0,16,,46077,9,,,0,85,,46078,9,,,0,15,,46079,9,,,0,15,,46080,9,,,0,70,,46081,9,,,0,15,,46082,9,,,0,15,,46083,9,,,0,15,,46084,9,,,0,71,,46085,9,,,0,16,,46086,9,,,0,70,,46060,9,,,0,18,,46115,9,,,0,6,,46087,9,,,0,12,,46088,9,,,0,12,,46089,9,,,0,52,,46090,9,,,0,12,,46091,9,,,0,6,,46116,9,,,0,6,,46092,9,,,0,24,,46093,9,,,0,51,,46094,9,,,0,12,,46095,9,,,0,11,,46096,9,,,0,11,,46097,9,,,0,64,,46098,9,,,0,12,,46099,9,,,0,12,,46100,9,,,0,12,,46101,9,,,0,12,,46102,9,,,0,52,,46103,9,,,0,15,,46104,9,,,0,15,,46105,9,,,0,15,,46106,9,,,0,70,,46107,9,,,0,30,,46108,9,,,0,69,,46109,9,,,0,25,,46110,9,,,0,70,,46111,9,,,0,30,,46112,9,,,0,70,,46113,9,,,0,26,,46114,9,,,0
501029,'1887',642,,46128,9,,,0,75,,46133,9,,,0,15,,46168,9,,,0,15,,46127,9,,,0,70,,46134,9,,,0,30,,46126,9,,,0,70,,46132,9,,,0,31,,46125,9,,,0,55,,46118,9,,,0,15,,46131,9,,,0,15,,46130,9,,,0,15,,46143,9,,,0,55,,46152,9,,,0,15,,46169,9,,,0,15,,46161,9,,,0,15,,46144,9,,,0,55,,46153,9,,,0,15,,46170,9,,,0,15,,46162,9,,,0,15,,46145,9,,,0,55,,46154,9,,,0,15,,46171,9,,,0,15,,46163,9,,,0,15,,46146,9,,,0,55,,46155,9,,,0,15,,46172,9,,,0,15,,46164,9,,,0,15,,46147,9,,,0,55,,46156,9,,,0,15,,46173,9,,,0,16,,46165,9,,,0,15,,46148,9,,,0,55,,46157,9,,,0,15,,46174,9,,,0,15,,46166,9,,,0,15,,46149,9,,,0,55,,46158,9,,,0,14,,46151,9,,,0,15,,46167,9,,,0,15,,46150,9,,,0,55,,46159,9,,,0,15,,46140,9,,,0,15,,46142,9,,,0,15,,46124,9,,,0,54,,46160,9,,,0,15,,46141,9,,,0,15,,46175,9,,,0,15,,46123,9,,,0,70,,46138,9,,,0,25,,46122,9,,,0,70,,46139,9,,,0,30,,46121,9,,,0,70,,46137,9,,,0,30,,46120,9,,,0,70,,46136,9,,,0,25,,46119,9,,,0
501029,'1888',642,,46192,9,,,0,70,,46202,9,,,0,30,,46191,9,,,0,70,,46201,9,,,0,30,,46190,9,,,0,70,,46204,9,,,0,106,,46200,9,,,0,30,,46183,9,,,0,55,,46216,9,,,0,15,,46193,9,,,0,15,,46217,9,,,0,15,,46184,9,,,0,55,,46211,9,,,0,15,,46194,9,,,0,30,,46178,9,,,0,55,,46214,9,,,0,15,,46199,9,,,0,30,,46179,9,,,0,55,,46218,9,,,0,15,,46198,9,,,0,30,,46181,9,,,0,55,,46212,9,,,0,15,,46196,9,,,0,31,,46177,9,,,0,55,,46215,9,,,0,15,,46195,9,,,0,30,,46182,9,,,0,55,,46210,9,,,0,14,,46197,9,,,0,30,,46180,9,,,0,55,,46213,9,,,0,15,,46206,9,,,0,30,,46189,9,,,0,69,,46209,9,,,0,25,,46188,9,,,0,100,,46187,9,,,0,70,,46207,9,,,0,100,,46208,9,,,0,30,,46186,9,,,0,70,,46205,9,,,0,25,,46185,9,,,0
