6029,'1816',635,,9846,3,,,0,98,,9848,3,,,0,1269,,9872,3,0,5 2 6 7,0
6029,'1820',648,,14113,3,,,0,70,,14114,3,,,0,30,,14115,3,,,0,70,,14116,3,,,0,30,,9831,3,,,0,70,,9832,3,,,0,30,,9833,3,,,0,70,,14117,3,,,0,30,,14118,3,,,0,70,,14119,3,,,0,30,,14120,3,,,0,70,,9838,3,,,0,130,,9841,3,,,0,70,,9842,3,,,0,30,,14121,3,,,0,70,,9844,3,,,0,35,,9822,3,,,0,70,,9823,3,,,0,25,,14112,3,,,0,70,,14110,3,,,0,30,,9825,3,,,0,65,,14108,3,,,0,30,,14109,3,,,0,90,,14106,3,,,0,100,,14111,3,,,0,100,,14107,3,,,0,100,,14105,3,,,0
6029,'1821',613,,9826,3,,,0,635,,9839,3,,,0,70,,9840,3,,,0
6029,'1823',648,,16974,3,,,0,70,,16975,3,,,0,30,,16976,3,,,0,70,,16977,3,,,0,30,,16978,3,,,0,70,,16979,3,,,0,30,,16980,3,,,0,70,,16981,3,,,0,30,,16982,3,,,0,70,,16983,3,,,0,30,,16984,3,,,0,70,,16985,3,,,0,130,,16986,3,,,0,70,,16987,3,,,0,30,,16988,3,,,0,70,,16989,3,,,0,35,,16970,3,,,0,70,,16971,3,,,0,25,,16972,3,,,0,70,,16968,3,,,0,30,,16973,3,,,0,65,,16966,3,,,0,30,,16967,3,,,0,90,,16964,3,,,0,100,,16969,3,,,0,100,,16965,3,,,0,100,,16963,3,,,0
6029,'1824',605,,16990,3,,,0,98,,16991,3,,,0,100,,16992,3,,,0,30,,16993,3,,,0,70,,16994,3,,,0,30,,16995,3,,,0,70,,16996,3,,,0,30,,16997,3,,,0,70,,16998,3,,,0,30,,16999,3,,,0,70,,17000,3,,,0,30,,17001,3,,,0,70,,17002,3,,,0,30,,17003,3,,,0,70,,17004,3,,,0,30,,17005,3,,,0,70,,17006,3,,,0,30,,17007,3,,,0,70,,17008,3,,,0,30,,17009,3,,,0,70,,17010,3,,,0,30,,17011,3,,,0,70,,17012,3,,,0,30,,17013,3,,,0,70,,17014,3,0,5 2 6 7,0,199,,17015,3,0,5 2 6 7,0
502029,'1817',604,,18418,2,,,0,28,,18400,2,,,0,25,,18409,2,,,0,70,,18434,2,,,0,30,,18414,2,,,0,70,,18433,2,,,0,30,,18412,2,,,0,70,,18432,2,,,0,30,,18401,2,,,0,70,,18431,2,,,0,15,,18443,2,,,0,15,,18402,2,,,0,55,,18445,2,,,0,15,,18430,2,,,0,15,,18448,2,,,0,15,,18403,2,,,0,55,,18437,2,,,0,15,,18429,2,,,0,15,,18440,2,,,0,15,,18404,2,,,0,55,,18442,2,,,0,15,,18428,2,,,0,15,,18446,2,,,0,15,,18405,2,,,0,55,,18447,2,,,0,15,,18427,2,,,0,15,,18436,2,,,0,15,,18406,2,,,0,55,,18439,2,,,0,15,,18426,2,,,0,15,,18441,2,,,0,15,,18407,2,,,0,55,,18444,2,,,0,15,,18425,2,,,0,15,,18449,2,,,0,15,,18408,2,,,0,55,,18435,2,,,0,15,,18424,2,,,0,15,,18438,2,,,0,15,,18417,2,,,0,70,,18423,2,,,0,30,,18415,2,,,0,70,,18422,2,,,0,30,,18410,2,,,0,70,,18421,2,,,0,30,,18411,2,,,0,70,,18419,2,,,0,30,,18416,2,,,0,70,,18420,2,,,0,30,,18413,2,,,0
502029,'1820',527,,15615,2,,,0,15,,15616,2,,,0,15,,15617,2,,,0,55,,15618,2,,,0,7,,15619,2,,,0,8,,15620,2,,,0,15,,15621,2,,,0,12,,15622,2,,,0,53,,15623,2,,,0,12,,15624,2,,,0,6,,15625,2,,,0,6,,15626,2,,,0,12,,15627,2,,,0,12,,15628,2,,,0,52,,15629,2,,,0,12,,15630,2,,,0,12,,15631,2,,,0,12,,15632,2,,,0,14,,15633,2,,,0,55,,15634,2,,,0,15,,15635,2,,,0,15,,15636,2,,,0,15,,15637,2,,,0,55,,15638,2,,,0,15,,15639,2,,,0,15,,15640,2,,,0,15,,15641,2,,,0,55,,15642,2,,,0,15,,15643,2,,,0,15,,15644,2,,,0,15,,15645,2,,,0,55,,15646,2,,,0,15,,15647,2,,,0,15,,15648,2,,,0,15,,15649,2,,,0,55,,15650,2,,,0,15,,15651,2,,,0,15,,15652,2,,,0,15,,15653,2,,,0,56,,15654,2,,,0,15,,15655,2,,,0,15,,15656,2,,,0,15,,15657,2,,,0,55,,15658,2,,,0,12,,15659,2,,,0,12,,15660,2,,,0,12,,15661,2,,,0,52,,15662,2,,,0,12,,15663,2,,,0,12,,15664,2,,,0,12,,15665,2,,,0,12,,15666,2,,,0,51,,15667,2,,,0,12,,15668,2,,,0,12,,15669,2,,,0,12,,15670,2,,,0,12,,15671,2,,,0,52,,15672,2,,,0,12,,15673,2,,,0,15,,15674,2,,,0,15,,15684,2,,,0,15,,15675,2,,,0,70,,15676,2,,,0,30,,15677,2,,,0,70,,15678,2,,,0,30,,15679,2,,,0,70,,15680,2,,,0,30,,15681,2,,,0,70,,15682,2,,,0,30,,15683,2,,,0
502029,'1821',749,,12285,2,,,0
502029,'1823',527,,18450,2,,,0,15,,18451,2,,,0,15,,18452,2,,,0,55,,18453,2,,,0,7,,18454,2,,,0,8,,18455,2,,,0,15,,18456,2,,,0,12,,18457,2,,,0,53,,18458,2,,,0,12,,18459,2,,,0,6,,18460,2,,,0,6,,18461,2,,,0,12,,18462,2,,,0,12,,18463,2,,,0,52,,18464,2,,,0,12,,18465,2,,,0,12,,18466,2,,,0,12,,18467,2,,,0,14,,18468,2,,,0,55,,18469,2,,,0,15,,18470,2,,,0,15,,18471,2,,,0,15,,18472,2,,,0,55,,18473,2,,,0,15,,18474,2,,,0,15,,18475,2,,,0,15,,18476,2,,,0,55,,18477,2,,,0,15,,18478,2,,,0,15,,18479,2,,,0,15,,18480,2,,,0,55,,18481,2,,,0,15,,18482,2,,,0,15,,18483,2,,,0,15,,18484,2,,,0,55,,18485,2,,,0,15,,18486,2,,,0,15,,18487,2,,,0,15,,18488,2,,,0,56,,18489,2,,,0,15,,18490,2,,,0,15,,18491,2,,,0,15,,18492,2,,,0,55,,18493,2,,,0,12,,18494,2,,,0,12,,18495,2,,,0,12,,18496,2,,,0,52,,18497,2,,,0,12,,18498,2,,,0,12,,18499,2,,,0,12,,18500,2,,,0,12,,18501,2,,,0,51,,18502,2,,,0,12,,18503,2,,,0,12,,18504,2,,,0,12,,18505,2,,,0,12,,18506,2,,,0,52,,18507,2,,,0,12,,18508,2,,,0,15,,18509,2,,,0,15,,18519,2,,,0,15,,18510,2,,,0,70,,18511,2,,,0,30,,18512,2,,,0,70,,18513,2,,,0,30,,18514,2,,,0,70,,18515,2,,,0,30,,18516,2,,,0,70,,18517,2,,,0,30,,18518,2,,,0
502029,'1824',602,,18527,2,,,0,15,,18573,2,,,0,15,,18534,2,,,0,70,,18526,2,,,0,30,,18535,2,,,0,25,,18525,2,,,0,70,,18536,2,,,0,30,,18524,2,,,0,70,,18537,2,,,0,15,,18538,2,,,0,15,,18564,2,,,0,55,,18547,2,,,0,15,,18556,2,,,0,15,,18539,2,,,0,15,,18565,2,,,0,55,,18548,2,,,0,15,,18557,2,,,0,15,,18540,2,,,0,15,,18566,2,,,0,55,,18549,2,,,0,15,,18558,2,,,0,15,,18541,2,,,0,15,,18567,2,,,0,55,,18550,2,,,0,15,,18559,2,,,0,15,,18542,2,,,0,15,,18568,2,,,0,55,,18551,2,,,0,15,,18560,2,,,0,15,,18543,2,,,0,15,,18569,2,,,0,55,,18552,2,,,0,15,,18561,2,,,0,15,,18544,2,,,0,15,,18570,2,,,0,55,,18553,2,,,0,15,,18562,2,,,0,15,,18545,2,,,0,15,,18571,2,,,0,55,,18554,2,,,0,15,,18529,2,,,0,15,,18546,2,,,0,15,,18563,2,,,0,55,,18555,2,,,0,15,,18530,2,,,0,15,,18572,2,,,0,85,,18531,2,,,0,30,,18523,2,,,0,70,,18532,2,,,0,30,,18522,2,,,0,70,,18528,2,,,0,30,,18521,2,,,0,70,,18533,2,,,0,30,,18520,2,,,0
20006019,'1817',833,,19099,3,0,5 2 6 7,0,100,,19100,3,0,5 2 6 7,0,100,,19101,3,0,5 2 6 7,0,100,,19102,3,0,5 2 6 7,0,100,,19103,3,0,5 2 6 7,0,100,,19104,3,0,5 2 6 7,0,100,,19105,3,0,5 2 6 7,0,100,,19106,3,0,5 2 6 7,0,100,,19107,3,0,5 2 6 7,0,100,,19108,3,0,5 2 6 7,0,100,,19109,3,0,5 2 6 7,0,100,,19110,3,0,5 2 6 7,0
