11029,'1838',840,,44813,30,,,0,100,,44814,30,,,0,103,,44815,30,,,0,100,,44816,30,,,0,100,,44817,30,,,0,100,,44818,30,,,0,100,,44819,30,,,0,100,,44820,30,,,0,100,,44821,30,,,0,97,,44822,30,,,0,99,,36554,30,,,0,101,,44823,30,,,0,95,,42486,30,,,0
11029,'1865',640,,36600,23,,,0,100,,36586,30,,,0,100,,44825,30,,,0,100,,44826,30,,,0,100,,44827,30,,,0,100,,44828,30,,,0,100,,44829,30,,,0,100,,44830,30,,,0,100,,44831,30,,,0,100,,42488,30,,,0,100,,44832,30,,,0,100,,44833,30,,,0,100,,44834,30,,,0,100,,36598,30,,,0,100,,44835,30,,,0,95,,44824,30,,,0
11029,'1866',640,,44836,23,,,0,98,,44847,30,,,0,102,,44837,30,,,0,100,,44838,30,,,0,100,,44839,30,,,0,103,,44840,30,,,0,100,,44841,30,,,0,100,,36607,30,,,0,100,,44842,30,,,0,100,,36609,30,,,0,100,,36610,30,,,0,97,,44843,30,,,0,100,,44844,30,,,0,99,,44845,30,,,0,101,,44846,30,,,0
11029,'1867',840,,44848,30,,,0,100,,44849,30,,,0,103,,44850,30,,,0,100,,44851,30,,,0,100,,44852,30,,,0,100,,44853,30,,,0,100,,44854,30,,,0,100,,44855,30,,,0,100,,44856,30,,,0,97,,44857,30,,,0,99,,36626,30,,,0,101,,44858,30,,,0,95,,42497,30,,,0
11029,'1873',1343,,29958,30,,,0,200,,29960,30,,,0,100,,29961,30,,,0
11029,'1878',1839,,29977,30,,,0,196,,42508,30,,,0
11029,'1881',840,,29998,30,,,0,100,,42498,30,,,0,100,,30000,30,,,0,100,,36576,30,,,0,100,,36577,30,,,0,100,,36578,30,,,0,100,,36579,30,,,0,200,,36581,30,,,0,100,,36582,30,,,0,100,,36583,30,,,0,200,,42500,30,,,0,95,,29996,30,,,0
11029,'1882',640,,30011,23,,,0,100,,29997,30,,,0,800,,42499,30,,,0,400,,30009,30,,,0
11029,'1886',840,,44860,30,,,0,100,,44861,30,,,0,100,,44862,30,,,0,100,,44863,30,,,0,100,,44864,30,,,0,100,,44865,30,,,0,100,,44866,30,,,0,200,,44867,30,,,0,100,,44868,30,,,0,100,,44869,30,,,0,200,,44870,30,,,0,95,,44859,30,,,0
11029,'1887',640,,44871,23,,,0,98,,44882,30,,,0,102,,44872,30,,,0,100,,44873,30,,,0,100,,44874,30,,,0,103,,44875,30,,,0,100,,44876,30,,,0,200,,44877,30,,,0,297,,44878,30,,,0,100,,44879,30,,,0,99,,44880,30,,,0,101,,44881,30,,,0
11029,'1888',840,,44883,30,,,0,100,,44884,30,,,0,103,,44885,30,,,0,100,,44886,30,,,0,100,,44887,30,,,0,100,,44888,30,,,0,100,,44889,30,,,0,100,,44890,30,,,0,100,,44891,30,,,0,97,,44892,30,,,0,200,,44893,30,,,0
