1019,'1800',608,,28295,10,,,0,100,,28296,10,,,0,100,,28297,10,,,0,100,,28298,10,,,0,100,,28299,10,,,0,100,,28300,10,,,0,100,,28301,10,,,0,100,,28302,10,,,0,100,,28303,10,,,0,100,,28304,10,,,0,100,,28305,10,,,0,100,,28306,10,,,0,100,,28307,10,,,0,100,,28308,10,,,0,100,,28309,10,,,0,100,,28310,10,,,0,100,,28311,10,,,0,100,,28312,10,,,0
1019,'1838',608,,34814,10,,,0,100,,34815,10,,,0,100,,34816,10,,,0,100,,34817,10,,,0,100,,34818,10,,,0,100,,34819,10,,,0,100,,34820,10,,,0,100,,34821,10,,,0,100,,34822,10,,,0,100,,34823,10,,,0,100,,34824,10,,,0,100,,34825,10,,,0,100,,34826,10,,,0,100,,34827,10,,,0,100,,34828,10,,,0,100,,34829,10,,,0,100,,34830,10,,,0,100,,34831,10,,,0
1019,'1850',538,,28394,10,,,0,70,,28417,10,,,0,30,,28392,10,,,0,70,,28387,10,,,0,30,,28406,10,,,0,71,,28389,10,,,0,30,,28395,10,,,0,70,,28420,10,,,0,30,,28391,10,,,0,70,,28385,10,,,0,31,,28405,10,,,0,70,,28390,10,,,0,30,,28396,10,,,0,70,,28416,10,,,0,30,,28393,10,,,0,70,,28386,10,,,0,30,,28418,10,,,0,70,,28388,10,,,0,30,,28397,10,,,0,70,,28415,10,,,0,29,,28408,10,,,0,70,,28400,10,,,0,30,,28398,10,,,0,70,,28401,10,,,0,30,,28403,10,,,0,70,,28402,10,,,0,29,,28399,10,,,0,70,,28419,10,,,0,30,,28413,10,,,0,70,,28414,10,,,0,30,,28412,10,,,0,70,,28411,10,,,0,30,,28410,10,,,0,70,,28409,10,,,0,30,,28407,10,,,0,70,,28404,10,,,0
1019,'1859',538,,28342,10,,,0,70,,28356,10,,,0,30,,28341,10,,,0,70,,28361,10,,,0,30,,28351,10,,,0,70,,28335,10,,,0,30,,28357,10,,,0,70,,28359,10,,,0,30,,28340,10,,,0,70,,28362,10,,,0,30,,28350,10,,,0,70,,28334,10,,,0,30,,28345,10,,,0,70,,28355,10,,,0,30,,28339,10,,,0,70,,28363,10,,,0,30,,28349,10,,,0,70,,28333,10,,,0,30,,28344,10,,,0,70,,28354,10,,,0,30,,28338,10,,,0,70,,28364,10,,,0,30,,28348,10,,,0,70,,28332,10,,,0,30,,28343,10,,,0,70,,28353,10,,,0,30,,28336,10,,,0,70,,28365,10,,,0,30,,28346,10,,,0,70,,28331,10,,,0,30,,28337,10,,,0,70,,28352,10,,,0,30,,28347,10,,,0,70,,28366,10,,,0,30,,28360,10,,,0,70,,28358,10,,,0
1019,'1861',608,,28367,10,,,0,100,,28368,10,,,0,100,,28369,10,,,0,100,,28370,10,,,0,100,,28371,10,,,0,100,,28372,10,,,0,100,,28373,10,,,0,100,,28374,10,,,0,100,,28375,10,,,0,100,,28376,10,,,0,100,,28377,10,,,0,100,,28378,10,,,0,100,,28379,10,,,0,100,,28380,10,,,0,100,,28381,10,,,0,100,,28382,10,,,0,100,,28383,10,,,0,100,,28384,10,,,0
1019,'1864',538,,28430,10,,,0,70,,34863,10,,,0,30,,34839,10,,,0,70,,34834,10,,,0,30,,34852,10,,,0,71,,34836,10,,,0,30,,34841,10,,,0,70,,34866,10,,,0,30,,34838,10,,,0,70,,34832,10,,,0,31,,34851,10,,,0,70,,34837,10,,,0,30,,34842,10,,,0,70,,34862,10,,,0,30,,34840,10,,,0,70,,34833,10,,,0,30,,34864,10,,,0,70,,34835,10,,,0,30,,34843,10,,,0,70,,34861,10,,,0,29,,34854,10,,,0,70,,34846,10,,,0,30,,34844,10,,,0,70,,34847,10,,,0,30,,34849,10,,,0,70,,34848,10,,,0,29,,34845,10,,,0,70,,34865,10,,,0,30,,34859,10,,,0,70,,34860,10,,,0,30,,34858,10,,,0,70,,34857,10,,,0,30,,34856,10,,,0,70,,34855,10,,,0,30,,34853,10,,,0,70,,34850,10,,,0
1019,'1865',538,,34876,10,,,0,70,,34899,10,,,0,30,,34874,10,,,0,70,,34869,10,,,0,30,,34888,10,,,0,71,,34871,10,,,0,30,,34877,10,,,0,70,,34902,10,,,0,30,,34873,10,,,0,70,,34867,10,,,0,31,,34887,10,,,0,70,,34872,10,,,0,30,,34878,10,,,0,70,,34898,10,,,0,30,,34875,10,,,0,70,,34868,10,,,0,30,,34900,10,,,0,70,,34870,10,,,0,30,,34879,10,,,0,70,,34897,10,,,0,29,,34890,10,,,0,70,,34882,10,,,0,30,,34880,10,,,0,70,,34883,10,,,0,30,,34885,10,,,0,70,,34884,10,,,0,29,,34881,10,,,0,70,,34901,10,,,0,30,,34895,10,,,0,70,,34896,10,,,0,30,,34894,10,,,0,70,,34893,10,,,0,30,,34892,10,,,0,70,,34891,10,,,0,30,,34889,10,,,0,70,,34886,10,,,0
1019,'1866',538,,34914,10,,,0,70,,34928,10,,,0,30,,34913,10,,,0,70,,34933,10,,,0,30,,34923,10,,,0,70,,34907,10,,,0,30,,34929,10,,,0,70,,34931,10,,,0,30,,34912,10,,,0,70,,34934,10,,,0,30,,34922,10,,,0,70,,34906,10,,,0,30,,34917,10,,,0,70,,34927,10,,,0,30,,34911,10,,,0,70,,34935,10,,,0,30,,34921,10,,,0,70,,34905,10,,,0,30,,34916,10,,,0,70,,34926,10,,,0,30,,34910,10,,,0,70,,34936,10,,,0,30,,34920,10,,,0,70,,34904,10,,,0,30,,34915,10,,,0,70,,34925,10,,,0,30,,34908,10,,,0,70,,34937,10,,,0,30,,34918,10,,,0,70,,34903,10,,,0,30,,34909,10,,,0,70,,34924,10,,,0,30,,34919,10,,,0,70,,34938,10,,,0,30,,34932,10,,,0,70,,34930,10,,,0
1019,'1867',608,,34939,10,,,0,100,,34940,10,,,0,100,,34941,10,,,0,100,,34942,10,,,0,100,,34943,10,,,0,100,,34944,10,,,0,100,,34945,10,,,0,100,,34946,10,,,0,100,,34947,10,,,0,100,,34948,10,,,0,100,,34949,10,,,0,100,,34950,10,,,0,100,,34951,10,,,0,100,,34952,10,,,0,100,,34953,10,,,0,100,,34954,10,,,0,100,,34955,10,,,0,100,,34956,10,,,0
2019,'1800',653,,19560,19,,,0,70,,19537,19,,,0,30,,19541,19,,,0,70,,19553,19,,,0,30,,19548,19,,,0,70,,19538,19,,,0,30,,19542,19,,,0,70,,19554,19,,,0,30,,19549,19,,,0,70,,19539,19,,,0,30,,19543,19,,,0,70,,19555,19,,,0,30,,19550,19,,,0,70,,19540,19,,,0,30,,19544,19,,,0,70,,19556,19,,,0,30,,19551,19,,,0,70,,19535,19,,,0,30,,19545,19,,,0,70,,19557,19,,,0,30,,19552,19,,,0,70,,19533,19,,,0,30,,19546,19,,,0,70,,19558,19,,,0,100,,19534,19,,,0,100,,19559,19,,,0,100,,19536,19,,,0,100,,19547,19,,,0,99,,19561,19,,,0
2019,'1838',653,,35124,19,,,0,70,,35101,19,,,0,30,,35105,19,,,0,70,,35117,19,,,0,30,,35112,19,,,0,70,,35102,19,,,0,30,,35106,19,,,0,70,,35118,19,,,0,30,,35113,19,,,0,70,,35103,19,,,0,30,,35107,19,,,0,70,,35119,19,,,0,30,,35114,19,,,0,70,,35104,19,,,0,30,,35108,19,,,0,70,,35120,19,,,0,30,,35115,19,,,0,70,,35099,19,,,0,30,,35109,19,,,0,70,,35121,19,,,0,30,,35116,19,,,0,70,,35097,19,,,0,30,,35110,19,,,0,70,,35122,19,,,0,100,,35098,19,,,0,100,,35123,19,,,0,100,,35100,19,,,0,100,,35111,19,,,0,99,,35125,19,,,0
2019,'1850',448,,28647,10,0,5 2 13 14,0,175,,28616,19,,,0,30,,28617,19,,,0,70,,28618,19,,,0,30,,28619,19,,,0,71,,28620,19,,,0,29,,28621,19,,,0,70,,28622,19,,,0,30,,28623,19,,,0,70,,28624,19,,,0,30,,28625,19,,,0,70,,28626,19,,,0,30,,28627,19,,,0,70,,28628,19,,,0,30,,28629,19,,,0,70,,28630,19,,,0,30,,28631,19,,,0,70,,28632,19,,,0,30,,28633,19,,,0,70,,28634,19,,,0,30,,28635,19,,,0,70,,28636,19,,,0,30,,28637,19,,,0,70,,28638,19,,,0,30,,28639,19,,,0,70,,28640,19,,,0,30,,28646,19,,,0,70,,28641,19,,,0,100,,28642,19,,,0,100,,28643,19,,,0,100,,28644,19,,,0,100,,28645,19,,,0
2019,'1857',623,,19412,19,,,0,30,,19413,19,,,0,70,,19414,19,,,0,30,,19415,19,,,0,71,,19416,19,,,0,29,,19417,19,,,0,70,,19418,19,,,0,30,,19419,19,,,0,70,,19420,19,,,0,30,,19421,19,,,0,70,,19422,19,,,0,30,,19423,19,,,0,70,,19424,19,,,0,30,,19425,19,,,0,70,,19426,19,,,0,30,,19427,19,,,0,70,,19428,19,,,0,30,,19429,19,,,0,70,,19430,19,,,0,30,,19431,19,,,0,70,,19432,19,,,0,30,,19433,19,,,0,70,,19434,19,,,0,30,,19435,19,,,0,70,,19436,19,,,0,30,,19442,19,,,0,70,,19437,19,,,0,100,,19438,19,,,0,100,,19439,19,,,0,100,,19440,19,,,0,100,,19441,19,,,0
2019,'1859',623,,19444,10,,,0,30,,19451,19,,,0,70,,19460,19,,,0,30,,19467,19,,,0,70,,19445,19,,,0,30,,19452,19,,,0,70,,19461,19,,,0,30,,19468,19,,,0,70,,19446,19,,,0,30,,19453,19,,,0,70,,19462,19,,,0,30,,19469,19,,,0,70,,19447,19,,,0,30,,19454,19,,,0,70,,19463,19,,,0,30,,19470,19,,,0,70,,19448,19,,,0,30,,19455,19,,,0,70,,19464,19,,,0,30,,19471,19,,,0,70,,19449,19,,,0,30,,19456,19,,,0,70,,19465,19,,,0,30,,19472,19,,,0,70,,19450,19,,,0,30,,19457,19,,,0,70,,19466,19,,,0,100,,19458,19,,,0,100,,19473,19,,,0,100,,19459,19,,,0,100,,19474,19,,,0
2019,'1861',653,,19502,19,,,0,70,,19479,19,,,0,30,,19483,19,,,0,70,,19495,19,,,0,30,,19490,19,,,0,70,,19480,19,,,0,30,,19484,19,,,0,70,,19496,19,,,0,30,,19491,19,,,0,70,,19481,19,,,0,30,,19485,19,,,0,70,,19497,19,,,0,30,,19492,19,,,0,70,,19482,19,,,0,30,,19486,19,,,0,70,,19498,19,,,0,30,,19493,19,,,0,70,,19477,19,,,0,30,,19487,19,,,0,70,,19499,19,,,0,30,,19494,19,,,0,70,,19475,19,,,0,30,,19488,19,,,0,70,,19500,19,,,0,100,,19476,19,,,0,100,,19501,19,,,0,100,,19478,19,,,0,100,,19489,19,,,0,99,,19503,19,,,0
2019,'1864',448,,35126,10,0,5 2 13 14,0
2019,'1865',448,,35158,10,0,5 2 13 14,0,175,,35127,19,,,0,30,,35128,19,,,0,70,,35129,19,,,0,30,,35130,19,,,0,71,,35131,19,,,0,29,,35132,19,,,0,70,,35133,19,,,0,30,,35134,19,,,0,70,,35135,19,,,0,30,,35136,19,,,0,70,,35137,19,,,0,30,,35138,19,,,0,70,,35139,19,,,0,30,,35140,19,,,0,70,,35141,19,,,0,30,,35142,19,,,0,70,,35143,19,,,0,30,,35144,19,,,0,70,,35145,19,,,0,30,,35146,19,,,0,70,,35147,19,,,0,30,,35148,19,,,0,70,,35149,19,,,0,30,,35150,19,,,0,70,,35151,19,,,0,30,,35157,19,,,0,70,,35152,19,,,0,100,,35153,19,,,0,100,,35154,19,,,0,100,,35155,19,,,0,100,,35156,19,,,0
2019,'1866',623,,35159,10,,,0,30,,35166,19,,,0,70,,35175,19,,,0,30,,35182,19,,,0,70,,35160,19,,,0,30,,35167,19,,,0,70,,35176,19,,,0,30,,35183,19,,,0,70,,35161,19,,,0,30,,35168,19,,,0,70,,35177,19,,,0,30,,35184,19,,,0,70,,35162,19,,,0,30,,35169,19,,,0,70,,35178,19,,,0,30,,35185,19,,,0,70,,35163,19,,,0,30,,35170,19,,,0,70,,35179,19,,,0,30,,35186,19,,,0,70,,35164,19,,,0,30,,35171,19,,,0,70,,35180,19,,,0,30,,35187,19,,,0,70,,35165,19,,,0,30,,35172,19,,,0,70,,35181,19,,,0,100,,35173,19,,,0,100,,35188,19,,,0,100,,35174,19,,,0,100,,35189,19,,,0
2019,'1867',653,,35217,19,,,0,70,,35194,19,,,0,30,,35198,19,,,0,70,,35210,19,,,0,30,,35205,19,,,0,70,,35195,19,,,0,30,,35199,19,,,0,70,,35211,19,,,0,30,,35206,19,,,0,70,,35196,19,,,0,30,,35200,19,,,0,70,,35212,19,,,0,30,,35207,19,,,0,70,,35197,19,,,0,30,,35201,19,,,0,70,,35213,19,,,0,30,,35208,19,,,0,70,,35192,19,,,0,30,,35202,19,,,0,70,,35214,19,,,0,30,,35209,19,,,0,70,,35190,19,,,0,30,,35203,19,,,0,70,,35215,19,,,0,100,,35191,19,,,0,100,,35216,19,,,0,100,,35193,19,,,0,100,,35204,19,,,0,99,,35218,19,,,0
14000001019,'1800',2418,,34757,26,,,0,30,,41971,26,,,0,70,,24911,26,,,0,30,,34758,26,,,0,70,,41970,26,,,0
14000001019,'1838',2418,,41975,26,,,0,30,,41974,26,,,0,70,,41972,26,,,0,30,,41976,26,,,0,70,,41973,26,,,0
14000001019,'1850',2418,,34775,26,,,0,30,,34772,26,,,0,70,,34773,26,,,0,30,,34774,26,,,0,70,,34771,26,,,0
14000001019,'1857',2518,,24893,26,,,0
14000001019,'1859',2418,,34766,26,,,0,30,,34763,26,,,0,70,,24899,26,,,0,30,,34765,26,,,0,70,,34764,26,,,0
14000001019,'1861',2418,,34769,26,,,0,100,,24901,26,,,0,30,,34770,26,,,0
14000001019,'1863',2448,,41978,26,,,0,170,,41977,26,,,0
14000001019,'1864',2418,,41982,26,,,0,30,,41980,26,,,0,100,,41981,26,,,0,70,,41979,26,,,0
14000001019,'1865',2418,,41987,26,,,0,30,,41984,26,,,0,70,,41985,26,,,0,30,,41986,26,,,0,70,,41983,26,,,0
14000001019,'1866',2418,,41992,26,,,0,30,,41988,26,,,0,70,,41991,26,,,0,30,,41990,26,,,0,70,,41989,26,,,0
14000001019,'1867',2418,,41996,26,,,0,30,,41995,26,,,0,70,,41993,26,,,0,30,,41997,26,,,0,70,,41994,26,,,0
