16029,'1799',934,,21364,19,,,0,702,,21369,19,,,0,403,,21371,19,,,0
16029,'1800',739,,25940,19,,,0,99,,25941,19,,,0,96,,21379,19,,,0,104,,25945,19,,,0,98,,25948,19,,,0,100,,25944,19,,,0,101,,25946,19,,,0,100,,25938,19,,,0,100,,25939,19,,,0,99,,21384,19,,,0,99,,25942,19,,,0,101,,25947,19,,,0,100,,25943,19,,,0,103,,21386,19,,,0,97,,25949,19,,,0
16029,'1829',608,,21283,19,,,0,30,,21284,19,,,0,73,,21285,19,,,0,36,,21286,19,,,0,71,,21287,19,,,0,32,,21288,19,,,0,70,,21289,19,,,0,29,,21290,19,,,0,67,,21291,19,,,0,30,,21292,19,,,0,100,,21294,19,,,0,70,,21295,19,,,0,130,,21298,19,,,0,71,,21299,19,,,0,32,,21300,19,,,0,71,,21301,19,,,0,29,,21302,19,,,0,72,,21303,19,,,0,30,,21304,19,,,0,69,,21305,19,,,0,28,,21306,19,,,0,266,,21310,19,,,0,24,,21311,19,,,0,169,,21314,19,,,0
16029,'1831',608,,21323,19,,,0,27,,21338,19,,,0,70,,21331,19,,,0,30,,21316,19,,,0,70,,21324,19,,,0,30,,21339,19,,,0,70,,21332,19,,,0,29,,21317,19,,,0,71,,21325,19,,,0,30,,21340,19,,,0,70,,21333,19,,,0,31,,21318,19,,,0,70,,21326,19,,,0,30,,21341,19,,,0,71,,21334,19,,,0,30,,21319,19,,,0,71,,21327,19,,,0,29,,21342,19,,,0,71,,21335,19,,,0,30,,21320,19,,,0,69,,21328,19,,,0,30,,21343,19,,,0,69,,21336,19,,,0,29,,21321,19,,,0,71,,21329,19,,,0,30,,21344,19,,,0,70,,21337,19,,,0,30,,21322,19,,,0,70,,21330,19,,,0,31,,21345,19,,,0,97,,21346,19,,,0,73,,21347,19,,,0
16029,'1832',739,,21351,19,,,0,99,,21352,19,,,0,200,,21358,19,,,0,98,,21361,19,,,0,100,,21357,19,,,0,101,,21359,19,,,0,100,,21348,19,,,0,100,,21350,19,,,0,198,,21353,19,,,0,101,,21360,19,,,0,100,,21355,19,,,0,200,,21362,19,,,0
16029,'1833',934,,21349,19,,,0,702,,21354,19,,,0,403,,21356,19,,,0
16029,'1834',739,,21366,19,,,0,99,,21367,19,,,0,200,,21373,19,,,0,98,,21376,19,,,0,100,,21372,19,,,0,101,,21374,19,,,0,100,,21363,19,,,0,100,,21365,19,,,0,198,,21368,19,,,0,101,,21375,19,,,0,100,,21370,19,,,0,200,,21377,19,,,0
16029,'1835',1116,,25950,19,,,0,130,,25951,19,,,0,70,,25952,19,,,0,501,,25953,19,,,0,30,,25958,19,,,0,67,,25954,19,,,0,30,,25955,19,,,0,164,,25956,19,,,0,29,,25957,19,,,0
16029,'1837',739,,25961,19,,,0,99,,25962,19,,,0,200,,25966,19,,,0,98,,25969,19,,,0,100,,25965,19,,,0,101,,25967,19,,,0,100,,25959,19,,,0,100,,25960,19,,,0,198,,25963,19,,,0,101,,25968,19,,,0,100,,25964,19,,,0,200,,25970,19,,,0
16029,'1838',739,,25973,19,,,0,99,,25974,19,,,0,200,,25978,19,,,0,98,,25981,19,,,0,100,,25977,19,,,0,101,,25979,19,,,0,100,,25971,19,,,0,100,,25972,19,,,0,198,,25975,19,,,0,101,,25980,19,,,0,100,,25976,19,,,0,200,,25982,19,,,0
