15019,'1838',729,,45028,35,,,0,100,,36883,35,,,0,100,,36886,35,,,0,101,,45027,35,,,0,100,,36881,35,,,0,100,,36879,35,,,0,101,,45026,35,,,0,100,,36880,35,,,0,100,,36877,35,,,0,99,,45025,35,,,0,100,,36875,35,,,0,100,,36876,35,,,0,100,,45024,35,,,0,99,,36887,35,,,0
15019,'1865',600,,36904,1,0,5 2 6 7,0,54,,36905,35,,,0,70,,45029,35,,,0,76,,36907,35,,,0,30,,36908,35,,,0,25,,36909,35,,,0,70,,36910,35,,,0,30,,36911,35,,,0,70,,45030,35,,,0,30,,45031,35,,,0,70,,42569,35,,,0,30,,45032,35,,,0,70,,45033,35,,,0,30,,42570,35,,,0,70,,36918,35,,,0,30,,45034,35,,,0,70,,36920,35,,,0,32,,36921,35,,,0,70,,45035,35,,,0,30,,45036,35,,,0,70,,36924,35,,,0,29,,36925,35,,,0,70,,36926,35,,,0,28,,45037,35,,,0,70,,36928,35,,,0,30,,45038,35,,,0,70,,45039,35,,,0,30,,36931,35,,,0,100,,45040,35,,,0,98,,45041,35,,,0,100,,45042,35,0,5 2 6 7,0
15019,'1866',602,,45048,1,0,5 2 6 7,0,127,,36935,35,,,0,100,,45043,35,,,0,100,,36937,35,,,0,101,,36938,35,,,0,100,,45044,35,,,0,100,,36940,35,,,0,101,,36941,35,,,0,100,,45045,35,,,0,100,,36943,35,,,0,99,,36944,35,,,0,100,,45046,35,,,0,100,,36946,35,,,0,100,,36947,35,,,0,99,,45047,35,,,0
15019,'1867',729,,45053,35,,,0,100,,36959,35,,,0,100,,36962,35,,,0,101,,45052,35,,,0,100,,36957,35,,,0,100,,36955,35,,,0,101,,45051,35,,,0,100,,36956,35,,,0,100,,36953,35,,,0,99,,45050,35,,,0,100,,36951,35,,,0,100,,36952,35,,,0,100,,45049,35,,,0,99,,36963,35,,,0
15019,'1873',729,,30301,35,,,0,200,,30303,35,,,0,101,,30304,35,,,0,200,,30306,35,,,0,101,,30307,35,,,0,200,,30309,35,,,0,99,,30310,35,,,0,200,,30312,35,,,0,100,,30313,35,,,0
15019,'1878',829,,30325,35,,,0,100,,30328,35,,,0,201,,30323,35,,,0,100,,30321,35,,,0,201,,30322,35,,,0,100,,30319,35,,,0,199,,30317,35,,,0,100,,30318,35,,,0,199,,30329,35,,,0
15019,'1881',724,,36889,35,,,0,301,,36890,35,,,0,30,,36891,35,,,0,100,,36893,35,,,0,70,,36894,35,,,0,130,,36896,35,,,0,172,,36897,35,,,0,30,,36898,35,,,0,197,,30384,35,,,0,100,,36899,35,,,0,70,,42574,35,,,0,130,,36901,35,,,0,98,,36902,35,,,0,100,,36903,35,0,5 2 6 7,0
15019,'1882',600,,30361,1,0,5 2 6 7,0,54,,30362,35,,,0,146,,30364,35,,,0,30,,30365,35,,,0,25,,30366,35,,,0,70,,30367,35,,,0,30,,30368,35,,,0,170,,42572,35,,,0,130,,42573,35,,,0,70,,30375,35,,,0,100,,30377,35,,,0,32,,30378,35,,,0,170,,30381,35,,,0,29,,30382,35,,,0,70,,30383,35,,,0,98,,30385,35,,,0,130,,30388,35,,,0
15019,'1886',724,,45054,35,,,0,301,,45055,35,,,0,30,,45056,35,,,0,100,,45057,35,,,0,70,,45058,35,,,0,130,,45059,35,,,0,172,,45060,35,,,0,30,,45061,35,,,0,197,,45062,35,,,0,100,,45063,35,,,0,70,,45064,35,,,0,130,,45065,35,,,0,98,,45066,35,,,0,100,,45067,35,0,5 2 6 7,0
15019,'1887',602,,45073,1,0,5 2 6 7,0,227,,45068,35,,,0,301,,45069,35,,,0,301,,45070,35,,,0,299,,45071,35,,,0,299,,45072,35,,,0
15019,'1888',729,,45078,35,,,0,301,,45077,35,,,0,301,,45076,35,,,0,299,,45075,35,,,0,300,,45074,35,,,0
