1019,'1817',604,,16535,5,,,0,100,,16536,5,,,0,100,,16537,5,,,0,100,,16538,5,,,0,100,,16539,5,,,0,100,,16540,5,,,0,100,,16541,5,,,0,100,,16542,5,,,0,100,,16543,5,,,0,100,,16544,5,,,0,100,,16545,5,,,0,100,,16546,5,,,0,100,,16547,5,,,0,100,,16548,5,,,0,100,,16549,5,,,0,100,,16550,5,,,0,100,,16551,5,,,0,100,,16552,5,,,0
1019,'1820',534,,13768,5,,,0,75,,9355,5,,,0,30,,9331,5,,,0,70,,13765,5,,,0,30,,13774,5,,,0,70,,9328,5,,,0,30,,9334,5,,,0,70,,13780,5,,,0,30,,13767,5,,,0,70,,9324,5,,,0,30,,13773,5,,,0,70,,9329,5,,,0,30,,13769,5,,,0,70,,13779,5,,,0,30,,9332,5,,,0,70,,9325,5,,,0,30,,9356,5,,,0,70,,13766,5,,,0,30,,13770,5,,,0,70,,13778,5,,,0,30,,13775,5,,,0,70,,9338,5,,,0,30,,9305,5,,,0,70,,9339,5,,,0,30,,9341,5,,,0,70,,13771,5,,,0,30,,9337,5,,,0,65,,9357,5,,,0,30,,9351,5,,,0,70,,13777,5,,,0,30,,9350,5,,,0,70,,13776,5,,,0,30,,9348,5,,,0,70,,9347,5,,,0,30,,9345,5,,,0,70,,13772,5,,,0
1019,'1823',534,,16562,5,,,0,75,,16585,5,,,0,30,,16560,5,,,0,70,,16555,5,,,0,30,,16574,5,,,0,70,,16557,5,,,0,30,,16563,5,,,0,70,,16588,5,,,0,30,,16559,5,,,0,70,,16553,5,,,0,30,,16573,5,,,0,70,,16558,5,,,0,30,,16564,5,,,0,70,,16584,5,,,0,30,,16561,5,,,0,70,,16554,5,,,0,30,,16586,5,,,0,70,,16556,5,,,0,30,,16565,5,,,0,70,,16583,5,,,0,30,,16576,5,,,0,70,,16568,5,,,0,30,,16566,5,,,0,70,,16569,5,,,0,30,,16571,5,,,0,70,,16570,5,,,0,30,,16567,5,,,0,65,,16587,5,,,0,30,,16581,5,,,0,70,,16582,5,,,0,30,,16580,5,,,0,70,,16579,5,,,0,30,,16578,5,,,0,70,,16577,5,,,0,30,,16575,5,,,0,70,,16572,5,,,0
1019,'1824',534,,16600,5,,,0,70,,16614,5,,,0,30,,16599,5,,,0,70,,16619,5,,,0,30,,16609,5,,,0,70,,16593,5,,,0,30,,16615,5,,,0,70,,16617,5,,,0,30,,16598,5,,,0,70,,16620,5,,,0,30,,16608,5,,,0,70,,16592,5,,,0,30,,16603,5,,,0,70,,16613,5,,,0,30,,16597,5,,,0,70,,16621,5,,,0,30,,16607,5,,,0,70,,16591,5,,,0,30,,16602,5,,,0,70,,16612,5,,,0,30,,16596,5,,,0,70,,16622,5,,,0,30,,16606,5,,,0,70,,16590,5,,,0,30,,16601,5,,,0,70,,16611,5,,,0,30,,16594,5,,,0,70,,16623,5,,,0,30,,16604,5,,,0,70,,16589,5,,,0,30,,16595,5,,,0,70,,16610,5,,,0,30,,16605,5,,,0,70,,16624,5,,,0,30,,16618,5,,,0,70,,16616,5,,,0
2019,'1816',619,,5782,5,,,0,30,,5789,14,,,0,70,,5798,14,,,0,30,,5805,14,,,0,70,,5783,14,,,0,30,,5790,14,,,0,70,,5799,14,,,0,30,,5806,14,,,0,70,,5784,14,,,0,30,,5791,14,,,0,70,,5800,14,,,0,30,,5807,14,,,0,70,,5785,14,,,0,30,,5792,14,,,0,70,,5801,14,,,0,30,,5808,14,,,0,70,,5786,14,,,0,30,,5793,14,,,0,70,,5802,14,,,0,30,,5809,14,,,0,70,,5787,14,,,0,30,,5794,14,,,0,70,,5803,14,,,0,30,,5810,14,,,0,70,,5788,14,,,0,30,,5795,14,,,0,70,,5804,14,,,0,100,,5796,14,,,0,100,,5811,14,,,0,100,,5797,14,,,0,100,,5812,14,,,0
2019,'1817',649,,9439,14,,,0,70,,9416,14,,,0,30,,9420,14,,,0,70,,9432,14,,,0,30,,9427,14,,,0,70,,9417,14,,,0,30,,9421,14,,,0,70,,9433,14,,,0,30,,9428,14,,,0,70,,9418,14,,,0,30,,9422,14,,,0,70,,9434,14,,,0,30,,9429,14,,,0,70,,9419,14,,,0,30,,9423,14,,,0,70,,9435,14,,,0,30,,9430,14,,,0,70,,9414,14,,,0,30,,9424,14,,,0,70,,9436,14,,,0,30,,9431,14,,,0,70,,9412,14,,,0,30,,9425,14,,,0,70,,9437,14,,,0,100,,9413,14,,,0,100,,9438,14,,,0,100,,9415,14,,,0,100,,9426,14,,,0,99,,9440,14,,,0
2019,'1820',444,,13795,5,0,5 2 13 14,0
2019,'1821',619,,5750,14,,,0,30,,5751,14,,,0,70,,5752,14,,,0,30,,5753,14,,,0,71,,5754,14,,,0,29,,5755,14,,,0,70,,5756,14,,,0,30,,5757,14,,,0,70,,5758,14,,,0,30,,5759,14,,,0,70,,5760,14,,,0,30,,5761,14,,,0,70,,5762,14,,,0,30,,5763,14,,,0,70,,5764,14,,,0,30,,5765,14,,,0,70,,5766,14,,,0,30,,5767,14,,,0,70,,5768,14,,,0,30,,5769,14,,,0,70,,5770,14,,,0,30,,5771,14,,,0,70,,5772,14,,,0,30,,5773,14,,,0,70,,5774,14,,,0,30,,5780,14,,,0,70,,5775,14,,,0,100,,5776,14,,,0,100,,5777,14,,,0,100,,5778,14,,,0,100,,5779,14,,,0
2019,'1823',444,,16712,5,0,5 2 13 14,0
12019,'1820',629,,14414,5,,,0,30,,14417,5,,,0,70,,10398,5,,,0,30,,14418,5,,,0,70,,14413,5,,,0,30,,14416,5,0,5 2 12,0,70,,10392,5,0,5 2 12,0,30,,10393,5,0,5 2 12,0,70,,10383,5,0,5 2 12,0,30,,14407,5,0,5 2 12,0,70,,14408,5,0,5 2 12,0,30,,14409,5,0,5 2 12,0,70,,14410,5,0,5 2 12,0,30,,10388,5,0,5 2 12,0,170,,10391,5,,,0,30,,10401,5,,,0,70,,14412,5,,,0,30,,10399,5,,,0,70,,10395,5,,,0,30,,10400,5,,,0,70,,14411,5,,,0,30,,14415,5,,,0
12019,'1821',1329,,10389,5,0,5 2 12,0,30,,10390,5,0,5 2 12,0
12019,'1823',629,,17267,5,,,0,30,,17270,5,,,0,70,,17263,5,,,0,30,,17271,5,,,0,70,,17262,5,,,0,30,,17269,5,0,5 2 12,0,70,,17257,5,0,5 2 12,0,30,,17258,5,0,5 2 12,0,70,,17250,5,0,5 2 12,0,30,,17251,5,0,5 2 12,0,70,,17252,5,0,5 2 12,0,30,,17253,5,0,5 2 12,0,70,,17254,5,0,5 2 12,0,30,,17255,5,0,5 2 12,0,170,,17256,5,,,0,30,,17266,5,,,0,70,,17261,5,,,0,30,,17264,5,,,0,70,,17260,5,,,0,30,,17265,5,,,0,70,,17259,5,,,0,30,,17268,5,,,0
14000001019,'1816',2513,,9276,21,,,0
14000001019,'1817',2413,,19136,21,,,0,30,,19135,21,,,0,70,,13721,21,,,0,30,,19137,21,,,0,70,,19134,21,,,0
14000001019,'1820',2413,,16506,21,,,0,30,,16504,21,,,0,100,,16505,21,,,0,70,,16503,21,,,0
14000001019,'1821',2513,,9270,21,,,0
14000001019,'1823',2413,,19141,21,,,0,30,,19139,21,,,0,100,,19140,21,,,0,70,,19138,21,,,0
14000001019,'1824',2413,,19145,21,,,0,30,,19142,21,,,0,100,,19144,21,,,0,70,,19143,21,,,0
