6019,'1838',848,,35710,4,,,0,100,,44313,4,,,0,100,,44318,4,,,0,100,,44322,4,,,0,101,,44317,4,,,0,100,,44321,4,,,0,100,,44316,4,,,0,100,,44320,4,,,0,100,,44315,4,,,0,100,,44319,4,,,0,99,,44314,4,,,0,100,,44323,4,,,0
6019,'1865',655,,35753,16,,,0,69,,42249,16,,,0,30,,42250,16,,,0,70,,42251,16,,,0,30,,44328,16,,,0,71,,42253,16,,,0,30,,42254,16,,,0,70,,44329,16,,,0,30,,42256,16,,,0,70,,42257,16,,,0,30,,42258,16,,,0,70,,42259,16,,,0,30,,42260,16,,,0,70,,44330,16,,,0,30,,42262,16,,,0,70,,42263,16,,,0,31,,44331,16,,,0,70,,42265,16,,,0,30,,42266,16,,,0,70,,44332,16,,,0,30,,42268,16,,,0,70,,42269,16,,,0,28,,42270,16,,,0,70,,42271,16,,,0,30,,42272,16,,,0,67,,44327,16,,,0,96,,44324,16,,,0,100,,35750,16,,,0,100,,44325,16,,,0,100,,44326,16,,,0
6019,'1866',649,,44335,16,,,0,70,,35780,16,,,0,28,,44353,16,,,0,70,,35793,16,,,0,30,,44337,16,,,0,70,,44346,16,,,0,30,,44354,16,,,0,72,,44352,16,,,0,30,,44345,16,,,0,70,,44357,16,,,0,30,,44344,16,,,0,70,,44351,16,,,0,30,,44343,16,,,0,70,,44356,16,,,0,30,,44342,16,,,0,70,,44350,16,,,0,30,,44341,16,,,0,70,,44355,16,,,0,30,,44340,16,,,0,70,,44349,16,,,0,30,,44339,16,,,0,70,,44333,16,,,0,30,,44338,16,,,0,70,,44348,16,,,0,30,,44336,16,,,0,68,,44347,16,,,0,101,,35805,4,,,0,100,,44334,4,,,0
6019,'1867',848,,35812,4,,,0,100,,44358,4,,,0,100,,44363,4,,,0,100,,44367,4,,,0,101,,44362,4,,,0,100,,44366,4,,,0,100,,44361,4,,,0,100,,44365,4,,,0,100,,44360,4,,,0,100,,44364,4,,,0,99,,44359,4,,,0,100,,44368,4,,,0
6019,'1873',719,,29075,16,,,0,98,,29088,16,,,0,1201,,29100,4,,,0
6019,'1878',848,,29107,4,,,0
6019,'1881',854,,42279,16,,,0,171,,42282,16,,,0,300,,42288,16,,,0,131,,42291,16,,,0,170,,42294,16,,,0,295,,42275,16,,,0,96,,35721,16,,,0,200,,42273,16,,,0,100,,42274,16,,,0
6019,'1882',655,,29148,16,,,0,69,,42276,16,,,0,30,,42277,16,,,0,70,,42278,16,,,0,101,,42280,16,,,0,30,,42281,16,,,0,100,,42283,16,,,0,70,,42284,16,,,0,30,,42285,16,,,0,70,,42286,16,,,0,30,,42287,16,,,0,100,,42289,16,,,0,70,,42290,16,,,0,101,,42292,16,,,0,30,,42293,16,,,0,100,,42295,16,,,0,70,,42296,16,,,0,28,,42297,16,,,0,70,,42298,16,,,0,30,,42299,16,,,0,263,,29145,16,,,0
6019,'1886',854,,44373,16,,,0,171,,44374,16,,,0,300,,44375,16,,,0,131,,44376,16,,,0,170,,44377,16,,,0,295,,44372,16,,,0,96,,44369,16,,,0,200,,44370,16,,,0,100,,44371,16,,,0
6019,'1887',649,,44380,16,,,0,98,,44398,16,,,0,100,,44382,16,,,0,70,,44391,16,,,0,30,,44399,16,,,0,72,,44397,16,,,0,30,,44390,16,,,0,70,,44402,16,,,0,30,,44389,16,,,0,70,,44396,16,,,0,30,,44388,16,,,0,70,,44401,16,,,0,30,,44387,16,,,0,70,,44395,16,,,0,30,,44386,16,,,0,70,,44400,16,,,0,30,,44385,16,,,0,70,,44394,16,,,0,30,,44384,16,,,0,70,,44378,16,,,0,30,,44383,16,,,0,70,,44393,16,,,0,30,,44381,16,,,0,68,,44392,16,,,0,201,,44379,4,,,0
6019,'1888',948,,44403,4,,,0,100,,44408,4,,,0,100,,44412,4,,,0,101,,44407,4,,,0,100,,44411,4,,,0,100,,44406,4,,,0,100,,44410,4,,,0,100,,44405,4,,,0,100,,44409,4,,,0,99,,44404,4,,,0,100,,44413,4,,,0
