13019,'1791',855,,10452,25,,,0,400,,10456,25,,,0,969,,10467,4,,,0,29,,10468,25,,,0
13019,'1808',1120,,10476,25,,,0,201,,10478,25,,,0,100,,10479,25,,,0,697,,10486,25,,,0
13019,'1809',819,,14431,25,,,0,100,,14432,25,,,0,100,,14433,25,,,0,101,,14434,25,,,0,101,,14435,25,,,0,100,,14436,25,,,0,100,,14437,25,,,0,100,,14438,25,,,0,100,,14439,25,,,0,98,,14440,25,,,0,100,,14441,25,,,0,100,,14442,25,,,0,99,,14443,25,,,0,100,,14444,25,,,0,100,,14430,25,,,0
13019,'1813',718,,10472,25,,,0,101,,10473,25,,,0,100,,10474,25,,,0,100,,10475,25,,,0,202,,10477,25,,,0,300,,10480,25,,,0,100,,10481,25,,,0,98,,10482,25,,,0,100,,10483,25,,,0,100,,10484,25,,,0,99,,10485,25,,,0,300,,10487,25,,,0
13019,'1814',819,,10432,25,,,0,100,,10433,25,,,0,100,,10434,25,,,0,101,,10435,25,,,0,101,,10436,25,,,0,100,,10437,25,,,0,100,,10438,25,,,0,100,,10439,25,,,0,100,,10440,25,,,0,98,,10441,25,,,0,100,,10442,25,,,0,100,,10443,25,,,0,99,,10444,25,,,0,100,,10445,25,,,0,100,,10431,25,,,0
13019,'1815',629,,14445,25,,,0,30,,14446,25,,,0,70,,14447,25,,,0,30,,14448,25,,,0,196,,14449,25,,,0,100,,14450,25,,,0,100,,14451,25,,,0,200,,14452,25,,,0,70,,14453,25,,,0,31,,14454,25,,,0,73,,14455,25,,,0,102,,14456,25,,,0,98,,14457,25,,,0,96,,14458,25,,,0,99,,14459,25,,,0,32,,14464,25,,,0,69,,14460,25,,,0,30,,14463,25,,,0,70,,14461,25,,,0,28,,14462,25,,,0
13019,'1816',718,,14465,25,,,0,101,,14466,25,,,0,100,,14467,25,,,0,100,,14468,25,,,0,202,,14469,25,,,0,300,,14470,25,,,0,100,,14471,25,,,0,98,,14472,25,,,0,100,,14473,25,,,0,100,,14474,25,,,0,99,,14475,25,,,0,300,,14476,25,,,0
13019,'1817',819,,14478,25,,,0,100,,14479,25,,,0,100,,14480,25,,,0,101,,14481,25,,,0,101,,14482,25,,,0,100,,14483,25,,,0,100,,14484,25,,,0,100,,14485,25,,,0,100,,14486,25,,,0,98,,14487,25,,,0,100,,14488,25,,,0,100,,14489,25,,,0,99,,14490,25,,,0,100,,14491,25,,,0,100,,14477,25,,,0
15029,'1791',647,,10680,35,,,0,71,,10681,75,,,0,32,,10682,75,,,0,272,,10687,75,,,0,30,,10688,75,,,0,70,,10689,75,,,0,30,,10690,75,,,0,70,,10691,75,,,0,130,,10694,75,,,0,70,,10695,75,,,0,181,,10698,75,,,0,148,,10702,75,,,0
15029,'1794',749,,10678,75,,,0,200,,10675,75,,,0,100,,10676,75,,,0,203,,10673,75,,,0,100,,10670,75,,,0,202,,10672,75,,,0,98,,10669,75,,,0,198,,10667,75,,,0,99,,10668,75,,,0
15029,'1808',621,,10714,35,,,0,226,,10716,75,,,0,303,,10719,75,,,0,306,,10722,75,,,0,295,,10725,75,,,0,298,,10713,75,,,0
15029,'1809',749,,10740,75,,,0,98,,14592,75,,,0,102,,10737,75,,,0,100,,10738,75,,,0,103,,14593,75,,,0,100,,10735,75,,,0,100,,10732,75,,,0,102,,14591,75,,,0,100,,10734,75,,,0,98,,10731,75,,,0,99,,14590,75,,,0,99,,10729,75,,,0,99,,10730,75,,,0,100,,14589,75,,,0
15029,'1813',754,,10715,75,,,0,193,,10717,75,,,0,100,,10718,75,,,0,203,,10720,75,,,0,100,,10721,75,,,0,206,,10723,75,,,0,97,,10724,75,,,0,197,,10726,75,,,0,99,,10712,75,,,0
15029,'1814',847,,10674,75,,,0,305,,10677,75,,,0,302,,10671,75,,,0,297,,10666,75,,,0,298,,10665,75,,,0
15029,'1815',627,,14594,35,,,0,197,,14595,75,,,0,30,,14596,75,,,0,73,,14597,75,,,0,30,,14598,75,,,0,295,,14599,75,,,0,70,,14600,75,,,0,133,,14601,75,,,0,73,,14602,75,,,0,107,,14603,75,,,0,68,,14604,75,,,0,25,,14605,75,,,0,92,,14606,75,,,0,29,,14607,75,,,0,67,,14608,75,,,0,30,,14609,75,,,0,70,,14610,75,,,0,30,,14611,75,,,0,70,,14612,75,,,0,98,,14614,75,,,0,97,,14613,75,,,0
15029,'1816',754,,14616,75,,,0,193,,14617,75,,,0,100,,14618,75,,,0,203,,14619,75,,,0,100,,14620,75,,,0,206,,14621,75,,,0,97,,14622,75,,,0,197,,14623,75,,,0,99,,14615,75,,,0
15029,'1817',847,,14627,75,,,0,305,,14628,75,,,0,302,,14626,75,,,0,297,,14625,75,,,0,298,,14624,75,,,0
19019,'1791',1138,,11030,12,,,0,200,,11028,12,,,0,171,,11042,12,,,0,31,,11049,12,,,0
19019,'1794',2152,,11009,12,,,0,100,,10984,12,,,0
19019,'1808',2047,,11082,12,,,0,175,,11080,12,,,0,100,,11078,12,,,0
19019,'1809',624,,14734,12,,,0,112,,14735,12,,,0,100,,14732,12,,,0,70,,14731,12,,,0,30,,14724,12,,,0,70,,14728,12,,,0,31,,14730,12,,,0,70,,14716,12,,,0,30,,14720,12,,,0,70,,14723,12,,,0,30,,14727,12,,,0,70,,14729,12,,,0,30,,14715,12,,,0,70,,14719,12,,,0,31,,14722,12,,,0,71,,14725,12,,,0,30,,14711,12,,,0,70,,14714,12,,,0,30,,14718,12,,,0,69,,14721,12,,,0,29,,14726,12,,,0,70,,14712,12,,,0,30,,14713,12,,,0,70,,14717,12,,,0,30,,14736,12,,,0,70,,14737,12,,,0,45,,14733,12,,,0,100,,11109,12,,,0,100,,11084,12,,,0,84,,14710,12,,,0
19019,'1813',624,,11065,12,,,0,12,,11056,12,,,0,70,,11070,12,,,0,30,,11060,12,,,0,70,,11074,12,,,0,30,,11064,12,,,0,70,,11057,12,,,0,30,,11071,12,,,0,70,,11061,12,,,0,31,,11058,12,,,0,70,,11072,12,,,0,30,,11062,12,,,0,70,,11059,12,,,0,30,,11073,12,,,0,70,,11063,12,,,0,30,,11075,12,,,0,70,,11051,12,,,0,31,,11077,12,,,0,71,,11067,12,,,0,30,,11054,12,,,0,70,,11052,12,,,0,30,,11068,12,,,0,69,,11055,12,,,0,29,,11050,12,,,0,70,,11076,12,,,0,30,,11066,12,,,0,70,,11053,12,,,0,30,,11081,12,,,0,185,,11079,12,,,0,219,,11069,12,,,0
19019,'1814',624,,11008,12,,,0,112,,11010,12,,,0,100,,11006,12,,,0,70,,11005,12,,,0,30,,10998,12,,,0,70,,11002,12,,,0,31,,11004,12,,,0,70,,10990,12,,,0,30,,10994,12,,,0,70,,10997,12,,,0,30,,11001,12,,,0,70,,11003,12,,,0,30,,10989,12,,,0,70,,10993,12,,,0,31,,10996,12,,,0,71,,10999,12,,,0,30,,10985,12,,,0,70,,10988,12,,,0,30,,10992,12,,,0,69,,10995,12,,,0,29,,11000,12,,,0,70,,10986,12,,,0,30,,10987,12,,,0,70,,10991,12,,,0,30,,11011,12,,,0,70,,11012,12,,,0,45,,11007,12,,,0,284,,10983,12,,,0
19019,'1815',837,,14745,12,,,0,71,,14746,12,,,0,29,,14738,12,,,0,70,,14739,12,,,0,30,,14741,12,,,0,70,,14742,12,,,0,101,,14743,12,,,0,30,,14747,12,,,0,70,,14744,12,,,0,100,,14740,12,,,0,30,,14748,12,,,0,400,,14751,12,,,0,70,,14750,12,,,0,30,,14755,12,,,0,100,,14754,12,,,0,99,,14753,12,,,0,99,,14752,12,,,0,99,,14749,12,,,0
19019,'1816',624,,14771,12,,,0,12,,14762,12,,,0,70,,14776,12,,,0,30,,14766,12,,,0,70,,14780,12,,,0,30,,14770,12,,,0,70,,14763,12,,,0,30,,14777,12,,,0,70,,14767,12,,,0,31,,14764,12,,,0,70,,14778,12,,,0,30,,14768,12,,,0,70,,14765,12,,,0,30,,14779,12,,,0,70,,14769,12,,,0,30,,14781,12,,,0,70,,14757,12,,,0,31,,14783,12,,,0,71,,14773,12,,,0,30,,14760,12,,,0,70,,14758,12,,,0,30,,14774,12,,,0,69,,14761,12,,,0,29,,14756,12,,,0,70,,14782,12,,,0,30,,14772,12,,,0,70,,14759,12,,,0,30,,14785,12,,,0,185,,14784,12,,,0,219,,14775,12,,,0
19019,'1817',624,,14810,12,,,0,112,,14811,12,,,0,100,,14808,12,,,0,70,,14807,12,,,0,30,,14800,12,,,0,70,,14804,12,,,0,31,,14806,12,,,0,70,,14792,12,,,0,30,,14796,12,,,0,70,,14799,12,,,0,30,,14803,12,,,0,70,,14805,12,,,0,30,,14791,12,,,0,70,,14795,12,,,0,31,,14798,12,,,0,71,,14801,12,,,0,30,,14787,12,,,0,70,,14790,12,,,0,30,,14794,12,,,0,69,,14797,12,,,0,29,,14802,12,,,0,70,,14788,12,,,0,30,,14789,12,,,0,70,,14793,12,,,0,30,,14812,12,,,0,70,,14813,12,,,0,45,,14809,12,,,0,284,,14786,12,,,0
10019019,'1791',740,,13625,11,,,0,904,,13631,11,,,0
10019019,'1815',614,,16417,11,,,0,26,,16418,11,,,0,70,,16416,11,,,0,100,,16419,11,,,0,804,,16423,11,,,0,100,,16420,11,,,0,30,,16424,11,,,0,67,,16421,11,,,0,210,,16422,11,,,0
