15029,'1838',725,,36977,33,,,0,98,,45082,33,,,0,100,,36974,33,,,0,100,,36975,33,,,0,101,,45083,33,,,0,100,,36972,33,,,0,100,,36969,33,,,0,102,,45081,33,,,0,100,,36971,33,,,0,100,,36968,33,,,0,99,,45080,33,,,0,99,,36966,33,,,0,100,,36967,33,,,0,100,,45079,33,,,0
15029,'1865',651,,36995,33,,,0,69,,36996,33,,,0,33,,36997,33,,,0,71,,45086,33,,,0,33,,36999,33,,,0,70,,37000,33,,,0,25,,37001,33,,,0,70,,37002,33,,,0,30,,37003,33,,,0,70,,45087,33,,,0,30,,45088,33,,,0,70,,42575,33,,,0,30,,45089,33,,,0,70,,45090,33,,,0,30,,42576,33,,,0,70,,37010,33,,,0,33,,45091,33,,,0,75,,37012,33,,,0,72,,37013,33,,,0,30,,45092,33,,,0,68,,45093,33,,,0,24,,37016,33,,,0,29,,37017,33,,,0,69,,37018,33,,,0,27,,45094,33,,,0,70,,37020,33,,,0,30,,45095,33,,,0,70,,45096,33,,,0,30,,37023,33,,,0,100,,45098,33,,,0,97,,45097,33,,,0
15029,'1866',730,,37029,33,,,0,93,,37030,33,,,0,100,,45100,33,,,0,100,,37032,33,,,0,101,,37033,33,,,0,100,,45101,33,,,0,100,,37035,33,,,0,103,,37036,33,,,0,100,,45102,33,,,0,100,,37038,33,,,0,98,,37039,33,,,0,99,,45103,33,,,0,100,,37026,33,,,0,100,,37027,33,,,0
15029,'1867',725,,37054,33,,,0,98,,45107,33,,,0,100,,37051,33,,,0,100,,37052,33,,,0,101,,45108,33,,,0,100,,37049,33,,,0,100,,37046,33,,,0,102,,45106,33,,,0,100,,37048,33,,,0,100,,37045,33,,,0,99,,45105,33,,,0,99,,37043,33,,,0,100,,37044,33,,,0,100,,45104,33,,,0
15029,'1873',730,,30423,33,,,0,93,,30424,33,,,0,200,,30426,33,,,0,101,,30427,33,,,0,200,,30429,33,,,0,103,,30430,33,,,0,200,,30432,33,,,0,98,,30433,33,,,0,199,,30420,33,,,0,100,,30421,33,,,0
15029,'1878',725,,30448,33,,,0,198,,30445,33,,,0,100,,30446,33,,,0,201,,30443,33,,,0,100,,30440,33,,,0,202,,30442,33,,,0,100,,30439,33,,,0,198,,30437,33,,,0,100,,30438,33,,,0
15029,'1881',824,,36979,33,,,0,298,,36980,33,,,0,30,,36981,33,,,0,100,,36983,33,,,0,70,,36984,33,,,0,133,,36986,33,,,0,177,,36987,33,,,0,68,,36988,33,,,0,149,,30508,33,,,0,100,,36989,33,,,0,70,,42580,33,,,0,130,,36992,33,,,0,97,,36991,33,,,0
15029,'1882',651,,30484,33,,,0,69,,30485,33,,,0,33,,30486,33,,,0,104,,30488,33,,,0,70,,30489,33,,,0,25,,30490,33,,,0,70,,30491,33,,,0,30,,30492,33,,,0,170,,42578,33,,,0,130,,42579,33,,,0,70,,30499,33,,,0,108,,30501,33,,,0,72,,30502,33,,,0,122,,30505,33,,,0,29,,30506,33,,,0,69,,30507,33,,,0,97,,30509,33,,,0,130,,30512,33,,,0
15029,'1886',824,,45111,33,,,0,298,,45112,33,,,0,30,,45113,33,,,0,100,,45114,33,,,0,70,,45115,33,,,0,133,,45116,33,,,0,177,,45117,33,,,0,68,,45118,33,,,0,149,,45119,33,,,0,100,,45120,33,,,0,70,,45121,33,,,0,130,,45123,33,,,0,97,,45122,33,,,0
15029,'1887',923,,45125,33,,,0,301,,45126,33,,,0,303,,45127,33,,,0,297,,45128,33,,,0
15029,'1888',823,,45132,33,,,0,301,,45133,33,,,0,302,,45131,33,,,0,299,,45130,33,,,0,299,,45129,33,,,0
