501029,'1799',714,,22696,10,,,0,100,,22695,10,,,0,100,,22698,10,,,0,190,,22718,10,,,0,45,,22676,10,,,0,155,,22713,10,,,0,45,,22671,10,,,0,155,,22709,10,,,0,46,,22669,10,,,0,155,,22705,10,,,0,45,,22672,10,,,0,184,,22715,10,,,0,10,,22681,10,,,0,299,,22678,10,,,0,95,,22677,10,,,0
501029,'1800',644,,26431,10,,,0,70,,22750,10,,,0,30,,26430,10,,,0,70,,22749,10,,,0,30,,26429,10,,,0,70,,22752,10,,,0,30,,26432,10,,,0,75,,26440,10,,,0,15,,26453,10,,,0,15,,26425,10,,,0,55,,22772,10,,,0,15,,26433,10,,,0,15,,26457,10,,,0,15,,22730,10,,,0,55,,26448,10,,,0,15,,26434,10,,,0,15,,26450,10,,,0,15,,26422,10,,,0,55,,22767,10,,,0,15,,26439,10,,,0,15,,26454,10,,,0,15,,22725,10,,,0,55,,26458,10,,,0,15,,26438,10,,,0,15,,26447,10,,,0,15,,26423,10,,,0,55,,22763,10,,,0,15,,26436,10,,,0,16,,26452,10,,,0,15,,22723,10,,,0,55,,26455,10,,,0,15,,26435,10,,,0,15,,26456,10,,,0,15,,26424,10,,,0,55,,22759,10,,,0,15,,26437,10,,,0,15,,26449,10,,,0,15,,22726,10,,,0,55,,26451,10,,,0,15,,26443,10,,,0,30,,26428,10,,,0,69,,26446,10,,,0,15,,22769,10,,,0,10,,22735,10,,,0,69,,26442,10,,,0,30,,26427,10,,,0,70,,26444,10,,,0,30,,26426,10,,,0,70,,26445,10,,,0,30,,22732,10,,,0,70,,26441,10,,,0,25,,22731,10,,,0
501029,'1829',548,,22484,10,,,0,98,,22485,10,,,0,10,,22551,10,,,0,152,,22490,10,,,0,46,,22494,10,,,0,65,,22496,10,,,0,15,,22497,10,,,0,85,,22500,10,,,0,30,,22502,10,,,0,87,,22505,10,,,0,70,,22507,10,,,0,45,,22510,10,,,0,100,,22514,10,,,0,55,,22515,10,,,0,16,,22516,10,,,0,31,,22482,10,,,0,55,,22483,10,,,0,12,,22518,10,,,0,124,,22525,10,,,0,12,,22526,10,,,0,96,,22531,10,,,0,267,,22541,10,,,0
501029,'1831',1049,,22580,10,,,0,55,,22589,10,,,0,30,,22598,10,,,0,70,,22590,10,,,0,15,,22607,10,,,0,30,,22582,10,,,0,85,,22600,10,,,0,70,,22592,10,,,0,15,,22609,10,,,0,30,,22584,10,,,0,70,,22610,10,,,0,16,,22602,10,,,0,70,,22594,10,,,0,30,,22603,10,,,0,15,,22586,10,,,0,70,,22588,10,,,0,85,,22596,10,,,0,30,,22579,10,,,0,15,,22561,10,,,0,69,,22578,10,,,0,30,,22560,10,,,0,69,,22575,10,,,0,25,,22559,10,,,0,70,,22576,10,,,0,30,,22558,10,,,0,70,,22574,10,,,0,30,,22557,10,,,0,70,,22573,10,,,0,25,,22556,10,,,0
501029,'1832',644,,22631,10,,,0,100,,22630,10,,,0,100,,22629,10,,,0,100,,22632,10,,,0,75,,22640,10,,,0,15,,22660,10,,,0,15,,22621,10,,,0,70,,22633,10,,,0,15,,22666,10,,,0,70,,22653,10,,,0,15,,22634,10,,,0,15,,22656,10,,,0,15,,22616,10,,,0,70,,22639,10,,,0,15,,22662,10,,,0,70,,22667,10,,,0,15,,22638,10,,,0,15,,22652,10,,,0,15,,22619,10,,,0,70,,22636,10,,,0,16,,22658,10,,,0,70,,22663,10,,,0,15,,22635,10,,,0,15,,22665,10,,,0,15,,22620,10,,,0,70,,22637,10,,,0,15,,22654,10,,,0,70,,22657,10,,,0,15,,22647,10,,,0,30,,22628,10,,,0,69,,22650,10,,,0,94,,22646,10,,,0,30,,22626,10,,,0,70,,22648,10,,,0,30,,22625,10,,,0,70,,22649,10,,,0,100,,22645,10,,,0
501029,'1833',714,,22642,10,,,0,100,,22641,10,,,0,100,,22644,10,,,0,190,,22664,10,,,0,45,,22622,10,,,0,155,,22659,10,,,0,45,,22617,10,,,0,155,,22655,10,,,0,46,,22615,10,,,0,155,,22651,10,,,0,45,,22618,10,,,0,184,,22661,10,,,0,10,,22627,10,,,0,299,,22624,10,,,0,95,,22623,10,,,0
501029,'1834',644,,22685,10,,,0,100,,22684,10,,,0,100,,22683,10,,,0,100,,22686,10,,,0,75,,22694,10,,,0,15,,22714,10,,,0,15,,22675,10,,,0,70,,22687,10,,,0,15,,22720,10,,,0,70,,22707,10,,,0,15,,22688,10,,,0,15,,22710,10,,,0,15,,22670,10,,,0,70,,22693,10,,,0,15,,22716,10,,,0,70,,22721,10,,,0,15,,22692,10,,,0,15,,22706,10,,,0,15,,22673,10,,,0,70,,22690,10,,,0,16,,22712,10,,,0,70,,22717,10,,,0,15,,22689,10,,,0,15,,22719,10,,,0,15,,22674,10,,,0,70,,22691,10,,,0,15,,22708,10,,,0,70,,22711,10,,,0,15,,22701,10,,,0,30,,22682,10,,,0,69,,22704,10,,,0,94,,22700,10,,,0,30,,22680,10,,,0,70,,22702,10,,,0,30,,22679,10,,,0,70,,22703,10,,,0,100,,22699,10,,,0
501029,'1835',706,,26459,10,,,0,10,,26460,10,,,0,20,,26461,10,,,0,15,,26462,10,,,0,69,,26463,10,,,0,13,,26464,10,,,0,5,,26506,10,,,0,5,,26465,10,,,0,65,,26466,10,,,0,41,,26467,10,,,0,55,,26468,10,,,0,30,,26469,10,,,0,71,,26470,10,,,0,16,,26471,10,,,0,30,,26472,10,,,0,70,,26473,10,,,0,15,,26474,10,,,0,70,,26475,10,,,0,15,,26476,10,,,0,15,,26477,10,,,0,102,,26478,10,,,0,88,,26505,10,,,0,6,,26479,10,,,0,12,,26480,10,,,0,12,,26481,10,,,0,52,,26482,10,,,0,12,,26483,10,,,0,6,,26507,10,,,0,6,,26484,10,,,0,75,,26485,10,,,0,12,,26486,10,,,0,11,,26487,10,,,0,11,,26488,10,,,0,63,,26489,10,,,0,12,,26490,10,,,0,12,,26491,10,,,0,12,,26492,10,,,0,12,,26493,10,,,0,52,,26494,10,,,0,15,,26495,10,,,0,15,,26496,10,,,0,15,,26497,10,,,0,100,,26498,10,,,0,69,,26499,10,,,0,25,,26500,10,,,0,70,,26501,10,,,0,30,,26502,10,,,0,70,,26503,10,,,0,26,,26504,10,,,0
501029,'1836',644,,26513,10,,,0,75,,26518,10,,,0,15,,26533,10,,,0,15,,26512,10,,,0,70,,26519,10,,,0,30,,26511,10,,,0,70,,26517,10,,,0,30,,26510,10,,,0,55,,26509,10,,,0,15,,26516,10,,,0,15,,26515,10,,,0,85,,26534,10,,,0,30,,26522,10,,,0,85,,26530,10,,,0,70,,26526,10,,,0,15,,26535,10,,,0,30,,26523,10,,,0,85,,26531,10,,,0,70,,26527,10,,,0,46,,26524,10,,,0,70,,26536,10,,,0,85,,26528,10,,,0,30,,26532,10,,,0,15,,26525,10,,,0,70,,26521,10,,,0,84,,26529,10,,,0,30,,26537,10,,,0
501029,'1837',644,,26548,10,,,0,100,,26547,10,,,0,100,,26546,10,,,0,100,,26549,10,,,0,75,,26557,10,,,0,15,,26570,10,,,0,15,,26542,10,,,0,70,,26550,10,,,0,15,,26574,10,,,0,70,,26565,10,,,0,15,,26551,10,,,0,15,,26567,10,,,0,15,,26539,10,,,0,70,,26556,10,,,0,15,,26571,10,,,0,70,,26575,10,,,0,15,,26555,10,,,0,15,,26564,10,,,0,15,,26540,10,,,0,70,,26553,10,,,0,16,,26569,10,,,0,70,,26572,10,,,0,15,,26552,10,,,0,15,,26573,10,,,0,15,,26541,10,,,0,70,,26554,10,,,0,15,,26566,10,,,0,70,,26568,10,,,0,15,,26560,10,,,0,30,,26545,10,,,0,69,,26563,10,,,0,94,,26559,10,,,0,30,,26544,10,,,0,70,,26561,10,,,0,30,,26543,10,,,0,70,,26562,10,,,0,100,,26558,10,,,0
501029,'1838',644,,26586,10,,,0,100,,26585,10,,,0,100,,26584,10,,,0,100,,26587,10,,,0,75,,26595,10,,,0,15,,26608,10,,,0,15,,26580,10,,,0,70,,26588,10,,,0,15,,26612,10,,,0,70,,26603,10,,,0,15,,26589,10,,,0,15,,26605,10,,,0,15,,26577,10,,,0,70,,26594,10,,,0,15,,26609,10,,,0,70,,26613,10,,,0,15,,26593,10,,,0,15,,26602,10,,,0,15,,26578,10,,,0,70,,26591,10,,,0,16,,26607,10,,,0,70,,26610,10,,,0,15,,26590,10,,,0,15,,26611,10,,,0,15,,26579,10,,,0,70,,26592,10,,,0,15,,26604,10,,,0,70,,26606,10,,,0,15,,26598,10,,,0,30,,26583,10,,,0,69,,26601,10,,,0,94,,26597,10,,,0,30,,26582,10,,,0,70,,26599,10,,,0,30,,26581,10,,,0,70,,26600,10,,,0,100,,26596,10,,,0
