7029,'1800',724,,29514,26,,,0,100,,29515,26,,,0,100,,29516,26,,,0,100,,29517,26,,,0,100,,29518,26,,,0,100,,29519,26,,,0,100,,29520,26,,,0,101,,29521,26,,,0,100,,29522,26,,,0,99,,29523,26,,,0,100,,29524,26,,,0,100,,29525,26,,,0,100,,29526,26,,,0,100,,29527,26,,,0,100,,29513,26,,,0
7029,'1838',724,,36145,26,,,0,100,,36146,26,,,0,100,,36147,26,,,0,100,,36148,26,,,0,100,,36149,26,,,0,100,,36150,26,,,0,100,,36151,26,,,0,101,,36152,26,,,0,100,,36153,26,,,0,99,,36154,26,,,0,100,,36155,26,,,0,100,,36156,26,,,0,100,,36157,26,,,0,100,,36158,26,,,0,100,,36144,26,,,0
7029,'1850',522,,29600,26,,,0,103,,29601,26,,,0,29,,29602,26,,,0,72,,29603,26,,,0,30,,29604,26,,,0,71,,29605,26,,,0,29,,29606,26,,,0,70,,29607,26,,,0,30,,29608,26,,,0,70,,29609,26,,,0,30,,29610,26,,,0,70,,29611,26,,,0,30,,29612,26,,,0,70,,29596,26,,,0,30,,29597,26,,,0,70,,29598,26,,,0,31,,29595,26,,,0,70,,29594,26,,,0,32,,29599,26,,,0,68,,29613,26,,,0,30,,29614,26,,,0,70,,29615,26,,,0,29,,29616,26,,,0,70,,29617,26,,,0,29,,29618,26,,,0,70,,29619,26,,,0,30,,29620,26,,,0,70,,29621,26,,,0,30,,29622,26,,,0,69,,29623,26,,,0,101,,29624,26,,,0,99,,29625,26,,,0,100,,29626,26,,,0
7029,'1859',625,,29576,15,,,0,29,,29545,26,,,0,70,,29559,26,,,0,30,,29546,26,,,0,70,,29560,26,,,0,100,,29561,26,,,0,100,,29562,26,,,0,100,,29563,26,,,0,30,,29550,26,,,0,70,,29564,26,,,0,100,,29565,26,,,0,30,,29552,26,,,0,71,,29566,26,,,0,30,,29553,26,,,0,70,,29567,26,,,0,99,,29568,26,,,0,100,,29569,26,,,0,100,,29570,26,,,0,100,,29571,26,,,0,30,,29558,26,,,0,70,,29572,26,,,0,100,,29573,26,,,0,100,,29574,26,,,0
7029,'1861',724,,29579,26,,,0,100,,29580,26,,,0,100,,29581,26,,,0,100,,29582,26,,,0,100,,29583,26,,,0,100,,29584,26,,,0,100,,29585,26,,,0,101,,29586,26,,,0,100,,29587,26,,,0,99,,29588,26,,,0,100,,29589,26,,,0,100,,29590,26,,,0,100,,29591,26,,,0,100,,29592,26,,,0,100,,29578,26,,,0
7029,'1862',854,,36160,26,,,0,100,,36161,26,,,0,100,,36162,26,,,0,200,,36163,26,,,0,301,,36164,26,,,0,99,,36165,26,,,0,100,,36166,26,,,0,100,,36167,26,,,0,470,,36168,26,,,0
7029,'1864',522,,36176,26,,,0,103,,36177,26,,,0,29,,29635,26,,,0,72,,29636,26,,,0,30,,29637,26,,,0,71,,29638,26,,,0,29,,36178,26,,,0,70,,36179,26,,,0,30,,36180,26,,,0,70,,36181,26,,,0,30,,29643,26,,,0,70,,29644,26,,,0,30,,29645,26,,,0,70,,36172,26,,,0,30,,36173,26,,,0,70,,36174,26,,,0,31,,36171,26,,,0,70,,36170,26,,,0,32,,36175,26,,,0,68,,29646,26,,,0,30,,36182,26,,,0,70,,36183,26,,,0,29,,36184,26,,,0,70,,36185,26,,,0,29,,36186,26,,,0,70,,29652,26,,,0,30,,29653,26,,,0,70,,36187,26,,,0,30,,29655,26,,,0,69,,29656,26,,,0,101,,29657,26,,,0,99,,29658,26,,,0,100,,36188,26,,,0
7029,'1865',522,,36195,26,,,0,103,,36196,26,,,0,29,,36197,26,,,0,72,,36198,26,,,0,30,,36199,26,,,0,71,,36200,26,,,0,29,,36201,26,,,0,70,,36202,26,,,0,30,,36203,26,,,0,70,,36204,26,,,0,30,,36205,26,,,0,70,,36206,26,,,0,30,,36207,26,,,0,70,,36191,26,,,0,30,,36192,26,,,0,70,,36193,26,,,0,31,,36190,26,,,0,70,,36189,26,,,0,32,,36194,26,,,0,68,,36208,26,,,0,30,,36209,26,,,0,70,,36210,26,,,0,29,,36211,26,,,0,70,,36212,26,,,0,29,,36213,26,,,0,70,,36214,26,,,0,30,,36215,26,,,0,70,,36216,26,,,0,30,,36217,26,,,0,69,,36218,26,,,0,101,,36219,26,,,0,99,,36220,26,,,0,100,,36221,26,,,0
7029,'1866',625,,36253,15,,,0,29,,36222,26,,,0,70,,36236,26,,,0,30,,36223,26,,,0,70,,36237,26,,,0,30,,36224,26,,,0,70,,36238,26,,,0,30,,36225,26,,,0,70,,36239,26,,,0,30,,36226,26,,,0,70,,36240,26,,,0,30,,36227,26,,,0,70,,36241,26,,,0,30,,36228,26,,,0,70,,36242,26,,,0,30,,36229,26,,,0,71,,36243,26,,,0,30,,36230,26,,,0,70,,36244,26,,,0,30,,36231,26,,,0,69,,36245,26,,,0,30,,36232,26,,,0,70,,36246,26,,,0,30,,36233,26,,,0,70,,36247,26,,,0,30,,36234,26,,,0,70,,36248,26,,,0,30,,36235,26,,,0,70,,36249,26,,,0,100,,36250,26,,,0,100,,36251,26,,,0,100,,36252,26,,,0
7029,'1867',724,,36256,26,,,0,100,,36257,26,,,0,100,,36258,26,,,0,100,,36259,26,,,0,100,,36260,26,,,0,100,,36261,26,,,0,100,,36262,26,,,0,101,,36263,26,,,0,100,,36264,26,,,0,99,,36265,26,,,0,100,,36266,26,,,0,100,,36267,26,,,0,100,,36268,26,,,0,100,,36269,26,,,0,100,,36255,26,,,0
