1029,'1799',616,,19376,36,,,0,100,,19377,36,,,0,100,,19378,36,,,0,100,,19379,36,,,0,100,,19380,36,,,0,100,,19381,36,,,0,100,,19382,36,,,0,100,,19383,36,,,0,100,,19384,36,,,0,100,,19385,36,,,0,100,,19386,36,,,0,100,,19387,36,,,0,100,,19388,36,,,0,100,,19389,36,,,0,100,,19390,36,,,0,100,,19391,36,,,0,100,,19392,36,,,0,95,,19393,36,,,0
1029,'1800',616,,19394,36,,,0,100,,19395,36,,,0,100,,19396,36,,,0,100,,19397,36,,,0,100,,19398,36,,,0,100,,19399,36,,,0,100,,19400,36,,,0,100,,19401,36,,,0,100,,19402,36,,,0,100,,19403,36,,,0,100,,19404,36,,,0,100,,19405,36,,,0,100,,19406,36,,,0,100,,19407,36,,,0,100,,19408,36,,,0,100,,19409,36,,,0,100,,19410,36,,,0,95,,19411,36,,,0
1029,'1829',616,,19297,36,,,0,30,,19298,36,,,0,70,,19318,36,,,0,30,,19294,36,,,0,100,,19322,36,,,0,70,,19292,36,,,0,100,,19317,36,,,0,30,,19296,36,,,0,70,,19288,36,,,0,30,,19321,36,,,0,70,,19293,36,,,0,30,,19300,36,,,0,70,,19316,36,,,0,30,,19295,36,,,0,100,,19319,36,,,0,70,,19291,36,,,0,130,,19304,36,,,0,70,,19303,36,,,0,30,,19302,36,,,0,70,,19308,36,,,0,30,,19307,36,,,0,70,,19306,36,,,0,30,,19305,36,,,0,70,,19320,36,,,0,30,,19314,36,,,0,100,,19312,36,,,0,70,,19311,36,,,0,30,,19310,36,,,0,65,,19309,36,,,0
1029,'1831',616,,19328,36,,,0,30,,19340,36,,,0,70,,19347,36,,,0,30,,19335,36,,,0,70,,19356,36,,,0,30,,19344,36,,,0,69,,19327,36,,,0,31,,19339,36,,,0,70,,19350,36,,,0,30,,19334,36,,,0,70,,19357,36,,,0,30,,19343,36,,,0,70,,19326,36,,,0,30,,19338,36,,,0,70,,19349,36,,,0,30,,19333,36,,,0,70,,19329,36,,,0,30,,19342,36,,,0,70,,19325,36,,,0,30,,19337,36,,,0,70,,19345,36,,,0,30,,19332,36,,,0,70,,19354,36,,,0,30,,19341,36,,,0,70,,19324,36,,,0,30,,19336,36,,,0,70,,19348,36,,,0,30,,19330,36,,,0,70,,19352,36,,,0,30,,19351,36,,,0,70,,19323,36,,,0,30,,19331,36,,,0,70,,19346,36,,,0,30,,19355,36,,,0,65,,19353,36,,,0
1029,'1833',616,,19358,36,,,0,100,,19359,36,,,0,100,,19360,36,,,0,100,,19361,36,,,0,100,,19362,36,,,0,100,,19363,36,,,0,100,,19364,36,,,0,100,,19365,36,,,0,100,,19366,36,,,0,100,,19367,36,,,0,100,,19368,36,,,0,100,,19369,36,,,0,100,,19370,36,,,0,100,,19371,36,,,0,100,,19372,36,,,0,100,,19373,36,,,0,100,,19374,36,,,0,95,,19375,36,,,0
1029,'1835',816,,24959,36,,,0,130,,24961,36,,,0,470,,24960,36,,,0,130,,24962,36,,,0,70,,24964,36,,,0,500,,24963,36,,,0
2029,'1799',631,,19664,33,,,0,70,,19672,33,,,0,30,,19683,33,,,0,70,,19678,33,,,0,30,,19665,33,,,0,70,,19673,33,,,0,30,,19684,33,,,0,70,,19679,33,,,0,30,,19666,33,,,0,70,,19674,33,,,0,30,,19685,33,,,0,70,,19680,33,,,0,30,,19667,33,,,0,70,,19675,33,,,0,30,,19686,33,,,0,70,,19681,33,,,0,30,,19668,33,,,0,70,,19676,33,,,0,30,,19687,33,,,0,70,,19682,33,,,0,30,,19669,33,,,0,70,,19677,33,,,0,30,,19688,33,,,0,100,,19670,33,,,0,100,,19689,33,,,0,100,,19671,33,,,0,100,,19690,33,,,0,100,,19663,33,,,0
2029,'1800',631,,19696,33,,,0,70,,19704,33,,,0,30,,19715,33,,,0,70,,19710,33,,,0,30,,19697,33,,,0,70,,19705,33,,,0,30,,19716,33,,,0,70,,19711,33,,,0,30,,19698,33,,,0,70,,19706,33,,,0,30,,19717,33,,,0,70,,19712,33,,,0,30,,19699,33,,,0,70,,19707,33,,,0,30,,19718,33,,,0,70,,19713,33,,,0,30,,19700,33,,,0,70,,19708,33,,,0,30,,19719,33,,,0,70,,19714,33,,,0,30,,19701,33,,,0,70,,19709,33,,,0,30,,19720,33,,,0,100,,19702,33,,,0,100,,19721,33,,,0,100,,19703,33,,,0,100,,19722,33,,,0,100,,19695,33,,,0
2029,'1829',534,,19588,18,,,0,67,,19562,33,,,0,30,,19563,33,,,0,70,,19564,33,,,0,30,,19565,33,,,0,70,,19566,33,,,0,30,,19567,33,,,0,70,,19568,33,,,0,30,,19569,33,,,0,70,,19570,33,,,0,30,,19571,33,,,0,70,,19572,33,,,0,30,,19573,33,,,0,70,,19574,33,,,0,30,,19575,33,,,0,70,,19576,33,,,0,30,,19577,33,,,0,70,,19578,33,,,0,30,,19579,33,,,0,70,,19580,33,,,0,30,,19581,33,,,0,70,,19582,33,,,0,30,,19583,33,,,0,70,,19584,33,,,0,30,,19585,33,,,0,70,,19586,33,,,0,30,,19587,33,,,0,70,,19591,33,,,0,30,,19592,33,,,0,100,,19593,33,,,0,100,,19594,33,,,0,100,,19590,33,,,0
2029,'1831',601,,19628,33,0,5 2 15 16 17,0,30,,19611,33,,,0,70,,19618,33,,,0,30,,19597,33,,,0,70,,19603,33,,,0,30,,19612,33,,,0,70,,19619,33,,,0,30,,19598,33,,,0,70,,19604,33,,,0,30,,19613,33,,,0,70,,19620,33,,,0,30,,19599,33,,,0,70,,19605,33,,,0,30,,19614,33,,,0,70,,19621,33,,,0,30,,19600,33,,,0,70,,19606,33,,,0,30,,19615,33,,,0,70,,19622,33,,,0,30,,19601,33,,,0,70,,19607,33,,,0,30,,19616,33,,,0,70,,19623,33,,,0,30,,19602,33,,,0,70,,19608,33,,,0,30,,19617,33,,,0,70,,19624,33,,,0,30,,19609,33,,,0,100,,19625,33,,,0,100,,19610,33,,,0,100,,19626,33,,,0
2029,'1833',631,,19632,33,,,0,70,,19640,33,,,0,30,,19651,33,,,0,70,,19646,33,,,0,30,,19633,33,,,0,70,,19641,33,,,0,30,,19652,33,,,0,70,,19647,33,,,0,30,,19634,33,,,0,70,,19642,33,,,0,30,,19653,33,,,0,70,,19648,33,,,0,30,,19635,33,,,0,70,,19643,33,,,0,30,,19654,33,,,0,70,,19649,33,,,0,30,,19636,33,,,0,70,,19644,33,,,0,30,,19655,33,,,0,70,,19650,33,,,0,30,,19637,33,,,0,70,,19645,33,,,0,30,,19656,33,,,0,100,,19638,33,,,0,100,,19657,33,,,0,100,,19639,33,,,0,100,,19658,33,,,0,100,,19631,33,,,0
14000001029,'1799',2423,,24942,17,,,0,30,,24943,17,,,0,100,,24941,17,,,0,70,,24939,17,,,0
14000001029,'1800',541,,28283,17,0,18 7,0,1812,,28281,17,,,0,70,,24949,17,,,0,30,,24950,17,,,0,70,,28282,17,,,0,30,,24948,17,,,0,70,,24946,17,,,0
14000001029,'1829',439,,24916,17,0,18 7,0,1984,,24920,17,,,0,130,,24921,17,,,0
14000001029,'1831',541,,24928,17,0,18 7,0,1812,,24930,17,,,0,70,,24925,17,,,0,30,,24924,17,,,0,70,,24926,17,,,0,30,,24929,17,,,0,70,,24927,17,,,0
14000001029,'1832',541,,24937,17,0,18 7,0,1812,,24931,17,,,0,170,,24933,17,,,0
14000001029,'1833',2423,,24935,17,,,0,30,,24936,17,,,0,100,,24934,17,,,0,70,,24932,17,,,0
14000001029,'1834',541,,24944,17,0,18 7,0,1812,,24938,17,,,0,170,,24940,17,,,0
14000001029,'1835',541,,28284,17,0,18 7,0,1812,,28286,17,,,0,100,,28288,17,,,0,70,,28285,17,,,0,100,,28287,17,,,0
14000001029,'1837',541,,28291,17,0,18 7,0,1812,,28289,17,,,0,170,,28290,17,,,0
14000001029,'1838',541,,28294,17,0,18 7,0,1812,,28292,17,,,0,170,,28293,17,,,0
