11029,'1800',820,,29926,18,,,0,100,,36536,18,,,0,105,,36537,18,,,0,100,,29929,18,,,0,100,,36538,18,,,0,100,,36539,18,,,0,100,,29932,18,,,0,100,,36540,18,,,0,100,,36541,18,,,0,97,,29935,18,,,0,100,,29936,18,,,0,99,,36542,18,,,0,100,,36543,18,,,0
11029,'1838',820,,36544,18,,,0,100,,36545,18,,,0,105,,36546,18,,,0,100,,36547,18,,,0,100,,36548,18,,,0,100,,36549,18,,,0,100,,36550,18,,,0,100,,36551,18,,,0,100,,36552,18,,,0,97,,36553,18,,,0,100,,36554,18,,,0,99,,36555,18,,,0,100,,36556,18,,,0
11029,'1850',623,,29995,11,,,0,98,,29981,18,,,0,101,,29982,18,,,0,100,,29983,18,,,0,101,,29984,18,,,0,100,,29985,18,,,0,100,,29986,18,,,0,100,,29987,18,,,0,100,,29988,18,,,0,100,,29989,18,,,0,100,,29990,18,,,0,100,,29991,18,,,0,99,,29992,18,,,0,100,,29993,18,,,0,100,,29994,18,,,0,100,,29980,18,,,0
11029,'1859',820,,29953,18,,,0,100,,29954,18,,,0,405,,29958,18,,,0,200,,29960,18,,,0,100,,29961,18,,,0
11029,'1861',820,,29967,18,,,0,305,,29970,18,,,0,300,,29973,18,,,0,297,,29976,18,,,0,100,,29977,18,,,0
11029,'1862',622,,36557,11,,,0,98,,36566,18,,,0,305,,36558,18,,,0,100,,36559,18,,,0,100,,36560,18,,,0,200,,36561,18,,,0,297,,36562,18,,,0,100,,36563,18,,,0,99,,36564,18,,,0,100,,36565,18,,,0
11029,'1863',920,,36567,18,,,0,105,,36568,18,,,0,200,,36569,18,,,0,100,,36570,18,,,0,200,,36571,18,,,0,100,,36572,18,,,0,296,,36573,18,,,0,100,,36574,18,,,0
11029,'1864',623,,30011,11,,,0,98,,29997,18,,,0,101,,29998,18,,,0,100,,36575,18,,,0,101,,30000,18,,,0,100,,36576,18,,,0,100,,36577,18,,,0,100,,36578,18,,,0,100,,36579,18,,,0,100,,36580,18,,,0,100,,36581,18,,,0,100,,36582,18,,,0,99,,36583,18,,,0,100,,30009,18,,,0,100,,36584,18,,,0,100,,29996,18,,,0
11029,'1865',623,,36600,11,,,0,98,,36586,18,,,0,101,,36587,18,,,0,100,,36588,18,,,0,101,,36589,18,,,0,100,,36590,18,,,0,100,,36591,18,,,0,100,,36592,18,,,0,100,,36593,18,,,0,100,,36594,18,,,0,100,,36595,18,,,0,100,,36596,18,,,0,99,,36597,18,,,0,100,,36598,18,,,0,100,,36599,18,,,0,100,,36585,18,,,0
11029,'1866',622,,36601,11,,,0,98,,36615,18,,,0,100,,36602,18,,,0,100,,36603,18,,,0,105,,36604,18,,,0,100,,36605,18,,,0,100,,36606,18,,,0,100,,36607,18,,,0,100,,36608,18,,,0,100,,36609,18,,,0,100,,36610,18,,,0,97,,36611,18,,,0,100,,36612,18,,,0,99,,36613,18,,,0,100,,36614,18,,,0
11029,'1867',820,,36616,18,,,0,100,,36617,18,,,0,105,,36618,18,,,0,100,,36619,18,,,0,100,,36620,18,,,0,100,,36621,18,,,0,100,,36622,18,,,0,100,,36623,18,,,0,100,,36624,18,,,0,97,,36625,18,,,0,100,,36626,18,,,0,99,,36627,18,,,0,100,,36628,18,,,0
