15029,'1838',732,,36977,45,,,0,98,,45082,45,,,0,100,,36974,45,,,0,100,,36975,45,,,0,102,,45083,45,,,0,100,,36972,45,,,0,100,,36969,45,,,0,102,,45081,45,,,0,100,,36971,45,,,0,99,,36968,45,,,0,99,,45080,45,,,0,99,,36966,45,,,0,100,,36967,45,,,0,100,,45079,45,,,0
15029,'1865',607,,45084,5,,,0,20,,45085,5,,,0,31,,36995,45,,,0,70,,36996,45,,,0,74,,36997,45,,,0,31,,45086,45,,,0,73,,36999,45,,,0,30,,37000,45,,,0,65,,37001,45,,,0,30,,37002,45,,,0,70,,37003,45,,,0,30,,45087,45,,,0,70,,45088,45,,,0,30,,42575,45,,,0,70,,45089,45,,,0,30,,45090,45,,,0,70,,42576,45,,,0,30,,37010,45,,,0,73,,45091,45,,,0,35,,37012,45,,,0,72,,37013,45,,,0,30,,45092,45,,,0,67,,45093,45,,,0,23,,37016,45,,,0,69,,37017,45,,,0,29,,37018,45,,,0,27,,45094,45,,,0,70,,37020,45,,,0,30,,45095,45,,,0,70,,45096,45,,,0,30,,37023,45,,,0,100,,45098,45,,,0,97,,45097,45,,,0
15029,'1866',604,,45099,5,,,0,133,,37029,45,,,0,93,,37030,45,,,0,100,,45100,45,,,0,100,,37032,45,,,0,101,,37033,45,,,0,100,,45101,45,,,0,100,,37035,45,,,0,105,,37036,45,,,0,100,,45102,45,,,0,98,,37038,45,,,0,98,,37039,45,,,0,99,,45103,45,,,0,100,,37026,45,,,0,100,,37027,45,,,0
15029,'1867',732,,37054,45,,,0,98,,45107,45,,,0,100,,37051,45,,,0,100,,37052,45,,,0,102,,45108,45,,,0,100,,37049,45,,,0,100,,37046,45,,,0,102,,45106,45,,,0,100,,37048,45,,,0,99,,37045,45,,,0,99,,45105,45,,,0,99,,37043,45,,,0,100,,37044,45,,,0,100,,45104,45,,,0
15029,'1873',737,,30423,45,,,0,93,,30424,45,,,0,200,,30426,45,,,0,101,,30427,45,,,0,200,,30429,45,,,0,105,,30430,45,,,0,198,,30432,45,,,0,98,,30433,45,,,0,199,,30420,45,,,0,100,,30421,45,,,0
15029,'1878',732,,30448,45,,,0,198,,30445,45,,,0,100,,30446,45,,,0,202,,30443,45,,,0,100,,30440,45,,,0,202,,30442,45,,,0,99,,30439,45,,,0,198,,30437,45,,,0,100,,30438,45,,,0
15029,'1881',607,,30482,5,,,0,20,,36978,5,,,0,206,,36979,45,,,0,298,,36980,45,,,0,70,,36981,45,,,0,100,,36983,45,,,0,30,,36984,45,,,0,173,,36986,45,,,0,137,,36987,45,,,0,67,,36988,45,,,0,148,,30508,45,,,0,100,,36989,45,,,0,70,,42580,45,,,0,130,,36992,45,,,0,97,,36991,45,,,0
15029,'1882',658,,30484,45,,,0,70,,30485,45,,,0,74,,30486,45,,,0,104,,30488,45,,,0,30,,30489,45,,,0,65,,30490,45,,,0,30,,30491,45,,,0,70,,30492,45,,,0,130,,42578,45,,,0,170,,42579,45,,,0,30,,30499,45,,,0,108,,30501,45,,,0,72,,30502,45,,,0,120,,30505,45,,,0,69,,30506,45,,,0,29,,30507,45,,,0,97,,30509,45,,,0,130,,30512,45,,,0
15029,'1886',607,,45109,5,,,0,20,,45110,5,,,0,206,,45111,45,,,0,298,,45112,45,,,0,70,,45113,45,,,0,100,,45114,45,,,0,30,,45115,45,,,0,173,,45116,45,,,0,137,,45117,45,,,0,67,,45118,45,,,0,148,,45119,45,,,0,100,,45120,45,,,0,70,,45121,45,,,0,130,,45123,45,,,0,97,,45122,45,,,0
15029,'1887',604,,45124,5,,,0,326,,45125,45,,,0,301,,45126,45,,,0,305,,45127,45,,,0,295,,45128,45,,,0
15029,'1888',830,,45132,45,,,0,302,,45133,45,,,0,302,,45131,45,,,0,298,,45130,45,,,0,299,,45129,45,,,0
