11029,'1838',824,,44813,22,,,0,100,,44814,22,,,0,105,,44815,22,,,0,100,,44816,22,,,0,100,,44817,22,,,0,100,,44818,22,,,0,100,,44819,22,,,0,100,,44820,22,,,0,100,,44821,22,,,0,97,,44822,22,,,0,100,,36554,22,,,0,99,,44823,22,,,0,100,,42486,22,,,0
11029,'1865',627,,36600,15,,,0,98,,36586,22,,,0,101,,44825,22,,,0,100,,44826,22,,,0,101,,44827,22,,,0,100,,44828,22,,,0,100,,44829,22,,,0,100,,44830,22,,,0,100,,44831,22,,,0,100,,42488,22,,,0,100,,44832,22,,,0,100,,44833,22,,,0,99,,44834,22,,,0,100,,36598,22,,,0,100,,44835,22,,,0,100,,44824,22,,,0
11029,'1866',626,,44836,15,,,0,98,,44847,22,,,0,100,,44837,22,,,0,100,,44838,22,,,0,105,,44839,22,,,0,100,,44840,22,,,0,100,,44841,22,,,0,100,,36607,22,,,0,100,,44842,22,,,0,100,,36609,22,,,0,100,,36610,22,,,0,97,,44843,22,,,0,100,,44844,22,,,0,99,,44845,22,,,0,100,,44846,22,,,0
11029,'1867',824,,44848,22,,,0,100,,44849,22,,,0,105,,44850,22,,,0,100,,44851,22,,,0,100,,44852,22,,,0,100,,44853,22,,,0,100,,44854,22,,,0,100,,44855,22,,,0,100,,44856,22,,,0,97,,44857,22,,,0,100,,36626,22,,,0,99,,44858,22,,,0,100,,42497,22,,,0
11029,'1873',1329,,29958,22,,,0,200,,29960,22,,,0,100,,29961,22,,,0
11029,'1878',1826,,29977,22,,,0,199,,42508,22,,,0
11029,'1881',826,,29998,22,,,0,100,,42498,22,,,0,101,,30000,22,,,0,100,,36576,22,,,0,100,,36577,22,,,0,100,,36578,22,,,0,100,,36579,22,,,0,200,,36581,22,,,0,100,,36582,22,,,0,99,,36583,22,,,0,200,,42500,22,,,0,100,,29996,22,,,0
11029,'1882',627,,30011,15,,,0,98,,29997,22,,,0,802,,42499,22,,,0,399,,30009,22,,,0
11029,'1886',826,,44860,22,,,0,100,,44861,22,,,0,101,,44862,22,,,0,100,,44863,22,,,0,100,,44864,22,,,0,100,,44865,22,,,0,100,,44866,22,,,0,200,,44867,22,,,0,100,,44868,22,,,0,99,,44869,22,,,0,200,,44870,22,,,0,100,,44859,22,,,0
11029,'1887',626,,44871,15,,,0,98,,44882,22,,,0,100,,44872,22,,,0,100,,44873,22,,,0,105,,44874,22,,,0,100,,44875,22,,,0,100,,44876,22,,,0,200,,44877,22,,,0,297,,44878,22,,,0,100,,44879,22,,,0,99,,44880,22,,,0,100,,44881,22,,,0
11029,'1888',824,,44883,22,,,0,100,,44884,22,,,0,105,,44885,22,,,0,100,,44886,22,,,0,100,,44887,22,,,0,100,,44888,22,,,0,100,,44889,22,,,0,100,,44890,22,,,0,100,,44891,22,,,0,97,,44892,22,,,0,199,,44893,22,,,0
31019,'1838',637,,38194,10,,,0,100,,38195,10,,,0,100,,38196,10,,,0,100,,38197,10,,,0,100,,38198,10,,,0,101,,38199,10,,,0,100,,38200,10,,,0,100,,38201,10,,,0,100,,38202,10,,,0,100,,38203,10,,,0,100,,38204,10,,,0,100,,38205,10,,,0,100,,38206,10,,,0,99,,38207,10,,,0,100,,38208,10,,,0,100,,38209,10,,,0,100,,38210,10,,,0,95,,38212,10,0,5 2 8 7,0
31019,'1865',637,,43369,10,,,0,71,,45591,10,,,0,30,,43397,10,,,0,71,,43380,10,,,0,30,,43377,10,,,0,70,,43391,10,,,0,30,,43372,10,,,0,70,,45592,10,,,0,28,,43396,10,,,0,70,,43383,10,,,0,30,,45590,10,,,0,70,,43390,10,,,0,30,,43371,10,,,0,71,,45593,10,,,0,30,,43395,10,,,0,70,,43381,10,,,0,30,,43375,10,,,0,71,,43389,10,,,0,30,,43373,10,,,0,70,,45594,10,,,0,30,,43394,10,,,0,70,,43382,10,,,0,30,,43376,10,,,0,69,,43388,10,,,0,30,,43370,10,,,0,70,,45596,10,,,0,30,,43393,10,,,0,70,,43400,10,0,5 2 8 7,0,30,,43379,10,,,0,69,,43401,10,0,5 2 8 7,0,30,,43374,10,,,0,70,,43403,10,0,5 2 8 7,0,30,,43392,10,,,0,70,,43402,10,0,5 2 8 7,0,25,,43398,10,0,5 2 8 7,0
31019,'1866',637,,38292,10,,,0,70,,38308,10,,,0,30,,38321,10,,,0,70,,38304,10,,,0,30,,38298,10,,,0,70,,38314,10,,,0,30,,38291,10,,,0,70,,38307,10,,,0,30,,38316,10,,,0,71,,38303,10,,,0,30,,38297,10,,,0,70,,38313,10,,,0,30,,38290,10,,,0,70,,38306,10,,,0,30,,38319,10,,,0,70,,38302,10,,,0,30,,38296,10,,,0,70,,38312,10,,,0,30,,38289,10,,,0,70,,38305,10,,,0,30,,38318,10,,,0,70,,38301,10,,,0,30,,38295,10,,,0,70,,38311,10,,,0,30,,38288,10,,,0,69,,38323,10,,,0,30,,38317,10,,,0,70,,38300,10,0,5 2 8 7,0,30,,38294,10,,,0,70,,38310,10,0,5 2 8 7,0,30,,38287,10,,,0,70,,38299,10,0,5 2 8 7,0,30,,38320,10,,,0,70,,38309,10,0,5 2 8 7,0,25,,38293,10,0,5 2 8 7,0
31019,'1867',637,,38324,10,,,0,100,,38325,10,,,0,100,,38326,10,,,0,100,,38327,10,,,0,100,,38328,10,,,0,101,,38329,10,,,0,100,,38330,10,,,0,100,,38331,10,,,0,100,,38332,10,,,0,100,,38333,10,,,0,100,,38334,10,,,0,100,,38335,10,,,0,100,,38336,10,,,0,99,,38337,10,,,0,100,,38338,10,,,0,100,,38339,10,,,0,100,,38340,10,,,0,95,,38342,10,0,5 2 8 7,0
31019,'1873',637,,31457,10,,,0,70,,31473,10,,,0,30,,31486,10,,,0,70,,31469,10,,,0,30,,31463,10,,,0,70,,31479,10,,,0,30,,31456,10,,,0,70,,31472,10,,,0,30,,31481,10,,,0,71,,31468,10,,,0,30,,31462,10,,,0,70,,31478,10,,,0,30,,31455,10,,,0,70,,31471,10,,,0,30,,31484,10,,,0,70,,31467,10,,,0,30,,31461,10,,,0,70,,31477,10,,,0,30,,31454,10,,,0,70,,31470,10,,,0,30,,31483,10,,,0,70,,31466,10,,,0,30,,31460,10,,,0,70,,31476,10,,,0,30,,31453,10,,,0,69,,31488,10,,,0,30,,31482,10,,,0,70,,31465,10,0,5 2 8 7,0,30,,31459,10,,,0,70,,31475,10,0,5 2 8 7,0,30,,31452,10,,,0,70,,31464,10,0,5 2 8 7,0,30,,31485,10,,,0,70,,31474,10,0,5 2 8 7,0,25,,31458,10,0,5 2 8 7,0
31019,'1878',637,,31489,10,,,0,100,,31490,10,,,0,100,,31491,10,,,0,100,,31492,10,,,0,100,,31493,10,,,0,101,,31494,10,,,0,100,,31495,10,,,0,100,,31496,10,,,0,100,,31497,10,,,0,100,,31498,10,,,0,100,,31499,10,,,0,100,,31500,10,,,0,100,,31501,10,,,0,99,,31502,10,,,0,100,,31503,10,,,0,100,,31504,10,,,0,100,,31505,10,,,0,95,,31507,10,0,5 2 8 7,0
31019,'1881',708,,43421,10,,,0,301,,43422,10,,,0,128,,43415,10,,,0,171,,43423,10,,,0,301,,43424,10,,,0,299,,43442,10,,,0
31019,'1882',637,,43406,10,,,0,101,,43434,10,,,0,71,,43417,10,,,0,30,,43414,10,,,0,70,,43428,10,,,0,30,,43409,10,,,0,98,,43433,10,,,0,70,,43420,10,,,0,100,,43427,10,,,0,30,,43408,10,,,0,101,,43432,10,,,0,70,,43418,10,,,0,30,,43412,10,,,0,71,,43426,10,,,0,30,,43410,10,,,0,100,,43431,10,,,0,70,,43419,10,,,0,30,,43413,10,,,0,69,,43425,10,,,0,30,,43407,10,,,0,100,,43430,10,,,0,70,,43437,10,0,5 2 8 7,0,30,,43416,10,,,0,69,,43438,10,0,5 2 8 7,0,30,,43411,10,,,0,70,,43440,10,0,5 2 8 7,0,30,,43429,10,,,0,70,,43439,10,0,5 2 8 7,0,25,,43435,10,0,5 2 8 7,0
31019,'1886',708,,45598,10,,,0,301,,45599,10,,,0,128,,45597,10,,,0,171,,45600,10,,,0,301,,45601,10,,,0,299,,45603,10,,,0
