4029,'1838',725,,35575,8,,,0,30,,42223,8,,,0,70,,35573,8,,,0,30,,35576,8,,,0,70,,42222,8,,,0,30,,35566,8,,,0,69,,35569,8,,,0,30,,35554,8,,,0,70,,35559,8,,,0,30,,35562,8,,,0,69,,35565,8,,,0,30,,35567,8,,,0,70,,35555,8,,,0,30,,35558,8,,,0,70,,35561,8,,,0,30,,35564,8,,,0,70,,35568,8,,,0,30,,35556,8,,,0,70,,35557,8,,,0,30,,35560,8,,,0,70,,35563,8,,,0,30,,42225,8,,,0,70,,35580,8,,,0,32,,35582,8,,,0,70,,42224,8,,,0,30,,35572,8,,,0,70,,35578,8,,,0,30,,35570,8,,,0,100,,35571,8,,,0
4029,'1857',655,,29018,8,,,0,72,,29019,8,,,0,25,,29020,8,,,0,76,,29021,8,,,0,24,,29022,8,,,0,71,,35594,8,,,0,30,,29024,8,,,0,70,,29025,8,,,0,100,,29027,8,,,0,30,,29028,8,,,0,70,,29029,8,,,0,30,,29030,8,,,0,100,,29032,8,,,0,70,,29033,8,,,0,100,,35598,8,,,0,100,,35600,8,,,0,100,,35602,8,,,0,36,,35603,8,,,0,67,,35604,8,,,0,29,,35605,8,,,0,70,,29043,8,,,0,30,,29044,8,,,0,70,,29045,8,,,0,30,,29046,8,,,0,70,,35606,8,,,0,30,,29048,8,,,0
4029,'1865',625,,42226,8,,,0,30,,35608,8,,,0,72,,35609,8,,,0,25,,35610,8,,,0,76,,35611,8,,,0,24,,35612,8,,,0,71,,35613,8,,,0,30,,35614,8,,,0,70,,35615,8,,,0,30,,42227,8,,,0,70,,35617,8,,,0,30,,35618,8,,,0,70,,35619,8,,,0,30,,35620,8,,,0,70,,42228,8,,,0,30,,35622,8,,,0,70,,35623,8,,,0,35,,42229,8,,,0,65,,35625,8,,,0,36,,42230,8,,,0,64,,35627,8,,,0,36,,42231,8,,,0,64,,35629,8,,,0,36,,35630,8,,,0,67,,35631,8,,,0,29,,35632,8,,,0,70,,35633,8,,,0,30,,35634,8,,,0,70,,35635,8,,,0,30,,35636,8,,,0,70,,35637,8,,,0,30,,35638,8,,,0
4029,'1866',627,,35663,8,,,0,28,,35664,8,,,0,70,,35665,8,,,0,30,,35666,8,,,0,70,,35667,8,,,0,30,,35668,8,,,0,70,,35669,8,,,0,30,,35656,8,,,0,70,,35650,8,,,0,29,,35643,8,,,0,70,,35654,8,,,0,29,,35660,8,,,0,70,,35655,8,,,0,30,,35642,8,,,0,70,,35647,8,,,0,30,,35658,8,,,0,70,,35641,8,,,0,30,,35657,8,,,0,70,,35652,8,,,0,30,,35644,8,,,0,70,,35639,8,,,0,30,,35659,8,,,0,70,,35662,8,,,0,30,,35653,8,,,0,70,,35648,8,,,0,29,,35670,8,,,0,75,,35645,8,,,0,30,,35640,8,,,0,68,,35646,8,,,0,30,,35651,8,,,0,70,,35661,8,,,0,30,,35649,8,,,0
4029,'1867',725,,35692,8,,,0,30,,42233,8,,,0,70,,35690,8,,,0,30,,35693,8,,,0,70,,42232,8,,,0,30,,35683,8,,,0,69,,35686,8,,,0,30,,35671,8,,,0,70,,35676,8,,,0,30,,35679,8,,,0,69,,35682,8,,,0,30,,35684,8,,,0,70,,35672,8,,,0,30,,35675,8,,,0,70,,35678,8,,,0,30,,35681,8,,,0,70,,35685,8,,,0,30,,35673,8,,,0,70,,35674,8,,,0,30,,35677,8,,,0,70,,35680,8,,,0,30,,42235,8,,,0,70,,35697,8,,,0,32,,35699,8,,,0,70,,42234,8,,,0,30,,35689,8,,,0,70,,35695,8,,,0,30,,35687,8,,,0,100,,35688,8,,,0
4029,'1871',625,,35593,8,,,0,428,,35595,8,,,0,270,,35596,8,,,0,135,,35597,8,,,0,101,,35599,8,,,0,100,,35601,8,,,0
4029,'1873',627,,28948,8,,,0,28,,35583,8,,,0,70,,28950,8,,,0,30,,28951,8,,,0,70,,28952,8,,,0,30,,28953,8,,,0,70,,28954,8,,,0,30,,28941,8,,,0,70,,28935,8,,,0,29,,28928,8,,,0,70,,28939,8,,,0,29,,28945,8,,,0,70,,28940,8,,,0,30,,28927,8,,,0,70,,28932,8,,,0,30,,28943,8,,,0,70,,28926,8,,,0,30,,28942,8,,,0,70,,28937,8,,,0,30,,28929,8,,,0,70,,28924,8,,,0,30,,28944,8,,,0,70,,28947,8,,,0,30,,28938,8,,,0,70,,28933,8,,,0,29,,28955,8,,,0,75,,28930,8,,,0,30,,28925,8,,,0,68,,28931,8,,,0,30,,28936,8,,,0,70,,28946,8,,,0,30,,28934,8,,,0
4029,'1874',755,,35588,8,,,0,170,,35587,8,,,0,828,,35591,8,,,0,172,,35590,8,,,0
4029,'1875',725,,28977,8,,,0,100,,28975,8,,,0,30,,28978,8,,,0,100,,28968,8,,,0,69,,28971,8,,,0,30,,35584,8,,,0,70,,28961,8,,,0,30,,28964,8,,,0,69,,28967,8,,,0,30,,28969,8,,,0,70,,35585,8,,,0,30,,28960,8,,,0,70,,28963,8,,,0,30,,28966,8,,,0,70,,28970,8,,,0,30,,28958,8,,,0,70,,28959,8,,,0,30,,28962,8,,,0,70,,35586,8,,,0,100,,28982,8,,,0,32,,35592,8,,,0,100,,28974,8,,,0,70,,35589,8,,,0,30,,28972,8,,,0,100,,28973,8,,,0
4029,'1876',625,,42236,8,,,0,428,,42237,8,,,0,270,,42238,8,,,0,135,,42239,8,,,0,101,,42240,8,,,0,100,,42241,8,,,0
4029,'1878',755,,42243,8,,,0,170,,42242,8,,,0,828,,42245,8,,,0,172,,42244,8,,,0
14000001019,'1838',2402,,41975,10,,,0,30,,43952,10,,,0,70,,41972,10,,,0,30,,41976,10,,,0,70,,43951,10,,,0
14000001019,'1857',2402,,41982,10,,,0,100,,24893,10,,,0,30,,41981,10,,,0
14000001019,'1865',2402,,41987,10,,,0,30,,43954,10,,,0,70,,41985,10,,,0,30,,41986,10,,,0,70,,43953,10,,,0
14000001019,'1866',2402,,41992,10,,,0,30,,41988,10,,,0,70,,41991,10,,,0,30,,41990,10,,,0,70,,41989,10,,,0
14000001019,'1867',2402,,41996,10,,,0,30,,43956,10,,,0,70,,41993,10,,,0,30,,41997,10,,,0,70,,43955,10,,,0
14000001019,'1871',2432,,41980,10,,,0,170,,41979,10,,,0
14000001019,'1873',2402,,34766,10,,,0,30,,34763,10,,,0,70,,24899,10,,,0,30,,34765,10,,,0,70,,34764,10,,,0
14000001019,'1874',2432,,41978,10,,,0,170,,41977,10,,,0
14000001019,'1875',2402,,34769,10,,,0,100,,24901,10,,,0,30,,34770,10,,,0
14000001019,'1876',2432,,43958,10,,,0,170,,43957,10,,,0
14000001019,'1878',2432,,43960,10,,,0,170,,43959,10,,,0
