15019,'1838',744,,45028,56,,,0,100,,36883,56,,,0,100,,36886,56,,,0,101,,45027,56,,,0,100,,36881,56,,,0,100,,36879,56,,,0,101,,45026,56,,,0,100,,36880,56,,,0,100,,36877,56,,,0,99,,45025,56,,,0,100,,36875,56,,,0,100,,36876,56,,,0,100,,45024,56,,,0,99,,36887,56,,,0
15019,'1865',710,,36905,56,,,0,30,,45029,56,,,0,76,,36907,56,,,0,31,,36908,56,,,0,65,,36909,56,,,0,30,,36910,56,,,0,70,,36911,56,,,0,30,,45030,56,,,0,70,,45031,56,,,0,30,,42569,56,,,0,70,,45032,56,,,0,30,,45033,56,,,0,70,,42570,56,,,0,30,,36918,56,,,0,70,,45034,56,,,0,31,,36920,56,,,0,72,,36921,56,,,0,30,,45035,56,,,0,70,,45036,56,,,0,30,,36924,56,,,0,69,,36925,56,,,0,29,,36926,56,,,0,67,,45037,56,,,0,30,,36928,56,,,0,70,,45038,56,,,0,30,,45039,56,,,0,70,,36931,56,,,0,100,,45040,56,,,0,98,,45041,56,,,0
15019,'1866',744,,36935,56,,,0,100,,45043,56,,,0,100,,36937,56,,,0,101,,36938,56,,,0,100,,45044,56,,,0,100,,36940,56,,,0,102,,36941,56,,,0,100,,45045,56,,,0,100,,36943,56,,,0,98,,36944,56,,,0,100,,45046,56,,,0,100,,36946,56,,,0,100,,36947,56,,,0,99,,45047,56,,,0
15019,'1867',744,,45053,56,,,0,100,,36959,56,,,0,100,,36962,56,,,0,101,,45052,56,,,0,100,,36957,56,,,0,100,,36955,56,,,0,101,,45051,56,,,0,100,,36956,56,,,0,100,,36953,56,,,0,99,,45050,56,,,0,100,,36951,56,,,0,100,,36952,56,,,0,100,,45049,56,,,0,99,,36963,56,,,0
15019,'1873',744,,30301,56,,,0,200,,30303,56,,,0,101,,30304,56,,,0,200,,30306,56,,,0,102,,30307,56,,,0,200,,30309,56,,,0,98,,30310,56,,,0,200,,30312,56,,,0,100,,30313,56,,,0
15019,'1878',844,,30325,56,,,0,100,,30328,56,,,0,201,,30323,56,,,0,100,,30321,56,,,0,201,,30322,56,,,0,100,,30319,56,,,0,199,,30317,56,,,0,100,,30318,56,,,0,199,,30329,56,,,0
15019,'1881',740,,36889,56,,,0,302,,36890,56,,,0,70,,36891,56,,,0,100,,36893,56,,,0,30,,36894,56,,,0,170,,36896,56,,,0,133,,36897,56,,,0,70,,36898,56,,,0,195,,30384,56,,,0,100,,36899,56,,,0,30,,42574,56,,,0,170,,36901,56,,,0,98,,36902,56,,,0
15019,'1882',710,,30362,56,,,0,106,,30364,56,,,0,31,,30365,56,,,0,65,,30366,56,,,0,30,,30367,56,,,0,70,,30368,56,,,0,130,,42572,56,,,0,170,,42573,56,,,0,30,,30375,56,,,0,101,,30377,56,,,0,72,,30378,56,,,0,130,,30381,56,,,0,69,,30382,56,,,0,29,,30383,56,,,0,97,,30385,56,,,0,170,,30388,56,,,0
15019,'1886',740,,45054,56,,,0,302,,45055,56,,,0,70,,45056,56,,,0,100,,45057,56,,,0,30,,45058,56,,,0,170,,45059,56,,,0,133,,45060,56,,,0,70,,45061,56,,,0,195,,45062,56,,,0,100,,45063,56,,,0,30,,45064,56,,,0,170,,45065,56,,,0,98,,45066,56,,,0
15019,'1887',844,,45068,56,,,0,301,,45069,56,,,0,302,,45070,56,,,0,298,,45071,56,,,0,299,,45072,56,,,0
15019,'1888',744,,45078,56,,,0,301,,45077,56,,,0,301,,45076,56,,,0,299,,45075,56,,,0,300,,45074,56,,,0
