6019,'1796',653,,20032,14,,,0,68,,20033,14,,,0,30,,20034,14,,,0,70,,20035,14,,,0,30,,20036,14,,,0,71,,20037,14,,,0,30,,20038,14,,,0,70,,20039,14,,,0,30,,20040,14,,,0,70,,20041,14,,,0,30,,20042,14,,,0,70,,20043,14,,,0,30,,20044,14,,,0,70,,20045,14,,,0,30,,20046,14,,,0,70,,20047,14,,,0,31,,20048,14,,,0,70,,20049,14,,,0,30,,20050,14,,,0,70,,20051,14,,,0,30,,20052,14,,,0,70,,20053,14,,,0,28,,20054,14,,,0,70,,20055,14,,,0,30,,20056,14,,,0,67,,20031,14,,,0,97,,20027,14,,,0,100,,20029,14,,,0,100,,20028,14,,,0,100,,20030,14,,,0
6019,'1797',647,,20060,14,,,0,70,,20059,14,,,0,28,,20079,14,,,0,70,,20072,14,,,0,30,,20062,14,,,0,70,,20071,14,,,0,30,,20080,14,,,0,71,,20078,14,,,0,30,,20070,14,,,0,70,,20083,14,,,0,30,,20069,14,,,0,70,,20077,14,,,0,30,,20068,14,,,0,70,,20082,14,,,0,30,,20067,14,,,0,70,,20076,14,,,0,30,,20066,14,,,0,70,,20081,14,,,0,30,,20065,14,,,0,70,,20075,14,,,0,30,,20064,14,,,0,70,,20057,14,,,0,30,,20063,14,,,0,70,,20074,14,,,0,30,,20061,14,,,0,69,,20073,14,,,0,101,,20084,2,,,0,100,,20058,2,,,0
6019,'1798',846,,20091,2,,,0,100,,20085,2,,,0,100,,20090,2,,,0,100,,20095,2,,,0,100,,20089,2,,,0,100,,20094,2,,,0,100,,20088,2,,,0,100,,20093,2,,,0,100,,20087,2,,,0,100,,20092,2,,,0,100,,20086,2,,,0,100,,20096,2,,,0
6019,'1799',846,,20103,2,,,0,100,,20097,2,,,0,100,,20102,2,,,0,100,,20107,2,,,0,100,,20101,2,,,0,100,,20106,2,,,0,100,,20100,2,,,0,100,,20105,2,,,0,100,,20099,2,,,0,100,,20104,2,,,0,100,,20098,2,,,0,100,,20108,2,,,0
6019,'1800',846,,20115,2,,,0,100,,20109,2,,,0,100,,20114,2,,,0,100,,20119,2,,,0,100,,20113,2,,,0,100,,20118,2,,,0,100,,20112,2,,,0,100,,20117,2,,,0,100,,20111,2,,,0,100,,20116,2,,,0,100,,20110,2,,,0,100,,20120,2,,,0
6019,'1816',714,,9775,14,,,0,100,,9776,14,,,0,1202,,9788,2,,,0
6019,'1817',846,,16906,2,,,0,100,,16907,2,,,0,100,,16908,2,,,0,100,,16909,2,,,0,100,,16910,2,,,0,100,,16904,2,,,0,100,,16900,2,,,0,100,,16903,2,,,0,100,,16902,2,,,0,100,,16905,2,,,0,100,,16899,2,,,0,100,,16901,2,,,0
6019,'1824',644,,16950,14,,,0,100,,16951,14,,,0,100,,16952,14,,,0,70,,16938,14,,,0,30,,16953,14,,,0,70,,16939,14,,,0,30,,16954,14,,,0,70,,16940,14,,,0,30,,16955,14,,,0,70,,16941,14,,,0,32,,16956,14,,,0,70,,16942,14,,,0,30,,16957,14,,,0,70,,16943,14,,,0,30,,16958,14,,,0,70,,16944,14,,,0,30,,16959,14,,,0,70,,16945,14,,,0,30,,16960,14,,,0,70,,16946,14,,,0,28,,16961,14,,,0,70,,16947,14,,,0,30,,16962,14,,,0,70,,16948,14,,,0,202,,16949,2,,,0
11019,'1796',719,,20650,27,,,0,101,,20651,27,,,0,100,,20652,27,,,0,100,,20653,27,,,0,100,,20654,27,,,0,100,,20655,27,,,0,100,,20656,27,,,0,100,,20657,27,,,0,100,,20658,27,,,0,100,,20659,27,,,0,100,,20660,27,,,0,99,,20661,27,,,0,100,,20662,27,,,0,100,,20663,27,,,0,98,,20664,27,,,0
11019,'1797',718,,20668,27,,,0,100,,20669,27,,,0,101,,20670,27,,,0,100,,20671,27,,,0,100,,20672,27,,,0,104,,20673,27,,,0,100,,20674,27,,,0,100,,20675,27,,,0,100,,20676,27,,,0,99,,20677,27,,,0,100,,20678,27,,,0,97,,20679,27,,,0,99,,20666,27,,,0,100,,20667,27,,,0
11019,'1798',919,,20681,27,,,0,100,,20682,27,,,0,103,,20683,27,,,0,101,,20684,27,,,0,100,,20685,27,,,0,100,,20686,27,,,0,100,,20687,27,,,0,99,,20688,27,,,0,100,,20689,27,,,0,97,,20690,27,,,0,99,,20691,27,,,0,100,,20692,27,,,0
11019,'1799',919,,20694,27,,,0,100,,20695,27,,,0,103,,20696,27,,,0,101,,20697,27,,,0,100,,20698,27,,,0,100,,20699,27,,,0,100,,20700,27,,,0,99,,20701,27,,,0,100,,20702,27,,,0,97,,20703,27,,,0,99,,20704,27,,,0,100,,20705,27,,,0
11019,'1800',919,,20707,27,,,0,100,,20708,27,,,0,103,,20709,27,,,0,101,,20710,27,,,0,100,,20711,27,,,0,100,,20712,27,,,0,100,,20713,27,,,0,99,,20714,27,,,0,100,,20715,27,,,0,97,,20716,27,,,0,99,,20717,27,,,0,100,,20718,27,,,0
11019,'1816',1423,,10299,27,,,0,199,,10301,27,,,0,100,,10302,27,,,0
11019,'1817',919,,17178,27,,,0,100,,17179,27,,,0,103,,17180,27,,,0,101,,17181,27,,,0,100,,17182,27,,,0,100,,17183,27,,,0,100,,17184,27,,,0,99,,17185,27,,,0,100,,17186,27,,,0,97,,17187,27,,,0,99,,17188,27,,,0,100,,17189,27,,,0
11019,'1824',718,,17204,27,,,0,100,,17205,27,,,0,101,,17206,27,,,0,100,,17207,27,,,0,100,,17208,27,,,0,104,,17209,27,,,0,100,,17210,27,,,0,200,,17211,27,,,0,296,,17212,27,,,0,99,,17202,27,,,0,100,,17203,27,,,0
701019,'1796',612,,23485,17,,,0,31,,23486,17,,,0,58,,23487,17,,,0,16,,23488,17,,,0,17,,23489,17,,,0,15,,23490,17,,,0,55,,23491,17,,,0,15,,23492,17,,,0,15,,23493,17,,,0,15,,23494,17,,,0,55,,23495,17,,,0,15,,23496,17,,,0,15,,23497,17,,,0,15,,23498,17,,,0,55,,23593,17,,,0,15,,23499,17,,,0,16,,23500,17,,,0,15,,23501,17,,,0,55,,23502,17,,,0,15,,23503,17,,,0,15,,23504,17,,,0,15,,23505,17,,,0,55,,23506,17,,,0,15,,23507,17,,,0,15,,23508,17,,,0,15,,23509,17,,,0,55,,23510,17,,,0,15,,23511,17,,,0,15,,23512,17,,,0,15,,23513,17,,,0,55,,23514,17,,,0,15,,23515,17,,,0,15,,23516,17,,,0,17,,23517,17,,,0,57,,23518,17,,,0,15,,23584,17,,,0,15,,23519,17,,,0,15,,23520,17,,,0,55,,23521,17,,,0,15,,23522,17,,,0,15,,23587,17,,,0,15,,23523,17,,,0,55,,23524,17,,,0,13,,23525,17,,,0,14,,23526,17,,,0,15,,23527,17,,,0,54,,23528,17,,,0,14,,23529,17,,,0,15,,23530,17,,,0,15,,23531,17,,,0,54,,23532,17,,,0,14,,23533,17,,,0,15,,23534,17,,,0,15,,23535,17,,,0,55,,23536,17,,,0,15,,23537,17,,,0,15,,23538,17,,,0,15,,23539,17,,,0,55,,23540,17,,,0,30,,23541,17,,,0,70,,23542,17,,,0,29,,23543,17,,,0,70,,23544,17,,,0,30,,23545,17,,,0,25,,23546,17,,,0,65,,23547,17,,,0
701019,'1797',632,,23663,17,,,0,69,,23628,17,,,0,30,,23608,17,,,0,70,,23620,17,,,0,15,,23666,17,,,0,16,,23632,17,,,0,15,,23667,17,,,0,55,,23598,17,,,0,15,,23668,17,,,0,15,,23609,17,,,0,15,,23675,17,,,0,55,,23621,17,,,0,15,,23678,17,,,0,15,,23633,17,,,0,15,,23673,17,,,0,55,,23599,17,,,0,16,,23676,17,,,0,16,,23610,17,,,0,15,,23674,17,,,0,55,,23622,17,,,0,15,,23677,17,,,0,15,,23634,17,,,0,15,,23689,17,,,0,55,,23600,17,,,0,15,,23688,17,,,0,15,,23611,17,,,0,15,,23687,17,,,0,55,,23623,17,,,0,15,,23686,17,,,0,15,,23635,17,,,0,15,,23685,17,,,0,55,,23601,17,,,0,15,,23684,17,,,0,15,,23612,17,,,0,15,,23690,17,,,0,55,,23624,17,,,0,15,,23683,17,,,0,15,,23636,17,,,0,15,,23682,17,,,0,55,,23602,17,,,0,15,,23681,17,,,0,15,,23613,17,,,0,15,,23680,17,,,0,55,,23625,17,,,0,15,,23679,17,,,0,14,,23637,17,,,0,15,,23691,17,,,0,55,,23603,17,,,0,15,,23664,17,,,0,15,,23614,17,,,0,15,,23669,17,,,0,55,,23626,17,,,0,15,,23670,17,,,0,14,,23638,17,,,0,15,,23671,17,,,0,55,,23604,17,,,0,29,,23615,17,,,0,70,,23627,17,,,0,30,,23639,17,,,0,70,,23659,17,,,0,30,,23662,17,,,0,25,,23672,17,,,0,65,,23665,17,,,0
701019,'1798',632,,23741,17,,,0,69,,23782,17,,,0,30,,23763,17,,,0,70,,23740,17,,,0,15,,23717,17,,,0,16,,23785,17,,,0,15,,23699,17,,,0,55,,23750,17,,,0,15,,23701,17,,,0,15,,23737,17,,,0,15,,23718,17,,,0,55,,23780,17,,,0,15,,23693,17,,,0,15,,23761,17,,,0,15,,23702,17,,,0,55,,23736,17,,,0,16,,23697,17,,,0,16,,23776,17,,,0,15,,23705,17,,,0,55,,23759,17,,,0,15,,23700,17,,,0,15,,23733,17,,,0,15,,23712,17,,,0,55,,23777,17,,,0,15,,23703,17,,,0,15,,23755,17,,,0,15,,23708,17,,,0,55,,23731,17,,,0,15,,23711,17,,,0,15,,23786,17,,,0,15,,23698,17,,,0,55,,23756,17,,,0,15,,23710,17,,,0,15,,23729,17,,,0,15,,23714,17,,,0,55,,23781,17,,,0,15,,23695,17,,,0,15,,23762,17,,,0,15,,23696,17,,,0,55,,23727,17,,,0,15,,23713,17,,,0,15,,23773,17,,,0,15,,23694,17,,,0,55,,23752,17,,,0,15,,23709,17,,,0,14,,23726,17,,,0,15,,23715,17,,,0,55,,23772,17,,,0,15,,23706,17,,,0,15,,23753,17,,,0,15,,23707,17,,,0,55,,23724,17,,,0,15,,23716,17,,,0,14,,23787,17,,,0,15,,23704,17,,,0,55,,23751,17,,,0,29,,23721,17,,,0,70,,23783,17,,,0,30,,23746,17,,,0,70,,23719,17,,,0,30,,23788,17,,,0,25,,23790,17,,,0,65,,23789,17,,,0
701019,'1799',632,,23840,17,,,0,69,,23881,17,,,0,30,,23862,17,,,0,70,,23839,17,,,0,15,,23816,17,,,0,16,,23884,17,,,0,15,,23798,17,,,0,55,,23849,17,,,0,15,,23800,17,,,0,15,,23836,17,,,0,15,,23817,17,,,0,55,,23879,17,,,0,15,,23792,17,,,0,15,,23860,17,,,0,15,,23801,17,,,0,55,,23835,17,,,0,16,,23796,17,,,0,16,,23875,17,,,0,15,,23804,17,,,0,55,,23858,17,,,0,15,,23799,17,,,0,15,,23832,17,,,0,15,,23811,17,,,0,55,,23876,17,,,0,15,,23802,17,,,0,15,,23854,17,,,0,15,,23807,17,,,0,55,,23830,17,,,0,15,,23810,17,,,0,15,,23885,17,,,0,15,,23797,17,,,0,55,,23855,17,,,0,15,,23809,17,,,0,15,,23828,17,,,0,15,,23813,17,,,0,55,,23880,17,,,0,15,,23794,17,,,0,15,,23861,17,,,0,15,,23795,17,,,0,55,,23826,17,,,0,15,,23812,17,,,0,15,,23872,17,,,0,15,,23793,17,,,0,55,,23851,17,,,0,15,,23808,17,,,0,14,,23825,17,,,0,15,,23814,17,,,0,55,,23871,17,,,0,15,,23805,17,,,0,15,,23852,17,,,0,15,,23806,17,,,0,55,,23823,17,,,0,15,,23815,17,,,0,14,,23886,17,,,0,15,,23803,17,,,0,55,,23850,17,,,0,29,,23820,17,,,0,70,,23882,17,,,0,30,,23845,17,,,0,70,,23818,17,,,0,30,,23887,17,,,0,25,,23889,17,,,0,65,,23888,17,,,0
701019,'1800',632,,23939,17,,,0,69,,23980,17,,,0,30,,23961,17,,,0,70,,23938,17,,,0,15,,23915,17,,,0,16,,23983,17,,,0,15,,23897,17,,,0,55,,23948,17,,,0,15,,23899,17,,,0,15,,23935,17,,,0,15,,23916,17,,,0,55,,23978,17,,,0,15,,23891,17,,,0,15,,23959,17,,,0,15,,23900,17,,,0,55,,23934,17,,,0,16,,23895,17,,,0,16,,23974,17,,,0,15,,23903,17,,,0,55,,23957,17,,,0,15,,23898,17,,,0,15,,23931,17,,,0,15,,23910,17,,,0,55,,23975,17,,,0,15,,23901,17,,,0,15,,23953,17,,,0,15,,23906,17,,,0,55,,23929,17,,,0,15,,23909,17,,,0,15,,23984,17,,,0,15,,23896,17,,,0,55,,23954,17,,,0,15,,23908,17,,,0,15,,23927,17,,,0,15,,23912,17,,,0,55,,23979,17,,,0,15,,23893,17,,,0,15,,23960,17,,,0,15,,23894,17,,,0,55,,23925,17,,,0,15,,23911,17,,,0,15,,23971,17,,,0,15,,23892,17,,,0,55,,23950,17,,,0,15,,23907,17,,,0,14,,23924,17,,,0,15,,23913,17,,,0,55,,23970,17,,,0,15,,23904,17,,,0,15,,23951,17,,,0,15,,23905,17,,,0,55,,23922,17,,,0,15,,23914,17,,,0,14,,23985,17,,,0,15,,23902,17,,,0,55,,23949,17,,,0,29,,23919,17,,,0,70,,23981,17,,,0,30,,23944,17,,,0,70,,23917,17,,,0,30,,23986,17,,,0,25,,23988,17,,,0,65,,23987,17,,,0
701019,'1816',632,,12831,17,,,0,99,,12776,17,,,0,70,,12788,17,,,0,46,,12835,17,,,0,55,,12766,17,,,0,15,,12836,17,,,0,15,,12777,17,,,0,85,,12846,17,,,0,15,,12801,17,,,0,15,,12841,17,,,0,102,,12842,17,,,0,55,,12790,17,,,0,15,,12845,17,,,0,100,,12856,17,,,0,30,,12855,17,,,0,100,,12853,17,,,0,70,,12852,17,,,0,100,,12851,17,,,0,30,,12850,17,,,0,100,,12848,17,,,0,70,,12847,17,,,0,99,,12832,17,,,0,30,,12837,17,,,0,99,,12839,17,,,0
701019,'1817',632,,18631,17,,,0,69,,18664,17,,,0,30,,18649,17,,,0,70,,18630,17,,,0,15,,12552,17,,,0,16,,18667,17,,,0,15,,18608,17,,,0,55,,18638,17,,,0,15,,12536,17,,,0,15,,18627,17,,,0,15,,12553,17,,,0,55,,12615,17,,,0,15,,18607,17,,,0,15,,18647,17,,,0,15,,12537,17,,,0,55,,18626,17,,,0,16,,12532,17,,,0,16,,18660,17,,,0,15,,12540,17,,,0,55,,12594,17,,,0,15,,12535,17,,,0,15,,18623,17,,,0,15,,12547,17,,,0,55,,12612,17,,,0,15,,12538,17,,,0,15,,12590,17,,,0,15,,12543,17,,,0,55,,18621,17,,,0,15,,12546,17,,,0,15,,18668,17,,,0,15,,12533,17,,,0,55,,18643,17,,,0,15,,12545,17,,,0,15,,18619,17,,,0,15,,12549,17,,,0,55,,18663,17,,,0,15,,12530,17,,,0,15,,18648,17,,,0,15,,12531,17,,,0,55,,18617,17,,,0,15,,12548,17,,,0,15,,18657,17,,,0,15,,12529,17,,,0,55,,18640,17,,,0,15,,12544,17,,,0,14,,18616,17,,,0,15,,12550,17,,,0,55,,18656,17,,,0,15,,12541,17,,,0,15,,18641,17,,,0,15,,12542,17,,,0,55,,18614,17,,,0,15,,12551,17,,,0,14,,18669,17,,,0,15,,12539,17,,,0,55,,18639,17,,,0,29,,18611,17,,,0,70,,18665,17,,,0,30,,18635,17,,,0,70,,18609,17,,,0,30,,18670,17,,,0,25,,18672,17,,,0,65,,18671,17,,,0
701019,'1824',701,,18767,17,,,0,115,,18795,17,,,0,16,,18771,17,,,0,115,,18798,17,,,0,55,,18761,17,,,0,100,,18742,17,,,0,16,,18799,17,,,0,16,,18751,17,,,0,100,,18772,17,,,0,15,,18802,17,,,0,55,,18743,17,,,0,30,,18752,17,,,0,70,,18762,17,,,0,15,,18801,17,,,0,15,,18773,17,,,0,70,,18744,17,,,0,30,,18753,17,,,0,15,,18803,17,,,0,55,,18763,17,,,0,30,,18774,17,,,0,70,,18745,17,,,0,15,,18800,17,,,0,15,,18754,17,,,0,70,,18764,17,,,0,29,,18775,17,,,0,15,,18804,17,,,0,55,,18746,17,,,0,30,,18755,17,,,0,70,,18765,17,,,0,15,,18796,17,,,0,14,,18776,17,,,0,70,,18747,17,,,0,29,,18756,17,,,0,70,,18766,17,,,0,30,,18777,17,,,0,70,,18791,17,,,0,30,,18793,17,,,0,25,,18797,17,,,0,65,,18794,17,,,0
