1029,'1800',618,,28457,38,,,0,100,,28458,38,,,0,100,,28459,38,,,0,100,,28460,38,,,0,100,,28461,38,,,0,100,,28462,38,,,0,100,,28463,38,,,0,100,,28464,38,,,0,100,,28465,38,,,0,100,,28466,38,,,0,100,,28467,38,,,0,100,,28468,38,,,0,100,,28469,38,,,0,100,,28470,38,,,0,100,,28471,38,,,0,100,,28472,38,,,0,100,,28473,38,,,0,95,,28474,38,,,0
1029,'1838',618,,28475,38,,,0,100,,28476,38,,,0,100,,28477,38,,,0,100,,28478,38,,,0,100,,28479,38,,,0,100,,28480,38,,,0,100,,28481,38,,,0,100,,28482,38,,,0,100,,28483,38,,,0,100,,28484,38,,,0,100,,28485,38,,,0,100,,28486,38,,,0,100,,28487,38,,,0,100,,28488,38,,,0,100,,28489,38,,,0,100,,28490,38,,,0,100,,28491,38,,,0,95,,28492,38,,,0
1029,'1841',618,,19297,38,,,0,30,,19298,38,,,0,70,,19318,38,,,0,30,,19294,38,,,0,70,,24959,38,,,0,30,,19322,38,,,0,70,,19292,38,,,0,30,,24961,38,,,0,70,,19317,38,,,0,30,,19296,38,,,0,70,,19288,38,,,0,30,,19321,38,,,0,70,,19293,38,,,0,30,,19300,38,,,0,70,,19316,38,,,0,30,,19295,38,,,0,70,,24960,38,,,0,30,,19319,38,,,0,70,,19291,38,,,0,30,,24962,38,,,0,70,,24964,38,,,0,30,,19304,38,,,0,70,,19303,38,,,0,30,,19302,38,,,0,70,,19308,38,,,0,30,,19307,38,,,0,70,,19306,38,,,0,30,,19305,38,,,0,70,,19320,38,,,0,30,,19314,38,,,0,70,,24963,38,,,0,30,,19312,38,,,0,70,,19311,38,,,0,30,,19310,38,,,0,65,,19309,38,,,0
1029,'1848',618,,28498,38,,,0,30,,28510,38,,,0,70,,28517,38,,,0,30,,28505,38,,,0,70,,28526,38,,,0,30,,28514,38,,,0,69,,28497,38,,,0,31,,28509,38,,,0,70,,28520,38,,,0,30,,28504,38,,,0,70,,28527,38,,,0,30,,28513,38,,,0,70,,28496,38,,,0,30,,28508,38,,,0,70,,28519,38,,,0,30,,28503,38,,,0,70,,28499,38,,,0,30,,28512,38,,,0,70,,28495,38,,,0,30,,28507,38,,,0,70,,28515,38,,,0,30,,28502,38,,,0,70,,28524,38,,,0,30,,28511,38,,,0,70,,28494,38,,,0,30,,28506,38,,,0,70,,28518,38,,,0,30,,28500,38,,,0,70,,28522,38,,,0,30,,28521,38,,,0,70,,28493,38,,,0,30,,28501,38,,,0,70,,28516,38,,,0,30,,28525,38,,,0,65,,28523,38,,,0
1029,'1849',618,,28528,38,,,0,100,,28529,38,,,0,100,,28530,38,,,0,100,,28531,38,,,0,100,,28532,38,,,0,100,,28533,38,,,0,100,,28534,38,,,0,100,,28535,38,,,0,100,,28536,38,,,0,100,,28537,38,,,0,100,,28538,38,,,0,100,,28539,38,,,0,100,,28540,38,,,0,100,,28541,38,,,0,100,,28542,38,,,0,100,,28543,38,,,0,100,,28544,38,,,0,95,,28545,38,,,0
1029,'1850',618,,28555,38,,,0,30,,28556,38,,,0,70,,28576,38,,,0,30,,28552,38,,,0,70,,28547,38,,,0,30,,28580,38,,,0,70,,28550,38,,,0,30,,28557,38,,,0,70,,28575,38,,,0,30,,28554,38,,,0,70,,28546,38,,,0,30,,28579,38,,,0,70,,28551,38,,,0,30,,28558,38,,,0,70,,28574,38,,,0,30,,28553,38,,,0,70,,28548,38,,,0,30,,28577,38,,,0,70,,28549,38,,,0,30,,28559,38,,,0,70,,28573,38,,,0,30,,28562,38,,,0,70,,28561,38,,,0,30,,28560,38,,,0,70,,28566,38,,,0,30,,28565,38,,,0,70,,28564,38,,,0,30,,28563,38,,,0,70,,28578,38,,,0,30,,28572,38,,,0,70,,28571,38,,,0,30,,28570,38,,,0,70,,28569,38,,,0,30,,28568,38,,,0,65,,28567,38,,,0
1029,'1852',618,,28590,38,,,0,30,,28591,38,,,0,70,,28611,38,,,0,30,,28587,38,,,0,70,,28582,38,,,0,30,,28615,38,,,0,70,,28585,38,,,0,30,,28592,38,,,0,70,,28610,38,,,0,30,,28589,38,,,0,70,,28581,38,,,0,30,,28614,38,,,0,70,,28586,38,,,0,30,,28593,38,,,0,70,,28609,38,,,0,30,,28588,38,,,0,70,,28583,38,,,0,30,,28612,38,,,0,70,,28584,38,,,0,30,,28594,38,,,0,70,,28608,38,,,0,30,,28597,38,,,0,70,,28596,38,,,0,30,,28595,38,,,0,70,,28601,38,,,0,30,,28600,38,,,0,70,,28599,38,,,0,30,,28598,38,,,0,70,,28613,38,,,0,30,,28607,38,,,0,70,,28606,38,,,0,30,,28605,38,,,0,70,,28604,38,,,0,30,,28603,38,,,0,65,,28602,38,,,0
2029,'1800',633,,19696,35,,,0,70,,19704,35,,,0,30,,19715,35,,,0,70,,19710,35,,,0,30,,19697,35,,,0,70,,19705,35,,,0,30,,19716,35,,,0,70,,19711,35,,,0,30,,19698,35,,,0,70,,19706,35,,,0,30,,19717,35,,,0,70,,19712,35,,,0,30,,19699,35,,,0,70,,19707,35,,,0,30,,19718,35,,,0,70,,19713,35,,,0,30,,19700,35,,,0,70,,19708,35,,,0,30,,19719,35,,,0,70,,19714,35,,,0,30,,19701,35,,,0,70,,19709,35,,,0,30,,19720,35,,,0,100,,19702,35,,,0,100,,19721,35,,,0,100,,19703,35,,,0,100,,19722,35,,,0,100,,19695,35,,,0
2029,'1838',633,,19664,35,,,0,70,,19672,35,,,0,30,,19683,35,,,0,70,,19678,35,,,0,30,,19665,35,,,0,70,,19673,35,,,0,30,,19684,35,,,0,70,,19679,35,,,0,30,,19666,35,,,0,70,,19674,35,,,0,30,,19685,35,,,0,70,,19680,35,,,0,30,,19667,35,,,0,70,,19675,35,,,0,30,,19686,35,,,0,70,,19681,35,,,0,30,,19668,35,,,0,70,,19676,35,,,0,30,,19687,35,,,0,70,,19682,35,,,0,30,,19669,35,,,0,70,,19677,35,,,0,30,,19688,35,,,0,100,,19670,35,,,0,100,,19689,35,,,0,100,,19671,35,,,0,100,,19690,35,,,0,100,,19663,35,,,0
2029,'1843',536,,19588,20,,,0,67,,19562,35,,,0,30,,19563,35,,,0,70,,19564,35,,,0,30,,19565,35,,,0,70,,19566,35,,,0,30,,19567,35,,,0,70,,19568,35,,,0,30,,19569,35,,,0,70,,19570,35,,,0,30,,19571,35,,,0,70,,19572,35,,,0,30,,19573,35,,,0,70,,19574,35,,,0,30,,19575,35,,,0,70,,19576,35,,,0,30,,19577,35,,,0,70,,19578,35,,,0,30,,19579,35,,,0,70,,19580,35,,,0,30,,19581,35,,,0,70,,19582,35,,,0,30,,19583,35,,,0,70,,19584,35,,,0,30,,19585,35,,,0,70,,19586,35,,,0,30,,19587,35,,,0,70,,19591,35,,,0,30,,19592,35,,,0,100,,19593,35,,,0,100,,19594,35,,,0,100,,19590,35,,,0
2029,'1845',603,,19628,35,0,5 2 15 16 17,0,30,,19611,35,,,0,70,,19618,35,,,0,30,,19597,35,,,0,70,,19603,35,,,0,30,,19612,35,,,0,70,,19619,35,,,0,30,,19598,35,,,0,70,,19604,35,,,0,30,,19613,35,,,0,70,,19620,35,,,0,30,,19599,35,,,0,70,,19605,35,,,0,30,,19614,35,,,0,70,,19621,35,,,0,30,,19600,35,,,0,70,,19606,35,,,0,30,,19615,35,,,0,70,,19622,35,,,0,30,,19601,35,,,0,70,,19607,35,,,0,30,,19616,35,,,0,70,,19623,35,,,0,30,,19602,35,,,0,70,,19608,35,,,0,30,,19617,35,,,0,70,,19624,35,,,0,30,,19609,35,,,0,100,,19625,35,,,0,100,,19610,35,,,0,100,,19626,35,,,0
2029,'1847',633,,19632,35,,,0,70,,19640,35,,,0,30,,19651,35,,,0,70,,19646,35,,,0,30,,19633,35,,,0,70,,19641,35,,,0,30,,19652,35,,,0,70,,19647,35,,,0,30,,19634,35,,,0,70,,19642,35,,,0,30,,19653,35,,,0,70,,19648,35,,,0,30,,19635,35,,,0,70,,19643,35,,,0,30,,19654,35,,,0,70,,19649,35,,,0,30,,19636,35,,,0,70,,19644,35,,,0,30,,19655,35,,,0,70,,19650,35,,,0,30,,19637,35,,,0,70,,19645,35,,,0,30,,19656,35,,,0,100,,19638,35,,,0,100,,19657,35,,,0,100,,19639,35,,,0,100,,19658,35,,,0,100,,19631,35,,,0
2029,'1850',536,,28675,20,,,0,67,,28649,35,,,0,30,,28650,35,,,0,70,,28651,35,,,0,30,,28652,35,,,0,70,,28653,35,,,0,30,,28654,35,,,0,70,,28655,35,,,0,30,,28656,35,,,0,70,,28657,35,,,0,30,,28658,35,,,0,70,,28659,35,,,0,30,,28660,35,,,0,70,,28661,35,,,0,30,,28662,35,,,0,70,,28663,35,,,0,30,,28664,35,,,0,70,,28665,35,,,0,30,,28666,35,,,0,70,,28667,35,,,0,30,,28668,35,,,0,70,,28669,35,,,0,30,,28670,35,,,0,70,,28671,35,,,0,30,,28672,35,,,0,70,,28673,35,,,0,30,,28674,35,,,0,70,,28678,35,,,0,30,,28679,35,,,0,100,,28680,35,,,0,100,,28681,35,,,0,100,,28677,35,,,0
14000001029,'1800',542,,34784,19,0,18 7,0,1813,,34780,19,,,0,70,,24949,19,,,0,30,,34783,19,,,0,70,,34782,19,,,0,30,,24948,19,,,0,70,,34781,19,,,0
14000001029,'1838',542,,34789,19,0,18 7,0,1813,,34785,19,,,0,70,,24942,19,,,0,30,,34788,19,,,0,70,,34787,19,,,0,30,,24941,19,,,0,70,,34786,19,,,0
14000001029,'1841',441,,24916,19,0,18 7,0,102,,28284,19,0,18 7,0,1812,,28286,19,,,0,100,,28288,19,,,0,70,,28285,19,,,0,100,,28287,19,,,0
14000001029,'1843',2425,,24920,19,,,0,130,,24921,19,,,0
14000001029,'1845',2425,,24925,19,,,0,130,,24929,19,,,0
14000001029,'1847',2425,,24935,19,,,0,130,,24934,19,,,0
14000001029,'1848',542,,34793,19,0,18 7,0,1813,,34794,19,,,0,100,,34790,19,,,0,70,,34791,19,,,0,100,,34792,19,,,0
14000001029,'1849',542,,34799,19,0,18 7,0,1813,,34795,19,,,0,100,,34798,19,,,0,70,,34797,19,,,0,100,,34796,19,,,0
14000001029,'1850',441,,34800,19,0,18 7,0,102,,34801,19,0,18 7,0,1812,,34803,19,,,0,70,,34804,19,,,0,30,,34807,19,,,0,70,,34802,19,,,0,30,,34805,19,,,0,70,,34806,19,,,0
14000001029,'1852',441,,34808,19,0,18 7,0,102,,34809,19,0,18 7,0,1812,,34811,19,,,0,100,,34813,19,,,0,70,,34810,19,,,0,100,,34812,19,,,0
