1019,'1838',632,,34814,41,,,0,100,,34815,41,,,0,101,,34816,41,,,0,100,,34817,41,,,0,100,,34818,41,,,0,101,,34819,41,,,0,100,,34820,41,,,0,100,,34821,41,,,0,100,,34822,41,,,0,100,,34823,41,,,0,100,,34824,41,,,0,100,,34825,41,,,0,100,,34826,41,,,0,99,,34827,41,,,0,100,,34828,41,,,0,100,,34829,41,,,0,102,,34830,41,,,0,95,,34831,41,,,0
1019,'1865',603,,42047,41,,,0,30,,42070,41,,,0,70,,42045,41,,,0,31,,42040,41,,,0,71,,42059,41,,,0,31,,42042,41,,,0,70,,42048,41,,,0,29,,42073,41,,,0,70,,42044,41,,,0,30,,42038,41,,,0,71,,42058,41,,,0,30,,42043,41,,,0,70,,42049,41,,,0,30,,42069,41,,,0,70,,42046,41,,,0,31,,42039,41,,,0,70,,42071,41,,,0,32,,42041,41,,,0,70,,42050,41,,,0,30,,42068,41,,,0,69,,42061,41,,,0,30,,42053,41,,,0,70,,42051,41,,,0,28,,42054,41,,,0,70,,42056,41,,,0,29,,42055,41,,,0,69,,42052,41,,,0,30,,42072,41,,,0,70,,42066,41,,,0,30,,42067,41,,,0,70,,42065,41,,,0,29,,42064,41,,,0,74,,42063,41,,,0,30,,42062,41,,,0,70,,42060,41,,,0,25,,42057,41,,,0
1019,'1866',602,,34914,41,,,0,30,,34928,41,,,0,70,,34913,41,,,0,30,,34933,41,,,0,71,,34923,41,,,0,30,,34907,41,,,0,70,,34929,41,,,0,30,,34931,41,,,0,70,,34912,41,,,0,30,,34934,41,,,0,70,,34922,41,,,0,31,,34906,41,,,0,70,,34917,41,,,0,30,,34927,41,,,0,70,,34911,41,,,0,30,,34935,41,,,0,70,,34921,41,,,0,30,,34905,41,,,0,70,,34916,41,,,0,30,,34926,41,,,0,70,,34910,41,,,0,30,,34936,41,,,0,70,,34920,41,,,0,30,,34904,41,,,0,70,,34915,41,,,0,30,,34925,41,,,0,69,,34908,41,,,0,30,,34937,41,,,0,70,,34918,41,,,0,30,,34903,41,,,0,70,,34909,41,,,0,30,,34924,41,,,0,73,,34919,41,,,0,29,,34938,41,,,0,70,,34932,41,,,0,25,,34930,41,,,0
1019,'1867',632,,34939,41,,,0,100,,34940,41,,,0,101,,34941,41,,,0,100,,34942,41,,,0,100,,34943,41,,,0,101,,34944,41,,,0,100,,34945,41,,,0,100,,34946,41,,,0,100,,34947,41,,,0,100,,34948,41,,,0,100,,34949,41,,,0,100,,34950,41,,,0,100,,34951,41,,,0,99,,34952,41,,,0,100,,34953,41,,,0,100,,34954,41,,,0,102,,34955,41,,,0,95,,34956,41,,,0
1019,'1871',603,,28430,41,,,0,30,,34863,41,,,0,70,,34839,41,,,0,31,,34834,41,,,0,71,,34852,41,,,0,31,,34836,41,,,0,70,,34841,41,,,0,29,,34866,41,,,0,70,,34838,41,,,0,30,,34832,41,,,0,71,,34851,41,,,0,30,,34837,41,,,0,70,,34842,41,,,0,30,,34862,41,,,0,70,,34840,41,,,0,31,,34833,41,,,0,70,,34864,41,,,0,32,,34835,41,,,0,70,,34843,41,,,0,30,,34861,41,,,0,69,,34854,41,,,0,30,,34846,41,,,0,70,,34844,41,,,0,28,,34847,41,,,0,70,,34849,41,,,0,29,,34848,41,,,0,69,,34845,41,,,0,30,,34865,41,,,0,70,,34859,41,,,0,30,,34860,41,,,0,70,,34858,41,,,0,29,,34857,41,,,0,74,,34856,41,,,0,30,,34855,41,,,0,70,,34853,41,,,0,25,,34850,41,,,0
1019,'1873',602,,28342,41,,,0,30,,28356,41,,,0,70,,28341,41,,,0,30,,28361,41,,,0,71,,28351,41,,,0,30,,28335,41,,,0,70,,28357,41,,,0,30,,28359,41,,,0,70,,28340,41,,,0,30,,28362,41,,,0,70,,28350,41,,,0,31,,28334,41,,,0,70,,28345,41,,,0,30,,28355,41,,,0,70,,28339,41,,,0,30,,28363,41,,,0,70,,28349,41,,,0,30,,28333,41,,,0,70,,28344,41,,,0,30,,28354,41,,,0,70,,28338,41,,,0,30,,28364,41,,,0,70,,28348,41,,,0,30,,28332,41,,,0,70,,28343,41,,,0,30,,28353,41,,,0,69,,28336,41,,,0,30,,28365,41,,,0,70,,28346,41,,,0,30,,28331,41,,,0,70,,28337,41,,,0,30,,28352,41,,,0,73,,28347,41,,,0,29,,28366,41,,,0,70,,28360,41,,,0,25,,28358,41,,,0
1019,'1875',632,,28367,41,,,0,100,,28368,41,,,0,101,,28369,41,,,0,100,,28370,41,,,0,100,,28371,41,,,0,101,,28372,41,,,0,100,,28373,41,,,0,100,,28374,41,,,0,100,,28375,41,,,0,100,,28376,41,,,0,100,,28377,41,,,0,100,,28378,41,,,0,100,,28379,41,,,0,99,,28380,41,,,0,100,,28381,41,,,0,100,,28382,41,,,0,102,,28383,41,,,0,95,,28384,41,,,0
1019,'1876',603,,42083,41,,,0,30,,42106,41,,,0,70,,42081,41,,,0,31,,42076,41,,,0,71,,42095,41,,,0,31,,42078,41,,,0,70,,42084,41,,,0,29,,42109,41,,,0,70,,42080,41,,,0,30,,42074,41,,,0,71,,42094,41,,,0,30,,42079,41,,,0,70,,42085,41,,,0,30,,42105,41,,,0,70,,42082,41,,,0,31,,42075,41,,,0,70,,42107,41,,,0,32,,42077,41,,,0,70,,42086,41,,,0,30,,42104,41,,,0,69,,42097,41,,,0,30,,42089,41,,,0,70,,42087,41,,,0,28,,42090,41,,,0,70,,42092,41,,,0,29,,42091,41,,,0,69,,42088,41,,,0,30,,42108,41,,,0,70,,42102,41,,,0,30,,42103,41,,,0,70,,42101,41,,,0,29,,42100,41,,,0,74,,42099,41,,,0,30,,42098,41,,,0,70,,42096,41,,,0,25,,42093,41,,,0
7029,'1838',721,,36145,21,,,0,100,,36146,21,,,0,100,,36147,21,,,0,100,,36148,21,,,0,100,,36149,21,,,0,100,,36150,21,,,0,100,,36151,21,,,0,101,,36152,21,,,0,100,,36153,21,,,0,99,,36154,21,,,0,100,,36155,21,,,0,100,,36156,21,,,0,100,,36157,21,,,0,100,,36158,21,,,0,100,,36144,21,,,0
7029,'1857',519,,36176,21,,,0,103,,36177,21,,,0,29,,29635,21,,,0,72,,29636,21,,,0,30,,29637,21,,,0,70,,29638,21,,,0,30,,36178,21,,,0,200,,29643,21,,,0,70,,29644,21,,,0,30,,29645,21,,,0,70,,36172,21,,,0,30,,36173,21,,,0,101,,36171,21,,,0,70,,36170,21,,,0,100,,29646,21,,,0,30,,36182,21,,,0,70,,36183,21,,,0,29,,36184,21,,,0,99,,36186,21,,,0,70,,29652,21,,,0,30,,29653,21,,,0,70,,36187,21,,,0,30,,29655,21,,,0,69,,29656,21,,,0,101,,29657,21,,,0,99,,29658,21,,,0
7029,'1865',519,,36195,21,,,0,103,,36196,21,,,0,29,,36197,21,,,0,72,,36198,21,,,0,30,,36199,21,,,0,70,,36200,21,,,0,30,,36201,21,,,0,70,,42423,21,,,0,30,,42424,21,,,0,70,,42425,21,,,0,30,,36205,21,,,0,70,,36206,21,,,0,30,,36207,21,,,0,70,,36191,21,,,0,30,,36192,21,,,0,70,,42421,21,,,0,31,,36190,21,,,0,70,,36189,21,,,0,31,,42422,21,,,0,69,,36208,21,,,0,30,,36209,21,,,0,70,,36210,21,,,0,29,,36211,21,,,0,70,,42426,21,,,0,29,,36213,21,,,0,70,,36214,21,,,0,30,,36215,21,,,0,70,,36216,21,,,0,30,,36217,21,,,0,69,,36218,21,,,0,101,,36219,21,,,0,99,,36220,21,,,0,100,,42427,21,,,0
7029,'1866',622,,36253,10,,,0,29,,36222,21,,,0,70,,36236,21,,,0,30,,36223,21,,,0,70,,36237,21,,,0,30,,36224,21,,,0,70,,36238,21,,,0,30,,36225,21,,,0,70,,36239,21,,,0,30,,36226,21,,,0,70,,36240,21,,,0,30,,36227,21,,,0,70,,36241,21,,,0,30,,36228,21,,,0,70,,36242,21,,,0,30,,36229,21,,,0,71,,36243,21,,,0,30,,36230,21,,,0,70,,36244,21,,,0,30,,36231,21,,,0,69,,36245,21,,,0,30,,36232,21,,,0,70,,36246,21,,,0,30,,36233,21,,,0,70,,36247,21,,,0,30,,36234,21,,,0,70,,36248,21,,,0,30,,36235,21,,,0,70,,36249,21,,,0,100,,36250,21,,,0,100,,36251,21,,,0,100,,42428,21,,,0
7029,'1867',721,,36256,21,,,0,100,,36257,21,,,0,100,,36258,21,,,0,100,,36259,21,,,0,100,,36260,21,,,0,100,,36261,21,,,0,100,,36262,21,,,0,101,,36263,21,,,0,100,,36264,21,,,0,99,,36265,21,,,0,100,,36266,21,,,0,100,,36267,21,,,0,100,,36268,21,,,0,100,,36269,21,,,0,100,,36255,21,,,0
7029,'1871',923,,36179,21,,,0,30,,36180,21,,,0,70,,36181,21,,,0,300,,36174,21,,,0,132,,36175,21,,,0,268,,36185,21,,,0,598,,36188,21,,,0
7029,'1873',622,,29576,10,,,0,29,,29545,21,,,0,70,,29559,21,,,0,30,,29546,21,,,0,70,,29560,21,,,0,30,,36160,21,,,0,70,,29561,21,,,0,30,,36161,21,,,0,70,,29562,21,,,0,30,,36162,21,,,0,70,,29563,21,,,0,30,,29550,21,,,0,70,,29564,21,,,0,30,,36163,21,,,0,70,,29565,21,,,0,30,,29552,21,,,0,71,,29566,21,,,0,30,,29553,21,,,0,70,,29567,21,,,0,30,,36164,21,,,0,69,,29568,21,,,0,30,,36165,21,,,0,70,,29569,21,,,0,30,,36166,21,,,0,70,,29570,21,,,0,30,,36167,21,,,0,70,,29571,21,,,0,30,,29558,21,,,0,70,,29572,21,,,0,100,,29573,21,,,0,100,,29574,21,,,0
7029,'1875',721,,29579,21,,,0,100,,29580,21,,,0,100,,29581,21,,,0,100,,29582,21,,,0,100,,29583,21,,,0,100,,29584,21,,,0,100,,29585,21,,,0,101,,29586,21,,,0,100,,29587,21,,,0,99,,29588,21,,,0,100,,29589,21,,,0,100,,29590,21,,,0,100,,29591,21,,,0,100,,29592,21,,,0,100,,29578,21,,,0
7029,'1876',923,,42432,21,,,0,30,,42433,21,,,0,70,,42434,21,,,0,300,,42430,21,,,0,132,,42431,21,,,0,268,,42435,21,,,0,598,,42436,21,,,0
7029,'1877',2321,,42437,21,,,0
