16029,'1838',741,,45175,17,,,0,99,,45176,17,,,0,96,,42757,17,,,0,104,,45179,17,,,0,98,,45181,17,,,0,100,,45178,17,,,0,101,,45180,17,,,0,100,,45173,17,,,0,100,,45174,17,,,0,99,,42762,17,,,0,99,,45177,17,,,0,101,,42768,17,,,0,100,,42763,17,,,0,103,,42764,17,,,0,97,,42770,17,,,0
16029,'1865',610,,42771,17,,,0,30,,42772,17,,,0,73,,42773,17,,,0,36,,42774,17,,,0,71,,42775,17,,,0,32,,42776,17,,,0,70,,42777,17,,,0,29,,45182,17,,,0,67,,42779,17,,,0,30,,42780,17,,,0,70,,45183,17,,,0,30,,42782,17,,,0,70,,42783,17,,,0,30,,45184,17,,,0,70,,42785,17,,,0,30,,42786,17,,,0,71,,42787,17,,,0,32,,42788,17,,,0,71,,42789,17,,,0,29,,45185,17,,,0,72,,42791,17,,,0,30,,42792,17,,,0,69,,42793,17,,,0,28,,42794,17,,,0,69,,42795,17,,,0,30,,45187,17,,,0,67,,42796,17,,,0,30,,42797,17,,,0,70,,42798,17,,,0,24,,42799,17,,,0,70,,45186,17,,,0,29,,42801,17,,,0,70,,42802,17,,,0
16029,'1866',610,,42811,17,,,0,27,,42826,17,,,0,70,,42819,17,,,0,30,,42804,17,,,0,70,,42812,17,,,0,30,,42827,17,,,0,70,,42820,17,,,0,29,,42805,17,,,0,71,,42813,17,,,0,30,,42828,17,,,0,70,,42821,17,,,0,31,,42806,17,,,0,70,,42814,17,,,0,30,,42829,17,,,0,71,,42822,17,,,0,30,,42807,17,,,0,71,,42815,17,,,0,29,,42830,17,,,0,71,,42823,17,,,0,30,,42808,17,,,0,69,,42816,17,,,0,30,,42831,17,,,0,69,,42824,17,,,0,29,,42809,17,,,0,71,,42817,17,,,0,30,,42832,17,,,0,70,,42825,17,,,0,30,,42810,17,,,0,70,,42818,17,,,0,31,,42833,17,,,0,97,,42834,17,,,0,73,,42835,17,,,0
16029,'1867',741,,45190,17,,,0,99,,45191,17,,,0,96,,42837,17,,,0,104,,45194,17,,,0,98,,45196,17,,,0,100,,45193,17,,,0,101,,45195,17,,,0,100,,45188,17,,,0,100,,45189,17,,,0,99,,42842,17,,,0,99,,45192,17,,,0,101,,42848,17,,,0,100,,42843,17,,,0,103,,42844,17,,,0,97,,42850,17,,,0
16029,'1873',610,,42891,17,,,0,27,,42906,17,,,0,70,,42899,17,,,0,30,,42884,17,,,0,70,,42892,17,,,0,30,,42907,17,,,0,70,,42900,17,,,0,29,,42885,17,,,0,71,,42893,17,,,0,30,,42908,17,,,0,70,,42901,17,,,0,31,,42886,17,,,0,70,,42894,17,,,0,30,,42909,17,,,0,71,,42902,17,,,0,30,,42887,17,,,0,71,,42895,17,,,0,29,,42910,17,,,0,71,,42903,17,,,0,30,,42888,17,,,0,69,,42896,17,,,0,30,,42911,17,,,0,69,,42904,17,,,0,29,,42889,17,,,0,71,,42897,17,,,0,30,,42912,17,,,0,70,,42905,17,,,0,30,,42890,17,,,0,70,,42898,17,,,0,31,,42913,17,,,0,97,,42914,17,,,0,73,,42915,17,,,0
16029,'1878',936,,42917,17,,,0,702,,42922,17,,,0,200,,42928,17,,,0,100,,42923,17,,,0,103,,42924,17,,,0,97,,42930,17,,,0
16029,'1881',951,,42858,17,,,0,167,,42861,17,,,0,130,,42864,17,,,0,303,,42870,17,,,0,298,,42883,17,,,0,261,,42880,17,,,0
16029,'1882',610,,42851,17,,,0,30,,42852,17,,,0,73,,42853,17,,,0,36,,42854,17,,,0,71,,42855,17,,,0,32,,42856,17,,,0,70,,42857,17,,,0,96,,42859,17,,,0,30,,42860,17,,,0,100,,42862,17,,,0,70,,42863,17,,,0,100,,42865,17,,,0,30,,42866,17,,,0,71,,42867,17,,,0,32,,42868,17,,,0,71,,42869,17,,,0,101,,42871,17,,,0,30,,42872,17,,,0,69,,42873,17,,,0,28,,42874,17,,,0,69,,42875,17,,,0,97,,42876,17,,,0,30,,42877,17,,,0,70,,42878,17,,,0,24,,42879,17,,,0,99,,42881,17,,,0,70,,42882,17,,,0
16029,'1886',951,,45197,17,,,0,167,,45198,17,,,0,130,,45199,17,,,0,303,,45200,17,,,0,298,,45202,17,,,0,261,,45201,17,,,0
16029,'1888',741,,45205,17,,,0,99,,45206,17,,,0,200,,45209,17,,,0,98,,45211,17,,,0,100,,45208,17,,,0,101,,45210,17,,,0,100,,45203,17,,,0,100,,45204,17,,,0,198,,45207,17,,,0
