60029,'1798',619,,22244,5,,,0,24,,22237,5,,,0,70,,22245,5,,,0,30,,22239,5,,,0,70,,22246,5,,,0,30,,22238,5,,,0,70,,22247,5,,,0,30,,22241,5,,,0,69,,22248,5,,,0,30,,22258,5,,,0,70,,22249,5,,,0,30,,22260,5,,,0,70,,22250,5,,,0,30,,22240,5,,,0,70,,22251,5,,,0,30,,22257,5,,,0,70,,22252,5,,,0,30,,22261,5,,,0,70,,22263,5,,,0,30,,22256,5,,,0,70,,22262,5,,,0,30,,22259,5,,,0,70,,22265,5,,,0,30,,22255,5,,,0,70,,22266,5,,,0,30,,22253,5,,,0,70,,22264,5,,,0,30,,22242,5,,,0,71,,22267,5,,,0,29,,22236,5,,,0,71,,22243,5,,,0,30,,22254,5,,,0
60029,'1800',619,,22276,5,,,0,24,,22269,5,,,0,70,,22277,5,,,0,30,,22271,5,,,0,70,,22278,5,,,0,30,,22270,5,,,0,70,,22279,5,,,0,30,,22273,5,,,0,69,,22280,5,,,0,30,,22290,5,,,0,70,,22281,5,,,0,30,,22292,5,,,0,70,,22282,5,,,0,30,,22272,5,,,0,70,,22283,5,,,0,30,,22289,5,,,0,70,,22284,5,,,0,30,,22293,5,,,0,70,,22295,5,,,0,30,,22288,5,,,0,70,,22294,5,,,0,30,,22291,5,,,0,70,,22297,5,,,0,30,,22287,5,,,0,70,,22298,5,,,0,30,,22285,5,,,0,70,,22296,5,,,0,30,,22274,5,,,0,71,,22299,5,,,0,29,,22268,5,,,0,71,,22275,5,,,0,30,,22286,5,,,0
60029,'1817',619,,11657,5,,,0,24,,11642,5,,,0,70,,11656,5,,,0,30,,11641,5,,,0,70,,11654,5,,,0,30,,11640,5,,,0,70,,11655,5,,,0,30,,11639,5,,,0,69,,11653,5,,,0,30,,11638,5,,,0,70,,11652,5,,,0,30,,11637,5,,,0,70,,11651,5,,,0,30,,11636,5,,,0,70,,11650,5,,,0,30,,11635,5,,,0,70,,11649,5,,,0,30,,11634,5,,,0,70,,11648,5,,,0,30,,11633,5,,,0,70,,11647,5,,,0,30,,11632,5,,,0,70,,11646,5,,,0,30,,11631,5,,,0,70,,11645,5,,,0,30,,11630,5,,,0,70,,11644,5,,,0,30,,11629,5,,,0,71,,11643,5,,,0,30,,11628,5,,,0
602019,'1796',618,,23395,7,,,0,26,,23371,7,0,19 2 11 2 24 1 25 26,0,61,,23385,7,0,19 2 11 2 24 1 25 26,0,13,,23383,7,0,19 2 11 2 24 1 25 26,0,15,,23370,7,0,19 2 11 2 24 1 25 26,0,15,,23373,7,0,19 2 11 2 24 1 25 26,0,55,,23384,7,0,19 2 11 2 24 1 25 26,0,15,,23378,7,0,19 2 11 2 24 1 25 26,0,15,,23397,7,0,19 2 11 2 24 1 25 26,0,15,,23374,7,0,19 2 11 2 24 1 25 26,0,55,,23394,8,,,0,24,,23403,8,,,0,30,,23401,8,,,0,70,,23408,8,,,0,30,,23406,8,,,0,70,,23402,8,,,0,30,,23400,8,,,0,70,,23407,8,,,0,30,,23398,8,,,0,70,,23404,8,,,0,30,,23399,8,,,0,70,,23405,8,,,0,20,,23381,7,0,19 2 11 2 24 1 25 26,0,55,,23390,7,0,19 2 11 2 24 1 25 26,0,15,,23382,7,0,19 2 11 2 24 1 25 26,0,15,,23389,7,0,19 2 11 2 24 1 25 26,0,15,,23375,7,0,19 2 11 2 24 1 25 26,0,55,,23388,7,0,19 2 11 2 24 1 25 26,0,15,,23380,7,0,19 2 11 2 24 1 25 26,0,15,,23392,7,0,19 2 11 2 24 1 25 26,0,15,,23379,7,0,19 2 11 2 24 1 25 26,0,55,,23387,7,0,19 2 11 2 24 1 25 26,0,14,,23376,7,0,19 2 11 2 24 1 25 26,0,15,,23391,7,0,19 2 11 2 24 1 25 26,0,15,,23372,7,0,19 2 11 2 24 1 25 26,0,55,,23396,7,0,19 2 11 2 24 1 25 26,0,15,,23377,7,0,19 2 11 2 24 1 25 26,0,15,,23386,8,,,0,17,,23360,8,,,0,70,,23361,8,,,0,12,,23393,8,,,0,18,,23366,8,,,0,70,,23364,8,,,0,30,,23365,8,,,0,70,,23369,8,,,0,30,,23362,8,,,0,70,,23367,8,,,0,30,,23363,8,,,0,76,,23368,8,,,0
602019,'1797',628,,23443,7,,,0,26,,23425,8,,,0,70,,23442,8,,,0,30,,23424,8,,,0,70,,23441,8,,,0,30,,23423,8,,,0,70,,23440,8,,,0,30,,23422,8,,,0,70,,23439,8,,,0,30,,23421,8,,,0,71,,23438,8,,,0,30,,23419,8,,,0,70,,23437,8,,,0,30,,23420,8,,,0,70,,23435,8,,,0,30,,23418,8,,,0,70,,23436,8,,,0,30,,23411,8,,,0,70,,23434,8,,,0,30,,23412,8,,,0,70,,23433,8,,,0,30,,23410,8,,,0,70,,23432,8,,,0,30,,23413,8,,,0,70,,23431,8,,,0,30,,23416,8,,,0,70,,23429,8,,,0,30,,23417,8,,,0,69,,23430,8,,,0,30,,23415,8,,,0,70,,23427,8,,,0,30,,23414,8,,,0,70,,23428,8,,,0,30,,23409,8,,,0,70,,23426,8,,,0
602019,'1798',2224,,23446,8,,,0,30,,23445,8,,,0,70,,23444,8,,,0
602019,'1799',628,,23475,7,,,0,26,,23472,8,,,0,70,,23457,8,,,0,30,,23461,8,,,0,70,,23476,8,,,0,30,,23452,8,,,0,70,,23448,8,,,0,30,,23471,8,,,0,70,,23468,8,,,0,30,,23462,8,,,0,71,,23470,8,,,0,30,,23480,8,,,0,70,,23469,8,,,0,30,,23449,8,,,0,70,,23478,8,,,0,30,,23479,8,,,0,70,,23447,8,,,0,30,,23473,8,,,0,70,,23456,8,,,0,30,,23458,8,,,0,70,,23481,8,,,0,30,,23463,8,,,0,70,,23453,8,,,0,30,,23466,8,,,0,70,,23477,8,,,0,30,,23451,8,,,0,70,,23455,8,,,0,30,,23464,8,,,0,69,,23454,8,,,0,30,,23467,8,,,0,70,,23460,8,,,0,30,,23474,8,,,0,70,,23459,8,,,0,30,,23465,8,,,0,70,,23450,8,,,0
602019,'1800',2224,,23484,8,,,0,30,,23483,8,,,0,70,,23482,8,,,0
602019,'1816',628,,8388,7,,,0,26,,8370,8,,,0,70,,8387,8,,,0,30,,8369,8,,,0,70,,8386,8,,,0,30,,8368,8,,,0,70,,8385,8,,,0,30,,8367,8,,,0,70,,8384,8,,,0,30,,8366,8,,,0,71,,8383,8,,,0,30,,8364,8,,,0,70,,8382,8,,,0,30,,8365,8,,,0,70,,8380,8,,,0,30,,8363,8,,,0,70,,8381,8,,,0,30,,8356,8,,,0,70,,8379,8,,,0,30,,8357,8,,,0,70,,8378,8,,,0,30,,8355,8,,,0,70,,8377,8,,,0,30,,8358,8,,,0,70,,8376,8,,,0,30,,8361,8,,,0,70,,8374,8,,,0,30,,8362,8,,,0,69,,8375,8,,,0,30,,8360,8,,,0,70,,8372,8,,,0,30,,8359,8,,,0,70,,8373,8,,,0,30,,8354,8,,,0,70,,8371,8,,,0
602019,'1817',2124,,12491,8,,,0,30,,12487,8,,,0,70,,12490,8,,,0,30,,12488,8,,,0,70,,12489,8,,,0
