11019,'1838',912,,36451,20,,,0,100,,42449,20,,,0,103,,42450,20,,,0,101,,36454,20,,,0,100,,42451,20,,,0,100,,42452,20,,,0,100,,36457,20,,,0,99,,42453,20,,,0,100,,42454,20,,,0,97,,36460,20,,,0,99,,36461,20,,,0,100,,42455,20,,,0
11019,'1857',712,,29910,20,,,0,101,,29911,20,,,0,100,,29912,20,,,0,200,,29914,20,,,0,100,,36483,20,,,0,100,,36484,20,,,0,100,,36485,20,,,0,99,,36486,20,,,0,200,,36488,20,,,0,100,,36489,20,,,0,100,,36490,20,,,0,100,,29923,20,,,0
11019,'1865',712,,36492,20,,,0,101,,36493,20,,,0,100,,36494,20,,,0,100,,42457,20,,,0,100,,36496,20,,,0,100,,36497,20,,,0,100,,36498,20,,,0,100,,36499,20,,,0,99,,36500,20,,,0,100,,42458,20,,,0,100,,36502,20,,,0,100,,36503,20,,,0,100,,36504,20,,,0,100,,36505,20,,,0,98,,42459,20,,,0
11019,'1866',711,,36510,20,,,0,100,,36511,20,,,0,101,,36512,20,,,0,100,,36513,20,,,0,100,,36514,20,,,0,104,,36515,20,,,0,100,,36516,20,,,0,100,,36517,20,,,0,100,,36518,20,,,0,99,,36519,20,,,0,100,,36520,20,,,0,97,,36521,20,,,0,99,,36508,20,,,0,100,,36509,20,,,0
11019,'1867',912,,36523,20,,,0,100,,42460,20,,,0,103,,42461,20,,,0,101,,36526,20,,,0,100,,42462,20,,,0,100,,42463,20,,,0,100,,36529,20,,,0,99,,42464,20,,,0,100,,42465,20,,,0,97,,36532,20,,,0,99,,36533,20,,,0,100,,42466,20,,,0
11019,'1871',1013,,36482,20,,,0,599,,36487,20,,,0,498,,36491,20,,,0
11019,'1873',711,,36466,20,,,0,100,,36467,20,,,0,101,,29870,20,,,0,100,,29871,20,,,0,100,,36468,20,,,0,104,,36469,20,,,0,100,,36470,20,,,0,100,,29875,20,,,0,100,,36471,20,,,0,99,,29877,20,,,0,100,,29878,20,,,0,97,,36472,20,,,0,99,,36464,20,,,0,100,,36465,20,,,0
11019,'1874',1012,,36474,20,,,0,103,,36475,20,,,0,201,,36476,20,,,0,100,,36477,20,,,0,199,,36478,20,,,0,100,,36479,20,,,0,296,,36480,20,,,0
11019,'1875',912,,29881,20,,,0,304,,29884,20,,,0,300,,29887,20,,,0,296,,29890,20,,,0,99,,29891,20,,,0
11019,'1876',1013,,42468,20,,,0,599,,42469,20,,,0,498,,42470,20,,,0
11019,'1878',1012,,42471,20,,,0,103,,42472,20,,,0,201,,42473,20,,,0,100,,42474,20,,,0,199,,42475,20,,,0,100,,42476,20,,,0,296,,42477,20,,,0
