15029,'1838',747,,36977,71,,,0,98,,45082,71,,,0,102,,36974,71,,,0,100,,36975,71,,,0,102,,45083,71,,,0,100,,36972,71,,,0,100,,36969,71,,,0,102,,45081,71,,,0,100,,36971,71,,,0,99,,36968,71,,,0,99,,45080,71,,,0,99,,36966,71,,,0,99,,36967,71,,,0,100,,45079,71,,,0
15029,'1865',624,,45084,31,,,0,20,,45085,31,,,0,71,,36995,71,,,0,33,,36996,71,,,0,74,,36997,71,,,0,29,,45086,71,,,0,73,,36999,71,,,0,30,,37000,71,,,0,65,,37001,71,,,0,30,,37002,71,,,0,70,,37003,71,,,0,30,,45087,71,,,0,70,,45088,71,,,0,30,,42575,71,,,0,70,,45089,71,,,0,30,,45090,71,,,0,70,,42576,71,,,0,33,,37010,71,,,0,73,,45091,71,,,0,75,,37012,71,,,0,32,,37013,71,,,0,69,,45092,71,,,0,24,,45093,71,,,0,23,,37016,71,,,0,69,,37017,71,,,0,29,,37018,71,,,0,67,,45094,71,,,0,30,,37020,71,,,0,70,,45095,71,,,0,30,,45096,71,,,0,70,,37023,71,,,0,99,,45098,71,,,0,97,,45097,71,,,0
15029,'1866',619,,45099,31,,,0,133,,37029,71,,,0,93,,37030,71,,,0,100,,45100,71,,,0,100,,37032,71,,,0,103,,37033,71,,,0,100,,45101,71,,,0,100,,37035,71,,,0,105,,37036,71,,,0,100,,45102,71,,,0,98,,37038,71,,,0,98,,37039,71,,,0,99,,45103,71,,,0,99,,37026,71,,,0,100,,37027,71,,,0
15029,'1867',747,,37054,71,,,0,98,,45107,71,,,0,102,,37051,71,,,0,100,,37052,71,,,0,102,,45108,71,,,0,100,,37049,71,,,0,100,,37046,71,,,0,102,,45106,71,,,0,100,,37048,71,,,0,99,,37045,71,,,0,99,,45105,71,,,0,99,,37043,71,,,0,99,,37044,71,,,0,100,,45104,71,,,0
15029,'1873',752,,30423,71,,,0,93,,30424,71,,,0,200,,30426,71,,,0,103,,30427,71,,,0,200,,30429,71,,,0,105,,30430,71,,,0,198,,30432,71,,,0,98,,30433,71,,,0,198,,30420,71,,,0,100,,30421,71,,,0
15029,'1878',747,,30448,71,,,0,200,,30445,71,,,0,100,,30446,71,,,0,202,,30443,71,,,0,100,,30440,71,,,0,202,,30442,71,,,0,99,,30439,71,,,0,198,,30437,71,,,0,99,,30438,71,,,0
15029,'1881',624,,30482,31,,,0,20,,36978,31,,,0,207,,36979,71,,,0,298,,36980,71,,,0,70,,36981,71,,,0,100,,36983,71,,,0,30,,36984,71,,,0,176,,36986,71,,,0,176,,36987,71,,,0,24,,36988,71,,,0,188,,30508,71,,,0,100,,36989,71,,,0,30,,42580,71,,,0,169,,36992,71,,,0,97,,36991,71,,,0
15029,'1882',715,,30484,71,,,0,33,,30485,71,,,0,74,,30486,71,,,0,102,,30488,71,,,0,30,,30489,71,,,0,65,,30490,71,,,0,30,,30491,71,,,0,70,,30492,71,,,0,130,,42578,71,,,0,170,,42579,71,,,0,33,,30499,71,,,0,148,,30501,71,,,0,32,,30502,71,,,0,116,,30505,71,,,0,69,,30506,71,,,0,29,,30507,71,,,0,97,,30509,71,,,0,170,,30512,71,,,0
15029,'1886',624,,45109,31,,,0,20,,45110,31,,,0,207,,45111,71,,,0,298,,45112,71,,,0,70,,45113,71,,,0,100,,45114,71,,,0,30,,45115,71,,,0,176,,45116,71,,,0,176,,45117,71,,,0,24,,45118,71,,,0,188,,45119,71,,,0,100,,45120,71,,,0,30,,45121,71,,,0,169,,45123,71,,,0,97,,45122,71,,,0
15029,'1887',619,,45124,31,,,0,326,,45125,71,,,0,303,,45126,71,,,0,305,,45127,71,,,0,295,,45128,71,,,0
15029,'1888',845,,45132,71,,,0,304,,45133,71,,,0,302,,45131,71,,,0,298,,45130,71,,,0,298,,45129,71,,,0
