15029,'1838',743,,36977,64,,,0,98,,45082,64,,,0,102,,36974,64,,,0,100,,36975,64,,,0,102,,45083,64,,,0,100,,36972,64,,,0,100,,36969,64,,,0,102,,45081,64,,,0,100,,36971,64,,,0,99,,36968,64,,,0,99,,45080,64,,,0,99,,36966,64,,,0,99,,36967,64,,,0,100,,45079,64,,,0
15029,'1865',620,,45084,24,,,0,20,,45085,24,,,0,71,,36995,64,,,0,32,,36996,64,,,0,74,,36997,64,,,0,30,,45086,64,,,0,73,,36999,64,,,0,30,,37000,64,,,0,65,,37001,64,,,0,30,,37002,64,,,0,70,,37003,64,,,0,30,,45087,64,,,0,70,,45088,64,,,0,30,,42575,64,,,0,70,,45089,64,,,0,30,,45090,64,,,0,70,,42576,64,,,0,32,,37010,64,,,0,73,,45091,64,,,0,35,,37012,64,,,0,72,,37013,64,,,0,29,,45092,64,,,0,65,,45093,64,,,0,23,,37016,64,,,0,69,,37017,64,,,0,29,,37018,64,,,0,67,,45094,64,,,0,30,,37020,64,,,0,70,,45095,64,,,0,30,,45096,64,,,0,70,,37023,64,,,0,99,,45098,64,,,0,97,,45097,64,,,0
15029,'1866',615,,45099,24,,,0,133,,37029,64,,,0,93,,37030,64,,,0,100,,45100,64,,,0,100,,37032,64,,,0,103,,37033,64,,,0,100,,45101,64,,,0,100,,37035,64,,,0,105,,37036,64,,,0,100,,45102,64,,,0,98,,37038,64,,,0,98,,37039,64,,,0,99,,45103,64,,,0,99,,37026,64,,,0,100,,37027,64,,,0
15029,'1867',743,,37054,64,,,0,98,,45107,64,,,0,102,,37051,64,,,0,100,,37052,64,,,0,102,,45108,64,,,0,100,,37049,64,,,0,100,,37046,64,,,0,102,,45106,64,,,0,100,,37048,64,,,0,99,,37045,64,,,0,99,,45105,64,,,0,99,,37043,64,,,0,99,,37044,64,,,0,100,,45104,64,,,0
15029,'1873',748,,30423,64,,,0,93,,30424,64,,,0,200,,30426,64,,,0,103,,30427,64,,,0,200,,30429,64,,,0,105,,30430,64,,,0,198,,30432,64,,,0,98,,30433,64,,,0,198,,30420,64,,,0,100,,30421,64,,,0
15029,'1878',743,,30448,64,,,0,200,,30445,64,,,0,100,,30446,64,,,0,202,,30443,64,,,0,100,,30440,64,,,0,202,,30442,64,,,0,99,,30439,64,,,0,198,,30437,64,,,0,99,,30438,64,,,0
15029,'1881',620,,30482,24,,,0,20,,36978,24,,,0,207,,36979,64,,,0,298,,36980,64,,,0,70,,36981,64,,,0,100,,36983,64,,,0,30,,36984,64,,,0,175,,36986,64,,,0,136,,36987,64,,,0,65,,36988,64,,,0,188,,30508,64,,,0,100,,36989,64,,,0,30,,42580,64,,,0,169,,36992,64,,,0,97,,36991,64,,,0
15029,'1882',711,,30484,64,,,0,32,,30485,64,,,0,74,,30486,64,,,0,103,,30488,64,,,0,30,,30489,64,,,0,65,,30490,64,,,0,30,,30491,64,,,0,70,,30492,64,,,0,130,,42578,64,,,0,170,,42579,64,,,0,32,,30499,64,,,0,108,,30501,64,,,0,72,,30502,64,,,0,117,,30505,64,,,0,69,,30506,64,,,0,29,,30507,64,,,0,97,,30509,64,,,0,170,,30512,64,,,0
15029,'1886',620,,45109,24,,,0,20,,45110,24,,,0,207,,45111,64,,,0,298,,45112,64,,,0,70,,45113,64,,,0,100,,45114,64,,,0,30,,45115,64,,,0,175,,45116,64,,,0,136,,45117,64,,,0,65,,45118,64,,,0,188,,45119,64,,,0,100,,45120,64,,,0,30,,45121,64,,,0,169,,45123,64,,,0,97,,45122,64,,,0
15029,'1887',615,,45124,24,,,0,326,,45125,64,,,0,303,,45126,64,,,0,305,,45127,64,,,0,295,,45128,64,,,0
15029,'1888',841,,45132,64,,,0,304,,45133,64,,,0,302,,45131,64,,,0,298,,45130,64,,,0,298,,45129,64,,,0
