1019,'1790',626,,5644,33,,,0,100,,5645,33,,,0,101,,5646,33,,,0,100,,5647,33,,,0,100,,5648,33,,,0,101,,5649,33,,,0,100,,5650,33,,,0,100,,5651,33,,,0,100,,5652,33,,,0,100,,5653,33,,,0,100,,5654,33,,,0,100,,5655,33,,,0,100,,5656,33,,,0,99,,5657,33,,,0,100,,5658,33,,,0,100,,5659,33,,,0,103,,5660,33,,,0,95,,5661,33,,,0
1019,'1791',632,,9355,33,,,0,70,,9331,33,,,0,132,,9328,33,,,0,70,,9334,33,,,0,130,,9324,33,,,0,101,,9329,33,,,0,170,,9332,33,,,0,30,,9325,33,,,0,70,,9356,33,,,0,230,,9338,33,,,0,70,,9305,33,,,0,29,,9339,33,,,0,70,,9341,33,,,0,99,,9337,33,,,0,25,,9357,33,,,0,30,,9351,33,,,0,100,,9350,33,,,0,143,,9348,33,,,0,30,,9347,33,,,0,70,,9345,33,,,0
1019,'1794',626,,9306,33,,,0,100,,9307,33,,,0,101,,9308,33,,,0,100,,9309,33,,,0,100,,9310,33,,,0,101,,9311,33,,,0,100,,9312,33,,,0,100,,9313,33,,,0,100,,9314,33,,,0,100,,9315,33,,,0,100,,9316,33,,,0,100,,9317,33,,,0,100,,9318,33,,,0,99,,9319,33,,,0,100,,9320,33,,,0,100,,9321,33,,,0,103,,9322,33,,,0,95,,9323,33,,,0
1019,'1808',556,,5619,33,,,0,70,,5633,33,,,0,30,,5618,33,,,0,70,,5638,33,,,0,31,,5628,33,,,0,70,,5612,33,,,0,30,,5634,33,,,0,70,,5636,33,,,0,30,,5617,33,,,0,70,,5639,33,,,0,30,,5627,33,,,0,71,,5611,33,,,0,30,,5622,33,,,0,70,,5632,33,,,0,30,,5616,33,,,0,70,,5640,33,,,0,30,,5626,33,,,0,70,,5610,33,,,0,30,,5621,33,,,0,70,,5631,33,,,0,30,,5615,33,,,0,70,,5641,33,,,0,30,,5625,33,,,0,70,,5609,33,,,0,30,,5620,33,,,0,70,,5630,33,,,0,29,,5613,33,,,0,70,,5642,33,,,0,30,,5623,33,,,0,70,,5608,33,,,0,30,,5614,33,,,0,70,,5629,33,,,0,73,,5624,33,,,0,30,,5643,33,,,0,70,,5637,33,,,0,25,,5635,33,,,0
1019,'1815',557,,13768,33,,,0,175,,13765,33,,,0,71,,13774,33,,,0,131,,13780,33,,,0,70,,13767,33,,,0,101,,13773,33,,,0,100,,13769,33,,,0,30,,13779,33,,,0,201,,13766,33,,,0,70,,13770,33,,,0,30,,13778,33,,,0,69,,13775,33,,,0,229,,13771,33,,,0,194,,13777,33,,,0,99,,13776,33,,,0,199,,13772,33,,,0
22029,'1790',2317,,7411,12,0,19 2 20 21,0,30,,7410,12,0,19 2 20 21,0
22029,'1791',648,,11427,12,0,19 2 20 21,0,73,,11428,12,0,19 2 20 21,0,30,,11429,12,0,19 2 20 21,0,73,,11430,12,0,19 2 20 21,0,30,,11431,12,0,19 2 20 21,0,71,,11432,14,,,0,127,,11434,14,,,0,70,,11439,14,,,0,130,,11436,14,,,0,101,,11440,14,,,0,170,,11443,14,,,0,32,,11444,14,,,0,70,,11445,14,,,0,225,,11450,14,,,0,70,,11382,14,,,0,125,,11453,14,,,0,69,,11454,14,,,0,197,,11456,12,0,19 2 20 21,0,35,,11457,12,0,19 2 20 21,0
22029,'1794',1813,,11397,12,0,19 2 20 21,0,199,,11395,12,0,19 2 20 21,0,305,,11398,12,0,19 2 20 21,0,30,,11399,12,0,19 2 20 21,0
22029,'1808',615,,11466,12,0,19 2 20 21,0,30,,11373,12,0,19 2 20 21,0,67,,11377,12,0,19 2 20 21,0,30,,11464,12,0,19 2 20 21,0,71,,11378,12,0,19 2 20 21,0,30,,11361,14,,,0,70,,11458,14,,,0,30,,11362,14,,,0,70,,11363,14,,,0,30,,11459,14,,,0,70,,11364,14,,,0,30,,11365,14,,,0,70,,11460,14,,,0,31,,11366,14,,,0,70,,11367,14,,,0,31,,11461,14,,,0,69,,11368,14,,,0,31,,11369,14,,,0,70,,11462,14,,,0,30,,11370,14,,,0,70,,11371,14,,,0,29,,11463,14,,,0,69,,11372,14,,,0,31,,11374,12,0,19 2 20 21,0,69,,11467,12,0,19 2 20 21,0,30,,11375,12,0,19 2 20 21,0,70,,11379,12,0,19 2 20 21,0,29,,11465,12,0,19 2 20 21,0,70,,11380,12,0,19 2 20 21,0,30,,11376,12,0,19 2 20 21,0,67,,11468,12,0,19 2 20 21,0,33,,11381,12,0,19 2 20 21,0,175,,7394,12,0,19 2 20 21,0,30,,7393,12,0,19 2 20 21,0
22029,'1809',716,,14969,12,0,19 2 20 21,0,97,,14958,14,,,0,100,,14959,14,,,0,100,,14960,14,,,0,100,,14961,14,,,0,100,,14962,14,,,0,101,,14963,14,,,0,100,,14964,14,,,0,100,,14965,14,,,0,100,,14966,14,,,0,99,,14967,14,,,0,100,,11483,12,0,19 2 20 21,0,100,,14968,12,0,19 2 20 21,0,99,,11481,12,0,19 2 20 21,0,100,,14970,12,0,19 2 20 21,0
22029,'1814',716,,11394,12,0,19 2 20 21,0,97,,11383,14,,,0,100,,11384,14,,,0,100,,11385,14,,,0,100,,11386,14,,,0,100,,11387,14,,,0,101,,11388,14,,,0,100,,11389,14,,,0,100,,11390,14,,,0,100,,11391,14,,,0,99,,11392,14,,,0,200,,11393,12,0,19 2 20 21,0,199,,11396,12,0,19 2 20 21,0
22029,'1815',952,,14972,14,,,0,70,,14975,14,,,0,130,,14973,14,,,0,70,,14971,14,,,0,100,,14974,14,,,0,101,,14976,14,,,0,30,,14977,14,,,0,202,,14978,14,,,0,68,,14979,14,,,0,30,,14980,14,,,0,70,,14981,14,,,0,127,,14982,14,,,0,65,,14983,14,,,0,126,,14984,12,0,19 2 20 21,0
22029,'1817',716,,14996,12,0,19 2 20 21,0,97,,14985,14,,,0,100,,14986,14,,,0,100,,14987,14,,,0,100,,14988,14,,,0,100,,14989,14,,,0,101,,14990,14,,,0,100,,14991,14,,,0,100,,14992,14,,,0,100,,14993,14,,,0,99,,14994,14,,,0,200,,14995,12,0,19 2 20 21,0,199,,14997,12,0,19 2 20 21,0
