15029,'1838',722,,36977,30,,,0,98,,45082,30,,,0,100,,36974,30,,,0,100,,36975,30,,,0,101,,45083,30,,,0,100,,36972,30,,,0,100,,36969,30,,,0,102,,45081,30,,,0,100,,36971,30,,,0,100,,36968,30,,,0,99,,45080,30,,,0,99,,36966,30,,,0,100,,36967,30,,,0,100,,45079,30,,,0
15029,'1865',648,,36995,30,,,0,69,,36996,30,,,0,33,,36997,30,,,0,71,,45086,30,,,0,33,,36999,30,,,0,70,,37000,30,,,0,25,,37001,30,,,0,70,,37002,30,,,0,30,,37003,30,,,0,70,,45087,30,,,0,30,,45088,30,,,0,70,,42575,30,,,0,30,,45089,30,,,0,70,,45090,30,,,0,30,,42576,30,,,0,70,,37010,30,,,0,33,,45091,30,,,0,75,,37012,30,,,0,32,,37013,30,,,0,70,,45092,30,,,0,28,,45093,30,,,0,64,,37016,30,,,0,29,,37017,30,,,0,69,,37018,30,,,0,27,,45094,30,,,0,70,,37020,30,,,0,30,,45095,30,,,0,70,,45096,30,,,0,30,,37023,30,,,0,100,,45098,30,,,0,97,,45097,30,,,0
15029,'1866',727,,37029,30,,,0,93,,37030,30,,,0,100,,45100,30,,,0,100,,37032,30,,,0,101,,37033,30,,,0,100,,45101,30,,,0,100,,37035,30,,,0,103,,37036,30,,,0,100,,45102,30,,,0,100,,37038,30,,,0,98,,37039,30,,,0,99,,45103,30,,,0,100,,37026,30,,,0,100,,37027,30,,,0
15029,'1867',722,,37054,30,,,0,98,,45107,30,,,0,100,,37051,30,,,0,100,,37052,30,,,0,101,,45108,30,,,0,100,,37049,30,,,0,100,,37046,30,,,0,102,,45106,30,,,0,100,,37048,30,,,0,100,,37045,30,,,0,99,,45105,30,,,0,99,,37043,30,,,0,100,,37044,30,,,0,100,,45104,30,,,0
15029,'1873',727,,30423,30,,,0,93,,30424,30,,,0,200,,30426,30,,,0,101,,30427,30,,,0,200,,30429,30,,,0,103,,30430,30,,,0,200,,30432,30,,,0,98,,30433,30,,,0,199,,30420,30,,,0,100,,30421,30,,,0
15029,'1878',722,,30448,30,,,0,198,,30445,30,,,0,100,,30446,30,,,0,201,,30443,30,,,0,100,,30440,30,,,0,202,,30442,30,,,0,100,,30439,30,,,0,198,,30437,30,,,0,100,,30438,30,,,0
15029,'1881',821,,36979,30,,,0,298,,36980,30,,,0,30,,36981,30,,,0,100,,36983,30,,,0,70,,36984,30,,,0,133,,36986,30,,,0,177,,36987,30,,,0,28,,36988,30,,,0,189,,30508,30,,,0,100,,36989,30,,,0,70,,42580,30,,,0,130,,36992,30,,,0,97,,36991,30,,,0
15029,'1882',648,,30484,30,,,0,69,,30485,30,,,0,33,,30486,30,,,0,104,,30488,30,,,0,70,,30489,30,,,0,25,,30490,30,,,0,70,,30491,30,,,0,30,,30492,30,,,0,170,,42578,30,,,0,130,,42579,30,,,0,70,,30499,30,,,0,108,,30501,30,,,0,32,,30502,30,,,0,162,,30505,30,,,0,29,,30506,30,,,0,69,,30507,30,,,0,97,,30509,30,,,0,130,,30512,30,,,0
15029,'1886',821,,45111,30,,,0,298,,45112,30,,,0,30,,45113,30,,,0,100,,45114,30,,,0,70,,45115,30,,,0,133,,45116,30,,,0,177,,45117,30,,,0,28,,45118,30,,,0,189,,45119,30,,,0,100,,45120,30,,,0,70,,45121,30,,,0,130,,45123,30,,,0,97,,45122,30,,,0
15029,'1887',920,,45125,30,,,0,301,,45126,30,,,0,303,,45127,30,,,0,297,,45128,30,,,0
15029,'1888',820,,45132,30,,,0,301,,45133,30,,,0,302,,45131,30,,,0,299,,45130,30,,,0,299,,45129,30,,,0
