2029,'1816',554,,5908,24,0,5 2 15 16 17,0,70,,5891,24,,,0,30,,5898,24,,,0,68,,5877,24,,,0,30,,5883,24,,,0,70,,5892,24,,,0,30,,5899,24,,,0,70,,5878,24,,,0,30,,5884,24,,,0,70,,5893,24,,,0,30,,5900,24,,,0,70,,5879,24,,,0,30,,5885,24,,,0,70,,5894,24,,,0,30,,5901,24,,,0,70,,5880,24,,,0,30,,5886,24,,,0,70,,5895,24,,,0,30,,5902,24,,,0,70,,5881,24,,,0,30,,5887,24,,,0,70,,5896,24,,,0,30,,5903,24,,,0,70,,5882,24,,,0,30,,5888,24,,,0,70,,5897,24,,,0,30,,5904,24,,,0,69,,5889,24,,,0,100,,5905,24,,,0,100,,5890,24,,,0,100,,5906,24,,,0
2029,'1817',624,,9443,24,,,0,30,,9451,24,,,0,68,,9462,24,,,0,30,,9457,24,,,0,70,,9444,24,,,0,30,,9452,24,,,0,70,,9463,24,,,0,30,,9458,24,,,0,70,,9445,24,,,0,30,,9453,24,,,0,70,,9464,24,,,0,30,,9459,24,,,0,70,,9446,24,,,0,30,,9454,24,,,0,70,,9465,24,,,0,30,,9460,24,,,0,70,,9447,24,,,0,30,,9455,24,,,0,70,,9466,24,,,0,30,,9461,24,,,0,70,,9448,24,,,0,30,,9456,24,,,0,70,,9467,24,,,0,100,,9449,24,,,0,99,,9468,24,,,0,100,,9450,24,,,0,100,,9469,24,,,0,100,,9442,24,,,0
2029,'1821',527,,5868,9,,,0,27,,5842,24,,,0,70,,5843,24,,,0,30,,5844,24,,,0,68,,5845,24,,,0,30,,5846,24,,,0,70,,5847,24,,,0,30,,5848,24,,,0,70,,5849,24,,,0,30,,5850,24,,,0,70,,5851,24,,,0,30,,5852,24,,,0,70,,5853,24,,,0,30,,5854,24,,,0,70,,5855,24,,,0,30,,5856,24,,,0,70,,5857,24,,,0,30,,5858,24,,,0,70,,5859,24,,,0,30,,5860,24,,,0,69,,5861,24,,,0,30,,5862,24,,,0,70,,5863,24,,,0,31,,5864,24,,,0,70,,5865,24,,,0,29,,5866,24,,,0,70,,5867,24,,,0,30,,5871,24,,,0,70,,5872,24,,,0,100,,5873,24,,,0,100,,5874,24,,,0,100,,5870,24,,,0
701019,'1816',611,,12829,6,,,0,97,,12822,6,,,0,30,,12808,6,,,0,100,,12818,6,,,0,70,,12823,6,,,0,100,,12814,6,,,0,130,,12810,6,,,0
701019,'1817',611,,18632,6,,,0,28,,18659,6,,,0,69,,18650,6,,,0,30,,18629,6,,,0,70,,18651,6,,,0,30,,18633,6,,,0,70,,18628,6,,,0,30,,12603,6,,,0,70,,18636,6,,,0,30,,18625,6,,,0,70,,18654,6,,,0,30,,12580,6,,,0,71,,18624,6,,,0,30,,12600,6,,,0,70,,12584,6,,,0,30,,18622,6,,,0,70,,18653,6,,,0,30,,18637,6,,,0,70,,18620,6,,,0,30,,18652,6,,,0,70,,18634,6,,,0,30,,18618,6,,,0,69,,18655,6,,,0,30,,18642,6,,,0,70,,18615,6,,,0,30,,18666,6,,,0,70,,18644,6,,,0,30,,18613,6,,,0,70,,18662,6,,,0,30,,18646,6,,,0,70,,18610,6,,,0,30,,18658,6,,,0,69,,18645,6,,,0,30,,18612,6,,,0,70,,18661,6,,,0,25,,18673,6,,,0
701019,'1820',621,,15928,6,,,0,34,,15929,6,,,0,162,,15930,6,,,0,291,,15913,6,,,0,100,,15914,6,,,0,100,,15915,6,,,0,30,,15916,6,,,0,68,,15917,6,,,0,29,,15918,6,,,0,83,,15919,6,,,0,20,,15932,6,,,0,19,,15936,6,0,5 2 11 2 12,0,61,,15920,6,,,0,20,,15921,6,,,0,21,,15937,6,0,5 2 11 2 12,0,60,,15931,6,,,0,20,,15927,6,,,0,84,,15926,6,,,0,85,,15922,6,,,0,130,,15923,6,,,0,169,,15924,6,,,0,100,,15925,6,,,0,25,,15935,6,,,0
701019,'1821',551,,12745,6,,,0,88,,12756,6,,,0,82,,12755,6,,,0,18,,12748,6,,,0,65,,12749,6,,,0,33,,12751,6,,,0,71,,12718,6,,,0,100,,12719,6,,,0,30,,12720,6,,,0,100,,12722,6,,,0,100,,12724,6,,,0,214,,12760,6,0,5 2 11 2 12,0,351,,12743,6,,,0,35,,12732,6,,,0,100,,12734,6,,,0,70,,12735,6,,,0,100,,12737,6,,,0,30,,12738,6,,,0,99,,12740,6,,,0
701019,'1823',621,,18728,6,,,0,34,,18729,6,,,0,162,,18730,6,,,0,291,,18713,6,,,0,100,,18714,6,,,0,100,,18715,6,,,0,30,,18716,6,,,0,68,,18717,6,,,0,29,,18718,6,,,0,83,,18719,6,,,0,20,,18732,6,,,0,19,,18736,6,0,5 2 11 2 12,0,61,,18720,6,,,0,20,,18721,6,,,0,21,,18737,6,0,5 2 11 2 12,0,60,,18731,6,,,0,20,,18727,6,,,0,84,,18726,6,,,0,85,,18722,6,,,0,130,,18723,6,,,0,169,,18724,6,,,0,100,,18725,6,,,0,25,,18735,6,,,0
701019,'1824',639,,18757,6,,,0,169,,18781,6,,,0,130,,18778,6,,,0,100,,18785,6,,,0,70,,18788,6,,,0,101,,18782,6,,,0,30,,18786,6,,,0,70,,18789,6,,,0,30,,18779,6,,,0,70,,18783,6,,,0,30,,18787,6,,,0,70,,18790,6,,,0,30,,18780,6,,,0,70,,18784,6,,,0,30,,18792,6,,,0,69,,18738,6,,,0,30,,18748,6,,,0,70,,18758,6,,,0,30,,18768,6,,,0,70,,18739,6,,,0,30,,18749,6,,,0,70,,18759,6,,,0,30,,18769,6,,,0,70,,18740,6,,,0,30,,18750,6,,,0,69,,18760,6,,,0,30,,18770,6,,,0,70,,18741,6,,,0,25,,18805,6,,,0
20002019,'1817',1007,,19098,9,,,0
14000001029,'1816',2416,,9292,9,,,0,130,,9296,9,,,0
14000001029,'1817',536,,19150,9,0,18 7,0,1812,,19146,9,,,0,68,,13744,9,,,0,30,,19149,9,,,0,70,,19148,9,,,0,30,,13743,9,,,0,70,,19147,9,,,0
14000001029,'1820',434,,13749,9,0,18 7,0,102,,16520,9,0,18 7,0,1812,,16522,9,,,0,98,,16524,9,,,0,70,,16521,9,,,0,100,,16523,9,,,0
14000001029,'1821',2416,,9287,9,,,0,130,,9288,9,,,0
14000001029,'1823',434,,19151,9,0,18 7,0,102,,19152,9,0,18 7,0,1812,,19154,9,,,0,98,,19156,9,,,0,70,,19153,9,,,0,100,,19155,9,,,0
14000001029,'1824',536,,19160,9,0,18 7,0,1812,,19161,9,,,0,98,,19157,9,,,0,70,,19158,9,,,0,100,,19159,9,,,0
