4019,'1796',642,,19733,16,,,0,71,,19759,16,,,0,30,,19734,16,,,0,67,,19735,16,,,0,36,,19736,16,,,0,64,,19737,16,,,0,36,,19738,16,,,0,68,,19739,16,,,0,29,,19740,16,,,0,70,,19741,16,,,0,31,,19742,16,,,0,72,,19743,16,,,0,30,,19744,16,,,0,70,,19745,16,,,0,30,,19746,16,,,0,72,,19747,16,,,0,30,,19748,16,,,0,75,,19749,16,,,0,30,,19750,16,,,0,71,,19751,16,,,0,24,,19752,16,,,0,73,,19753,16,,,0,22,,19754,16,,,0,75,,19755,16,,,0,21,,19756,16,,,0,75,,19757,16,,,0,28,,19758,16,,,0,70,,19727,16,,,0,30,,19728,16,,,0,70,,19729,16,,,0,30,,19730,16,,,0,70,,19731,16,,,0,30,,19732,16,,,0
4019,'1797',712,,19791,16,,,0,30,,19767,16,,,0,71,,19761,16,,,0,30,,19771,16,,,0,70,,19782,16,,,0,30,,19777,16,,,0,72,,19765,16,,,0,30,,19787,16,,,0,70,,19764,16,,,0,30,,19784,16,,,0,69,,19779,16,,,0,32,,19772,16,,,0,69,,19785,16,,,0,30,,19788,16,,,0,70,,19763,16,,,0,30,,19774,16,,,0,70,,19762,16,,,0,30,,19768,16,,,0,70,,19786,16,,,0,30,,19783,16,,,0,69,,19780,16,,,0,30,,19769,16,,,0,70,,19789,16,,,0,28,,19790,16,,,0,70,,19760,16,,,0,30,,19775,16,,,0,70,,19773,16,,,0,30,,19781,16,,,0,70,,19766,16,,,0,30,,19776,16,,,0,70,,19770,16,,,0,30,,19778,16,,,0
4019,'1798',812,,19815,16,,,0,30,,19816,16,,,0,70,,19813,16,,,0,30,,19817,16,,,0,73,,19814,16,,,0,30,,19798,16,,,0,70,,19802,16,,,0,30,,19806,16,,,0,69,,19809,16,,,0,32,,19794,16,,,0,69,,19797,16,,,0,30,,19801,16,,,0,69,,19805,16,,,0,30,,19807,16,,,0,70,,19793,16,,,0,30,,19796,16,,,0,70,,19800,16,,,0,30,,19804,16,,,0,69,,19808,16,,,0,31,,19792,16,,,0,70,,19795,16,,,0,28,,19799,16,,,0,70,,19803,16,,,0,30,,19812,16,,,0,70,,19818,16,,,0,30,,19810,16,,,0,70,,19819,16,,,0,30,,19811,16,,,0
4019,'1799',812,,19843,16,,,0,30,,19844,16,,,0,70,,19841,16,,,0,30,,19845,16,,,0,73,,19842,16,,,0,30,,19826,16,,,0,70,,19830,16,,,0,30,,19834,16,,,0,69,,19837,16,,,0,32,,19822,16,,,0,69,,19825,16,,,0,30,,19829,16,,,0,69,,19833,16,,,0,30,,19835,16,,,0,70,,19821,16,,,0,30,,19824,16,,,0,70,,19828,16,,,0,30,,19832,16,,,0,69,,19836,16,,,0,31,,19820,16,,,0,70,,19823,16,,,0,28,,19827,16,,,0,70,,19831,16,,,0,30,,19840,16,,,0,70,,19846,16,,,0,30,,19838,16,,,0,70,,19847,16,,,0,30,,19839,16,,,0
4019,'1800',812,,19871,16,,,0,30,,19872,16,,,0,70,,19869,16,,,0,30,,19873,16,,,0,73,,19870,16,,,0,30,,19854,16,,,0,70,,19858,16,,,0,30,,19862,16,,,0,69,,19865,16,,,0,32,,19850,16,,,0,69,,19853,16,,,0,30,,19857,16,,,0,69,,19861,16,,,0,30,,19863,16,,,0,70,,19849,16,,,0,30,,19852,16,,,0,70,,19856,16,,,0,30,,19860,16,,,0,69,,19864,16,,,0,31,,19848,16,,,0,70,,19851,16,,,0,28,,19855,16,,,0,70,,19859,16,,,0,30,,19868,16,,,0,70,,19874,16,,,0,30,,19866,16,,,0,70,,19875,16,,,0,30,,19867,16,,,0
4019,'1817',812,,16736,16,,,0,30,,16737,16,,,0,70,,16734,16,,,0,30,,16738,16,,,0,73,,16735,16,,,0,30,,16719,16,,,0,70,,16723,16,,,0,30,,16727,16,,,0,69,,16730,16,,,0,32,,16715,16,,,0,69,,16718,16,,,0,30,,16722,16,,,0,69,,16726,16,,,0,30,,16728,16,,,0,70,,16714,16,,,0,30,,16717,16,,,0,70,,16721,16,,,0,30,,16725,16,,,0,69,,16729,16,,,0,31,,16713,16,,,0,70,,16716,16,,,0,28,,16720,16,,,0,70,,16724,16,,,0,30,,16733,16,,,0,70,,16739,16,,,0,30,,16731,16,,,0,70,,16740,16,,,0,30,,16732,16,,,0
4019,'1824',712,,16805,16,,,0,30,,16781,16,,,0,71,,16775,16,,,0,30,,16785,16,,,0,70,,16796,16,,,0,30,,16791,16,,,0,72,,16779,16,,,0,30,,16801,16,,,0,70,,16778,16,,,0,30,,16798,16,,,0,69,,16793,16,,,0,32,,16786,16,,,0,69,,16799,16,,,0,30,,16802,16,,,0,70,,16777,16,,,0,30,,16788,16,,,0,70,,16776,16,,,0,30,,16782,16,,,0,70,,16800,16,,,0,30,,16797,16,,,0,69,,16794,16,,,0,30,,16783,16,,,0,70,,16803,16,,,0,28,,16804,16,,,0,70,,16774,16,,,0,30,,16789,16,,,0,70,,16787,16,,,0,30,,16795,16,,,0,70,,16780,16,,,0,30,,16790,16,,,0,70,,16784,16,,,0,30,,16792,16,,,0
7019,'1796',520,,20216,11,,,0,36,,20217,30,,,0,72,,20250,11,,,0,31,,20218,30,,,0,71,,20219,30,,,0,72,,20227,30,,,0,32,,20220,30,,,0,70,,20228,30,,,0,28,,20221,30,,,0,70,,20229,30,,,0,31,,20222,30,,,0,70,,20230,30,,,0,30,,20223,30,,,0,71,,20231,30,,,0,30,,20224,30,,,0,70,,20232,30,,,0,30,,20225,30,,,0,70,,20233,30,,,0,32,,20226,30,,,0,74,,20246,30,,,0,33,,20247,30,,,0,14,,20253,11,,,0,52,,20248,30,,,0,30,,20249,30,,,0,70,,20234,30,,,0,28,,20236,30,,,0,65,,20235,30,,,0,30,,20238,30,,,0,68,,20239,30,,,0,30,,20240,30,,,0,27,,20241,30,,,0,70,,20242,30,,,0,30,,20243,30,,,0,67,,20252,11,,,0,31,,20244,30,,,0,71,,20251,15,,,0,28,,20245,30,,,0,100,,20237,30,,,0
7019,'1797',629,,20285,11,,,0,28,,20266,30,,,0,70,,20259,30,,,0,30,,20267,30,,,0,70,,20260,30,,,0,31,,20268,30,,,0,70,,20261,30,,,0,30,,20269,30,,,0,73,,20262,30,,,0,70,,20270,30,,,0,30,,20263,30,,,0,70,,20271,30,,,0,30,,20264,30,,,0,70,,20272,30,,,0,30,,20265,30,,,0,70,,20273,30,,,0,30,,20278,30,,,0,71,,20274,30,,,0,30,,20280,30,,,0,70,,20275,30,,,0,30,,20279,30,,,0,69,,20276,30,,,0,30,,20281,30,,,0,70,,20277,30,,,0,30,,20284,30,,,0,69,,20254,30,,,0,27,,20282,30,,,0,30,,20255,30,,,0,68,,20283,30,,,0,30,,20256,30,,,0,70,,20287,11,,,0,30,,20257,30,,,0,72,,20286,15,,,0,27,,20258,30,,,0
7019,'1798',559,,20302,11,,,0,70,,20305,11,,,0,30,,20306,11,,,0,68,,20307,11,,,0,30,,20293,30,,,0,71,,20321,15,,,0,30,,20294,30,,,0,73,,20313,15,,,0,27,,20303,30,,,0,75,,20320,15,,,0,68,,20295,30,,,0,32,,20312,15,,,0,68,,20296,30,,,0,32,,20319,15,,,0,68,,20297,30,,,0,33,,20311,15,,,0,67,,20298,30,,,0,33,,20318,15,,,0,68,,20299,30,,,0,33,,20310,15,,,0,67,,20300,30,,,0,33,,20317,15,,,0,66,,20301,30,,,0,33,,20309,15,,,0,67,,20289,30,,,0,32,,20316,15,,,0,67,,20290,30,,,0,30,,20314,15,,,0,27,,20288,30,,,0,70,,20315,15,,,0,28,,20292,30,,,0,72,,20322,15,,,0,28,,20291,30,,,0,70,,20308,11,,,0,30,,20304,11,,,0
7019,'1799',559,,20337,11,,,0,70,,20340,11,,,0,30,,20341,11,,,0,68,,20342,11,,,0,30,,20328,30,,,0,71,,20356,15,,,0,30,,20329,30,,,0,73,,20348,15,,,0,27,,20338,30,,,0,75,,20355,15,,,0,68,,20330,30,,,0,32,,20347,15,,,0,68,,20331,30,,,0,32,,20354,15,,,0,68,,20332,30,,,0,33,,20346,15,,,0,67,,20333,30,,,0,33,,20353,15,,,0,68,,20334,30,,,0,33,,20345,15,,,0,67,,20335,30,,,0,33,,20352,15,,,0,66,,20336,30,,,0,33,,20344,15,,,0,67,,20324,30,,,0,32,,20351,15,,,0,67,,20325,30,,,0,30,,20349,15,,,0,27,,20323,30,,,0,70,,20350,15,,,0,28,,20327,30,,,0,72,,20357,15,,,0,28,,20326,30,,,0,70,,20343,11,,,0,30,,20339,11,,,0
7019,'1800',559,,20372,11,,,0,70,,20375,11,,,0,30,,20376,11,,,0,68,,20377,11,,,0,30,,20363,30,,,0,71,,20391,15,,,0,30,,20364,30,,,0,73,,20383,15,,,0,27,,20373,30,,,0,75,,20390,15,,,0,68,,20365,30,,,0,32,,20382,15,,,0,68,,20366,30,,,0,32,,20389,15,,,0,68,,20367,30,,,0,33,,20381,15,,,0,67,,20368,30,,,0,33,,20388,15,,,0,68,,20369,30,,,0,33,,20380,15,,,0,67,,20370,30,,,0,33,,20387,15,,,0,66,,20371,30,,,0,33,,20379,15,,,0,67,,20359,30,,,0,32,,20386,15,,,0,67,,20360,30,,,0,30,,20384,15,,,0,27,,20358,30,,,0,70,,20385,15,,,0,28,,20362,30,,,0,72,,20392,15,,,0,28,,20361,30,,,0,70,,20378,11,,,0,30,,20374,11,,,0
7019,'1816',657,,9977,30,,,0,301,,9980,30,,,0,273,,9975,30,,,0,70,,9983,30,,,0,130,,9989,30,,,0,101,,9991,30,,,0,70,,9986,30,,,0,298,,9965,30,,,0,255,,9968,30,,,0,72,,9997,15,,,0,27,,9969,30,,,0
7019,'1817',559,,17020,11,,,0,70,,17023,11,,,0,30,,17024,11,,,0,68,,17025,11,,,0,30,,9879,30,,,0,71,,17037,15,,,0,30,,9880,30,,,0,73,,17030,15,,,0,27,,17021,30,,,0,75,,17036,15,,,0,68,,9881,30,,,0,32,,17029,15,,,0,68,,9882,30,,,0,32,,17035,15,,,0,68,,17018,30,,,0,33,,17028,15,,,0,67,,9884,30,,,0,33,,17034,15,,,0,68,,9885,30,,,0,33,,17027,15,,,0,67,,17019,30,,,0,33,,17033,15,,,0,66,,9887,30,,,0,33,,17026,15,,,0,67,,9875,30,,,0,32,,17032,15,,,0,67,,17016,30,,,0,30,,9900,15,,,0,27,,9874,30,,,0,70,,17031,15,,,0,28,,9878,30,,,0,72,,9908,15,,,0,28,,17017,30,,,0,70,,9894,11,,,0,30,,17022,11,,,0
7019,'1824',629,,17088,11,,,0,98,,17069,30,,,0,30,,17075,30,,,0,70,,17070,30,,,0,31,,17076,30,,,0,70,,17071,30,,,0,103,,17072,30,,,0,70,,17077,30,,,0,30,,17073,30,,,0,70,,17078,30,,,0,130,,17074,30,,,0,70,,17079,30,,,0,101,,17080,30,,,0,130,,17083,30,,,0,69,,17081,30,,,0,30,,17084,30,,,0,70,,17082,30,,,0,30,,17087,30,,,0,96,,17085,30,,,0,30,,17067,30,,,0,68,,17086,30,,,0,30,,17068,30,,,0,70,,17089,11,,,0
