11029,'1800',823,,25609,21,,,0,100,,25610,21,,,0,105,,25611,21,,,0,100,,25612,21,,,0,100,,25613,21,,,0,100,,25614,21,,,0,100,,25615,21,,,0,100,,25616,21,,,0,100,,25617,21,,,0,97,,25618,21,,,0,100,,25619,21,,,0,99,,25620,21,,,0,100,,25621,21,,,0
11029,'1832',823,,20751,21,,,0,100,,20752,21,,,0,105,,20753,21,,,0,100,,20754,21,,,0,100,,20755,21,,,0,100,,20756,21,,,0,100,,20757,21,,,0,100,,20758,21,,,0,100,,20759,21,,,0,97,,20760,21,,,0,100,,20761,21,,,0,99,,20762,21,,,0,100,,20763,21,,,0
11029,'1834',823,,20764,21,,,0,100,,20765,21,,,0,105,,20766,21,,,0,100,,20767,21,,,0,100,,20768,21,,,0,100,,20769,21,,,0,100,,20770,21,,,0,100,,20771,21,,,0,100,,20772,21,,,0,97,,20773,21,,,0,100,,20774,21,,,0,99,,20775,21,,,0,100,,20776,21,,,0
11029,'1835',626,,25637,14,,,0,98,,25623,21,,,0,101,,25624,21,,,0,100,,25625,21,,,0,101,,25626,21,,,0,100,,25627,21,,,0,100,,25628,21,,,0,100,,25629,21,,,0,100,,25630,21,,,0,100,,25631,21,,,0,100,,25632,21,,,0,100,,25633,21,,,0,99,,25634,21,,,0,100,,25635,21,,,0,100,,25636,21,,,0,100,,25622,21,,,0
11029,'1836',625,,25638,14,,,0,98,,25652,21,,,0,100,,25639,21,,,0,100,,25640,21,,,0,105,,25641,21,,,0,100,,25642,21,,,0,100,,25643,21,,,0,100,,25644,21,,,0,100,,25645,21,,,0,100,,25646,21,,,0,100,,25647,21,,,0,97,,25648,21,,,0,100,,25649,21,,,0,99,,25650,21,,,0,100,,25651,21,,,0
11029,'1837',823,,25653,21,,,0,100,,25654,21,,,0,105,,25655,21,,,0,100,,25656,21,,,0,100,,25657,21,,,0,100,,25658,21,,,0,100,,25659,21,,,0,100,,25660,21,,,0,100,,25661,21,,,0,97,,25662,21,,,0,100,,25663,21,,,0,99,,25664,21,,,0,100,,25665,21,,,0
11029,'1838',823,,25666,21,,,0,100,,25667,21,,,0,105,,25668,21,,,0,100,,25669,21,,,0,100,,25670,21,,,0,100,,25671,21,,,0,100,,25672,21,,,0,100,,25673,21,,,0,100,,25674,21,,,0,97,,25675,21,,,0,100,,25676,21,,,0,99,,25677,21,,,0,100,,25678,21,,,0
31019,'1799',636,,22000,9,,,0,100,,22001,9,,,0,100,,22002,9,,,0,101,,22003,9,,,0,100,,22004,9,,,0,100,,22005,9,,,0,100,,22006,9,,,0,100,,22007,9,,,0,100,,22008,9,,,0,100,,22009,9,,,0,100,,22010,9,,,0,100,,22011,9,,,0,100,,22012,9,,,0,99,,22013,9,,,0,100,,22014,9,,,0,100,,22015,9,,,0,100,,22016,9,,,0,95,,22018,9,0,5 2 8 7,0
31019,'1800',636,,22019,9,,,0,100,,22020,9,,,0,100,,22021,9,,,0,101,,22022,9,,,0,100,,22023,9,,,0,100,,22024,9,,,0,100,,22025,9,,,0,100,,22026,9,,,0,100,,22027,9,,,0,100,,22028,9,,,0,100,,22029,9,,,0,100,,22030,9,,,0,100,,22031,9,,,0,99,,22032,9,,,0,100,,22033,9,,,0,100,,22034,9,,,0,100,,22035,9,,,0,95,,22037,9,0,5 2 8 7,0
31019,'1829',636,,21907,9,,,0,101,,21935,9,,,0,72,,21918,9,,,0,30,,21915,9,,,0,69,,21929,9,,,0,30,,21910,9,,,0,70,,21923,9,,,0,29,,21934,9,,,0,70,,21921,9,,,0,100,,21928,9,,,0,30,,21909,9,,,0,170,,21919,9,,,0,30,,21913,9,,,0,72,,21927,9,,,0,30,,21911,9,,,0,70,,21925,9,,,0,30,,21932,9,,,0,70,,21920,9,,,0,30,,21914,9,,,0,68,,21926,9,,,0,130,,21931,9,,,0,70,,21938,9,0,5 2 8 7,0,30,,21917,9,,,0,69,,21939,9,0,5 2 8 7,0,100,,21941,9,0,5 2 8 7,0,30,,21930,9,,,0,70,,21940,9,0,5 2 8 7,0,25,,21936,9,0,5 2 8 7,0
31019,'1831',636,,21949,9,,,0,70,,21965,9,,,0,30,,21978,9,,,0,70,,21961,9,,,0,30,,21955,9,,,0,71,,21971,9,,,0,30,,21948,9,,,0,70,,21964,9,,,0,30,,21973,9,,,0,70,,21960,9,,,0,30,,21954,9,,,0,70,,21970,9,,,0,30,,21947,9,,,0,70,,21963,9,,,0,30,,21976,9,,,0,70,,21959,9,,,0,30,,21953,9,,,0,70,,21969,9,,,0,30,,21946,9,,,0,70,,21962,9,,,0,30,,21975,9,,,0,70,,21958,9,,,0,30,,21952,9,,,0,70,,21968,9,,,0,30,,21945,9,,,0,69,,21980,9,,,0,30,,21974,9,,,0,70,,21957,9,0,5 2 8 7,0,30,,21951,9,,,0,70,,21967,9,0,5 2 8 7,0,30,,21944,9,,,0,70,,21956,9,0,5 2 8 7,0,30,,21977,9,,,0,70,,21966,9,0,5 2 8 7,0,25,,21950,9,0,5 2 8 7,0
31019,'1833',636,,21981,9,,,0,100,,21982,9,,,0,100,,21983,9,,,0,101,,21984,9,,,0,100,,21985,9,,,0,100,,21986,9,,,0,100,,21987,9,,,0,100,,21988,9,,,0,100,,21989,9,,,0,100,,21990,9,,,0,100,,21991,9,,,0,100,,21992,9,,,0,100,,21993,9,,,0,99,,21994,9,,,0,100,,21995,9,,,0,100,,21996,9,,,0,100,,21997,9,,,0,95,,21999,9,0,5 2 8 7,0
31019,'1835',707,,26290,9,,,0,430,,26289,9,,,0,170,,26291,9,,,0,30,,26292,9,,,0,500,,26287,9,,,0,70,,26294,9,,,0,229,,26288,9,,,0
