1029,'1796',556,,19297,11,,,0,71,,19298,11,,,0,26,,19318,11,,,0,69,,19294,11,,,0,30,,19289,11,,,0,70,,19322,11,,,0,30,,19292,11,,,0,71,,19299,11,,,0,30,,19317,11,,,0,70,,19296,11,,,0,30,,19288,11,,,0,70,,19321,11,,,0,30,,19293,11,,,0,70,,19300,11,,,0,30,,19316,11,,,0,70,,19295,11,,,0,30,,19290,11,,,0,70,,19319,11,,,0,32,,19291,11,,,0,70,,19301,11,,,0,30,,19315,11,,,0,69,,19304,11,,,0,30,,19303,11,,,0,70,,19302,11,,,0,33,,19308,11,,,0,70,,19307,11,,,0,30,,19306,11,,,0,70,,19305,11,,,0,30,,19320,11,,,0,70,,19314,11,,,0,30,,19313,11,,,0,70,,19312,11,,,0,30,,19311,11,,,0,70,,19310,11,,,0,25,,19309,11,,,0
1029,'1797',559,,19328,11,,,0,68,,19340,11,,,0,30,,19347,11,,,0,70,,19335,11,,,0,30,,19356,11,,,0,70,,19344,11,,,0,30,,19327,11,,,0,70,,19339,11,,,0,30,,19350,11,,,0,70,,19334,11,,,0,30,,19357,11,,,0,70,,19343,11,,,0,30,,19326,11,,,0,70,,19338,11,,,0,30,,19349,11,,,0,70,,19333,11,,,0,30,,19329,11,,,0,70,,19342,11,,,0,30,,19325,11,,,0,70,,19337,11,,,0,30,,19345,11,,,0,70,,19332,11,,,0,30,,19354,11,,,0,70,,19341,11,,,0,30,,19324,11,,,0,70,,19336,11,,,0,30,,19348,11,,,0,70,,19330,11,,,0,30,,19352,11,,,0,70,,19351,11,,,0,30,,19323,11,,,0,70,,19331,11,,,0,29,,19346,11,,,0,70,,19355,11,,,0,30,,19353,11,,,0
1029,'1798',559,,19358,11,,,0,98,,19359,11,,,0,100,,19360,11,,,0,100,,19361,11,,,0,100,,19362,11,,,0,100,,19363,11,,,0,100,,19364,11,,,0,100,,19365,11,,,0,100,,19366,11,,,0,100,,19367,11,,,0,100,,19368,11,,,0,100,,19369,11,,,0,100,,19370,11,,,0,100,,19371,11,,,0,100,,19372,11,,,0,100,,19373,11,,,0,99,,19374,11,,,0,100,,19375,11,,,0
1029,'1799',559,,19376,11,,,0,98,,19377,11,,,0,100,,19378,11,,,0,100,,19379,11,,,0,100,,19380,11,,,0,100,,19381,11,,,0,100,,19382,11,,,0,100,,19383,11,,,0,100,,19384,11,,,0,100,,19385,11,,,0,100,,19386,11,,,0,100,,19387,11,,,0,100,,19388,11,,,0,100,,19389,11,,,0,100,,19390,11,,,0,100,,19391,11,,,0,99,,19392,11,,,0,100,,19393,11,,,0
1029,'1800',559,,19394,11,,,0,98,,19395,11,,,0,100,,19396,11,,,0,100,,19397,11,,,0,100,,19398,11,,,0,100,,19399,11,,,0,100,,19400,11,,,0,100,,19401,11,,,0,100,,19402,11,,,0,100,,19403,11,,,0,100,,19404,11,,,0,100,,19405,11,,,0,100,,19406,11,,,0,100,,19407,11,,,0,100,,19408,11,,,0,100,,19409,11,,,0,99,,19410,11,,,0,100,,19411,11,,,0
1029,'1817',559,,16625,11,,,0,98,,16626,11,,,0,100,,16627,11,,,0,100,,16628,11,,,0,100,,16629,11,,,0,100,,16630,11,,,0,100,,16631,11,,,0,100,,16632,11,,,0,100,,16633,11,,,0,100,,16634,11,,,0,100,,16635,11,,,0,100,,16636,11,,,0,100,,16637,11,,,0,100,,16638,11,,,0,100,,16639,11,,,0,100,,16640,11,,,0,99,,16641,11,,,0,100,,16642,11,,,0
1029,'1824',559,,16682,11,,,0,68,,16694,11,,,0,30,,16701,11,,,0,70,,16689,11,,,0,30,,16710,11,,,0,70,,16698,11,,,0,30,,16681,11,,,0,70,,16693,11,,,0,30,,16704,11,,,0,70,,16688,11,,,0,30,,16711,11,,,0,70,,16697,11,,,0,30,,16680,11,,,0,70,,16692,11,,,0,30,,16703,11,,,0,70,,16687,11,,,0,30,,16683,11,,,0,70,,16696,11,,,0,30,,16679,11,,,0,70,,16691,11,,,0,30,,16699,11,,,0,70,,16686,11,,,0,30,,16708,11,,,0,70,,16695,11,,,0,30,,16678,11,,,0,70,,16690,11,,,0,30,,16702,11,,,0,70,,16684,11,,,0,30,,16706,11,,,0,70,,16705,11,,,0,30,,16677,11,,,0,70,,16685,11,,,0,29,,16700,11,,,0,70,,16709,11,,,0,30,,16707,11,,,0
7019,'1796',535,,20217,13,,,0,103,,20218,13,,,0,70,,20219,13,,,0,32,,20227,13,,,0,71,,20220,13,,,0,31,,20228,13,,,0,68,,20221,13,,,0,30,,20229,13,,,0,70,,20222,13,,,0,30,,20230,13,,,0,70,,20223,13,,,0,30,,20231,13,,,0,70,,20224,13,,,0,30,,20232,13,,,0,70,,20225,13,,,0,30,,20233,13,,,0,71,,20226,13,,,0,32,,20246,13,,,0,73,,20247,13,,,0,27,,20248,13,,,0,70,,20249,13,,,0,30,,20234,13,,,0,68,,20236,13,,,0,30,,20235,13,,,0,70,,20238,13,,,0,28,,20239,13,,,0,70,,20240,13,,,0,29,,20241,13,,,0,70,,20242,13,,,0,30,,20243,13,,,0,100,,20244,13,,,0,99,,20245,13,,,0,100,,20237,13,,,0
7019,'1797',638,,20266,13,,,0,69,,20259,13,,,0,30,,20267,13,,,0,70,,20260,13,,,0,31,,20268,13,,,0,70,,20261,13,,,0,30,,20269,13,,,0,70,,20262,13,,,0,30,,20270,13,,,0,70,,20263,13,,,0,30,,20271,13,,,0,70,,20264,13,,,0,30,,20272,13,,,0,70,,20265,13,,,0,30,,20273,13,,,0,70,,20278,13,,,0,31,,20274,13,,,0,70,,20280,13,,,0,30,,20275,13,,,0,70,,20279,13,,,0,29,,20276,13,,,0,70,,20281,13,,,0,30,,20277,13,,,0,70,,20284,13,,,0,29,,20254,13,,,0,70,,20282,13,,,0,30,,20255,13,,,0,70,,20283,13,,,0,30,,20256,13,,,0,100,,20257,13,,,0,100,,20258,13,,,0
7019,'1798',737,,20293,13,,,0,101,,20294,13,,,0,100,,20303,13,,,0,100,,20295,13,,,0,100,,20296,13,,,0,100,,20297,13,,,0,100,,20298,13,,,0,101,,20299,13,,,0,100,,20300,13,,,0,99,,20301,13,,,0,100,,20289,13,,,0,99,,20290,13,,,0,100,,20288,13,,,0,100,,20292,13,,,0,100,,20291,13,,,0
7019,'1799',737,,20328,13,,,0,101,,20329,13,,,0,100,,20338,13,,,0,100,,20330,13,,,0,100,,20331,13,,,0,100,,20332,13,,,0,100,,20333,13,,,0,101,,20334,13,,,0,100,,20335,13,,,0,99,,20336,13,,,0,100,,20324,13,,,0,99,,20325,13,,,0,100,,20323,13,,,0,100,,20327,13,,,0,100,,20326,13,,,0
7019,'1800',737,,20363,13,,,0,101,,20364,13,,,0,100,,20373,13,,,0,100,,20365,13,,,0,100,,20366,13,,,0,100,,20367,13,,,0,100,,20368,13,,,0,101,,20369,13,,,0,100,,20370,13,,,0,99,,20371,13,,,0,100,,20359,13,,,0,99,,20360,13,,,0,100,,20358,13,,,0,100,,20362,13,,,0,100,,20361,13,,,0
7019,'1816',638,,9977,13,,,0,300,,9980,13,,,0,270,,9975,13,,,0,30,,9983,13,,,0,170,,9989,13,,,0,101,,9991,13,,,0,30,,9986,13,,,0,298,,9965,13,,,0,300,,9968,13,,,0,100,,9969,13,,,0
7019,'1817',737,,9879,13,,,0,101,,9880,13,,,0,100,,17021,13,,,0,100,,9881,13,,,0,100,,9882,13,,,0,100,,17018,13,,,0,100,,9884,13,,,0,101,,9885,13,,,0,100,,17019,13,,,0,99,,9887,13,,,0,100,,9875,13,,,0,99,,17016,13,,,0,100,,9874,13,,,0,100,,9878,13,,,0,100,,17017,13,,,0
7019,'1824',707,,17069,13,,,0,30,,17075,13,,,0,70,,17070,13,,,0,31,,17076,13,,,0,70,,17071,13,,,0,100,,17072,13,,,0,30,,17077,13,,,0,70,,17073,13,,,0,30,,17078,13,,,0,170,,17074,13,,,0,30,,17079,13,,,0,101,,17080,13,,,0,170,,17083,13,,,0,29,,17081,13,,,0,70,,17084,13,,,0,30,,17082,13,,,0,70,,17087,13,,,0,99,,17085,13,,,0,30,,17067,13,,,0,70,,17086,13,,,0,30,,17068,13,,,0
