1019,'1790',628,,5644,36,,,0,100,,5645,36,,,0,101,,5646,36,,,0,100,,5647,36,,,0,100,,5648,36,,,0,101,,5649,36,,,0,100,,5650,36,,,0,100,,5651,36,,,0,100,,5652,36,,,0,100,,5653,36,,,0,100,,5654,36,,,0,100,,5655,36,,,0,100,,5656,36,,,0,99,,5657,36,,,0,100,,5658,36,,,0,100,,5659,36,,,0,103,,5660,36,,,0,95,,5661,36,,,0
1019,'1791',634,,9355,36,,,0,70,,9331,36,,,0,133,,9328,36,,,0,70,,9334,36,,,0,129,,9324,36,,,0,101,,9329,36,,,0,170,,9332,36,,,0,31,,9325,36,,,0,70,,9356,36,,,0,231,,9338,36,,,0,69,,9305,36,,,0,29,,9339,36,,,0,70,,9341,36,,,0,98,,9337,36,,,0,25,,9357,36,,,0,70,,9351,36,,,0,100,,9350,36,,,0,103,,9348,36,,,0,30,,9347,36,,,0,70,,9345,36,,,0
1019,'1794',628,,9306,36,,,0,100,,9307,36,,,0,101,,9308,36,,,0,100,,9309,36,,,0,100,,9310,36,,,0,101,,9311,36,,,0,100,,9312,36,,,0,100,,9313,36,,,0,100,,9314,36,,,0,100,,9315,36,,,0,100,,9316,36,,,0,100,,9317,36,,,0,100,,9318,36,,,0,99,,9319,36,,,0,100,,9320,36,,,0,100,,9321,36,,,0,103,,9322,36,,,0,95,,9323,36,,,0
1019,'1808',558,,5619,36,,,0,70,,5633,36,,,0,30,,5618,36,,,0,70,,5638,36,,,0,31,,5628,36,,,0,70,,5612,36,,,0,30,,5634,36,,,0,70,,5636,36,,,0,30,,5617,36,,,0,70,,5639,36,,,0,71,,5627,36,,,0,30,,5611,36,,,0,70,,5622,36,,,0,30,,5632,36,,,0,70,,5616,36,,,0,30,,5640,36,,,0,70,,5626,36,,,0,30,,5610,36,,,0,70,,5621,36,,,0,30,,5631,36,,,0,70,,5615,36,,,0,30,,5641,36,,,0,70,,5625,36,,,0,30,,5609,36,,,0,70,,5620,36,,,0,30,,5630,36,,,0,70,,5613,36,,,0,29,,5642,36,,,0,30,,5623,36,,,0,70,,5608,36,,,0,30,,5614,36,,,0,70,,5629,36,,,0,74,,5624,36,,,0,29,,5643,36,,,0,70,,5637,36,,,0,25,,5635,36,,,0
1019,'1815',559,,13768,36,,,0,176,,13765,36,,,0,71,,13774,36,,,0,130,,13780,36,,,0,70,,13767,36,,,0,101,,13773,36,,,0,100,,13769,36,,,0,30,,13779,36,,,0,203,,13766,36,,,0,70,,13770,36,,,0,30,,13778,36,,,0,69,,13775,36,,,0,227,,13771,36,,,0,194,,13777,36,,,0,99,,13776,36,,,0,199,,13772,36,,,0
1029,'1790',601,,5732,14,,,0,58,,5733,14,,,0,100,,5734,14,,,0,100,,5735,14,,,0,141,,5736,14,,,0,100,,5737,14,,,0,100,,5738,14,,,0,100,,5739,14,,,0,100,,5740,14,,,0,100,,5741,14,,,0,59,,5742,14,,,0,100,,5743,14,,,0,100,,5744,14,,,0,100,,5745,14,,,0,100,,5746,14,,,0,100,,5747,14,,,0,99,,5748,14,,,0,100,,5749,14,,,0
1029,'1791',559,,9387,14,,,0,76,,9388,14,,,0,67,,9407,14,,,0,28,,9384,14,,,0,170,,9382,14,,,0,31,,9389,14,,,0,170,,9378,14,,,0,100,,9383,14,,,0,130,,9385,14,,,0,70,,9380,14,,,0,31,,9408,14,,,0,270,,9392,14,,,0,30,,9359,14,,,0,68,,9397,14,,,0,30,,9396,14,,,0,100,,9394,14,,,0,29,,9409,14,,,0,70,,9403,14,,,0,100,,9401,14,,,0,100,,9399,14,,,0,25,,9398,14,,,0
1029,'1794',601,,9360,14,,,0,58,,9361,14,,,0,100,,9362,14,,,0,100,,9363,14,,,0,141,,9364,14,,,0,100,,9365,14,,,0,100,,9366,14,,,0,100,,9367,14,,,0,100,,9368,14,,,0,100,,9369,14,,,0,59,,9370,14,,,0,100,,9371,14,,,0,100,,9372,14,,,0,100,,9373,14,,,0,100,,9374,14,,,0,100,,9375,14,,,0,99,,9376,14,,,0,100,,9377,14,,,0
1029,'1808',601,,5702,14,,,0,28,,5714,14,,,0,30,,5721,14,,,0,70,,5709,14,,,0,30,,5730,14,,,0,70,,5718,14,,,0,30,,5701,14,,,0,71,,5713,14,,,0,70,,5724,14,,,0,30,,5708,14,,,0,70,,5731,14,,,0,30,,5717,14,,,0,70,,5700,14,,,0,30,,5712,14,,,0,70,,5723,14,,,0,30,,5707,14,,,0,70,,5703,14,,,0,30,,5716,14,,,0,70,,5699,14,,,0,30,,5711,14,,,0,29,,5719,14,,,0,70,,5706,14,,,0,30,,5728,14,,,0,70,,5715,14,,,0,30,,5698,14,,,0,70,,5710,14,,,0,30,,5722,14,,,0,70,,5704,14,,,0,30,,5726,14,,,0,70,,5725,14,,,0,30,,5697,14,,,0,70,,5705,14,,,0,29,,5720,14,,,0,70,,5729,14,,,0,30,,5727,14,,,0
1029,'1815',800,,13781,14,,,0,30,,13794,14,,,0,171,,13792,14,,,0,30,,13783,14,,,0,100,,13793,14,,,0,100,,13784,14,,,0,70,,13791,14,,,0,203,,13782,14,,,0,30,,13785,14,,,0,69,,13790,14,,,0,29,,13786,14,,,0,268,,13787,14,,,0,159,,13789,14,,,0,100,,13788,14,,,0
2019,'1790',721,,5840,42,,,0,30,,5817,42,,,0,70,,5821,42,,,0,30,,5833,42,,,0,70,,5828,42,,,0,30,,5818,42,,,0,70,,5822,42,,,0,30,,5834,42,,,0,70,,5829,42,,,0,30,,5819,42,,,0,70,,5823,42,,,0,30,,5835,42,,,0,70,,5830,42,,,0,30,,5820,42,,,0,70,,5824,42,,,0,30,,5836,42,,,0,70,,5831,42,,,0,30,,5815,42,,,0,70,,5825,42,,,0,30,,5837,42,,,0,70,,5832,42,,,0,30,,5813,42,,,0,70,,5826,42,,,0,30,,5838,42,,,0,100,,5814,42,,,0,102,,5839,42,,,0,100,,5816,42,,,0,95,,5827,42,,,0,100,,5841,42,,,0
2019,'1791',651,,5750,42,,,0,68,,5751,42,,,0,30,,5752,42,,,0,72,,5753,42,,,0,31,,5754,42,,,0,69,,5755,42,,,0,30,,5756,42,,,0,70,,5757,42,,,0,30,,5758,42,,,0,70,,5759,42,,,0,30,,5760,42,,,0,70,,5761,42,,,0,30,,5762,42,,,0,70,,5763,42,,,0,30,,5764,42,,,0,70,,5765,42,,,0,30,,5766,42,,,0,70,,5767,42,,,0,30,,5768,42,,,0,71,,5769,42,,,0,32,,5770,42,,,0,67,,5771,42,,,0,30,,5772,42,,,0,70,,5773,42,,,0,30,,5774,42,,,0,70,,5780,42,,,0,30,,5775,42,,,0,100,,5776,42,,,0,100,,5777,42,,,0,100,,5778,42,,,0,97,,5779,42,,,0
2019,'1794',721,,9439,42,,,0,30,,9416,42,,,0,70,,9420,42,,,0,30,,9432,42,,,0,70,,9427,42,,,0,30,,9417,42,,,0,70,,9421,42,,,0,30,,9433,42,,,0,70,,9428,42,,,0,30,,9418,42,,,0,70,,9422,42,,,0,30,,9434,42,,,0,70,,9429,42,,,0,30,,9419,42,,,0,70,,9423,42,,,0,30,,9435,42,,,0,70,,9430,42,,,0,30,,9414,42,,,0,70,,9424,42,,,0,30,,9436,42,,,0,70,,9431,42,,,0,30,,9412,42,,,0,70,,9425,42,,,0,30,,9437,42,,,0,100,,9413,42,,,0,102,,9438,42,,,0,100,,9415,42,,,0,95,,9426,42,,,0,100,,9440,42,,,0
2019,'1808',651,,5782,33,,,0,70,,5789,42,,,0,30,,5798,42,,,0,70,,5805,42,,,0,30,,5783,42,,,0,70,,5790,42,,,0,30,,5799,42,,,0,70,,5806,42,,,0,30,,5784,42,,,0,70,,5791,42,,,0,30,,5800,42,,,0,70,,5807,42,,,0,30,,5785,42,,,0,70,,5792,42,,,0,30,,5801,42,,,0,70,,5808,42,,,0,30,,5786,42,,,0,70,,5793,42,,,0,30,,5802,42,,,0,70,,5809,42,,,0,30,,5787,42,,,0,70,,5794,42,,,0,30,,5803,42,,,0,70,,5810,42,,,0,30,,5788,42,,,0,70,,5795,42,,,0,30,,5804,42,,,0,100,,5796,42,,,0,100,,5811,42,,,0,97,,5797,42,,,0,99,,5812,42,,,0
7029,'1791',516,,10058,16,,,0,103,,10059,16,,,0,100,,10061,16,,,0,30,,10062,16,,,0,71,,10063,16,,,0,229,,10068,16,,,0,70,,10069,16,,,0,30,,10070,16,,,0,70,,10054,16,,,0,30,,10055,16,,,0,171,,10052,16,,,0,31,,10057,16,,,0,198,,10074,16,,,0,100,,10076,16,,,0,70,,10077,16,,,0,300,,10082,16,,,0,199,,10084,16,,,0
7029,'1794',718,,10035,16,,,0,100,,10036,16,,,0,200,,10038,16,,,0,100,,10039,16,,,0,200,,10041,16,,,0,101,,10042,16,,,0,199,,10044,16,,,0,100,,10045,16,,,0,200,,10047,16,,,0,100,,10048,16,,,0
7029,'1808',619,,10116,5,,,0,299,,10101,16,,,0,230,,10090,16,,,0,70,,10104,16,,,0,130,,10092,16,,,0,101,,10093,16,,,0,70,,10107,16,,,0,299,,10110,16,,,0,300,,10113,16,,,0,100,,10114,16,,,0,100,,10115,16,,,0
7029,'1809',718,,10119,16,,,0,100,,10120,16,,,0,100,,14235,16,,,0,100,,10122,16,,,0,100,,10123,16,,,0,100,,14236,16,,,0,100,,10125,16,,,0,101,,10126,16,,,0,100,,14237,16,,,0,99,,10128,16,,,0,100,,10129,16,,,0,100,,14238,16,,,0,100,,10131,16,,,0,100,,10132,16,,,0,100,,14234,16,,,0
7029,'1813',648,,10085,16,,,0,70,,10099,16,,,0,30,,10086,16,,,0,70,,10100,16,,,0,30,,10087,16,,,0,100,,10088,16,,,0,70,,10102,16,,,0,30,,10089,16,,,0,70,,10103,16,,,0,130,,10091,16,,,0,70,,10105,16,,,0,101,,10106,16,,,0,130,,10094,16,,,0,69,,10108,16,,,0,30,,10095,16,,,0,70,,10109,16,,,0,30,,10096,16,,,0,100,,10097,16,,,0,70,,10111,16,,,0,30,,10098,16,,,0,70,,10112,16,,,0
7029,'1814',918,,10037,16,,,0,300,,10040,16,,,0,301,,10043,16,,,0,299,,10046,16,,,0,300,,10034,16,,,0
7029,'1815',647,,14242,16,,,0,202,,14243,16,,,0,70,,14244,16,,,0,30,,14245,16,,,0,70,,14246,16,,,0,300,,14241,16,,,0,31,,14240,16,,,0,170,,14247,16,,,0,30,,14248,16,,,0,70,,14249,16,,,0,99,,14250,16,,,0,130,,14251,16,,,0,70,,14252,16,,,0,30,,14253,16,,,0,69,,14254,16,,,0,200,,14255,16,,,0
7029,'1816',648,,14256,16,,,0,70,,14267,16,,,0,30,,14257,16,,,0,70,,14268,16,,,0,30,,14258,16,,,0,100,,14259,16,,,0,70,,14269,16,,,0,30,,14260,16,,,0,70,,14270,16,,,0,130,,14261,16,,,0,70,,14271,16,,,0,101,,14272,16,,,0,130,,14262,16,,,0,69,,14273,16,,,0,30,,14263,16,,,0,70,,14274,16,,,0,30,,14264,16,,,0,100,,14265,16,,,0,70,,14275,16,,,0,30,,14266,16,,,0,70,,14276,16,,,0
7029,'1817',918,,14279,16,,,0,300,,14280,16,,,0,301,,14281,16,,,0,299,,14282,16,,,0,300,,14278,16,,,0
16019,'1791',644,,10807,31,,,0,70,,10808,31,,,0,31,,10809,31,,,0,70,,10810,31,,,0,30,,10811,31,,,0,169,,10814,31,,,0,30,,10815,31,,,0,170,,10818,31,,,0,101,,10820,31,,,0,132,,10823,31,,,0,70,,10824,31,,,0,28,,10825,31,,,0,269,,10830,31,,,0,30,,10762,31,,,0,168,,10833,31,,,0,30,,10834,31,,,0
16019,'1808',640,,10757,31,,,0,70,,10842,31,,,0,30,,10759,31,,,0,70,,10748,31,,,0,31,,10843,31,,,0,71,,10744,31,,,0,30,,10743,31,,,0,70,,10836,31,,,0,30,,10749,31,,,0,70,,10756,31,,,0,30,,10841,31,,,0,70,,10758,31,,,0,31,,10745,31,,,0,70,,10844,31,,,0,30,,10742,31,,,0,70,,10750,31,,,0,31,,10840,31,,,0,70,,10752,31,,,0,30,,10753,31,,,0,70,,10837,31,,,0,29,,10747,31,,,0,70,,10754,31,,,0,29,,10838,31,,,0,70,,10746,31,,,0,30,,10751,31,,,0,70,,10845,31,,,0,30,,10755,31,,,0,69,,10760,31,,,0,30,,10839,31,,,0,70,,10761,31,,,0
16019,'1815',914,,14643,31,,,0,30,,14644,31,,,0,170,,14645,31,,,0,30,,14646,31,,,0,100,,14647,31,,,0,101,,14648,31,,,0,70,,14649,31,,,0,200,,14650,31,,,0,30,,14651,31,,,0,69,,14652,31,,,0,30,,14653,31,,,0,170,,14654,31,,,0,30,,14655,31,,,0,168,,14656,31,,,0
