1019,'1800',609,,28295,11,,,0,100,,28296,11,,,0,100,,28297,11,,,0,100,,28298,11,,,0,100,,28299,11,,,0,100,,28300,11,,,0,100,,28301,11,,,0,100,,28302,11,,,0,100,,28303,11,,,0,100,,28304,11,,,0,100,,28305,11,,,0,100,,28306,11,,,0,100,,28307,11,,,0,100,,28308,11,,,0,100,,28309,11,,,0,100,,28310,11,,,0,100,,28311,11,,,0,100,,28312,11,,,0
1019,'1838',609,,34814,11,,,0,100,,34815,11,,,0,100,,34816,11,,,0,100,,34817,11,,,0,100,,34818,11,,,0,100,,34819,11,,,0,100,,34820,11,,,0,100,,34821,11,,,0,100,,34822,11,,,0,100,,34823,11,,,0,100,,34824,11,,,0,100,,34825,11,,,0,100,,34826,11,,,0,100,,34827,11,,,0,100,,34828,11,,,0,100,,34829,11,,,0,100,,34830,11,,,0,100,,34831,11,,,0
1019,'1850',539,,28394,11,,,0,70,,28417,11,,,0,30,,28392,11,,,0,70,,28387,11,,,0,30,,28406,11,,,0,71,,28389,11,,,0,30,,28395,11,,,0,70,,28420,11,,,0,30,,28391,11,,,0,70,,28385,11,,,0,30,,28405,11,,,0,70,,28390,11,,,0,30,,28396,11,,,0,70,,28416,11,,,0,30,,28393,11,,,0,70,,28386,11,,,0,30,,28418,11,,,0,70,,28388,11,,,0,30,,28397,11,,,0,70,,28415,11,,,0,30,,28408,11,,,0,70,,28400,11,,,0,30,,28398,11,,,0,70,,28401,11,,,0,30,,28403,11,,,0,70,,28402,11,,,0,29,,28399,11,,,0,70,,28419,11,,,0,30,,28413,11,,,0,70,,28414,11,,,0,30,,28412,11,,,0,70,,28411,11,,,0,30,,28410,11,,,0,70,,28409,11,,,0,30,,28407,11,,,0,70,,28404,11,,,0
1019,'1859',539,,28342,11,,,0,70,,28356,11,,,0,30,,28341,11,,,0,70,,28361,11,,,0,30,,28351,11,,,0,70,,28335,11,,,0,30,,28357,11,,,0,70,,28359,11,,,0,30,,28340,11,,,0,70,,28362,11,,,0,30,,28350,11,,,0,70,,28334,11,,,0,30,,28345,11,,,0,70,,28355,11,,,0,30,,28339,11,,,0,70,,28363,11,,,0,30,,28349,11,,,0,70,,28333,11,,,0,30,,28344,11,,,0,70,,28354,11,,,0,30,,28338,11,,,0,70,,28364,11,,,0,30,,28348,11,,,0,70,,28332,11,,,0,30,,28343,11,,,0,70,,28353,11,,,0,30,,28336,11,,,0,70,,28365,11,,,0,30,,28346,11,,,0,70,,28331,11,,,0,30,,28337,11,,,0,70,,28352,11,,,0,30,,28347,11,,,0,70,,28366,11,,,0,30,,28360,11,,,0,70,,28358,11,,,0
1019,'1861',609,,28367,11,,,0,100,,28368,11,,,0,100,,28369,11,,,0,100,,28370,11,,,0,100,,28371,11,,,0,100,,28372,11,,,0,100,,28373,11,,,0,100,,28374,11,,,0,100,,28375,11,,,0,100,,28376,11,,,0,100,,28377,11,,,0,100,,28378,11,,,0,100,,28379,11,,,0,100,,28380,11,,,0,100,,28381,11,,,0,100,,28382,11,,,0,100,,28383,11,,,0,100,,28384,11,,,0
1019,'1864',539,,28430,11,,,0,70,,34863,11,,,0,30,,34839,11,,,0,70,,34834,11,,,0,30,,34852,11,,,0,71,,34836,11,,,0,30,,34841,11,,,0,70,,34866,11,,,0,30,,34838,11,,,0,70,,34832,11,,,0,30,,34851,11,,,0,70,,34837,11,,,0,30,,34842,11,,,0,70,,34862,11,,,0,30,,34840,11,,,0,70,,34833,11,,,0,30,,34864,11,,,0,70,,34835,11,,,0,30,,34843,11,,,0,70,,34861,11,,,0,30,,34854,11,,,0,70,,34846,11,,,0,30,,34844,11,,,0,70,,34847,11,,,0,30,,34849,11,,,0,70,,34848,11,,,0,29,,34845,11,,,0,70,,34865,11,,,0,30,,34859,11,,,0,70,,34860,11,,,0,30,,34858,11,,,0,70,,34857,11,,,0,30,,34856,11,,,0,70,,34855,11,,,0,30,,34853,11,,,0,70,,34850,11,,,0
1019,'1865',539,,34876,11,,,0,70,,34899,11,,,0,30,,34874,11,,,0,70,,34869,11,,,0,30,,34888,11,,,0,71,,34871,11,,,0,30,,34877,11,,,0,70,,34902,11,,,0,30,,34873,11,,,0,70,,34867,11,,,0,30,,34887,11,,,0,70,,34872,11,,,0,30,,34878,11,,,0,70,,34898,11,,,0,30,,34875,11,,,0,70,,34868,11,,,0,30,,34900,11,,,0,70,,34870,11,,,0,30,,34879,11,,,0,70,,34897,11,,,0,30,,34890,11,,,0,70,,34882,11,,,0,30,,34880,11,,,0,70,,34883,11,,,0,30,,34885,11,,,0,70,,34884,11,,,0,29,,34881,11,,,0,70,,34901,11,,,0,30,,34895,11,,,0,70,,34896,11,,,0,30,,34894,11,,,0,70,,34893,11,,,0,30,,34892,11,,,0,70,,34891,11,,,0,30,,34889,11,,,0,70,,34886,11,,,0
1019,'1866',539,,34914,11,,,0,70,,34928,11,,,0,30,,34913,11,,,0,70,,34933,11,,,0,30,,34923,11,,,0,70,,34907,11,,,0,30,,34929,11,,,0,70,,34931,11,,,0,30,,34912,11,,,0,70,,34934,11,,,0,30,,34922,11,,,0,70,,34906,11,,,0,30,,34917,11,,,0,70,,34927,11,,,0,30,,34911,11,,,0,70,,34935,11,,,0,30,,34921,11,,,0,70,,34905,11,,,0,30,,34916,11,,,0,70,,34926,11,,,0,30,,34910,11,,,0,70,,34936,11,,,0,30,,34920,11,,,0,70,,34904,11,,,0,30,,34915,11,,,0,70,,34925,11,,,0,30,,34908,11,,,0,70,,34937,11,,,0,30,,34918,11,,,0,70,,34903,11,,,0,30,,34909,11,,,0,70,,34924,11,,,0,30,,34919,11,,,0,70,,34938,11,,,0,30,,34932,11,,,0,70,,34930,11,,,0
1019,'1867',609,,34939,11,,,0,100,,34940,11,,,0,100,,34941,11,,,0,100,,34942,11,,,0,100,,34943,11,,,0,100,,34944,11,,,0,100,,34945,11,,,0,100,,34946,11,,,0,100,,34947,11,,,0,100,,34948,11,,,0,100,,34949,11,,,0,100,,34950,11,,,0,100,,34951,11,,,0,100,,34952,11,,,0,100,,34953,11,,,0,100,,34954,11,,,0,100,,34955,11,,,0,100,,34956,11,,,0
2019,'1800',654,,19560,20,,,0,70,,19537,20,,,0,30,,19541,20,,,0,70,,19553,20,,,0,30,,19548,20,,,0,70,,19538,20,,,0,30,,19542,20,,,0,70,,19554,20,,,0,30,,19549,20,,,0,70,,19539,20,,,0,30,,19543,20,,,0,70,,19555,20,,,0,30,,19550,20,,,0,70,,19540,20,,,0,30,,19544,20,,,0,70,,19556,20,,,0,30,,19551,20,,,0,70,,19535,20,,,0,30,,19545,20,,,0,70,,19557,20,,,0,30,,19552,20,,,0,70,,19533,20,,,0,30,,19546,20,,,0,70,,19558,20,,,0,100,,19534,20,,,0,100,,19559,20,,,0,100,,19536,20,,,0,100,,19547,20,,,0,99,,19561,20,,,0
2019,'1838',654,,35124,20,,,0,70,,35101,20,,,0,30,,35105,20,,,0,70,,35117,20,,,0,30,,35112,20,,,0,70,,35102,20,,,0,30,,35106,20,,,0,70,,35118,20,,,0,30,,35113,20,,,0,70,,35103,20,,,0,30,,35107,20,,,0,70,,35119,20,,,0,30,,35114,20,,,0,70,,35104,20,,,0,30,,35108,20,,,0,70,,35120,20,,,0,30,,35115,20,,,0,70,,35099,20,,,0,30,,35109,20,,,0,70,,35121,20,,,0,30,,35116,20,,,0,70,,35097,20,,,0,30,,35110,20,,,0,70,,35122,20,,,0,100,,35098,20,,,0,100,,35123,20,,,0,100,,35100,20,,,0,100,,35111,20,,,0,99,,35125,20,,,0
2019,'1850',449,,28647,11,0,5 2 13 14,0,175,,28616,20,,,0,30,,28617,20,,,0,70,,28618,20,,,0,30,,28619,20,,,0,71,,28620,20,,,0,29,,28621,20,,,0,70,,28622,20,,,0,30,,28623,20,,,0,70,,28624,20,,,0,30,,28625,20,,,0,70,,28626,20,,,0,30,,28627,20,,,0,70,,28628,20,,,0,30,,28629,20,,,0,70,,28630,20,,,0,30,,28631,20,,,0,70,,28632,20,,,0,30,,28633,20,,,0,70,,28634,20,,,0,30,,28635,20,,,0,70,,28636,20,,,0,30,,28637,20,,,0,70,,28638,20,,,0,30,,28639,20,,,0,70,,28640,20,,,0,30,,28646,20,,,0,70,,28641,20,,,0,100,,28642,20,,,0,100,,28643,20,,,0,100,,28644,20,,,0,100,,28645,20,,,0
2019,'1857',624,,19412,20,,,0,30,,19413,20,,,0,70,,19414,20,,,0,30,,19415,20,,,0,71,,19416,20,,,0,29,,19417,20,,,0,70,,19418,20,,,0,30,,19419,20,,,0,70,,19420,20,,,0,30,,19421,20,,,0,70,,19422,20,,,0,30,,19423,20,,,0,70,,19424,20,,,0,30,,19425,20,,,0,70,,19426,20,,,0,30,,19427,20,,,0,70,,19428,20,,,0,30,,19429,20,,,0,70,,19430,20,,,0,30,,19431,20,,,0,70,,19432,20,,,0,30,,19433,20,,,0,70,,19434,20,,,0,30,,19435,20,,,0,70,,19436,20,,,0,30,,19442,20,,,0,70,,19437,20,,,0,100,,19438,20,,,0,100,,19439,20,,,0,100,,19440,20,,,0,100,,19441,20,,,0
2019,'1859',624,,19444,11,,,0,30,,19451,20,,,0,70,,19460,20,,,0,30,,19467,20,,,0,70,,19445,20,,,0,30,,19452,20,,,0,70,,19461,20,,,0,30,,19468,20,,,0,70,,19446,20,,,0,30,,19453,20,,,0,70,,19462,20,,,0,30,,19469,20,,,0,70,,19447,20,,,0,30,,19454,20,,,0,70,,19463,20,,,0,30,,19470,20,,,0,70,,19448,20,,,0,30,,19455,20,,,0,70,,19464,20,,,0,30,,19471,20,,,0,70,,19449,20,,,0,30,,19456,20,,,0,70,,19465,20,,,0,30,,19472,20,,,0,70,,19450,20,,,0,30,,19457,20,,,0,70,,19466,20,,,0,100,,19458,20,,,0,100,,19473,20,,,0,100,,19459,20,,,0,100,,19474,20,,,0
2019,'1861',654,,19502,20,,,0,70,,19479,20,,,0,30,,19483,20,,,0,70,,19495,20,,,0,30,,19490,20,,,0,70,,19480,20,,,0,30,,19484,20,,,0,70,,19496,20,,,0,30,,19491,20,,,0,70,,19481,20,,,0,30,,19485,20,,,0,70,,19497,20,,,0,30,,19492,20,,,0,70,,19482,20,,,0,30,,19486,20,,,0,70,,19498,20,,,0,30,,19493,20,,,0,70,,19477,20,,,0,30,,19487,20,,,0,70,,19499,20,,,0,30,,19494,20,,,0,70,,19475,20,,,0,30,,19488,20,,,0,70,,19500,20,,,0,100,,19476,20,,,0,100,,19501,20,,,0,100,,19478,20,,,0,100,,19489,20,,,0,99,,19503,20,,,0
2019,'1864',449,,35126,11,0,5 2 13 14,0
2019,'1865',449,,35158,11,0,5 2 13 14,0,175,,35127,20,,,0,30,,35128,20,,,0,70,,35129,20,,,0,30,,35130,20,,,0,71,,35131,20,,,0,29,,35132,20,,,0,70,,35133,20,,,0,30,,35134,20,,,0,70,,35135,20,,,0,30,,35136,20,,,0,70,,35137,20,,,0,30,,35138,20,,,0,70,,35139,20,,,0,30,,35140,20,,,0,70,,35141,20,,,0,30,,35142,20,,,0,70,,35143,20,,,0,30,,35144,20,,,0,70,,35145,20,,,0,30,,35146,20,,,0,70,,35147,20,,,0,30,,35148,20,,,0,70,,35149,20,,,0,30,,35150,20,,,0,70,,35151,20,,,0,30,,35157,20,,,0,70,,35152,20,,,0,100,,35153,20,,,0,100,,35154,20,,,0,100,,35155,20,,,0,100,,35156,20,,,0
2019,'1866',624,,35159,11,,,0,30,,35166,20,,,0,70,,35175,20,,,0,30,,35182,20,,,0,70,,35160,20,,,0,30,,35167,20,,,0,70,,35176,20,,,0,30,,35183,20,,,0,70,,35161,20,,,0,30,,35168,20,,,0,70,,35177,20,,,0,30,,35184,20,,,0,70,,35162,20,,,0,30,,35169,20,,,0,70,,35178,20,,,0,30,,35185,20,,,0,70,,35163,20,,,0,30,,35170,20,,,0,70,,35179,20,,,0,30,,35186,20,,,0,70,,35164,20,,,0,30,,35171,20,,,0,70,,35180,20,,,0,30,,35187,20,,,0,70,,35165,20,,,0,30,,35172,20,,,0,70,,35181,20,,,0,100,,35173,20,,,0,100,,35188,20,,,0,100,,35174,20,,,0,100,,35189,20,,,0
2019,'1867',654,,35217,20,,,0,70,,35194,20,,,0,30,,35198,20,,,0,70,,35210,20,,,0,30,,35205,20,,,0,70,,35195,20,,,0,30,,35199,20,,,0,70,,35211,20,,,0,30,,35206,20,,,0,70,,35196,20,,,0,30,,35200,20,,,0,70,,35212,20,,,0,30,,35207,20,,,0,70,,35197,20,,,0,30,,35201,20,,,0,70,,35213,20,,,0,30,,35208,20,,,0,70,,35192,20,,,0,30,,35202,20,,,0,70,,35214,20,,,0,30,,35209,20,,,0,70,,35190,20,,,0,30,,35203,20,,,0,70,,35215,20,,,0,100,,35191,20,,,0,100,,35216,20,,,0,100,,35193,20,,,0,100,,35204,20,,,0,99,,35218,20,,,0
702029,'1800',639,,40938,17,0,9 10,0,65,,40926,17,0,9 10,0,30,,40940,17,0,9 10,0,70,,40936,17,0,9 10,0,16,,40957,17,0,5 2 11 2 12,0,16,,40925,17,0,9 10,0,15,,40969,17,0,5 2 11 2 12,0,55,,40939,17,0,9 10,0,15,,40950,17,0,5 2 11 2 12,0,15,,40927,17,0,9 10,0,15,,40955,17,0,5 2 11 2 12,0,55,,40924,17,0,9 10,0,15,,40964,17,0,5 2 11 2 12,0,16,,40945,17,0,9 10,0,15,,40965,17,0,5 2 11 2 12,0,55,,40930,17,0,9 10,0,15,,40956,17,0,5 2 11 2 12,0,15,,40923,17,0,9 10,0,15,,40975,17,0,5 2 11 2 12,0,55,,40948,17,0,9 10,0,15,,40953,17,0,5 2 11 2 12,0,15,,40934,17,0,9 10,0,15,,40967,17,0,5 2 11 2 12,0,55,,40922,17,0,9 10,0,16,,40976,17,0,5 2 11 2 12,0,15,,40941,17,0,9 10,0,15,,40959,17,0,5 2 11 2 12,0,55,,40933,17,0,9 10,0,15,,40962,17,0,5 2 11 2 12,0,15,,40921,17,0,9 10,0,15,,40974,17,0,5 2 11 2 12,0,55,,40942,17,0,9 10,0,15,,40954,17,0,5 2 11 2 12,0,15,,40929,17,0,9 10,0,15,,40963,17,0,5 2 11 2 12,0,55,,40920,17,0,9 10,0,15,,40972,17,0,5 2 11 2 12,0,15,,40949,17,0,9 10,0,15,,40952,17,0,5 2 11 2 12,0,55,,40928,17,0,9 10,0,15,,40968,17,0,5 2 11 2 12,0,14,,40919,17,0,9 10,0,15,,40970,17,0,5 2 11 2 12,0,55,,40944,17,0,9 10,0,14,,40960,17,0,5 2 11 2 12,0,14,,40937,17,0,9 10,0,15,,40966,17,0,5 2 11 2 12,0,55,,40918,17,0,9 10,0,15,,40971,17,0,5 2 11 2 12,0,15,,40946,17,0,9 10,0,15,,40958,17,0,5 2 11 2 12,0,55,,40932,17,0,9 10,0,15,,40961,17,0,5 2 11 2 12,0,15,,40917,17,0,9 10,0,15,,40973,17,0,5 2 11 2 12,0,55,,40943,17,0,9 10,0,14,,40951,17,0,5 2 11 2 12,0,14,,40935,17,0,9 10,0,70,,40916,17,0,9 10,0,30,,40947,17,0,9 10,0,70,,40931,17,0,9 10,0,25,,40978,17,0,9 10,0,30,,40977,17,0,5 2 11 2 12,0
702029,'1838',639,,41001,17,0,9 10,0,65,,40989,17,0,9 10,0,30,,41003,17,0,9 10,0,70,,40999,17,0,9 10,0,16,,41020,17,0,5 2 11 2 12,0,16,,40988,17,0,9 10,0,15,,41032,17,0,5 2 11 2 12,0,55,,41002,17,0,9 10,0,15,,41013,17,0,5 2 11 2 12,0,15,,40990,17,0,9 10,0,15,,41018,17,0,5 2 11 2 12,0,55,,40987,17,0,9 10,0,15,,41027,17,0,5 2 11 2 12,0,16,,41008,17,0,9 10,0,15,,41028,17,0,5 2 11 2 12,0,55,,40993,17,0,9 10,0,15,,41019,17,0,5 2 11 2 12,0,15,,40986,17,0,9 10,0,15,,41038,17,0,5 2 11 2 12,0,55,,41011,17,0,9 10,0,15,,41016,17,0,5 2 11 2 12,0,15,,40997,17,0,9 10,0,15,,41030,17,0,5 2 11 2 12,0,55,,40985,17,0,9 10,0,16,,41039,17,0,5 2 11 2 12,0,15,,41004,17,0,9 10,0,15,,41022,17,0,5 2 11 2 12,0,55,,40996,17,0,9 10,0,15,,41025,17,0,5 2 11 2 12,0,15,,40984,17,0,9 10,0,15,,41037,17,0,5 2 11 2 12,0,55,,41005,17,0,9 10,0,15,,41017,17,0,5 2 11 2 12,0,15,,40992,17,0,9 10,0,15,,41026,17,0,5 2 11 2 12,0,55,,40983,17,0,9 10,0,15,,41035,17,0,5 2 11 2 12,0,15,,41012,17,0,9 10,0,15,,41015,17,0,5 2 11 2 12,0,55,,40991,17,0,9 10,0,15,,41031,17,0,5 2 11 2 12,0,14,,40982,17,0,9 10,0,15,,41033,17,0,5 2 11 2 12,0,55,,41007,17,0,9 10,0,14,,41023,17,0,5 2 11 2 12,0,14,,41000,17,0,9 10,0,15,,41029,17,0,5 2 11 2 12,0,55,,40981,17,0,9 10,0,15,,41034,17,0,5 2 11 2 12,0,15,,41009,17,0,9 10,0,15,,41021,17,0,5 2 11 2 12,0,55,,40995,17,0,9 10,0,15,,41024,17,0,5 2 11 2 12,0,15,,40980,17,0,9 10,0,15,,41036,17,0,5 2 11 2 12,0,55,,41006,17,0,9 10,0,14,,41014,17,0,5 2 11 2 12,0,14,,40998,17,0,9 10,0,70,,40979,17,0,9 10,0,30,,41010,17,0,9 10,0,70,,40994,17,0,9 10,0,25,,41041,17,0,9 10,0,30,,41040,17,0,5 2 11 2 12,0
702029,'1862',639,,41074,17,0,9 10,0,65,,41042,17,0,9 10,0,30,,41051,17,0,9 10,0,70,,41059,17,0,9 10,0,16,,41101,17,0,5 2 11 2 12,0,16,,41067,17,0,9 10,0,15,,41095,17,0,5 2 11 2 12,0,55,,41043,17,0,9 10,0,15,,41096,17,0,5 2 11 2 12,0,15,,41052,17,0,9 10,0,15,,41097,17,0,5 2 11 2 12,0,55,,41060,17,0,9 10,0,15,,41086,17,0,5 2 11 2 12,0,16,,41068,17,0,9 10,0,15,,41080,17,0,5 2 11 2 12,0,55,,41044,17,0,9 10,0,15,,41092,17,0,5 2 11 2 12,0,15,,41053,17,0,9 10,0,15,,41084,17,0,5 2 11 2 12,0,55,,41061,17,0,9 10,0,15,,41075,17,0,5 2 11 2 12,0,15,,41069,17,0,9 10,0,15,,41091,17,0,5 2 11 2 12,0,55,,41045,17,0,9 10,0,16,,41085,17,0,5 2 11 2 12,0,15,,41054,17,0,9 10,0,15,,41078,17,0,5 2 11 2 12,0,55,,41062,17,0,9 10,0,15,,41090,17,0,5 2 11 2 12,0,15,,41104,17,0,9 10,0,15,,41083,17,0,5 2 11 2 12,0,55,,41046,17,0,9 10,0,15,,41077,17,0,5 2 11 2 12,0,15,,41055,17,0,9 10,0,15,,41089,17,0,5 2 11 2 12,0,55,,41063,17,0,9 10,0,15,,41081,17,0,5 2 11 2 12,0,15,,41070,17,0,9 10,0,15,,41076,17,0,5 2 11 2 12,0,55,,41047,17,0,9 10,0,15,,41088,17,0,5 2 11 2 12,0,14,,41056,17,0,9 10,0,15,,41082,17,0,5 2 11 2 12,0,55,,41064,17,0,9 10,0,14,,41079,17,0,5 2 11 2 12,0,14,,41071,17,0,9 10,0,15,,41087,17,0,5 2 11 2 12,0,55,,41048,17,0,9 10,0,15,,41093,17,0,5 2 11 2 12,0,15,,41057,17,0,9 10,0,15,,41094,17,0,5 2 11 2 12,0,55,,41065,17,0,9 10,0,15,,41098,17,0,5 2 11 2 12,0,15,,41072,17,0,9 10,0,15,,41099,17,0,5 2 11 2 12,0,55,,41049,17,0,9 10,0,14,,41100,17,0,5 2 11 2 12,0,14,,41058,17,0,9 10,0,70,,41066,17,0,9 10,0,30,,41073,17,0,9 10,0,70,,41050,17,0,9 10,0,25,,41103,17,0,9 10,0,30,,41102,17,0,5 2 11 2 12,0
702029,'1863',639,,41127,17,0,9 10,0,65,,41115,17,0,9 10,0,30,,41129,17,0,9 10,0,70,,41125,17,0,9 10,0,16,,41146,17,0,5 2 11 2 12,0,16,,41114,17,0,9 10,0,15,,41158,17,0,5 2 11 2 12,0,55,,41128,17,0,9 10,0,15,,41139,17,0,5 2 11 2 12,0,15,,41116,17,0,9 10,0,15,,41144,17,0,5 2 11 2 12,0,55,,41113,17,0,9 10,0,15,,41153,17,0,5 2 11 2 12,0,16,,41134,17,0,9 10,0,15,,41154,17,0,5 2 11 2 12,0,55,,41119,17,0,9 10,0,15,,41145,17,0,5 2 11 2 12,0,15,,41112,17,0,9 10,0,15,,41164,17,0,5 2 11 2 12,0,55,,41137,17,0,9 10,0,15,,41142,17,0,5 2 11 2 12,0,15,,41123,17,0,9 10,0,15,,41156,17,0,5 2 11 2 12,0,55,,41111,17,0,9 10,0,16,,41165,17,0,5 2 11 2 12,0,15,,41130,17,0,9 10,0,15,,41148,17,0,5 2 11 2 12,0,55,,41122,17,0,9 10,0,15,,41151,17,0,5 2 11 2 12,0,15,,41110,17,0,9 10,0,15,,41163,17,0,5 2 11 2 12,0,55,,41131,17,0,9 10,0,15,,41143,17,0,5 2 11 2 12,0,15,,41118,17,0,9 10,0,15,,41152,17,0,5 2 11 2 12,0,55,,41109,17,0,9 10,0,15,,41161,17,0,5 2 11 2 12,0,15,,41138,17,0,9 10,0,15,,41141,17,0,5 2 11 2 12,0,55,,41117,17,0,9 10,0,15,,41157,17,0,5 2 11 2 12,0,14,,41108,17,0,9 10,0,15,,41159,17,0,5 2 11 2 12,0,55,,41133,17,0,9 10,0,14,,41149,17,0,5 2 11 2 12,0,14,,41126,17,0,9 10,0,15,,41155,17,0,5 2 11 2 12,0,55,,41107,17,0,9 10,0,15,,41160,17,0,5 2 11 2 12,0,15,,41135,17,0,9 10,0,15,,41147,17,0,5 2 11 2 12,0,55,,41121,17,0,9 10,0,15,,41150,17,0,5 2 11 2 12,0,15,,41106,17,0,9 10,0,15,,41162,17,0,5 2 11 2 12,0,55,,41132,17,0,9 10,0,14,,41140,17,0,5 2 11 2 12,0,14,,41124,17,0,9 10,0,70,,41105,17,0,9 10,0,30,,41136,17,0,9 10,0,70,,41120,17,0,9 10,0,25,,41167,17,0,9 10,0,30,,41166,17,0,5 2 11 2 12,0
702029,'1864',623,,41168,17,0,9 10,0,20,,41169,17,0,9 10,0,72,,41225,17,0,9 10,0,18,,41170,17,0,9 10,0,15,,41171,17,0,9 10,0,62,,41172,17,0,9 10,0,15,,41173,17,0,9 10,0,14,,41223,17,0,9 10,0,15,,41201,17,0,5 2 11 2 12,0,55,,41224,17,0,9 10,0,15,,41202,17,0,5 2 11 2 12,0,15,,41174,17,0,9 10,0,15,,41203,17,0,5 2 11 2 12,0,55,,41175,17,0,9 10,0,15,,41204,17,0,5 2 11 2 12,0,15,,41231,17,0,9 10,0,15,,41205,17,0,5 2 11 2 12,0,55,,41176,17,0,9 10,0,15,,41206,17,0,5 2 11 2 12,0,15,,41177,17,0,9 10,0,15,,41207,17,0,5 2 11 2 12,0,55,,41178,17,0,9 10,0,15,,41208,17,0,5 2 11 2 12,0,15,,41179,17,0,9 10,0,15,,41209,17,0,5 2 11 2 12,0,55,,41180,17,0,9 10,0,15,,41210,17,0,5 2 11 2 12,0,15,,41181,17,0,9 10,0,15,,41211,17,0,5 2 11 2 12,0,55,,41182,17,0,9 10,0,16,,41212,17,0,5 2 11 2 12,0,15,,41183,17,0,9 10,0,15,,41227,17,0,9 10,0,55,,41213,17,0,5 2 11 2 12,0,15,,41184,17,0,9 10,0,15,,41228,17,0,9 10,0,15,,41185,17,0,9 10,0,55,,41214,17,0,5 2 11 2 12,0,15,,41187,17,0,9 10,0,15,,41186,17,0,9 10,0,15,,41229,17,0,9 10,0,55,,41230,17,0,5 2 11 2 12,0,15,,41188,17,0,9 10,0,14,,41189,17,0,9 10,0,14,,41215,17,0,5 2 11 2 12,0,54,,41190,17,0,9 10,0,14,,41216,17,0,5 2 11 2 12,0,15,,41232,17,0,9 10,0,15,,41217,17,0,5 2 11 2 12,0,55,,41191,17,0,9 10,0,15,,41218,17,0,5 2 11 2 12,0,15,,41192,17,0,9 10,0,15,,41219,17,0,5 2 11 2 12,0,55,,41193,17,0,9 10,0,15,,41220,17,0,5 2 11 2 12,0,15,,41194,17,0,9 10,0,15,,41221,17,0,5 2 11 2 12,0,55,,41195,17,0,9 10,0,15,,41222,17,0,5 2 11 2 12,0,15,,41196,17,0,9 10,0,70,,41197,17,0,9 10,0,30,,41198,17,0,9 10,0,66,,41199,17,0,9 10,0,25,,41226,17,0,9 10,0,30,,41200,17,0,5 2 11 2 12,0
702029,'1865',623,,41233,17,0,9 10,0,20,,41234,17,0,9 10,0,72,,41290,17,0,9 10,0,18,,41235,17,0,9 10,0,15,,41236,17,0,9 10,0,62,,41237,17,0,9 10,0,15,,41238,17,0,9 10,0,14,,41288,17,0,9 10,0,15,,41266,17,0,5 2 11 2 12,0,55,,41289,17,0,9 10,0,15,,41267,17,0,5 2 11 2 12,0,15,,41239,17,0,9 10,0,15,,41268,17,0,5 2 11 2 12,0,55,,41240,17,0,9 10,0,15,,41269,17,0,5 2 11 2 12,0,15,,41296,17,0,9 10,0,15,,41270,17,0,5 2 11 2 12,0,55,,41241,17,0,9 10,0,15,,41271,17,0,5 2 11 2 12,0,15,,41242,17,0,9 10,0,15,,41272,17,0,5 2 11 2 12,0,55,,41243,17,0,9 10,0,15,,41273,17,0,5 2 11 2 12,0,15,,41244,17,0,9 10,0,15,,41274,17,0,5 2 11 2 12,0,55,,41245,17,0,9 10,0,15,,41275,17,0,5 2 11 2 12,0,15,,41246,17,0,9 10,0,15,,41276,17,0,5 2 11 2 12,0,55,,41247,17,0,9 10,0,16,,41277,17,0,5 2 11 2 12,0,15,,41248,17,0,9 10,0,15,,41292,17,0,9 10,0,55,,41278,17,0,5 2 11 2 12,0,15,,41249,17,0,9 10,0,15,,41293,17,0,9 10,0,15,,41250,17,0,9 10,0,55,,41279,17,0,5 2 11 2 12,0,15,,41252,17,0,9 10,0,15,,41251,17,0,9 10,0,15,,41294,17,0,9 10,0,55,,41295,17,0,5 2 11 2 12,0,15,,41253,17,0,9 10,0,14,,41254,17,0,9 10,0,14,,41280,17,0,5 2 11 2 12,0,54,,41255,17,0,9 10,0,14,,41281,17,0,5 2 11 2 12,0,15,,41297,17,0,9 10,0,15,,41282,17,0,5 2 11 2 12,0,55,,41256,17,0,9 10,0,15,,41283,17,0,5 2 11 2 12,0,15,,41257,17,0,9 10,0,15,,41284,17,0,5 2 11 2 12,0,55,,41258,17,0,9 10,0,15,,41285,17,0,5 2 11 2 12,0,15,,41259,17,0,9 10,0,15,,41286,17,0,5 2 11 2 12,0,55,,41260,17,0,9 10,0,15,,41287,17,0,5 2 11 2 12,0,15,,41261,17,0,9 10,0,70,,41262,17,0,9 10,0,30,,41263,17,0,9 10,0,66,,41264,17,0,9 10,0,25,,41291,17,0,9 10,0,30,,41265,17,0,5 2 11 2 12,0
702029,'1866',639,,41330,17,0,9 10,0,65,,41298,17,0,9 10,0,30,,41307,17,0,9 10,0,70,,41315,17,0,9 10,0,16,,41357,17,0,5 2 11 2 12,0,16,,41323,17,0,9 10,0,15,,41351,17,0,5 2 11 2 12,0,55,,41299,17,0,9 10,0,15,,41352,17,0,5 2 11 2 12,0,15,,41308,17,0,9 10,0,15,,41353,17,0,5 2 11 2 12,0,55,,41316,17,0,9 10,0,15,,41342,17,0,5 2 11 2 12,0,16,,41324,17,0,9 10,0,15,,41336,17,0,5 2 11 2 12,0,55,,41300,17,0,9 10,0,15,,41348,17,0,5 2 11 2 12,0,15,,41309,17,0,9 10,0,15,,41340,17,0,5 2 11 2 12,0,55,,41317,17,0,9 10,0,15,,41331,17,0,5 2 11 2 12,0,15,,41325,17,0,9 10,0,15,,41347,17,0,5 2 11 2 12,0,55,,41301,17,0,9 10,0,16,,41341,17,0,5 2 11 2 12,0,15,,41310,17,0,9 10,0,15,,41334,17,0,5 2 11 2 12,0,55,,41318,17,0,9 10,0,15,,41346,17,0,5 2 11 2 12,0,15,,41360,17,0,9 10,0,15,,41339,17,0,5 2 11 2 12,0,55,,41302,17,0,9 10,0,15,,41333,17,0,5 2 11 2 12,0,15,,41311,17,0,9 10,0,15,,41345,17,0,5 2 11 2 12,0,55,,41319,17,0,9 10,0,15,,41337,17,0,5 2 11 2 12,0,15,,41326,17,0,9 10,0,15,,41332,17,0,5 2 11 2 12,0,55,,41303,17,0,9 10,0,15,,41344,17,0,5 2 11 2 12,0,14,,41312,17,0,9 10,0,15,,41338,17,0,5 2 11 2 12,0,55,,41320,17,0,9 10,0,14,,41335,17,0,5 2 11 2 12,0,14,,41327,17,0,9 10,0,15,,41343,17,0,5 2 11 2 12,0,55,,41304,17,0,9 10,0,15,,41349,17,0,5 2 11 2 12,0,15,,41313,17,0,9 10,0,15,,41350,17,0,5 2 11 2 12,0,55,,41321,17,0,9 10,0,15,,41354,17,0,5 2 11 2 12,0,15,,41328,17,0,9 10,0,15,,41355,17,0,5 2 11 2 12,0,55,,41305,17,0,9 10,0,14,,41356,17,0,5 2 11 2 12,0,14,,41314,17,0,9 10,0,70,,41322,17,0,9 10,0,30,,41329,17,0,9 10,0,70,,41306,17,0,9 10,0,25,,41359,17,0,9 10,0,30,,41358,17,0,5 2 11 2 12,0
702029,'1867',639,,41383,17,0,9 10,0,65,,41371,17,0,9 10,0,30,,41385,17,0,9 10,0,70,,41381,17,0,9 10,0,16,,41402,17,0,5 2 11 2 12,0,16,,41370,17,0,9 10,0,15,,41414,17,0,5 2 11 2 12,0,55,,41384,17,0,9 10,0,15,,41395,17,0,5 2 11 2 12,0,15,,41372,17,0,9 10,0,15,,41400,17,0,5 2 11 2 12,0,55,,41369,17,0,9 10,0,15,,41409,17,0,5 2 11 2 12,0,16,,41390,17,0,9 10,0,15,,41410,17,0,5 2 11 2 12,0,55,,41375,17,0,9 10,0,15,,41401,17,0,5 2 11 2 12,0,15,,41368,17,0,9 10,0,15,,41420,17,0,5 2 11 2 12,0,55,,41393,17,0,9 10,0,15,,41398,17,0,5 2 11 2 12,0,15,,41379,17,0,9 10,0,15,,41412,17,0,5 2 11 2 12,0,55,,41367,17,0,9 10,0,16,,41421,17,0,5 2 11 2 12,0,15,,41386,17,0,9 10,0,15,,41404,17,0,5 2 11 2 12,0,55,,41378,17,0,9 10,0,15,,41407,17,0,5 2 11 2 12,0,15,,41366,17,0,9 10,0,15,,41419,17,0,5 2 11 2 12,0,55,,41387,17,0,9 10,0,15,,41399,17,0,5 2 11 2 12,0,15,,41374,17,0,9 10,0,15,,41408,17,0,5 2 11 2 12,0,55,,41365,17,0,9 10,0,15,,41417,17,0,5 2 11 2 12,0,15,,41394,17,0,9 10,0,15,,41397,17,0,5 2 11 2 12,0,55,,41373,17,0,9 10,0,15,,41413,17,0,5 2 11 2 12,0,14,,41364,17,0,9 10,0,15,,41415,17,0,5 2 11 2 12,0,55,,41389,17,0,9 10,0,14,,41405,17,0,5 2 11 2 12,0,14,,41382,17,0,9 10,0,15,,41411,17,0,5 2 11 2 12,0,55,,41363,17,0,9 10,0,15,,41416,17,0,5 2 11 2 12,0,15,,41391,17,0,9 10,0,15,,41403,17,0,5 2 11 2 12,0,55,,41377,17,0,9 10,0,15,,41406,17,0,5 2 11 2 12,0,15,,41362,17,0,9 10,0,15,,41418,17,0,5 2 11 2 12,0,55,,41388,17,0,9 10,0,14,,41396,17,0,5 2 11 2 12,0,14,,41380,17,0,9 10,0,70,,41361,17,0,9 10,0,30,,41392,17,0,9 10,0,70,,41376,17,0,9 10,0,25,,41423,17,0,9 10,0,30,,41422,17,0,5 2 11 2 12,0
14000001019,'1800',2419,,34757,27,,,0,30,,41971,27,,,0,70,,24911,27,,,0,30,,34758,27,,,0,70,,41970,27,,,0
14000001019,'1838',2419,,41975,27,,,0,30,,41974,27,,,0,70,,41972,27,,,0,30,,41976,27,,,0,70,,41973,27,,,0
14000001019,'1850',2419,,34775,27,,,0,30,,34772,27,,,0,70,,34773,27,,,0,30,,34774,27,,,0,70,,34771,27,,,0
14000001019,'1857',2519,,24893,27,,,0
14000001019,'1859',2419,,34766,27,,,0,30,,34763,27,,,0,70,,24899,27,,,0,30,,34765,27,,,0,70,,34764,27,,,0
14000001019,'1861',2419,,34769,27,,,0,100,,24901,27,,,0,30,,34770,27,,,0
14000001019,'1863',2449,,41978,27,,,0,170,,41977,27,,,0
14000001019,'1864',2419,,41982,27,,,0,30,,41980,27,,,0,100,,41981,27,,,0,70,,41979,27,,,0
14000001019,'1865',2419,,41987,27,,,0,30,,41984,27,,,0,70,,41985,27,,,0,30,,41986,27,,,0,70,,41983,27,,,0
14000001019,'1866',2419,,41992,27,,,0,30,,41988,27,,,0,70,,41991,27,,,0,30,,41990,27,,,0,70,,41989,27,,,0
14000001019,'1867',2419,,41996,27,,,0,30,,41995,27,,,0,70,,41993,27,,,0,30,,41997,27,,,0,70,,41994,27,,,0
