11029,'1838',821,,44813,19,,,0,100,,44814,19,,,0,105,,44815,19,,,0,100,,44816,19,,,0,100,,44817,19,,,0,100,,44818,19,,,0,100,,44819,19,,,0,100,,44820,19,,,0,100,,44821,19,,,0,97,,44822,19,,,0,100,,36554,19,,,0,99,,44823,19,,,0,100,,42486,19,,,0
11029,'1865',624,,36600,12,,,0,98,,36586,19,,,0,101,,44825,19,,,0,100,,44826,19,,,0,101,,44827,19,,,0,100,,44828,19,,,0,100,,44829,19,,,0,100,,44830,19,,,0,100,,44831,19,,,0,100,,42488,19,,,0,100,,44832,19,,,0,100,,44833,19,,,0,99,,44834,19,,,0,100,,36598,19,,,0,100,,44835,19,,,0,100,,44824,19,,,0
11029,'1866',623,,44836,12,,,0,98,,44847,19,,,0,100,,44837,19,,,0,100,,44838,19,,,0,105,,44839,19,,,0,100,,44840,19,,,0,100,,44841,19,,,0,100,,36607,19,,,0,100,,44842,19,,,0,100,,36609,19,,,0,100,,36610,19,,,0,97,,44843,19,,,0,100,,44844,19,,,0,99,,44845,19,,,0,100,,44846,19,,,0
11029,'1867',821,,44848,19,,,0,100,,44849,19,,,0,105,,44850,19,,,0,100,,44851,19,,,0,100,,44852,19,,,0,100,,44853,19,,,0,100,,44854,19,,,0,100,,44855,19,,,0,100,,44856,19,,,0,97,,44857,19,,,0,100,,36626,19,,,0,99,,44858,19,,,0,100,,42497,19,,,0
11029,'1873',1326,,29958,19,,,0,200,,29960,19,,,0,100,,29961,19,,,0
11029,'1878',1823,,29977,19,,,0,199,,42508,19,,,0
11029,'1881',823,,29998,19,,,0,100,,42498,19,,,0,101,,30000,19,,,0,100,,36576,19,,,0,100,,36577,19,,,0,100,,36578,19,,,0,100,,36579,19,,,0,200,,36581,19,,,0,100,,36582,19,,,0,99,,36583,19,,,0,200,,42500,19,,,0,100,,29996,19,,,0
11029,'1882',624,,30011,12,,,0,98,,29997,19,,,0,802,,42499,19,,,0,399,,30009,19,,,0
11029,'1886',823,,44860,19,,,0,100,,44861,19,,,0,101,,44862,19,,,0,100,,44863,19,,,0,100,,44864,19,,,0,100,,44865,19,,,0,100,,44866,19,,,0,200,,44867,19,,,0,100,,44868,19,,,0,99,,44869,19,,,0,200,,44870,19,,,0,100,,44859,19,,,0
11029,'1887',623,,44871,12,,,0,98,,44882,19,,,0,100,,44872,19,,,0,100,,44873,19,,,0,105,,44874,19,,,0,100,,44875,19,,,0,100,,44876,19,,,0,200,,44877,19,,,0,297,,44878,19,,,0,100,,44879,19,,,0,99,,44880,19,,,0,100,,44881,19,,,0
11029,'1888',821,,44883,19,,,0,100,,44884,19,,,0,105,,44885,19,,,0,100,,44886,19,,,0,100,,44887,19,,,0,100,,44888,19,,,0,100,,44889,19,,,0,100,,44890,19,,,0,100,,44891,19,,,0,97,,44892,19,,,0,199,,44893,19,,,0
