10029,'1800',857,,25471,2,,,0,100,,25477,2,,,0,100,,25470,2,,,0,100,,25475,2,,,0,100,,25468,2,,,0,100,,25473,2,,,0,100,,25474,2,,,0,100,,25476,2,,,0,100,,25469,2,,,0,100,,25467,2,,,0,100,,25472,2,,,0,100,,25478,2,0,27 28 1 29,0
10029,'1832',858,,20618,2,,,0,100,,20624,2,,,0,100,,20617,2,,,0,100,,20622,2,,,0,100,,20615,2,,,0,100,,20620,2,,,0,100,,20621,2,,,0,100,,20623,2,,,0,100,,20616,2,,,0,100,,20614,2,,,0,100,,20619,2,,,0,100,,20625,2,0,27 28 1 29,0
10029,'1834',858,,20630,2,,,0,100,,20636,2,,,0,100,,20629,2,,,0,100,,20634,2,,,0,100,,20627,2,,,0,100,,20632,2,,,0,100,,20633,2,,,0,100,,20635,2,,,0,100,,20628,2,,,0,100,,20626,2,,,0,100,,20631,2,,,0,100,,20637,2,0,27 28 1 29,0
10029,'1835',557,,25488,2,,,0,100,,25489,2,,,0,100,,25487,2,,,0,100,,25490,2,,,0,100,,25486,2,,,0,100,,25485,2,,,0,100,,25484,2,,,0,100,,25482,2,,,0,100,,25480,2,,,0,100,,25483,2,,,0,100,,25481,2,,,0,100,,25479,2,,,0,100,,25491,2,,,0,100,,25492,2,,,0,100,,25493,2,,,0,100,,25494,2,,,0,100,,25495,2,,,0,100,,25497,2,0,27 28 1 29,0,100,,25496,2,0,27 28 1 29,0
10029,'1836',657,,25512,2,,,0,100,,25505,2,,,0,100,,25498,2,,,0,100,,25506,2,,,0,100,,25499,2,,,0,100,,25507,2,,,0,100,,25500,2,,,0,100,,25508,2,,,0,100,,25501,2,,,0,100,,25509,2,,,0,100,,25502,2,,,0,100,,25510,2,,,0,100,,25503,2,,,0,100,,25511,2,,,0,100,,25504,2,,,0,100,,25514,2,0,27 28 1 29,0,200,,25513,2,0,27 28 1 29,0
10029,'1837',857,,25519,2,,,0,100,,25525,2,,,0,100,,25518,2,,,0,100,,25523,2,,,0,100,,25516,2,,,0,100,,25521,2,,,0,100,,25522,2,,,0,100,,25524,2,,,0,100,,25517,2,,,0,100,,25515,2,,,0,100,,25520,2,,,0,100,,25526,2,0,27 28 1 29,0
10029,'1838',857,,25531,2,,,0,100,,25537,2,,,0,100,,25530,2,,,0,100,,25535,2,,,0,100,,25528,2,,,0,100,,25533,2,,,0,100,,25534,2,,,0,100,,25536,2,,,0,100,,25529,2,,,0,100,,25527,2,,,0,100,,25532,2,,,0,100,,25538,2,0,27 28 1 29,0
11029,'1800',807,,25609,2,,,0,100,,25610,2,,,0,102,,25611,2,,,0,100,,25612,2,,,0,100,,25613,2,,,0,100,,25614,2,,,0,100,,25615,2,,,0,100,,25616,2,,,0,100,,25617,2,,,0,99,,25618,2,,,0,100,,25619,2,,,0,100,,25620,2,,,0,100,,25621,2,,,0
11029,'1832',808,,20751,2,,,0,100,,20752,2,,,0,101,,20753,2,,,0,100,,20754,2,,,0,100,,20755,2,,,0,100,,20756,2,,,0,100,,20757,2,,,0,100,,20758,2,,,0,100,,20759,2,,,0,100,,20760,2,,,0,100,,20761,2,,,0,99,,20762,2,,,0,100,,20763,2,,,0
11029,'1834',808,,20764,2,,,0,100,,20765,2,,,0,101,,20766,2,,,0,100,,20767,2,,,0,100,,20768,2,,,0,100,,20769,2,,,0,100,,20770,2,,,0,100,,20771,2,,,0,100,,20772,2,,,0,100,,20773,2,,,0,100,,20774,2,,,0,99,,20775,2,,,0,100,,20776,2,,,0
11029,'1835',707,,25623,2,,,0,101,,25624,2,,,0,100,,25625,2,,,0,100,,25626,2,,,0,100,,25627,2,,,0,100,,25628,2,,,0,100,,25629,2,,,0,99,,25630,2,,,0,100,,25631,2,,,0,100,,25632,2,,,0,100,,25633,2,,,0,101,,25634,2,,,0,100,,25635,2,,,0,100,,25636,2,,,0,100,,25622,2,,,0
11029,'1836',707,,25652,2,,,0,100,,25639,2,,,0,100,,25640,2,,,0,102,,25641,2,,,0,100,,25642,2,,,0,100,,25643,2,,,0,100,,25644,2,,,0,100,,25645,2,,,0,100,,25646,2,,,0,100,,25647,2,,,0,99,,25648,2,,,0,100,,25649,2,,,0,100,,25650,2,,,0,100,,25651,2,,,0
11029,'1837',807,,25653,2,,,0,100,,25654,2,,,0,102,,25655,2,,,0,100,,25656,2,,,0,100,,25657,2,,,0,100,,25658,2,,,0,100,,25659,2,,,0,100,,25660,2,,,0,100,,25661,2,,,0,99,,25662,2,,,0,100,,25663,2,,,0,100,,25664,2,,,0,100,,25665,2,,,0
11029,'1838',807,,25666,2,,,0,100,,25667,2,,,0,102,,25668,2,,,0,100,,25669,2,,,0,100,,25670,2,,,0,100,,25671,2,,,0,100,,25672,2,,,0,100,,25673,2,,,0,100,,25674,2,,,0,99,,25675,2,,,0,100,,25676,2,,,0,100,,25677,2,,,0,100,,25678,2,,,0
13019,'1800',757,,25680,2,,,0,100,,25681,2,,,0,100,,25682,2,,,0,101,,25683,2,,,0,100,,25684,2,,,0,100,,25685,2,,,0,100,,25686,2,,,0,100,,25687,2,,,0,100,,25688,2,,,0,99,,25689,2,,,0,100,,25690,2,,,0,100,,25691,2,,,0,100,,25692,2,,,0,100,,25693,2,,,0,100,,25679,2,,,0
13019,'1832',758,,20857,2,,,0,100,,20858,2,,,0,100,,20859,2,,,0,100,,20860,2,,,0,100,,20861,2,,,0,100,,20862,2,,,0,100,,20863,2,,,0,100,,20864,2,,,0,100,,20865,2,,,0,100,,20866,2,,,0,100,,20867,2,,,0,100,,20868,2,,,0,100,,20869,2,,,0,100,,20870,2,,,0,100,,20856,2,,,0
13019,'1834',758,,20872,2,,,0,100,,20873,2,,,0,100,,20874,2,,,0,100,,20875,2,,,0,100,,20876,2,,,0,100,,20877,2,,,0,100,,20878,2,,,0,100,,20879,2,,,0,100,,20880,2,,,0,100,,20881,2,,,0,100,,20882,2,,,0,100,,20883,2,,,0,100,,20884,2,,,0,100,,20885,2,,,0,100,,20871,2,,,0
13019,'1835',609,,25694,2,,,0,30,,25695,2,,,0,68,,25696,2,,,0,30,,25697,2,,,0,96,,25698,2,,,0,100,,25699,2,,,0,100,,25700,2,,,0,100,,25701,2,,,0,100,,25702,2,,,0,100,,25703,2,,,0,70,,25704,2,,,0,31,,25705,2,,,0,70,,25706,2,,,0,31,,25716,2,,,0,70,,25707,2,,,0,30,,25717,2,,,0,70,,25708,2,,,0,30,,25715,2,,,0,99,,25709,2,,,0,100,,25714,2,,,0,100,,25713,2,,,0,98,,25712,2,,,0,100,,25711,2,,,0
13019,'1836',657,,25718,2,,,0,100,,25719,2,,,0,100,,25720,2,,,0,100,,25721,2,,,0,101,,25722,2,,,0,100,,25723,2,,,0,100,,25724,2,,,0,100,,25725,2,,,0,100,,25726,2,,,0,100,,25727,2,,,0,99,,25728,2,,,0,100,,25729,2,,,0,100,,25730,2,,,0,100,,25731,2,,,0,100,,25732,2,,,0,200,,25733,2,,,0
13019,'1837',757,,25735,2,,,0,100,,25736,2,,,0,100,,25737,2,,,0,101,,25738,2,,,0,100,,25739,2,,,0,100,,25740,2,,,0,100,,25741,2,,,0,100,,25742,2,,,0,100,,25743,2,,,0,99,,25744,2,,,0,100,,25745,2,,,0,100,,25746,2,,,0,100,,25747,2,,,0,100,,25748,2,,,0,100,,25734,2,,,0
13019,'1838',757,,25750,2,,,0,100,,25751,2,,,0,100,,25752,2,,,0,101,,25753,2,,,0,100,,25754,2,,,0,100,,25755,2,,,0,100,,25756,2,,,0,100,,25757,2,,,0,100,,25758,2,,,0,99,,25759,2,,,0,100,,25760,2,,,0,100,,25761,2,,,0,100,,25762,2,,,0,100,,25763,2,,,0,100,,25749,2,,,0
