4019,'1838',809,,35397,14,,,0,30,,42190,14,,,0,70,,35395,14,,,0,30,,35399,14,,,0,72,,42189,14,,,0,30,,35380,14,,,0,70,,42185,14,,,0,30,,42187,14,,,0,69,,35391,14,,,0,32,,42181,14,,,0,69,,35379,14,,,0,30,,42184,14,,,0,69,,35387,14,,,0,30,,42188,14,,,0,70,,35375,14,,,0,30,,42182,14,,,0,70,,35382,14,,,0,30,,42186,14,,,0,70,,35390,14,,,0,31,,42180,14,,,0,70,,35377,14,,,0,28,,42183,14,,,0,70,,35385,14,,,0,30,,35394,14,,,0,70,,42191,14,,,0,30,,35392,14,,,0,70,,35401,14,,,0,30,,35393,14,,,0
4019,'1857',639,,28839,14,,,0,71,,28865,14,,,0,97,,28841,14,,,0,36,,28842,14,,,0,64,,28843,14,,,0,36,,35444,14,,,0,68,,28845,14,,,0,29,,35445,14,,,0,70,,28847,14,,,0,30,,28848,14,,,0,172,,28851,14,,,0,30,,28852,14,,,0,72,,28853,14,,,0,30,,35448,14,,,0,74,,35449,14,,,0,30,,28856,14,,,0,71,,28857,14,,,0,24,,28858,14,,,0,74,,28859,14,,,0,22,,28860,14,,,0,76,,35450,14,,,0,21,,35451,14,,,0,75,,28863,14,,,0,28,,28864,14,,,0,70,,28833,14,,,0,30,,28834,14,,,0,70,,28835,14,,,0,30,,28836,14,,,0,70,,35442,14,,,0,30,,28838,14,,,0
4019,'1865',639,,35458,14,,,0,71,,35484,14,,,0,30,,42192,14,,,0,67,,35460,14,,,0,36,,35461,14,,,0,64,,35462,14,,,0,36,,35463,14,,,0,68,,35464,14,,,0,29,,35465,14,,,0,70,,35466,14,,,0,30,,35467,14,,,0,72,,42193,14,,,0,30,,42194,14,,,0,70,,35470,14,,,0,30,,35471,14,,,0,72,,35472,14,,,0,30,,35473,14,,,0,74,,35474,14,,,0,30,,35475,14,,,0,71,,35476,14,,,0,24,,35477,14,,,0,74,,35478,14,,,0,22,,35479,14,,,0,76,,35480,14,,,0,21,,35481,14,,,0,75,,35482,14,,,0,28,,35483,14,,,0,70,,35452,14,,,0,30,,35453,14,,,0,70,,35454,14,,,0,30,,35455,14,,,0,70,,35456,14,,,0,30,,35457,14,,,0
4019,'1866',709,,35516,14,,,0,30,,35492,14,,,0,71,,35486,14,,,0,30,,35496,14,,,0,70,,35507,14,,,0,30,,35502,14,,,0,71,,35490,14,,,0,30,,35512,14,,,0,70,,35489,14,,,0,30,,35509,14,,,0,69,,35504,14,,,0,32,,35497,14,,,0,69,,35510,14,,,0,30,,35513,14,,,0,70,,35488,14,,,0,30,,35499,14,,,0,70,,35487,14,,,0,30,,35493,14,,,0,70,,35511,14,,,0,30,,35508,14,,,0,70,,35505,14,,,0,30,,35494,14,,,0,70,,35514,14,,,0,28,,35515,14,,,0,70,,35485,14,,,0,30,,35500,14,,,0,70,,35498,14,,,0,30,,35506,14,,,0,70,,35491,14,,,0,30,,35501,14,,,0,70,,35495,14,,,0,30,,35503,14,,,0
4019,'1867',809,,35540,14,,,0,30,,42205,14,,,0,70,,35538,14,,,0,30,,35542,14,,,0,72,,42204,14,,,0,30,,35523,14,,,0,70,,42200,14,,,0,30,,42202,14,,,0,69,,35534,14,,,0,32,,42196,14,,,0,69,,35522,14,,,0,30,,42199,14,,,0,69,,35530,14,,,0,30,,42203,14,,,0,70,,35518,14,,,0,30,,42197,14,,,0,70,,35525,14,,,0,30,,42201,14,,,0,70,,35533,14,,,0,31,,42195,14,,,0,70,,35520,14,,,0,28,,42198,14,,,0,70,,35528,14,,,0,30,,35537,14,,,0,70,,42206,14,,,0,30,,35535,14,,,0,70,,35544,14,,,0,30,,35536,14,,,0
4019,'1871',740,,35443,14,,,0,472,,35446,14,,,0,30,,35447,14,,,0
4019,'1873',709,,28771,14,,,0,30,,28747,14,,,0,71,,28741,14,,,0,30,,28751,14,,,0,70,,28762,14,,,0,30,,28757,14,,,0,71,,28745,14,,,0,30,,35417,14,,,0,70,,35405,14,,,0,30,,35414,14,,,0,69,,35411,14,,,0,32,,35408,14,,,0,69,,35415,14,,,0,30,,35418,14,,,0,70,,35404,14,,,0,30,,35409,14,,,0,70,,35403,14,,,0,30,,35406,14,,,0,70,,35416,14,,,0,30,,35413,14,,,0,70,,35412,14,,,0,30,,35407,14,,,0,70,,35419,14,,,0,28,,28770,14,,,0,70,,35402,14,,,0,30,,35410,14,,,0,70,,28753,14,,,0,30,,28761,14,,,0,70,,28746,14,,,0,30,,28756,14,,,0,70,,28750,14,,,0,30,,28758,14,,,0
4019,'1874',839,,35439,14,,,0,172,,35438,14,,,0,100,,35430,14,,,0,30,,35433,14,,,0,101,,35422,14,,,0,99,,35429,14,,,0,99,,35434,14,,,0,100,,35424,14,,,0,100,,35431,14,,,0,101,,35420,14,,,0,98,,35427,14,,,0,170,,35440,14,,,0
4019,'1875',809,,28795,14,,,0,100,,28793,14,,,0,30,,28797,14,,,0,102,,35426,14,,,0,169,,35436,14,,,0,101,,35425,14,,,0,99,,35432,14,,,0,100,,35421,14,,,0,100,,35428,14,,,0,100,,35435,14,,,0,101,,35423,14,,,0,98,,28783,14,,,0,30,,35437,14,,,0,100,,28790,14,,,0,70,,35441,14,,,0,30,,28791,14,,,0
4019,'1876',740,,42207,14,,,0,472,,42208,14,,,0,30,,42209,14,,,0
4019,'1878',839,,42220,14,,,0,172,,42219,14,,,0,100,,42215,14,,,0,30,,42217,14,,,0,101,,42211,14,,,0,99,,42214,14,,,0,99,,42218,14,,,0,100,,42212,14,,,0,100,,42216,14,,,0,101,,42210,14,,,0,98,,42213,14,,,0,170,,42221,14,,,0
7019,'1838',556,,35966,9,,,0,70,,35969,9,,,0,30,,35970,9,,,0,68,,35971,9,,,0,30,,35957,28,,,0,71,,42368,13,,,0,30,,35958,28,,,0,73,,42360,13,,,0,27,,35967,28,,,0,75,,42367,13,,,0,28,,35959,28,,,0,72,,42359,13,,,0,28,,35960,28,,,0,72,,42366,13,,,0,28,,35961,28,,,0,73,,42358,13,,,0,27,,35962,28,,,0,73,,42365,13,,,0,28,,35963,28,,,0,73,,42357,13,,,0,27,,35964,28,,,0,73,,42364,13,,,0,26,,35965,28,,,0,73,,42356,13,,,0,27,,35953,28,,,0,72,,42363,13,,,0,27,,35954,28,,,0,70,,42361,13,,,0,27,,35952,28,,,0,71,,42362,13,,,0,28,,35956,28,,,0,72,,42369,13,,,0,28,,35955,28,,,0,70,,42355,9,,,0,30,,42354,9,,,0
7019,'1857',518,,36013,9,,,0,36,,36014,28,,,0,72,,29509,9,,,0,31,,36015,28,,,0,71,,29478,28,,,0,72,,29486,28,,,0,32,,29479,28,,,0,69,,29487,28,,,0,28,,36016,28,,,0,201,,29482,28,,,0,71,,29490,28,,,0,30,,29483,28,,,0,70,,36022,28,,,0,30,,36018,28,,,0,102,,36019,28,,,0,73,,36030,28,,,0,47,,36035,9,,,0,52,,29507,28,,,0,30,,36032,28,,,0,70,,36024,28,,,0,28,,36026,28,,,0,96,,36028,28,,,0,28,,29498,28,,,0,70,,29499,28,,,0,28,,36029,28,,,0,70,,29501,28,,,0,30,,29502,28,,,0,67,,36034,9,,,0,31,,29503,28,,,0,99,,29504,28,,,0
7019,'1865',518,,36036,9,,,0,36,,36037,28,,,0,72,,36070,9,,,0,31,,36038,28,,,0,71,,36039,28,,,0,72,,36047,28,,,0,32,,36040,28,,,0,69,,36048,28,,,0,28,,36041,28,,,0,30,,42371,28,,,0,71,,42370,28,,,0,70,,42372,28,,,0,30,,36043,28,,,0,71,,36051,28,,,0,30,,36044,28,,,0,70,,36052,28,,,0,30,,36045,28,,,0,70,,42373,28,,,0,32,,36046,28,,,0,73,,36066,28,,,0,33,,42376,28,,,0,14,,36073,9,,,0,52,,36068,28,,,0,30,,36069,28,,,0,70,,36054,28,,,0,28,,36056,28,,,0,26,,42374,28,,,0,70,,36058,28,,,0,28,,36059,28,,,0,70,,36060,28,,,0,28,,36061,28,,,0,70,,36062,28,,,0,30,,36063,28,,,0,67,,36072,9,,,0,31,,36064,28,,,0,71,,42377,13,,,0,28,,36065,28,,,0,100,,42375,28,,,0
7019,'1866',626,,36105,9,,,0,28,,36086,28,,,0,70,,36079,28,,,0,30,,36087,28,,,0,70,,36080,28,,,0,31,,36088,28,,,0,70,,36081,28,,,0,30,,36089,28,,,0,73,,36082,28,,,0,30,,36090,28,,,0,70,,36083,28,,,0,30,,36091,28,,,0,70,,36084,28,,,0,30,,36092,28,,,0,70,,36085,28,,,0,30,,36093,28,,,0,70,,36098,28,,,0,31,,36094,28,,,0,70,,36100,28,,,0,30,,36095,28,,,0,70,,36099,28,,,0,29,,36096,28,,,0,70,,36101,28,,,0,30,,36097,28,,,0,70,,36104,28,,,0,29,,36074,28,,,0,67,,36102,28,,,0,30,,36075,28,,,0,69,,36103,28,,,0,30,,36076,28,,,0,70,,36107,9,,,0,30,,36077,28,,,0,72,,42378,13,,,0,27,,36078,28,,,0
7019,'1867',556,,36122,9,,,0,70,,36125,9,,,0,30,,36126,9,,,0,68,,36127,9,,,0,30,,36113,28,,,0,71,,42393,13,,,0,30,,36114,28,,,0,73,,42385,13,,,0,27,,36123,28,,,0,75,,42392,13,,,0,28,,36115,28,,,0,72,,42384,13,,,0,28,,36116,28,,,0,72,,42391,13,,,0,28,,36117,28,,,0,73,,42383,13,,,0,27,,36118,28,,,0,73,,42390,13,,,0,28,,36119,28,,,0,73,,42382,13,,,0,27,,36120,28,,,0,73,,42389,13,,,0,26,,36121,28,,,0,73,,42381,13,,,0,27,,36109,28,,,0,72,,42388,13,,,0,27,,36110,28,,,0,70,,42386,13,,,0,27,,36108,28,,,0,71,,42387,13,,,0,28,,36112,28,,,0,72,,42394,13,,,0,28,,36111,28,,,0,70,,42380,9,,,0,30,,42379,9,,,0
7019,'1871',959,,36020,28,,,0,71,,36017,28,,,0,70,,36021,28,,,0,301,,36023,28,,,0,138,,36031,28,,,0,220,,36025,28,,,0,465,,36033,13,,,0,128,,36027,28,,,0
7019,'1873',626,,35995,9,,,0,28,,29380,28,,,0,70,,29373,28,,,0,30,,29381,28,,,0,70,,29374,28,,,0,31,,29382,28,,,0,70,,35987,28,,,0,30,,29383,28,,,0,73,,35988,28,,,0,30,,29384,28,,,0,70,,35989,28,,,0,30,,29385,28,,,0,70,,29378,28,,,0,30,,29386,28,,,0,70,,35990,28,,,0,30,,29387,28,,,0,70,,29392,28,,,0,31,,29388,28,,,0,70,,29394,28,,,0,30,,29389,28,,,0,70,,35991,28,,,0,29,,29390,28,,,0,70,,35992,28,,,0,30,,29391,28,,,0,70,,35994,28,,,0,29,,29368,28,,,0,67,,35993,28,,,0,30,,29369,28,,,0,69,,29397,28,,,0,30,,29370,28,,,0,70,,29401,9,,,0,30,,29371,28,,,0,99,,29372,28,,,0
7019,'1874',825,,36011,13,,,0,103,,36003,13,,,0,102,,36010,13,,,0,100,,36002,13,,,0,100,,36009,13,,,0,101,,36001,13,,,0,100,,36008,13,,,0,101,,36000,13,,,0,100,,36007,13,,,0,99,,35999,13,,,0,99,,36006,13,,,0,97,,36004,13,,,0,98,,36005,13,,,0,100,,36012,13,,,0,98,,35998,9,,,0,30,,35997,9,,,0
7019,'1875',556,,29416,9,,,0,70,,29419,9,,,0,30,,29420,9,,,0,68,,29421,9,,,0,30,,29407,28,,,0,101,,29408,28,,,0,100,,29417,28,,,0,103,,29409,28,,,0,100,,29410,28,,,0,100,,29411,28,,,0,100,,29412,28,,,0,101,,29413,28,,,0,100,,29414,28,,,0,99,,29415,28,,,0,100,,29403,28,,,0,99,,29404,28,,,0,97,,29402,28,,,0,99,,29406,28,,,0,100,,29405,28,,,0
7019,'1876',959,,42396,28,,,0,71,,42395,28,,,0,70,,42397,28,,,0,301,,42398,28,,,0,138,,42401,28,,,0,220,,42399,28,,,0,465,,42402,13,,,0,128,,42400,28,,,0
7019,'1877',2225,,42403,13,,,0
7019,'1878',825,,42418,13,,,0,103,,42410,13,,,0,102,,42417,13,,,0,100,,42409,13,,,0,100,,42416,13,,,0,101,,42408,13,,,0,100,,42415,13,,,0,101,,42407,13,,,0,100,,42414,13,,,0,99,,42406,13,,,0,99,,42413,13,,,0,97,,42411,13,,,0,98,,42412,13,,,0,100,,42419,13,,,0,98,,42405,9,,,0,30,,42404,9,,,0
14019,'1838',651,,36775,18,,,0,100,,36776,18,,,0,101,,42532,18,,,0,100,,42533,18,,,0,100,,36766,18,,,0,100,,42534,18,,,0,100,,42535,18,,,0,101,,36769,18,,,0,100,,42536,18,,,0,100,,42537,18,,,0,99,,36772,18,,,0,100,,36773,18,,,0,100,,42538,18,,,0,99,,42531,18,,,0,95,,36762,18,,,0
14019,'1857',526,,30271,18,,,0,100,,30270,18,,,0,80,,30241,18,,,0,30,,30254,18,,,0,68,,30242,18,,,0,23,,30255,18,,,0,30,,30243,18,,,0,70,,30256,18,,,0,30,,30244,18,,,0,200,,30246,18,,,0,70,,30259,18,,,0,30,,30247,18,,,0,70,,36803,18,,,0,30,,36796,18,,,0,100,,36797,18,,,0,151,,36798,18,,,0,30,,30263,18,,,0,70,,36799,18,,,0,30,,36806,18,,,0,70,,30252,18,,,0,49,,36800,18,,,0,70,,30266,18,,,0,30,,36809,18,,,0,69,,36808,18,,,0,92,,30268,18,,,0,100,,30269,18,,,0
14019,'1865',526,,36840,18,,,0,100,,36839,18,,,0,80,,36810,18,,,0,30,,36823,18,,,0,68,,36811,18,,,0,23,,36824,18,,,0,30,,36812,18,,,0,70,,36825,18,,,0,30,,36813,18,,,0,70,,42540,18,,,0,30,,42539,18,,,0,70,,42541,18,,,0,30,,36815,18,,,0,70,,36828,18,,,0,30,,36816,18,,,0,70,,36829,18,,,0,30,,36817,18,,,0,70,,42542,18,,,0,30,,36818,18,,,0,71,,42543,18,,,0,80,,36819,18,,,0,30,,36832,18,,,0,70,,36820,18,,,0,30,,36833,18,,,0,70,,36821,18,,,0,19,,42544,18,,,0,30,,36822,18,,,0,70,,36835,18,,,0,30,,36841,18,,,0,69,,36836,18,,,0,92,,36837,18,,,0,100,,36838,18,,,0
14019,'1866',651,,36842,18,,,0,100,,36843,18,,,0,101,,36844,18,,,0,100,,36845,18,,,0,100,,36846,18,,,0,100,,36847,18,,,0,100,,36848,18,,,0,101,,36849,18,,,0,100,,36850,18,,,0,100,,36851,18,,,0,99,,36852,18,,,0,100,,36853,18,,,0,100,,36854,18,,,0,99,,36855,18,,,0,100,,36856,18,,,0,95,,36857,18,,,0,100,,42545,18,,,0
14019,'1867',651,,36872,18,,,0,100,,36873,18,,,0,101,,42547,18,,,0,100,,42548,18,,,0,100,,36863,18,,,0,100,,42549,18,,,0,100,,42550,18,,,0,101,,36866,18,,,0,100,,42551,18,,,0,100,,42552,18,,,0,99,,36869,18,,,0,100,,36870,18,,,0,100,,42553,18,,,0,99,,42546,18,,,0,95,,36859,18,,,0
14019,'1871',1027,,36801,18,,,0,30,,36795,18,,,0,70,,36802,18,,,0,300,,36804,18,,,0,101,,36805,18,,,0,299,,36807,18,,,0
14019,'1873',651,,36777,18,,,0,100,,30178,18,,,0,101,,30179,18,,,0,100,,36778,18,,,0,100,,36779,18,,,0,100,,36780,18,,,0,100,,30183,18,,,0,101,,36781,18,,,0,100,,30185,18,,,0,100,,30186,18,,,0,99,,36782,18,,,0,100,,36783,18,,,0,100,,36784,18,,,0,99,,36785,18,,,0,100,,30191,18,,,0,95,,30192,18,,,0
14019,'1874',852,,36788,18,,,0,100,,36789,18,,,0,200,,36790,18,,,0,100,,36791,18,,,0,201,,36792,18,,,0,100,,36793,18,,,0,299,,36794,18,,,0,99,,36787,18,,,0
14019,'1875',651,,30207,18,,,0,100,,30208,18,,,0,301,,30198,18,,,0,301,,30201,18,,,0,299,,30204,18,,,0,100,,30205,18,,,0,294,,30194,18,,,0
14019,'1876',1027,,42555,18,,,0,30,,42554,18,,,0,70,,42556,18,,,0,300,,42557,18,,,0,101,,42558,18,,,0,299,,42559,18,,,0
14019,'1877',2246,,42560,18,,,0
14019,'1878',852,,42562,18,,,0,100,,42563,18,,,0,200,,42564,18,,,0,100,,42565,18,,,0,201,,42566,18,,,0,100,,42567,18,,,0,299,,42568,18,,,0,99,,42561,18,,,0
502019,'1838',645,,39100,10,,,0,70,,39086,10,,,0,30,,39103,10,,,0,70,,39117,10,,,0,32,,39097,10,,,0,70,,39116,10,,,0,30,,39099,10,,,0,71,,39115,10,,,0,30,,39094,10,,,0,70,,39114,10,,,0,30,,39089,10,,,0,71,,39113,10,,,0,30,,39092,10,,,0,70,,39111,10,,,0,30,,39090,10,,,0,70,,39112,10,,,0,30,,39093,10,,,0,70,,39110,10,,,0,30,,39087,10,,,0,70,,39109,10,,,0,30,,39091,10,,,0,69,,39108,10,,,0,30,,39088,10,,,0,70,,39107,10,,,0,30,,39101,10,,,0,70,,39106,10,,,0,30,,43617,10,,,0,68,,39105,10,,,0,30,,39095,10,,,0,70,,39118,10,,,0,30,,39104,10,,,0,70,,39119,10,,,0,30,,39098,10,,,0,68,,39120,10,,,0,30,,39096,10,,,0
502019,'1857',615,,39129,10,,,0,30,,32526,10,,,0,65,,32566,10,,,0,10,,39130,10,,,0,28,,39131,10,,,0,64,,32529,10,,,0,12,,39132,10,,,0,88,,32532,10,,,0,36,,32534,10,,,0,72,,32535,10,,,0,30,,39135,10,,,0,70,,39136,10,,,0,30,,39137,10,,,0,71,,32539,10,,,0,30,,32540,10,,,0,70,,32541,10,,,0,100,,32543,10,,,0,36,,32544,10,,,0,70,,32545,10,,,0,30,,32546,10,,,0,68,,32547,10,,,0,76,,39140,10,,,0,21,,32550,10,,,0,6,,39146,10,,,0,15,,32551,10,,,0,12,,32552,10,,,0,64,,39141,10,,,0,22,,32554,10,,,0,77,,39143,10,,,0,30,,32557,10,,,0,69,,39144,10,,,0,30,,32559,10,,,0,70,,39145,10,,,0,30,,32561,10,,,0,70,,32562,10,,,0,30,,32563,10,,,0,69,,32564,10,,,0,30,,32565,10,,,0
502019,'1865',615,,39147,10,,,0,30,,39148,10,,,0,65,,39188,10,,,0,10,,39149,10,,,0,28,,39150,10,,,0,64,,39151,10,,,0,12,,39152,10,,,0,24,,43618,10,,,0,64,,39154,10,,,0,12,,43619,10,,,0,24,,39156,10,,,0,72,,39157,10,,,0,30,,39158,10,,,0,70,,39159,10,,,0,30,,39160,10,,,0,71,,39161,10,,,0,30,,39162,10,,,0,70,,39163,10,,,0,30,,43620,10,,,0,70,,39165,10,,,0,36,,39166,10,,,0,70,,39167,10,,,0,30,,39168,10,,,0,68,,39169,10,,,0,24,,43621,10,,,0,52,,39171,10,,,0,21,,39172,10,,,0,6,,39189,10,,,0,15,,39173,10,,,0,12,,39174,10,,,0,64,,39175,10,,,0,22,,39176,10,,,0,12,,43622,10,,,0,65,,39178,10,,,0,30,,39179,10,,,0,69,,39180,10,,,0,30,,39181,10,,,0,70,,39182,10,,,0,30,,39183,10,,,0,70,,39184,10,,,0,30,,39185,10,,,0,69,,39186,10,,,0,30,,39187,10,,,0
502019,'1866',645,,39197,10,,,0,70,,39204,10,,,0,30,,39196,10,,,0,70,,39205,10,,,0,32,,39195,10,,,0,70,,39206,10,,,0,30,,39194,10,,,0,71,,39207,10,,,0,30,,39215,10,,,0,70,,39208,10,,,0,30,,39216,10,,,0,71,,39209,10,,,0,30,,39217,10,,,0,70,,39210,10,,,0,30,,39218,10,,,0,71,,39211,10,,,0,30,,39219,10,,,0,70,,39212,10,,,0,30,,39220,10,,,0,69,,39213,10,,,0,30,,39221,10,,,0,69,,39214,10,,,0,30,,39222,10,,,0,70,,39198,10,,,0,30,,39223,10,,,0,70,,39200,10,,,0,98,,39199,10,,,0,30,,39193,10,,,0,70,,39201,10,,,0,30,,39192,10,,,0,70,,39202,10,,,0,30,,39191,10,,,0,70,,39203,10,,,0,30,,39190,10,,,0
502019,'1867',645,,39238,10,,,0,70,,39224,10,,,0,30,,39241,10,,,0,70,,39255,10,,,0,32,,39235,10,,,0,70,,39254,10,,,0,30,,39237,10,,,0,71,,39253,10,,,0,30,,39232,10,,,0,70,,39252,10,,,0,30,,39227,10,,,0,71,,39251,10,,,0,30,,39230,10,,,0,70,,39249,10,,,0,30,,39228,10,,,0,70,,39250,10,,,0,30,,39231,10,,,0,70,,39248,10,,,0,30,,39225,10,,,0,70,,39247,10,,,0,30,,39229,10,,,0,69,,39246,10,,,0,30,,39226,10,,,0,70,,39245,10,,,0,30,,39239,10,,,0,70,,39244,10,,,0,30,,43623,10,,,0,68,,39243,10,,,0,30,,39233,10,,,0,70,,39256,10,,,0,30,,39242,10,,,0,70,,39257,10,,,0,30,,39236,10,,,0,68,,39258,10,,,0,30,,39234,10,,,0
502019,'1871',848,,39133,10,,,0,76,,39134,10,,,0,427,,39138,10,,,0,298,,39139,10,,,0,204,,39142,10,,,0
502019,'1873',645,,32420,10,,,0,70,,32427,10,,,0,30,,32419,10,,,0,70,,32428,10,,,0,32,,32418,10,,,0,70,,32429,10,,,0,30,,32417,10,,,0,71,,32430,10,,,0,30,,32438,10,,,0,70,,32431,10,,,0,30,,32439,10,,,0,71,,32432,10,,,0,30,,32440,10,,,0,70,,32433,10,,,0,30,,32441,10,,,0,71,,32434,10,,,0,30,,32442,10,,,0,70,,32435,10,,,0,30,,32443,10,,,0,69,,32436,10,,,0,30,,32444,10,,,0,69,,32437,10,,,0,30,,32445,10,,,0,70,,32421,10,,,0,30,,32446,10,,,0,70,,32423,10,,,0,98,,32422,10,,,0,30,,32416,10,,,0,70,,32424,10,,,0,30,,32415,10,,,0,70,,32425,10,,,0,30,,32414,10,,,0,70,,32426,10,,,0,30,,32413,10,,,0
502019,'1874',1948,,39123,10,,,0
502019,'1875',645,,32461,10,,,0,70,,39121,10,,,0,30,,32464,10,,,0,70,,39128,10,,,0,32,,32458,10,,,0,70,,39127,10,,,0,30,,32460,10,,,0,71,,32476,10,,,0,30,,32455,10,,,0,70,,39126,10,,,0,30,,32450,10,,,0,71,,32474,10,,,0,30,,39122,10,,,0,70,,32472,10,,,0,30,,32451,10,,,0,70,,32473,10,,,0,30,,32454,10,,,0,70,,39125,10,,,0,30,,32448,10,,,0,70,,32470,10,,,0,30,,32452,10,,,0,69,,32469,10,,,0,30,,32449,10,,,0,70,,32468,10,,,0,30,,32462,10,,,0,70,,39124,10,,,0,98,,32466,10,,,0,30,,32456,10,,,0,70,,32479,10,,,0,30,,32465,10,,,0,70,,32480,10,,,0,30,,32459,10,,,0,68,,32481,10,,,0,30,,32457,10,,,0
502019,'1876',848,,43624,10,,,0,76,,43625,10,,,0,427,,43626,10,,,0,298,,43627,10,,,0,204,,43628,10,,,0
502019,'1878',1948,,43629,10,,,0
14000001029,'1838',602,,42007,47,0,18 7,0,1817,,43961,47,,,0,30,,42005,47,,,0,70,,42006,47,,,0,30,,43962,47,,,0,70,,42004,47,,,0,30,,42002,47,,,0
14000001029,'1857',505,,34808,47,0,18 7,0,1944,,24920,47,,,0,70,,42015,47,,,0,100,,24921,47,,,0,30,,42014,47,,,0
14000001029,'1865',505,,42016,47,0,18 7,0,102,,43963,47,0,18 7,0,1812,,43965,47,,,0,30,,42020,47,,,0,70,,42023,47,,,0,30,,43964,47,,,0,70,,42021,47,,,0,30,,42022,47,,,0
14000001029,'1866',602,,42028,47,0,18 7,0,1817,,42030,47,,,0,30,,42025,47,,,0,70,,42024,47,,,0,30,,42026,47,,,0,70,,42029,47,,,0,30,,42027,47,,,0
14000001029,'1867',602,,42037,47,0,18 7,0,1817,,43966,47,,,0,30,,42035,47,,,0,70,,42036,47,,,0,30,,43967,47,,,0,70,,42034,47,,,0,30,,42032,47,,,0
14000001029,'1871',607,,42011,47,0,18 7,0,1812,,42013,47,,,0,130,,42012,47,,,0
14000001029,'1873',602,,34793,47,0,18 7,0,1817,,34794,47,,,0,30,,24925,47,,,0,70,,34790,47,,,0,30,,34791,47,,,0,70,,24929,47,,,0,30,,34792,47,,,0
14000001029,'1874',2419,,42008,47,,,0,130,,42009,47,,,0
14000001029,'1875',602,,42010,47,0,18 7,0,1847,,24935,47,,,0,70,,34798,47,,,0,100,,24934,47,,,0,30,,34796,47,,,0
14000001029,'1876',607,,43968,47,0,18 7,0,1812,,43970,47,,,0,130,,43969,47,,,0
14000001029,'1878',2419,,43971,47,,,0,130,,43972,47,,,0
