6019,'1799',1045,,20102,1,,,0,200,,20101,1,,,0,200,,20100,1,,,0,200,,20099,1,,,0,200,,20098,1,,,0
6019,'1800',845,,25177,1,,,0,100,,25176,1,,,0,100,,20114,1,,,0,100,,25181,1,,,0,100,,20113,1,,,0,100,,25180,1,,,0,100,,20112,1,,,0,100,,25179,1,,,0,100,,20111,1,,,0,100,,25178,1,,,0,100,,20110,1,,,0,100,,25182,1,,,0
6019,'1829',720,,20033,13,,,0,30,,20034,13,,,0,70,,20035,13,,,0,101,,20037,13,,,0,30,,20038,13,,,0,100,,20040,13,,,0,70,,20041,13,,,0,30,,20042,13,,,0,70,,20043,13,,,0,30,,20044,13,,,0,70,,20045,13,,,0,30,,20046,13,,,0,70,,20047,13,,,0,101,,20049,13,,,0,30,,20050,13,,,0,170,,20053,13,,,0,28,,20054,13,,,0,70,,20055,13,,,0,30,,20056,13,,,0,67,,20031,13,,,0
6019,'1831',646,,20060,13,,,0,70,,20059,13,,,0,28,,20079,13,,,0,70,,20072,13,,,0,30,,20062,13,,,0,100,,20080,13,,,0,171,,20083,13,,,0,30,,20069,13,,,0,170,,20082,13,,,0,30,,20067,13,,,0,70,,20076,13,,,0,130,,20065,13,,,0,70,,20075,13,,,0,130,,20063,13,,,0,70,,20074,13,,,0,30,,20061,13,,,0
6019,'1832',845,,20091,1,,,0,100,,20085,1,,,0,200,,20095,1,,,0,200,,20094,1,,,0,200,,20093,1,,,0,200,,20092,1,,,0,200,,20096,1,,,0
6019,'1833',1045,,20090,1,,,0,200,,20089,1,,,0,200,,20088,1,,,0,200,,20087,1,,,0,200,,20086,1,,,0
6019,'1834',845,,20103,1,,,0,100,,20097,1,,,0,200,,20107,1,,,0,200,,20106,1,,,0,200,,20105,1,,,0,200,,20104,1,,,0,200,,20108,1,,,0
6019,'1835',652,,25187,13,,,0,198,,25188,13,,,0,171,,25189,13,,,0,431,,25190,13,,,0,170,,25191,13,,,0,30,,25192,13,,,0,362,,25183,13,,,0,100,,25185,13,,,0,100,,25184,13,,,0,100,,25186,13,,,0
6019,'1836',914,,25199,13,,,0,101,,25202,13,,,0,30,,25198,13,,,0,170,,25201,13,,,0,30,,25197,13,,,0,200,,25196,13,,,0,70,,25203,13,,,0,130,,25195,13,,,0,70,,25193,13,,,0,199,,25200,13,,,0,101,,25204,1,,,0,100,,25194,1,,,0
6019,'1837',845,,25206,1,,,0,100,,25205,1,,,0,200,,25210,1,,,0,200,,25209,1,,,0,200,,25208,1,,,0,200,,25207,1,,,0,200,,25211,1,,,0
6019,'1838',845,,25213,1,,,0,100,,25212,1,,,0,200,,25217,1,,,0,200,,25216,1,,,0,200,,25215,1,,,0,200,,25214,1,,,0,200,,25218,1,,,0
11019,'1800',918,,25539,26,,,0,100,,25540,26,,,0,103,,25541,26,,,0,101,,25542,26,,,0,100,,25543,26,,,0,100,,25544,26,,,0,100,,25545,26,,,0,99,,25546,26,,,0,100,,25547,26,,,0,97,,25548,26,,,0,99,,25549,26,,,0,100,,25550,26,,,0
11019,'1832',918,,20681,26,,,0,100,,20682,26,,,0,103,,20683,26,,,0,101,,20684,26,,,0,100,,20685,26,,,0,100,,20686,26,,,0,100,,20687,26,,,0,99,,20688,26,,,0,100,,20689,26,,,0,97,,20690,26,,,0,99,,20691,26,,,0,100,,20692,26,,,0
11019,'1834',918,,20694,26,,,0,100,,20695,26,,,0,103,,20696,26,,,0,101,,20697,26,,,0,100,,20698,26,,,0,100,,20699,26,,,0,100,,20700,26,,,0,99,,20701,26,,,0,100,,20702,26,,,0,97,,20703,26,,,0,99,,20704,26,,,0,100,,20705,26,,,0
11019,'1835',718,,25552,26,,,0,101,,25553,26,,,0,100,,25554,26,,,0,100,,25555,26,,,0,100,,25556,26,,,0,100,,25557,26,,,0,100,,25558,26,,,0,100,,25559,26,,,0,100,,25560,26,,,0,100,,25561,26,,,0,100,,25562,26,,,0,99,,25563,26,,,0,100,,25564,26,,,0,100,,25565,26,,,0,98,,25566,26,,,0
11019,'1836',717,,25570,26,,,0,100,,25571,26,,,0,101,,25572,26,,,0,100,,25573,26,,,0,100,,25574,26,,,0,104,,25575,26,,,0,100,,25576,26,,,0,100,,25577,26,,,0,100,,25578,26,,,0,99,,25579,26,,,0,100,,25580,26,,,0,97,,25581,26,,,0,99,,25568,26,,,0,100,,25569,26,,,0
11019,'1837',918,,25583,26,,,0,100,,25584,26,,,0,103,,25585,26,,,0,101,,25586,26,,,0,100,,25587,26,,,0,100,,25588,26,,,0,100,,25589,26,,,0,99,,25590,26,,,0,100,,25591,26,,,0,97,,25592,26,,,0,99,,25593,26,,,0,100,,25594,26,,,0
11019,'1838',918,,25596,26,,,0,100,,25597,26,,,0,103,,25598,26,,,0,101,,25599,26,,,0,100,,25600,26,,,0,100,,25601,26,,,0,100,,25602,26,,,0,99,,25603,26,,,0,100,,25604,26,,,0,97,,25605,26,,,0,99,,25606,26,,,0,100,,25607,26,,,0
15029,'1799',718,,21158,26,,,0,98,,21154,26,,,0,100,,21155,26,,,0,100,,21156,26,,,0,101,,21157,26,,,0,100,,21153,26,,,0,100,,21150,26,,,0,102,,21151,26,,,0,100,,21152,26,,,0,100,,21149,26,,,0,99,,21146,26,,,0,99,,21147,26,,,0,100,,21148,26,,,0,100,,21145,26,,,0
15029,'1800',718,,21172,26,,,0,98,,21168,26,,,0,100,,21169,26,,,0,100,,21170,26,,,0,101,,21171,26,,,0,100,,21167,26,,,0,100,,21164,26,,,0,102,,21165,26,,,0,100,,21166,26,,,0,100,,21163,26,,,0,99,,21160,26,,,0,99,,21161,26,,,0,100,,21162,26,,,0,100,,21159,26,,,0
15029,'1829',644,,21085,26,,,0,69,,21086,26,,,0,33,,21087,26,,,0,199,,21091,26,,,0,100,,21093,26,,,0,170,,21096,26,,,0,308,,21102,26,,,0,519,,21113,26,,,0
15029,'1831',723,,21119,26,,,0,93,,21120,26,,,0,100,,21121,26,,,0,100,,21122,26,,,0,101,,21123,26,,,0,100,,21124,26,,,0,100,,21125,26,,,0,103,,21126,26,,,0,100,,21127,26,,,0,100,,21128,26,,,0,98,,21129,26,,,0,99,,21130,26,,,0,100,,21116,26,,,0,100,,21117,26,,,0
15029,'1833',718,,21144,26,,,0,98,,21140,26,,,0,100,,21141,26,,,0,100,,21142,26,,,0,101,,21143,26,,,0,100,,21139,26,,,0,100,,21136,26,,,0,102,,21137,26,,,0,100,,21138,26,,,0,100,,21135,26,,,0,99,,21132,26,,,0,99,,21133,26,,,0,100,,21134,26,,,0,100,,21131,26,,,0
15029,'1835',817,,25868,26,,,0,33,,25869,26,,,0,70,,25870,26,,,0,95,,25871,26,,,0,100,,25872,26,,,0,30,,25873,26,,,0,100,,25874,26,,,0,70,,25875,26,,,0,30,,25876,26,,,0,70,,25877,26,,,0,33,,25878,26,,,0,107,,25879,26,,,0,70,,25880,26,,,0,28,,25881,26,,,0,64,,25882,26,,,0,29,,25883,26,,,0,69,,25884,26,,,0,27,,25885,26,,,0,70,,25886,26,,,0,30,,25887,26,,,0,70,,25888,26,,,0,130,,25890,26,,,0,97,,25889,26,,,0
701019,'1800',632,,26963,16,,,0,69,,27004,16,,,0,30,,26985,16,,,0,70,,26962,16,,,0,15,,26939,16,,,0,16,,27007,16,,,0,15,,26921,16,,,0,55,,26972,16,,,0,15,,26923,16,,,0,15,,26959,16,,,0,15,,26940,16,,,0,55,,27002,16,,,0,15,,26915,16,,,0,15,,26983,16,,,0,15,,26924,16,,,0,55,,26958,16,,,0,16,,26919,16,,,0,16,,26998,16,,,0,15,,26927,16,,,0,55,,26981,16,,,0,15,,26922,16,,,0,15,,26955,16,,,0,15,,26934,16,,,0,55,,26999,16,,,0,15,,26925,16,,,0,15,,26977,16,,,0,15,,26930,16,,,0,55,,26953,16,,,0,15,,26933,16,,,0,15,,27008,16,,,0,15,,26920,16,,,0,55,,26978,16,,,0,15,,26932,16,,,0,15,,26951,16,,,0,15,,26936,16,,,0,55,,27003,16,,,0,15,,26917,16,,,0,15,,26984,16,,,0,15,,26918,16,,,0,55,,26949,16,,,0,15,,26935,16,,,0,15,,26995,16,,,0,15,,26916,16,,,0,55,,26974,16,,,0,14,,26931,16,,,0,15,,26948,16,,,0,15,,26937,16,,,0,55,,26994,16,,,0,15,,26928,16,,,0,15,,26975,16,,,0,15,,26929,16,,,0,55,,26946,16,,,0,15,,26938,16,,,0,14,,27009,16,,,0,15,,26926,16,,,0,55,,26973,16,,,0,29,,26943,16,,,0,70,,27005,16,,,0,30,,26968,16,,,0,70,,26941,16,,,0,29,,27010,16,,,0,25,,27012,16,,,0,65,,27011,16,,,0
701019,'1832',631,,23741,16,,,0,70,,23782,16,,,0,30,,23763,16,,,0,70,,23740,16,,,0,15,,23717,16,,,0,15,,23785,16,,,0,15,,23699,16,,,0,55,,23750,16,,,0,15,,23701,16,,,0,15,,23737,16,,,0,15,,23718,16,,,0,55,,23780,16,,,0,15,,23693,16,,,0,15,,23761,16,,,0,15,,23702,16,,,0,55,,23736,16,,,0,16,,23697,16,,,0,16,,23776,16,,,0,15,,23705,16,,,0,55,,23759,16,,,0,15,,23700,16,,,0,15,,23733,16,,,0,15,,23712,16,,,0,55,,23777,16,,,0,15,,23703,16,,,0,15,,23755,16,,,0,15,,23708,16,,,0,55,,23731,16,,,0,15,,23711,16,,,0,15,,23786,16,,,0,15,,23698,16,,,0,55,,23756,16,,,0,15,,23710,16,,,0,15,,23729,16,,,0,15,,23714,16,,,0,55,,23781,16,,,0,15,,23695,16,,,0,15,,23762,16,,,0,15,,23696,16,,,0,55,,23727,16,,,0,15,,23713,16,,,0,15,,23773,16,,,0,15,,23694,16,,,0,55,,23752,16,,,0,15,,23709,16,,,0,14,,23726,16,,,0,15,,23715,16,,,0,55,,23772,16,,,0,15,,23706,16,,,0,15,,23753,16,,,0,15,,23707,16,,,0,55,,23724,16,,,0,15,,23716,16,,,0,14,,23787,16,,,0,15,,23704,16,,,0,55,,23751,16,,,0,30,,23721,16,,,0,70,,23783,16,,,0,30,,23746,16,,,0,70,,23719,16,,,0,29,,23788,16,,,0,25,,23790,16,,,0,65,,23789,16,,,0
701019,'1834',631,,23840,16,,,0,70,,23881,16,,,0,30,,23862,16,,,0,70,,23839,16,,,0,15,,23816,16,,,0,15,,23884,16,,,0,15,,23798,16,,,0,55,,23849,16,,,0,15,,23800,16,,,0,15,,23836,16,,,0,15,,23817,16,,,0,55,,23879,16,,,0,15,,23792,16,,,0,15,,23860,16,,,0,15,,23801,16,,,0,55,,23835,16,,,0,16,,23796,16,,,0,16,,23875,16,,,0,15,,23804,16,,,0,55,,23858,16,,,0,15,,23799,16,,,0,15,,23832,16,,,0,15,,23811,16,,,0,55,,23876,16,,,0,15,,23802,16,,,0,15,,23854,16,,,0,15,,23807,16,,,0,55,,23830,16,,,0,15,,23810,16,,,0,15,,23885,16,,,0,15,,23797,16,,,0,55,,23855,16,,,0,15,,23809,16,,,0,15,,23828,16,,,0,15,,23813,16,,,0,55,,23880,16,,,0,15,,23794,16,,,0,15,,23861,16,,,0,15,,23795,16,,,0,55,,23826,16,,,0,15,,23812,16,,,0,15,,23872,16,,,0,15,,23793,16,,,0,55,,23851,16,,,0,15,,23808,16,,,0,14,,23825,16,,,0,15,,23814,16,,,0,55,,23871,16,,,0,15,,23805,16,,,0,15,,23852,16,,,0,15,,23806,16,,,0,55,,23823,16,,,0,15,,23815,16,,,0,14,,23886,16,,,0,15,,23803,16,,,0,55,,23850,16,,,0,30,,23820,16,,,0,70,,23882,16,,,0,30,,23845,16,,,0,70,,23818,16,,,0,29,,23887,16,,,0,25,,23889,16,,,0,65,,23888,16,,,0
701019,'1835',612,,27014,16,,,0,31,,27015,16,,,0,58,,27016,16,,,0,16,,27017,16,,,0,17,,27018,16,,,0,15,,27019,16,,,0,55,,27020,16,,,0,15,,27021,16,,,0,15,,27022,16,,,0,15,,27023,16,,,0,55,,27024,16,,,0,15,,27025,16,,,0,15,,27026,16,,,0,15,,27027,16,,,0,55,,27122,16,,,0,15,,27028,16,,,0,16,,27029,16,,,0,15,,27030,16,,,0,55,,27031,16,,,0,15,,27032,16,,,0,15,,27033,16,,,0,15,,27034,16,,,0,55,,27035,16,,,0,15,,27036,16,,,0,15,,27037,16,,,0,15,,27038,16,,,0,55,,27039,16,,,0,15,,27040,16,,,0,15,,27041,16,,,0,15,,27042,16,,,0,55,,27043,16,,,0,15,,27044,16,,,0,15,,27045,16,,,0,16,,27046,16,,,0,58,,27047,16,,,0,15,,27113,16,,,0,15,,27048,16,,,0,15,,27049,16,,,0,55,,27050,16,,,0,15,,27051,16,,,0,15,,27116,16,,,0,15,,27052,16,,,0,55,,27053,16,,,0,13,,27054,16,,,0,14,,27055,16,,,0,15,,27056,16,,,0,54,,27057,16,,,0,13,,27058,16,,,0,15,,27059,16,,,0,15,,27060,16,,,0,55,,27061,16,,,0,14,,27062,16,,,0,15,,27063,16,,,0,15,,27064,16,,,0,55,,27065,16,,,0,15,,27066,16,,,0,15,,27067,16,,,0,15,,27068,16,,,0,55,,27069,16,,,0,30,,27070,16,,,0,70,,27071,16,,,0,29,,27072,16,,,0,70,,27073,16,,,0,30,,27074,16,,,0,25,,27075,16,,,0,65,,27076,16,,,0
701019,'1836',632,,27192,16,,,0,69,,27157,16,,,0,30,,27137,16,,,0,70,,27149,16,,,0,15,,27195,16,,,0,16,,27161,16,,,0,15,,27196,16,,,0,55,,27127,16,,,0,15,,27197,16,,,0,15,,27138,16,,,0,15,,27204,16,,,0,55,,27150,16,,,0,15,,27207,16,,,0,15,,27162,16,,,0,15,,27202,16,,,0,55,,27128,16,,,0,16,,27205,16,,,0,16,,27139,16,,,0,15,,27203,16,,,0,55,,27151,16,,,0,15,,27206,16,,,0,15,,27163,16,,,0,15,,27218,16,,,0,55,,27129,16,,,0,15,,27217,16,,,0,15,,27140,16,,,0,15,,27216,16,,,0,55,,27152,16,,,0,15,,27215,16,,,0,15,,27164,16,,,0,15,,27214,16,,,0,55,,27130,16,,,0,15,,27213,16,,,0,15,,27141,16,,,0,15,,27219,16,,,0,55,,27153,16,,,0,15,,27212,16,,,0,15,,27165,16,,,0,15,,27211,16,,,0,55,,27131,16,,,0,15,,27210,16,,,0,15,,27142,16,,,0,15,,27209,16,,,0,55,,27154,16,,,0,14,,27208,16,,,0,15,,27166,16,,,0,15,,27220,16,,,0,55,,27132,16,,,0,15,,27193,16,,,0,15,,27143,16,,,0,15,,27198,16,,,0,55,,27155,16,,,0,15,,27199,16,,,0,14,,27167,16,,,0,15,,27200,16,,,0,55,,27133,16,,,0,29,,27144,16,,,0,70,,27156,16,,,0,30,,27168,16,,,0,70,,27188,16,,,0,29,,27191,16,,,0,25,,27201,16,,,0,65,,27194,16,,,0
701019,'1837',632,,27270,16,,,0,69,,27311,16,,,0,30,,27292,16,,,0,70,,27269,16,,,0,15,,27246,16,,,0,16,,27314,16,,,0,15,,27228,16,,,0,55,,27279,16,,,0,15,,27230,16,,,0,15,,27266,16,,,0,15,,27247,16,,,0,55,,27309,16,,,0,15,,27222,16,,,0,15,,27290,16,,,0,15,,27231,16,,,0,55,,27265,16,,,0,16,,27226,16,,,0,16,,27305,16,,,0,15,,27234,16,,,0,55,,27288,16,,,0,15,,27229,16,,,0,15,,27262,16,,,0,15,,27241,16,,,0,55,,27306,16,,,0,15,,27232,16,,,0,15,,27284,16,,,0,15,,27237,16,,,0,55,,27260,16,,,0,15,,27240,16,,,0,15,,27315,16,,,0,15,,27227,16,,,0,55,,27285,16,,,0,15,,27239,16,,,0,15,,27258,16,,,0,15,,27243,16,,,0,55,,27310,16,,,0,15,,27224,16,,,0,15,,27291,16,,,0,15,,27225,16,,,0,55,,27256,16,,,0,15,,27242,16,,,0,15,,27302,16,,,0,15,,27223,16,,,0,55,,27281,16,,,0,14,,27238,16,,,0,15,,27255,16,,,0,15,,27244,16,,,0,55,,27301,16,,,0,15,,27235,16,,,0,15,,27282,16,,,0,15,,27236,16,,,0,55,,27253,16,,,0,15,,27245,16,,,0,14,,27316,16,,,0,15,,27233,16,,,0,55,,27280,16,,,0,29,,27250,16,,,0,70,,27312,16,,,0,30,,27275,16,,,0,70,,27248,16,,,0,29,,27317,16,,,0,25,,27319,16,,,0,65,,27318,16,,,0
701019,'1838',632,,27369,16,,,0,69,,27410,16,,,0,30,,27391,16,,,0,70,,27368,16,,,0,15,,27345,16,,,0,16,,27413,16,,,0,15,,27327,16,,,0,55,,27378,16,,,0,15,,27329,16,,,0,15,,27365,16,,,0,15,,27346,16,,,0,55,,27408,16,,,0,15,,27321,16,,,0,15,,27389,16,,,0,15,,27330,16,,,0,55,,27364,16,,,0,16,,27325,16,,,0,16,,27404,16,,,0,15,,27333,16,,,0,55,,27387,16,,,0,15,,27328,16,,,0,15,,27361,16,,,0,15,,27340,16,,,0,55,,27405,16,,,0,15,,27331,16,,,0,15,,27383,16,,,0,15,,27336,16,,,0,55,,27359,16,,,0,15,,27339,16,,,0,15,,27414,16,,,0,15,,27326,16,,,0,55,,27384,16,,,0,15,,27338,16,,,0,15,,27357,16,,,0,15,,27342,16,,,0,55,,27409,16,,,0,15,,27323,16,,,0,15,,27390,16,,,0,15,,27324,16,,,0,55,,27355,16,,,0,15,,27341,16,,,0,15,,27401,16,,,0,15,,27322,16,,,0,55,,27380,16,,,0,14,,27337,16,,,0,15,,27354,16,,,0,15,,27343,16,,,0,55,,27400,16,,,0,15,,27334,16,,,0,15,,27381,16,,,0,15,,27335,16,,,0,55,,27352,16,,,0,15,,27344,16,,,0,14,,27415,16,,,0,15,,27332,16,,,0,55,,27379,16,,,0,29,,27349,16,,,0,70,,27411,16,,,0,30,,27374,16,,,0,70,,27347,16,,,0,29,,27416,16,,,0,25,,27418,16,,,0,65,,27417,16,,,0
