14019,'1838',645,,36775,9,,,0,100,,44957,9,,,0,101,,44947,9,,,0,100,,44948,9,,,0,100,,44949,9,,,0,100,,44950,9,,,0,100,,44951,9,,,0,101,,44952,9,,,0,100,,44953,9,,,0,100,,44954,9,,,0,99,,44955,9,,,0,100,,36773,9,,,0,100,,44956,9,,,0,99,,42531,9,,,0,95,,36762,9,,,0
14019,'1865',520,,36840,9,,,0,100,,36839,9,,,0,80,,36810,9,,,0,30,,36823,9,,,0,28,,36811,9,,,0,63,,36824,9,,,0,30,,36812,9,,,0,70,,36825,9,,,0,30,,44958,9,,,0,70,,42540,9,,,0,30,,42539,9,,,0,70,,42541,9,,,0,30,,36815,9,,,0,70,,36828,9,,,0,30,,36816,9,,,0,70,,44964,9,,,0,30,,44959,9,,,0,70,,42542,9,,,0,30,,44960,9,,,0,71,,42543,9,,,0,80,,44961,9,,,0,30,,36832,9,,,0,70,,44962,9,,,0,30,,44965,9,,,0,70,,36821,9,,,0,19,,42544,9,,,0,30,,44963,9,,,0,70,,44966,9,,,0,30,,44968,9,,,0,69,,44967,9,,,0,92,,36837,9,,,0,100,,36838,9,,,0
14019,'1866',645,,44969,9,,,0,100,,44970,9,,,0,101,,36844,9,,,0,100,,44971,9,,,0,100,,44972,9,,,0,100,,44973,9,,,0,100,,36848,9,,,0,101,,44974,9,,,0,100,,36850,9,,,0,100,,36851,9,,,0,99,,44975,9,,,0,100,,44976,9,,,0,100,,44977,9,,,0,99,,44978,9,,,0,100,,44979,9,,,0,95,,36857,9,,,0,100,,42545,9,,,0
14019,'1867',645,,36872,9,,,0,100,,44990,9,,,0,101,,44980,9,,,0,100,,44981,9,,,0,100,,44982,9,,,0,100,,44983,9,,,0,100,,44984,9,,,0,101,,44985,9,,,0,100,,44986,9,,,0,100,,44987,9,,,0,99,,44988,9,,,0,100,,36870,9,,,0,100,,44989,9,,,0,99,,42546,9,,,0,95,,36859,9,,,0
14019,'1873',846,,30179,9,,,0,400,,30183,9,,,0,201,,30185,9,,,0,100,,30186,9,,,0,593,,30192,9,,,0,100,,42560,9,,,0
14019,'1878',645,,30207,9,,,0,1101,,30205,9,,,0,199,,42561,9,,,0,95,,30194,9,,,0
14019,'1881',951,,30244,9,,,0,370,,36803,9,,,0,30,,36796,9,,,0,100,,36797,9,,,0,151,,36798,9,,,0,100,,36799,9,,,0,30,,36806,9,,,0,119,,36800,9,,,0,70,,30266,9,,,0,30,,36809,9,,,0,69,,36808,9,,,0
14019,'1882',520,,30271,9,,,0,100,,30270,9,,,0,80,,30241,9,,,0,30,,30254,9,,,0,28,,30242,9,,,0,63,,30255,9,,,0,30,,30243,9,,,0,70,,30256,9,,,0,100,,42555,9,,,0,30,,42554,9,,,0,70,,42556,9,,,0,30,,30246,9,,,0,70,,30259,9,,,0,30,,30247,9,,,0,170,,42557,9,,,0,101,,42558,9,,,0,110,,30263,9,,,0,170,,30252,9,,,0,19,,42559,9,,,0,291,,30268,9,,,0,100,,30269,9,,,0
14019,'1886',951,,44991,9,,,0,370,,44997,9,,,0,30,,44992,9,,,0,100,,44993,9,,,0,151,,44994,9,,,0,100,,44995,9,,,0,30,,44998,9,,,0,119,,44996,9,,,0,70,,44999,9,,,0,30,,45001,9,,,0,69,,45000,9,,,0
14019,'1887',645,,45002,9,,,0,100,,45003,9,,,0,201,,45004,9,,,0,100,,45005,9,,,0,100,,45006,9,,,0,201,,45007,9,,,0,299,,45008,9,,,0,100,,45009,9,,,0,100,,45010,9,,,0,99,,45011,9,,,0,100,,45012,9,,,0
14019,'1888',745,,45023,9,,,0,101,,45013,9,,,0,100,,45014,9,,,0,100,,45015,9,,,0,100,,45016,9,,,0,100,,45017,9,,,0,101,,45018,9,,,0,100,,45019,9,,,0,100,,45020,9,,,0,99,,45021,9,,,0,200,,45022,9,,,0
