11019,'1838',853,,44732,7,,,0,101,,44733,7,,,0,103,,44734,7,,,0,100,,44735,7,,,0,100,,44736,7,,,0,100,,44737,7,,,0,100,,44738,7,,,0,100,,44739,7,,,0,100,,44740,7,,,0,97,,44741,7,,,0,100,,36461,7,,,0,99,,44742,7,,,0,95,,42456,7,0,5 2 8 7,0
11019,'1865',654,,36492,7,,,0,101,,36493,7,,,0,99,,44743,7,,,0,100,,44744,7,,,0,100,,44745,7,,,0,100,,44746,7,,,0,101,,44747,7,,,0,100,,44748,7,,,0,100,,44749,7,,,0,100,,42458,7,,,0,100,,44750,7,,,0,100,,44751,7,,,0,98,,44752,7,,,0,100,,36505,7,,,0,100,,44753,7,,,0,95,,44754,7,0,5 2 8 7,0
11019,'1866',653,,44757,7,,,0,100,,44758,7,,,0,100,,44759,7,,,0,101,,44760,7,,,0,100,,44761,7,,,0,103,,44762,7,,,0,100,,44763,7,,,0,100,,36517,7,,,0,100,,44764,7,,,0,100,,36519,7,,,0,100,,36520,7,,,0,97,,44765,7,,,0,100,,44755,7,,,0,99,,44756,7,,,0,100,,44766,7,0,5 2 8 7,0
11019,'1867',853,,44767,7,,,0,101,,44768,7,,,0,103,,44769,7,,,0,100,,44770,7,,,0,100,,44771,7,,,0,100,,44772,7,,,0,100,,44773,7,,,0,100,,44774,7,,,0,100,,44775,7,,,0,97,,44776,7,,,0,100,,36533,7,,,0,99,,44777,7,,,0,95,,42467,7,0,5 2 8 7,0
11019,'1873',1357,,29875,7,,,0,200,,29877,7,,,0,100,,29878,7,,,0
11019,'1878',1854,,29891,7,,,0,194,,42478,7,0,5 2 8 7,0
11019,'1881',854,,29912,7,,,0,100,,42468,7,,,0,100,,29914,7,,,0,100,,36483,7,,,0,101,,36484,7,,,0,100,,36485,7,,,0,100,,36486,7,,,0,200,,36488,7,,,0,100,,36489,7,,,0,98,,36490,7,,,0,200,,42470,7,,,0,95,,29925,7,0,5 2 8 7,0
11019,'1882',654,,29910,7,,,0,101,,29911,7,,,0,800,,42469,7,,,0,398,,29923,7,,,0
11019,'1886',854,,44778,7,,,0,100,,44779,7,,,0,100,,44780,7,,,0,100,,44781,7,,,0,101,,44782,7,,,0,100,,44783,7,,,0,100,,44784,7,,,0,200,,44785,7,,,0,100,,44786,7,,,0,98,,44787,7,,,0,200,,44788,7,,,0,95,,44789,7,0,5 2 8 7,0
11019,'1887',653,,44792,7,,,0,100,,44793,7,,,0,100,,44794,7,,,0,101,,44795,7,,,0,100,,44796,7,,,0,103,,44797,7,,,0,100,,44798,7,,,0,200,,44799,7,,,0,297,,44800,7,,,0,100,,44790,7,,,0,99,,44791,7,,,0,100,,44801,7,0,5 2 8 7,0
11019,'1888',853,,44802,7,,,0,101,,44803,7,,,0,103,,44804,7,,,0,100,,44805,7,,,0,100,,44806,7,,,0,100,,44807,7,,,0,100,,44808,7,,,0,100,,44809,7,,,0,100,,44810,7,,,0,97,,44811,7,,,0,199,,44812,7,,,0
