2019,'1800',708,,19560,35,,,0,30,,19537,35,,,0,70,,19541,35,,,0,30,,19553,35,,,0,71,,19548,35,,,0,30,,19538,35,,,0,70,,19542,35,,,0,30,,19554,35,,,0,70,,19549,35,,,0,30,,19539,35,,,0,70,,19543,35,,,0,30,,19555,35,,,0,70,,19550,35,,,0,30,,19540,35,,,0,70,,19544,35,,,0,30,,19556,35,,,0,70,,19551,35,,,0,30,,19535,35,,,0,70,,19545,35,,,0,30,,19557,35,,,0,70,,19552,35,,,0,30,,19533,35,,,0,70,,19546,35,,,0,30,,19558,35,,,0,100,,19534,35,,,0,99,,19559,35,,,0,100,,19536,35,,,0,100,,19547,35,,,0,99,,19561,35,,,0
2019,'1838',708,,19531,35,,,0,30,,19508,35,,,0,70,,19512,35,,,0,30,,19524,35,,,0,71,,19519,35,,,0,30,,19509,35,,,0,70,,19513,35,,,0,30,,19525,35,,,0,70,,19520,35,,,0,30,,19510,35,,,0,70,,19514,35,,,0,30,,19526,35,,,0,70,,19521,35,,,0,30,,19511,35,,,0,70,,19515,35,,,0,30,,19527,35,,,0,70,,19522,35,,,0,30,,19506,35,,,0,70,,19516,35,,,0,30,,19528,35,,,0,70,,19523,35,,,0,30,,19504,35,,,0,70,,19517,35,,,0,30,,19529,35,,,0,100,,19505,35,,,0,99,,19530,35,,,0,100,,19507,35,,,0,100,,19518,35,,,0,99,,19532,35,,,0
2019,'1841',503,,24965,26,0,5 2 13 14,0
2019,'1843',639,,19412,35,,,0,70,,19413,35,,,0,30,,19414,35,,,0,70,,19415,35,,,0,31,,19416,35,,,0,69,,19417,35,,,0,30,,19418,35,,,0,70,,19419,35,,,0,30,,19420,35,,,0,70,,19421,35,,,0,30,,19422,35,,,0,70,,19423,35,,,0,30,,19424,35,,,0,70,,19425,35,,,0,30,,19426,35,,,0,70,,19427,35,,,0,31,,19428,35,,,0,70,,19429,35,,,0,30,,19430,35,,,0,71,,19431,35,,,0,30,,19432,35,,,0,68,,19433,35,,,0,30,,19434,35,,,0,70,,19435,35,,,0,30,,19436,35,,,0,70,,19442,35,,,0,30,,19437,35,,,0,100,,19438,35,,,0,100,,19439,35,,,0,100,,19440,35,,,0,101,,19441,35,,,0
2019,'1845',638,,19444,26,,,0,70,,19451,35,,,0,30,,19460,35,,,0,71,,19467,35,,,0,30,,19445,35,,,0,70,,19452,35,,,0,30,,19461,35,,,0,70,,19468,35,,,0,30,,19446,35,,,0,70,,19453,35,,,0,30,,19462,35,,,0,70,,19469,35,,,0,30,,19447,35,,,0,70,,19454,35,,,0,30,,19463,35,,,0,70,,19470,35,,,0,30,,19448,35,,,0,70,,19455,35,,,0,30,,19464,35,,,0,70,,19471,35,,,0,30,,19449,35,,,0,70,,19456,35,,,0,30,,19465,35,,,0,70,,19472,35,,,0,30,,19450,35,,,0,70,,19457,35,,,0,30,,19466,35,,,0,99,,19458,35,,,0,100,,19473,35,,,0,100,,19459,35,,,0,99,,19474,35,,,0
2019,'1847',708,,19502,35,,,0,30,,19479,35,,,0,70,,19483,35,,,0,30,,19495,35,,,0,71,,19490,35,,,0,30,,19480,35,,,0,70,,19484,35,,,0,30,,19496,35,,,0,70,,19491,35,,,0,30,,19481,35,,,0,70,,19485,35,,,0,30,,19497,35,,,0,70,,19492,35,,,0,30,,19482,35,,,0,70,,19486,35,,,0,30,,19498,35,,,0,70,,19493,35,,,0,30,,19477,35,,,0,70,,19487,35,,,0,30,,19499,35,,,0,70,,19494,35,,,0,30,,19475,35,,,0,70,,19488,35,,,0,30,,19500,35,,,0,100,,19476,35,,,0,99,,19501,35,,,0,100,,19478,35,,,0,100,,19489,35,,,0,99,,19503,35,,,0
2019,'1850',503,,28647,26,0,5 2 13 14,0,136,,28616,35,,,0,70,,28617,35,,,0,30,,28618,35,,,0,70,,28619,35,,,0,31,,28620,35,,,0,69,,28621,35,,,0,30,,28622,35,,,0,70,,28623,35,,,0,30,,28624,35,,,0,70,,28625,35,,,0,30,,28626,35,,,0,70,,28627,35,,,0,30,,28628,35,,,0,70,,28629,35,,,0,30,,28630,35,,,0,70,,28631,35,,,0,31,,28632,35,,,0,70,,28633,35,,,0,30,,28634,35,,,0,71,,28635,35,,,0,30,,28636,35,,,0,68,,28637,35,,,0,30,,28638,35,,,0,70,,28639,35,,,0,30,,28640,35,,,0,70,,28646,35,,,0,30,,28641,35,,,0,100,,28642,35,,,0,100,,28643,35,,,0,100,,28644,35,,,0,101,,28645,35,,,0
2019,'1852',503,,28648,26,0,5 2 13 14,0
702019,'1800',651,,33686,5,,,0,71,,33675,5,,,0,30,,33697,5,,,0,70,,33682,5,,,0,30,,33674,5,,,0,70,,33696,5,,,0,30,,33685,5,,,0,70,,33673,5,,,0,30,,33691,5,,,0,70,,33681,5,,,0,30,,33672,5,,,0,70,,33687,5,,,0,30,,33676,5,,,0,70,,33671,5,,,0,30,,33695,5,,,0,70,,33680,5,,,0,30,,33670,5,,,0,70,,33692,5,,,0,30,,33684,5,,,0,70,,33669,5,,,0,30,,33690,5,,,0,70,,33679,5,,,0,30,,33668,5,,,0,70,,33689,5,,,0,30,,33678,5,,,0,70,,33667,5,,,0,30,,33694,5,,,0,70,,33677,5,,,0,30,,33666,5,,,0,69,,33693,5,,,0,30,,33683,5,,,0,70,,33665,5,,,0,30,,33688,5,,,0,65,,33698,5,,,0,25,,33699,5,,,0
702019,'1838',651,,33721,5,,,0,71,,33710,5,,,0,30,,33732,5,,,0,70,,33717,5,,,0,30,,33709,5,,,0,70,,33731,5,,,0,30,,33720,5,,,0,70,,33708,5,,,0,30,,33726,5,,,0,70,,33716,5,,,0,30,,33707,5,,,0,70,,33722,5,,,0,30,,33711,5,,,0,70,,33706,5,,,0,30,,33730,5,,,0,70,,33715,5,,,0,30,,33705,5,,,0,70,,33727,5,,,0,30,,33719,5,,,0,70,,33704,5,,,0,30,,33725,5,,,0,70,,33714,5,,,0,30,,33703,5,,,0,70,,33724,5,,,0,30,,33713,5,,,0,70,,33702,5,,,0,30,,33729,5,,,0,70,,33712,5,,,0,30,,33701,5,,,0,69,,33728,5,,,0,30,,33718,5,,,0,70,,33700,5,,,0,30,,33723,5,,,0,65,,33733,5,,,0,25,,33734,5,,,0
702019,'1841',636,,27455,5,,,0,65,,27456,5,,,0,24,,27490,5,,,0,22,,27457,5,,,0,55,,27458,5,,,0,23,,27459,5,,,0,17,,27491,5,,,0,12,,27489,5,,,0,68,,27460,5,,,0,30,,27461,5,,,0,70,,27462,5,,,0,30,,27495,5,,,0,70,,27463,5,,,0,30,,27464,5,,,0,70,,27465,5,,,0,30,,27466,5,,,0,70,,27467,5,,,0,30,,27468,5,,,0,70,,27469,5,,,0,32,,27470,5,,,0,65,,27492,5,,,0,20,,27471,5,,,0,20,,27472,5,,,0,60,,27473,5,,,0,20,,27474,5,,,0,19,,27493,5,,,0,60,,27475,5,,,0,20,,27476,5,,,0,19,,27477,5,,,0,65,,27478,5,,,0,30,,27479,5,,,0,70,,27480,5,,,0,30,,27481,5,,,0,70,,27482,5,,,0,30,,27483,5,,,0,70,,27484,5,,,0,30,,27485,5,,,0,69,,27486,5,,,0,30,,27487,5,,,0,65,,27488,5,,,0,25,,27494,5,,,0
702019,'1848',651,,33762,5,,,0,71,,33764,5,,,0,30,,33767,5,,,0,70,,33761,5,,,0,30,,33763,5,,,0,70,,33765,5,,,0,30,,33768,5,,,0,70,,33766,5,,,0,30,,33741,5,,,0,70,,33748,5,,,0,30,,33755,5,,,0,70,,33735,5,,,0,30,,33742,5,,,0,70,,33749,5,,,0,30,,33756,5,,,0,70,,33736,5,,,0,30,,33743,5,,,0,70,,33750,5,,,0,30,,33757,5,,,0,70,,33737,5,,,0,30,,33744,5,,,0,70,,33751,5,,,0,30,,33758,5,,,0,70,,33738,5,,,0,30,,33745,5,,,0,70,,33752,5,,,0,30,,33759,5,,,0,70,,33739,5,,,0,30,,33746,5,,,0,69,,33753,5,,,0,30,,33760,5,,,0,70,,33740,5,,,0,30,,33747,5,,,0,65,,33754,5,,,0,25,,33769,5,,,0
702019,'1849',651,,33791,5,,,0,71,,33780,5,,,0,30,,33802,5,,,0,70,,33787,5,,,0,30,,33779,5,,,0,70,,33801,5,,,0,30,,33790,5,,,0,70,,33778,5,,,0,30,,33796,5,,,0,70,,33786,5,,,0,30,,33777,5,,,0,70,,33792,5,,,0,30,,33781,5,,,0,70,,33776,5,,,0,30,,33800,5,,,0,70,,33785,5,,,0,30,,33775,5,,,0,70,,33797,5,,,0,30,,33789,5,,,0,70,,33774,5,,,0,30,,33795,5,,,0,70,,33784,5,,,0,30,,33773,5,,,0,70,,33794,5,,,0,30,,33783,5,,,0,70,,33772,5,,,0,30,,33799,5,,,0,70,,33782,5,,,0,30,,33771,5,,,0,69,,33798,5,,,0,30,,33788,5,,,0,70,,33770,5,,,0,30,,33793,5,,,0,65,,33803,5,,,0,25,,33804,5,,,0
702019,'1850',636,,33805,5,,,0,65,,33806,5,,,0,24,,33840,5,,,0,22,,33807,5,,,0,55,,33808,5,,,0,23,,33809,5,,,0,17,,33841,5,,,0,12,,33839,5,,,0,68,,33810,5,,,0,30,,33811,5,,,0,70,,33812,5,,,0,30,,33845,5,,,0,70,,33813,5,,,0,30,,33814,5,,,0,70,,33815,5,,,0,30,,33816,5,,,0,70,,33817,5,,,0,30,,33818,5,,,0,70,,33819,5,,,0,32,,33820,5,,,0,65,,33842,5,,,0,20,,33821,5,,,0,20,,33822,5,,,0,60,,33823,5,,,0,20,,33824,5,,,0,19,,33843,5,,,0,60,,33825,5,,,0,20,,33826,5,,,0,19,,33827,5,,,0,65,,33828,5,,,0,30,,33829,5,,,0,70,,33830,5,,,0,30,,33831,5,,,0,70,,33832,5,,,0,30,,33833,5,,,0,70,,33834,5,,,0,30,,33835,5,,,0,69,,33836,5,,,0,30,,33837,5,,,0,65,,33838,5,,,0,25,,33844,5,,,0
702019,'1852',636,,33846,5,,,0,65,,33847,5,,,0,24,,33881,5,,,0,22,,33848,5,,,0,55,,33849,5,,,0,23,,33850,5,,,0,17,,33882,5,,,0,12,,33880,5,,,0,68,,33851,5,,,0,30,,33852,5,,,0,70,,33853,5,,,0,30,,33886,5,,,0,70,,33854,5,,,0,30,,33855,5,,,0,70,,33856,5,,,0,30,,33857,5,,,0,70,,33858,5,,,0,30,,33859,5,,,0,70,,33860,5,,,0,32,,33861,5,,,0,65,,33883,5,,,0,20,,33862,5,,,0,20,,33863,5,,,0,60,,33864,5,,,0,20,,33865,5,,,0,19,,33884,5,,,0,60,,33866,5,,,0,20,,33867,5,,,0,19,,33868,5,,,0,65,,33869,5,,,0,30,,33870,5,,,0,70,,33871,5,,,0,30,,33872,5,,,0,70,,33873,5,,,0,30,,33874,5,,,0,70,,33875,5,,,0,30,,33876,5,,,0,69,,33877,5,,,0,30,,33878,5,,,0,65,,33879,5,,,0,25,,33885,5,,,0
14000001019,'1800',2431,,34757,42,,,0,70,,34756,42,,,0,30,,24911,42,,,0,70,,34758,42,,,0,30,,34755,42,,,0
14000001019,'1838',2431,,34761,42,,,0,70,,34760,42,,,0,30,,24906,42,,,0,70,,34762,42,,,0,30,,34759,42,,,0
14000001019,'1841',2431,,28276,42,,,0,70,,28274,42,,,0,100,,28275,42,,,0,30,,28273,42,,,0
14000001019,'1843',2531,,24893,42,,,0
14000001019,'1845',2531,,24899,42,,,0
14000001019,'1847',2531,,24901,42,,,0
14000001019,'1848',2431,,34766,42,,,0,70,,34763,42,,,0,100,,34765,42,,,0,30,,34764,42,,,0
14000001019,'1849',2431,,34769,42,,,0,70,,34768,42,,,0,100,,34770,42,,,0,30,,34767,42,,,0
14000001019,'1850',2431,,34775,42,,,0,70,,34772,42,,,0,30,,34773,42,,,0,70,,34774,42,,,0,30,,34771,42,,,0
14000001019,'1852',2431,,34779,42,,,0,70,,34777,42,,,0,100,,34778,42,,,0,30,,34776,42,,,0
