7019,'1800',730,,29303,2,,,0,101,,29304,2,,,0,100,,29313,2,,,0,100,,29305,2,,,0,100,,29306,2,,,0,100,,29307,2,,,0,100,,29308,2,,,0,101,,29309,2,,,0,100,,29310,2,,,0,99,,29311,2,,,0,100,,29299,2,,,0,99,,29300,2,,,0,100,,29298,2,,,0,100,,29302,2,,,0,100,,29301,2,,,0
7019,'1838',730,,35957,2,,,0,101,,35958,2,,,0,100,,35967,2,,,0,100,,35959,2,,,0,100,,35960,2,,,0,100,,35961,2,,,0,100,,35962,2,,,0,101,,35963,2,,,0,100,,35964,2,,,0,99,,35965,2,,,0,100,,35953,2,,,0,99,,35954,2,,,0,100,,35952,2,,,0,100,,35956,2,,,0,100,,35955,2,,,0
7019,'1850',528,,29438,2,,,0,103,,29439,2,,,0,70,,29440,2,,,0,32,,29448,2,,,0,70,,29441,2,,,0,32,,29449,2,,,0,68,,29442,2,,,0,30,,29450,2,,,0,70,,29443,2,,,0,30,,29451,2,,,0,70,,29444,2,,,0,30,,29452,2,,,0,70,,29445,2,,,0,30,,29453,2,,,0,70,,29446,2,,,0,30,,29454,2,,,0,71,,29447,2,,,0,30,,29467,2,,,0,73,,29468,2,,,0,28,,29469,2,,,0,70,,29470,2,,,0,30,,29455,2,,,0,68,,29457,2,,,0,30,,29456,2,,,0,70,,29459,2,,,0,28,,29460,2,,,0,70,,29461,2,,,0,30,,29462,2,,,0,70,,29463,2,,,0,30,,29464,2,,,0,100,,29465,2,,,0,99,,29466,2,,,0,100,,29458,2,,,0
7019,'1859',631,,29380,2,,,0,69,,29373,2,,,0,30,,29381,2,,,0,70,,29374,2,,,0,31,,29382,2,,,0,100,,29383,2,,,0,100,,29384,2,,,0,100,,29385,2,,,0,70,,29378,2,,,0,30,,29386,2,,,0,100,,29387,2,,,0,70,,29392,2,,,0,31,,29388,2,,,0,70,,29394,2,,,0,30,,29389,2,,,0,99,,29390,2,,,0,100,,29391,2,,,0,99,,29368,2,,,0,100,,29369,2,,,0,70,,29397,2,,,0,30,,29370,2,,,0,100,,29371,2,,,0,100,,29372,2,,,0
7019,'1861',730,,29407,2,,,0,101,,29408,2,,,0,100,,29417,2,,,0,100,,29409,2,,,0,100,,29410,2,,,0,100,,29411,2,,,0,100,,29412,2,,,0,101,,29413,2,,,0,100,,29414,2,,,0,99,,29415,2,,,0,100,,29403,2,,,0,99,,29404,2,,,0,100,,29402,2,,,0,100,,29406,2,,,0,100,,29405,2,,,0
7019,'1862',901,,35987,2,,,0,100,,35988,2,,,0,100,,35989,2,,,0,200,,35990,2,,,0,301,,35991,2,,,0,99,,35992,2,,,0,100,,35994,2,,,0,99,,35993,2,,,0
7019,'1864',528,,36014,2,,,0,103,,36015,2,,,0,70,,29478,2,,,0,32,,29486,2,,,0,70,,29479,2,,,0,32,,29487,2,,,0,68,,36016,2,,,0,30,,36020,2,,,0,70,,36017,2,,,0,30,,36021,2,,,0,70,,29482,2,,,0,30,,29490,2,,,0,70,,29483,2,,,0,30,,36022,2,,,0,70,,36018,2,,,0,30,,36023,2,,,0,71,,36019,2,,,0,30,,36030,2,,,0,73,,36031,2,,,0,28,,29507,2,,,0,70,,36032,2,,,0,30,,36024,2,,,0,68,,36026,2,,,0,30,,36025,2,,,0,70,,36028,2,,,0,28,,29498,2,,,0,70,,29499,2,,,0,30,,36029,2,,,0,70,,29501,2,,,0,30,,29502,2,,,0,100,,29503,2,,,0,99,,29504,2,,,0,100,,36027,2,,,0
7019,'1865',528,,36037,2,,,0,103,,36038,2,,,0,70,,36039,2,,,0,32,,36047,2,,,0,70,,36040,2,,,0,32,,36048,2,,,0,68,,36041,2,,,0,30,,36049,2,,,0,70,,36042,2,,,0,30,,36050,2,,,0,70,,36043,2,,,0,30,,36051,2,,,0,70,,36044,2,,,0,30,,36052,2,,,0,70,,36045,2,,,0,30,,36053,2,,,0,71,,36046,2,,,0,30,,36066,2,,,0,73,,36067,2,,,0,28,,36068,2,,,0,70,,36069,2,,,0,30,,36054,2,,,0,68,,36056,2,,,0,30,,36055,2,,,0,70,,36058,2,,,0,28,,36059,2,,,0,70,,36060,2,,,0,30,,36061,2,,,0,70,,36062,2,,,0,30,,36063,2,,,0,100,,36064,2,,,0,99,,36065,2,,,0,100,,36057,2,,,0
7019,'1866',631,,36086,2,,,0,69,,36079,2,,,0,30,,36087,2,,,0,70,,36080,2,,,0,31,,36088,2,,,0,70,,36081,2,,,0,30,,36089,2,,,0,70,,36082,2,,,0,30,,36090,2,,,0,70,,36083,2,,,0,30,,36091,2,,,0,70,,36084,2,,,0,30,,36092,2,,,0,70,,36085,2,,,0,30,,36093,2,,,0,70,,36098,2,,,0,31,,36094,2,,,0,70,,36100,2,,,0,30,,36095,2,,,0,70,,36099,2,,,0,29,,36096,2,,,0,70,,36101,2,,,0,30,,36097,2,,,0,70,,36104,2,,,0,29,,36074,2,,,0,70,,36102,2,,,0,30,,36075,2,,,0,70,,36103,2,,,0,30,,36076,2,,,0,100,,36077,2,,,0,100,,36078,2,,,0
7019,'1867',730,,36113,2,,,0,101,,36114,2,,,0,100,,36123,2,,,0,100,,36115,2,,,0,100,,36116,2,,,0,100,,36117,2,,,0,100,,36118,2,,,0,101,,36119,2,,,0,100,,36120,2,,,0,99,,36121,2,,,0,100,,36109,2,,,0,99,,36110,2,,,0,100,,36108,2,,,0,100,,36112,2,,,0,100,,36111,2,,,0
