12029,'1843',641,,20803,2,,,0,70,,20804,2,,,0,30,,20805,2,,,0,70,,20806,2,,,0,30,,20807,2,,,0,602,,20808,2,,,0,70,,20809,2,,,0,30,,20810,2,,,0,70,,20811,2,,,0,30,,20812,2,,,0,70,,20813,2,,,0,30,,20814,2,,,0,70,,20815,2,,,0
12029,'1850',641,,30025,2,,,0,70,,30026,2,,,0,30,,30027,2,,,0,70,,30028,2,,,0,30,,30029,2,,,0,602,,30030,2,,,0,70,,30031,2,,,0,30,,30032,2,,,0,70,,30033,2,,,0,30,,30034,2,,,0,70,,30035,2,,,0,30,,30036,2,,,0,70,,30037,2,,,0
31019,'1800',606,,31431,14,,,0,50,,31414,26,,,0,100,,31415,26,,,0,101,,31416,26,,,0,100,,31417,26,,,0,100,,31418,26,,,0,101,,31419,26,,,0,100,,31420,26,,,0,100,,31421,26,,,0,100,,31422,26,,,0,100,,31423,26,,,0,100,,31424,26,,,0,100,,31425,26,,,0,100,,31426,26,,,0,100,,31427,26,,,0,99,,31428,26,,,0,99,,31429,26,,,0,100,,31430,26,,,0
31019,'1838',606,,31450,14,,,0,50,,31433,26,,,0,100,,31434,26,,,0,101,,31435,26,,,0,100,,31436,26,,,0,100,,31437,26,,,0,101,,31438,26,,,0,100,,31439,26,,,0,100,,31440,26,,,0,100,,31441,26,,,0,100,,31442,26,,,0,100,,31443,26,,,0,100,,31444,26,,,0,100,,31445,26,,,0,100,,31446,26,,,0,99,,31447,26,,,0,99,,31448,26,,,0,100,,31449,26,,,0
31019,'1841',606,,26293,14,,,0,26,,21937,14,,,0,25,,21907,26,,,0,73,,26290,26,,,0,29,,21935,26,,,0,70,,21918,26,,,0,30,,21915,26,,,0,69,,21929,26,,,0,30,,21910,26,,,0,72,,21923,26,,,0,28,,21934,26,,,0,70,,21921,26,,,0,30,,26289,26,,,0,70,,21928,26,,,0,30,,21909,26,,,0,70,,26291,26,,,0,30,,26292,26,,,0,70,,21919,26,,,0,30,,21913,26,,,0,71,,21927,26,,,0,30,,21911,26,,,0,70,,21925,26,,,0,30,,21932,26,,,0,69,,21920,26,,,0,30,,21914,26,,,0,70,,21926,26,,,0,30,,26287,26,,,0,70,,26294,26,,,0,30,,21931,26,,,0,100,,21917,26,,,0,99,,26288,26,,,0,100,,21930,26,,,0
31019,'1848',606,,31487,14,,,0,26,,31480,14,,,0,24,,31457,26,,,0,70,,31473,26,,,0,30,,31486,26,,,0,71,,31469,26,,,0,30,,31463,26,,,0,70,,31479,26,,,0,30,,31456,26,,,0,70,,31472,26,,,0,30,,31481,26,,,0,71,,31468,26,,,0,30,,31462,26,,,0,70,,31478,26,,,0,30,,31455,26,,,0,70,,31471,26,,,0,30,,31484,26,,,0,70,,31467,26,,,0,30,,31461,26,,,0,70,,31477,26,,,0,30,,31454,26,,,0,70,,31470,26,,,0,30,,31483,26,,,0,70,,31466,26,,,0,30,,31460,26,,,0,70,,31476,26,,,0,30,,31453,26,,,0,70,,31488,26,,,0,30,,31482,26,,,0,99,,31459,26,,,0,99,,31452,26,,,0,100,,31485,26,,,0
31019,'1849',606,,31506,14,,,0,50,,31489,26,,,0,100,,31490,26,,,0,101,,31491,26,,,0,100,,31492,26,,,0,100,,31493,26,,,0,101,,31494,26,,,0,100,,31495,26,,,0,100,,31496,26,,,0,100,,31497,26,,,0,100,,31498,26,,,0,100,,31499,26,,,0,100,,31500,26,,,0,100,,31501,26,,,0,100,,31502,26,,,0,99,,31503,26,,,0,99,,31504,26,,,0,100,,31505,26,,,0
31019,'1850',606,,31543,14,,,0,26,,31538,14,,,0,25,,31508,26,,,0,73,,31523,26,,,0,29,,31536,26,,,0,70,,31519,26,,,0,30,,31516,26,,,0,69,,31530,26,,,0,30,,31511,26,,,0,72,,31524,26,,,0,28,,31535,26,,,0,70,,31522,26,,,0,30,,31517,26,,,0,70,,31529,26,,,0,30,,31510,26,,,0,70,,31525,26,,,0,30,,31534,26,,,0,70,,31520,26,,,0,30,,31514,26,,,0,71,,31528,26,,,0,30,,31512,26,,,0,70,,31526,26,,,0,30,,31533,26,,,0,69,,31521,26,,,0,30,,31515,26,,,0,70,,31527,26,,,0,30,,31509,26,,,0,70,,31544,26,,,0,30,,31532,26,,,0,100,,31518,26,,,0,99,,31513,26,,,0,100,,31531,26,,,0
31019,'1852',606,,31580,14,,,0,26,,31575,14,,,0,25,,31545,26,,,0,73,,31560,26,,,0,29,,31573,26,,,0,70,,31556,26,,,0,30,,31553,26,,,0,69,,31567,26,,,0,30,,31548,26,,,0,72,,31561,26,,,0,28,,31572,26,,,0,70,,31559,26,,,0,30,,31554,26,,,0,70,,31566,26,,,0,30,,31547,26,,,0,70,,31562,26,,,0,30,,31571,26,,,0,70,,31557,26,,,0,30,,31551,26,,,0,71,,31565,26,,,0,30,,31549,26,,,0,70,,31563,26,,,0,30,,31570,26,,,0,69,,31558,26,,,0,30,,31552,26,,,0,70,,31564,26,,,0,30,,31546,26,,,0,70,,31581,26,,,0,30,,31569,26,,,0,100,,31555,26,,,0,99,,31550,26,,,0,100,,31568,26,,,0
602019,'1800',2216,,23484,3,,,0,30,,23483,3,,,0,70,,23482,3,,,0
602019,'1838',621,,23475,2,,,0,25,,23472,3,,,0,70,,23457,3,,,0,30,,23461,3,,,0,70,,23476,3,,,0,30,,23452,3,,,0,70,,23448,3,,,0,30,,23471,3,,,0,70,,23468,3,,,0,30,,23462,3,,,0,70,,23470,3,,,0,30,,23480,3,,,0,70,,23469,3,,,0,30,,23449,3,,,0,70,,23478,3,,,0,30,,23479,3,,,0,70,,23447,3,,,0,30,,23473,3,,,0,70,,23456,3,,,0,30,,23458,3,,,0,70,,23481,3,,,0,30,,23463,3,,,0,70,,23453,3,,,0,30,,23466,3,,,0,70,,23477,3,,,0,30,,23451,3,,,0,70,,23455,3,,,0,30,,23464,3,,,0,70,,23454,3,,,0,30,,23467,3,,,0,70,,23460,3,,,0,30,,23474,3,,,0,70,,23459,3,,,0,30,,23465,3,,,0,70,,23450,3,,,0
602019,'1841',636,,23371,3,0,19 2 11 2 24 1 25 26,0,73,,23383,3,0,19 2 11 2 24 1 25 26,0,15,,23370,3,0,19 2 11 2 24 1 25 26,0,15,,23373,3,0,19 2 11 2 24 1 25 26,0,70,,23378,3,0,19 2 11 2 24 1 25 26,0,15,,23397,3,0,19 2 11 2 24 1 25 26,0,15,,23374,3,0,19 2 11 2 24 1 25 26,0,78,,23403,3,,,0,100,,23408,3,,,0,100,,23402,3,,,0,100,,23407,3,,,0,100,,23404,3,,,0,100,,23405,3,,,0,105,,23389,3,0,19 2 11 2 24 1 25 26,0,100,,23392,3,0,19 2 11 2 24 1 25 26,0,100,,23391,3,0,19 2 11 2 24 1 25 26,0,100,,23386,3,,,0,99,,23393,3,,,0
602019,'1843',611,,23395,2,,,0,45,,23385,3,0,19 2 11 2 24 1 25 26,0,98,,23384,3,0,19 2 11 2 24 1 25 26,0,100,,23394,3,,,0,93,,23401,3,,,0,100,,23406,3,,,0,100,,23400,3,,,0,100,,23398,3,,,0,100,,23399,3,,,0,90,,23381,3,0,19 2 11 2 24 1 25 26,0,15,,23390,3,0,19 2 11 2 24 1 25 26,0,55,,23382,3,0,19 2 11 2 24 1 25 26,0,30,,23375,3,0,19 2 11 2 24 1 25 26,0,15,,23388,3,0,19 2 11 2 24 1 25 26,0,55,,23380,3,0,19 2 11 2 24 1 25 26,0,30,,23379,3,0,19 2 11 2 24 1 25 26,0,15,,23387,3,0,19 2 11 2 24 1 25 26,0,55,,23376,3,0,19 2 11 2 24 1 25 26,0,30,,23372,3,0,19 2 11 2 24 1 25 26,0,15,,23396,3,0,19 2 11 2 24 1 25 26,0,55,,23377,3,0,19 2 11 2 24 1 25 26,0,32,,23360,3,,,0,70,,23361,3,,,0,30,,23366,3,,,0,70,,23364,3,,,0,30,,23365,3,,,0,70,,23369,3,,,0,30,,23362,3,,,0,70,,23367,3,,,0,30,,23363,3,,,0,76,,23368,3,,,0
602019,'1845',621,,23443,2,,,0,25,,23425,3,,,0,70,,23442,3,,,0,30,,23424,3,,,0,70,,23441,3,,,0,30,,23423,3,,,0,70,,23440,3,,,0,30,,23422,3,,,0,70,,23439,3,,,0,30,,23421,3,,,0,70,,23438,3,,,0,30,,23419,3,,,0,70,,23437,3,,,0,30,,23420,3,,,0,70,,23435,3,,,0,30,,23418,3,,,0,70,,23436,3,,,0,30,,23411,3,,,0,70,,23434,3,,,0,30,,23412,3,,,0,70,,23433,3,,,0,30,,23410,3,,,0,70,,23432,3,,,0,30,,23413,3,,,0,70,,23431,3,,,0,30,,23416,3,,,0,70,,23429,3,,,0,30,,23417,3,,,0,70,,23430,3,,,0,30,,23415,3,,,0,70,,23427,3,,,0,30,,23414,3,,,0,70,,23428,3,,,0,30,,23409,3,,,0,70,,23426,3,,,0
602019,'1847',2216,,23446,3,,,0,30,,23445,3,,,0,70,,23444,3,,,0
602019,'1850',611,,33019,2,,,0,25,,32995,3,0,19 2 11 2 24 1 25 26,0,20,,33009,3,0,19 2 11 2 24 1 25 26,0,53,,33007,3,0,19 2 11 2 24 1 25 26,0,15,,32994,3,0,19 2 11 2 24 1 25 26,0,15,,32997,3,0,19 2 11 2 24 1 25 26,0,15,,33008,3,0,19 2 11 2 24 1 25 26,0,55,,33002,3,0,19 2 11 2 24 1 25 26,0,15,,33021,3,0,19 2 11 2 24 1 25 26,0,15,,32998,3,0,19 2 11 2 24 1 25 26,0,15,,33018,3,,,0,63,,33027,3,,,0,30,,33025,3,,,0,70,,33032,3,,,0,30,,33030,3,,,0,70,,33026,3,,,0,30,,33024,3,,,0,70,,33031,3,,,0,30,,33022,3,,,0,70,,33028,3,,,0,30,,33023,3,,,0,70,,33029,3,,,0,20,,33005,3,0,19 2 11 2 24 1 25 26,0,15,,33014,3,0,19 2 11 2 24 1 25 26,0,55,,33006,3,0,19 2 11 2 24 1 25 26,0,15,,33013,3,0,19 2 11 2 24 1 25 26,0,15,,32999,3,0,19 2 11 2 24 1 25 26,0,15,,33012,3,0,19 2 11 2 24 1 25 26,0,55,,33004,3,0,19 2 11 2 24 1 25 26,0,15,,33016,3,0,19 2 11 2 24 1 25 26,0,15,,33003,3,0,19 2 11 2 24 1 25 26,0,15,,33011,3,0,19 2 11 2 24 1 25 26,0,55,,33000,3,0,19 2 11 2 24 1 25 26,0,15,,33015,3,0,19 2 11 2 24 1 25 26,0,15,,32996,3,0,19 2 11 2 24 1 25 26,0,15,,33020,3,0,19 2 11 2 24 1 25 26,0,55,,33001,3,0,19 2 11 2 24 1 25 26,0,15,,33010,3,,,0,17,,32984,3,,,0,70,,32985,3,,,0,12,,33017,3,,,0,18,,32990,3,,,0,70,,32988,3,,,0,30,,32989,3,,,0,70,,32993,3,,,0,30,,32986,3,,,0,70,,32991,3,,,0,30,,32987,3,,,0,76,,32992,3,,,0
602019,'1852',636,,33034,3,0,19 2 11 2 24 1 25 26,0,73,,33038,3,0,19 2 11 2 24 1 25 26,0,15,,33033,3,0,19 2 11 2 24 1 25 26,0,15,,33035,3,0,19 2 11 2 24 1 25 26,0,70,,33037,3,0,19 2 11 2 24 1 25 26,0,15,,33044,3,0,19 2 11 2 24 1 25 26,0,15,,33036,3,0,19 2 11 2 24 1 25 26,0,78,,33046,3,,,0,100,,33050,3,,,0,100,,33045,3,,,0,100,,33049,3,,,0,100,,33047,3,,,0,100,,33048,3,,,0,105,,33040,3,0,19 2 11 2 24 1 25 26,0,100,,33042,3,0,19 2 11 2 24 1 25 26,0,100,,33041,3,0,19 2 11 2 24 1 25 26,0,100,,33039,3,,,0,99,,33043,3,,,0
