22029,'1800',812,,31273,11,,,0,100,,31274,11,,,0,100,,31275,11,,,0,100,,31276,11,,,0,100,,31277,11,,,0,101,,31278,11,,,0,100,,31279,11,,,0,100,,31280,11,,,0,100,,31281,11,,,0,99,,31282,11,,,0
22029,'1838',812,,31288,11,,,0,100,,31289,11,,,0,100,,31290,11,,,0,100,,31291,11,,,0,100,,31292,11,,,0,101,,31293,11,,,0,100,,31294,11,,,0,100,,31295,11,,,0,100,,31296,11,,,0,99,,31297,11,,,0
22029,'1841',923,,21795,11,,,0,27,,21796,11,,,0,70,,21801,11,,,0,30,,26255,11,,,0,70,,21802,11,,,0,30,,21798,11,,,0,70,,26254,11,,,0,30,,26256,11,,,0,70,,21800,11,,,0,31,,21803,11,,,0,70,,21804,11,,,0,30,,21805,11,,,0,70,,21806,11,,,0,32,,21807,11,,,0,70,,21808,11,,,0,30,,21809,11,,,0,68,,21810,11,,,0,30,,26257,11,,,0,70,,26258,11,,,0,27,,26259,11,,,0,70,,26260,11,,,0,30,,21815,11,,,0,65,,21816,11,,,0,30,,26261,11,,,0,69,,26262,11,,,0
22029,'1848',842,,31303,11,,,0,70,,31304,11,,,0,30,,31305,11,,,0,70,,31306,11,,,0,30,,31307,11,,,0,70,,31308,11,,,0,30,,31309,11,,,0,70,,31310,11,,,0,31,,31311,11,,,0,70,,31312,11,,,0,31,,31313,11,,,0,69,,31314,11,,,0,31,,31315,11,,,0,70,,31316,11,,,0,30,,31317,11,,,0,70,,31318,11,,,0,29,,31319,11,,,0,69,,31320,11,,,0
22029,'1849',812,,31335,11,,,0,100,,31336,11,,,0,100,,31337,11,,,0,100,,31338,11,,,0,100,,31339,11,,,0,101,,31340,11,,,0,100,,31341,11,,,0,100,,31342,11,,,0,100,,31343,11,,,0,99,,31344,11,,,0
22029,'1850',923,,31356,11,,,0,27,,31357,11,,,0,70,,31362,11,,,0,30,,31358,11,,,0,70,,31363,11,,,0,30,,31359,11,,,0,70,,31350,11,,,0,30,,31360,11,,,0,70,,31361,11,,,0,31,,31364,11,,,0,70,,31365,11,,,0,30,,31366,11,,,0,70,,31367,11,,,0,32,,31368,11,,,0,70,,31369,11,,,0,30,,31370,11,,,0,68,,31371,11,,,0,30,,31372,11,,,0,70,,31373,11,,,0,27,,31374,11,,,0,70,,31375,11,,,0,30,,31376,11,,,0,65,,31377,11,,,0,30,,31378,11,,,0,69,,31379,11,,,0
22029,'1852',923,,31389,11,,,0,27,,31390,11,,,0,70,,31395,11,,,0,30,,31391,11,,,0,70,,31396,11,,,0,30,,31392,11,,,0,70,,31383,11,,,0,30,,31393,11,,,0,70,,31394,11,,,0,31,,31397,11,,,0,70,,31398,11,,,0,30,,31399,11,,,0,70,,31400,11,,,0,32,,31401,11,,,0,70,,31402,11,,,0,30,,31403,11,,,0,68,,31404,11,,,0,30,,31405,11,,,0,70,,31406,11,,,0,27,,31407,11,,,0,70,,31408,11,,,0,30,,31409,11,,,0,65,,31410,11,,,0,30,,31411,11,,,0,69,,31412,11,,,0
802019,'1800',838,,34444,7,,,0,71,,34456,7,,,0,30,,34457,7,,,0,70,,34445,7,,,0,30,,34450,7,,,0,70,,34454,7,,,0,30,,34461,7,,,0,70,,34465,7,,,0,30,,34453,7,,,0,70,,34455,7,,,0,30,,34466,7,,,0,70,,34460,7,,,0,30,,34449,7,,,0,70,,34464,7,,,0,30,,34459,7,,,0,70,,34447,7,,,0,30,,34463,7,,,0,70,,34443,7,,,0,30,,34462,7,,,0,70,,34469,7,,,0,30,,34458,7,,,0,70,,34448,7,,,0,30,,34467,7,,,0,70,,34451,7,,,0,30,,34446,7,,,0,70,,34468,7,,,0,30,,34452,7,,,0
802019,'1838',838,,34471,7,,,0,71,,34483,7,,,0,30,,34484,7,,,0,70,,34472,7,,,0,30,,34477,7,,,0,70,,34481,7,,,0,30,,34488,7,,,0,70,,34492,7,,,0,30,,34480,7,,,0,70,,34482,7,,,0,30,,34493,7,,,0,70,,34487,7,,,0,30,,34476,7,,,0,70,,34491,7,,,0,30,,34486,7,,,0,70,,34474,7,,,0,30,,34490,7,,,0,70,,34470,7,,,0,30,,34489,7,,,0,70,,34496,7,,,0,30,,34485,7,,,0,70,,34475,7,,,0,30,,34494,7,,,0,70,,34478,7,,,0,30,,34473,7,,,0,70,,34495,7,,,0,30,,34479,7,,,0
802019,'1841',612,,24662,7,,,0,45,,28111,7,,,0,70,,28109,7,,,0,20,,28113,7,,,0,60,,24627,7,,,0,30,,28108,7,,,0,70,,28080,7,,,0,30,,28081,7,,,0,70,,28082,7,,,0,30,,28083,7,,,0,70,,28084,7,,,0,30,,28085,7,,,0,71,,28086,7,,,0,30,,28087,7,,,0,70,,28088,7,,,0,30,,28089,7,,,0,70,,28090,7,,,0,31,,28091,7,,,0,70,,28092,7,,,0,20,,28093,7,,,0,20,,28094,7,,,0,60,,28110,7,,,0,20,,28095,7,,,0,20,,28096,7,,,0,60,,28097,7,,,0,20,,28098,7,,,0,19,,28112,7,,,0,60,,28099,7,,,0,20,,28100,7,,,0,20,,28101,7,,,0,60,,28102,7,,,0,30,,28103,7,,,0,69,,28104,7,,,0,25,,28105,7,,,0,70,,28106,7,,,0,30,,28107,7,,,0
802019,'1848',838,,34523,7,,,0,71,,34518,7,,,0,30,,34519,7,,,0,70,,34520,7,,,0,30,,34508,7,,,0,70,,34501,7,,,0,30,,34514,7,,,0,70,,34507,7,,,0,30,,34500,7,,,0,70,,34513,7,,,0,30,,34505,7,,,0,70,,34502,7,,,0,30,,34512,7,,,0,70,,34506,7,,,0,30,,34498,7,,,0,70,,34511,7,,,0,30,,34504,7,,,0,70,,34499,7,,,0,30,,34510,7,,,0,70,,34503,7,,,0,30,,34497,7,,,0,70,,34509,7,,,0,30,,34515,7,,,0,70,,34516,7,,,0,30,,34517,7,,,0,70,,34522,7,,,0,30,,34521,7,,,0
802019,'1849',838,,34525,7,,,0,71,,34537,7,,,0,30,,34538,7,,,0,70,,34526,7,,,0,30,,34531,7,,,0,70,,34535,7,,,0,30,,34542,7,,,0,70,,34546,7,,,0,30,,34534,7,,,0,70,,34536,7,,,0,30,,34547,7,,,0,70,,34541,7,,,0,30,,34530,7,,,0,70,,34545,7,,,0,30,,34540,7,,,0,70,,34528,7,,,0,30,,34544,7,,,0,70,,34524,7,,,0,30,,34543,7,,,0,70,,34550,7,,,0,30,,34539,7,,,0,70,,34529,7,,,0,30,,34548,7,,,0,70,,34532,7,,,0,30,,34527,7,,,0,70,,34549,7,,,0,30,,34533,7,,,0
802019,'1850',612,,34586,7,,,0,45,,34583,7,,,0,70,,34581,7,,,0,20,,34585,7,,,0,60,,34551,7,,,0,30,,34580,7,,,0,70,,34552,7,,,0,30,,34553,7,,,0,70,,34554,7,,,0,30,,34555,7,,,0,70,,34556,7,,,0,30,,34557,7,,,0,71,,34558,7,,,0,30,,34559,7,,,0,70,,34560,7,,,0,30,,34561,7,,,0,70,,34562,7,,,0,31,,34563,7,,,0,70,,34564,7,,,0,20,,34565,7,,,0,20,,34566,7,,,0,60,,34582,7,,,0,20,,34567,7,,,0,20,,34568,7,,,0,60,,34569,7,,,0,20,,34570,7,,,0,19,,34584,7,,,0,60,,34571,7,,,0,20,,34572,7,,,0,20,,34573,7,,,0,60,,34574,7,,,0,30,,34575,7,,,0,69,,34576,7,,,0,25,,34577,7,,,0,70,,34578,7,,,0,30,,34579,7,,,0
802019,'1852',612,,34622,7,,,0,45,,34619,7,,,0,70,,34617,7,,,0,20,,34621,7,,,0,60,,34587,7,,,0,30,,34616,7,,,0,70,,34588,7,,,0,30,,34589,7,,,0,70,,34590,7,,,0,30,,34591,7,,,0,70,,34592,7,,,0,30,,34593,7,,,0,71,,34594,7,,,0,30,,34595,7,,,0,70,,34596,7,,,0,30,,34597,7,,,0,70,,34598,7,,,0,31,,34599,7,,,0,70,,34600,7,,,0,20,,34601,7,,,0,20,,34602,7,,,0,60,,34618,7,,,0,20,,34603,7,,,0,20,,34604,7,,,0,60,,34605,7,,,0,20,,34606,7,,,0,19,,34620,7,,,0,60,,34607,7,,,0,20,,34608,7,,,0,20,,34609,7,,,0,60,,34610,7,,,0,30,,34611,7,,,0,69,,34612,7,,,0,25,,34613,7,,,0,70,,34614,7,,,0,30,,34615,7,,,0
