15029,'1838',749,,36977,74,,,0,98,,45082,74,,,0,101,,36974,74,,,0,100,,36975,74,,,0,103,,45083,74,,,0,100,,36972,74,,,0,100,,36969,74,,,0,102,,45081,74,,,0,100,,36971,74,,,0,98,,36968,74,,,0,99,,45080,74,,,0,99,,36966,74,,,0,99,,36967,74,,,0,100,,45079,74,,,0
15029,'1865',626,,45084,34,,,0,20,,45085,34,,,0,71,,36995,74,,,0,33,,36996,74,,,0,74,,36997,74,,,0,29,,45086,74,,,0,73,,36999,74,,,0,30,,37000,74,,,0,65,,37001,74,,,0,30,,37002,74,,,0,70,,37003,74,,,0,30,,45087,74,,,0,70,,45088,74,,,0,30,,42575,74,,,0,70,,45089,74,,,0,30,,45090,74,,,0,70,,42576,74,,,0,34,,37010,74,,,0,73,,45091,74,,,0,75,,37012,74,,,0,32,,37013,74,,,0,68,,45092,74,,,0,24,,45093,74,,,0,23,,37016,74,,,0,69,,37017,74,,,0,29,,37018,74,,,0,67,,45094,74,,,0,30,,37020,74,,,0,70,,45095,74,,,0,30,,45096,74,,,0,70,,37023,74,,,0,98,,45098,74,,,0,97,,45097,74,,,0
15029,'1866',621,,45099,34,,,0,133,,37029,74,,,0,93,,37030,74,,,0,100,,45100,74,,,0,100,,37032,74,,,0,102,,37033,74,,,0,100,,45101,74,,,0,100,,37035,74,,,0,106,,37036,74,,,0,100,,45102,74,,,0,97,,37038,74,,,0,98,,37039,74,,,0,99,,45103,74,,,0,99,,37026,74,,,0,100,,37027,74,,,0
15029,'1867',749,,37054,74,,,0,98,,45107,74,,,0,101,,37051,74,,,0,100,,37052,74,,,0,103,,45108,74,,,0,100,,37049,74,,,0,100,,37046,74,,,0,102,,45106,74,,,0,100,,37048,74,,,0,98,,37045,74,,,0,99,,45105,74,,,0,99,,37043,74,,,0,99,,37044,74,,,0,100,,45104,74,,,0
15029,'1873',754,,30423,74,,,0,93,,30424,74,,,0,200,,30426,74,,,0,102,,30427,74,,,0,200,,30429,74,,,0,106,,30430,74,,,0,197,,30432,74,,,0,98,,30433,74,,,0,198,,30420,74,,,0,100,,30421,74,,,0
15029,'1878',749,,30448,74,,,0,199,,30445,74,,,0,100,,30446,74,,,0,203,,30443,74,,,0,100,,30440,74,,,0,202,,30442,74,,,0,98,,30439,74,,,0,198,,30437,74,,,0,99,,30438,74,,,0
15029,'1881',626,,30482,34,,,0,20,,36978,34,,,0,207,,36979,74,,,0,298,,36980,74,,,0,70,,36981,74,,,0,100,,36983,74,,,0,30,,36984,74,,,0,177,,36986,74,,,0,175,,36987,74,,,0,24,,36988,74,,,0,188,,30508,74,,,0,100,,36989,74,,,0,30,,42580,74,,,0,168,,36992,74,,,0,97,,36991,74,,,0
15029,'1882',717,,30484,74,,,0,33,,30485,74,,,0,74,,30486,74,,,0,102,,30488,74,,,0,30,,30489,74,,,0,65,,30490,74,,,0,30,,30491,74,,,0,70,,30492,74,,,0,130,,42578,74,,,0,170,,42579,74,,,0,34,,30499,74,,,0,148,,30501,74,,,0,32,,30502,74,,,0,115,,30505,74,,,0,69,,30506,74,,,0,29,,30507,74,,,0,97,,30509,74,,,0,170,,30512,74,,,0
15029,'1886',626,,45109,34,,,0,20,,45110,34,,,0,207,,45111,74,,,0,298,,45112,74,,,0,70,,45113,74,,,0,100,,45114,74,,,0,30,,45115,74,,,0,177,,45116,74,,,0,175,,45117,74,,,0,24,,45118,74,,,0,188,,45119,74,,,0,100,,45120,74,,,0,30,,45121,74,,,0,168,,45123,74,,,0,97,,45122,74,,,0
15029,'1887',621,,45124,34,,,0,326,,45125,74,,,0,302,,45126,74,,,0,306,,45127,74,,,0,294,,45128,74,,,0
15029,'1888',847,,45132,74,,,0,304,,45133,74,,,0,302,,45131,74,,,0,297,,45130,74,,,0,298,,45129,74,,,0
