19019,'1799',830,,21494,6,,,0,170,,21487,6,,,0,202,,21480,6,,,0,699,,21489,6,,,0,30,,21478,6,,,0,215,,21499,6,,,0,100,,21500,6,,,0,84,,21505,6,,,0
19019,'1800',618,,25992,6,,,0,112,,25983,6,,,0,100,,21524,6,,,0,70,,25986,6,,,0,30,,25987,6,,,0,70,,21517,6,,,0,31,,26002,6,,,0,71,,26000,6,,,0,30,,26001,6,,,0,70,,21510,6,,,0,30,,26003,6,,,0,70,,25984,6,,,0,30,,26004,6,,,0,70,,25996,6,,,0,31,,25998,6,,,0,70,,25989,6,,,0,30,,25991,6,,,0,70,,25993,6,,,0,30,,25995,6,,,0,69,,25985,6,,,0,29,,25988,6,,,0,70,,25999,6,,,0,30,,25990,6,,,0,70,,21519,6,,,0,30,,21508,6,,,0,70,,25997,6,,,0,45,,25994,6,,,0,100,,21529,6,,,0,100,,21530,6,,,0,84,,21535,6,,,0
19019,'1829',832,,21400,6,,,0,170,,21395,6,,,0,30,,21401,6,,,0,1298,,21402,6,,,0
19019,'1831',620,,21445,6,,,0,80,,21429,6,,,0,130,,21431,6,,,0,170,,21438,6,,,0,31,,21439,6,,,0,870,,21424,6,,,0,210,,21428,6,,,0,100,,21432,6,,,0,125,,21444,6,,,0
19019,'1832',618,,21460,6,,,0,112,,21447,6,,,0,170,,21452,6,,,0,30,,21453,6,,,0,101,,21473,6,,,0,71,,21471,6,,,0,30,,21472,6,,,0,100,,21474,6,,,0,70,,21449,6,,,0,30,,21476,6,,,0,70,,21465,6,,,0,31,,21467,6,,,0,70,,21455,6,,,0,30,,21458,6,,,0,70,,21461,6,,,0,30,,21463,6,,,0,69,,21451,6,,,0,29,,21454,6,,,0,70,,21468,6,,,0,30,,21456,6,,,0,170,,21466,6,,,0,45,,21462,6,,,0
19019,'1833',830,,21464,6,,,0,170,,21457,6,,,0,202,,21450,6,,,0,699,,21459,6,,,0,30,,21448,6,,,0,215,,21469,6,,,0,100,,21470,6,,,0,84,,21475,6,,,0
19019,'1834',618,,21490,6,,,0,112,,21477,6,,,0,170,,21482,6,,,0,30,,21483,6,,,0,101,,21503,6,,,0,71,,21501,6,,,0,30,,21502,6,,,0,100,,21504,6,,,0,70,,21479,6,,,0,30,,21506,6,,,0,70,,21495,6,,,0,31,,21497,6,,,0,70,,21485,6,,,0,30,,21488,6,,,0,70,,21491,6,,,0,30,,21493,6,,,0,69,,21481,6,,,0,29,,21484,6,,,0,70,,21498,6,,,0,30,,21486,6,,,0,170,,21496,6,,,0,45,,21492,6,,,0
19019,'1835',902,,26008,6,,,0,30,,26005,6,,,0,170,,26011,6,,,0,30,,26007,6,,,0,70,,26020,6,,,0,30,,26010,6,,,0,70,,26019,6,,,0,30,,26006,6,,,0,70,,26021,6,,,0,30,,26017,6,,,0,70,,26009,6,,,0,31,,26012,6,,,0,299,,26016,6,,,0,70,,26022,6,,,0,30,,26015,6,,,0,100,,26014,6,,,0,99,,26013,6,,,0,99,,26018,6,,,0
19019,'1836',730,,26027,6,,,0,70,,26041,6,,,0,100,,26029,6,,,0,30,,26024,6,,,0,172,,26035,6,,,0,30,,26028,6,,,0,70,,26026,6,,,0,30,,26037,6,,,0,70,,26033,6,,,0,30,,26039,6,,,0,70,,26045,6,,,0,31,,26040,6,,,0,70,,26025,6,,,0,30,,26023,6,,,0,70,,26030,6,,,0,30,,26036,6,,,0,69,,26032,6,,,0,29,,26031,6,,,0,70,,26038,6,,,0,30,,26043,6,,,0,100,,26044,6,,,0,110,,26042,6,,,0,270,,26034,6,,,0
19019,'1837',618,,26055,6,,,0,112,,26046,6,,,0,170,,26049,6,,,0,30,,26050,6,,,0,101,,26065,6,,,0,71,,26063,6,,,0,30,,26064,6,,,0,100,,26066,6,,,0,70,,26047,6,,,0,30,,26067,6,,,0,70,,26059,6,,,0,31,,26061,6,,,0,70,,26052,6,,,0,30,,26054,6,,,0,70,,26056,6,,,0,30,,26058,6,,,0,69,,26048,6,,,0,29,,26051,6,,,0,70,,26062,6,,,0,30,,26053,6,,,0,170,,26060,6,,,0,45,,26057,6,,,0
19019,'1838',618,,26077,6,,,0,112,,26068,6,,,0,170,,26071,6,,,0,30,,26072,6,,,0,101,,26087,6,,,0,71,,26085,6,,,0,30,,26086,6,,,0,100,,26088,6,,,0,70,,26069,6,,,0,30,,26089,6,,,0,70,,26081,6,,,0,31,,26083,6,,,0,70,,26074,6,,,0,30,,26076,6,,,0,70,,26078,6,,,0,30,,26080,6,,,0,69,,26070,6,,,0,29,,26073,6,,,0,70,,26084,6,,,0,30,,26075,6,,,0,170,,26082,6,,,0,45,,26079,6,,,0
10019019,'1829',704,,24771,5,,,0,934,,24778,5,,,0
10019019,'1835',608,,28196,5,,,0,26,,28197,5,,,0,100,,28195,5,,,0,70,,28198,5,,,0,804,,28202,5,,,0,100,,28199,5,,,0,30,,28203,5,,,0,67,,28200,5,,,0,210,,28201,5,,,0
