1019,'1838',614,,34814,16,,,0,100,,34815,16,,,0,100,,34816,16,,,0,100,,34817,16,,,0,100,,34818,16,,,0,100,,34819,16,,,0,100,,34820,16,,,0,100,,34821,16,,,0,100,,34822,16,,,0,100,,34823,16,,,0,100,,34824,16,,,0,100,,34825,16,,,0,100,,34826,16,,,0,100,,34827,16,,,0,100,,34828,16,,,0,100,,34829,16,,,0,100,,34830,16,,,0,100,,34831,16,,,0
1019,'1865',544,,42047,16,,,0,70,,42070,16,,,0,30,,42045,16,,,0,70,,42040,16,,,0,30,,42059,16,,,0,71,,42042,16,,,0,30,,42048,16,,,0,70,,42073,16,,,0,30,,42044,16,,,0,70,,42038,16,,,0,31,,42058,16,,,0,70,,42043,16,,,0,30,,42049,16,,,0,70,,42069,16,,,0,30,,42046,16,,,0,70,,42039,16,,,0,30,,42071,16,,,0,70,,42041,16,,,0,30,,42050,16,,,0,70,,42068,16,,,0,29,,42061,16,,,0,70,,42053,16,,,0,30,,42051,16,,,0,70,,42054,16,,,0,30,,42056,16,,,0,70,,42055,16,,,0,29,,42052,16,,,0,70,,42072,16,,,0,30,,42066,16,,,0,70,,42067,16,,,0,30,,42065,16,,,0,70,,42064,16,,,0,30,,42063,16,,,0,70,,42062,16,,,0,30,,42060,16,,,0,70,,42057,16,,,0
1019,'1866',544,,34914,16,,,0,70,,34928,16,,,0,30,,34913,16,,,0,70,,34933,16,,,0,30,,34923,16,,,0,70,,34907,16,,,0,30,,34929,16,,,0,70,,34931,16,,,0,30,,34912,16,,,0,70,,34934,16,,,0,30,,34922,16,,,0,70,,34906,16,,,0,30,,34917,16,,,0,70,,34927,16,,,0,30,,34911,16,,,0,70,,34935,16,,,0,30,,34921,16,,,0,70,,34905,16,,,0,30,,34916,16,,,0,70,,34926,16,,,0,30,,34910,16,,,0,70,,34936,16,,,0,30,,34920,16,,,0,70,,34904,16,,,0,30,,34915,16,,,0,70,,34925,16,,,0,30,,34908,16,,,0,70,,34937,16,,,0,30,,34918,16,,,0,70,,34903,16,,,0,30,,34909,16,,,0,70,,34924,16,,,0,30,,34919,16,,,0,70,,34938,16,,,0,30,,34932,16,,,0,70,,34930,16,,,0
1019,'1867',614,,34939,16,,,0,100,,34940,16,,,0,100,,34941,16,,,0,100,,34942,16,,,0,100,,34943,16,,,0,100,,34944,16,,,0,100,,34945,16,,,0,100,,34946,16,,,0,100,,34947,16,,,0,100,,34948,16,,,0,100,,34949,16,,,0,100,,34950,16,,,0,100,,34951,16,,,0,100,,34952,16,,,0,100,,34953,16,,,0,100,,34954,16,,,0,100,,34955,16,,,0,100,,34956,16,,,0
1019,'1871',544,,28430,16,,,0,70,,34863,16,,,0,30,,34839,16,,,0,70,,34834,16,,,0,30,,34852,16,,,0,71,,34836,16,,,0,30,,34841,16,,,0,70,,34866,16,,,0,30,,34838,16,,,0,70,,34832,16,,,0,31,,34851,16,,,0,70,,34837,16,,,0,30,,34842,16,,,0,70,,34862,16,,,0,30,,34840,16,,,0,70,,34833,16,,,0,30,,34864,16,,,0,70,,34835,16,,,0,30,,34843,16,,,0,70,,34861,16,,,0,29,,34854,16,,,0,70,,34846,16,,,0,30,,34844,16,,,0,70,,34847,16,,,0,30,,34849,16,,,0,70,,34848,16,,,0,29,,34845,16,,,0,70,,34865,16,,,0,30,,34859,16,,,0,70,,34860,16,,,0,30,,34858,16,,,0,70,,34857,16,,,0,30,,34856,16,,,0,70,,34855,16,,,0,30,,34853,16,,,0,70,,34850,16,,,0
1019,'1873',544,,28342,16,,,0,70,,28356,16,,,0,30,,28341,16,,,0,70,,28361,16,,,0,30,,28351,16,,,0,70,,28335,16,,,0,30,,28357,16,,,0,70,,28359,16,,,0,30,,28340,16,,,0,70,,28362,16,,,0,30,,28350,16,,,0,70,,28334,16,,,0,30,,28345,16,,,0,70,,28355,16,,,0,30,,28339,16,,,0,70,,28363,16,,,0,30,,28349,16,,,0,70,,28333,16,,,0,30,,28344,16,,,0,70,,28354,16,,,0,30,,28338,16,,,0,70,,28364,16,,,0,30,,28348,16,,,0,70,,28332,16,,,0,30,,28343,16,,,0,70,,28353,16,,,0,30,,28336,16,,,0,70,,28365,16,,,0,30,,28346,16,,,0,70,,28331,16,,,0,30,,28337,16,,,0,70,,28352,16,,,0,30,,28347,16,,,0,70,,28366,16,,,0,30,,28360,16,,,0,70,,28358,16,,,0
1019,'1875',614,,28367,16,,,0,100,,28368,16,,,0,100,,28369,16,,,0,100,,28370,16,,,0,100,,28371,16,,,0,100,,28372,16,,,0,100,,28373,16,,,0,100,,28374,16,,,0,100,,28375,16,,,0,100,,28376,16,,,0,100,,28377,16,,,0,100,,28378,16,,,0,100,,28379,16,,,0,100,,28380,16,,,0,100,,28381,16,,,0,100,,28382,16,,,0,100,,28383,16,,,0,100,,28384,16,,,0
1019,'1876',544,,42083,16,,,0,70,,42106,16,,,0,30,,42081,16,,,0,70,,42076,16,,,0,30,,42095,16,,,0,71,,42078,16,,,0,30,,42084,16,,,0,70,,42109,16,,,0,30,,42080,16,,,0,70,,42074,16,,,0,31,,42094,16,,,0,70,,42079,16,,,0,30,,42085,16,,,0,70,,42105,16,,,0,30,,42082,16,,,0,70,,42075,16,,,0,30,,42107,16,,,0,70,,42077,16,,,0,30,,42086,16,,,0,70,,42104,16,,,0,29,,42097,16,,,0,70,,42089,16,,,0,30,,42087,16,,,0,70,,42090,16,,,0,30,,42092,16,,,0,70,,42091,16,,,0,29,,42088,16,,,0,70,,42108,16,,,0,30,,42102,16,,,0,70,,42103,16,,,0,30,,42101,16,,,0,70,,42100,16,,,0,30,,42099,16,,,0,70,,42098,16,,,0,30,,42096,16,,,0,70,,42093,16,,,0
2019,'1838',659,,35124,25,,,0,70,,35101,25,,,0,30,,35105,25,,,0,70,,35117,25,,,0,30,,35112,25,,,0,70,,35102,25,,,0,30,,35106,25,,,0,70,,35118,25,,,0,30,,35113,25,,,0,70,,35103,25,,,0,30,,35107,25,,,0,70,,35119,25,,,0,30,,35114,25,,,0,70,,35104,25,,,0,30,,35108,25,,,0,70,,35120,25,,,0,30,,35115,25,,,0,70,,35099,25,,,0,30,,35109,25,,,0,70,,35121,25,,,0,30,,35116,25,,,0,70,,35097,25,,,0,30,,35110,25,,,0,70,,35122,25,,,0,100,,35098,25,,,0,100,,35123,25,,,0,100,,35100,25,,,0,100,,35111,25,,,0,99,,35125,25,,,0
2019,'1857',454,,35126,16,0,5 2 13 14,0,175,,19412,25,,,0,30,,19413,25,,,0,70,,19414,25,,,0,30,,19415,25,,,0,71,,19416,25,,,0,29,,19417,25,,,0,70,,19418,25,,,0,30,,19419,25,,,0,70,,19420,25,,,0,30,,19421,25,,,0,70,,19422,25,,,0,30,,19423,25,,,0,70,,19424,25,,,0,30,,19425,25,,,0,70,,19426,25,,,0,30,,19427,25,,,0,70,,19428,25,,,0,30,,19429,25,,,0,70,,19430,25,,,0,30,,19431,25,,,0,70,,19432,25,,,0,30,,19433,25,,,0,70,,19434,25,,,0,30,,19435,25,,,0,70,,19436,25,,,0,30,,19442,25,,,0,70,,19437,25,,,0,100,,19438,25,,,0,100,,19439,25,,,0,100,,19440,25,,,0,100,,19441,25,,,0
2019,'1865',454,,35158,16,0,5 2 13 14,0,175,,35127,25,,,0,30,,35128,25,,,0,70,,35129,25,,,0,30,,35130,25,,,0,71,,35131,25,,,0,29,,35132,25,,,0,70,,35133,25,,,0,30,,35134,25,,,0,70,,35135,25,,,0,30,,35136,25,,,0,70,,35137,25,,,0,30,,35138,25,,,0,70,,35139,25,,,0,30,,35140,25,,,0,70,,35141,25,,,0,30,,35142,25,,,0,70,,35143,25,,,0,30,,35144,25,,,0,70,,35145,25,,,0,30,,35146,25,,,0,70,,35147,25,,,0,30,,35148,25,,,0,70,,35149,25,,,0,30,,35150,25,,,0,70,,35151,25,,,0,30,,35157,25,,,0,70,,35152,25,,,0,100,,35153,25,,,0,100,,35154,25,,,0,100,,35155,25,,,0,100,,35156,25,,,0
2019,'1866',629,,35159,16,,,0,30,,35166,25,,,0,70,,35175,25,,,0,30,,35182,25,,,0,70,,35160,25,,,0,30,,35167,25,,,0,70,,35176,25,,,0,30,,35183,25,,,0,70,,35161,25,,,0,30,,35168,25,,,0,70,,35177,25,,,0,30,,35184,25,,,0,70,,35162,25,,,0,30,,35169,25,,,0,70,,35178,25,,,0,30,,35185,25,,,0,70,,35163,25,,,0,30,,35170,25,,,0,70,,35179,25,,,0,30,,35186,25,,,0,70,,35164,25,,,0,30,,35171,25,,,0,70,,35180,25,,,0,30,,35187,25,,,0,70,,35165,25,,,0,30,,35172,25,,,0,70,,35181,25,,,0,100,,35173,25,,,0,100,,35188,25,,,0,100,,35174,25,,,0,100,,35189,25,,,0
2019,'1867',659,,35217,25,,,0,70,,35194,25,,,0,30,,35198,25,,,0,70,,35210,25,,,0,30,,35205,25,,,0,70,,35195,25,,,0,30,,35199,25,,,0,70,,35211,25,,,0,30,,35206,25,,,0,70,,35196,25,,,0,30,,35200,25,,,0,70,,35212,25,,,0,30,,35207,25,,,0,70,,35197,25,,,0,30,,35201,25,,,0,70,,35213,25,,,0,30,,35208,25,,,0,70,,35192,25,,,0,30,,35202,25,,,0,70,,35214,25,,,0,30,,35209,25,,,0,70,,35190,25,,,0,30,,35203,25,,,0,70,,35215,25,,,0,100,,35191,25,,,0,100,,35216,25,,,0,100,,35193,25,,,0,100,,35204,25,,,0,99,,35218,25,,,0
2019,'1873',629,,19444,16,,,0,30,,19451,25,,,0,70,,19460,25,,,0,30,,19467,25,,,0,70,,19445,25,,,0,30,,19452,25,,,0,70,,19461,25,,,0,30,,19468,25,,,0,70,,19446,25,,,0,30,,19453,25,,,0,70,,19462,25,,,0,30,,19469,25,,,0,70,,19447,25,,,0,30,,19454,25,,,0,70,,19463,25,,,0,30,,19470,25,,,0,70,,19448,25,,,0,30,,19455,25,,,0,70,,19464,25,,,0,30,,19471,25,,,0,70,,19449,25,,,0,30,,19456,25,,,0,70,,19465,25,,,0,30,,19472,25,,,0,70,,19450,25,,,0,30,,19457,25,,,0,70,,19466,25,,,0,100,,19458,25,,,0,100,,19473,25,,,0,100,,19459,25,,,0,100,,19474,25,,,0
2019,'1875',659,,19502,25,,,0,70,,19479,25,,,0,30,,19483,25,,,0,70,,19495,25,,,0,30,,19490,25,,,0,70,,19480,25,,,0,30,,19484,25,,,0,70,,19496,25,,,0,30,,19491,25,,,0,70,,19481,25,,,0,30,,19485,25,,,0,70,,19497,25,,,0,30,,19492,25,,,0,70,,19482,25,,,0,30,,19486,25,,,0,70,,19498,25,,,0,30,,19493,25,,,0,70,,19477,25,,,0,30,,19487,25,,,0,70,,19499,25,,,0,30,,19494,25,,,0,70,,19475,25,,,0,30,,19488,25,,,0,70,,19500,25,,,0,100,,19476,25,,,0,100,,19501,25,,,0,100,,19478,25,,,0,100,,19489,25,,,0,99,,19503,25,,,0
702029,'1838',641,,41001,18,0,9 10,0,65,,43858,18,0,9 10,0,30,,43864,18,0,9 10,0,70,,40999,18,0,9 10,0,16,,41020,18,0,5 2 11 2 12,0,16,,43857,18,0,9 10,0,15,,41032,18,0,5 2 11 2 12,0,55,,43863,18,0,9 10,0,15,,41013,18,0,5 2 11 2 12,0,15,,40990,18,0,9 10,0,15,,41018,18,0,5 2 11 2 12,0,55,,43856,18,0,9 10,0,15,,41027,18,0,5 2 11 2 12,0,16,,41008,18,0,9 10,0,15,,41028,18,0,5 2 11 2 12,0,55,,43860,18,0,9 10,0,15,,41019,18,0,5 2 11 2 12,0,15,,40986,18,0,9 10,0,15,,41038,18,0,5 2 11 2 12,0,55,,43866,18,0,9 10,0,15,,41016,18,0,5 2 11 2 12,0,15,,40997,18,0,9 10,0,15,,41030,18,0,5 2 11 2 12,0,55,,40985,18,0,9 10,0,16,,41039,18,0,5 2 11 2 12,0,16,,43865,18,0,9 10,0,15,,41022,18,0,5 2 11 2 12,0,55,,40996,18,0,9 10,0,15,,41025,18,0,5 2 11 2 12,0,15,,43855,18,0,9 10,0,15,,41037,18,0,5 2 11 2 12,0,55,,41005,18,0,9 10,0,15,,41017,18,0,5 2 11 2 12,0,15,,43859,18,0,9 10,0,15,,41026,18,0,5 2 11 2 12,0,55,,40983,18,0,9 10,0,15,,41035,18,0,5 2 11 2 12,0,15,,43867,18,0,9 10,0,15,,41015,18,0,5 2 11 2 12,0,55,,40991,18,0,9 10,0,14,,41031,18,0,5 2 11 2 12,0,14,,43854,18,0,9 10,0,15,,41033,18,0,5 2 11 2 12,0,55,,41007,18,0,9 10,0,14,,41023,18,0,5 2 11 2 12,0,14,,43862,18,0,9 10,0,15,,41029,18,0,5 2 11 2 12,0,55,,43853,18,0,9 10,0,15,,41034,18,0,5 2 11 2 12,0,15,,41009,18,0,9 10,0,15,,41021,18,0,5 2 11 2 12,0,55,,43861,18,0,9 10,0,15,,41024,18,0,5 2 11 2 12,0,15,,43852,18,0,9 10,0,15,,41036,18,0,5 2 11 2 12,0,55,,41006,18,0,9 10,0,14,,41014,18,0,5 2 11 2 12,0,14,,40998,18,0,9 10,0,70,,43851,18,0,9 10,0,30,,41010,18,0,9 10,0,70,,40994,18,0,9 10,0,25,,43868,18,0,9 10,0,70,,41040,18,0,5 2 11 2 12,0
702029,'1857',625,,41168,18,0,9 10,0,20,,41169,18,0,9 10,0,72,,41225,18,0,9 10,0,18,,41170,18,0,9 10,0,78,,41172,18,0,9 10,0,15,,41173,18,0,9 10,0,14,,41223,18,0,9 10,0,15,,41201,18,0,5 2 11 2 12,0,55,,41224,18,0,9 10,0,15,,41202,18,0,5 2 11 2 12,0,15,,41174,18,0,9 10,0,15,,41203,18,0,5 2 11 2 12,0,55,,41175,18,0,9 10,0,15,,41204,18,0,5 2 11 2 12,0,15,,41231,18,0,9 10,0,15,,41205,18,0,5 2 11 2 12,0,55,,41176,18,0,9 10,0,15,,41206,18,0,5 2 11 2 12,0,15,,41177,18,0,9 10,0,15,,41207,18,0,5 2 11 2 12,0,55,,41178,18,0,9 10,0,15,,41208,18,0,5 2 11 2 12,0,15,,41179,18,0,9 10,0,15,,41209,18,0,5 2 11 2 12,0,70,,41210,18,0,5 2 11 2 12,0,15,,41181,18,0,9 10,0,15,,41211,18,0,5 2 11 2 12,0,55,,41182,18,0,9 10,0,16,,41212,18,0,5 2 11 2 12,0,15,,41183,18,0,9 10,0,15,,41227,18,0,9 10,0,55,,41213,18,0,5 2 11 2 12,0,15,,41184,18,0,9 10,0,30,,41185,18,0,9 10,0,55,,41214,18,0,5 2 11 2 12,0,15,,41187,18,0,9 10,0,15,,41186,18,0,9 10,0,15,,41229,18,0,9 10,0,55,,41230,18,0,5 2 11 2 12,0,15,,41188,18,0,9 10,0,14,,41189,18,0,9 10,0,13,,41215,18,0,5 2 11 2 12,0,54,,41190,18,0,9 10,0,14,,41216,18,0,5 2 11 2 12,0,15,,41232,18,0,9 10,0,15,,41217,18,0,5 2 11 2 12,0,55,,41191,18,0,9 10,0,15,,41218,18,0,5 2 11 2 12,0,15,,41192,18,0,9 10,0,15,,41219,18,0,5 2 11 2 12,0,55,,41193,18,0,9 10,0,15,,41220,18,0,5 2 11 2 12,0,15,,41194,18,0,9 10,0,15,,41221,18,0,5 2 11 2 12,0,55,,41195,18,0,9 10,0,30,,41196,18,0,9 10,0,70,,41197,18,0,9 10,0,30,,41198,18,0,9 10,0,66,,41199,18,0,9 10,0,25,,41226,18,0,9 10,0,30,,41200,18,0,5 2 11 2 12,0
702029,'1865',625,,41233,18,0,9 10,0,20,,41234,18,0,9 10,0,72,,41290,18,0,9 10,0,18,,41235,18,0,9 10,0,16,,43869,18,0,9 10,0,62,,41237,18,0,9 10,0,15,,41238,18,0,9 10,0,14,,41288,18,0,9 10,0,15,,41266,18,0,5 2 11 2 12,0,55,,41289,18,0,9 10,0,15,,41267,18,0,5 2 11 2 12,0,15,,41239,18,0,9 10,0,15,,41268,18,0,5 2 11 2 12,0,55,,41240,18,0,9 10,0,15,,41269,18,0,5 2 11 2 12,0,15,,41296,18,0,9 10,0,15,,41270,18,0,5 2 11 2 12,0,55,,41241,18,0,9 10,0,15,,41271,18,0,5 2 11 2 12,0,15,,41242,18,0,9 10,0,15,,41272,18,0,5 2 11 2 12,0,55,,41243,18,0,9 10,0,15,,41273,18,0,5 2 11 2 12,0,15,,41244,18,0,9 10,0,15,,41274,18,0,5 2 11 2 12,0,55,,43870,18,0,9 10,0,15,,41275,18,0,5 2 11 2 12,0,15,,41246,18,0,9 10,0,15,,41276,18,0,5 2 11 2 12,0,55,,41247,18,0,9 10,0,16,,41277,18,0,5 2 11 2 12,0,15,,41248,18,0,9 10,0,15,,41292,18,0,9 10,0,55,,41278,18,0,5 2 11 2 12,0,15,,41249,18,0,9 10,0,15,,43872,18,0,9 10,0,15,,41250,18,0,9 10,0,55,,41279,18,0,5 2 11 2 12,0,15,,41252,18,0,9 10,0,15,,41251,18,0,9 10,0,15,,41294,18,0,9 10,0,55,,41295,18,0,5 2 11 2 12,0,15,,41253,18,0,9 10,0,14,,41254,18,0,9 10,0,13,,41280,18,0,5 2 11 2 12,0,54,,41255,18,0,9 10,0,14,,41281,18,0,5 2 11 2 12,0,15,,41297,18,0,9 10,0,15,,41282,18,0,5 2 11 2 12,0,55,,41256,18,0,9 10,0,15,,41283,18,0,5 2 11 2 12,0,15,,41257,18,0,9 10,0,15,,41284,18,0,5 2 11 2 12,0,55,,41258,18,0,9 10,0,15,,41285,18,0,5 2 11 2 12,0,15,,41259,18,0,9 10,0,15,,41286,18,0,5 2 11 2 12,0,55,,41260,18,0,9 10,0,15,,43871,18,0,5 2 11 2 12,0,15,,41261,18,0,9 10,0,70,,41262,18,0,9 10,0,30,,41263,18,0,9 10,0,66,,41264,18,0,9 10,0,25,,41291,18,0,9 10,0,30,,41265,18,0,5 2 11 2 12,0
702029,'1866',641,,41330,18,0,9 10,0,65,,41298,18,0,9 10,0,30,,41307,18,0,9 10,0,70,,41315,18,0,9 10,0,16,,41357,18,0,5 2 11 2 12,0,16,,41323,18,0,9 10,0,15,,41351,18,0,5 2 11 2 12,0,55,,41299,18,0,9 10,0,15,,41352,18,0,5 2 11 2 12,0,15,,41308,18,0,9 10,0,15,,41353,18,0,5 2 11 2 12,0,55,,41316,18,0,9 10,0,15,,41342,18,0,5 2 11 2 12,0,16,,41324,18,0,9 10,0,15,,41336,18,0,5 2 11 2 12,0,55,,41300,18,0,9 10,0,15,,41348,18,0,5 2 11 2 12,0,15,,41309,18,0,9 10,0,15,,41340,18,0,5 2 11 2 12,0,55,,41317,18,0,9 10,0,15,,41331,18,0,5 2 11 2 12,0,15,,41325,18,0,9 10,0,15,,41347,18,0,5 2 11 2 12,0,55,,41301,18,0,9 10,0,16,,41341,18,0,5 2 11 2 12,0,16,,41310,18,0,9 10,0,15,,41334,18,0,5 2 11 2 12,0,55,,41318,18,0,9 10,0,15,,41346,18,0,5 2 11 2 12,0,15,,41360,18,0,9 10,0,15,,41339,18,0,5 2 11 2 12,0,55,,41302,18,0,9 10,0,15,,41333,18,0,5 2 11 2 12,0,15,,41311,18,0,9 10,0,15,,41345,18,0,5 2 11 2 12,0,55,,41319,18,0,9 10,0,15,,41337,18,0,5 2 11 2 12,0,15,,41326,18,0,9 10,0,15,,41332,18,0,5 2 11 2 12,0,55,,41303,18,0,9 10,0,14,,41344,18,0,5 2 11 2 12,0,14,,41312,18,0,9 10,0,15,,41338,18,0,5 2 11 2 12,0,55,,41320,18,0,9 10,0,14,,41335,18,0,5 2 11 2 12,0,14,,41327,18,0,9 10,0,15,,41343,18,0,5 2 11 2 12,0,55,,41304,18,0,9 10,0,15,,41349,18,0,5 2 11 2 12,0,15,,41313,18,0,9 10,0,15,,41350,18,0,5 2 11 2 12,0,55,,41321,18,0,9 10,0,15,,41354,18,0,5 2 11 2 12,0,15,,41328,18,0,9 10,0,15,,41355,18,0,5 2 11 2 12,0,55,,41305,18,0,9 10,0,14,,41356,18,0,5 2 11 2 12,0,14,,41314,18,0,9 10,0,70,,41322,18,0,9 10,0,30,,41329,18,0,9 10,0,70,,41306,18,0,9 10,0,25,,41359,18,0,9 10,0,70,,41358,18,0,5 2 11 2 12,0
702029,'1867',641,,41383,18,0,9 10,0,65,,43880,18,0,9 10,0,30,,43886,18,0,9 10,0,70,,41381,18,0,9 10,0,16,,41402,18,0,5 2 11 2 12,0,16,,43879,18,0,9 10,0,15,,41414,18,0,5 2 11 2 12,0,55,,43885,18,0,9 10,0,15,,41395,18,0,5 2 11 2 12,0,15,,41372,18,0,9 10,0,15,,41400,18,0,5 2 11 2 12,0,55,,43878,18,0,9 10,0,15,,41409,18,0,5 2 11 2 12,0,16,,41390,18,0,9 10,0,15,,41410,18,0,5 2 11 2 12,0,55,,43882,18,0,9 10,0,15,,41401,18,0,5 2 11 2 12,0,15,,41368,18,0,9 10,0,15,,41420,18,0,5 2 11 2 12,0,55,,43888,18,0,9 10,0,15,,41398,18,0,5 2 11 2 12,0,15,,41379,18,0,9 10,0,15,,41412,18,0,5 2 11 2 12,0,55,,41367,18,0,9 10,0,16,,41421,18,0,5 2 11 2 12,0,16,,43887,18,0,9 10,0,15,,41404,18,0,5 2 11 2 12,0,55,,41378,18,0,9 10,0,15,,41407,18,0,5 2 11 2 12,0,15,,43877,18,0,9 10,0,15,,41419,18,0,5 2 11 2 12,0,55,,41387,18,0,9 10,0,15,,41399,18,0,5 2 11 2 12,0,15,,43881,18,0,9 10,0,15,,41408,18,0,5 2 11 2 12,0,55,,41365,18,0,9 10,0,15,,41417,18,0,5 2 11 2 12,0,15,,43889,18,0,9 10,0,15,,41397,18,0,5 2 11 2 12,0,55,,41373,18,0,9 10,0,14,,41413,18,0,5 2 11 2 12,0,14,,43876,18,0,9 10,0,15,,41415,18,0,5 2 11 2 12,0,55,,41389,18,0,9 10,0,14,,41405,18,0,5 2 11 2 12,0,14,,43884,18,0,9 10,0,15,,41411,18,0,5 2 11 2 12,0,55,,43875,18,0,9 10,0,15,,41416,18,0,5 2 11 2 12,0,15,,41391,18,0,9 10,0,15,,41403,18,0,5 2 11 2 12,0,55,,43883,18,0,9 10,0,15,,41406,18,0,5 2 11 2 12,0,15,,43874,18,0,9 10,0,15,,41418,18,0,5 2 11 2 12,0,55,,41388,18,0,9 10,0,14,,41396,18,0,5 2 11 2 12,0,14,,41380,18,0,9 10,0,70,,43873,18,0,9 10,0,30,,41392,18,0,9 10,0,70,,41376,18,0,9 10,0,25,,43890,18,0,9 10,0,70,,41422,18,0,5 2 11 2 12,0
702029,'1871',751,,41171,18,0,9 10,0,561,,41180,18,0,9 10,0,231,,41228,18,0,9 10,0,580,,41222,18,0,5 2 11 2 12,0
702029,'1873',641,,41074,18,0,9 10,0,65,,41042,18,0,9 10,0,30,,41051,18,0,9 10,0,70,,41059,18,0,9 10,0,16,,41101,18,0,5 2 11 2 12,0,16,,41067,18,0,9 10,0,15,,41095,18,0,5 2 11 2 12,0,55,,41043,18,0,9 10,0,15,,41096,18,0,5 2 11 2 12,0,15,,41052,18,0,9 10,0,15,,41097,18,0,5 2 11 2 12,0,55,,41060,18,0,9 10,0,15,,41086,18,0,5 2 11 2 12,0,16,,41068,18,0,9 10,0,15,,41080,18,0,5 2 11 2 12,0,55,,41044,18,0,9 10,0,15,,41092,18,0,5 2 11 2 12,0,15,,41053,18,0,9 10,0,15,,41084,18,0,5 2 11 2 12,0,55,,41061,18,0,9 10,0,15,,41075,18,0,5 2 11 2 12,0,15,,41069,18,0,9 10,0,15,,41091,18,0,5 2 11 2 12,0,55,,41045,18,0,9 10,0,16,,41085,18,0,5 2 11 2 12,0,16,,41054,18,0,9 10,0,15,,41078,18,0,5 2 11 2 12,0,55,,41062,18,0,9 10,0,15,,41090,18,0,5 2 11 2 12,0,15,,41104,18,0,9 10,0,15,,41083,18,0,5 2 11 2 12,0,55,,41046,18,0,9 10,0,15,,41077,18,0,5 2 11 2 12,0,15,,41055,18,0,9 10,0,15,,41089,18,0,5 2 11 2 12,0,55,,41063,18,0,9 10,0,15,,41081,18,0,5 2 11 2 12,0,15,,41070,18,0,9 10,0,15,,41076,18,0,5 2 11 2 12,0,55,,41047,18,0,9 10,0,14,,41088,18,0,5 2 11 2 12,0,14,,41056,18,0,9 10,0,15,,41082,18,0,5 2 11 2 12,0,55,,41064,18,0,9 10,0,14,,41079,18,0,5 2 11 2 12,0,14,,41071,18,0,9 10,0,15,,41087,18,0,5 2 11 2 12,0,55,,41048,18,0,9 10,0,15,,41093,18,0,5 2 11 2 12,0,15,,41057,18,0,9 10,0,15,,41094,18,0,5 2 11 2 12,0,55,,41065,18,0,9 10,0,15,,41098,18,0,5 2 11 2 12,0,15,,41072,18,0,9 10,0,15,,41099,18,0,5 2 11 2 12,0,55,,41049,18,0,9 10,0,14,,41100,18,0,5 2 11 2 12,0,14,,41058,18,0,9 10,0,70,,41066,18,0,9 10,0,30,,41073,18,0,9 10,0,70,,41050,18,0,9 10,0,25,,41103,18,0,9 10,0,70,,41102,18,0,5 2 11 2 12,0
702029,'1874',706,,41115,18,0,9 10,0,30,,41129,18,0,9 10,0,102,,41114,18,0,9 10,0,70,,41128,18,0,9 10,0,100,,41113,18,0,9 10,0,101,,41119,18,0,9 10,0,100,,41137,18,0,9 10,0,132,,41130,18,0,9 10,0,100,,41110,18,0,9 10,0,100,,41118,18,0,9 10,0,100,,41138,18,0,9 10,0,98,,41108,18,0,9 10,0,98,,41126,18,0,9 10,0,70,,41107,18,0,9 10,0,100,,41121,18,0,9 10,0,30,,41106,18,0,9 10,0,168,,41105,18,0,9 10,0,125,,41167,18,0,9 10,0
702029,'1875',641,,41127,18,0,9 10,0,165,,41125,18,0,9 10,0,16,,41146,18,0,5 2 11 2 12,0,31,,41158,18,0,5 2 11 2 12,0,70,,41139,18,0,5 2 11 2 12,0,15,,41116,18,0,9 10,0,15,,41144,18,0,5 2 11 2 12,0,70,,41153,18,0,5 2 11 2 12,0,16,,41134,18,0,9 10,0,15,,41154,18,0,5 2 11 2 12,0,70,,41145,18,0,5 2 11 2 12,0,15,,41112,18,0,9 10,0,15,,41164,18,0,5 2 11 2 12,0,70,,41142,18,0,5 2 11 2 12,0,15,,41123,18,0,9 10,0,15,,41156,18,0,5 2 11 2 12,0,55,,41111,18,0,9 10,0,16,,41165,18,0,5 2 11 2 12,0,31,,41148,18,0,5 2 11 2 12,0,55,,41122,18,0,9 10,0,15,,41151,18,0,5 2 11 2 12,0,30,,41163,18,0,5 2 11 2 12,0,55,,41131,18,0,9 10,0,15,,41143,18,0,5 2 11 2 12,0,30,,41152,18,0,5 2 11 2 12,0,55,,41109,18,0,9 10,0,15,,41161,18,0,5 2 11 2 12,0,30,,41141,18,0,5 2 11 2 12,0,55,,41117,18,0,9 10,0,14,,41157,18,0,5 2 11 2 12,0,29,,41159,18,0,5 2 11 2 12,0,55,,41133,18,0,9 10,0,14,,41149,18,0,5 2 11 2 12,0,29,,41155,18,0,5 2 11 2 12,0,70,,41160,18,0,5 2 11 2 12,0,15,,41135,18,0,9 10,0,15,,41147,18,0,5 2 11 2 12,0,70,,41150,18,0,5 2 11 2 12,0,30,,41162,18,0,5 2 11 2 12,0,55,,41132,18,0,9 10,0,14,,41140,18,0,5 2 11 2 12,0,14,,41124,18,0,9 10,0,100,,41136,18,0,9 10,0,70,,41120,18,0,9 10,0,95,,41166,18,0,5 2 11 2 12,0
702029,'1876',751,,43891,18,0,9 10,0,561,,43892,18,0,9 10,0,231,,43894,18,0,9 10,0,580,,43893,18,0,5 2 11 2 12,0
702029,'1878',706,,43902,18,0,9 10,0,30,,43908,18,0,9 10,0,102,,43901,18,0,9 10,0,70,,43907,18,0,9 10,0,100,,43900,18,0,9 10,0,101,,43904,18,0,9 10,0,100,,43910,18,0,9 10,0,132,,43909,18,0,9 10,0,100,,43899,18,0,9 10,0,100,,43903,18,0,9 10,0,100,,43911,18,0,9 10,0,98,,43898,18,0,9 10,0,98,,43906,18,0,9 10,0,70,,43897,18,0,9 10,0,100,,43905,18,0,9 10,0,30,,43896,18,0,9 10,0,168,,43895,18,0,9 10,0,125,,43912,18,0,9 10,0
14000001019,'1838',2423,,41975,32,,,0,30,,43952,32,,,0,70,,41972,32,,,0,30,,41976,32,,,0,70,,43951,32,,,0
14000001019,'1857',2423,,41982,32,,,0,100,,24893,32,,,0,30,,41981,32,,,0
14000001019,'1865',2423,,41987,32,,,0,30,,43954,32,,,0,70,,41985,32,,,0,30,,41986,32,,,0,70,,43953,32,,,0
14000001019,'1866',2423,,41992,32,,,0,30,,41988,32,,,0,70,,41991,32,,,0,30,,41990,32,,,0,70,,41989,32,,,0
14000001019,'1867',2423,,41996,32,,,0,30,,43956,32,,,0,70,,41993,32,,,0,30,,41997,32,,,0,70,,43955,32,,,0
14000001019,'1871',2453,,41980,32,,,0,170,,41979,32,,,0
14000001019,'1873',2423,,34766,32,,,0,30,,34763,32,,,0,70,,24899,32,,,0,30,,34765,32,,,0,70,,34764,32,,,0
14000001019,'1874',2453,,41978,32,,,0,170,,41977,32,,,0
14000001019,'1875',2423,,34769,32,,,0,100,,24901,32,,,0,30,,34770,32,,,0
14000001019,'1876',2453,,43958,32,,,0,170,,43957,32,,,0
14000001019,'1878',2453,,43960,32,,,0,170,,43959,32,,,0
