1029,'1800',622,,28457,43,,,0,100,,28458,43,,,0,100,,28459,43,,,0,100,,28460,43,,,0,100,,28461,43,,,0,100,,28462,43,,,0,100,,28463,43,,,0,100,,28464,43,,,0,100,,28465,43,,,0,100,,28466,43,,,0,100,,28467,43,,,0,100,,28468,43,,,0,100,,28469,43,,,0,100,,28470,43,,,0,100,,28471,43,,,0,100,,28472,43,,,0,100,,28473,43,,,0,95,,28474,43,,,0
1029,'1838',622,,34957,43,,,0,100,,34958,43,,,0,100,,34959,43,,,0,100,,34960,43,,,0,100,,34961,43,,,0,100,,34962,43,,,0,100,,34963,43,,,0,100,,34964,43,,,0,100,,34965,43,,,0,100,,34966,43,,,0,100,,34967,43,,,0,100,,34968,43,,,0,100,,34969,43,,,0,100,,34970,43,,,0,100,,34971,43,,,0,100,,34972,43,,,0,100,,34973,43,,,0,95,,34974,43,,,0
1029,'1850',622,,28555,43,,,0,30,,28556,43,,,0,70,,28576,43,,,0,30,,28552,43,,,0,70,,28547,43,,,0,30,,28580,43,,,0,70,,28550,43,,,0,30,,28557,43,,,0,70,,28575,43,,,0,30,,28554,43,,,0,70,,28546,43,,,0,30,,28579,43,,,0,70,,28551,43,,,0,30,,28558,43,,,0,70,,28574,43,,,0,30,,28553,43,,,0,70,,28548,43,,,0,31,,28577,43,,,0,70,,28549,43,,,0,30,,28559,43,,,0,70,,28573,43,,,0,30,,28562,43,,,0,70,,28561,43,,,0,29,,28560,43,,,0,70,,28566,43,,,0,30,,28565,43,,,0,70,,28564,43,,,0,30,,28563,43,,,0,70,,28578,43,,,0,30,,28572,43,,,0,70,,28571,43,,,0,30,,28570,43,,,0,70,,28569,43,,,0,30,,28568,43,,,0,65,,28567,43,,,0
1029,'1859',622,,28498,43,,,0,30,,28510,43,,,0,70,,28517,43,,,0,30,,28505,43,,,0,70,,28526,43,,,0,30,,28514,43,,,0,69,,28497,43,,,0,31,,28509,43,,,0,70,,28520,43,,,0,30,,28504,43,,,0,70,,28527,43,,,0,30,,28513,43,,,0,70,,28496,43,,,0,30,,28508,43,,,0,70,,28519,43,,,0,30,,28503,43,,,0,70,,28499,43,,,0,30,,28512,43,,,0,70,,28495,43,,,0,30,,28507,43,,,0,70,,28515,43,,,0,30,,28502,43,,,0,70,,28524,43,,,0,30,,28511,43,,,0,70,,28494,43,,,0,30,,28506,43,,,0,70,,28518,43,,,0,30,,28500,43,,,0,70,,28522,43,,,0,30,,28521,43,,,0,70,,28493,43,,,0,30,,28501,43,,,0,70,,28516,43,,,0,30,,28525,43,,,0,65,,28523,43,,,0
1029,'1861',622,,28528,43,,,0,100,,28529,43,,,0,100,,28530,43,,,0,100,,28531,43,,,0,100,,28532,43,,,0,100,,28533,43,,,0,100,,28534,43,,,0,100,,28535,43,,,0,100,,28536,43,,,0,100,,28537,43,,,0,100,,28538,43,,,0,100,,28539,43,,,0,100,,28540,43,,,0,100,,28541,43,,,0,100,,28542,43,,,0,100,,28543,43,,,0,100,,28544,43,,,0,95,,28545,43,,,0
1029,'1864',622,,34984,43,,,0,30,,28591,43,,,0,70,,35004,43,,,0,30,,34981,43,,,0,70,,34976,43,,,0,30,,35008,43,,,0,70,,34979,43,,,0,30,,34985,43,,,0,70,,35003,43,,,0,30,,34983,43,,,0,70,,34975,43,,,0,30,,35007,43,,,0,70,,34980,43,,,0,30,,34986,43,,,0,70,,35002,43,,,0,30,,34982,43,,,0,70,,34977,43,,,0,31,,35005,43,,,0,70,,34978,43,,,0,30,,34987,43,,,0,70,,35001,43,,,0,30,,34990,43,,,0,70,,34989,43,,,0,29,,34988,43,,,0,70,,34994,43,,,0,30,,34993,43,,,0,70,,34992,43,,,0,30,,34991,43,,,0,70,,35006,43,,,0,30,,35000,43,,,0,70,,34999,43,,,0,30,,34998,43,,,0,70,,34997,43,,,0,30,,34996,43,,,0,65,,34995,43,,,0
1029,'1865',622,,35018,43,,,0,30,,35019,43,,,0,70,,35039,43,,,0,30,,35015,43,,,0,70,,35010,43,,,0,30,,35043,43,,,0,70,,35013,43,,,0,30,,35020,43,,,0,70,,35038,43,,,0,30,,35017,43,,,0,70,,35009,43,,,0,30,,35042,43,,,0,70,,35014,43,,,0,30,,35021,43,,,0,70,,35037,43,,,0,30,,35016,43,,,0,70,,35011,43,,,0,31,,35040,43,,,0,70,,35012,43,,,0,30,,35022,43,,,0,70,,35036,43,,,0,30,,35025,43,,,0,70,,35024,43,,,0,29,,35023,43,,,0,70,,35029,43,,,0,30,,35028,43,,,0,70,,35027,43,,,0,30,,35026,43,,,0,70,,35041,43,,,0,30,,35035,43,,,0,70,,35034,43,,,0,30,,35033,43,,,0,70,,35032,43,,,0,30,,35031,43,,,0,65,,35030,43,,,0
1029,'1866',622,,35049,43,,,0,30,,35061,43,,,0,70,,35068,43,,,0,30,,35056,43,,,0,70,,35077,43,,,0,30,,35065,43,,,0,69,,35048,43,,,0,31,,35060,43,,,0,70,,35071,43,,,0,30,,35055,43,,,0,70,,35078,43,,,0,30,,35064,43,,,0,70,,35047,43,,,0,30,,35059,43,,,0,70,,35070,43,,,0,30,,35054,43,,,0,70,,35050,43,,,0,30,,35063,43,,,0,70,,35046,43,,,0,30,,35058,43,,,0,70,,35066,43,,,0,30,,35053,43,,,0,70,,35075,43,,,0,30,,35062,43,,,0,70,,35045,43,,,0,30,,35057,43,,,0,70,,35069,43,,,0,30,,35051,43,,,0,70,,35073,43,,,0,30,,35072,43,,,0,70,,35044,43,,,0,30,,35052,43,,,0,70,,35067,43,,,0,30,,35076,43,,,0,65,,35074,43,,,0
1029,'1867',622,,35079,43,,,0,100,,35080,43,,,0,100,,35081,43,,,0,100,,35082,43,,,0,100,,35083,43,,,0,100,,35084,43,,,0,100,,35085,43,,,0,100,,35086,43,,,0,100,,35087,43,,,0,100,,35088,43,,,0,100,,35089,43,,,0,100,,35090,43,,,0,100,,35091,43,,,0,100,,35092,43,,,0,100,,35093,43,,,0,100,,35094,43,,,0,100,,35095,43,,,0,95,,35096,43,,,0
2029,'1800',637,,19696,40,,,0,70,,19704,40,,,0,30,,19715,40,,,0,70,,19710,40,,,0,30,,19697,40,,,0,70,,19705,40,,,0,30,,19716,40,,,0,70,,19711,40,,,0,30,,19698,40,,,0,70,,19706,40,,,0,30,,19717,40,,,0,70,,19712,40,,,0,30,,19699,40,,,0,70,,19707,40,,,0,30,,19718,40,,,0,70,,19713,40,,,0,30,,19700,40,,,0,70,,19708,40,,,0,30,,19719,40,,,0,70,,19714,40,,,0,30,,19701,40,,,0,70,,19709,40,,,0,30,,19720,40,,,0,100,,19702,40,,,0,100,,19721,40,,,0,100,,19703,40,,,0,100,,19722,40,,,0,100,,19695,40,,,0
2029,'1838',637,,35220,40,,,0,70,,35228,40,,,0,30,,35239,40,,,0,70,,35234,40,,,0,30,,35221,40,,,0,70,,35229,40,,,0,30,,35240,40,,,0,70,,35235,40,,,0,30,,35222,40,,,0,70,,35230,40,,,0,30,,35241,40,,,0,70,,35236,40,,,0,30,,35223,40,,,0,70,,35231,40,,,0,30,,35242,40,,,0,70,,35237,40,,,0,30,,35224,40,,,0,70,,35232,40,,,0,30,,35243,40,,,0,70,,35238,40,,,0,30,,35225,40,,,0,70,,35233,40,,,0,30,,35244,40,,,0,100,,35226,40,,,0,100,,35245,40,,,0,100,,35227,40,,,0,100,,35246,40,,,0,100,,35219,40,,,0
2029,'1850',540,,28675,25,,,0,67,,28649,40,,,0,30,,28650,40,,,0,70,,28651,40,,,0,30,,28652,40,,,0,70,,28653,40,,,0,30,,28654,40,,,0,70,,28655,40,,,0,30,,28656,40,,,0,70,,28657,40,,,0,30,,28658,40,,,0,70,,28659,40,,,0,30,,28660,40,,,0,70,,28661,40,,,0,30,,28662,40,,,0,70,,28663,40,,,0,30,,28664,40,,,0,70,,28665,40,,,0,30,,28666,40,,,0,70,,28667,40,,,0,30,,28668,40,,,0,70,,28669,40,,,0,30,,28670,40,,,0,70,,28671,40,,,0,30,,28672,40,,,0,70,,28673,40,,,0,30,,28674,40,,,0,70,,28678,40,,,0,30,,28679,40,,,0,100,,28680,40,,,0,100,,28681,40,,,0,100,,28677,40,,,0
2029,'1857',540,,19588,25,,,0,67,,19562,40,,,0,30,,19563,40,,,0,70,,19564,40,,,0,30,,19565,40,,,0,70,,19566,40,,,0,30,,19567,40,,,0,70,,19568,40,,,0,30,,19569,40,,,0,70,,19570,40,,,0,30,,19571,40,,,0,70,,19572,40,,,0,30,,19573,40,,,0,70,,19574,40,,,0,30,,19575,40,,,0,70,,19576,40,,,0,30,,19577,40,,,0,70,,19578,40,,,0,30,,19579,40,,,0,70,,19580,40,,,0,30,,19581,40,,,0,70,,19582,40,,,0,30,,19583,40,,,0,70,,19584,40,,,0,30,,19585,40,,,0,70,,19586,40,,,0,30,,19587,40,,,0,70,,19591,40,,,0,30,,19592,40,,,0,100,,19593,40,,,0,100,,19594,40,,,0,100,,19590,40,,,0
2029,'1859',607,,19628,40,0,5 2 15 16 17,0,30,,19611,40,,,0,70,,19618,40,,,0,30,,19597,40,,,0,70,,19603,40,,,0,30,,19612,40,,,0,70,,19619,40,,,0,30,,19598,40,,,0,70,,19604,40,,,0,30,,19613,40,,,0,70,,19620,40,,,0,30,,19599,40,,,0,70,,19605,40,,,0,30,,19614,40,,,0,70,,19621,40,,,0,30,,19600,40,,,0,70,,19606,40,,,0,30,,19615,40,,,0,70,,19622,40,,,0,30,,19601,40,,,0,70,,19607,40,,,0,30,,19616,40,,,0,70,,19623,40,,,0,30,,19602,40,,,0,70,,19608,40,,,0,30,,19617,40,,,0,70,,19624,40,,,0,30,,19609,40,,,0,100,,19625,40,,,0,100,,19610,40,,,0,100,,19626,40,,,0
2029,'1861',637,,19632,40,,,0,70,,19640,40,,,0,30,,19651,40,,,0,70,,19646,40,,,0,30,,19633,40,,,0,70,,19641,40,,,0,30,,19652,40,,,0,70,,19647,40,,,0,30,,19634,40,,,0,70,,19642,40,,,0,30,,19653,40,,,0,70,,19648,40,,,0,30,,19635,40,,,0,70,,19643,40,,,0,30,,19654,40,,,0,70,,19649,40,,,0,30,,19636,40,,,0,70,,19644,40,,,0,30,,19655,40,,,0,70,,19650,40,,,0,30,,19637,40,,,0,70,,19645,40,,,0,30,,19656,40,,,0,100,,19638,40,,,0,100,,19657,40,,,0,100,,19639,40,,,0,100,,19658,40,,,0,100,,19631,40,,,0
2029,'1865',540,,35277,25,,,0,67,,35251,40,,,0,30,,35252,40,,,0,70,,35253,40,,,0,30,,35254,40,,,0,70,,35255,40,,,0,30,,35256,40,,,0,70,,35257,40,,,0,30,,35258,40,,,0,70,,35259,40,,,0,30,,35260,40,,,0,70,,35261,40,,,0,30,,35262,40,,,0,70,,35263,40,,,0,30,,35264,40,,,0,70,,35265,40,,,0,30,,35266,40,,,0,70,,35267,40,,,0,30,,35268,40,,,0,70,,35269,40,,,0,30,,35270,40,,,0,70,,35271,40,,,0,30,,35272,40,,,0,70,,35273,40,,,0,30,,35274,40,,,0,70,,35275,40,,,0,30,,35276,40,,,0,70,,35280,40,,,0,30,,35281,40,,,0,100,,35282,40,,,0,100,,35283,40,,,0,100,,35279,40,,,0
2029,'1866',607,,35317,40,0,5 2 15 16 17,0,30,,35300,40,,,0,70,,35307,40,,,0,30,,35286,40,,,0,70,,35292,40,,,0,30,,35301,40,,,0,70,,35308,40,,,0,30,,35287,40,,,0,70,,35293,40,,,0,30,,35302,40,,,0,70,,35309,40,,,0,30,,35288,40,,,0,70,,35294,40,,,0,30,,35303,40,,,0,70,,35310,40,,,0,30,,35289,40,,,0,70,,35295,40,,,0,30,,35304,40,,,0,70,,35311,40,,,0,30,,35290,40,,,0,70,,35296,40,,,0,30,,35305,40,,,0,70,,35312,40,,,0,30,,35291,40,,,0,70,,35297,40,,,0,30,,35306,40,,,0,70,,35313,40,,,0,30,,35298,40,,,0,100,,35314,40,,,0,100,,35299,40,,,0,100,,35315,40,,,0
2029,'1867',637,,35321,40,,,0,70,,35329,40,,,0,30,,35340,40,,,0,70,,35335,40,,,0,30,,35322,40,,,0,70,,35330,40,,,0,30,,35341,40,,,0,70,,35336,40,,,0,30,,35323,40,,,0,70,,35331,40,,,0,30,,35342,40,,,0,70,,35337,40,,,0,30,,35324,40,,,0,70,,35332,40,,,0,30,,35343,40,,,0,70,,35338,40,,,0,30,,35325,40,,,0,70,,35333,40,,,0,30,,35344,40,,,0,70,,35339,40,,,0,30,,35326,40,,,0,70,,35334,40,,,0,30,,35345,40,,,0,100,,35327,40,,,0,100,,35346,40,,,0,100,,35328,40,,,0,100,,35347,40,,,0,100,,35320,40,,,0
14000001029,'1800',545,,42000,24,0,18 7,0,1813,,41998,24,,,0,70,,24949,24,,,0,30,,34783,24,,,0,70,,41999,24,,,0,30,,24948,24,,,0,70,,34781,24,,,0
14000001029,'1838',545,,42007,24,0,18 7,0,1813,,42001,24,,,0,70,,42005,24,,,0,30,,42006,24,,,0,70,,42003,24,,,0,30,,42004,24,,,0,70,,42002,24,,,0
14000001029,'1850',444,,34800,24,0,18 7,0,102,,34801,24,0,18 7,0,1812,,34803,24,,,0,70,,34804,24,,,0,30,,34807,24,,,0,70,,34802,24,,,0,30,,34805,24,,,0,70,,34806,24,,,0
14000001029,'1857',2428,,24920,24,,,0,130,,24921,24,,,0
14000001029,'1859',545,,34793,24,0,18 7,0,1813,,34794,24,,,0,70,,24925,24,,,0,30,,34790,24,,,0,70,,34791,24,,,0,30,,24929,24,,,0,70,,34792,24,,,0
14000001029,'1861',2428,,24935,24,,,0,30,,34798,24,,,0,100,,24934,24,,,0,70,,34796,24,,,0
14000001029,'1863',545,,42010,24,0,18 7,0,1813,,42008,24,,,0,170,,42009,24,,,0
14000001029,'1864',444,,34808,24,0,18 7,0,102,,42011,24,0,18 7,0,1812,,42013,24,,,0,100,,42015,24,,,0,70,,42012,24,,,0,100,,42014,24,,,0
14000001029,'1865',444,,42016,24,0,18 7,0,102,,42017,24,0,18 7,0,1812,,42019,24,,,0,70,,42020,24,,,0,30,,42023,24,,,0,70,,42018,24,,,0,30,,42021,24,,,0,70,,42022,24,,,0
14000001029,'1866',545,,42028,24,0,18 7,0,1813,,42030,24,,,0,70,,42025,24,,,0,30,,42024,24,,,0,70,,42026,24,,,0,30,,42029,24,,,0,70,,42027,24,,,0
14000001029,'1867',545,,42037,24,0,18 7,0,1813,,42031,24,,,0,70,,42035,24,,,0,30,,42036,24,,,0,70,,42033,24,,,0,30,,42034,24,,,0,70,,42032,24,,,0
