15019,'1838',724,,45028,30,,,0,100,,36883,30,,,0,100,,36886,30,,,0,101,,45027,30,,,0,100,,36881,30,,,0,100,,36879,30,,,0,101,,45026,30,,,0,100,,36880,30,,,0,100,,36877,30,,,0,99,,45025,30,,,0,100,,36875,30,,,0,100,,36876,30,,,0,100,,45024,30,,,0,99,,36887,30,,,0
15019,'1865',649,,36905,30,,,0,70,,45029,30,,,0,35,,36907,30,,,0,70,,36908,30,,,0,26,,36909,30,,,0,70,,36910,30,,,0,30,,36911,30,,,0,70,,45030,30,,,0,30,,45031,30,,,0,70,,42569,30,,,0,30,,45032,30,,,0,70,,45033,30,,,0,30,,42570,30,,,0,70,,36918,30,,,0,30,,45034,30,,,0,70,,36920,30,,,0,32,,36921,30,,,0,70,,45035,30,,,0,30,,45036,30,,,0,70,,36924,30,,,0,29,,36925,30,,,0,70,,36926,30,,,0,28,,45037,30,,,0,70,,36928,30,,,0,30,,45038,30,,,0,70,,45039,30,,,0,30,,36931,30,,,0,100,,45040,30,,,0,99,,45041,30,,,0,100,,45042,30,0,5 2 6 7,0
15019,'1866',724,,36935,30,,,0,100,,45043,30,,,0,100,,36937,30,,,0,101,,36938,30,,,0,100,,45044,30,,,0,100,,36940,30,,,0,101,,36941,30,,,0,100,,45045,30,,,0,100,,36943,30,,,0,99,,36944,30,,,0,100,,45046,30,,,0,100,,36946,30,,,0,100,,36947,30,,,0,99,,45047,30,,,0
15019,'1867',724,,45053,30,,,0,100,,36959,30,,,0,100,,36962,30,,,0,101,,45052,30,,,0,100,,36957,30,,,0,100,,36955,30,,,0,101,,45051,30,,,0,100,,36956,30,,,0,100,,36953,30,,,0,99,,45050,30,,,0,100,,36951,30,,,0,100,,36952,30,,,0,100,,45049,30,,,0,99,,36963,30,,,0
15019,'1873',724,,30301,30,,,0,200,,30303,30,,,0,101,,30304,30,,,0,200,,30306,30,,,0,101,,30307,30,,,0,200,,30309,30,,,0,99,,30310,30,,,0,200,,30312,30,,,0,100,,30313,30,,,0
15019,'1878',824,,30325,30,,,0,100,,30328,30,,,0,201,,30323,30,,,0,100,,30321,30,,,0,201,,30322,30,,,0,100,,30319,30,,,0,199,,30317,30,,,0,100,,30318,30,,,0,199,,30329,30,,,0
15019,'1881',719,,36889,30,,,0,301,,36890,30,,,0,30,,36891,30,,,0,100,,36893,30,,,0,70,,36894,30,,,0,130,,36896,30,,,0,172,,36897,30,,,0,30,,36898,30,,,0,197,,30384,30,,,0,100,,36899,30,,,0,70,,42574,30,,,0,130,,36901,30,,,0,99,,36902,30,,,0,100,,36903,30,0,5 2 6 7,0
15019,'1882',649,,30362,30,,,0,105,,30364,30,,,0,70,,30365,30,,,0,26,,30366,30,,,0,70,,30367,30,,,0,30,,30368,30,,,0,170,,42572,30,,,0,130,,42573,30,,,0,70,,30375,30,,,0,100,,30377,30,,,0,32,,30378,30,,,0,170,,30381,30,,,0,29,,30382,30,,,0,70,,30383,30,,,0,98,,30385,30,,,0,130,,30388,30,,,0
15019,'1886',719,,45054,30,,,0,301,,45055,30,,,0,30,,45056,30,,,0,100,,45057,30,,,0,70,,45058,30,,,0,130,,45059,30,,,0,172,,45060,30,,,0,30,,45061,30,,,0,197,,45062,30,,,0,100,,45063,30,,,0,70,,45064,30,,,0,130,,45065,30,,,0,99,,45066,30,,,0,100,,45067,30,0,5 2 6 7,0
15019,'1887',824,,45068,30,,,0,301,,45069,30,,,0,301,,45070,30,,,0,299,,45071,30,,,0,299,,45072,30,,,0
15019,'1888',724,,45078,30,,,0,301,,45077,30,,,0,301,,45076,30,,,0,299,,45075,30,,,0,300,,45074,30,,,0
