16029,'1799',932,,21364,15,,,0,702,,21369,15,,,0,403,,21371,15,,,0
16029,'1800',738,,25940,15,,,0,99,,25941,15,,,0,95,,21379,15,,,0,104,,25945,15,,,0,98,,25948,15,,,0,100,,25944,15,,,0,101,,25946,15,,,0,100,,25938,15,,,0,100,,25939,15,,,0,99,,21384,15,,,0,99,,25942,15,,,0,101,,25947,15,,,0,100,,25943,15,,,0,103,,21386,15,,,0,97,,25949,15,,,0
16029,'1829',606,,21283,15,,,0,30,,21284,15,,,0,73,,21285,15,,,0,36,,21286,15,,,0,71,,21287,15,,,0,32,,21288,15,,,0,70,,21289,15,,,0,29,,21290,15,,,0,67,,21291,15,,,0,30,,21292,15,,,0,100,,21294,15,,,0,70,,21295,15,,,0,130,,21298,15,,,0,71,,21299,15,,,0,32,,21300,15,,,0,71,,21301,15,,,0,29,,21302,15,,,0,72,,21303,15,,,0,30,,21304,15,,,0,69,,21305,15,,,0,28,,21306,15,,,0,266,,21310,15,,,0,24,,21311,15,,,0,169,,21314,15,,,0
16029,'1831',607,,21323,15,,,0,27,,21338,15,,,0,70,,21331,15,,,0,30,,21316,15,,,0,70,,21324,15,,,0,30,,21339,15,,,0,70,,21332,15,,,0,28,,21317,15,,,0,71,,21325,15,,,0,30,,21340,15,,,0,70,,21333,15,,,0,31,,21318,15,,,0,70,,21326,15,,,0,30,,21341,15,,,0,71,,21334,15,,,0,30,,21319,15,,,0,71,,21327,15,,,0,29,,21342,15,,,0,71,,21335,15,,,0,30,,21320,15,,,0,69,,21328,15,,,0,30,,21343,15,,,0,69,,21336,15,,,0,29,,21321,15,,,0,71,,21329,15,,,0,30,,21344,15,,,0,70,,21337,15,,,0,30,,21322,15,,,0,70,,21330,15,,,0,31,,21345,15,,,0,97,,21346,15,,,0,73,,21347,15,,,0
16029,'1832',738,,21351,15,,,0,99,,21352,15,,,0,199,,21358,15,,,0,98,,21361,15,,,0,100,,21357,15,,,0,101,,21359,15,,,0,100,,21348,15,,,0,100,,21350,15,,,0,198,,21353,15,,,0,101,,21360,15,,,0,100,,21355,15,,,0,200,,21362,15,,,0
16029,'1833',932,,21349,15,,,0,702,,21354,15,,,0,403,,21356,15,,,0
16029,'1834',738,,21366,15,,,0,99,,21367,15,,,0,199,,21373,15,,,0,98,,21376,15,,,0,100,,21372,15,,,0,101,,21374,15,,,0,100,,21363,15,,,0,100,,21365,15,,,0,198,,21368,15,,,0,101,,21375,15,,,0,100,,21370,15,,,0,200,,21377,15,,,0
16029,'1835',1114,,25950,15,,,0,130,,25951,15,,,0,70,,25952,15,,,0,501,,25953,15,,,0,30,,25958,15,,,0,67,,25954,15,,,0,30,,25955,15,,,0,164,,25956,15,,,0,29,,25957,15,,,0
16029,'1837',738,,25961,15,,,0,99,,25962,15,,,0,199,,25966,15,,,0,98,,25969,15,,,0,100,,25965,15,,,0,101,,25967,15,,,0,100,,25959,15,,,0,100,,25960,15,,,0,198,,25963,15,,,0,101,,25968,15,,,0,100,,25964,15,,,0,200,,25970,15,,,0
16029,'1838',738,,25973,15,,,0,99,,25974,15,,,0,199,,25978,15,,,0,98,,25981,15,,,0,100,,25977,15,,,0,101,,25979,15,,,0,100,,25971,15,,,0,100,,25972,15,,,0,198,,25975,15,,,0,101,,25980,15,,,0,100,,25976,15,,,0,200,,25982,15,,,0
