4019,'1838',1943,,35394,17,4,,0,100,,35392,17,4,,0,100,,35393,17,4,,0
4019,'1866',1943,,35500,17,4,,0,70,,35498,17,4,,0,30,,35506,17,4,,0,70,,35491,17,4,,0,30,,35501,17,4,,0,100,,35503,17,4,,0
4019,'1867',1943,,35537,17,4,,0,100,,35535,17,4,,0,100,,35536,17,4,,0
4019,'1873',1943,,35410,17,4,,0,70,,28753,17,4,,0,30,,28761,17,4,,0,70,,28746,17,4,,0,30,,28756,17,4,,0,100,,28758,17,4,,0
4019,'1875',1943,,35437,17,4,,0,100,,28790,17,4,,0,100,,28791,17,4,,0
4029,'1838',715,,35575,1,,,0,30,,42223,1,,,0,70,,35573,1,,,0,30,,35576,1,,,0,69,,42222,1,,,0,30,,35566,1,,,0,68,,35569,1,,,0,30,,35554,1,,,0,70,,35559,1,,,0,30,,35562,1,,,0,68,,35565,1,,,0,30,,35567,1,,,0,70,,35555,1,,,0,30,,35558,1,,,0,70,,35561,1,,,0,30,,35564,1,,,0,70,,35568,1,,,0,30,,35556,1,,,0,70,,35557,1,,,0,30,,35560,1,,,0,70,,35563,1,,,0,30,,42225,1,,,0,70,,35580,1,,,0,35,,35582,1,,,0,70,,42224,1,,,0,30,,35572,1,,,0,70,,35578,1,,,0,30,,35570,1,,,0,100,,35571,1,,,0
4029,'1857',645,,29018,1,,,0,70,,29019,1,,,0,24,,29020,1,,,0,76,,29021,1,,,0,24,,29022,1,,,0,71,,35594,1,,,0,30,,29024,1,,,0,70,,29025,1,,,0,100,,29027,1,,,0,30,,29028,1,,,0,70,,29029,1,,,0,30,,29030,1,,,0,100,,29032,1,,,0,70,,29033,1,,,0,100,,35598,1,,,0,100,,35600,1,,,0,100,,35602,1,,,0,36,,35603,1,,,0,68,,35604,1,,,0,29,,35605,1,,,0,70,,29043,1,,,0,30,,29044,1,,,0,72,,29045,1,,,0,30,,29046,1,,,0,70,,35606,1,,,0,30,,29048,1,,,0
4029,'1865',615,,42226,1,,,0,30,,35608,1,,,0,70,,35609,1,,,0,24,,35610,1,,,0,76,,35611,1,,,0,24,,35612,1,,,0,71,,35613,1,,,0,30,,35614,1,,,0,70,,35615,1,,,0,30,,42227,1,,,0,70,,35617,1,,,0,30,,35618,1,,,0,70,,35619,1,,,0,30,,35620,1,,,0,70,,42228,1,,,0,30,,35622,1,,,0,70,,35623,1,,,0,35,,42229,1,,,0,65,,35625,1,,,0,36,,42230,1,,,0,64,,35627,1,,,0,36,,42231,1,,,0,64,,35629,1,,,0,36,,35630,1,,,0,68,,35631,1,,,0,29,,35632,1,,,0,70,,35633,1,,,0,30,,35634,1,,,0,72,,35635,1,,,0,30,,35636,1,,,0,70,,35637,1,,,0,30,,35638,1,,,0
4029,'1866',617,,35663,1,,,0,28,,35664,1,,,0,70,,35665,1,,,0,30,,35666,1,,,0,70,,35667,1,,,0,30,,35668,1,,,0,69,,35669,1,,,0,30,,35656,1,,,0,70,,35650,1,,,0,28,,35643,1,,,0,70,,35654,1,,,0,28,,35660,1,,,0,70,,35655,1,,,0,30,,35642,1,,,0,70,,35647,1,,,0,30,,35658,1,,,0,70,,35641,1,,,0,30,,35657,1,,,0,70,,35652,1,,,0,30,,35644,1,,,0,70,,35639,1,,,0,30,,35659,1,,,0,70,,35662,1,,,0,30,,35653,1,,,0,70,,35648,1,,,0,30,,35670,1,,,0,75,,35645,1,,,0,30,,35640,1,,,0,70,,35646,1,,,0,30,,35651,1,,,0,70,,35661,1,,,0,30,,35649,1,,,0
4029,'1867',715,,35692,1,,,0,30,,42233,1,,,0,70,,35690,1,,,0,30,,35693,1,,,0,69,,42232,1,,,0,30,,35683,1,,,0,68,,35686,1,,,0,30,,35671,1,,,0,70,,35676,1,,,0,30,,35679,1,,,0,68,,35682,1,,,0,30,,35684,1,,,0,70,,35672,1,,,0,30,,35675,1,,,0,70,,35678,1,,,0,30,,35681,1,,,0,70,,35685,1,,,0,30,,35673,1,,,0,70,,35674,1,,,0,30,,35677,1,,,0,70,,35680,1,,,0,30,,42235,1,,,0,70,,35697,1,,,0,35,,35699,1,,,0,70,,42234,1,,,0,30,,35689,1,,,0,70,,35695,1,,,0,30,,35687,1,,,0,100,,35688,1,,,0
4029,'1871',615,,35593,1,,,0,425,,35595,1,,,0,270,,35596,1,,,0,135,,35597,1,,,0,101,,35599,1,,,0,100,,35601,1,,,0
4029,'1873',617,,28948,1,,,0,28,,35583,1,,,0,70,,28950,1,,,0,30,,28951,1,,,0,70,,28952,1,,,0,30,,28953,1,,,0,69,,28954,1,,,0,30,,28941,1,,,0,70,,28935,1,,,0,28,,28928,1,,,0,70,,28939,1,,,0,28,,28945,1,,,0,70,,28940,1,,,0,30,,28927,1,,,0,70,,28932,1,,,0,30,,28943,1,,,0,70,,28926,1,,,0,30,,28942,1,,,0,70,,28937,1,,,0,30,,28929,1,,,0,70,,28924,1,,,0,30,,28944,1,,,0,70,,28947,1,,,0,30,,28938,1,,,0,70,,28933,1,,,0,30,,28955,1,,,0,75,,28930,1,,,0,30,,28925,1,,,0,70,,28931,1,,,0,30,,28936,1,,,0,70,,28946,1,,,0,30,,28934,1,,,0
4029,'1874',745,,35588,1,,,0,169,,35587,1,,,0,826,,35591,1,,,0,175,,35590,1,,,0
4029,'1875',715,,28977,1,,,0,100,,28975,1,,,0,30,,28978,1,,,0,99,,28968,1,,,0,68,,28971,1,,,0,30,,35584,1,,,0,70,,28961,1,,,0,30,,28964,1,,,0,68,,28967,1,,,0,30,,28969,1,,,0,70,,35585,1,,,0,30,,28960,1,,,0,70,,28963,1,,,0,30,,28966,1,,,0,70,,28970,1,,,0,30,,28958,1,,,0,70,,28959,1,,,0,30,,28962,1,,,0,70,,35586,1,,,0,100,,28982,1,,,0,35,,35592,1,,,0,100,,28974,1,,,0,70,,35589,1,,,0,30,,28972,1,,,0,100,,28973,1,,,0
4029,'1876',615,,42236,1,,,0,425,,42237,1,,,0,270,,42238,1,,,0,135,,42239,1,,,0,101,,42240,1,,,0,100,,42241,1,,,0
4029,'1878',745,,42243,1,,,0,169,,42242,1,,,0,826,,42245,1,,,0,175,,42244,1,,,0
501019,'1838',603,,38587,1,,,0,30,,38601,1,,,0,67,,38586,1,,,0,30,,38600,1,,,0,70,,38589,1,,,0,30,,38602,1,,,0,70,,38590,1,,,0,30,,38599,1,,,0,70,,38578,1,,,0,30,,43519,1,,,0,70,,38577,1,,,0,30,,43520,1,,,0,70,,38580,1,,,0,30,,38593,1,,,0,70,,38576,1,,,0,30,,43524,1,,,0,70,,38575,1,,,0,30,,43523,1,,,0,70,,38574,1,,,0,30,,38594,1,,,0,70,,38573,1,,,0,30,,43522,1,,,0,70,,38579,1,,,0,30,,43521,1,,,0,70,,38588,1,,,0,30,,38603,1,,,0,70,,38585,1,,,0,30,,38606,1,,,0,70,,38584,1,,,0,30,,43517,1,,,0,70,,43518,1,,,0,30,,43525,1,,,0,70,,38582,1,,,0,30,,43526,1,,,0,70,,38581,1,,,0
501019,'1857',600,,31935,1,,,0,30,,31936,1,,,0,73,,31937,1,,,0,24,,38626,1,,,0,24,,31939,1,,,0,52,,31940,1,,,0,24,,31941,1,,,0,22,,31942,1,,,0,51,,31943,1,,,0,30,,31944,1,,,0,70,,31945,1,,,0,30,,31946,1,,,0,70,,31947,1,,,0,30,,31948,1,,,0,100,,31950,1,,,0,70,,31951,1,,,0,30,,31952,1,,,0,108,,38630,1,,,0,62,,38631,1,,,0,24,,38632,1,,,0,12,,38633,1,,,0,64,,31959,1,,,0,24,,31960,1,,,0,12,,38634,1,,,0,88,,38636,1,,,0,12,,31964,1,,,0,66,,31965,1,,,0,28,,38637,1,,,0,170,,38640,1,,,0,30,,38641,1,,,0,70,,38642,1,,,0,30,,38643,1,,,0,70,,38644,1,,,0,30,,38645,1,,,0,70,,38646,1,,,0
501019,'1865',600,,38648,1,,,0,30,,38649,1,,,0,73,,38650,1,,,0,24,,38651,1,,,0,24,,38652,1,,,0,52,,38653,1,,,0,24,,38654,1,,,0,22,,38655,1,,,0,51,,38656,1,,,0,30,,38657,1,,,0,70,,38658,1,,,0,30,,38659,1,,,0,70,,38660,1,,,0,30,,38661,1,,,0,70,,43527,1,,,0,30,,38663,1,,,0,70,,38664,1,,,0,30,,38665,1,,,0,70,,43528,1,,,0,26,,43529,1,,,0,12,,38668,1,,,0,62,,38669,1,,,0,24,,38670,1,,,0,12,,38671,1,,,0,64,,38672,1,,,0,24,,38673,1,,,0,12,,38674,1,,,0,64,,43530,1,,,0,24,,38676,1,,,0,12,,38677,1,,,0,66,,38678,1,,,0,28,,38679,1,,,0,70,,43531,1,,,0,30,,43532,1,,,0,70,,38682,1,,,0,30,,38683,1,,,0,70,,38684,1,,,0,30,,38685,1,,,0,70,,38686,1,,,0,30,,38687,1,,,0,70,,38688,1,,,0
501019,'1866',603,,38698,1,,,0,30,,38701,1,,,0,67,,38697,1,,,0,30,,38700,1,,,0,70,,38696,1,,,0,30,,38702,1,,,0,70,,38695,1,,,0,30,,38699,1,,,0,70,,38708,1,,,0,30,,38718,1,,,0,70,,38709,1,,,0,30,,38719,1,,,0,70,,38710,1,,,0,30,,38720,1,,,0,70,,38711,1,,,0,30,,38721,1,,,0,70,,38712,1,,,0,30,,38722,1,,,0,70,,38713,1,,,0,30,,38723,1,,,0,70,,38714,1,,,0,30,,38716,1,,,0,70,,38715,1,,,0,30,,38717,1,,,0,70,,38694,1,,,0,30,,38707,1,,,0,70,,38693,1,,,0,30,,38705,1,,,0,70,,38692,1,,,0,30,,38706,1,,,0,70,,38691,1,,,0,30,,38703,1,,,0,70,,38690,1,,,0,30,,38704,1,,,0,70,,38689,1,,,0
501019,'1867',603,,38739,1,,,0,30,,38753,1,,,0,67,,38738,1,,,0,30,,38752,1,,,0,70,,38741,1,,,0,30,,38754,1,,,0,70,,38742,1,,,0,30,,38751,1,,,0,70,,38730,1,,,0,30,,43535,1,,,0,70,,38729,1,,,0,30,,43536,1,,,0,70,,38732,1,,,0,30,,38745,1,,,0,70,,38728,1,,,0,30,,43540,1,,,0,70,,38727,1,,,0,30,,43539,1,,,0,70,,38726,1,,,0,30,,38746,1,,,0,70,,38725,1,,,0,30,,43538,1,,,0,70,,38731,1,,,0,30,,43537,1,,,0,70,,38740,1,,,0,30,,38755,1,,,0,70,,38737,1,,,0,30,,38758,1,,,0,70,,38736,1,,,0,30,,43533,1,,,0,70,,43534,1,,,0,30,,43541,1,,,0,70,,38734,1,,,0,30,,43542,1,,,0,70,,38733,1,,,0
501019,'1871',1200,,38627,1,,,0,200,,38628,1,,,0,26,,38629,1,,,0,274,,38635,1,,,0,200,,38638,1,,,0,30,,38639,1,,,0
501019,'1873',603,,31831,1,,,0,30,,38610,1,,,0,67,,31830,1,,,0,30,,38609,1,,,0,70,,31829,1,,,0,30,,38611,1,,,0,70,,38607,1,,,0,30,,38608,1,,,0,70,,31841,1,,,0,30,,31851,1,,,0,70,,31842,1,,,0,30,,31852,1,,,0,70,,31843,1,,,0,30,,31853,1,,,0,70,,31844,1,,,0,30,,31854,1,,,0,70,,31845,1,,,0,30,,31855,1,,,0,70,,31846,1,,,0,30,,31856,1,,,0,70,,31847,1,,,0,30,,31849,1,,,0,70,,31848,1,,,0,30,,31850,1,,,0,70,,31827,1,,,0,30,,31840,1,,,0,70,,31826,1,,,0,30,,31838,1,,,0,70,,31825,1,,,0,30,,31839,1,,,0,70,,31824,1,,,0,30,,31836,1,,,0,70,,31823,1,,,0,30,,31837,1,,,0,70,,31822,1,,,0
501019,'1874',1030,,38618,1,,,0,100,,38619,1,,,0,200,,38623,1,,,0,100,,38622,1,,,0,200,,38621,1,,,0,100,,38620,1,,,0,300,,38612,1,,,0,70,,38616,1,,,0,30,,38624,1,,,0,100,,38625,1,,,0
501019,'1875',603,,31872,1,,,0,30,,31886,1,,,0,67,,31871,1,,,0,30,,31885,1,,,0,70,,31874,1,,,0,30,,31887,1,,,0,70,,31875,1,,,0,30,,31884,1,,,0,70,,38614,1,,,0,100,,31862,1,,,0,100,,38615,1,,,0,30,,31878,1,,,0,70,,31861,1,,,0,100,,31860,1,,,0,100,,31859,1,,,0,30,,31879,1,,,0,70,,38613,1,,,0,100,,31864,1,,,0,100,,31873,1,,,0,30,,31888,1,,,0,70,,31870,1,,,0,30,,31891,1,,,0,70,,38617,1,,,0,200,,31867,1,,,0,100,,31866,1,,,0
501019,'1876',1200,,43543,1,,,0,200,,43544,1,,,0,26,,43545,1,,,0,274,,43546,1,,,0,200,,43547,1,,,0,30,,43548,1,,,0
501019,'1878',1030,,43551,1,,,0,100,,43552,1,,,0,200,,43556,1,,,0,100,,43555,1,,,0,200,,43554,1,,,0,100,,43553,1,,,0,300,,43549,1,,,0,70,,43550,1,,,0,30,,43557,1,,,0,100,,43558,1,,,0
501029,'1838',602,,38776,4,4,,0,30,,38805,4,4,,0,22,,38793,16,4,,0,70,,38804,16,4,,0,30,,38792,16,4,,0,70,,38803,16,4,,0,30,,38791,16,4,,0,70,,38806,16,4,,0,31,,38794,16,4,,0,75,,38802,16,4,,0,15,,38822,16,4,,0,55,,38783,16,4,,0,15,,38826,16,4,,0,15,,43560,16,4,,0,15,,38828,16,4,,0,55,,38784,16,4,,0,15,,38815,16,4,,0,15,,43561,16,4,,0,15,,38818,16,4,,0,55,,38778,16,4,,0,15,,38821,16,4,,0,15,,38801,16,4,,0,15,,38824,16,4,,0,55,,38779,16,4,,0,15,,38829,16,4,,0,15,,43564,16,4,,0,15,,38814,16,4,,0,55,,38781,16,4,,0,15,,38817,16,4,,0,15,,43562,16,4,,0,16,,38820,16,4,,0,55,,38777,16,4,,0,15,,38825,16,4,,0,15,,38797,16,4,,0,15,,38827,16,4,,0,55,,38782,16,4,,0,15,,38813,16,4,,0,14,,43563,16,4,,0,15,,38816,16,4,,0,55,,38780,16,4,,0,15,,38819,16,4,,0,15,,43566,16,4,,0,70,,38790,16,4,,0,29,,38812,16,4,,0,15,,38823,16,4,,0,10,,38789,16,4,,0,69,,38808,16,4,,0,30,,38788,16,4,,0,70,,43567,16,4,,0,30,,43559,16,4,,0,70,,43568,16,4,,0,30,,38786,16,4,,0,70,,43565,16,4,,0,25,,38785,16,4,,0
501029,'1857',558,,32272,16,4,,0,99,,32273,16,4,,0,70,,32275,16,4,,0,20,,32276,16,4,,0,55,,32277,16,4,,0,17,,32278,16,4,,0,12,,38856,16,4,,0,13,,32280,16,4,,0,5,,32338,16,4,,0,5,,32281,16,4,,0,51,,32282,16,4,,0,14,,32283,16,4,,0,11,,32284,16,4,,0,15,,32285,16,4,,0,55,,32286,16,4,,0,15,,38857,16,4,,0,15,,32288,16,4,,0,15,,32289,16,4,,0,55,,32290,16,4,,0,16,,32291,16,4,,0,16,,32292,16,4,,0,70,,32294,16,4,,0,15,,32295,16,4,,0,15,,32296,16,4,,0,15,,32297,16,4,,0,70,,32299,16,4,,0,15,,32300,16,4,,0,15,,32301,16,4,,0,55,,32302,16,4,,0,32,,32304,16,4,,0,16,,32305,16,4,,0,8,,38891,4,4,,0,63,,32271,16,4,,0,18,,38888,16,4,,0,6,,38862,16,4,,0,64,,38864,16,4,,0,12,,38865,16,4,,0,12,,38866,16,4,,0,6,,38889,16,4,,0,6,,38867,16,4,,0,63,,32314,16,4,,0,11,,38869,16,4,,0,12,,32316,16,4,,0,10,,38870,16,4,,0,74,,38873,16,4,,0,12,,38874,16,4,,0,12,,32322,16,4,,0,12,,38875,16,4,,0,52,,32324,16,4,,0,12,,38876,16,4,,0,15,,38877,16,4,,0,15,,38878,16,4,,0,155,,38881,16,4,,0,28,,38882,16,4,,0,25,,38883,16,4,,0,70,,38884,16,4,,0,30,,38885,16,4,,0,70,,38886,16,4,,0,26,,38887,16,4,,0
501029,'1865',558,,38894,16,4,,0,99,,38895,16,4,,0,50,,43581,16,4,,0,10,,43570,16,4,,0,10,,38897,16,4,,0,20,,38898,16,4,,0,55,,38899,16,4,,0,17,,38900,16,4,,0,12,,38901,16,4,,0,13,,38902,16,4,,0,5,,38960,16,4,,0,5,,38903,16,4,,0,51,,38904,16,4,,0,14,,38905,16,4,,0,11,,38906,16,4,,0,15,,38907,16,4,,0,55,,38908,16,4,,0,15,,38909,16,4,,0,15,,38910,16,4,,0,15,,38911,16,4,,0,55,,38912,16,4,,0,16,,38913,16,4,,0,16,,38914,16,4,,0,15,,43571,16,4,,0,55,,38916,16,4,,0,15,,38917,16,4,,0,15,,38918,16,4,,0,15,,38919,16,4,,0,55,,43572,16,4,,0,15,,38921,16,4,,0,15,,38922,16,4,,0,15,,38923,16,4,,0,11,,43582,4,4,,0,44,,38924,16,4,,0,16,,43573,16,4,,0,16,,38926,16,4,,0,16,,38927,16,4,,0,8,,38964,4,4,,0,48,,43569,16,4,,0,15,,38893,16,4,,0,12,,43574,16,4,,0,6,,38959,16,4,,0,6,,38929,16,4,,0,12,,43575,16,4,,0,52,,38931,16,4,,0,12,,38932,16,4,,0,12,,38933,16,4,,0,6,,38962,16,4,,0,6,,38934,16,4,,0,12,,43576,16,4,,0,51,,38936,16,4,,0,11,,38937,16,4,,0,12,,38938,16,4,,0,10,,38939,16,4,,0,11,,43577,16,4,,0,51,,43578,16,4,,0,12,,38942,16,4,,0,12,,38943,16,4,,0,12,,38944,16,4,,0,12,,38945,16,4,,0,52,,38946,16,4,,0,12,,38947,16,4,,0,15,,38948,16,4,,0,15,,38949,16,4,,0,55,,43579,16,4,,0,30,,43580,16,4,,0,70,,38952,16,4,,0,28,,38953,16,4,,0,25,,38954,16,4,,0,70,,38955,16,4,,0,30,,38956,16,4,,0,70,,38957,16,4,,0,26,,38958,16,4,,0
501029,'1866',602,,38976,4,4,,0,30,,38982,4,4,,0,22,,38975,16,4,,0,75,,38980,16,4,,0,15,,39015,16,4,,0,15,,38974,16,4,,0,70,,38981,16,4,,0,30,,38973,16,4,,0,70,,38979,16,4,,0,71,,38972,16,4,,0,15,,38965,16,4,,0,15,,38978,16,4,,0,15,,38977,16,4,,0,55,,38990,16,4,,0,15,,38999,16,4,,0,15,,39016,16,4,,0,15,,39008,16,4,,0,55,,38991,16,4,,0,15,,39000,16,4,,0,15,,39017,16,4,,0,15,,39009,16,4,,0,55,,38992,16,4,,0,15,,39001,16,4,,0,15,,39018,16,4,,0,15,,39010,16,4,,0,55,,38993,16,4,,0,15,,39002,16,4,,0,15,,39019,16,4,,0,15,,39011,16,4,,0,55,,38994,16,4,,0,15,,39003,16,4,,0,15,,39020,16,4,,0,16,,39012,16,4,,0,55,,38995,16,4,,0,15,,39004,16,4,,0,15,,39021,16,4,,0,15,,39013,16,4,,0,55,,38996,16,4,,0,15,,39005,16,4,,0,14,,38998,16,4,,0,15,,39014,16,4,,0,55,,38997,16,4,,0,15,,39006,16,4,,0,15,,38987,16,4,,0,15,,38989,16,4,,0,55,,38971,16,4,,0,14,,39007,16,4,,0,15,,38988,16,4,,0,15,,39023,16,4,,0,15,,38970,16,4,,0,69,,38985,16,4,,0,25,,38969,16,4,,0,70,,38986,16,4,,0,30,,38968,16,4,,0,70,,38984,16,4,,0,30,,38967,16,4,,0,70,,38983,16,4,,0,25,,38966,16,4,,0
501029,'1867',602,,39024,4,4,,0,30,,39053,4,4,,0,22,,39041,16,4,,0,70,,39052,16,4,,0,30,,39040,16,4,,0,70,,39051,16,4,,0,30,,39039,16,4,,0,70,,39054,16,4,,0,31,,39042,16,4,,0,75,,39050,16,4,,0,15,,39070,16,4,,0,55,,39031,16,4,,0,15,,39074,16,4,,0,15,,43584,16,4,,0,15,,39076,16,4,,0,55,,39032,16,4,,0,15,,39063,16,4,,0,15,,43585,16,4,,0,15,,39066,16,4,,0,55,,39026,16,4,,0,15,,39069,16,4,,0,15,,39049,16,4,,0,15,,39072,16,4,,0,55,,39027,16,4,,0,15,,39077,16,4,,0,15,,43588,16,4,,0,15,,39062,16,4,,0,55,,39029,16,4,,0,15,,39065,16,4,,0,15,,43586,16,4,,0,16,,39068,16,4,,0,55,,39025,16,4,,0,15,,39073,16,4,,0,15,,39045,16,4,,0,15,,39075,16,4,,0,55,,39030,16,4,,0,15,,39061,16,4,,0,14,,43587,16,4,,0,15,,39064,16,4,,0,55,,39028,16,4,,0,15,,39067,16,4,,0,15,,43590,16,4,,0,70,,39038,16,4,,0,29,,39060,16,4,,0,15,,39071,16,4,,0,10,,39037,16,4,,0,69,,39056,16,4,,0,30,,39036,16,4,,0,70,,43591,16,4,,0,30,,43583,16,4,,0,70,,43592,16,4,,0,30,,39034,16,4,,0,70,,43589,16,4,,0,25,,39033,16,4,,0
501029,'1871',707,,32339,16,4,,0,10,,38855,16,4,,0,430,,38858,16,4,,0,155,,38859,16,4,,0,56,,38890,4,4,,0,60,,38860,16,4,,0,88,,38854,16,4,,0,27,,38861,16,4,,0,24,,38863,16,4,,0,100,,38868,16,4,,0,95,,38871,16,4,,0,51,,38872,16,4,,0,197,,38879,16,4,,0,30,,38880,16,4,,0
501029,'1873',602,,32095,4,4,,0,30,,38835,4,4,,0,22,,32094,16,4,,0,75,,38833,16,4,,0,15,,38836,16,4,,0,15,,32093,16,4,,0,70,,38834,16,4,,0,30,,32092,16,4,,0,70,,38832,16,4,,0,71,,38830,16,4,,0,15,,32084,16,4,,0,15,,38831,16,4,,0,15,,32096,16,4,,0,55,,32109,16,4,,0,15,,32118,16,4,,0,15,,32135,16,4,,0,15,,32127,16,4,,0,55,,32110,16,4,,0,15,,32119,16,4,,0,15,,32136,16,4,,0,15,,32128,16,4,,0,55,,32111,16,4,,0,15,,32120,16,4,,0,15,,32137,16,4,,0,15,,32129,16,4,,0,55,,32112,16,4,,0,15,,32121,16,4,,0,15,,32138,16,4,,0,15,,32130,16,4,,0,55,,32113,16,4,,0,15,,32122,16,4,,0,15,,32139,16,4,,0,16,,32131,16,4,,0,55,,32114,16,4,,0,15,,32123,16,4,,0,15,,32140,16,4,,0,15,,32132,16,4,,0,55,,32115,16,4,,0,15,,32124,16,4,,0,14,,32117,16,4,,0,15,,32133,16,4,,0,55,,32116,16,4,,0,15,,32125,16,4,,0,15,,32106,16,4,,0,15,,32108,16,4,,0,55,,32090,16,4,,0,14,,32126,16,4,,0,15,,32107,16,4,,0,15,,32142,16,4,,0,15,,32089,16,4,,0,69,,32104,16,4,,0,25,,32088,16,4,,0,70,,32105,16,4,,0,30,,32087,16,4,,0,70,,32103,16,4,,0,30,,32086,16,4,,0,70,,32102,16,4,,0,25,,32085,16,4,,0
501029,'1874',1130,,38842,16,4,,0,100,,38843,16,4,,0,200,,38846,16,4,,0,100,,38844,16,4,,0,200,,38845,16,4,,0,100,,38848,16,4,,0,293,,38849,16,4,,0,30,,38840,16,4,,0,70,,38850,16,4,,0,100,,38847,16,4,,0
501029,'1875',602,,32143,4,4,,0,30,,32172,4,4,,0,22,,32160,16,4,,0,70,,32171,16,4,,0,30,,32159,16,4,,0,70,,32170,16,4,,0,30,,32158,16,4,,0,70,,32173,16,4,,0,31,,32161,16,4,,0,75,,32169,16,4,,0,15,,32189,16,4,,0,55,,38839,16,4,,0,15,,32193,16,4,,0,30,,38852,16,4,,0,55,,32151,16,4,,0,15,,32182,16,4,,0,30,,32185,16,4,,0,55,,38837,16,4,,0,15,,32188,16,4,,0,15,,32168,16,4,,0,15,,32191,16,4,,0,55,,32146,16,4,,0,15,,38853,16,4,,0,30,,32181,16,4,,0,55,,32148,16,4,,0,15,,32184,16,4,,0,31,,32187,16,4,,0,55,,32144,16,4,,0,15,,32192,16,4,,0,15,,32164,16,4,,0,15,,32194,16,4,,0,55,,38838,16,4,,0,15,,32180,16,4,,0,29,,32183,16,4,,0,55,,32147,16,4,,0,15,,38851,16,4,,0,85,,32157,16,4,,0,29,,32179,16,4,,0,15,,32190,16,4,,0,10,,32156,16,4,,0,69,,32175,16,4,,0,30,,38841,16,4,,0,200,,32153,16,4,,0,95,,32152,16,4,,0
501029,'1876',707,,43605,16,4,,0,10,,43594,16,4,,0,430,,43595,16,4,,0,155,,43596,16,4,,0,56,,43606,4,4,,0,60,,43597,16,4,,0,88,,43593,16,4,,0,27,,43598,16,4,,0,24,,43599,16,4,,0,100,,43600,16,4,,0,95,,43601,16,4,,0,51,,43602,16,4,,0,197,,43603,16,4,,0,30,,43604,16,4,,0
501029,'1878',1130,,43608,16,4,,0,100,,43609,16,4,,0,200,,43612,16,4,,0,100,,43610,16,4,,0,200,,43611,16,4,,0,100,,43614,16,4,,0,293,,43615,16,4,,0,30,,43607,16,4,,0,70,,43616,16,4,,0,100,,43613,16,4,,0
