16029,'1838',734,4,42759,12,,,0,99,3,42760,12,,,0,95,,42757,12,,,0,104,,42766,12,,,0,98,,42769,12,,,0,100,,42765,12,,,0,101,,42767,12,,,0,100,,42756,12,,,0,100,,42758,12,,,0,99,,42762,12,,,0,99,,42761,12,,,0,101,2,42768,12,,,0,100,2,42763,12,,,0,103,3,42764,12,,,0,97,3,42770,12,,,0
16029,'1865',601,,42771,12,,,0,30,,42772,12,,,0,73,,42773,12,,,0,36,,42774,12,,,0,71,,42775,12,,,0,32,,42776,12,,,0,70,,42777,12,,,0,29,,42778,12,,,0,67,,42779,12,,,0,30,,42780,12,,,0,70,,42781,12,,,0,30,,42782,12,,,0,70,,42783,12,,,0,30,,42784,12,,,0,70,,42785,12,,,0,30,,42786,12,,,0,71,,42787,12,,,0,32,,42788,12,,,0,71,,42789,12,,,0,29,,42790,12,,,0,72,,42791,12,,,0,30,,42792,12,,,0,69,,42793,12,,,0,28,,42794,12,,,0,69,,42795,12,,,0,30,,42803,12,,,0,67,,42796,12,,,0,30,,42797,12,,,0,70,,42798,12,,,0,24,,42799,12,,,0,70,,42800,12,,,0,29,,42801,12,,,0,70,44,42802,12,,,0
16029,'1866',603,,42811,12,,,0,27,,42826,12,,,0,70,41,42819,12,,,0,30,4,42804,12,,,0,70,44,42812,12,,,0,30,3,42827,12,,,0,70,43,42820,12,,,0,28,,42805,12,,,0,31,,42813,12,,,0,70,,42828,12,,,0,30,,42821,12,,,0,71,,42806,12,,,0,70,41,42814,12,,,0,30,,42829,12,,,0,71,,42822,12,,,0,30,,42807,12,,,0,71,,42815,12,,,0,29,,42830,12,,,0,71,,42823,12,,,0,30,,42808,12,,,0,69,,42816,12,,,0,30,,42831,12,,,0,69,41,42824,12,,,0,29,,42809,12,,,0,71,41,42817,12,,,0,30,2,42832,12,,,0,70,42,42825,12,,,0,30,2,42810,12,,,0,70,43,42818,12,,,0,31,3,42833,12,,,0,97,4,42834,12,,,0,73,44,42835,12,,,0
16029,'1867',734,4,42839,12,,,0,99,3,42840,12,,,0,95,,42837,12,,,0,104,,42846,12,,,0,98,,42849,12,,,0,100,,42845,12,,,0,101,,42847,12,,,0,100,,42836,12,,,0,100,,42838,12,,,0,99,,42842,12,,,0,99,,42841,12,,,0,101,2,42848,12,,,0,100,2,42843,12,,,0,103,3,42844,12,,,0,97,3,42850,12,,,0
16029,'1871',601,,37320,12,,,0,30,,37321,12,,,0,73,,37322,12,,,0,36,,37323,12,,,0,71,,37324,12,,,0,32,,37325,12,,,0,70,,37326,12,,,0,29,,37327,12,,,0,67,,37328,12,,,0,30,,37329,12,,,0,70,,37330,12,,,0,30,,37331,12,,,0,70,,37332,12,,,0,30,,37333,12,,,0,70,,37334,12,,,0,30,,37335,12,,,0,71,,37336,12,,,0,32,,37337,12,,,0,71,,37338,12,,,0,29,,37339,12,,,0,72,,37340,12,,,0,30,,37341,12,,,0,69,,37342,12,,,0,28,,37343,12,,,0,69,,37344,12,,,0,30,,37352,12,,,0,67,,37345,12,,,0,30,,37346,12,,,0,70,,37347,12,,,0,24,,37348,12,,,0,70,,37349,12,,,0,29,,37350,12,,,0,70,44,37351,12,,,0
16029,'1874',734,4,37308,12,,,0,99,3,37309,12,,,0,95,,37306,12,,,0,104,,37315,12,,,0,98,,37318,12,,,0,100,,37314,12,,,0,101,,37316,12,,,0,100,,37305,12,,,0,100,,37307,12,,,0,99,,37311,12,,,0,99,,37310,12,,,0,101,2,37317,12,,,0,100,2,37312,12,,,0,103,3,37313,12,,,0,97,3,37319,12,,,0
16029,'1876',601,,42851,12,,,0,30,,42852,12,,,0,73,,42853,12,,,0,36,,42854,12,,,0,71,,42855,12,,,0,32,,42856,12,,,0,70,,42857,12,,,0,29,,42858,12,,,0,67,,42859,12,,,0,30,,42860,12,,,0,70,,42861,12,,,0,30,,42862,12,,,0,70,,42863,12,,,0,30,,42864,12,,,0,70,,42865,12,,,0,30,,42866,12,,,0,71,,42867,12,,,0,32,,42868,12,,,0,71,,42869,12,,,0,29,,42870,12,,,0,72,,42871,12,,,0,30,,42872,12,,,0,69,,42873,12,,,0,28,,42874,12,,,0,69,,42875,12,,,0,30,,42883,12,,,0,67,,42876,12,,,0,30,,42877,12,,,0,70,,42878,12,,,0,24,,42879,12,,,0,70,,42880,12,,,0,29,,42881,12,,,0,70,44,42882,12,,,0
16029,'1877',603,,42891,12,,,0,27,,42906,12,,,0,70,41,42899,12,,,0,30,4,42884,12,,,0,70,44,42892,12,,,0,30,3,42907,12,,,0,70,43,42900,12,,,0,28,,42885,12,,,0,31,,42893,12,,,0,70,,42908,12,,,0,30,,42901,12,,,0,71,,42886,12,,,0,70,41,42894,12,,,0,30,,42909,12,,,0,71,,42902,12,,,0,30,,42887,12,,,0,71,,42895,12,,,0,29,,42910,12,,,0,71,,42903,12,,,0,30,,42888,12,,,0,69,,42896,12,,,0,30,,42911,12,,,0,69,41,42904,12,,,0,29,,42889,12,,,0,71,41,42897,12,,,0,30,2,42912,12,,,0,70,42,42905,12,,,0,30,2,42890,12,,,0,70,43,42898,12,,,0,31,3,42913,12,,,0,97,4,42914,12,,,0,73,44,42915,12,,,0
16029,'1878',734,4,42919,12,,,0,99,3,42920,12,,,0,95,,42917,12,,,0,104,,42926,12,,,0,98,,42929,12,,,0,100,,42925,12,,,0,101,,42927,12,,,0,100,,42916,12,,,0,100,,42918,12,,,0,99,,42922,12,,,0,99,,42921,12,,,0,101,2,42928,12,,,0,100,2,42923,12,,,0,103,3,42924,12,,,0,97,3,42930,12,,,0
31019,'1838',555,,38211,1,,,0,90,5,38194,13,,,0,100,5,38195,13,,,0,100,5,38196,13,,,0,100,4,38197,13,,,0,100,4,38198,13,,,0,100,3,38199,13,,,0,100,3,38200,13,,,0,100,3,38201,13,,,0,100,3,38202,13,,,0,100,3,38203,13,,,0,100,3,38204,13,,,0,100,3,38205,13,,,0,100,3,38206,13,,,0,100,5,38207,13,,,0,100,5,38208,13,,,0,100,5,38209,13,,,0,100,5,38210,13,,,0,90,,38212,13,4,,0
31019,'1865',554,,43404,1,,,0,66,,43399,1,,,0,25,5,43369,13,,,0,70,3,43384,13,,,0,29,2,43397,13,,,0,70,,43380,13,,,0,30,,43377,13,,,0,70,,43391,13,,,0,30,,43372,13,,,0,72,3,43385,13,,,0,28,3,43396,13,,,0,70,3,43383,13,,,0,30,3,43378,13,,,0,70,3,43390,13,,,0,30,3,43371,13,,,0,70,2,43386,13,,,0,30,2,43395,13,,,0,70,2,43381,13,,,0,30,2,43375,13,,,0,70,,43389,13,,,0,30,,43373,13,,,0,70,,43387,13,,,0,30,,43394,13,,,0,70,,43382,13,,,0,30,,43376,13,,,0,71,3,43388,13,,,0,30,3,43370,13,,,0,70,3,43405,13,,,0,30,3,43393,13,,,0,67,,43400,13,4,,0,33,3,43379,13,,,0,65,,43401,13,4,,0,35,5,43374,13,,,0,65,,43403,13,4,,0,35,5,43392,13,,,0,65,,43402,13,4,,0,25,,43398,13,4,,0
31019,'1866',555,,38322,1,,,0,66,,38315,1,,,0,24,5,38292,13,,,0,70,5,38308,13,,,0,30,5,38321,13,,,0,70,5,38304,13,,,0,30,5,38298,13,,,0,70,4,38314,13,,,0,30,4,38291,13,,,0,70,4,38307,13,,,0,30,4,38316,13,,,0,70,3,38303,13,,,0,30,3,38297,13,,,0,70,3,38313,13,,,0,30,3,38290,13,,,0,70,3,38306,13,,,0,30,3,38319,13,,,0,70,3,38302,13,,,0,30,3,38296,13,,,0,70,3,38312,13,,,0,30,3,38289,13,,,0,70,3,38305,13,,,0,30,3,38318,13,,,0,70,3,38301,13,,,0,30,3,38295,13,,,0,70,3,38311,13,,,0,30,3,38288,13,,,0,70,5,38323,13,,,0,30,5,38317,13,,,0,65,,38300,13,4,,0,35,5,38294,13,,,0,65,,38310,13,4,,0,35,5,38287,13,,,0,65,,38299,13,4,,0,35,5,38320,13,,,0,65,,38309,13,4,,0,25,,38293,13,4,,0
31019,'1867',555,,38341,1,,,0,90,5,38324,13,,,0,100,5,38325,13,,,0,100,5,38326,13,,,0,100,4,38327,13,,,0,100,4,38328,13,,,0,100,3,38329,13,,,0,100,3,38330,13,,,0,100,3,38331,13,,,0,100,3,38332,13,,,0,100,3,38333,13,,,0,100,3,38334,13,,,0,100,3,38335,13,,,0,100,3,38336,13,,,0,100,5,38337,13,,,0,100,5,38338,13,,,0,100,5,38339,13,,,0,100,5,38340,13,,,0,90,,38342,13,4,,0
31019,'1871',554,,38248,1,,,0,66,,38243,1,,,0,25,5,38213,13,,,0,70,3,38228,13,,,0,29,2,38241,13,,,0,70,,38224,13,,,0,30,,38221,13,,,0,70,,38235,13,,,0,30,,38216,13,,,0,72,3,38229,13,,,0,28,3,38240,13,,,0,70,3,38227,13,,,0,30,3,38222,13,,,0,70,3,38234,13,,,0,30,3,38215,13,,,0,70,2,38230,13,,,0,30,2,38239,13,,,0,70,2,38225,13,,,0,30,2,38219,13,,,0,70,,38233,13,,,0,30,,38217,13,,,0,70,,38231,13,,,0,30,,38238,13,,,0,70,,38226,13,,,0,30,,38220,13,,,0,71,3,38232,13,,,0,30,3,38214,13,,,0,70,3,38249,13,,,0,30,3,38237,13,,,0,67,,38244,13,4,,0,33,3,38223,13,,,0,65,,38245,13,4,,0,35,5,38218,13,,,0,65,,38247,13,4,,0,35,5,38236,13,,,0,65,,38246,13,4,,0,25,,38242,13,4,,0
31019,'1873',555,,31487,1,,,0,66,,31480,1,,,0,24,5,31457,13,,,0,70,5,31473,13,,,0,30,5,31486,13,,,0,70,5,31469,13,,,0,30,5,31463,13,,,0,70,4,31479,13,,,0,30,4,31456,13,,,0,70,4,31472,13,,,0,30,4,31481,13,,,0,70,3,31468,13,,,0,30,3,31462,13,,,0,70,3,31478,13,,,0,30,3,31455,13,,,0,70,3,31471,13,,,0,30,3,31484,13,,,0,70,3,31467,13,,,0,30,3,31461,13,,,0,70,3,31477,13,,,0,30,3,31454,13,,,0,70,3,31470,13,,,0,30,3,31483,13,,,0,70,3,31466,13,,,0,30,3,31460,13,,,0,70,3,31476,13,,,0,30,3,31453,13,,,0,70,5,31488,13,,,0,30,5,31482,13,,,0,65,,31465,13,4,,0,35,5,31459,13,,,0,65,,31475,13,4,,0,35,5,31452,13,,,0,65,,31464,13,4,,0,35,5,31485,13,,,0,65,,31474,13,4,,0,25,,31458,13,4,,0
31019,'1875',555,,31506,1,,,0,90,5,31489,13,,,0,100,5,31490,13,,,0,100,5,31491,13,,,0,100,4,31492,13,,,0,100,4,31493,13,,,0,100,3,31494,13,,,0,100,3,31495,13,,,0,100,3,31496,13,,,0,100,3,31497,13,,,0,100,3,31498,13,,,0,100,3,31499,13,,,0,100,3,31500,13,,,0,100,3,31501,13,,,0,100,5,31502,13,,,0,100,5,31503,13,,,0,100,5,31504,13,,,0,100,5,31505,13,,,0,90,,31507,13,4,,0
31019,'1876',554,,43441,1,,,0,66,,43436,1,,,0,25,5,43406,13,,,0,70,3,43421,13,,,0,29,2,43434,13,,,0,70,,43417,13,,,0,30,,43414,13,,,0,70,,43428,13,,,0,30,,43409,13,,,0,72,3,43422,13,,,0,28,3,43433,13,,,0,70,3,43420,13,,,0,30,3,43415,13,,,0,70,3,43427,13,,,0,30,3,43408,13,,,0,70,2,43423,13,,,0,30,2,43432,13,,,0,70,2,43418,13,,,0,30,2,43412,13,,,0,70,,43426,13,,,0,30,,43410,13,,,0,70,,43424,13,,,0,30,,43431,13,,,0,70,,43419,13,,,0,30,,43413,13,,,0,71,3,43425,13,,,0,30,3,43407,13,,,0,70,3,43442,13,,,0,30,3,43430,13,,,0,67,,43437,13,4,,0,33,3,43416,13,,,0,65,,43438,13,4,,0,35,5,43411,13,,,0,65,,43440,13,4,,0,35,5,43429,13,,,0,65,,43439,13,4,,0,25,,43435,13,4,,0
