16019,'1799',952,,21266,14,,,0,700,,21255,14,,,0,399,,21258,14,,,0
16019,'1800',751,,25891,14,,,0,101,,25893,14,,,0,100,,21281,14,,,0,100,,25901,14,,,0,100,,25892,14,,,0,100,,25894,14,,,0,100,,25895,14,,,0,100,,25898,14,,,0,100,,25897,14,,,0,100,,21270,14,,,0,100,,25899,14,,,0,100,,25900,14,,,0,99,,25896,14,,,0,100,,21273,14,,,0,100,,25902,14,,,0
16019,'1829',622,,21176,14,,,0,30,,21177,14,,,0,70,,21178,14,,,0,30,,21179,14,,,0,70,,21180,14,,,0,30,,21181,14,,,0,70,,21182,14,,,0,100,,21184,14,,,0,30,,21185,14,,,0,170,,21188,14,,,0,30,,21189,14,,,0,70,,21190,14,,,0,30,,21191,14,,,0,70,,21192,14,,,0,30,,21193,14,,,0,70,,21194,14,,,0,30,,21195,14,,,0,70,,21196,14,,,0,230,,21201,14,,,0,70,,21202,14,,,0,130,,21205,14,,,0,170,,21175,14,,,0
16019,'1831',621,,21229,14,,,0,30,,21225,14,,,0,70,,21233,14,,,0,30,,21217,14,,,0,71,,21231,14,,,0,30,,21212,14,,,0,70,,21210,14,,,0,30,,21207,14,,,0,70,,21218,14,,,0,30,,21228,14,,,0,70,,21222,14,,,0,30,,21230,14,,,0,70,,21214,14,,,0,30,,21232,14,,,0,70,,21209,14,,,0,30,,21220,14,,,0,70,,21219,14,,,0,30,,21223,14,,,0,70,,21224,14,,,0,30,,21208,14,,,0,70,,21216,14,,,0,30,,21226,14,,,0,70,,21211,14,,,0,30,,21215,14,,,0,70,,21221,14,,,0,30,,21235,14,,,0,70,,21227,14,,,0,29,,21234,14,,,0,70,,21213,14,,,0,30,,21237,14,,,0,100,,21236,14,,,0,70,,21206,14,,,0
16019,'1832',751,,21238,14,,,0,101,,21241,14,,,0,200,,21250,14,,,0,100,,21239,14,,,0,100,,21242,14,,,0,100,,21244,14,,,0,100,,21247,14,,,0,100,,21246,14,,,0,200,,21248,14,,,0,100,,21249,14,,,0,99,,21245,14,,,0,200,,21252,14,,,0
16019,'1833',952,,21251,14,,,0,700,,21240,14,,,0,399,,21243,14,,,0
16019,'1834',751,,21253,14,,,0,101,,21256,14,,,0,200,,21265,14,,,0,100,,21254,14,,,0,100,,21257,14,,,0,100,,21259,14,,,0,100,,21262,14,,,0,100,,21261,14,,,0,200,,21263,14,,,0,100,,21264,14,,,0,99,,21260,14,,,0,200,,21267,14,,,0
16019,'1835',952,,25905,14,,,0,170,,25906,14,,,0,30,,25907,14,,,0,500,,25908,14,,,0,70,,25909,14,,,0,30,,25910,14,,,0,70,,25911,14,,,0,130,,25912,14,,,0,70,,25913,14,,,0,100,,25903,14,,,0,30,,25904,14,,,0
16019,'1837',751,,25914,14,,,0,101,,25916,14,,,0,200,,25924,14,,,0,100,,25915,14,,,0,100,,25917,14,,,0,100,,25918,14,,,0,100,,25921,14,,,0,100,,25920,14,,,0,200,,25922,14,,,0,100,,25923,14,,,0,99,,25919,14,,,0,200,,25925,14,,,0
16019,'1838',751,,25926,14,,,0,101,,25928,14,,,0,200,,25936,14,,,0,100,,25927,14,,,0,100,,25929,14,,,0,100,,25930,14,,,0,100,,25933,14,,,0,100,,25932,14,,,0,200,,25934,14,,,0,100,,25935,14,,,0,99,,25931,14,,,0,200,,25937,14,,,0
