15019,'1838',722,,45028,26,,,0,100,,36883,26,,,0,100,,36886,26,,,0,101,,45027,26,,,0,100,,36881,26,,,0,100,,36879,26,,,0,101,,45026,26,,,0,100,,36880,26,,,0,100,,36877,26,,,0,99,,45025,26,,,0,100,,36875,26,,,0,100,,36876,26,,,0,100,,45024,26,,,0,99,,36887,26,,,0
15019,'1865',647,,36905,26,,,0,70,,45029,26,,,0,34,,36907,26,,,0,70,,36908,26,,,0,27,,36909,26,,,0,70,,36910,26,,,0,30,,36911,26,,,0,70,,45030,26,,,0,30,,45031,26,,,0,70,,42569,26,,,0,30,,45032,26,,,0,70,,45033,26,,,0,30,,42570,26,,,0,70,,36918,26,,,0,30,,45034,26,,,0,70,,36920,26,,,0,31,,36921,26,,,0,70,,45035,26,,,0,30,,45036,26,,,0,70,,36924,26,,,0,30,,36925,26,,,0,70,,36926,26,,,0,28,,45037,26,,,0,70,,36928,26,,,0,30,,45038,26,,,0,70,,45039,26,,,0,30,,36931,26,,,0,100,,45040,26,,,0,99,,45041,26,,,0,100,,45042,26,0,5 2 6 7,0
15019,'1866',722,,36935,26,,,0,100,,45043,26,,,0,100,,36937,26,,,0,101,,36938,26,,,0,100,,45044,26,,,0,100,,36940,26,,,0,101,,36941,26,,,0,100,,45045,26,,,0,100,,36943,26,,,0,99,,36944,26,,,0,100,,45046,26,,,0,100,,36946,26,,,0,100,,36947,26,,,0,99,,45047,26,,,0
15019,'1867',722,,45053,26,,,0,100,,36959,26,,,0,100,,36962,26,,,0,101,,45052,26,,,0,100,,36957,26,,,0,100,,36955,26,,,0,101,,45051,26,,,0,100,,36956,26,,,0,100,,36953,26,,,0,99,,45050,26,,,0,100,,36951,26,,,0,100,,36952,26,,,0,100,,45049,26,,,0,99,,36963,26,,,0
15019,'1873',722,,30301,26,,,0,200,,30303,26,,,0,101,,30304,26,,,0,200,,30306,26,,,0,101,,30307,26,,,0,200,,30309,26,,,0,99,,30310,26,,,0,200,,30312,26,,,0,100,,30313,26,,,0
15019,'1878',822,,30325,26,,,0,100,,30328,26,,,0,201,,30323,26,,,0,100,,30321,26,,,0,201,,30322,26,,,0,100,,30319,26,,,0,199,,30317,26,,,0,100,,30318,26,,,0,199,,30329,26,,,0
15019,'1881',717,,36889,26,,,0,301,,36890,26,,,0,30,,36891,26,,,0,100,,36893,26,,,0,70,,36894,26,,,0,130,,36896,26,,,0,171,,36897,26,,,0,30,,36898,26,,,0,198,,30384,26,,,0,100,,36899,26,,,0,70,,42574,26,,,0,130,,36901,26,,,0,99,,36902,26,,,0,100,,36903,26,0,5 2 6 7,0
15019,'1882',647,,30362,26,,,0,104,,30364,26,,,0,70,,30365,26,,,0,27,,30366,26,,,0,70,,30367,26,,,0,30,,30368,26,,,0,170,,42572,26,,,0,130,,42573,26,,,0,70,,30375,26,,,0,100,,30377,26,,,0,31,,30378,26,,,0,170,,30381,26,,,0,30,,30382,26,,,0,70,,30383,26,,,0,98,,30385,26,,,0,130,,30388,26,,,0
15019,'1886',717,,45054,26,,,0,301,,45055,26,,,0,30,,45056,26,,,0,100,,45057,26,,,0,70,,45058,26,,,0,130,,45059,26,,,0,171,,45060,26,,,0,30,,45061,26,,,0,198,,45062,26,,,0,100,,45063,26,,,0,70,,45064,26,,,0,130,,45065,26,,,0,99,,45066,26,,,0,100,,45067,26,0,5 2 6 7,0
15019,'1887',822,,45068,26,,,0,301,,45069,26,,,0,301,,45070,26,,,0,299,,45071,26,,,0,299,,45072,26,,,0
15019,'1888',722,,45078,26,,,0,301,,45077,26,,,0,301,,45076,26,,,0,299,,45075,26,,,0,300,,45074,26,,,0
