22029,'1790',2309,,7411,6,0,19 2 20 21,0,30,,7410,6,0,19 2 20 21,0
22029,'1791',639,,11427,6,0,19 2 20 21,0,71,,11428,6,0,19 2 20 21,0,30,,11429,6,0,19 2 20 21,0,73,,11430,6,0,19 2 20 21,0,30,,11431,6,0,19 2 20 21,0,70,,11432,6,,,0,129,,11434,6,,,0,70,,11439,6,,,0,130,,11436,6,,,0,101,,11440,6,,,0,170,,11443,6,,,0,30,,11444,6,,,0,70,,11445,6,,,0,227,,11450,6,,,0,70,,11382,6,,,0,125,,11453,6,,,0,69,,11454,6,,,0,200,,11456,6,0,19 2 20 21,0,35,,11457,6,0,19 2 20 21,0
22029,'1794',1804,,11397,6,0,19 2 20 21,0,200,,11395,6,0,19 2 20 21,0,305,,11398,6,0,19 2 20 21,0,30,,11399,6,0,19 2 20 21,0
22029,'1808',607,,11466,6,0,19 2 20 21,0,30,,11373,6,0,19 2 20 21,0,67,,11377,6,0,19 2 20 21,0,30,,11464,6,0,19 2 20 21,0,70,,11378,6,0,19 2 20 21,0,30,,11361,6,,,0,70,,11458,6,,,0,30,,11362,6,,,0,70,,11363,6,,,0,30,,11459,6,,,0,70,,11364,6,,,0,30,,11365,6,,,0,70,,11460,6,,,0,31,,11366,6,,,0,70,,11367,6,,,0,31,,11461,6,,,0,69,,11368,6,,,0,31,,11369,6,,,0,70,,11462,6,,,0,30,,11370,6,,,0,70,,11371,6,,,0,29,,11463,6,,,0,69,,11372,6,,,0,31,,11374,6,0,19 2 20 21,0,69,,11467,6,0,19 2 20 21,0,30,,11375,6,0,19 2 20 21,0,70,,11379,6,0,19 2 20 21,0,30,,11465,6,0,19 2 20 21,0,70,,11380,6,0,19 2 20 21,0,30,,11376,6,0,19 2 20 21,0,67,,11468,6,0,19 2 20 21,0,33,,11381,6,0,19 2 20 21,0,175,,7394,6,0,19 2 20 21,0,30,,7393,6,0,19 2 20 21,0
22029,'1809',707,,14969,6,0,19 2 20 21,0,97,,14958,6,,,0,100,,14959,6,,,0,100,,14960,6,,,0,100,,14961,6,,,0,100,,14962,6,,,0,101,,14963,6,,,0,100,,14964,6,,,0,100,,14965,6,,,0,100,,14966,6,,,0,99,,14967,6,,,0,100,,11483,6,0,19 2 20 21,0,100,,14968,6,0,19 2 20 21,0,100,,11481,6,0,19 2 20 21,0,100,,14970,6,0,19 2 20 21,0
22029,'1814',707,,11394,6,0,19 2 20 21,0,97,,11383,6,,,0,100,,11384,6,,,0,100,,11385,6,,,0,100,,11386,6,,,0,100,,11387,6,,,0,101,,11388,6,,,0,100,,11389,6,,,0,100,,11390,6,,,0,100,,11391,6,,,0,99,,11392,6,,,0,200,,11393,6,0,19 2 20 21,0,200,,11396,6,0,19 2 20 21,0
22029,'1815',942,,14972,6,,,0,70,,14975,6,,,0,130,,14973,6,,,0,70,,14971,6,,,0,100,,14974,6,,,0,101,,14976,6,,,0,30,,14977,6,,,0,200,,14978,6,,,0,69,,14979,6,,,0,30,,14980,6,,,0,70,,14981,6,,,0,128,,14982,6,,,0,65,,14983,6,,,0,129,,14984,6,0,19 2 20 21,0
22029,'1817',707,,14996,6,0,19 2 20 21,0,97,,14985,6,,,0,100,,14986,6,,,0,100,,14987,6,,,0,100,,14988,6,,,0,100,,14989,6,,,0,101,,14990,6,,,0,100,,14991,6,,,0,100,,14992,6,,,0,100,,14993,6,,,0,99,,14994,6,,,0,200,,14995,6,0,19 2 20 21,0,200,,14997,6,0,19 2 20 21,0
601019,'1790',615,,8286,6,,,0,30,,8304,6,,,0,70,,8285,6,,,0,30,,8303,6,,,0,70,,8284,6,,,0,30,,8302,6,,,0,70,,8283,6,,,0,30,,8301,6,,,0,70,,8281,6,,,0,30,,8300,6,,,0,70,,8282,6,,,0,30,,8299,6,,,0,70,,8280,6,,,0,30,,8298,6,,,0,70,,8276,6,,,0,30,,8297,6,,,0,70,,8279,6,,,0,30,,8296,6,,,0,70,,8277,6,,,0,30,,8295,6,,,0,70,,8275,6,,,0,30,,8294,6,,,0,70,,8278,6,,,0,30,,8293,6,,,0,70,,8272,6,,,0,30,,8292,6,,,0,69,,8273,6,,,0,30,,8291,6,,,0,70,,8274,6,,,0,30,,8290,6,,,0,70,,8271,6,,,0,30,,8289,6,,,0,70,,8270,6,,,0,30,,8288,6,,,0
601019,'1791',612,,12484,6,,,0,34,,8217,6,0,19 2 11 2 22 1 23,0,54,,12476,6,0,19 2 11 2 22 1 23,0,12,,8214,6,0,19 2 11 2 22 1 23,0,31,,8218,6,0,19 2 11 2 22 1 23,0,15,,12475,6,0,19 2 11 2 22 1 23,0,55,,8211,6,0,19 2 11 2 22 1 23,0,39,,12463,6,0,5 2 11 2 12,0,170,,12466,6,0,5 2 11 2 12,0,30,,12467,6,0,5 2 11 2 12,0,70,,12468,6,0,5 2 11 2 12,0,230,,12473,6,0,5 2 11 2 12,0,62,,12460,6,,,0,13,,8232,6,0,19 2 11 2 22 1 23,0,15,,12482,6,0,19 2 11 2 22 1 23,0,15,,8228,6,0,19 2 11 2 22 1 23,0,55,,12480,6,0,19 2 11 2 22 1 23,0,15,,8229,6,0,19 2 11 2 22 1 23,0,15,,12481,6,0,19 2 11 2 22 1 23,0,15,,8226,6,0,19 2 11 2 22 1 23,0,55,,12483,6,0,19 2 11 2 22 1 23,0,15,,8227,6,0,19 2 11 2 22 1 23,0,15,,12478,6,0,19 2 11 2 22 1 23,0,15,,8230,6,0,19 2 11 2 22 1 23,0,55,,12474,6,0,19 2 11 2 22 1 23,0,15,,8233,6,0,19 2 11 2 22 1 23,0,15,,12477,6,0,19 2 11 2 22 1 23,0,15,,8231,6,0,19 2 11 2 22 1 23,0,54,,12454,6,,,0,30,,12455,6,,,0,15,,8195,6,,,0,55,,12461,6,,,0,30,,12458,6,,,0,70,,12459,6,,,0,30,,12453,6,,,0,70,,12456,6,,,0,30,,12452,6,,,0,70,,12457,6,,,0,33,,12462,6,,,0
601019,'1794',2144,,12450,6,,,0,70,,12447,6,,,0,30,,12449,6,,,0
601019,'1808',615,,8251,6,,,0,30,,8269,6,,,0,70,,8250,6,,,0,30,,8268,6,,,0,70,,8249,6,,,0,30,,8267,6,,,0,70,,8248,6,,,0,30,,8266,6,,,0,70,,8246,6,,,0,30,,8264,6,,,0,70,,8247,6,,,0,30,,8265,6,,,0,70,,8245,6,,,0,30,,8263,6,,,0,70,,8236,6,,,0,30,,8262,6,,,0,70,,8244,6,,,0,30,,8261,6,,,0,70,,8242,6,,,0,30,,8260,6,,,0,70,,8237,6,,,0,30,,8258,6,,,0,70,,8239,6,,,0,30,,8259,6,,,0,70,,8243,6,,,0,30,,8257,6,,,0,69,,8238,6,,,0,30,,8256,6,,,0,70,,8241,6,,,0,30,,8255,6,,,0,70,,8240,6,,,0,30,,8254,6,,,0,70,,8235,6,,,0,30,,8253,6,,,0
601019,'1815',632,,15795,6,,,0,95,,15797,6,0,19 2 11 2 22 1 23,0,100,,15796,6,0,19 2 11 2 22 1 23,0,95,,15789,6,0,5 2 11 2 12,0,30,,15790,6,0,5 2 11 2 12,0,200,,15791,6,0,5 2 11 2 12,0,70,,15792,6,0,5 2 11 2 12,0,30,,15793,6,0,5 2 11 2 12,0,70,,15794,6,0,5 2 11 2 12,0
