14019,'1800',653,,30160,20,,,0,100,,30161,20,,,0,102,,36755,20,,,0,100,,36756,20,,,0,100,,30151,20,,,0,100,,36757,20,,,0,100,,36758,20,,,0,101,,30154,20,,,0,100,,36759,20,,,0,100,,36760,20,,,0,99,,30157,20,,,0,100,,30158,20,,,0,100,,36761,20,,,0,98,,36754,20,,,0,95,,30147,20,,,0
14019,'1838',653,,36775,20,,,0,100,,36776,20,,,0,102,,36764,20,,,0,100,,36765,20,,,0,100,,36766,20,,,0,100,,36767,20,,,0,100,,36768,20,,,0,101,,36769,20,,,0,100,,36770,20,,,0,100,,36771,20,,,0,99,,36772,20,,,0,100,,36773,20,,,0,100,,36774,20,,,0,98,,36763,20,,,0,95,,36762,20,,,0
14019,'1850',528,,30239,20,,,0,100,,30238,20,,,0,80,,30209,20,,,0,30,,30222,20,,,0,69,,30210,20,,,0,23,,30223,20,,,0,70,,30211,20,,,0,30,,30224,20,,,0,70,,30212,20,,,0,30,,30225,20,,,0,70,,30213,20,,,0,30,,30226,20,,,0,70,,30214,20,,,0,30,,30227,20,,,0,70,,30215,20,,,0,30,,30228,20,,,0,70,,30216,20,,,0,30,,30229,20,,,0,70,,30217,20,,,0,31,,30230,20,,,0,80,,30218,20,,,0,30,,30231,20,,,0,70,,30219,20,,,0,30,,30232,20,,,0,70,,30220,20,,,0,19,,30233,20,,,0,70,,30221,20,,,0,30,,30234,20,,,0,70,,30240,20,,,0,29,,30235,20,,,0,92,,30236,20,,,0,100,,30237,20,,,0
14019,'1859',753,,30178,20,,,0,102,,30179,20,,,0,400,,30183,20,,,0,201,,30185,20,,,0,100,,30186,20,,,0,497,,30191,20,,,0,95,,30192,20,,,0
14019,'1861',653,,30207,20,,,0,100,,30208,20,,,0,302,,30198,20,,,0,301,,30201,20,,,0,299,,30204,20,,,0,100,,30205,20,,,0,293,,30194,20,,,0
14019,'1862',653,,36777,20,,,0,302,,36778,20,,,0,100,,36779,20,,,0,100,,36780,20,,,0,201,,36781,20,,,0,299,,36782,20,,,0,100,,36783,20,,,0,100,,36784,20,,,0,98,,36785,20,,,0,295,,36786,20,,,0
14019,'1863',855,,36788,20,,,0,100,,36789,20,,,0,200,,36790,20,,,0,100,,36791,20,,,0,201,,36792,20,,,0,100,,36793,20,,,0,299,,36794,20,,,0,98,,36787,20,,,0
14019,'1864',528,,30271,20,,,0,100,,30270,20,,,0,80,,30241,20,,,0,30,,30254,20,,,0,69,,30242,20,,,0,23,,30255,20,,,0,70,,30243,20,,,0,30,,30256,20,,,0,70,,30244,20,,,0,30,,36801,20,,,0,70,,36795,20,,,0,30,,36802,20,,,0,70,,30246,20,,,0,30,,30259,20,,,0,70,,30247,20,,,0,30,,36803,20,,,0,70,,36796,20,,,0,30,,36804,20,,,0,70,,36797,20,,,0,31,,36805,20,,,0,80,,36798,20,,,0,30,,30263,20,,,0,70,,36799,20,,,0,30,,36806,20,,,0,70,,30252,20,,,0,19,,36807,20,,,0,70,,36800,20,,,0,30,,30266,20,,,0,70,,36809,20,,,0,29,,36808,20,,,0,92,,30268,20,,,0,100,,30269,20,,,0
14019,'1865',528,,36840,20,,,0,100,,36839,20,,,0,80,,36810,20,,,0,30,,36823,20,,,0,69,,36811,20,,,0,23,,36824,20,,,0,70,,36812,20,,,0,30,,36825,20,,,0,70,,36813,20,,,0,30,,36826,20,,,0,70,,36814,20,,,0,30,,36827,20,,,0,70,,36815,20,,,0,30,,36828,20,,,0,70,,36816,20,,,0,30,,36829,20,,,0,70,,36817,20,,,0,30,,36830,20,,,0,70,,36818,20,,,0,31,,36831,20,,,0,80,,36819,20,,,0,30,,36832,20,,,0,70,,36820,20,,,0,30,,36833,20,,,0,70,,36821,20,,,0,19,,36834,20,,,0,70,,36822,20,,,0,30,,36835,20,,,0,70,,36841,20,,,0,29,,36836,20,,,0,92,,36837,20,,,0,100,,36838,20,,,0
14019,'1866',653,,36842,20,,,0,100,,36843,20,,,0,102,,36844,20,,,0,100,,36845,20,,,0,100,,36846,20,,,0,100,,36847,20,,,0,100,,36848,20,,,0,101,,36849,20,,,0,100,,36850,20,,,0,100,,36851,20,,,0,99,,36852,20,,,0,100,,36853,20,,,0,100,,36854,20,,,0,98,,36855,20,,,0,100,,36856,20,,,0,95,,36857,20,,,0,100,,36858,20,,,0
14019,'1867',653,,36872,20,,,0,100,,36873,20,,,0,102,,36861,20,,,0,100,,36862,20,,,0,100,,36863,20,,,0,100,,36864,20,,,0,100,,36865,20,,,0,101,,36866,20,,,0,100,,36867,20,,,0,100,,36868,20,,,0,99,,36869,20,,,0,100,,36870,20,,,0,100,,36871,20,,,0,98,,36860,20,,,0,95,,36859,20,,,0
