15029,'1838',746,,36977,69,,,0,98,,45082,69,,,0,101,,36974,69,,,0,100,,36975,69,,,0,103,,45083,69,,,0,100,,36972,69,,,0,100,,36969,69,,,0,102,,45081,69,,,0,100,,36971,69,,,0,98,,36968,69,,,0,99,,45080,69,,,0,99,,36966,69,,,0,100,,36967,69,,,0,100,,45079,69,,,0
15029,'1865',623,,45084,29,,,0,20,,45085,29,,,0,71,,36995,69,,,0,32,,36996,69,,,0,74,,36997,69,,,0,30,,45086,69,,,0,73,,36999,69,,,0,30,,37000,69,,,0,65,,37001,69,,,0,30,,37002,69,,,0,70,,37003,69,,,0,30,,45087,69,,,0,70,,45088,69,,,0,30,,42575,69,,,0,70,,45089,69,,,0,30,,45090,69,,,0,70,,42576,69,,,0,33,,37010,69,,,0,73,,45091,69,,,0,35,,37012,69,,,0,72,,37013,69,,,0,28,,45092,69,,,0,65,,45093,69,,,0,23,,37016,69,,,0,69,,37017,69,,,0,29,,37018,69,,,0,67,,45094,69,,,0,30,,37020,69,,,0,70,,45095,69,,,0,30,,45096,69,,,0,70,,37023,69,,,0,99,,45098,69,,,0,97,,45097,69,,,0
15029,'1866',618,,45099,29,,,0,133,,37029,69,,,0,93,,37030,69,,,0,100,,45100,69,,,0,100,,37032,69,,,0,102,,37033,69,,,0,100,,45101,69,,,0,100,,37035,69,,,0,106,,37036,69,,,0,100,,45102,69,,,0,97,,37038,69,,,0,98,,37039,69,,,0,99,,45103,69,,,0,100,,37026,69,,,0,100,,37027,69,,,0
15029,'1867',746,,37054,69,,,0,98,,45107,69,,,0,101,,37051,69,,,0,100,,37052,69,,,0,103,,45108,69,,,0,100,,37049,69,,,0,100,,37046,69,,,0,102,,45106,69,,,0,100,,37048,69,,,0,98,,37045,69,,,0,99,,45105,69,,,0,99,,37043,69,,,0,100,,37044,69,,,0,100,,45104,69,,,0
15029,'1873',751,,30423,69,,,0,93,,30424,69,,,0,200,,30426,69,,,0,102,,30427,69,,,0,200,,30429,69,,,0,106,,30430,69,,,0,197,,30432,69,,,0,98,,30433,69,,,0,199,,30420,69,,,0,100,,30421,69,,,0
15029,'1878',746,,30448,69,,,0,199,,30445,69,,,0,100,,30446,69,,,0,203,,30443,69,,,0,100,,30440,69,,,0,202,,30442,69,,,0,98,,30439,69,,,0,198,,30437,69,,,0,100,,30438,69,,,0
15029,'1881',623,,30482,29,,,0,20,,36978,29,,,0,207,,36979,69,,,0,298,,36980,69,,,0,70,,36981,69,,,0,100,,36983,69,,,0,30,,36984,69,,,0,176,,36986,69,,,0,135,,36987,69,,,0,65,,36988,69,,,0,188,,30508,69,,,0,100,,36989,69,,,0,30,,42580,69,,,0,169,,36992,69,,,0,97,,36991,69,,,0
15029,'1882',714,,30484,69,,,0,32,,30485,69,,,0,74,,30486,69,,,0,103,,30488,69,,,0,30,,30489,69,,,0,65,,30490,69,,,0,30,,30491,69,,,0,70,,30492,69,,,0,130,,42578,69,,,0,170,,42579,69,,,0,33,,30499,69,,,0,108,,30501,69,,,0,72,,30502,69,,,0,116,,30505,69,,,0,69,,30506,69,,,0,29,,30507,69,,,0,97,,30509,69,,,0,170,,30512,69,,,0
15029,'1886',623,,45109,29,,,0,20,,45110,29,,,0,207,,45111,69,,,0,298,,45112,69,,,0,70,,45113,69,,,0,100,,45114,69,,,0,30,,45115,69,,,0,176,,45116,69,,,0,135,,45117,69,,,0,65,,45118,69,,,0,188,,45119,69,,,0,100,,45120,69,,,0,30,,45121,69,,,0,169,,45123,69,,,0,97,,45122,69,,,0
15029,'1887',618,,45124,29,,,0,326,,45125,69,,,0,302,,45126,69,,,0,306,,45127,69,,,0,294,,45128,69,,,0
15029,'1888',844,,45132,69,,,0,304,,45133,69,,,0,302,,45131,69,,,0,297,,45130,69,,,0,299,,45129,69,,,0
