13019,'1838',810,,36660,16,,,0,100,,44894,16,,,0,100,,36662,16,,,0,101,,36663,16,,,0,100,,36664,16,,,0,100,,44895,16,,,0,100,,36666,16,,,0,100,,36667,16,,,0,100,,36668,16,,,0,99,,36669,16,,,0,100,,36670,16,,,0,100,,36671,16,,,0,99,,42510,16,,,0,100,,44896,16,,,0,100,,42509,16,,,0
13019,'1865',620,,36699,16,,,0,30,,36700,16,,,0,70,,36701,16,,,0,30,,44897,16,,,0,96,,36703,16,,,0,100,,44898,16,,,0,100,,44899,16,,,0,100,,44900,16,,,0,100,,44901,16,,,0,100,,44902,16,,,0,70,,42512,16,,,0,31,,42513,16,,,0,70,,44903,16,,,0,31,,42517,16,,,0,70,,44904,16,,,0,30,,42518,16,,,0,70,,42515,16,,,0,30,,36720,16,,,0,99,,44905,16,,,0,100,,36719,16,,,0,99,,44907,16,,,0,98,,36717,16,,,0,100,,42516,16,,,0
13019,'1866',709,,36723,16,,,0,101,,44908,16,,,0,100,,44909,16,,,0,100,,44910,16,,,0,101,,36727,16,,,0,100,,44911,16,,,0,100,,36729,16,,,0,100,,36730,16,,,0,100,,44912,16,,,0,100,,44913,16,,,0,99,,44914,16,,,0,100,,44915,16,,,0,100,,44916,16,,,0,99,,44917,16,,,0,100,,36737,16,,,0,200,,44918,16,,,0
13019,'1867',810,,36740,16,,,0,100,,44919,16,,,0,100,,36742,16,,,0,101,,36743,16,,,0,100,,36744,16,,,0,100,,44920,16,,,0,100,,36746,16,,,0,100,,36747,16,,,0,100,,36748,16,,,0,99,,36749,16,,,0,100,,36750,16,,,0,100,,36751,16,,,0,99,,42520,16,,,0,100,,44921,16,,,0,100,,42519,16,,,0
13019,'1873',709,,30068,16,,,0,402,,30072,16,,,0,200,,30074,16,,,0,100,,30075,16,,,0,698,,30082,16,,,0
13019,'1878',810,,30085,16,,,0,200,,30087,16,,,0,101,,30088,16,,,0,100,,30089,16,,,0,200,,30091,16,,,0,100,,30092,16,,,0,100,,30093,16,,,0,99,,30094,16,,,0,100,,30095,16,,,0,100,,30096,16,,,0,99,,42530,16,,,0,200,,42529,16,,,0
13019,'1881',750,,30126,16,,,0,196,,30128,16,,,0,100,,42521,16,,,0,100,,30130,16,,,0,100,,36688,16,,,0,100,,36689,16,,,0,171,,30135,16,,,0,101,,42524,16,,,0,229,,36694,16,,,0,199,,30142,16,,,0
13019,'1882',620,,30123,16,,,0,30,,30124,16,,,0,70,,30125,16,,,0,126,,30127,16,,,0,570,,42522,16,,,0,31,,42523,16,,,0,101,,42527,16,,,0,100,,42528,16,,,0,70,,42525,16,,,0,30,,30144,16,,,0,199,,30143,16,,,0,197,,30141,16,,,0,100,,42526,16,,,0
13019,'1886',750,,44922,16,,,0,196,,44923,16,,,0,100,,44924,16,,,0,100,,44925,16,,,0,100,,44926,16,,,0,100,,44927,16,,,0,171,,44928,16,,,0,101,,44929,16,,,0,229,,44930,16,,,0,199,,44932,16,,,0
13019,'1887',810,,44933,16,,,0,100,,44934,16,,,0,100,,44935,16,,,0,201,,44936,16,,,0,300,,44937,16,,,0,100,,44938,16,,,0,99,,44939,16,,,0,100,,44940,16,,,0,100,,44941,16,,,0,99,,44942,16,,,0,300,,44943,16,,,0
13019,'1888',910,,44944,16,,,0,401,,44945,16,,,0,798,,44946,16,,,0
