15019,'1838',746,,45028,58,,,0,100,,36883,58,,,0,100,,36886,58,,,0,101,,45027,58,,,0,100,,36881,58,,,0,100,,36879,58,,,0,102,,45026,58,,,0,100,,36880,58,,,0,100,,36877,58,,,0,99,,45025,58,,,0,99,,36875,58,,,0,100,,36876,58,,,0,100,,45024,58,,,0,99,,36887,58,,,0
15019,'1865',712,,36905,58,,,0,31,,45029,58,,,0,76,,36907,58,,,0,30,,36908,58,,,0,65,,36909,58,,,0,30,,36910,58,,,0,70,,36911,58,,,0,30,,45030,58,,,0,70,,45031,58,,,0,30,,42569,58,,,0,70,,45032,58,,,0,30,,45033,58,,,0,70,,42570,58,,,0,30,,36918,58,,,0,70,,45034,58,,,0,32,,36920,58,,,0,72,,36921,58,,,0,30,,45035,58,,,0,70,,45036,58,,,0,29,,36924,58,,,0,69,,36925,58,,,0,29,,36926,58,,,0,67,,45037,58,,,0,30,,36928,58,,,0,70,,45038,58,,,0,30,,45039,58,,,0,70,,36931,58,,,0,100,,45040,58,,,0,98,,45041,58,,,0
15019,'1866',746,,36935,58,,,0,100,,45043,58,,,0,100,,36937,58,,,0,101,,36938,58,,,0,100,,45044,58,,,0,100,,36940,58,,,0,103,,36941,58,,,0,100,,45045,58,,,0,100,,36943,58,,,0,98,,36944,58,,,0,99,,45046,58,,,0,100,,36946,58,,,0,100,,36947,58,,,0,99,,45047,58,,,0
15019,'1867',746,,45053,58,,,0,100,,36959,58,,,0,100,,36962,58,,,0,101,,45052,58,,,0,100,,36957,58,,,0,100,,36955,58,,,0,102,,45051,58,,,0,100,,36956,58,,,0,100,,36953,58,,,0,99,,45050,58,,,0,99,,36951,58,,,0,100,,36952,58,,,0,100,,45049,58,,,0,99,,36963,58,,,0
15019,'1873',746,,30301,58,,,0,200,,30303,58,,,0,101,,30304,58,,,0,200,,30306,58,,,0,103,,30307,58,,,0,200,,30309,58,,,0,98,,30310,58,,,0,199,,30312,58,,,0,100,,30313,58,,,0
15019,'1878',846,,30325,58,,,0,100,,30328,58,,,0,201,,30323,58,,,0,100,,30321,58,,,0,202,,30322,58,,,0,100,,30319,58,,,0,198,,30317,58,,,0,100,,30318,58,,,0,199,,30329,58,,,0
15019,'1881',743,,36889,58,,,0,301,,36890,58,,,0,70,,36891,58,,,0,100,,36893,58,,,0,30,,36894,58,,,0,170,,36896,58,,,0,134,,36897,58,,,0,70,,36898,58,,,0,194,,30384,58,,,0,100,,36899,58,,,0,30,,42574,58,,,0,170,,36901,58,,,0,98,,36902,58,,,0
15019,'1882',712,,30362,58,,,0,107,,30364,58,,,0,30,,30365,58,,,0,65,,30366,58,,,0,30,,30367,58,,,0,70,,30368,58,,,0,130,,42572,58,,,0,170,,42573,58,,,0,30,,30375,58,,,0,102,,30377,58,,,0,72,,30378,58,,,0,129,,30381,58,,,0,69,,30382,58,,,0,29,,30383,58,,,0,97,,30385,58,,,0,170,,30388,58,,,0
15019,'1886',743,,45054,58,,,0,301,,45055,58,,,0,70,,45056,58,,,0,100,,45057,58,,,0,30,,45058,58,,,0,170,,45059,58,,,0,134,,45060,58,,,0,70,,45061,58,,,0,194,,45062,58,,,0,100,,45063,58,,,0,30,,45064,58,,,0,170,,45065,58,,,0,98,,45066,58,,,0
15019,'1887',846,,45068,58,,,0,301,,45069,58,,,0,303,,45070,58,,,0,297,,45071,58,,,0,299,,45072,58,,,0
15019,'1888',746,,45078,58,,,0,301,,45077,58,,,0,302,,45076,58,,,0,299,,45075,58,,,0,299,,45074,58,,,0
