11019,'1800',907,,29840,14,,,0,100,,29841,14,,,0,103,,29842,14,,,0,100,,29843,14,,,0,100,,29844,14,,,0,100,,29845,14,,,0,100,,29846,14,,,0,100,,29847,14,,,0,100,,29848,14,,,0,97,,29849,14,,,0,100,,29850,14,,,0,100,,29851,14,,,0
11019,'1838',907,,29853,14,,,0,100,,29854,14,,,0,103,,29855,14,,,0,100,,29856,14,,,0,100,,29857,14,,,0,100,,29858,14,,,0,100,,29859,14,,,0,100,,29860,14,,,0,100,,29861,14,,,0,97,,29862,14,,,0,100,,29863,14,,,0,100,,29864,14,,,0
11019,'1841',707,,25552,14,,,0,100,,25553,14,,,0,100,,25554,14,,,0,100,,25555,14,,,0,100,,25556,14,,,0,100,,25557,14,,,0,100,,25558,14,,,0,100,,25559,14,,,0,99,,25560,14,,,0,100,,25561,14,,,0,100,,25562,14,,,0,101,,25563,14,,,0,100,,25564,14,,,0,100,,25565,14,,,0,98,,25566,14,,,0
11019,'1848',707,,29868,14,,,0,100,,29869,14,,,0,100,,29870,14,,,0,100,,29871,14,,,0,100,,29872,14,,,0,103,,29873,14,,,0,100,,29874,14,,,0,100,,29875,14,,,0,100,,29876,14,,,0,100,,29877,14,,,0,100,,29878,14,,,0,97,,29879,14,,,0,100,,29866,14,,,0,100,,29867,14,,,0
11019,'1849',907,,29881,14,,,0,100,,29882,14,,,0,103,,29883,14,,,0,100,,29884,14,,,0,100,,29885,14,,,0,100,,29886,14,,,0,100,,29887,14,,,0,100,,29888,14,,,0,100,,29889,14,,,0,97,,29890,14,,,0,100,,29891,14,,,0,100,,29892,14,,,0
11019,'1850',707,,29894,14,,,0,100,,29895,14,,,0,100,,29896,14,,,0,100,,29897,14,,,0,100,,29898,14,,,0,100,,29899,14,,,0,100,,29900,14,,,0,100,,29901,14,,,0,99,,29902,14,,,0,100,,29903,14,,,0,100,,29904,14,,,0,101,,29905,14,,,0,100,,29906,14,,,0,100,,29907,14,,,0,98,,29908,14,,,0
11019,'1852',707,,29910,14,,,0,100,,29911,14,,,0,100,,29912,14,,,0,100,,29913,14,,,0,100,,29914,14,,,0,100,,29915,14,,,0,100,,29916,14,,,0,100,,29917,14,,,0,99,,29918,14,,,0,100,,29919,14,,,0,100,,29920,14,,,0,101,,29921,14,,,0,100,,29922,14,,,0,100,,29923,14,,,0,98,,29924,14,,,0
701019,'1800',627,,33099,10,,,0,29,,33140,10,,,0,70,,33121,10,,,0,30,,33098,10,,,0,55,,33075,10,,,0,16,,33143,10,,,0,15,,33057,10,,,0,15,,33108,10,,,0,55,,33059,10,,,0,15,,33095,10,,,0,15,,33076,10,,,0,15,,33138,10,,,0,55,,33051,10,,,0,15,,33119,10,,,0,15,,33060,10,,,0,15,,33094,10,,,0,55,,33055,10,,,0,16,,33134,10,,,0,15,,33063,10,,,0,15,,33117,10,,,0,55,,33058,10,,,0,15,,33091,10,,,0,15,,33070,10,,,0,15,,33135,10,,,0,55,,33061,10,,,0,15,,33113,10,,,0,15,,33066,10,,,0,15,,33089,10,,,0,55,,33069,10,,,0,15,,33144,10,,,0,15,,33056,10,,,0,15,,33114,10,,,0,55,,33068,10,,,0,15,,33087,10,,,0,15,,33072,10,,,0,15,,33139,10,,,0,55,,33053,10,,,0,15,,33120,10,,,0,15,,33054,10,,,0,15,,33085,10,,,0,55,,33071,10,,,0,15,,33131,10,,,0,15,,33052,10,,,0,15,,33110,10,,,0,55,,33067,10,,,0,14,,33084,10,,,0,15,,33073,10,,,0,15,,33130,10,,,0,55,,33064,10,,,0,15,,33111,10,,,0,15,,33065,10,,,0,15,,33082,10,,,0,55,,33074,10,,,0,15,,33145,10,,,0,15,,33062,10,,,0,15,,33109,10,,,0,69,,33079,10,,,0,30,,33141,10,,,0,70,,33104,10,,,0,30,,33077,10,,,0,70,,33146,10,,,0,25,,33148,10,,,0,65,,33147,10,,,0
701019,'1838',627,,33198,10,,,0,29,,33239,10,,,0,70,,33220,10,,,0,30,,33197,10,,,0,55,,33174,10,,,0,16,,33242,10,,,0,15,,33156,10,,,0,15,,33207,10,,,0,55,,33158,10,,,0,15,,33194,10,,,0,15,,33175,10,,,0,15,,33237,10,,,0,55,,33150,10,,,0,15,,33218,10,,,0,15,,33159,10,,,0,15,,33193,10,,,0,55,,33154,10,,,0,16,,33233,10,,,0,15,,33162,10,,,0,15,,33216,10,,,0,55,,33157,10,,,0,15,,33190,10,,,0,15,,33169,10,,,0,15,,33234,10,,,0,55,,33160,10,,,0,15,,33212,10,,,0,15,,33165,10,,,0,15,,33188,10,,,0,55,,33168,10,,,0,15,,33243,10,,,0,15,,33155,10,,,0,15,,33213,10,,,0,55,,33167,10,,,0,15,,33186,10,,,0,15,,33171,10,,,0,15,,33238,10,,,0,55,,33152,10,,,0,15,,33219,10,,,0,15,,33153,10,,,0,15,,33184,10,,,0,55,,33170,10,,,0,15,,33230,10,,,0,15,,33151,10,,,0,15,,33209,10,,,0,55,,33166,10,,,0,14,,33183,10,,,0,15,,33172,10,,,0,15,,33229,10,,,0,55,,33163,10,,,0,15,,33210,10,,,0,15,,33164,10,,,0,15,,33181,10,,,0,55,,33173,10,,,0,15,,33244,10,,,0,15,,33161,10,,,0,15,,33208,10,,,0,69,,33178,10,,,0,30,,33240,10,,,0,70,,33203,10,,,0,30,,33176,10,,,0,70,,33245,10,,,0,25,,33247,10,,,0,65,,33246,10,,,0
701019,'1841',607,,27014,10,,,0,31,,27015,10,,,0,18,,27016,10,,,0,55,,27017,10,,,0,17,,27018,10,,,0,15,,27019,10,,,0,15,,27020,10,,,0,55,,27021,10,,,0,15,,27022,10,,,0,15,,27023,10,,,0,15,,27024,10,,,0,55,,27025,10,,,0,15,,27026,10,,,0,15,,27027,10,,,0,15,,27122,10,,,0,55,,27028,10,,,0,15,,27029,10,,,0,15,,27030,10,,,0,15,,27031,10,,,0,55,,27032,10,,,0,15,,27033,10,,,0,15,,27034,10,,,0,15,,27035,10,,,0,55,,27036,10,,,0,15,,27037,10,,,0,15,,27038,10,,,0,15,,27039,10,,,0,55,,27040,10,,,0,15,,27041,10,,,0,15,,27042,10,,,0,15,,27043,10,,,0,55,,27044,10,,,0,15,,27045,10,,,0,16,,27046,10,,,0,57,,27047,10,,,0,15,,27113,10,,,0,15,,27048,10,,,0,15,,27049,10,,,0,55,,27050,10,,,0,15,,27051,10,,,0,15,,27116,10,,,0,15,,27052,10,,,0,55,,27053,10,,,0,14,,27054,10,,,0,14,,27055,10,,,0,15,,27056,10,,,0,14,,27057,10,,,0,54,,27058,10,,,0,15,,27059,10,,,0,15,,27060,10,,,0,15,,27061,10,,,0,54,,27062,10,,,0,15,,27063,10,,,0,15,,27064,10,,,0,15,,27065,10,,,0,55,,27066,10,,,0,15,,27067,10,,,0,15,,27068,10,,,0,15,,27069,10,,,0,70,,27070,10,,,0,30,,27071,10,,,0,70,,27072,10,,,0,30,,27073,10,,,0,70,,27074,10,,,0,25,,27075,10,,,0,65,,27076,10,,,0
701019,'1848',627,,33318,10,,,0,29,,33283,10,,,0,70,,33263,10,,,0,30,,33275,10,,,0,55,,33321,10,,,0,16,,33287,10,,,0,15,,33322,10,,,0,15,,33253,10,,,0,55,,33323,10,,,0,15,,33264,10,,,0,15,,33330,10,,,0,15,,33276,10,,,0,55,,33333,10,,,0,15,,33288,10,,,0,15,,33328,10,,,0,15,,33254,10,,,0,55,,33331,10,,,0,16,,33265,10,,,0,15,,33329,10,,,0,15,,33277,10,,,0,55,,33332,10,,,0,15,,33289,10,,,0,15,,33344,10,,,0,15,,33255,10,,,0,55,,33343,10,,,0,15,,33266,10,,,0,15,,33342,10,,,0,15,,33278,10,,,0,55,,33341,10,,,0,15,,33290,10,,,0,15,,33340,10,,,0,15,,33256,10,,,0,55,,33339,10,,,0,15,,33267,10,,,0,15,,33345,10,,,0,15,,33279,10,,,0,55,,33338,10,,,0,15,,33291,10,,,0,15,,33337,10,,,0,15,,33257,10,,,0,55,,33336,10,,,0,15,,33268,10,,,0,15,,33335,10,,,0,15,,33280,10,,,0,55,,33334,10,,,0,14,,33292,10,,,0,15,,33346,10,,,0,15,,33258,10,,,0,55,,33319,10,,,0,15,,33269,10,,,0,15,,33324,10,,,0,15,,33281,10,,,0,55,,33325,10,,,0,15,,33293,10,,,0,15,,33326,10,,,0,15,,33259,10,,,0,69,,33270,10,,,0,30,,33282,10,,,0,70,,33294,10,,,0,30,,33314,10,,,0,70,,33317,10,,,0,25,,33327,10,,,0,65,,33320,10,,,0
701019,'1849',627,,33396,10,,,0,29,,33437,10,,,0,70,,33418,10,,,0,30,,33395,10,,,0,55,,33372,10,,,0,16,,33440,10,,,0,15,,33354,10,,,0,15,,33405,10,,,0,55,,33356,10,,,0,15,,33392,10,,,0,15,,33373,10,,,0,15,,33435,10,,,0,55,,33348,10,,,0,15,,33416,10,,,0,15,,33357,10,,,0,15,,33391,10,,,0,55,,33352,10,,,0,16,,33431,10,,,0,15,,33360,10,,,0,15,,33414,10,,,0,55,,33355,10,,,0,15,,33388,10,,,0,15,,33367,10,,,0,15,,33432,10,,,0,55,,33358,10,,,0,15,,33410,10,,,0,15,,33363,10,,,0,15,,33386,10,,,0,55,,33366,10,,,0,15,,33441,10,,,0,15,,33353,10,,,0,15,,33411,10,,,0,55,,33365,10,,,0,15,,33384,10,,,0,15,,33369,10,,,0,15,,33436,10,,,0,55,,33350,10,,,0,15,,33417,10,,,0,15,,33351,10,,,0,15,,33382,10,,,0,55,,33368,10,,,0,15,,33428,10,,,0,15,,33349,10,,,0,15,,33407,10,,,0,55,,33364,10,,,0,14,,33381,10,,,0,15,,33370,10,,,0,15,,33427,10,,,0,55,,33361,10,,,0,15,,33408,10,,,0,15,,33362,10,,,0,15,,33379,10,,,0,55,,33371,10,,,0,15,,33442,10,,,0,15,,33359,10,,,0,15,,33406,10,,,0,69,,33376,10,,,0,30,,33438,10,,,0,70,,33401,10,,,0,30,,33374,10,,,0,70,,33443,10,,,0,25,,33445,10,,,0,65,,33444,10,,,0
701019,'1850',607,,33447,10,,,0,31,,33448,10,,,0,18,,33449,10,,,0,56,,33450,10,,,0,16,,33451,10,,,0,15,,33452,10,,,0,15,,33453,10,,,0,55,,33454,10,,,0,15,,33455,10,,,0,15,,33456,10,,,0,15,,33457,10,,,0,55,,33458,10,,,0,15,,33459,10,,,0,15,,33460,10,,,0,15,,33555,10,,,0,55,,33461,10,,,0,16,,33462,10,,,0,15,,33463,10,,,0,15,,33464,10,,,0,55,,33465,10,,,0,15,,33466,10,,,0,15,,33467,10,,,0,15,,33468,10,,,0,55,,33469,10,,,0,15,,33470,10,,,0,15,,33471,10,,,0,15,,33472,10,,,0,55,,33473,10,,,0,15,,33474,10,,,0,15,,33475,10,,,0,15,,33476,10,,,0,55,,33477,10,,,0,15,,33478,10,,,0,16,,33479,10,,,0,56,,33480,10,,,0,15,,33546,10,,,0,15,,33481,10,,,0,15,,33482,10,,,0,55,,33483,10,,,0,15,,33484,10,,,0,15,,33549,10,,,0,15,,33485,10,,,0,55,,33486,10,,,0,14,,33487,10,,,0,14,,33488,10,,,0,15,,33489,10,,,0,15,,33490,10,,,0,54,,33491,10,,,0,15,,33492,10,,,0,15,,33493,10,,,0,14,,33494,10,,,0,55,,33495,10,,,0,15,,33496,10,,,0,15,,33497,10,,,0,15,,33498,10,,,0,55,,33499,10,,,0,15,,33500,10,,,0,15,,33501,10,,,0,15,,33502,10,,,0,70,,33503,10,,,0,30,,33504,10,,,0,69,,33505,10,,,0,30,,33506,10,,,0,70,,33507,10,,,0,25,,33508,10,,,0,65,,33509,10,,,0
701019,'1852',607,,33556,10,,,0,31,,33557,10,,,0,18,,33558,10,,,0,56,,33559,10,,,0,16,,33560,10,,,0,15,,33561,10,,,0,15,,33562,10,,,0,55,,33563,10,,,0,15,,33564,10,,,0,15,,33565,10,,,0,15,,33566,10,,,0,55,,33567,10,,,0,15,,33568,10,,,0,15,,33569,10,,,0,15,,33664,10,,,0,55,,33570,10,,,0,16,,33571,10,,,0,15,,33572,10,,,0,15,,33573,10,,,0,55,,33574,10,,,0,15,,33575,10,,,0,15,,33576,10,,,0,15,,33577,10,,,0,55,,33578,10,,,0,15,,33579,10,,,0,15,,33580,10,,,0,15,,33581,10,,,0,55,,33582,10,,,0,15,,33583,10,,,0,15,,33584,10,,,0,15,,33585,10,,,0,55,,33586,10,,,0,15,,33587,10,,,0,16,,33588,10,,,0,56,,33589,10,,,0,15,,33655,10,,,0,15,,33590,10,,,0,15,,33591,10,,,0,55,,33592,10,,,0,15,,33593,10,,,0,15,,33658,10,,,0,15,,33594,10,,,0,55,,33595,10,,,0,14,,33596,10,,,0,14,,33597,10,,,0,15,,33598,10,,,0,15,,33599,10,,,0,54,,33600,10,,,0,15,,33601,10,,,0,15,,33602,10,,,0,14,,33603,10,,,0,55,,33604,10,,,0,15,,33605,10,,,0,15,,33606,10,,,0,15,,33607,10,,,0,55,,33608,10,,,0,15,,33609,10,,,0,15,,33610,10,,,0,15,,33611,10,,,0,70,,33612,10,,,0,30,,33613,10,,,0,69,,33614,10,,,0,30,,33615,10,,,0,70,,33616,10,,,0,25,,33617,10,,,0,65,,33618,10,,,0
