1029,'1799',613,,19376,33,,,0,98,,19377,33,,,0,100,,19378,33,,,0,101,,19379,33,,,0,101,,19380,33,,,0,100,,19381,33,,,0,100,,19382,33,,,0,100,,19383,33,,,0,100,,19384,33,,,0,100,,19385,33,,,0,99,,19386,33,,,0,100,,19387,33,,,0,100,,19388,33,,,0,100,,19389,33,,,0,100,,19390,33,,,0,100,,19391,33,,,0,97,,19392,33,,,0,100,,19393,33,,,0
1029,'1800',613,,19394,33,,,0,98,,19395,33,,,0,100,,19396,33,,,0,101,,19397,33,,,0,101,,19398,33,,,0,100,,19399,33,,,0,100,,19400,33,,,0,100,,19401,33,,,0,100,,19402,33,,,0,100,,19403,33,,,0,99,,19404,33,,,0,100,,19405,33,,,0,100,,19406,33,,,0,100,,19407,33,,,0,100,,19408,33,,,0,100,,19409,33,,,0,97,,19410,33,,,0,100,,19411,33,,,0
1029,'1829',613,,19297,33,,,0,31,,19298,33,,,0,67,,19318,33,,,0,31,,19294,33,,,0,100,,19322,33,,,0,69,,19292,33,,,0,100,,19317,33,,,0,30,,19296,33,,,0,70,,19288,33,,,0,30,,19321,33,,,0,70,,19293,33,,,0,29,,19300,33,,,0,70,,19316,33,,,0,30,,19295,33,,,0,102,,19319,33,,,0,72,,19291,33,,,0,128,,19304,33,,,0,70,,19303,33,,,0,29,,19302,33,,,0,72,,19308,33,,,0,30,,19307,33,,,0,70,,19306,33,,,0,30,,19305,33,,,0,69,,19320,33,,,0,30,,19314,33,,,0,100,,19312,33,,,0,70,,19311,33,,,0,30,,19310,33,,,0,65,,19309,33,,,0
1029,'1831',613,,19328,33,,,0,28,,19340,33,,,0,70,,19347,33,,,0,30,,19335,33,,,0,70,,19356,33,,,0,30,,19344,33,,,0,71,,19327,33,,,0,31,,19339,33,,,0,70,,19350,33,,,0,30,,19334,33,,,0,70,,19357,33,,,0,30,,19343,33,,,0,70,,19326,33,,,0,30,,19338,33,,,0,70,,19349,33,,,0,30,,19333,33,,,0,70,,19329,33,,,0,30,,19342,33,,,0,70,,19325,33,,,0,30,,19337,33,,,0,69,,19345,33,,,0,30,,19332,33,,,0,70,,19354,33,,,0,30,,19341,33,,,0,70,,19324,33,,,0,30,,19336,33,,,0,70,,19348,33,,,0,30,,19330,33,,,0,70,,19352,33,,,0,30,,19351,33,,,0,70,,19323,33,,,0,30,,19331,33,,,0,67,,19346,33,,,0,30,,19355,33,,,0,70,,19353,33,,,0
1029,'1833',613,,19358,33,,,0,98,,19359,33,,,0,100,,19360,33,,,0,101,,19361,33,,,0,101,,19362,33,,,0,100,,19363,33,,,0,100,,19364,33,,,0,100,,19365,33,,,0,100,,19366,33,,,0,100,,19367,33,,,0,99,,19368,33,,,0,100,,19369,33,,,0,100,,19370,33,,,0,100,,19371,33,,,0,100,,19372,33,,,0,100,,19373,33,,,0,97,,19374,33,,,0,100,,19375,33,,,0
1029,'1835',812,,24959,33,,,0,129,,24961,33,,,0,470,,24960,33,,,0,133,,24962,33,,,0,69,,24964,33,,,0,499,,24963,33,,,0
31019,'1799',605,,22017,13,,,0,50,,22000,25,,,0,100,,22001,25,,,0,101,,22002,25,,,0,100,,22003,25,,,0,100,,22004,25,,,0,101,,22005,25,,,0,100,,22006,25,,,0,100,,22007,25,,,0,100,,22008,25,,,0,100,,22009,25,,,0,100,,22010,25,,,0,100,,22011,25,,,0,100,,22012,25,,,0,100,,22013,25,,,0,99,,22014,25,,,0,99,,22015,25,,,0,100,,22016,25,,,0
31019,'1800',605,,22036,13,,,0,50,,22019,25,,,0,100,,22020,25,,,0,101,,22021,25,,,0,100,,22022,25,,,0,100,,22023,25,,,0,101,,22024,25,,,0,100,,22025,25,,,0,100,,22026,25,,,0,100,,22027,25,,,0,100,,22028,25,,,0,100,,22029,25,,,0,100,,22030,25,,,0,100,,22031,25,,,0,100,,22032,25,,,0,99,,22033,25,,,0,99,,22034,25,,,0,100,,22035,25,,,0
31019,'1829',631,,21937,13,,,0,25,,21907,25,,,0,102,,21935,25,,,0,70,,21918,25,,,0,30,,21915,25,,,0,69,,21929,25,,,0,30,,21910,25,,,0,72,,21923,25,,,0,28,,21934,25,,,0,70,,21921,25,,,0,100,,21928,25,,,0,30,,21909,25,,,0,170,,21919,25,,,0,30,,21913,25,,,0,71,,21927,25,,,0,30,,21911,25,,,0,70,,21925,25,,,0,30,,21932,25,,,0,69,,21920,25,,,0,30,,21914,25,,,0,70,,21926,25,,,0,130,,21931,25,,,0,100,,21917,25,,,0,199,,21930,25,,,0
31019,'1831',605,,21979,13,,,0,26,,21972,13,,,0,24,,21949,25,,,0,70,,21965,25,,,0,30,,21978,25,,,0,71,,21961,25,,,0,30,,21955,25,,,0,70,,21971,25,,,0,30,,21948,25,,,0,70,,21964,25,,,0,30,,21973,25,,,0,71,,21960,25,,,0,30,,21954,25,,,0,70,,21970,25,,,0,30,,21947,25,,,0,70,,21963,25,,,0,30,,21976,25,,,0,70,,21959,25,,,0,30,,21953,25,,,0,70,,21969,25,,,0,30,,21946,25,,,0,70,,21962,25,,,0,30,,21975,25,,,0,70,,21958,25,,,0,30,,21952,25,,,0,70,,21968,25,,,0,30,,21945,25,,,0,70,,21980,25,,,0,30,,21974,25,,,0,99,,21951,25,,,0,99,,21944,25,,,0,100,,21977,25,,,0
31019,'1833',605,,21998,13,,,0,50,,21981,25,,,0,100,,21982,25,,,0,101,,21983,25,,,0,100,,21984,25,,,0,100,,21985,25,,,0,101,,21986,25,,,0,100,,21987,25,,,0,100,,21988,25,,,0,100,,21989,25,,,0,100,,21990,25,,,0,100,,21991,25,,,0,100,,21992,25,,,0,100,,21993,25,,,0,100,,21994,25,,,0,99,,21995,25,,,0,99,,21996,25,,,0,100,,21997,25,,,0
31019,'1835',605,,26293,13,,,0,124,,26290,25,,,0,428,,26289,25,,,0,170,,26291,25,,,0,30,,26292,25,,,0,500,,26287,25,,,0,70,,26294,25,,,0,229,,26288,25,,,0
