15019,'1838',711,,45028,8,,,0,100,,36883,8,,,0,100,,36886,8,,,0,100,,45027,8,,,0,100,,36881,8,,,0,100,,36879,8,,,0,100,,45026,8,,,0,100,,36880,8,,,0,100,,36877,8,,,0,100,,45025,8,,,0,100,,36875,8,,,0,100,,36876,8,,,0,100,,45024,8,,,0,100,,36887,8,,,0
15019,'1865',636,,36905,8,,,0,70,,45029,8,,,0,31,,36907,8,,,0,70,,36908,8,,,0,29,,36909,8,,,0,70,,36910,8,,,0,30,,36911,8,,,0,70,,45030,8,,,0,30,,45031,8,,,0,70,,42569,8,,,0,30,,45032,8,,,0,70,,45033,8,,,0,30,,42570,8,,,0,70,,36918,8,,,0,30,,45034,8,,,0,70,,36920,8,,,0,31,,36921,8,,,0,70,,45035,8,,,0,30,,45036,8,,,0,70,,36924,8,,,0,29,,36925,8,,,0,70,,36926,8,,,0,30,,45037,8,,,0,70,,36928,8,,,0,30,,45038,8,,,0,70,,45039,8,,,0,30,,36931,8,,,0,100,,45040,8,,,0,99,,45041,8,,,0,100,,45042,8,0,5 2 6 7,0
15019,'1866',711,,36935,8,,,0,100,,45043,8,,,0,100,,36937,8,,,0,100,,36938,8,,,0,100,,45044,8,,,0,100,,36940,8,,,0,100,,36941,8,,,0,100,,45045,8,,,0,100,,36943,8,,,0,100,,36944,8,,,0,100,,45046,8,,,0,100,,36946,8,,,0,100,,36947,8,,,0,100,,45047,8,,,0
15019,'1867',711,,45053,8,,,0,100,,36959,8,,,0,100,,36962,8,,,0,100,,45052,8,,,0,100,,36957,8,,,0,100,,36955,8,,,0,100,,45051,8,,,0,100,,36956,8,,,0,100,,36953,8,,,0,100,,45050,8,,,0,100,,36951,8,,,0,100,,36952,8,,,0,100,,45049,8,,,0,100,,36963,8,,,0
15019,'1873',711,,30301,8,,,0,200,,30303,8,,,0,100,,30304,8,,,0,200,,30306,8,,,0,100,,30307,8,,,0,200,,30309,8,,,0,100,,30310,8,,,0,200,,30312,8,,,0,100,,30313,8,,,0
15019,'1878',811,,30325,8,,,0,100,,30328,8,,,0,200,,30323,8,,,0,100,,30321,8,,,0,200,,30322,8,,,0,100,,30319,8,,,0,200,,30317,8,,,0,100,,30318,8,,,0,200,,30329,8,,,0
15019,'1881',706,,36889,8,,,0,300,,36890,8,,,0,30,,36891,8,,,0,100,,36893,8,,,0,70,,36894,8,,,0,130,,36896,8,,,0,171,,36897,8,,,0,30,,36898,8,,,0,199,,30384,8,,,0,100,,36899,8,,,0,70,,42574,8,,,0,130,,36901,8,,,0,99,,36902,8,,,0,100,,36903,8,0,5 2 6 7,0
15019,'1882',636,,30362,8,,,0,101,,30364,8,,,0,70,,30365,8,,,0,29,,30366,8,,,0,70,,30367,8,,,0,30,,30368,8,,,0,170,,42572,8,,,0,130,,42573,8,,,0,70,,30375,8,,,0,100,,30377,8,,,0,31,,30378,8,,,0,170,,30381,8,,,0,29,,30382,8,,,0,70,,30383,8,,,0,100,,30385,8,,,0,130,,30388,8,,,0
15019,'1886',706,,45054,8,,,0,300,,45055,8,,,0,30,,45056,8,,,0,100,,45057,8,,,0,70,,45058,8,,,0,130,,45059,8,,,0,171,,45060,8,,,0,30,,45061,8,,,0,199,,45062,8,,,0,100,,45063,8,,,0,70,,45064,8,,,0,130,,45065,8,,,0,99,,45066,8,,,0,100,,45067,8,0,5 2 6 7,0
15019,'1887',811,,45068,8,,,0,300,,45069,8,,,0,300,,45070,8,,,0,300,,45071,8,,,0,300,,45072,8,,,0
15019,'1888',711,,45078,8,,,0,300,,45077,8,,,0,300,,45076,8,,,0,300,,45075,8,,,0,300,,45074,8,,,0
