11029,'1800',839,,29926,29,,,0,100,,36536,29,,,0,103,,36537,29,,,0,100,,29929,29,,,0,100,,36538,29,,,0,100,,36539,29,,,0,100,,29932,29,,,0,100,,36540,29,,,0,100,,36541,29,,,0,97,,29935,29,,,0,99,,29936,29,,,0,101,,36542,29,,,0,95,,36543,29,,,0
11029,'1838',839,,36544,29,,,0,100,,36545,29,,,0,103,,36546,29,,,0,100,,36547,29,,,0,100,,36548,29,,,0,100,,36549,29,,,0,100,,36550,29,,,0,100,,36551,29,,,0,100,,36552,29,,,0,97,,36553,29,,,0,99,,36554,29,,,0,101,,36555,29,,,0,95,,36556,29,,,0
11029,'1850',639,,29995,22,,,0,100,,29981,29,,,0,100,,29982,29,,,0,100,,29983,29,,,0,100,,29984,29,,,0,100,,29985,29,,,0,100,,29986,29,,,0,100,,29987,29,,,0,99,,29988,29,,,0,100,,29989,29,,,0,100,,29990,29,,,0,100,,29991,29,,,0,101,,29992,29,,,0,100,,29993,29,,,0,100,,29994,29,,,0,95,,29980,29,,,0
11029,'1859',839,,29953,29,,,0,100,,29954,29,,,0,403,,29958,29,,,0,200,,29960,29,,,0,100,,29961,29,,,0
11029,'1861',839,,29967,29,,,0,303,,29970,29,,,0,300,,29973,29,,,0,297,,29976,29,,,0,99,,29977,29,,,0
11029,'1862',639,,36557,22,,,0,98,,36566,29,,,0,302,,36558,29,,,0,103,,36559,29,,,0,100,,36560,29,,,0,200,,36561,29,,,0,297,,36562,29,,,0,100,,36563,29,,,0,99,,36564,29,,,0,101,,36565,29,,,0
11029,'1863',939,,36567,29,,,0,103,,36568,29,,,0,200,,36569,29,,,0,100,,36570,29,,,0,200,,36571,29,,,0,100,,36572,29,,,0,297,,36573,29,,,0,95,,36574,29,,,0
11029,'1864',639,,30011,22,,,0,100,,29997,29,,,0,100,,29998,29,,,0,100,,36575,29,,,0,100,,30000,29,,,0,100,,36576,29,,,0,100,,36577,29,,,0,100,,36578,29,,,0,99,,36579,29,,,0,100,,36580,29,,,0,100,,36581,29,,,0,100,,36582,29,,,0,101,,36583,29,,,0,100,,30009,29,,,0,100,,36584,29,,,0,95,,29996,29,,,0
11029,'1865',639,,36600,22,,,0,100,,36586,29,,,0,100,,36587,29,,,0,100,,36588,29,,,0,100,,36589,29,,,0,100,,36590,29,,,0,100,,36591,29,,,0,100,,36592,29,,,0,99,,36593,29,,,0,100,,36594,29,,,0,100,,36595,29,,,0,100,,36596,29,,,0,101,,36597,29,,,0,100,,36598,29,,,0,100,,36599,29,,,0,95,,36585,29,,,0
11029,'1866',639,,36601,22,,,0,98,,36615,29,,,0,102,,36602,29,,,0,100,,36603,29,,,0,100,,36604,29,,,0,103,,36605,29,,,0,100,,36606,29,,,0,100,,36607,29,,,0,100,,36608,29,,,0,100,,36609,29,,,0,100,,36610,29,,,0,97,,36611,29,,,0,100,,36612,29,,,0,99,,36613,29,,,0,101,,36614,29,,,0
11029,'1867',839,,36616,29,,,0,100,,36617,29,,,0,103,,36618,29,,,0,100,,36619,29,,,0,100,,36620,29,,,0,100,,36621,29,,,0,100,,36622,29,,,0,100,,36623,29,,,0,100,,36624,29,,,0,97,,36625,29,,,0,99,,36626,29,,,0,101,,36627,29,,,0,95,,36628,29,,,0
