19029,'1799',824,,21644,4,,,0,130,,21640,4,,,0,200,,21636,4,,,0,700,,21630,4,,,0,70,,21647,4,,,0,215,,21649,4,,,0,100,,21643,4,,,0,85,,21621,4,,,0
19029,'1800',612,,26108,4,,,0,112,,26109,4,,,0,100,,21674,4,,,0,30,,26107,4,,,0,70,,26103,4,,,0,30,,21670,4,,,0,70,,26093,4,,,0,30,,26097,4,,,0,70,,26100,4,,,0,30,,21666,4,,,0,70,,26104,4,,,0,30,,26091,4,,,0,70,,26096,4,,,0,30,,26099,4,,,0,71,,26102,4,,,0,30,,26105,4,,,0,70,,26090,4,,,0,30,,26095,4,,,0,70,,26098,4,,,0,30,,26101,4,,,0,69,,26106,4,,,0,30,,26092,4,,,0,70,,26094,4,,,0,30,,21660,4,,,0,70,,21677,4,,,0,30,,26111,4,,,0,85,,26110,4,,,0,100,,21679,4,,,0,100,,21673,4,,,0,85,,21651,4,,,0
19029,'1829',824,,21545,4,,,0,130,,21537,4,,,0,70,,21542,4,,,0,1300,,21550,4,,,0
19029,'1831',614,,21583,4,,,0,40,,21584,4,,,0,170,,21579,4,,,0,130,,21573,4,,,0,70,,21580,4,,,0,830,,21560,4,,,0,250,,21586,4,,,0,100,,21587,4,,,0,125,,21563,4,,,0
19029,'1832',612,,21615,4,,,0,112,,21616,4,,,0,130,,21612,4,,,0,70,,21607,4,,,0,100,,21595,4,,,0,30,,21599,4,,,0,70,,21603,4,,,0,100,,21608,4,,,0,30,,21593,4,,,0,70,,21598,4,,,0,30,,21602,4,,,0,71,,21605,4,,,0,30,,21609,4,,,0,70,,21592,4,,,0,30,,21597,4,,,0,70,,21601,4,,,0,30,,21604,4,,,0,69,,21611,4,,,0,30,,21594,4,,,0,70,,21596,4,,,0,130,,21620,4,,,0,85,,21618,4,,,0
19029,'1833',824,,21614,4,,,0,130,,21610,4,,,0,200,,21606,4,,,0,700,,21600,4,,,0,70,,21617,4,,,0,215,,21619,4,,,0,100,,21613,4,,,0,85,,21591,4,,,0
19029,'1834',612,,21645,4,,,0,112,,21646,4,,,0,130,,21642,4,,,0,70,,21637,4,,,0,100,,21625,4,,,0,30,,21629,4,,,0,70,,21633,4,,,0,100,,21638,4,,,0,30,,21623,4,,,0,70,,21628,4,,,0,30,,21632,4,,,0,71,,21635,4,,,0,30,,21639,4,,,0,70,,21622,4,,,0,30,,21627,4,,,0,70,,21631,4,,,0,30,,21634,4,,,0,69,,21641,4,,,0,30,,21624,4,,,0,70,,21626,4,,,0,130,,21650,4,,,0,85,,21648,4,,,0
19029,'1835',854,,26119,4,,,0,70,,26112,4,,,0,130,,26116,4,,,0,70,,26114,4,,,0,30,,26117,4,,,0,70,,26118,4,,,0,30,,26120,4,,,0,70,,26113,4,,,0,30,,26115,4,,,0,70,,26121,4,,,0,30,,26122,4,,,0,71,,26129,4,,,0,299,,26124,4,,,0,30,,26123,4,,,0,70,,26128,4,,,0,100,,26127,4,,,0,100,,26126,4,,,0,100,,26125,4,,,0
19029,'1836',724,,26145,4,,,0,30,,26131,4,,,0,100,,26146,4,,,0,70,,26130,4,,,0,130,,26135,4,,,0,70,,26144,4,,,0,30,,26134,4,,,0,70,,26143,4,,,0,30,,26140,4,,,0,70,,26148,4,,,0,30,,26152,4,,,0,71,,26138,4,,,0,30,,26133,4,,,0,70,,26137,4,,,0,30,,26142,4,,,0,70,,26139,4,,,0,30,,26147,4,,,0,69,,26132,4,,,0,30,,26141,4,,,0,70,,26136,4,,,0,100,,26149,4,,,0,110,,26151,4,,,0,270,,26150,4,,,0
19029,'1837',612,,26171,4,,,0,112,,26172,4,,,0,130,,26170,4,,,0,70,,26166,4,,,0,100,,26156,4,,,0,30,,26160,4,,,0,70,,26163,4,,,0,100,,26167,4,,,0,30,,26154,4,,,0,70,,26159,4,,,0,30,,26162,4,,,0,71,,26165,4,,,0,30,,26168,4,,,0,70,,26153,4,,,0,30,,26158,4,,,0,70,,26161,4,,,0,30,,26164,4,,,0,69,,26169,4,,,0,30,,26155,4,,,0,70,,26157,4,,,0,130,,26174,4,,,0,85,,26173,4,,,0
19029,'1838',612,,26193,4,,,0,112,,26194,4,,,0,130,,26192,4,,,0,70,,26188,4,,,0,100,,26178,4,,,0,30,,26182,4,,,0,70,,26185,4,,,0,100,,26189,4,,,0,30,,26176,4,,,0,70,,26181,4,,,0,30,,26184,4,,,0,71,,26187,4,,,0,30,,26190,4,,,0,70,,26175,4,,,0,30,,26180,4,,,0,70,,26183,4,,,0,30,,26186,4,,,0,69,,26191,4,,,0,30,,26177,4,,,0,70,,26179,4,,,0,130,,26196,4,,,0,85,,26195,4,,,0
10019029,'1829',644,,24785,4,,,0,971,,24789,4,,,0
10019029,'1835',614,,28204,4,,,0,100,,28206,4,,,0,30,,28207,4,,,0,801,,28211,4,,,0,100,,28208,4,,,0,70,,28212,4,,,0,29,,28209,4,,,0,210,,28210,4,,,0
