11029,'1800',810,,29926,5,,,0,100,,36536,5,,,0,102,,36537,5,,,0,100,,29929,5,,,0,100,,36538,5,,,0,100,,36539,5,,,0,100,,29932,5,,,0,100,,36540,5,,,0,100,,36541,5,,,0,99,,29935,5,,,0,100,,29936,5,,,0,99,,36542,5,,,0,100,,36543,5,,,0
11029,'1838',810,,36544,5,,,0,100,,36545,5,,,0,102,,36546,5,,,0,100,,36547,5,,,0,100,,36548,5,,,0,100,,36549,5,,,0,100,,36550,5,,,0,100,,36551,5,,,0,100,,36552,5,,,0,99,,36553,5,,,0,100,,36554,5,,,0,99,,36555,5,,,0,100,,36556,5,,,0
11029,'1850',710,,29981,5,,,0,100,,29982,5,,,0,100,,29983,5,,,0,101,,29984,5,,,0,100,,29985,5,,,0,100,,29986,5,,,0,100,,29987,5,,,0,99,,29988,5,,,0,100,,29989,5,,,0,100,,29990,5,,,0,100,,29991,5,,,0,101,,29992,5,,,0,100,,29993,5,,,0,100,,29994,5,,,0,100,,29980,5,,,0
11029,'1859',810,,29953,5,,,0,100,,29954,5,,,0,402,,29958,5,,,0,200,,29960,5,,,0,100,,29961,5,,,0
11029,'1861',810,,29967,5,,,0,302,,29970,5,,,0,300,,29973,5,,,0,299,,29976,5,,,0,100,,29977,5,,,0
11029,'1862',710,,36566,5,,,0,302,,36558,5,,,0,100,,36559,5,,,0,100,,36560,5,,,0,200,,36561,5,,,0,299,,36562,5,,,0,100,,36563,5,,,0,99,,36564,5,,,0,100,,36565,5,,,0
11029,'1863',910,,36567,5,,,0,102,,36568,5,,,0,200,,36569,5,,,0,100,,36570,5,,,0,200,,36571,5,,,0,100,,36572,5,,,0,298,,36573,5,,,0,100,,36574,5,,,0
11029,'1864',710,,29997,5,,,0,100,,29998,5,,,0,100,,36575,5,,,0,101,,30000,5,,,0,100,,36576,5,,,0,100,,36577,5,,,0,100,,36578,5,,,0,99,,36579,5,,,0,100,,36580,5,,,0,100,,36581,5,,,0,100,,36582,5,,,0,101,,36583,5,,,0,100,,30009,5,,,0,100,,36584,5,,,0,100,,29996,5,,,0
11029,'1865',710,,36586,5,,,0,100,,36587,5,,,0,100,,36588,5,,,0,101,,36589,5,,,0,100,,36590,5,,,0,100,,36591,5,,,0,100,,36592,5,,,0,99,,36593,5,,,0,100,,36594,5,,,0,100,,36595,5,,,0,100,,36596,5,,,0,101,,36597,5,,,0,100,,36598,5,,,0,100,,36599,5,,,0,100,,36585,5,,,0
11029,'1866',710,,36615,5,,,0,100,,36602,5,,,0,100,,36603,5,,,0,102,,36604,5,,,0,100,,36605,5,,,0,100,,36606,5,,,0,100,,36607,5,,,0,100,,36608,5,,,0,100,,36609,5,,,0,100,,36610,5,,,0,99,,36611,5,,,0,100,,36612,5,,,0,99,,36613,5,,,0,100,,36614,5,,,0
11029,'1867',810,,36616,5,,,0,100,,36617,5,,,0,102,,36618,5,,,0,100,,36619,5,,,0,100,,36620,5,,,0,100,,36621,5,,,0,100,,36622,5,,,0,100,,36623,5,,,0,100,,36624,5,,,0,99,,36625,5,,,0,100,,36626,5,,,0,99,,36627,5,,,0,100,,36628,5,,,0
