1019,'1799',629,,19252,37,,,0,100,,19253,37,,,0,101,,19254,37,,,0,100,,19255,37,,,0,100,,19256,37,,,0,101,,19257,37,,,0,100,,19258,37,,,0,100,,19259,37,,,0,100,,19260,37,,,0,100,,19261,37,,,0,100,,19262,37,,,0,100,,19263,37,,,0,100,,19264,37,,,0,99,,19265,37,,,0,100,,19266,37,,,0,100,,19267,37,,,0,103,,19268,37,,,0,95,,19269,37,,,0
1019,'1800',629,,19270,37,,,0,100,,19271,37,,,0,101,,19272,37,,,0,100,,19273,37,,,0,100,,19274,37,,,0,101,,19275,37,,,0,100,,19276,37,,,0,100,,19277,37,,,0,100,,19278,37,,,0,100,,19279,37,,,0,100,,19280,37,,,0,100,,19281,37,,,0,100,,19282,37,,,0,99,,19283,37,,,0,100,,19284,37,,,0,100,,19285,37,,,0,103,,19286,37,,,0,95,,19287,37,,,0
1019,'1829',600,,19171,37,,,0,30,,19194,37,,,0,70,,19169,37,,,0,102,,19183,37,,,0,31,,19166,37,,,0,99,,19197,37,,,0,70,,19168,37,,,0,30,,19162,37,,,0,71,,19182,37,,,0,30,,19167,37,,,0,70,,19173,37,,,0,30,,19193,37,,,0,70,,19170,37,,,0,101,,19195,37,,,0,31,,19165,37,,,0,169,,19185,37,,,0,30,,19177,37,,,0,70,,19175,37,,,0,29,,19178,37,,,0,70,,19180,37,,,0,29,,19179,37,,,0,69,,19176,37,,,0,30,,19196,37,,,0,70,,19190,37,,,0,100,,19189,37,,,0,29,,19188,37,,,0,74,,19187,37,,,0,30,,19186,37,,,0,70,,19184,37,,,0
1019,'1831',559,,19209,37,,,0,70,,19223,37,,,0,30,,19208,37,,,0,70,,19228,37,,,0,71,,19218,37,,,0,30,,19202,37,,,0,70,,19224,37,,,0,30,,19226,37,,,0,70,,19207,37,,,0,30,,19229,37,,,0,70,,19217,37,,,0,31,,19201,37,,,0,70,,19212,37,,,0,30,,19222,37,,,0,70,,19206,37,,,0,30,,19230,37,,,0,70,,19216,37,,,0,30,,19200,37,,,0,70,,19211,37,,,0,30,,19221,37,,,0,70,,19205,37,,,0,30,,19231,37,,,0,70,,19215,37,,,0,30,,19199,37,,,0,70,,19210,37,,,0,30,,19220,37,,,0,69,,19203,37,,,0,30,,19232,37,,,0,70,,19213,37,,,0,30,,19198,37,,,0,70,,19204,37,,,0,30,,19219,37,,,0,73,,19214,37,,,0,30,,19233,37,,,0,70,,19227,37,,,0,25,,19225,37,,,0
1019,'1833',629,,19234,37,,,0,100,,19235,37,,,0,101,,19236,37,,,0,100,,19237,37,,,0,100,,19238,37,,,0,101,,19239,37,,,0,100,,19240,37,,,0,100,,19241,37,,,0,100,,19242,37,,,0,100,,19243,37,,,0,100,,19244,37,,,0,100,,19245,37,,,0,100,,19246,37,,,0,99,,19247,37,,,0,100,,19248,37,,,0,100,,19249,37,,,0,103,,19250,37,,,0,95,,19251,37,,,0
1019,'1835',731,,24953,37,,,0,172,,24954,37,,,0,431,,24952,37,,,0,171,,24955,37,,,0,30,,24958,37,,,0,496,,24957,37,,,0,298,,24956,37,,,0
1029,'1799',602,,19376,15,,,0,98,,19377,15,,,0,100,,19378,15,,,0,100,,19379,15,,,0,101,,19380,15,,,0,100,,19381,15,,,0,100,,19382,15,,,0,100,,19383,15,,,0,100,,19384,15,,,0,100,,19385,15,,,0,99,,19386,15,,,0,100,,19387,15,,,0,100,,19388,15,,,0,100,,19389,15,,,0,100,,19390,15,,,0,100,,19391,15,,,0,59,,19392,15,,,0,100,,19393,15,,,0
1029,'1800',602,,19394,15,,,0,98,,19395,15,,,0,100,,19396,15,,,0,100,,19397,15,,,0,101,,19398,15,,,0,100,,19399,15,,,0,100,,19400,15,,,0,100,,19401,15,,,0,100,,19402,15,,,0,100,,19403,15,,,0,99,,19404,15,,,0,100,,19405,15,,,0,100,,19406,15,,,0,100,,19407,15,,,0,100,,19408,15,,,0,100,,19409,15,,,0,59,,19410,15,,,0,100,,19411,15,,,0
1029,'1829',600,,19297,15,,,0,31,,19298,15,,,0,26,,19318,15,,,0,69,,19294,15,,,0,100,,19322,15,,,0,30,,19292,15,,,0,101,,19317,15,,,0,70,,19296,15,,,0,30,,19288,15,,,0,70,,19321,15,,,0,30,,19293,15,,,0,69,,19300,15,,,0,30,,19316,15,,,0,70,,19295,15,,,0,101,,19319,15,,,0,32,,19291,15,,,0,169,,19304,15,,,0,30,,19303,15,,,0,69,,19302,15,,,0,74,,19308,15,,,0,30,,19307,15,,,0,70,,19306,15,,,0,30,,19305,15,,,0,69,,19320,15,,,0,30,,19314,15,,,0,100,,19312,15,,,0,70,,19311,15,,,0,30,,19310,15,,,0,25,,19309,15,,,0
1029,'1831',602,,19328,15,,,0,28,,19340,15,,,0,70,,19347,15,,,0,30,,19335,15,,,0,70,,19356,15,,,0,30,,19344,15,,,0,70,,19327,15,,,0,31,,19339,15,,,0,70,,19350,15,,,0,30,,19334,15,,,0,70,,19357,15,,,0,30,,19343,15,,,0,70,,19326,15,,,0,30,,19338,15,,,0,70,,19349,15,,,0,30,,19333,15,,,0,70,,19329,15,,,0,30,,19342,15,,,0,70,,19325,15,,,0,30,,19337,15,,,0,69,,19345,15,,,0,30,,19332,15,,,0,70,,19354,15,,,0,30,,19341,15,,,0,70,,19324,15,,,0,30,,19336,15,,,0,70,,19348,15,,,0,30,,19330,15,,,0,70,,19352,15,,,0,30,,19351,15,,,0,70,,19323,15,,,0,30,,19331,15,,,0,29,,19346,15,,,0,70,,19355,15,,,0,30,,19353,15,,,0
1029,'1833',602,,19358,15,,,0,98,,19359,15,,,0,100,,19360,15,,,0,100,,19361,15,,,0,101,,19362,15,,,0,100,,19363,15,,,0,100,,19364,15,,,0,100,,19365,15,,,0,100,,19366,15,,,0,100,,19367,15,,,0,99,,19368,15,,,0,100,,19369,15,,,0,100,,19370,15,,,0,100,,19371,15,,,0,100,,19372,15,,,0,100,,19373,15,,,0,59,,19374,15,,,0,100,,19375,15,,,0
1029,'1835',756,,24959,15,,,0,171,,24961,15,,,0,430,,24960,15,,,0,172,,24962,15,,,0,30,,24964,15,,,0,541,,24963,15,,,0
7029,'1799',719,,20476,17,,,0,99,,20477,17,,,0,100,,20478,17,,,0,100,,20479,17,,,0,100,,20480,17,,,0,100,,20481,17,,,0,100,,20482,17,,,0,101,,20483,17,,,0,100,,20484,17,,,0,99,,20485,17,,,0,100,,20486,17,,,0,100,,20487,17,,,0,100,,20488,17,,,0,101,,20489,17,,,0,100,,20475,17,,,0
7029,'1800',719,,20492,17,,,0,99,,20493,17,,,0,100,,20494,17,,,0,100,,20495,17,,,0,100,,20496,17,,,0,100,,20497,17,,,0,100,,20498,17,,,0,101,,20499,17,,,0,100,,20500,17,,,0,99,,20501,17,,,0,100,,20502,17,,,0,100,,20503,17,,,0,100,,20504,17,,,0,101,,20505,17,,,0,100,,20491,17,,,0
7029,'1829',750,,20403,17,,,0,70,,20404,17,,,0,100,,20406,17,,,0,130,,20409,17,,,0,100,,20411,17,,,0,170,,20397,17,,,0,400,,20416,17,,,0
7029,'1831',620,,20457,6,,,0,99,,20440,17,,,0,99,,20441,17,,,0,100,,20442,17,,,0,100,,20443,17,,,0,100,,20444,17,,,0,100,,20445,17,,,0,100,,20446,17,,,0,101,,20447,17,,,0,100,,20448,17,,,0,99,,20449,17,,,0,100,,20450,17,,,0,100,,20451,17,,,0,100,,20452,17,,,0,101,,20453,17,,,0,100,,20454,17,,,0,200,,20456,17,,,0
7029,'1833',719,,20460,17,,,0,99,,20461,17,,,0,100,,20462,17,,,0,100,,20463,17,,,0,100,,20464,17,,,0,100,,20465,17,,,0,100,,20466,17,,,0,101,,20467,17,,,0,100,,20468,17,,,0,99,,20469,17,,,0,100,,20470,17,,,0,100,,20471,17,,,0,100,,20472,17,,,0,101,,20473,17,,,0,100,,20459,17,,,0
7029,'1835',516,,25358,17,,,0,103,,25359,17,,,0,29,,25360,17,,,0,72,,25361,17,,,0,130,,25362,17,,,0,100,,25363,17,,,0,70,,25364,17,,,0,100,,25365,17,,,0,100,,25355,17,,,0,30,,25356,17,,,0,101,,25354,17,,,0,70,,25353,17,,,0,31,,25357,17,,,0,69,,25366,17,,,0,30,,25367,17,,,0,70,,25368,17,,,0,29,,25369,17,,,0,99,,25370,17,,,0,70,,25371,17,,,0,30,,25372,17,,,0,70,,25373,17,,,0,30,,25374,17,,,0,69,,25375,17,,,0,101,,25376,17,,,0,100,,25377,17,,,0,100,,25378,17,,,0
7029,'1836',649,,25379,17,,,0,100,,25380,17,,,0,99,,25381,17,,,0,100,,25382,17,,,0,100,,25383,17,,,0,100,,25384,17,,,0,100,,25385,17,,,0,100,,25386,17,,,0,101,,25387,17,,,0,100,,25388,17,,,0,99,,25389,17,,,0,100,,25390,17,,,0,100,,25391,17,,,0,100,,25392,17,,,0,271,,25393,17,,,0
16019,'1829',644,,21176,32,4,,0,70,,21177,32,4,,0,32,,21178,32,4,,0,70,,21179,32,4,,0,30,,21180,32,4,,0,69,,21181,32,4,,0,30,,21182,32,4,,0,100,,21184,32,4,,0,70,,21185,32,4,,0,130,,21188,32,4,,0,71,,21189,32,4,,0,30,,21190,32,4,,0,70,,21191,32,4,,0,32,,21192,32,4,,0,70,,21193,32,4,,0,28,,21194,32,4,,0,70,,21195,32,4,,0,30,,21196,32,4,,0,268,,21201,32,4,,0,30,,21202,32,4,,0,168,,21205,32,4,,0
16019,'1831',640,,21229,32,4,,0,70,,21225,32,4,,0,30,,21233,32,4,,0,70,,21217,32,4,,0,31,,21231,32,4,,0,72,,21212,32,4,,0,30,,21210,32,4,,0,70,,21207,32,4,,0,30,,21218,32,4,,0,70,,21228,32,4,,0,30,,21222,32,4,,0,70,,21230,32,4,,0,31,,21214,32,4,,0,70,,21232,32,4,,0,30,,21209,32,4,,0,70,,21220,32,4,,0,31,,21219,32,4,,0,70,,21223,32,4,,0,30,,21224,32,4,,0,70,,21208,32,4,,0,29,,21216,32,4,,0,70,,21226,32,4,,0,29,,21211,32,4,,0,70,,21215,32,4,,0,30,,21221,32,4,,0,69,,21235,32,4,,0,30,,21227,32,4,,0,69,,21234,32,4,,0,30,,21213,32,4,,0,70,,21237,32,4,,0
16019,'1835',1015,,25905,32,4,,0,130,,25906,32,4,,0,70,,25907,32,4,,0,500,,25908,32,4,,0,30,,25909,32,4,,0,69,,25910,32,4,,0,30,,25911,32,4,,0,168,,25912,32,4,,0,30,,25913,32,4,,0
22019,'1799',838,,21766,1,,,0,700,,21763,1,,,0,400,,21772,1,0,19 2 24 1 25 26,0
22019,'1800',644,,26204,1,0,19 2 24 1 25 26,0,94,,26205,1,0,19 2 24 1 25 26,0,100,,21781,1,,,0,100,,26203,1,,,0,100,,26198,1,,,0,100,,26202,1,,,0,100,,26199,1,,,0,100,,26200,1,,,0,100,,26197,1,,,0,100,,21778,1,,,0,100,,26201,1,,,0,100,,26206,1,0,19 2 24 1 25 26,0,100,,26207,1,0,19 2 24 1 25 26,0,100,,21787,1,0,19 2 24 1 25 26,0,108,,26208,1,0,19 2 24 1 25 26,0
22019,'1829',552,,21710,1,0,19 2 24 1 25 26,0,66,,21712,1,0,19 2 24 1 25 26,0,26,,21681,1,0,19 2 24 1 25 26,0,70,,21682,1,0,19 2 24 1 25 26,0,32,,21683,1,,,0,70,,21684,1,,,0,30,,21685,1,,,0,69,,21686,1,,,0,30,,21687,1,,,0,100,,21689,1,,,0,70,,21690,1,,,0,130,,21693,1,,,0,71,,21694,1,,,0,30,,21695,1,,,0,70,,21696,1,,,0,32,,21697,1,,,0,70,,21698,1,,,0,28,,21711,1,,,0,70,,21699,1,,,0,30,,21700,1,,,0,268,,21705,1,,,0,30,,21706,1,,,0,168,,21709,1,0,19 2 24 1 25 26,0
22019,'1831',616,,21732,1,0,19 2 24 1 25 26,0,24,,21737,1,0,19 2 24 1 25 26,0,70,,21733,1,0,19 2 24 1 25 26,0,30,,21738,1,0,19 2 24 1 25 26,0,70,,21734,1,0,19 2 24 1 25 26,0,31,,21713,1,,,0,72,,21714,1,,,0,30,,21715,1,,,0,70,,21716,1,,,0,30,,21717,1,,,0,70,,21718,1,,,0,30,,21719,1,,,0,70,,21720,1,,,0,31,,21721,1,,,0,70,,21722,1,,,0,30,,21723,1,,,0,70,,21724,1,,,0,31,,21725,1,,,0,70,,21726,1,,,0,30,,21727,1,,,0,70,,21728,1,,,0,29,,21729,1,,,0,70,,21730,1,,,0,29,,21739,1,0,19 2 24 1 25 26,0,70,,21735,1,0,19 2 24 1 25 26,0,30,,21740,1,0,19 2 24 1 25 26,0,69,,21731,1,0,19 2 24 1 25 26,0,30,,21741,1,0,19 2 24 1 25 26,0,69,,21736,1,0,19 2 24 1 25 26,0,30,,21742,1,0,19 2 24 1 25 26,0,70,,21743,1,0,19 2 24 1 25 26,0
22019,'1832',644,,21753,1,0,19 2 24 1 25 26,0,94,,21754,1,0,19 2 24 1 25 26,0,200,,21752,1,,,0,100,,21745,1,,,0,100,,21750,1,,,0,100,,21746,1,,,0,100,,21747,1,,,0,100,,21744,1,,,0,200,,21749,1,,,0,100,,21755,1,0,19 2 24 1 25 26,0,100,,21756,1,0,19 2 24 1 25 26,0,208,,21758,1,0,19 2 24 1 25 26,0
22019,'1833',838,,21751,1,,,0,700,,21748,1,,,0,400,,21757,1,0,19 2 24 1 25 26,0
22019,'1834',644,,21768,1,0,19 2 24 1 25 26,0,94,,21769,1,0,19 2 24 1 25 26,0,200,,21767,1,,,0,100,,21760,1,,,0,100,,21765,1,,,0,100,,21761,1,,,0,100,,21762,1,,,0,100,,21759,1,,,0,200,,21764,1,,,0,100,,21770,1,0,19 2 24 1 25 26,0,100,,21771,1,0,19 2 24 1 25 26,0,208,,21773,1,0,19 2 24 1 25 26,0
22019,'1835',1015,,26209,1,,,0,130,,26210,1,,,0,70,,26211,1,,,0,500,,26212,1,,,0,30,,26213,1,,,0,69,,26214,1,,,0,30,,26215,1,,,0,168,,26216,1,,,0,30,,26217,1,,,0
22019,'1837',644,,26225,1,0,19 2 24 1 25 26,0,94,,26226,1,0,19 2 24 1 25 26,0,200,,26224,1,,,0,100,,26219,1,,,0,100,,26223,1,,,0,100,,26220,1,,,0,100,,26221,1,,,0,100,,26218,1,,,0,200,,26222,1,,,0,100,,26227,1,0,19 2 24 1 25 26,0,100,,26228,1,0,19 2 24 1 25 26,0,208,,26229,1,0,19 2 24 1 25 26,0
22019,'1838',644,,26237,1,0,19 2 24 1 25 26,0,94,,26238,1,0,19 2 24 1 25 26,0,200,,26236,1,,,0,100,,26231,1,,,0,100,,26235,1,,,0,100,,26232,1,,,0,100,,26233,1,,,0,100,,26230,1,,,0,200,,26234,1,,,0,100,,26239,1,0,19 2 24 1 25 26,0,100,,26240,1,0,19 2 24 1 25 26,0,208,,26241,1,0,19 2 24 1 25 26,0
