1029,'1796',553,,19297,5,,,0,71,,19298,5,,,0,25,,19318,5,,,0,69,,19294,5,,,0,30,,19289,5,,,0,70,,19322,5,,,0,30,,19292,5,,,0,71,,19299,5,,,0,30,,19317,5,,,0,70,,19296,5,,,0,30,,19288,5,,,0,70,,19321,5,,,0,30,,19293,5,,,0,70,,19300,5,,,0,30,,19316,5,,,0,70,,19295,5,,,0,30,,19290,5,,,0,71,,19319,5,,,0,32,,19291,5,,,0,70,,19301,5,,,0,29,,19315,5,,,0,69,,19304,5,,,0,30,,19303,5,,,0,70,,19302,5,,,0,34,,19308,5,,,0,70,,19307,5,,,0,30,,19306,5,,,0,70,,19305,5,,,0,30,,19320,5,,,0,70,,19314,5,,,0,30,,19313,5,,,0,70,,19312,5,,,0,30,,19311,5,,,0,70,,19310,5,,,0,25,,19309,5,,,0
1029,'1797',556,,19328,5,,,0,68,,19340,5,,,0,30,,19347,5,,,0,70,,19335,5,,,0,30,,19356,5,,,0,70,,19344,5,,,0,30,,19327,5,,,0,70,,19339,5,,,0,30,,19350,5,,,0,70,,19334,5,,,0,30,,19357,5,,,0,70,,19343,5,,,0,30,,19326,5,,,0,70,,19338,5,,,0,30,,19349,5,,,0,70,,19333,5,,,0,30,,19329,5,,,0,70,,19342,5,,,0,30,,19325,5,,,0,70,,19337,5,,,0,30,,19345,5,,,0,70,,19332,5,,,0,30,,19354,5,,,0,70,,19341,5,,,0,30,,19324,5,,,0,70,,19336,5,,,0,30,,19348,5,,,0,70,,19330,5,,,0,30,,19352,5,,,0,70,,19351,5,,,0,30,,19323,5,,,0,70,,19331,5,,,0,29,,19346,5,,,0,70,,19355,5,,,0,30,,19353,5,,,0
1029,'1798',556,,19358,5,,,0,98,,19359,5,,,0,100,,19360,5,,,0,100,,19361,5,,,0,100,,19362,5,,,0,100,,19363,5,,,0,100,,19364,5,,,0,100,,19365,5,,,0,100,,19366,5,,,0,100,,19367,5,,,0,100,,19368,5,,,0,100,,19369,5,,,0,100,,19370,5,,,0,100,,19371,5,,,0,100,,19372,5,,,0,100,,19373,5,,,0,99,,19374,5,,,0,100,,19375,5,,,0
1029,'1799',556,,19376,5,,,0,98,,19377,5,,,0,100,,19378,5,,,0,100,,19379,5,,,0,100,,19380,5,,,0,100,,19381,5,,,0,100,,19382,5,,,0,100,,19383,5,,,0,100,,19384,5,,,0,100,,19385,5,,,0,100,,19386,5,,,0,100,,19387,5,,,0,100,,19388,5,,,0,100,,19389,5,,,0,100,,19390,5,,,0,100,,19391,5,,,0,99,,19392,5,,,0,100,,19393,5,,,0
1029,'1800',556,,19394,5,,,0,98,,19395,5,,,0,100,,19396,5,,,0,100,,19397,5,,,0,100,,19398,5,,,0,100,,19399,5,,,0,100,,19400,5,,,0,100,,19401,5,,,0,100,,19402,5,,,0,100,,19403,5,,,0,100,,19404,5,,,0,100,,19405,5,,,0,100,,19406,5,,,0,100,,19407,5,,,0,100,,19408,5,,,0,100,,19409,5,,,0,99,,19410,5,,,0,100,,19411,5,,,0
1029,'1817',556,,16625,5,,,0,98,,16626,5,,,0,100,,16627,5,,,0,100,,16628,5,,,0,100,,16629,5,,,0,100,,16630,5,,,0,100,,16631,5,,,0,100,,16632,5,,,0,100,,16633,5,,,0,100,,16634,5,,,0,100,,16635,5,,,0,100,,16636,5,,,0,100,,16637,5,,,0,100,,16638,5,,,0,100,,16639,5,,,0,100,,16640,5,,,0,99,,16641,5,,,0,100,,16642,5,,,0
1029,'1824',556,,16682,5,,,0,68,,16694,5,,,0,30,,16701,5,,,0,70,,16689,5,,,0,30,,16710,5,,,0,70,,16698,5,,,0,30,,16681,5,,,0,70,,16693,5,,,0,30,,16704,5,,,0,70,,16688,5,,,0,30,,16711,5,,,0,70,,16697,5,,,0,30,,16680,5,,,0,70,,16692,5,,,0,30,,16703,5,,,0,70,,16687,5,,,0,30,,16683,5,,,0,70,,16696,5,,,0,30,,16679,5,,,0,70,,16691,5,,,0,30,,16699,5,,,0,70,,16686,5,,,0,30,,16708,5,,,0,70,,16695,5,,,0,30,,16678,5,,,0,70,,16690,5,,,0,30,,16702,5,,,0,70,,16684,5,,,0,30,,16706,5,,,0,70,,16705,5,,,0,30,,16677,5,,,0,70,,16685,5,,,0,29,,16700,5,,,0,70,,16709,5,,,0,30,,16707,5,,,0
2029,'1796',537,,19562,4,,,0,70,,19563,4,,,0,30,,19564,4,,,0,64,,19565,4,,,0,28,,19566,4,,,0,71,,19567,4,,,0,31,,19568,4,,,0,70,,19569,4,,,0,30,,19570,4,,,0,70,,19571,4,,,0,30,,19572,4,,,0,70,,19573,4,,,0,30,,19574,4,,,0,70,,19575,4,,,0,30,,19576,4,,,0,70,,19577,4,,,0,30,,19578,4,,,0,70,,19579,4,,,0,30,,19580,4,,,0,70,,19581,4,,,0,30,,19582,4,,,0,70,,19583,4,,,0,31,,19584,4,,,0,72,,19585,4,,,0,27,,19586,4,,,0,70,,19587,4,,,0,30,,19591,4,,,0,70,,19592,4,,,0,30,,19595,4,0,5 2 13 14,0,70,,19593,4,,,0,100,,19594,4,,,0,100,,19590,4,,,0,100,,19589,4,0,5 2 13 14,0,55,,19596,4,0,5 2 13 14,0
2029,'1797',537,,19628,4,0,5 2 15 16 17,0,70,,19611,4,,,0,30,,19618,4,,,0,64,,19597,4,,,0,30,,19603,4,,,0,70,,19612,4,,,0,30,,19619,4,,,0,70,,19598,4,,,0,30,,19604,4,,,0,70,,19613,4,,,0,30,,19620,4,,,0,70,,19599,4,,,0,30,,19605,4,,,0,70,,19614,4,,,0,30,,19621,4,,,0,70,,19600,4,,,0,30,,19606,4,,,0,70,,19615,4,,,0,30,,19622,4,,,0,70,,19601,4,,,0,30,,19607,4,,,0,70,,19616,4,,,0,30,,19623,4,,,0,70,,19602,4,,,0,30,,19608,4,,,0,70,,19617,4,,,0,30,,19624,4,,,0,70,,19609,4,,,0,32,,19630,4,0,5 2 13 14,0,68,,19625,4,,,0,100,,19610,4,,,0,100,,19626,4,,,0,56,,19627,4,0,5 2 13 14,0,98,,19629,4,0,5 2 13 14,0
2029,'1798',607,,19632,4,,,0,30,,19640,4,,,0,66,,19651,4,,,0,28,,19646,4,,,0,70,,19633,4,,,0,30,,19641,4,,,0,70,,19652,4,,,0,30,,19647,4,,,0,70,,19634,4,,,0,30,,19642,4,,,0,70,,19653,4,,,0,30,,19648,4,,,0,70,,19635,4,,,0,30,,19643,4,,,0,70,,19654,4,,,0,30,,19649,4,,,0,70,,19636,4,,,0,30,,19644,4,,,0,70,,19655,4,,,0,30,,19650,4,,,0,70,,19637,4,,,0,30,,19645,4,,,0,70,,19656,4,,,0,30,,19660,4,0,5 2 13 14,0,70,,19638,4,,,0,30,,19659,4,0,5 2 13 14,0,70,,19657,4,,,0,100,,19639,4,,,0,100,,19658,4,,,0,100,,19631,4,,,0,55,,19661,4,0,5 2 13 14,0,100,,19662,4,0,5 2 13 14,0
2029,'1799',607,,19664,4,,,0,30,,19672,4,,,0,66,,19683,4,,,0,28,,19678,4,,,0,70,,19665,4,,,0,30,,19673,4,,,0,70,,19684,4,,,0,30,,19679,4,,,0,70,,19666,4,,,0,30,,19674,4,,,0,70,,19685,4,,,0,30,,19680,4,,,0,70,,19667,4,,,0,30,,19675,4,,,0,70,,19686,4,,,0,30,,19681,4,,,0,70,,19668,4,,,0,30,,19676,4,,,0,70,,19687,4,,,0,30,,19682,4,,,0,70,,19669,4,,,0,30,,19677,4,,,0,70,,19688,4,,,0,30,,19692,4,0,5 2 13 14,0,70,,19670,4,,,0,30,,19691,4,0,5 2 13 14,0,70,,19689,4,,,0,100,,19671,4,,,0,100,,19690,4,,,0,100,,19663,4,,,0,55,,19693,4,0,5 2 13 14,0,100,,19694,4,0,5 2 13 14,0
2029,'1800',607,,19696,4,,,0,30,,19704,4,,,0,66,,19715,4,,,0,28,,19710,4,,,0,70,,19697,4,,,0,30,,19705,4,,,0,70,,19716,4,,,0,30,,19711,4,,,0,70,,19698,4,,,0,30,,19706,4,,,0,70,,19717,4,,,0,30,,19712,4,,,0,70,,19699,4,,,0,30,,19707,4,,,0,70,,19718,4,,,0,30,,19713,4,,,0,70,,19700,4,,,0,30,,19708,4,,,0,70,,19719,4,,,0,30,,19714,4,,,0,70,,19701,4,,,0,30,,19709,4,,,0,70,,19720,4,,,0,30,,19724,4,0,5 2 13 14,0,70,,19702,4,,,0,30,,19723,4,0,5 2 13 14,0,70,,19721,4,,,0,100,,19703,4,,,0,100,,19722,4,,,0,100,,19695,4,,,0,55,,19725,4,0,5 2 13 14,0,100,,19726,4,0,5 2 13 14,0
2029,'1816',537,,5908,4,0,5 2 15 16 17,0,70,,5891,4,,,0,30,,5898,4,,,0,64,,5877,4,,,0,30,,5883,4,,,0,70,,5892,4,,,0,30,,5899,4,,,0,70,,5878,4,,,0,30,,5884,4,,,0,70,,5893,4,,,0,30,,5900,4,,,0,70,,5879,4,,,0,30,,5885,4,,,0,70,,5894,4,,,0,30,,5901,4,,,0,70,,5880,4,,,0,30,,5886,4,,,0,70,,5895,4,,,0,30,,5902,4,,,0,70,,5881,4,,,0,30,,5887,4,,,0,70,,5896,4,,,0,30,,5903,4,,,0,70,,5882,4,,,0,30,,5888,4,,,0,70,,5897,4,,,0,30,,5904,4,,,0,70,,5889,4,,,0,32,,5910,4,0,5 2 13 14,0,68,,5905,4,,,0,100,,5890,4,,,0,100,,5906,4,,,0,56,,5907,4,0,5 2 13 14,0,98,,5909,4,0,5 2 13 14,0
2029,'1817',607,,9443,4,,,0,30,,9451,4,,,0,66,,9462,4,,,0,28,,9457,4,,,0,70,,9444,4,,,0,30,,9452,4,,,0,70,,9463,4,,,0,30,,9458,4,,,0,70,,9445,4,,,0,30,,9453,4,,,0,70,,9464,4,,,0,30,,9459,4,,,0,70,,9446,4,,,0,30,,9454,4,,,0,70,,9465,4,,,0,30,,9460,4,,,0,70,,9447,4,,,0,30,,9455,4,,,0,70,,9466,4,,,0,30,,9461,4,,,0,70,,9448,4,,,0,30,,9456,4,,,0,70,,9467,4,,,0,30,,9471,4,0,5 2 13 14,0,70,,9449,4,,,0,30,,9470,4,0,5 2 13 14,0,70,,9468,4,,,0,100,,9450,4,,,0,100,,9469,4,,,0,100,,9442,4,,,0,55,,9472,4,0,5 2 13 14,0,100,,9473,4,0,5 2 13 14,0
