60019,'1817',604,,11612,1,,,0,30,,11626,1,,,0,70,,11611,1,,,0,30,,11627,1,,,0,71,,11610,1,,,0,29,,11625,1,,,0,70,,11609,1,,,0,30,,11624,1,,,0,70,,11608,1,,,0,30,,11623,1,,,0,70,,11607,1,,,0,30,,11622,1,,,0,70,,11606,1,,,0,30,,11621,1,,,0,70,,11605,1,,,0,30,,11620,1,,,0,70,,11603,1,,,0,30,,11619,1,,,0,70,,11604,1,,,0,30,,11618,1,,,0,70,,11602,1,,,0,30,,11617,1,,,0,70,,11601,1,,,0,30,,11616,1,,,0,70,,11600,1,,,0,30,,11615,1,,,0,70,,11599,1,,,0,30,,11614,1,,,0,70,,11598,1,,,0,30,,11613,1,,,0,70,,11597,1,,,0
60029,'1817',630,,11657,10,4,,0,24,,11642,10,4,,0,70,,11656,10,4,,0,30,,11641,10,4,,0,70,,11654,10,4,,0,30,,11640,10,4,,0,70,,11655,10,4,,0,30,,11639,10,4,,0,69,,11653,10,4,,0,30,,11638,10,4,,0,70,,11652,10,4,,0,30,,11637,10,4,,0,70,,11651,10,4,,0,30,,11636,10,4,,0,70,,11650,10,4,,0,30,,11635,10,4,,0,70,,11649,10,4,,0,30,,11634,10,4,,0,70,,11648,10,4,,0,30,,11633,10,4,,0,70,,11647,10,4,,0,30,,11632,10,4,,0,70,,11646,10,4,,0,30,,11631,10,4,,0,70,,11645,10,4,,0,30,,11630,10,4,,0,70,,11644,10,4,,0,30,,11629,10,4,,0,70,,11643,10,4,,0,30,,11628,10,4,,0
701019,'1816',604,,12829,1,,,0,96,,12822,1,,,0,30,,12808,1,,,0,100,,12818,1,,,0,70,,12823,1,,,0,100,,12814,1,,,0,130,,12810,1,,,0
701019,'1817',604,,18632,1,,,0,28,,18659,1,,,0,68,,18650,1,,,0,30,,18629,1,,,0,70,,18651,1,,,0,30,,18633,1,,,0,70,,18628,1,,,0,30,,12603,1,,,0,70,,18636,1,,,0,30,,18625,1,,,0,70,,18654,1,,,0,30,,12580,1,,,0,70,,18624,1,,,0,30,,12600,1,,,0,70,,12584,1,,,0,30,,18622,1,,,0,70,,18653,1,,,0,30,,18637,1,,,0,70,,18620,1,,,0,30,,18652,1,,,0,70,,18634,1,,,0,30,,18618,1,,,0,70,,18655,1,,,0,30,,18642,1,,,0,70,,18615,1,,,0,30,,18666,1,,,0,70,,18644,1,,,0,30,,18613,1,,,0,70,,18662,1,,,0,30,,18646,1,,,0,70,,18610,1,,,0,30,,18658,1,,,0,70,,18645,1,,,0,30,,18612,1,,,0,70,,18661,1,,,0,25,,18673,1,,,0
701019,'1820',615,,15928,1,,,0,34,,15929,1,,,0,159,,15930,1,,,0,292,,15913,1,,,0,100,,15914,1,,,0,100,,15915,1,,,0,30,,15916,1,,,0,27,,15917,1,,,0,68,,15918,1,,,0,84,,15919,1,,,0,20,,15932,1,,,0,19,,15936,1,0,5 2 11 2 12,0,61,,15920,1,,,0,20,,15921,1,,,0,21,,15937,1,0,5 2 11 2 12,0,60,,15931,1,,,0,20,,15927,1,,,0,85,,15926,1,,,0,85,,15922,1,,,0,130,,15923,1,,,0,170,,15924,1,,,0,100,,15925,1,,,0,25,,15935,1,,,0
701019,'1821',545,,12745,1,,,0,88,,12756,1,,,0,82,,12755,1,,,0,15,,12748,1,,,0,25,,12749,1,,,0,73,,12751,1,,,0,72,,12718,1,,,0,100,,12719,1,,,0,30,,12720,1,,,0,100,,12722,1,,,0,100,,12724,1,,,0,212,,12760,1,0,5 2 11 2 12,0,313,,12743,1,,,0,75,,12732,1,,,0,100,,12734,1,,,0,70,,12735,1,,,0,100,,12737,1,,,0,30,,12738,1,,,0,100,,12740,1,,,0
701019,'1823',615,,18728,1,,,0,34,,18729,1,,,0,159,,18730,1,,,0,292,,18713,1,,,0,100,,18714,1,,,0,100,,18715,1,,,0,30,,18716,1,,,0,27,,18717,1,,,0,68,,18718,1,,,0,84,,18719,1,,,0,20,,18732,1,,,0,19,,18736,1,0,5 2 11 2 12,0,61,,18720,1,,,0,20,,18721,1,,,0,21,,18737,1,0,5 2 11 2 12,0,60,,18731,1,,,0,20,,18727,1,,,0,85,,18726,1,,,0,85,,18722,1,,,0,130,,18723,1,,,0,170,,18724,1,,,0,100,,18725,1,,,0,25,,18735,1,,,0
701019,'1824',632,,18757,1,,,0,168,,18781,1,,,0,130,,18778,1,,,0,100,,18785,1,,,0,70,,18788,1,,,0,100,,18782,1,,,0,30,,18786,1,,,0,70,,18789,1,,,0,30,,18779,1,,,0,70,,18783,1,,,0,30,,18787,1,,,0,70,,18790,1,,,0,30,,18780,1,,,0,70,,18784,1,,,0,30,,18792,1,,,0,70,,18738,1,,,0,30,,18748,1,,,0,70,,18758,1,,,0,30,,18768,1,,,0,70,,18739,1,,,0,30,,18749,1,,,0,70,,18759,1,,,0,30,,18769,1,,,0,70,,18740,1,,,0,30,,18750,1,,,0,70,,18760,1,,,0,30,,18770,1,,,0,70,,18741,1,,,0,25,,18805,1,,,0
702019,'1816',656,,13080,10,4,,0,71,,13082,10,4,,0,100,,13079,10,4,,0,30,,13081,10,4,,0,100,,13086,10,4,,0,170,,13066,10,4,,0
702019,'1817',656,,18826,10,4,,0,71,,18816,10,4,,0,30,,18836,10,4,,0,70,,18822,10,4,,0,30,,18815,10,4,,0,70,,18835,10,4,,0,30,,18825,10,4,,0,70,,18814,10,4,,0,30,,12986,10,4,,0,70,,18821,10,4,,0,30,,18813,10,4,,0,70,,18827,10,4,,0,30,,12971,10,4,,0,70,,18812,10,4,,0,30,,18834,10,4,,0,70,,18820,10,4,,0,30,,18811,10,4,,0,70,,18831,10,4,,0,30,,18824,10,4,,0,70,,18810,10,4,,0,30,,18830,10,4,,0,70,,18819,10,4,,0,30,,18809,10,4,,0,70,,18829,10,4,,0,30,,18818,10,4,,0,70,,18808,10,4,,0,30,,18833,10,4,,0,70,,18817,10,4,,0,30,,18807,10,4,,0,69,,18832,10,4,,0,30,,18823,10,4,,0,70,,18806,10,4,,0,30,,18828,10,4,,0,65,,18837,10,4,,0,25,,18838,10,4,,0
702019,'1820',641,,16106,10,4,,0,167,,16107,10,4,,0,350,,16108,10,4,,0,100,,16109,10,4,,0,70,,16110,10,4,,0,30,,16111,10,4,,0,143,,16112,10,4,,0,45,,16113,10,4,,0,60,,16114,10,4,,0,20,,16115,10,4,,0,20,,16116,10,4,,0,59,,16124,10,4,,0,20,,16117,10,4,,0,78,,16118,10,4,,0,55,,16119,10,4,,0,169,,16120,10,4,,0,130,,16121,10,4,,0,99,,16122,10,4,,0,65,,16123,10,4,,0
702019,'1821',706,,13014,10,4,,0,24,,13048,10,4,,0,22,,13015,10,4,,0,79,,13017,10,4,,0,17,,13049,10,4,,0,52,,13047,10,4,,0,28,,13018,10,4,,0,30,,13019,10,4,,0,70,,13020,10,4,,0,100,,13021,10,4,,0,100,,13023,10,4,,0,200,,13027,10,4,,0,98,,13050,10,4,,0,219,,13034,10,4,,0,83,,13036,10,4,,0,99,,13038,10,4,,0,30,,13039,10,4,,0,100,,13041,10,4,,0,70,,13042,10,4,,0,99,,13044,10,4,,0,120,,13052,10,4,,0
702019,'1823',641,,18839,10,4,,0,167,,18840,10,4,,0,350,,18841,10,4,,0,100,,18842,10,4,,0,70,,18843,10,4,,0,30,,18844,10,4,,0,143,,18845,10,4,,0,45,,18846,10,4,,0,60,,18847,10,4,,0,20,,18848,10,4,,0,20,,18849,10,4,,0,59,,18857,10,4,,0,20,,18850,10,4,,0,78,,18851,10,4,,0,55,,18852,10,4,,0,169,,18853,10,4,,0,130,,18854,10,4,,0,99,,18855,10,4,,0,65,,18856,10,4,,0
702019,'1824',757,,18885,10,4,,0,170,,18883,10,4,,0,100,,18884,10,4,,0,30,,18864,10,4,,0,100,,18877,10,4,,0,70,,18858,10,4,,0,30,,18865,10,4,,0,70,,18871,10,4,,0,30,,18878,10,4,,0,70,,18859,10,4,,0,30,,18866,10,4,,0,70,,18872,10,4,,0,30,,18879,10,4,,0,70,,18860,10,4,,0,30,,18867,10,4,,0,70,,18873,10,4,,0,30,,18880,10,4,,0,70,,18861,10,4,,0,30,,18868,10,4,,0,70,,18874,10,4,,0,30,,18881,10,4,,0,70,,18862,10,4,,0,30,,18869,10,4,,0,69,,18875,10,4,,0,30,,18882,10,4,,0,70,,18863,10,4,,0,30,,18870,10,4,,0,65,,18876,10,4,,0,25,,18886,10,4,,0
