7029,'1838',707,,36145,6,,,0,100,,36146,6,,,0,100,,44633,6,,,0,100,,36148,6,,,0,100,,36149,6,,,0,100,,44634,6,,,0,100,,36151,6,,,0,101,,36152,6,,,0,100,,44635,6,,,0,99,,36154,6,,,0,100,,36155,6,,,0,100,,44636,6,,,0,100,,36157,6,,,0,99,,36158,6,,,0,100,,44632,6,,,0,230,,44637,6,0,13 14,0
7029,'1865',506,,44642,6,,,0,100,,44643,6,,,0,31,,44644,6,,,0,71,,36198,6,,,0,30,,36199,6,,,0,70,,36200,6,,,0,30,,44645,6,,,0,69,,42423,6,,,0,30,,42424,6,,,0,70,,42425,6,,,0,30,,36205,6,,,0,71,,36206,6,,,0,30,,36207,6,,,0,70,,44640,6,,,0,30,,44641,6,,,0,70,,42421,6,,,0,30,,44639,6,,,0,70,,44638,6,,,0,30,,42422,6,,,0,70,,36208,6,,,0,30,,44646,6,,,0,70,,44647,6,,,0,30,,44648,6,,,0,70,,42426,6,,,0,29,,44649,6,,,0,70,,36214,6,,,0,30,,36215,6,,,0,70,,44650,6,,,0,30,,44651,6,,,0,70,,36218,6,,,0,99,,36219,6,,,0,100,,36220,6,,,0,100,,42427,6,,,0
7029,'1866',638,,44652,6,,,0,70,,44662,6,,,0,30,,36223,6,,,0,69,,36237,6,,,0,30,,44653,6,,,0,70,,36238,6,,,0,30,,44654,6,,,0,70,,44663,6,,,0,30,,44655,6,,,0,70,,36240,6,,,0,30,,36227,6,,,0,70,,36241,6,,,0,30,,44656,6,,,0,70,,44664,6,,,0,30,,36229,6,,,0,71,,36243,6,,,0,30,,36230,6,,,0,70,,36244,6,,,0,30,,44657,6,,,0,69,,44665,6,,,0,30,,44658,6,,,0,70,,36246,6,,,0,30,,44659,6,,,0,70,,36247,6,,,0,30,,44660,6,,,0,70,,44666,6,,,0,30,,44661,6,,,0,69,,36249,6,,,0,100,,36250,6,,,0,100,,36251,6,,,0,100,,42428,6,,,0,30,,44667,6,0,13 14,0
7029,'1867',707,,36256,6,,,0,100,,36257,6,,,0,100,,44669,6,,,0,100,,36259,6,,,0,100,,36260,6,,,0,100,,44670,6,,,0,100,,36262,6,,,0,101,,36263,6,,,0,100,,44671,6,,,0,99,,36265,6,,,0,100,,36266,6,,,0,100,,44672,6,,,0,100,,36268,6,,,0,99,,36269,6,,,0,100,,44668,6,,,0,230,,44673,6,0,13 14,0
7029,'1873',738,,29546,6,,,0,69,,29560,6,,,0,100,,29561,6,,,0,200,,29563,6,,,0,30,,29550,6,,,0,70,,29564,6,,,0,130,,29552,6,,,0,71,,29566,6,,,0,30,,29553,6,,,0,70,,29567,6,,,0,199,,29569,6,,,0,100,,29570,6,,,0,199,,29572,6,,,0,100,,29573,6,,,0,100,,29574,6,,,0,100,,42437,6,,,0
7029,'1878',707,,29579,6,,,0,100,,29580,6,,,0,200,,29582,6,,,0,100,,29583,6,,,0,200,,29585,6,,,0,101,,29586,6,,,0,199,,29588,6,,,0,100,,29589,6,,,0,200,,29591,6,,,0,99,,29592,6,,,0
7029,'1881',506,,36176,6,,,0,100,,36177,6,,,0,31,,29635,6,,,0,201,,36178,6,,,0,370,,36172,6,,,0,30,,36173,6,,,0,100,,36171,6,,,0,70,,36170,6,,,0,130,,36182,6,,,0,70,,36183,6,,,0,30,,36184,6,,,0,99,,36186,6,,,0,170,,36187,6,,,0,30,,29655,6,,,0
7029,'1882',708,,29636,6,,,0,30,,29637,6,,,0,70,,29638,6,,,0,99,,42432,6,,,0,30,,42433,6,,,0,70,,42434,6,,,0,30,,29643,6,,,0,71,,29644,6,,,0,30,,29645,6,,,0,170,,42430,6,,,0,130,,42431,6,,,0,70,,29646,6,,,0,200,,42435,6,,,0,99,,29652,6,,,0,30,,29653,6,,,0,170,,29656,6,,,0,99,,29657,6,,,0,100,,29658,6,,,0,100,,42436,6,,,0
7029,'1886',506,,44678,6,,,0,100,,44679,6,,,0,31,,44680,6,,,0,201,,44681,6,,,0,370,,44676,6,,,0,30,,44677,6,,,0,100,,44675,6,,,0,70,,44674,6,,,0,130,,44682,6,,,0,70,,44683,6,,,0,30,,44684,6,,,0,99,,44685,6,,,0,170,,44686,6,,,0,30,,44687,6,,,0
7029,'1887',638,,44688,6,,,0,70,,44698,6,,,0,129,,44689,6,,,0,100,,44690,6,,,0,70,,44699,6,,,0,30,,44691,6,,,0,200,,44692,6,,,0,70,,44700,6,,,0,231,,44693,6,,,0,69,,44701,6,,,0,30,,44694,6,,,0,100,,44695,6,,,0,100,,44696,6,,,0,70,,44702,6,,,0,30,,44697,6,,,0,399,,44703,6,0,13 14,0
7029,'1888',907,,44705,6,,,0,300,,44706,6,,,0,301,,44707,6,,,0,299,,44708,6,,,0,299,,44704,6,,,0,230,,44709,6,0,13 14,0
20007019,'1838',637,,48442,6,,,0,200,,41916,6,,,0,100,,48439,6,,,0,100,,41918,6,,,0,100,,41919,6,,,0,100,,41920,6,,,0,100,,48440,6,,,0,100,,41922,6,,,0,100,,41923,6,,,0,100,,41924,6,,,0,100,,41925,6,,,0,100,,41926,6,,,0,100,,41927,6,,,0,99,,43939,6,,,0,100,,48441,6,,,0,70,,43940,6,,,0,30,,43938,6,,,0,70,,43937,6,,,0
20007019,'1865',541,,41943,6,,,0,1495,,48443,6,,,0,100,,48444,6,,,0,100,,41946,6,,,0,100,,48446,6,,,0,100,,48445,6,,,0
20007019,'1866',2036,,48447,6,,,0,100,,48448,6,,,0,100,,41951,6,,,0
20007019,'1867',637,,48452,6,,,0,200,,41954,6,,,0,100,,48449,6,,,0,100,,41956,6,,,0,100,,41957,6,,,0,100,,41958,6,,,0,100,,48450,6,,,0,100,,41960,6,,,0,100,,41961,6,,,0,100,,41962,6,,,0,100,,41963,6,,,0,100,,41964,6,,,0,100,,41965,6,,,0,99,,43944,6,,,0,100,,48451,6,,,0,70,,43945,6,,,0,30,,43943,6,,,0,70,,43942,6,,,0
20007019,'1873',2236,,34724,6,,,0
20007019,'1878',837,,34727,6,,,0,200,,34729,6,,,0,100,,34730,6,,,0,100,,34731,6,,,0,200,,34733,6,,,0,100,,34734,6,,,0,100,,34735,6,,,0,100,,34736,6,,,0,100,,34737,6,,,0,100,,34738,6,,,0,99,,43949,6,,,0,170,,43950,6,,,0,30,,43948,6,,,0,70,,43947,6,,,0
20007019,'1881',2036,,41939,6,,,0,100,,41940,6,,,0,200,,43946,6,,,0,100,,41941,6,,,0
20007019,'1882',541,,34749,6,,,0,1695,,34752,6,,,0
20007019,'1886',2036,,48453,6,,,0,100,,48454,6,,,0,200,,48456,6,,,0,100,,48455,6,,,0
20007019,'1887',2036,,48457,6,,,0,100,,48458,6,,,0
20007019,'1888',637,,48462,6,,,0,300,,48459,6,,,0,400,,48460,6,,,0,799,,48461,6,,,0
