22019,'1791',605,,11333,13,0,19 2 24 1 25 26,0,22,,11335,13,0,19 2 24 1 25 26,0,32,,11305,13,0,19 2 24 1 25 26,0,70,,11306,13,0,19 2 24 1 25 26,0,74,,11307,15,,,0,30,,11308,15,,,0,70,,11309,15,,,0,128,,11312,15,,,0,70,,11313,15,,,0,131,,11316,15,,,0,101,,11318,15,,,0,172,,11321,15,,,0,30,,11322,15,,,0,68,,11334,15,,,0,226,,11327,15,,,0,30,,11264,15,,,0,167,,11330,15,,,0,30,,11331,15,,,0
22019,'1794',1751,,11276,13,0,19 2 24 1 25 26,0,200,,11278,13,0,19 2 24 1 25 26,0
22019,'1808',629,,11255,13,0,19 2 24 1 25 26,0,24,,11259,13,0,19 2 24 1 25 26,0,70,,11343,13,0,19 2 24 1 25 26,0,30,,11260,13,0,19 2 24 1 25 26,0,70,,11256,13,0,19 2 24 1 25 26,0,33,,11336,15,,,0,72,,11243,15,,,0,30,,11244,15,,,0,70,,11337,15,,,0,30,,11245,15,,,0,70,,11246,15,,,0,30,,11338,15,,,0,70,,11247,15,,,0,31,,11248,15,,,0,70,,11339,15,,,0,30,,11249,15,,,0,70,,11250,15,,,0,71,,11340,15,,,0,30,,11251,15,,,0,70,,11252,15,,,0,30,,11341,15,,,0,28,,11253,15,,,0,70,,11254,15,,,0,28,,11344,13,0,19 2 24 1 25 26,0,70,,11257,13,0,19 2 24 1 25 26,0,30,,11261,13,0,19 2 24 1 25 26,0,69,,11342,13,0,19 2 24 1 25 26,0,30,,11262,13,0,19 2 24 1 25 26,0,69,,11258,13,0,19 2 24 1 25 26,0,30,,11345,13,0,19 2 24 1 25 26,0,70,,11263,13,0,19 2 24 1 25 26,0
22019,'1809',657,,14927,13,0,19 2 24 1 25 26,0,94,,14928,13,0,19 2 24 1 25 26,0,102,,14925,15,,,0,100,,14926,15,,,0,100,,14919,15,,,0,100,,14924,15,,,0,100,,14920,15,,,0,100,,14921,15,,,0,100,,14918,15,,,0,100,,14922,15,,,0,99,,14923,15,,,0,99,,11357,13,0,19 2 24 1 25 26,0,100,,14929,13,0,19 2 24 1 25 26,0,100,,11359,13,0,19 2 24 1 25 26,0,108,,14930,13,0,19 2 24 1 25 26,0
22019,'1814',657,,11274,13,0,19 2 24 1 25 26,0,94,,11275,13,0,19 2 24 1 25 26,0,102,,11272,15,,,0,100,,11273,15,,,0,100,,11266,15,,,0,100,,11271,15,,,0,100,,11267,15,,,0,100,,11268,15,,,0,100,,11265,15,,,0,100,,11269,15,,,0,99,,11270,15,,,0,199,,11277,13,0,19 2 24 1 25 26,0,208,,11279,13,0,19 2 24 1 25 26,0
22019,'1815',932,,14931,15,,,0,70,,14932,15,,,0,129,,14933,15,,,0,70,,14934,15,,,0,101,,14935,15,,,0,101,,14936,15,,,0,30,,14937,15,,,0,200,,14938,15,,,0,69,,14939,15,,,0,29,,14940,15,,,0,70,,14941,15,,,0,128,,14942,15,,,0,29,,14943,15,,,0,166,,14944,13,0,19 2 24 1 25 26,0
22019,'1817',657,,14954,13,0,19 2 24 1 25 26,0,94,,14955,13,0,19 2 24 1 25 26,0,102,,14952,15,,,0,100,,14953,15,,,0,100,,14946,15,,,0,100,,14951,15,,,0,100,,14947,15,,,0,100,,14948,15,,,0,100,,14945,15,,,0,100,,14949,15,,,0,99,,14950,15,,,0,199,,14956,13,0,19 2 24 1 25 26,0,208,,14957,13,0,19 2 24 1 25 26,0
601019,'1790',609,,8287,3,,,0
601019,'1791',641,,8222,3,,,0,780,,8196,3,,,0,30,,8234,3,,,0
601019,'1808',609,,8252,3,,,0
602019,'1790',635,,8423,17,,,0,68,,8405,18,,,0,30,,8422,18,,,0,70,,8404,18,,,0,30,,8421,18,,,0,70,,8403,18,,,0,30,,8420,18,,,0,70,,8402,18,,,0,30,,8419,18,,,0,70,,8393,18,,,0,31,,8418,18,,,0,70,,8395,18,,,0,30,,8417,18,,,0,70,,8401,18,,,0,30,,8415,18,,,0,70,,8400,18,,,0,30,,8416,18,,,0,70,,8397,18,,,0,30,,8414,18,,,0,70,,8396,18,,,0,30,,8413,18,,,0,70,,8391,18,,,0,30,,8412,18,,,0,70,,8390,18,,,0,30,,8411,18,,,0,70,,8398,18,,,0,30,,8410,18,,,0,70,,8399,18,,,0,29,,8409,18,,,0,70,,8392,18,,,0,30,,8407,18,,,0,70,,8394,18,,,0,30,,8408,18,,,0,70,,8389,18,,,0,29,,8406,18,,,0
602019,'1791',654,,12514,17,0,19 2 11 2 24 1 25 26,0,75,,8339,17,0,19 2 11 2 24 1 25 26,0,15,,12513,17,0,19 2 11 2 24 1 25 26,0,15,,8329,17,0,19 2 11 2 24 1 25 26,0,70,,8334,17,0,19 2 11 2 24 1 25 26,0,15,,12527,17,0,19 2 11 2 24 1 25 26,0,15,,8330,17,0,19 2 11 2 24 1 25 26,0,148,,12502,17,,,0,30,,12503,17,,,0,70,,12504,17,,,0,230,,12509,17,,,0,70,,12510,17,,,0,28,,12511,17,,,0,66,,12521,17,0,19 2 11 2 24 1 25 26,0,13,,8346,17,0,19 2 11 2 24 1 25 26,0,15,,12522,17,0,19 2 11 2 24 1 25 26,0,15,,8345,17,0,19 2 11 2 24 1 25 26,0,15,,12516,17,0,19 2 11 2 24 1 25 26,0,55,,8344,17,0,19 2 11 2 24 1 25 26,0,15,,12520,17,0,19 2 11 2 24 1 25 26,0,15,,8348,17,0,19 2 11 2 24 1 25 26,0,14,,12519,17,0,19 2 11 2 24 1 25 26,0,55,,8343,17,0,19 2 11 2 24 1 25 26,0,14,,12517,17,0,19 2 11 2 24 1 25 26,0,15,,8347,17,0,19 2 11 2 24 1 25 26,0,15,,12515,17,0,19 2 11 2 24 1 25 26,0,55,,8352,17,0,19 2 11 2 24 1 25 26,0,15,,12518,17,0,19 2 11 2 24 1 25 26,0,15,,8342,18,,,0,17,,12492,18,,,0,70,,12493,18,,,0,12,,8349,18,,,0,18,,12498,18,,,0,70,,12496,18,,,0,30,,12497,18,,,0,68,,12501,18,,,0,30,,12494,18,,,0,70,,12499,18,,,0,30,,12495,18,,,0,76,,12500,18,,,0
602019,'1794',2133,,12491,18,,,0,70,,12487,18,,,0,30,,12490,18,,,0,70,,12488,18,,,0,29,,12489,18,,,0
602019,'1808',635,,8388,17,,,0,68,,8370,18,,,0,30,,8387,18,,,0,70,,8369,18,,,0,30,,8386,18,,,0,70,,8368,18,,,0,30,,8385,18,,,0,70,,8367,18,,,0,30,,8384,18,,,0,70,,8366,18,,,0,31,,8383,18,,,0,70,,8364,18,,,0,30,,8382,18,,,0,70,,8365,18,,,0,30,,8380,18,,,0,70,,8363,18,,,0,30,,8381,18,,,0,70,,8356,18,,,0,30,,8379,18,,,0,70,,8357,18,,,0,30,,8378,18,,,0,70,,8355,18,,,0,30,,8377,18,,,0,70,,8358,18,,,0,30,,8376,18,,,0,70,,8361,18,,,0,30,,8374,18,,,0,70,,8362,18,,,0,29,,8375,18,,,0,70,,8360,18,,,0,30,,8372,18,,,0,70,,8359,18,,,0,30,,8373,18,,,0,70,,8354,18,,,0,29,,8371,18,,,0
602019,'1815',625,,15806,17,,,0,91,,15804,17,0,19 2 11 2 24 1 25 26,0,98,,15803,17,0,19 2 11 2 24 1 25 26,0,100,,15805,18,,,0,23,,15802,17,,,0,200,,15798,17,,,0,70,,15799,17,,,0,30,,15800,17,,,0,70,,15801,17,,,0
