1029,'1838',620,,34957,40,,,0,100,,34958,40,,,0,100,,34959,40,,,0,100,,34960,40,,,0,100,,34961,40,,,0,100,,34962,40,,,0,100,,34963,40,,,0,100,,34964,40,,,0,100,,34965,40,,,0,100,,34966,40,,,0,100,,34967,40,,,0,100,,34968,40,,,0,100,,34969,40,,,0,100,,34970,40,,,0,100,,34971,40,,,0,100,,34972,40,,,0,100,,34973,40,,,0,95,,34974,40,,,0
1029,'1865',620,,42119,40,,,0,30,,42120,40,,,0,70,,42140,40,,,0,30,,42116,40,,,0,70,,43985,40,,,0,30,,42144,40,,,0,70,,42114,40,,,0,30,,43987,40,,,0,70,,42139,40,,,0,30,,42118,40,,,0,70,,42110,40,,,0,30,,42143,40,,,0,70,,42115,40,,,0,30,,43988,40,,,0,70,,42138,40,,,0,30,,42117,40,,,0,70,,43986,40,,,0,30,,42141,40,,,0,70,,42113,40,,,0,30,,43989,40,,,0,70,,42137,40,,,0,30,,42126,40,,,0,70,,42125,40,,,0,30,,42124,40,,,0,70,,42130,40,,,0,30,,43990,40,,,0,70,,42128,40,,,0,30,,42127,40,,,0,70,,42142,40,,,0,30,,42136,40,,,0,70,,42135,40,,,0,30,,42134,40,,,0,70,,42133,40,,,0,30,,42132,40,,,0,65,,42131,40,,,0
1029,'1866',620,,35049,40,,,0,30,,35061,40,,,0,70,,35068,40,,,0,30,,35056,40,,,0,70,,35077,40,,,0,30,,35065,40,,,0,69,,35048,40,,,0,31,,35060,40,,,0,70,,35071,40,,,0,30,,35055,40,,,0,70,,35078,40,,,0,30,,35064,40,,,0,70,,35047,40,,,0,30,,35059,40,,,0,70,,35070,40,,,0,30,,35054,40,,,0,70,,35050,40,,,0,30,,35063,40,,,0,70,,35046,40,,,0,30,,35058,40,,,0,70,,35066,40,,,0,30,,35053,40,,,0,70,,35075,40,,,0,30,,35062,40,,,0,70,,35045,40,,,0,30,,35057,40,,,0,70,,35069,40,,,0,30,,35051,40,,,0,70,,35073,40,,,0,30,,35072,40,,,0,70,,35044,40,,,0,30,,35052,40,,,0,70,,35067,40,,,0,30,,35076,40,,,0,65,,35074,40,,,0
1029,'1867',620,,35079,40,,,0,100,,35080,40,,,0,100,,35081,40,,,0,100,,35082,40,,,0,100,,35083,40,,,0,100,,35084,40,,,0,100,,35085,40,,,0,100,,35086,40,,,0,100,,35087,40,,,0,100,,35088,40,,,0,100,,35089,40,,,0,100,,35090,40,,,0,100,,35091,40,,,0,100,,35092,40,,,0,100,,35093,40,,,0,100,,35094,40,,,0,100,,35095,40,,,0,95,,35096,40,,,0
1029,'1873',620,,28498,40,,,0,30,,28510,40,,,0,70,,28517,40,,,0,30,,28505,40,,,0,70,,28526,40,,,0,30,,28514,40,,,0,69,,28497,40,,,0,31,,28509,40,,,0,70,,28520,40,,,0,30,,28504,40,,,0,70,,28527,40,,,0,30,,28513,40,,,0,70,,28496,40,,,0,30,,28508,40,,,0,70,,28519,40,,,0,30,,28503,40,,,0,70,,28499,40,,,0,30,,28512,40,,,0,70,,28495,40,,,0,30,,28507,40,,,0,70,,28515,40,,,0,30,,28502,40,,,0,70,,28524,40,,,0,30,,28511,40,,,0,70,,28494,40,,,0,30,,28506,40,,,0,70,,28518,40,,,0,30,,28500,40,,,0,70,,28522,40,,,0,30,,28521,40,,,0,70,,28493,40,,,0,30,,28501,40,,,0,70,,28516,40,,,0,30,,28525,40,,,0,65,,28523,40,,,0
1029,'1878',620,,28528,40,,,0,100,,28529,40,,,0,100,,28530,40,,,0,100,,28531,40,,,0,100,,28532,40,,,0,100,,28533,40,,,0,100,,28534,40,,,0,100,,28535,40,,,0,100,,28536,40,,,0,100,,28537,40,,,0,100,,28538,40,,,0,100,,28539,40,,,0,100,,28540,40,,,0,100,,28541,40,,,0,100,,28542,40,,,0,100,,28543,40,,,0,100,,28544,40,,,0,95,,28545,40,,,0
1029,'1881',820,,42146,40,,,0,130,,42156,40,,,0,300,,42157,40,,,0,170,,42147,40,,,0,130,,42158,40,,,0,300,,42164,40,,,0
1029,'1882',620,,42154,40,,,0,30,,42155,40,,,0,70,,42175,40,,,0,30,,42151,40,,,0,100,,42179,40,,,0,70,,42149,40,,,0,100,,42174,40,,,0,30,,42153,40,,,0,70,,42145,40,,,0,30,,42178,40,,,0,70,,42150,40,,,0,100,,42173,40,,,0,30,,42152,40,,,0,100,,42176,40,,,0,70,,42148,40,,,0,100,,42172,40,,,0,30,,42161,40,,,0,70,,42160,40,,,0,30,,42159,40,,,0,70,,42165,40,,,0,100,,42163,40,,,0,30,,42162,40,,,0,70,,42177,40,,,0,30,,42171,40,,,0,70,,42170,40,,,0,30,,42169,40,,,0,70,,42168,40,,,0,30,,42167,40,,,0,65,,42166,40,,,0
1029,'1886',820,,43991,40,,,0,130,,43993,40,,,0,300,,43994,40,,,0,170,,43992,40,,,0,130,,43995,40,,,0,300,,43996,40,,,0
2029,'1838',635,,35220,37,,,0,70,,35228,37,,,0,30,,35239,37,,,0,70,,35234,37,,,0,30,,35221,37,,,0,70,,35229,37,,,0,30,,35240,37,,,0,70,,35235,37,,,0,30,,35222,37,,,0,70,,35230,37,,,0,30,,35241,37,,,0,70,,35236,37,,,0,30,,35223,37,,,0,70,,35231,37,,,0,30,,35242,37,,,0,70,,35237,37,,,0,30,,35224,37,,,0,70,,35232,37,,,0,30,,35243,37,,,0,70,,35238,37,,,0,30,,35225,37,,,0,70,,35233,37,,,0,30,,35244,37,,,0,100,,35226,37,,,0,100,,35245,37,,,0,100,,35227,37,,,0,100,,35246,37,,,0,100,,35219,37,,,0
2029,'1865',538,,35277,22,,,0,67,,35251,37,,,0,30,,35252,37,,,0,70,,35253,37,,,0,30,,35254,37,,,0,70,,35255,37,,,0,30,,35256,37,,,0,70,,35257,37,,,0,30,,35258,37,,,0,70,,35259,37,,,0,30,,35260,37,,,0,70,,35261,37,,,0,30,,35262,37,,,0,70,,35263,37,,,0,30,,35264,37,,,0,70,,35265,37,,,0,30,,35266,37,,,0,70,,35267,37,,,0,30,,35268,37,,,0,70,,35269,37,,,0,30,,35270,37,,,0,70,,35271,37,,,0,30,,35272,37,,,0,70,,35273,37,,,0,30,,35274,37,,,0,70,,35275,37,,,0,30,,35276,37,,,0,70,,35280,37,,,0,30,,35281,37,,,0,100,,35282,37,,,0,100,,35283,37,,,0,100,,35279,37,,,0
2029,'1866',605,,35317,37,0,5 2 15 16 17,0,30,,35300,37,,,0,70,,35307,37,,,0,30,,35286,37,,,0,70,,35292,37,,,0,30,,35301,37,,,0,70,,35308,37,,,0,30,,35287,37,,,0,70,,35293,37,,,0,30,,35302,37,,,0,70,,35309,37,,,0,30,,35288,37,,,0,70,,35294,37,,,0,30,,35303,37,,,0,70,,35310,37,,,0,30,,35289,37,,,0,70,,35295,37,,,0,30,,35304,37,,,0,70,,35311,37,,,0,30,,35290,37,,,0,70,,35296,37,,,0,30,,35305,37,,,0,70,,35312,37,,,0,30,,35291,37,,,0,70,,35297,37,,,0,30,,35306,37,,,0,70,,35313,37,,,0,30,,35298,37,,,0,100,,35314,37,,,0,100,,35299,37,,,0,100,,35315,37,,,0
2029,'1867',635,,35321,37,,,0,70,,35329,37,,,0,30,,35340,37,,,0,70,,35335,37,,,0,30,,35322,37,,,0,70,,35330,37,,,0,30,,35341,37,,,0,70,,35336,37,,,0,30,,35323,37,,,0,70,,35331,37,,,0,30,,35342,37,,,0,70,,35337,37,,,0,30,,35324,37,,,0,70,,35332,37,,,0,30,,35343,37,,,0,70,,35338,37,,,0,30,,35325,37,,,0,70,,35333,37,,,0,30,,35344,37,,,0,70,,35339,37,,,0,30,,35326,37,,,0,70,,35334,37,,,0,30,,35345,37,,,0,100,,35327,37,,,0,100,,35346,37,,,0,100,,35328,37,,,0,100,,35347,37,,,0,100,,35320,37,,,0
2029,'1873',605,,19628,37,0,5 2 15 16 17,0,30,,19611,37,,,0,70,,19618,37,,,0,30,,19597,37,,,0,70,,19603,37,,,0,30,,19612,37,,,0,70,,19619,37,,,0,30,,19598,37,,,0,70,,19604,37,,,0,30,,19613,37,,,0,70,,19620,37,,,0,30,,19599,37,,,0,70,,19605,37,,,0,30,,19614,37,,,0,70,,19621,37,,,0,30,,19600,37,,,0,70,,19606,37,,,0,30,,19615,37,,,0,70,,19622,37,,,0,30,,19601,37,,,0,70,,19607,37,,,0,30,,19616,37,,,0,70,,19623,37,,,0,30,,19602,37,,,0,70,,19608,37,,,0,30,,19617,37,,,0,70,,19624,37,,,0,30,,19609,37,,,0,100,,19625,37,,,0,100,,19610,37,,,0,100,,19626,37,,,0
2029,'1878',635,,19632,37,,,0,70,,19640,37,,,0,30,,19651,37,,,0,70,,19646,37,,,0,30,,19633,37,,,0,70,,19641,37,,,0,30,,19652,37,,,0,70,,19647,37,,,0,30,,19634,37,,,0,70,,19642,37,,,0,30,,19653,37,,,0,70,,19648,37,,,0,30,,19635,37,,,0,70,,19643,37,,,0,30,,19654,37,,,0,70,,19649,37,,,0,30,,19636,37,,,0,70,,19644,37,,,0,30,,19655,37,,,0,70,,19650,37,,,0,30,,19637,37,,,0,70,,19645,37,,,0,30,,19656,37,,,0,100,,19638,37,,,0,100,,19657,37,,,0,100,,19639,37,,,0,100,,19658,37,,,0,100,,19631,37,,,0
2029,'1882',538,,19588,22,,,0,67,,19562,37,,,0,30,,19563,37,,,0,70,,19564,37,,,0,30,,19565,37,,,0,70,,19566,37,,,0,30,,19567,37,,,0,70,,19568,37,,,0,30,,19569,37,,,0,70,,19570,37,,,0,30,,19571,37,,,0,70,,19572,37,,,0,30,,19573,37,,,0,70,,19574,37,,,0,30,,19575,37,,,0,70,,19576,37,,,0,30,,19577,37,,,0,70,,19578,37,,,0,30,,19579,37,,,0,70,,19580,37,,,0,30,,19581,37,,,0,70,,19582,37,,,0,30,,19583,37,,,0,70,,19584,37,,,0,30,,19585,37,,,0,70,,19586,37,,,0,30,,19587,37,,,0,70,,19591,37,,,0,30,,19592,37,,,0,100,,19593,37,,,0,100,,19594,37,,,0,100,,19590,37,,,0
14000001029,'1838',544,,48495,21,0,18 7,0,1812,,48491,21,,,0,70,,42005,21,,,0,30,,48494,21,,,0,70,,48493,21,,,0,30,,42004,21,,,0,70,,48492,21,,,0
14000001029,'1865',442,,42016,21,0,18 7,0,102,,48496,21,0,18 7,0,1812,,48498,21,,,0,70,,42020,21,,,0,30,,48500,21,,,0,70,,48497,21,,,0,30,,42021,21,,,0,70,,48499,21,,,0
14000001029,'1866',544,,42028,21,0,18 7,0,1812,,48504,21,,,0,70,,42025,21,,,0,30,,48501,21,,,0,70,,48502,21,,,0,30,,42029,21,,,0,70,,48503,21,,,0
14000001029,'1867',544,,48509,21,0,18 7,0,1812,,48505,21,,,0,70,,42035,21,,,0,30,,48508,21,,,0,70,,48507,21,,,0,30,,42034,21,,,0,70,,48506,21,,,0
14000001029,'1873',544,,34793,21,0,18 7,0,1882,,24925,21,,,0,130,,24929,21,,,0
14000001029,'1878',2426,,24935,21,,,0,130,,24934,21,,,0
14000001029,'1881',544,,43968,21,0,18 7,0,1812,,43970,21,,,0,100,,42015,21,,,0,70,,43969,21,,,0,100,,42014,21,,,0
14000001029,'1882',442,,34808,21,0,18 7,0,1984,,24920,21,,,0,130,,24921,21,,,0
14000001029,'1886',544,,48510,21,0,18 7,0,1812,,48512,21,,,0,100,,48514,21,,,0,70,,48511,21,,,0,100,,48513,21,,,0
14000001029,'1887',2356,,48518,21,,,0,100,,48515,21,,,0,70,,48516,21,,,0,100,,48517,21,,,0
14000001029,'1888',544,,48523,21,0,18 7,0,1812,,48519,21,,,0,100,,48522,21,,,0,70,,48521,21,,,0,100,,48520,21,,,0
