22029,'1800',709,,38011,7,0,19 2 20 21,0,97,,38000,7,,,0,100,,38001,7,,,0,100,,38002,7,,,0,100,,38003,7,,,0,100,,38004,7,,,0,101,,38005,7,,,0,100,,38006,7,,,0,100,,38007,7,,,0,100,,38008,7,,,0,99,,38009,7,,,0,100,,38014,7,0,19 2 20 21,0,100,,38010,7,0,19 2 20 21,0,100,,38012,7,0,19 2 20 21,0,100,,38013,7,0,19 2 20 21,0,205,,21906,7,0,19 2 20 21,0,30,,21905,7,0,19 2 20 21,0
22029,'1838',709,,38026,7,0,19 2 20 21,0,97,,38015,7,,,0,100,,38016,7,,,0,100,,38017,7,,,0,100,,38018,7,,,0,100,,38019,7,,,0,101,,38020,7,,,0,100,,38021,7,,,0,100,,38022,7,,,0,100,,38023,7,,,0,99,,38024,7,,,0,100,,38029,7,0,19 2 20 21,0,100,,38025,7,0,19 2 20 21,0,100,,38027,7,0,19 2 20 21,0,100,,38028,7,0,19 2 20 21,0,205,,38031,7,0,19 2 20 21,0,30,,38030,7,0,19 2 20 21,0
22029,'1850',641,,31351,7,0,19 2 20 21,0,71,,31352,7,0,19 2 20 21,0,30,,31353,7,0,19 2 20 21,0,73,,31354,7,0,19 2 20 21,0,30,,31355,7,0,19 2 20 21,0,70,,31356,7,,,0,29,,31357,7,,,0,70,,31362,7,,,0,30,,31358,7,,,0,70,,31363,7,,,0,30,,31359,7,,,0,70,,31350,7,,,0,30,,31360,7,,,0,70,,31361,7,,,0,31,,31364,7,,,0,70,,31365,7,,,0,30,,31366,7,,,0,70,,31367,7,,,0,30,,31368,7,,,0,70,,31369,7,,,0,30,,31370,7,,,0,69,,31371,7,,,0,30,,31372,7,,,0,70,,31373,7,,,0,28,,31374,7,,,0,70,,31375,7,,,0,30,,31376,7,,,0,65,,31377,7,,,0,30,,31378,7,,,0,69,,31379,7,,,0,29,,31380,7,0,19 2 20 21,0,170,,31381,7,0,19 2 20 21,0,35,,31382,7,0,19 2 20 21,0
22029,'1857',2305,,21820,7,0,19 2 20 21,0,35,,21821,7,0,19 2 20 21,0
22029,'1859',2311,,21855,7,0,19 2 20 21,0,30,,21854,7,0,19 2 20 21,0
22029,'1861',2311,,21872,7,0,19 2 20 21,0,30,,21871,7,0,19 2 20 21,0
22029,'1862',609,,38056,7,0,19 2 20 21,0,30,,38050,7,0,19 2 20 21,0,67,,38057,7,0,19 2 20 21,0,30,,38051,7,0,19 2 20 21,0,70,,38058,7,0,19 2 20 21,0,30,,38032,7,,,0,70,,38033,7,,,0,30,,38034,7,,,0,70,,38035,7,,,0,30,,38036,7,,,0,70,,38037,7,,,0,30,,38038,7,,,0,70,,38039,7,,,0,31,,38040,7,,,0,70,,38041,7,,,0,31,,38042,7,,,0,69,,38043,7,,,0,31,,38044,7,,,0,70,,38045,7,,,0,30,,38046,7,,,0,70,,38047,7,,,0,29,,38048,7,,,0,69,,38049,7,,,0,31,,38052,7,0,19 2 20 21,0,69,,38059,7,0,19 2 20 21,0,30,,38053,7,0,19 2 20 21,0,70,,38060,7,0,19 2 20 21,0,30,,38054,7,0,19 2 20 21,0,70,,38061,7,0,19 2 20 21,0,30,,38055,7,0,19 2 20 21,0,67,,38062,7,0,19 2 20 21,0,33,,38063,7,0,19 2 20 21,0
22029,'1863',709,,38075,7,0,19 2 20 21,0,97,,38064,7,,,0,100,,38065,7,,,0,100,,38066,7,,,0,100,,38067,7,,,0,100,,38068,7,,,0,101,,38069,7,,,0,100,,38070,7,,,0,100,,38071,7,,,0,100,,38072,7,,,0,99,,38073,7,,,0,100,,38078,7,0,19 2 20 21,0,100,,38074,7,0,19 2 20 21,0,100,,38076,7,0,19 2 20 21,0,100,,38077,7,0,19 2 20 21,0
22029,'1864',641,,38080,7,0,19 2 20 21,0,71,,38081,7,0,19 2 20 21,0,30,,38082,7,0,19 2 20 21,0,73,,38083,7,0,19 2 20 21,0,30,,38084,7,0,19 2 20 21,0,70,,38085,7,,,0,29,,38086,7,,,0,70,,38091,7,,,0,30,,38087,7,,,0,70,,38092,7,,,0,30,,38088,7,,,0,70,,38079,7,,,0,30,,38089,7,,,0,70,,38090,7,,,0,31,,38093,7,,,0,70,,38094,7,,,0,30,,38095,7,,,0,70,,38096,7,,,0,30,,38097,7,,,0,70,,38098,7,,,0,30,,38099,7,,,0,69,,38100,7,,,0,30,,38101,7,,,0,70,,38102,7,,,0,28,,38103,7,,,0,70,,38104,7,,,0,30,,38105,7,,,0,65,,38106,7,,,0,30,,38107,7,,,0,69,,38108,7,,,0,29,,38109,7,0,19 2 20 21,0
22029,'1865',641,,38111,7,0,19 2 20 21,0,71,,38112,7,0,19 2 20 21,0,30,,38113,7,0,19 2 20 21,0,73,,38114,7,0,19 2 20 21,0,30,,38115,7,0,19 2 20 21,0,70,,38116,7,,,0,29,,38117,7,,,0,70,,38122,7,,,0,30,,38118,7,,,0,70,,38123,7,,,0,30,,38119,7,,,0,70,,38110,7,,,0,30,,38120,7,,,0,70,,38121,7,,,0,31,,38124,7,,,0,70,,38125,7,,,0,30,,38126,7,,,0,70,,38127,7,,,0,30,,38128,7,,,0,70,,38129,7,,,0,30,,38130,7,,,0,69,,38131,7,,,0,30,,38132,7,,,0,70,,38133,7,,,0,28,,38134,7,,,0,70,,38135,7,,,0,30,,38136,7,,,0,65,,38137,7,,,0,30,,38138,7,,,0,69,,38139,7,,,0,29,,38140,7,0,19 2 20 21,0,170,,38141,7,0,19 2 20 21,0,35,,38142,7,0,19 2 20 21,0
22029,'1866',609,,38167,7,0,19 2 20 21,0,30,,38161,7,0,19 2 20 21,0,67,,38168,7,0,19 2 20 21,0,30,,38162,7,0,19 2 20 21,0,70,,38169,7,0,19 2 20 21,0,30,,38143,7,,,0,70,,38144,7,,,0,30,,38145,7,,,0,70,,38146,7,,,0,30,,38147,7,,,0,70,,38148,7,,,0,30,,38149,7,,,0,70,,38150,7,,,0,31,,38151,7,,,0,70,,38152,7,,,0,31,,38153,7,,,0,69,,38154,7,,,0,31,,38155,7,,,0,70,,38156,7,,,0,30,,38157,7,,,0,70,,38158,7,,,0,29,,38159,7,,,0,69,,38160,7,,,0,31,,38163,7,0,19 2 20 21,0,69,,38170,7,0,19 2 20 21,0,30,,38164,7,0,19 2 20 21,0,70,,38171,7,0,19 2 20 21,0,30,,38165,7,0,19 2 20 21,0,70,,38172,7,0,19 2 20 21,0,30,,38166,7,0,19 2 20 21,0,67,,38173,7,0,19 2 20 21,0,33,,38174,7,0,19 2 20 21,0,175,,38176,7,0,19 2 20 21,0,30,,38175,7,0,19 2 20 21,0
22029,'1867',709,,38188,7,0,19 2 20 21,0,97,,38177,7,,,0,100,,38178,7,,,0,100,,38179,7,,,0,100,,38180,7,,,0,100,,38181,7,,,0,101,,38182,7,,,0,100,,38183,7,,,0,100,,38184,7,,,0,100,,38185,7,,,0,99,,38186,7,,,0,100,,38191,7,0,19 2 20 21,0,100,,38187,7,0,19 2 20 21,0,100,,38189,7,0,19 2 20 21,0,100,,38190,7,0,19 2 20 21,0,205,,38193,7,0,19 2 20 21,0,30,,38192,7,0,19 2 20 21,0
601019,'1800',2246,,23357,7,,,0
601019,'1838',616,,39578,7,,,0,30,,39581,7,,,0,70,,39605,7,,,0,30,,39590,7,,,0,70,,39608,7,,,0,30,,39576,7,,,0,70,,39583,7,,,0,30,,39603,7,,,0,70,,39606,7,,,0,30,,39577,7,,,0,70,,39589,7,,,0,30,,39607,7,,,0,71,,39602,7,,,0,30,,39580,7,,,0,70,,39592,7,,,0,30,,39598,7,,,0,70,,39595,7,,,0,30,,39585,7,,,0,70,,39584,7,,,0,30,,39579,7,,,0,69,,39599,7,,,0,30,,39588,7,,,0,70,,39601,7,,,0,30,,39597,7,,,0,70,,39582,7,,,0,30,,39604,7,,,0,70,,39596,7,,,0,30,,39610,7,,,0,70,,39593,7,,,0,30,,39609,7,,,0,70,,39586,7,,,0,30,,39587,7,,,0,70,,39594,7,,,0,30,,39591,7,,,0
601019,'1850',613,,32942,7,,,0,20,,32934,7,,,0,15,,32936,7,0,19 2 11 2 22 1 23,0,54,,32929,7,0,19 2 11 2 22 1 23,0,12,,32933,7,0,19 2 11 2 22 1 23,0,15,,32944,7,0,19 2 11 2 22 1 23,0,16,,32937,7,0,19 2 11 2 22 1 23,0,55,,32928,7,0,19 2 11 2 22 1 23,0,15,,32930,7,0,19 2 11 2 22 1 23,0,14,,32943,7,0,19 2 11 2 22 1 23,0,25,,32954,7,,,0,70,,32959,7,,,0,30,,32960,7,,,0,69,,32957,7,,,0,30,,32955,7,,,0,70,,32961,7,,,0,30,,32963,7,,,0,70,,32958,7,,,0,30,,32956,7,,,0,70,,32964,7,,,0,30,,32962,7,,,0,60,,32922,7,,,0,16,,32951,7,0,19 2 11 2 22 1 23,0,15,,32939,7,0,19 2 11 2 22 1 23,0,15,,32947,7,0,19 2 11 2 22 1 23,0,55,,32935,7,0,19 2 11 2 22 1 23,0,15,,32948,7,0,19 2 11 2 22 1 23,0,15,,32938,7,0,19 2 11 2 22 1 23,0,15,,32945,7,0,19 2 11 2 22 1 23,0,54,,32940,7,0,19 2 11 2 22 1 23,0,15,,32946,7,0,19 2 11 2 22 1 23,0,15,,32932,7,0,19 2 11 2 22 1 23,0,15,,32949,7,0,19 2 11 2 22 1 23,0,55,,32927,7,0,19 2 11 2 22 1 23,0,15,,32952,7,0,19 2 11 2 22 1 23,0,15,,32931,7,0,19 2 11 2 22 1 23,0,15,,32950,7,0,19 2 11 2 22 1 23,0,55,,32916,7,,,0,30,,32917,7,,,0,15,,32925,7,,,0,55,,32923,7,,,0,30,,32920,7,,,0,70,,32921,7,,,0,30,,32915,7,,,0,70,,32918,7,,,0,30,,32914,7,,,0,70,,32919,7,,,0,33,,32924,7,,,0
601019,'1857',633,,23253,7,,,0,96,,23263,7,0,19 2 11 2 22 1 23,0,100,,23262,7,0,19 2 11 2 22 1 23,0,95,,23278,7,,,0,99,,23276,7,,,0,100,,23280,7,,,0,100,,23277,7,,,0,100,,23283,7,,,0,90,,23241,7,,,0,16,,23270,7,0,19 2 11 2 22 1 23,0,15,,23258,7,0,19 2 11 2 22 1 23,0,70,,23254,7,0,19 2 11 2 22 1 23,0,15,,23267,7,0,19 2 11 2 22 1 23,0,15,,23257,7,0,19 2 11 2 22 1 23,0,69,,23259,7,0,19 2 11 2 22 1 23,0,15,,23265,7,0,19 2 11 2 22 1 23,0,15,,23251,7,0,19 2 11 2 22 1 23,0,70,,23246,7,0,19 2 11 2 22 1 23,0,15,,23271,7,0,19 2 11 2 22 1 23,0,15,,23250,7,0,19 2 11 2 22 1 23,0,70,,23235,7,,,0,30,,23236,7,,,0,70,,23242,7,,,0,30,,23239,7,,,0,70,,23240,7,,,0,30,,23234,7,,,0,70,,23237,7,,,0,30,,23233,7,,,0,70,,23238,7,,,0,33,,23243,7,,,0
601019,'1859',616,,23300,7,,,0,30,,23318,7,,,0,70,,23299,7,,,0,30,,23317,7,,,0,70,,23298,7,,,0,30,,23316,7,,,0,70,,23297,7,,,0,30,,23315,7,,,0,70,,23295,7,,,0,30,,23313,7,,,0,70,,23296,7,,,0,30,,23314,7,,,0,71,,23294,7,,,0,30,,23312,7,,,0,70,,23285,7,,,0,30,,23311,7,,,0,70,,23293,7,,,0,30,,23310,7,,,0,70,,23291,7,,,0,30,,23309,7,,,0,69,,23286,7,,,0,30,,23307,7,,,0,70,,23288,7,,,0,30,,23308,7,,,0,70,,23292,7,,,0,30,,23306,7,,,0,70,,23287,7,,,0,30,,23305,7,,,0,70,,23290,7,,,0,30,,23304,7,,,0,70,,23289,7,,,0,30,,23303,7,,,0,70,,23284,7,,,0,30,,23302,7,,,0
601019,'1861',2246,,23319,7,,,0
601019,'1864',613,,32973,7,,,0,35,,39613,7,0,19 2 11 2 22 1 23,0,54,,32967,7,0,19 2 11 2 22 1 23,0,12,,39612,7,0,19 2 11 2 22 1 23,0,31,,39614,7,0,19 2 11 2 22 1 23,0,55,,32966,7,0,19 2 11 2 22 1 23,0,15,,39611,7,0,19 2 11 2 22 1 23,0,39,,32978,7,,,0,100,,32981,7,,,0,99,,32979,7,,,0,100,,32983,7,,,0,100,,32980,7,,,0,100,,32982,7,,,0,106,,32975,7,0,19 2 11 2 22 1 23,0,100,,32974,7,0,19 2 11 2 22 1 23,0,99,,32976,7,0,19 2 11 2 22 1 23,0,100,,32977,7,0,19 2 11 2 22 1 23,0,100,,32965,7,,,0
601019,'1865',613,,39644,7,,,0,20,,39636,7,,,0,15,,39638,7,0,19 2 11 2 22 1 23,0,54,,39631,7,0,19 2 11 2 22 1 23,0,12,,39635,7,0,19 2 11 2 22 1 23,0,15,,39646,7,0,19 2 11 2 22 1 23,0,16,,39639,7,0,19 2 11 2 22 1 23,0,55,,39630,7,0,19 2 11 2 22 1 23,0,15,,39632,7,0,19 2 11 2 22 1 23,0,14,,39645,7,0,19 2 11 2 22 1 23,0,25,,39656,7,,,0,70,,39661,7,,,0,30,,39662,7,,,0,69,,39659,7,,,0,30,,39657,7,,,0,70,,39663,7,,,0,30,,39665,7,,,0,70,,39660,7,,,0,30,,39658,7,,,0,70,,39666,7,,,0,30,,39664,7,,,0,60,,39624,7,,,0,16,,39653,7,0,19 2 11 2 22 1 23,0,15,,39641,7,0,19 2 11 2 22 1 23,0,15,,39649,7,0,19 2 11 2 22 1 23,0,55,,39637,7,0,19 2 11 2 22 1 23,0,15,,39650,7,0,19 2 11 2 22 1 23,0,15,,39640,7,0,19 2 11 2 22 1 23,0,15,,39647,7,0,19 2 11 2 22 1 23,0,54,,39642,7,0,19 2 11 2 22 1 23,0,15,,39648,7,0,19 2 11 2 22 1 23,0,15,,39634,7,0,19 2 11 2 22 1 23,0,15,,39651,7,0,19 2 11 2 22 1 23,0,55,,39629,7,0,19 2 11 2 22 1 23,0,15,,39654,7,0,19 2 11 2 22 1 23,0,15,,39633,7,0,19 2 11 2 22 1 23,0,15,,39652,7,0,19 2 11 2 22 1 23,0,55,,39618,7,,,0,30,,39619,7,,,0,15,,39627,7,,,0,55,,39625,7,,,0,30,,39622,7,,,0,70,,39623,7,,,0,30,,39617,7,,,0,70,,39620,7,,,0,30,,39616,7,,,0,70,,39621,7,,,0,33,,39626,7,,,0
601019,'1866',616,,39683,7,,,0,30,,39701,7,,,0,70,,39682,7,,,0,30,,39700,7,,,0,70,,39681,7,,,0,30,,39699,7,,,0,70,,39680,7,,,0,30,,39698,7,,,0,70,,39678,7,,,0,30,,39696,7,,,0,70,,39679,7,,,0,30,,39697,7,,,0,71,,39677,7,,,0,30,,39695,7,,,0,70,,39668,7,,,0,30,,39694,7,,,0,70,,39676,7,,,0,30,,39693,7,,,0,70,,39674,7,,,0,30,,39692,7,,,0,69,,39669,7,,,0,30,,39690,7,,,0,70,,39671,7,,,0,30,,39691,7,,,0,70,,39675,7,,,0,30,,39689,7,,,0,70,,39670,7,,,0,30,,39688,7,,,0,70,,39673,7,,,0,30,,39687,7,,,0,70,,39672,7,,,0,30,,39686,7,,,0,70,,39667,7,,,0,30,,39685,7,,,0
601019,'1867',2246,,39702,7,,,0
