4019,'1799',2043,,19838,17,4,,0,100,,19839,17,4,,0
4019,'1800',1943,,24981,17,4,,0,100,,19866,17,4,,0,100,,19867,17,4,,0
4019,'1831',2013,,19773,17,4,,0,100,,19766,17,4,,0
4019,'1832',1943,,19812,17,4,,0
4019,'1833',2043,,19810,17,4,,0,100,,19811,17,4,,0
4019,'1834',1943,,19840,17,4,,0
4019,'1836',1943,,25021,17,4,,0,100,,25026,17,4,,0,100,,25022,17,4,,0,100,,25023,17,4,,0
4019,'1837',1943,,25051,17,4,,0
4019,'1838',1943,,25072,17,4,,0
4029,'1799',845,,19991,1,,,0,167,,19984,1,,,0,198,,19980,1,,,0,200,,19976,1,,,0,200,,19972,1,,,0,200,,19995,1,,,0,105,,19994,1,,,0,30,,19987,1,,,0,100,,19985,1,,,0,100,,19986,1,,,0
4029,'1800',715,,25092,1,,,0,30,,25093,1,,,0,70,,25090,1,,,0,30,,20020,1,,,0,69,,25091,1,,,0,30,,25087,1,,,0,68,,20013,1,,,0,30,,25078,1,,,0,70,,25082,1,,,0,30,,25084,1,,,0,68,,20009,1,,,0,30,,25088,1,,,0,70,,25079,1,,,0,30,,25081,1,,,0,70,,20005,1,,,0,30,,25086,1,,,0,70,,25089,1,,,0,30,,25080,1,,,0,70,,20001,1,,,0,30,,25083,1,,,0,70,,25085,1,,,0,30,,25095,1,,,0,70,,20024,1,,,0,35,,25096,1,,,0,70,,20023,1,,,0,30,,20016,1,,,0,70,,25094,1,,,0,30,,20014,1,,,0,100,,20015,1,,,0
4029,'1829',715,,19878,1,,,0,124,,19881,1,,,0,201,,19885,1,,,0,70,,19886,1,,,0,200,,19890,1,,,0,100,,19892,1,,,0,136,,19895,1,,,0
4029,'1831',617,,19932,1,,,0,98,,19934,1,,,0,130,,19937,1,,,0,169,,19919,1,,,0,28,,19912,1,,,0,70,,19923,1,,,0,128,,19911,1,,,0,70,,19916,1,,,0,130,,19926,1,,,0,70,,19921,1,,,0,30,,19913,1,,,0,170,,19931,1,,,0,30,,19922,1,,,0,175,,19914,1,,,0,100,,19915,1,,,0,100,,19930,1,,,0
4029,'1832',715,,19961,1,,,0,30,,19963,1,,,0,70,,19959,1,,,0,99,,19960,1,,,0,30,,19952,1,,,0,98,,19940,1,,,0,70,,19945,1,,,0,30,,19948,1,,,0,98,,19953,1,,,0,70,,19941,1,,,0,30,,19944,1,,,0,100,,19950,1,,,0,70,,19954,1,,,0,30,,19942,1,,,0,100,,19946,1,,,0,70,,19949,1,,,0,30,,19967,1,,,0,105,,19968,1,,,0,170,,19964,1,,,0
4029,'1833',845,,19962,1,,,0,167,,19955,1,,,0,198,,19951,1,,,0,200,,19947,1,,,0,200,,19943,1,,,0,200,,19966,1,,,0,105,,19965,1,,,0,30,,19958,1,,,0,100,,19956,1,,,0,100,,19957,1,,,0
4029,'1834',715,,19990,1,,,0,30,,19992,1,,,0,70,,19988,1,,,0,99,,19989,1,,,0,30,,19981,1,,,0,98,,19969,1,,,0,70,,19974,1,,,0,30,,19977,1,,,0,98,,19982,1,,,0,70,,19970,1,,,0,30,,19973,1,,,0,100,,19979,1,,,0,70,,19983,1,,,0,30,,19971,1,,,0,100,,19975,1,,,0,70,,19978,1,,,0,30,,19996,1,,,0,105,,19997,1,,,0,170,,19993,1,,,0
4029,'1835',615,,25097,1,,,0,30,,25098,1,,,0,94,,25099,1,,,0,76,,25100,1,,,0,95,,25101,1,,,0,30,,25102,1,,,0,70,,25103,1,,,0,130,,25104,1,,,0,70,,25105,1,,,0,30,,25106,1,,,0,100,,25107,1,,,0,105,,25108,1,,,0,65,,25109,1,,,0,100,,25110,1,,,0,36,,25111,1,,,0,64,,25112,1,,,0,36,,25113,1,,,0,68,,25114,1,,,0,29,,25115,1,,,0,70,,25116,1,,,0,30,,25117,1,,,0,72,,25118,1,,,0,30,,25119,1,,,0,70,,25120,1,,,0,30,,25121,1,,,0
4029,'1836',645,,25133,1,,,0,100,,25134,1,,,0,70,,25135,1,,,0,99,,25136,1,,,0,30,,25129,1,,,0,196,,25132,1,,,0,70,,25128,1,,,0,130,,25130,1,,,0,70,,25124,1,,,0,200,,25122,1,,,0,30,,25131,1,,,0,170,,25125,1,,,0,30,,25137,1,,,0,105,,25123,1,,,0,100,,25127,1,,,0,100,,25126,1,,,0
4029,'1837',715,,25152,1,,,0,30,,25153,1,,,0,70,,25150,1,,,0,99,,25151,1,,,0,30,,25147,1,,,0,98,,25138,1,,,0,70,,25142,1,,,0,30,,25144,1,,,0,98,,25148,1,,,0,70,,25139,1,,,0,30,,25141,1,,,0,100,,25146,1,,,0,70,,25149,1,,,0,30,,25140,1,,,0,100,,25143,1,,,0,70,,25145,1,,,0,30,,25155,1,,,0,105,,25156,1,,,0,170,,25154,1,,,0
4029,'1838',715,,25171,1,,,0,30,,25172,1,,,0,70,,25169,1,,,0,99,,25170,1,,,0,30,,25166,1,,,0,98,,25157,1,,,0,70,,25161,1,,,0,30,,25163,1,,,0,98,,25167,1,,,0,70,,25158,1,,,0,30,,25160,1,,,0,100,,25165,1,,,0,70,,25168,1,,,0,30,,25159,1,,,0,100,,25162,1,,,0,70,,25164,1,,,0,30,,25174,1,,,0,105,,25175,1,,,0,170,,25173,1,,,0
501019,'1799',633,,22441,1,,,0,97,,22440,1,,,0,100,,22442,1,,,0,270,,22417,1,,,0,200,,22416,1,,,0,200,,22414,1,,,0,200,,22419,1,,,0,200,,22425,1,,,0,300,,22422,1,,,0,100,,22421,1,,,0
501019,'1800',603,,26311,1,,,0,30,,22476,1,,,0,67,,26310,1,,,0,30,,22475,1,,,0,70,,26313,1,,,0,30,,22477,1,,,0,70,,26314,1,,,0,30,,26323,1,,,0,70,,26306,1,,,0,30,,26315,1,,,0,70,,22452,1,,,0,30,,26316,1,,,0,70,,26307,1,,,0,30,,26317,1,,,0,70,,22451,1,,,0,30,,26322,1,,,0,70,,26305,1,,,0,30,,26321,1,,,0,70,,22449,1,,,0,30,,26318,1,,,0,70,,26304,1,,,0,30,,26320,1,,,0,70,,22454,1,,,0,30,,26319,1,,,0,70,,26312,1,,,0,30,,26324,1,,,0,70,,22460,1,,,0,30,,26327,1,,,0,70,,26309,1,,,0,30,,26303,1,,,0,70,,26308,1,,,0,30,,26325,1,,,0,70,,22457,1,,,0,30,,26326,1,,,0,70,,22456,1,,,0
501019,'1829',600,,22301,1,,,0,203,,22306,1,,,0,24,,22307,1,,,0,22,,22308,1,,,0,81,,22310,1,,,0,70,,22311,1,,,0,200,,22315,1,,,0,100,,22317,1,,,0,30,,22318,1,,,0,70,,22319,1,,,0,26,,22320,1,,,0,174,,22325,1,,,0,100,,22328,1,,,0,230,,22334,1,,,0
501019,'1831',1000,,22361,1,,,0,130,,22372,1,,,0,70,,22363,1,,,0,130,,22374,1,,,0,70,,22365,1,,,0,30,,22375,1,,,0,170,,22367,1,,,0,30,,22369,1,,,0,170,,22347,1,,,0,30,,22360,1,,,0,70,,22346,1,,,0,30,,22358,1,,,0,70,,22345,1,,,0,30,,22359,1,,,0,70,,22344,1,,,0,30,,22356,1,,,0,70,,22343,1,,,0,30,,22357,1,,,0,70,,22342,1,,,0
501019,'1832',603,,22392,1,,,0,97,,22391,1,,,0,100,,22394,1,,,0,100,,22395,1,,,0,30,,22404,1,,,0,70,,22383,1,,,0,30,,22396,1,,,0,100,,22397,1,,,0,70,,22385,1,,,0,30,,22398,1,,,0,100,,22403,1,,,0,70,,22380,1,,,0,30,,22402,1,,,0,100,,22399,1,,,0,70,,22378,1,,,0,30,,22401,1,,,0,100,,22400,1,,,0,70,,22393,1,,,0,30,,22408,1,,,0,100,,22411,1,,,0,70,,22389,1,,,0,30,,22377,1,,,0,70,,22388,1,,,0,30,,22409,1,,,0,100,,22410,1,,,0
501019,'1833',633,,22406,1,,,0,97,,22405,1,,,0,100,,22407,1,,,0,270,,22382,1,,,0,200,,22381,1,,,0,200,,22379,1,,,0,200,,22384,1,,,0,200,,22390,1,,,0,300,,22387,1,,,0,100,,22386,1,,,0
501019,'1834',603,,22427,1,,,0,97,,22426,1,,,0,100,,22429,1,,,0,100,,22430,1,,,0,30,,22439,1,,,0,70,,22418,1,,,0,30,,22431,1,,,0,100,,22432,1,,,0,70,,22420,1,,,0,30,,22433,1,,,0,100,,22438,1,,,0,70,,22415,1,,,0,30,,22437,1,,,0,100,,22434,1,,,0,70,,22413,1,,,0,30,,22436,1,,,0,100,,22435,1,,,0,70,,22428,1,,,0,30,,22443,1,,,0,100,,22446,1,,,0,70,,22424,1,,,0,30,,22412,1,,,0,70,,22423,1,,,0,30,,22444,1,,,0,100,,22445,1,,,0
501019,'1835',630,,26328,1,,,0,73,,26329,1,,,0,24,,26330,1,,,0,24,,26331,1,,,0,149,,26332,1,,,0,130,,26333,1,,,0,70,,26334,1,,,0,30,,26335,1,,,0,100,,26336,1,,,0,208,,26337,1,,,0,62,,26338,1,,,0,24,,26339,1,,,0,12,,26340,1,,,0,88,,26341,1,,,0,12,,26342,1,,,0,88,,26343,1,,,0,12,,26344,1,,,0,66,,26345,1,,,0,28,,26346,1,,,0,70,,26347,1,,,0,100,,26348,1,,,0,30,,26349,1,,,0,70,,26350,1,,,0,30,,26351,1,,,0,70,,26352,1,,,0,30,,26353,1,,,0,70,,26354,1,,,0
501019,'1836',603,,26358,1,,,0,30,,26361,1,,,0,67,,26357,1,,,0,30,,26360,1,,,0,70,,26356,1,,,0,30,,26362,1,,,0,70,,26355,1,,,0,30,,26359,1,,,0,100,,26368,1,,,0,70,,26363,1,,,0,130,,26369,1,,,0,70,,26364,1,,,0,200,,26365,1,,,0,30,,26370,1,,,0,170,,26366,1,,,0,30,,26367,1,,,0
501019,'1837',603,,26379,1,,,0,97,,26378,1,,,0,100,,26381,1,,,0,100,,26382,1,,,0,30,,26391,1,,,0,70,,26374,1,,,0,30,,26383,1,,,0,100,,26384,1,,,0,70,,26375,1,,,0,30,,26385,1,,,0,100,,26390,1,,,0,70,,26373,1,,,0,30,,26389,1,,,0,100,,26386,1,,,0,70,,26372,1,,,0,30,,26388,1,,,0,100,,26387,1,,,0,70,,26380,1,,,0,30,,26392,1,,,0,100,,26395,1,,,0,70,,26377,1,,,0,30,,26371,1,,,0,70,,26376,1,,,0,30,,26393,1,,,0,100,,26394,1,,,0
501019,'1838',603,,26404,1,,,0,97,,26403,1,,,0,100,,26406,1,,,0,100,,26407,1,,,0,30,,26416,1,,,0,70,,26399,1,,,0,30,,26408,1,,,0,100,,26409,1,,,0,70,,26400,1,,,0,30,,26410,1,,,0,100,,26415,1,,,0,70,,26398,1,,,0,30,,26414,1,,,0,100,,26411,1,,,0,70,,26397,1,,,0,30,,26413,1,,,0,100,,26412,1,,,0,70,,26405,1,,,0,30,,26417,1,,,0,100,,26420,1,,,0,70,,26402,1,,,0,30,,26396,1,,,0,70,,26401,1,,,0,30,,26418,1,,,0,100,,26419,1,,,0
501029,'1799',632,,22697,4,4,,0,92,,22696,16,4,,0,100,,22695,16,4,,0,100,,22698,16,4,,0,191,,22718,16,4,,0,85,,22676,16,4,,0,115,,22713,16,4,,0,85,,22671,16,4,,0,115,,22709,16,4,,0,86,,22669,16,4,,0,115,,22705,16,4,,0,84,,22672,16,4,,0,144,,22715,16,4,,0,10,,22681,16,4,,0,299,,22678,16,4,,0,95,,22677,16,4,,0
501029,'1800',602,,26421,4,4,,0,30,,22751,4,4,,0,22,,26431,16,4,,0,70,,22750,16,4,,0,30,,26430,16,4,,0,70,,22749,16,4,,0,30,,26429,16,4,,0,70,,22752,16,4,,0,31,,26432,16,4,,0,75,,26440,16,4,,0,15,,26453,16,4,,0,55,,26425,16,4,,0,15,,22772,16,4,,0,15,,26433,16,4,,0,15,,26457,16,4,,0,55,,22730,16,4,,0,15,,26448,16,4,,0,15,,26434,16,4,,0,15,,26450,16,4,,0,55,,26422,16,4,,0,15,,22767,16,4,,0,15,,26439,16,4,,0,15,,26454,16,4,,0,55,,22725,16,4,,0,15,,26458,16,4,,0,15,,26438,16,4,,0,15,,26447,16,4,,0,55,,26423,16,4,,0,15,,22763,16,4,,0,15,,26436,16,4,,0,16,,26452,16,4,,0,55,,22723,16,4,,0,15,,26455,16,4,,0,15,,26435,16,4,,0,15,,26456,16,4,,0,55,,26424,16,4,,0,15,,22759,16,4,,0,14,,26437,16,4,,0,15,,26449,16,4,,0,55,,22726,16,4,,0,15,,26451,16,4,,0,15,,26443,16,4,,0,70,,26428,16,4,,0,29,,26446,16,4,,0,15,,22769,16,4,,0,10,,22735,16,4,,0,69,,26442,16,4,,0,30,,26427,16,4,,0,70,,26444,16,4,,0,30,,26426,16,4,,0,70,,26445,16,4,,0,30,,22732,16,4,,0,70,,26441,16,4,,0,25,,22731,16,4,,0
501029,'1829',558,,22484,16,4,,0,99,,22485,16,4,,0,50,,22551,16,4,,0,112,,22490,16,4,,0,86,,22494,16,4,,0,25,,22496,16,4,,0,15,,22497,16,4,,0,85,,22500,16,4,,0,70,,22502,16,4,,0,47,,22505,16,4,,0,70,,22507,16,4,,0,85,,22510,16,4,,0,56,,22553,4,4,,0,44,,22514,16,4,,0,16,,22515,16,4,,0,16,,22516,16,4,,0,72,,22482,16,4,,0,15,,22483,16,4,,0,12,,22518,16,4,,0,124,,22525,16,4,,0,51,,22526,16,4,,0,95,,22531,16,4,,0,227,,22541,16,4,,0
501029,'1831',1100,,22580,16,4,,0,15,,22589,16,4,,0,30,,22598,16,4,,0,70,,22590,16,4,,0,15,,22607,16,4,,0,70,,22582,16,4,,0,45,,22600,16,4,,0,70,,22592,16,4,,0,15,,22609,16,4,,0,70,,22584,16,4,,0,30,,22610,16,4,,0,16,,22602,16,4,,0,70,,22594,16,4,,0,30,,22603,16,4,,0,55,,22586,16,4,,0,29,,22588,16,4,,0,85,,22596,16,4,,0,30,,22579,16,4,,0,55,,22561,16,4,,0,29,,22578,16,4,,0,30,,22560,16,4,,0,69,,22575,16,4,,0,25,,22559,16,4,,0,70,,22576,16,4,,0,30,,22558,16,4,,0,70,,22574,16,4,,0,30,,22557,16,4,,0,70,,22573,16,4,,0,25,,22556,16,4,,0
501029,'1832',602,,22614,4,4,,0,52,,22631,16,4,,0,100,,22630,16,4,,0,100,,22629,16,4,,0,101,,22632,16,4,,0,75,,22640,16,4,,0,15,,22660,16,4,,0,55,,22621,16,4,,0,30,,22633,16,4,,0,15,,22666,16,4,,0,70,,22653,16,4,,0,15,,22634,16,4,,0,15,,22656,16,4,,0,55,,22616,16,4,,0,30,,22639,16,4,,0,15,,22662,16,4,,0,70,,22667,16,4,,0,15,,22638,16,4,,0,15,,22652,16,4,,0,55,,22619,16,4,,0,30,,22636,16,4,,0,16,,22658,16,4,,0,70,,22663,16,4,,0,15,,22635,16,4,,0,15,,22665,16,4,,0,55,,22620,16,4,,0,29,,22637,16,4,,0,15,,22654,16,4,,0,70,,22657,16,4,,0,15,,22647,16,4,,0,70,,22628,16,4,,0,29,,22650,16,4,,0,94,,22646,16,4,,0,30,,22626,16,4,,0,70,,22648,16,4,,0,30,,22625,16,4,,0,70,,22649,16,4,,0,100,,22645,16,4,,0
501029,'1833',632,,22643,4,4,,0,92,,22642,16,4,,0,100,,22641,16,4,,0,100,,22644,16,4,,0,191,,22664,16,4,,0,85,,22622,16,4,,0,115,,22659,16,4,,0,85,,22617,16,4,,0,115,,22655,16,4,,0,86,,22615,16,4,,0,115,,22651,16,4,,0,84,,22618,16,4,,0,144,,22661,16,4,,0,10,,22627,16,4,,0,299,,22624,16,4,,0,95,,22623,16,4,,0
501029,'1834',602,,22668,4,4,,0,52,,22685,16,4,,0,100,,22684,16,4,,0,100,,22683,16,4,,0,101,,22686,16,4,,0,75,,22694,16,4,,0,15,,22714,16,4,,0,55,,22675,16,4,,0,30,,22687,16,4,,0,15,,22720,16,4,,0,70,,22707,16,4,,0,15,,22688,16,4,,0,15,,22710,16,4,,0,55,,22670,16,4,,0,30,,22693,16,4,,0,15,,22716,16,4,,0,70,,22721,16,4,,0,15,,22692,16,4,,0,15,,22706,16,4,,0,55,,22673,16,4,,0,30,,22690,16,4,,0,16,,22712,16,4,,0,70,,22717,16,4,,0,15,,22689,16,4,,0,15,,22719,16,4,,0,55,,22674,16,4,,0,29,,22691,16,4,,0,15,,22708,16,4,,0,70,,22711,16,4,,0,15,,22701,16,4,,0,70,,22682,16,4,,0,29,,22704,16,4,,0,94,,22700,16,4,,0,30,,22680,16,4,,0,70,,22702,16,4,,0,30,,22679,16,4,,0,70,,22703,16,4,,0,100,,22699,16,4,,0
501029,'1835',717,,26459,16,4,,0,10,,26460,16,4,,0,20,,26461,16,4,,0,55,,26462,16,4,,0,29,,26463,16,4,,0,13,,26464,16,4,,0,5,,26506,16,4,,0,5,,26465,16,4,,0,65,,26466,16,4,,0,81,,26467,16,4,,0,15,,26468,16,4,,0,30,,26469,16,4,,0,71,,26470,16,4,,0,16,,26471,16,4,,0,70,,26472,16,4,,0,30,,26473,16,4,,0,15,,26474,16,4,,0,70,,26475,16,4,,0,15,,26476,16,4,,0,15,,26477,16,4,,0,103,,26478,16,4,,0,8,,26508,4,4,,0,81,,26505,16,4,,0,6,,26479,16,4,,0,12,,26480,16,4,,0,52,,26481,16,4,,0,12,,26482,16,4,,0,12,,26483,16,4,,0,6,,26507,16,4,,0,6,,26484,16,4,,0,74,,26485,16,4,,0,12,,26486,16,4,,0,10,,26487,16,4,,0,11,,26488,16,4,,0,63,,26489,16,4,,0,12,,26490,16,4,,0,12,,26491,16,4,,0,12,,26492,16,4,,0,52,,26493,16,4,,0,12,,26494,16,4,,0,15,,26495,16,4,,0,15,,26496,16,4,,0,55,,26497,16,4,,0,100,,26498,16,4,,0,28,,26499,16,4,,0,25,,26500,16,4,,0,70,,26501,16,4,,0,30,,26502,16,4,,0,70,,26503,16,4,,0,26,,26504,16,4,,0
501029,'1836',602,,26514,4,4,,0,30,,26520,4,4,,0,22,,26513,16,4,,0,75,,26518,16,4,,0,15,,26533,16,4,,0,15,,26512,16,4,,0,70,,26519,16,4,,0,30,,26511,16,4,,0,70,,26517,16,4,,0,71,,26510,16,4,,0,15,,26509,16,4,,0,15,,26516,16,4,,0,15,,26515,16,4,,0,85,,26534,16,4,,0,70,,26522,16,4,,0,45,,26530,16,4,,0,70,,26526,16,4,,0,15,,26535,16,4,,0,70,,26523,16,4,,0,45,,26531,16,4,,0,70,,26527,16,4,,0,86,,26524,16,4,,0,30,,26536,16,4,,0,85,,26528,16,4,,0,29,,26532,16,4,,0,55,,26525,16,4,,0,30,,26521,16,4,,0,84,,26529,16,4,,0,30,,26537,16,4,,0
501029,'1837',602,,26538,4,4,,0,52,,26548,16,4,,0,100,,26547,16,4,,0,100,,26546,16,4,,0,101,,26549,16,4,,0,75,,26557,16,4,,0,15,,26570,16,4,,0,55,,26542,16,4,,0,30,,26550,16,4,,0,15,,26574,16,4,,0,70,,26565,16,4,,0,15,,26551,16,4,,0,15,,26567,16,4,,0,55,,26539,16,4,,0,30,,26556,16,4,,0,15,,26571,16,4,,0,70,,26575,16,4,,0,15,,26555,16,4,,0,15,,26564,16,4,,0,55,,26540,16,4,,0,30,,26553,16,4,,0,16,,26569,16,4,,0,70,,26572,16,4,,0,15,,26552,16,4,,0,15,,26573,16,4,,0,55,,26541,16,4,,0,29,,26554,16,4,,0,15,,26566,16,4,,0,70,,26568,16,4,,0,15,,26560,16,4,,0,70,,26545,16,4,,0,29,,26563,16,4,,0,94,,26559,16,4,,0,30,,26544,16,4,,0,70,,26561,16,4,,0,30,,26543,16,4,,0,70,,26562,16,4,,0,100,,26558,16,4,,0
501029,'1838',602,,26576,4,4,,0,52,,26586,16,4,,0,100,,26585,16,4,,0,100,,26584,16,4,,0,101,,26587,16,4,,0,75,,26595,16,4,,0,15,,26608,16,4,,0,55,,26580,16,4,,0,30,,26588,16,4,,0,15,,26612,16,4,,0,70,,26603,16,4,,0,15,,26589,16,4,,0,15,,26605,16,4,,0,55,,26577,16,4,,0,30,,26594,16,4,,0,15,,26609,16,4,,0,70,,26613,16,4,,0,15,,26593,16,4,,0,15,,26602,16,4,,0,55,,26578,16,4,,0,30,,26591,16,4,,0,16,,26607,16,4,,0,70,,26610,16,4,,0,15,,26590,16,4,,0,15,,26611,16,4,,0,55,,26579,16,4,,0,29,,26592,16,4,,0,15,,26604,16,4,,0,70,,26606,16,4,,0,15,,26598,16,4,,0,70,,26583,16,4,,0,29,,26601,16,4,,0,94,,26597,16,4,,0,30,,26582,16,4,,0,70,,26599,16,4,,0,30,,26581,16,4,,0,70,,26600,16,4,,0,100,,26596,16,4,,0
