6029,'1799',1034,,20202,4,0,5 2 6 7,0,201,,20201,4,0,5 2 6 7,0,200,,20200,4,0,5 2 6 7,0,200,,20199,4,0,5 2 6 7,0,199,,20198,4,0,5 2 6 7,0
6029,'1800',834,,25225,4,0,5 2 6 7,0,100,,25221,4,0,5 2 6 7,0,100,,20214,4,0,5 2 6 7,0,100,,25219,4,0,5 2 6 7,0,101,,20213,4,0,5 2 6 7,0,100,,25224,4,0,5 2 6 7,0,100,,20212,4,0,5 2 6 7,0,100,,25222,4,0,5 2 6 7,0,100,,20211,4,0,5 2 6 7,0,100,,25223,4,0,5 2 6 7,0,99,,20210,4,0,5 2 6 7,0,100,,25220,4,0,5 2 6 7,0
6029,'1829',644,,20126,4,,,0,71,,20127,4,,,0,30,,20128,4,,,0,70,,20129,4,,,0,30,,20130,4,,,0,100,,20132,4,,,0,70,,20133,4,,,0,130,,20136,4,,,0,70,,20137,4,,,0,30,,20138,4,,,0,70,,20139,4,,,0,30,,20140,4,,,0,70,,20141,4,,,0,30,,20142,4,,,0,70,,20143,4,,,0,30,,20144,4,,,0,270,,20149,4,,,0,30,,20150,4,,,0
6029,'1831',609,,20152,4,,,0,30,,20154,4,,,0,65,,20170,4,,,0,30,,20178,4,,,0,70,,20153,4,,,0,100,,20171,4,,,0,131,,20176,4,,,0,70,,20162,4,,,0,130,,20175,4,,,0,70,,20160,4,,,0,30,,20167,4,,,0,170,,20158,4,,,0,30,,20166,4,,,0,170,,20156,4,,,0,30,,20165,4,,,0,70,,20155,4,,,0,99,,20151,4,0,5 2 6 7,0
6029,'1832',834,,20191,4,0,5 2 6 7,0,100,,20182,4,0,5 2 6 7,0,200,,20180,4,0,5 2 6 7,0,201,,20185,4,0,5 2 6 7,0,200,,20183,4,0,5 2 6 7,0,200,,20184,4,0,5 2 6 7,0,199,,20181,4,0,5 2 6 7,0
6029,'1833',1034,,20190,4,0,5 2 6 7,0,201,,20189,4,0,5 2 6 7,0,200,,20188,4,0,5 2 6 7,0,200,,20187,4,0,5 2 6 7,0,199,,20186,4,0,5 2 6 7,0
6029,'1834',834,,20203,4,0,5 2 6 7,0,100,,20194,4,0,5 2 6 7,0,200,,20192,4,0,5 2 6 7,0,201,,20197,4,0,5 2 6 7,0,200,,20195,4,0,5 2 6 7,0,200,,20196,4,0,5 2 6 7,0,199,,20193,4,0,5 2 6 7,0
6029,'1835',614,,25230,4,,,0,301,,25231,4,,,0,130,,25232,4,,,0,70,,25233,4,,,0,500,,25234,4,,,0,30,,25235,4,,,0,70,,25236,4,,,0,30,,25237,4,,,0,190,,25227,4,,,0,99,,25229,4,,,0,100,,25226,4,,,0,100,,25228,4,,,0
6029,'1836',834,,25242,4,,,0,100,,25249,4,,,0,71,,25241,4,,,0,130,,25243,4,,,0,70,,25240,4,,,0,200,,25239,4,,,0,30,,25247,4,,,0,170,,25238,4,,,0,30,,25246,4,,,0,200,,25245,4,,,0,169,,25248,4,0,5 2 6 7,0,100,,25244,4,0,5 2 6 7,0
6029,'1837',834,,25256,4,0,5 2 6 7,0,100,,25252,4,0,5 2 6 7,0,200,,25250,4,0,5 2 6 7,0,201,,25255,4,0,5 2 6 7,0,200,,25253,4,0,5 2 6 7,0,200,,25254,4,0,5 2 6 7,0,199,,25251,4,0,5 2 6 7,0
6029,'1838',834,,25263,4,0,5 2 6 7,0,100,,25259,4,0,5 2 6 7,0,200,,25257,4,0,5 2 6 7,0,201,,25262,4,0,5 2 6 7,0,200,,25260,4,0,5 2 6 7,0,200,,25261,4,0,5 2 6 7,0,199,,25258,4,0,5 2 6 7,0
15019,'1799',716,,21066,15,,,0,100,,21064,15,,,0,100,,21067,15,,,0,100,,21065,15,,,0,100,,21062,15,,,0,100,,21060,15,,,0,101,,21063,15,,,0,100,,21061,15,,,0,100,,21058,15,,,0,99,,21059,15,,,0,100,,21056,15,,,0,100,,21057,15,,,0,100,,21055,15,,,0,100,,21068,15,,,0
15019,'1800',716,,21080,15,,,0,100,,21078,15,,,0,100,,21081,15,,,0,100,,21079,15,,,0,100,,21076,15,,,0,100,,21074,15,,,0,101,,21077,15,,,0,100,,21075,15,,,0,100,,21072,15,,,0,99,,21073,15,,,0,100,,21070,15,,,0,100,,21071,15,,,0,100,,21069,15,,,0,100,,21082,15,,,0
15019,'1829',641,,20996,15,,,0,200,,21000,15,,,0,100,,21002,15,,,0,170,,21005,15,,,0,300,,21011,15,,,0,530,,21022,15,,,0
15019,'1831',716,,21026,15,,,0,100,,21027,15,,,0,100,,21028,15,,,0,100,,21029,15,,,0,100,,21030,15,,,0,100,,21031,15,,,0,101,,21032,15,,,0,100,,21033,15,,,0,100,,21034,15,,,0,99,,21035,15,,,0,100,,21036,15,,,0,100,,21037,15,,,0,100,,21038,15,,,0,100,,21039,15,,,0
15019,'1833',716,,21052,15,,,0,100,,21050,15,,,0,100,,21053,15,,,0,100,,21051,15,,,0,100,,21048,15,,,0,100,,21046,15,,,0,101,,21049,15,,,0,100,,21047,15,,,0,100,,21044,15,,,0,99,,21045,15,,,0,100,,21042,15,,,0,100,,21043,15,,,0,100,,21041,15,,,0,100,,21054,15,,,0
15019,'1835',711,,25841,15,,,0,33,,25842,15,,,0,70,,25843,15,,,0,97,,25844,15,,,0,100,,25845,15,,,0,30,,25846,15,,,0,100,,25847,15,,,0,70,,25848,15,,,0,30,,25849,15,,,0,70,,25850,15,,,0,30,,25851,15,,,0,101,,25852,15,,,0,70,,25853,15,,,0,30,,25854,15,,,0,70,,25855,15,,,0,30,,25856,15,,,0,70,,25857,15,,,0,29,,25858,15,,,0,70,,25859,15,,,0,30,,25860,15,,,0,70,,25861,15,,,0,130,,25862,15,,,0,99,,25863,15,,,0,100,,25864,15,0,5 2 6 7,0
502029,'1799',929,,23165,3,,,0,115,,23176,3,,,0,85,,23163,3,,,0,200,,23161,3,,,0,200,,23159,3,,,0,200,,23157,3,,,0,15,,23171,3,,,0,185,,23155,3,,,0,30,,23143,3,,,0,70,,23154,3,,,0,30,,23144,3,,,0,70,,23152,3,,,0,29,,23149,3,,,0,70,,23153,3,,,0,30,,23146,3,,,0
502029,'1800',605,,26740,3,,,0,28,,26726,3,,,0,25,,26735,3,,,0,70,,26747,3,,,0,30,,26737,3,,,0,70,,26746,3,,,0,31,,26736,3,,,0,70,,23215,3,,,0,30,,26727,3,,,0,70,,26745,3,,,0,15,,23226,3,,,0,15,,26728,3,,,0,55,,26756,3,,,0,15,,23213,3,,,0,15,,26759,3,,,0,15,,26729,3,,,0,55,,26750,3,,,0,15,,26744,3,,,0,15,,26752,3,,,0,15,,26730,3,,,0,55,,26754,3,,,0,15,,23211,3,,,0,15,,26757,3,,,0,15,,26731,3,,,0,55,,26758,3,,,0,15,,26743,3,,,0,15,,26749,3,,,0,15,,26732,3,,,0,55,,26751,3,,,0,15,,23209,3,,,0,15,,26753,3,,,0,15,,26733,3,,,0,55,,26755,3,,,0,15,,26742,3,,,0,15,,26760,3,,,0,15,,26734,3,,,0,55,,26748,3,,,0,15,,23207,3,,,0,15,,23221,3,,,0,15,,26739,3,,,0,70,,26741,3,,,0,30,,26738,3,,,0,70,,23205,3,,,0,30,,23193,3,,,0,70,,23204,3,,,0,30,,23194,3,,,0,70,,23202,3,,,0,29,,23199,3,,,0,70,,23203,3,,,0,30,,23196,3,,,0
502029,'1829',544,,22959,3,,,0,70,,22961,3,,,0,30,,22964,3,,,0,64,,22966,3,,,0,12,,22967,3,,,0,7,,22968,3,,,0,18,,22970,3,,,0,12,,22972,3,,,0,64,,22974,3,,,0,38,,22977,3,,,0,55,,22978,3,,,0,100,,22982,3,,,0,30,,22984,3,,,0,115,,22989,3,,,0,70,,22991,3,,,0,215,,23000,3,,,0,106,,23005,3,,,0,579,,23024,3,,,0,100,,23026,3,,,0
502029,'1831',633,,23043,3,,,0,70,,23035,3,,,0,30,,23044,3,,,0,25,,23034,3,,,0,70,,23045,3,,,0,31,,23033,3,,,0,70,,23046,3,,,0,30,,23073,3,,,0,170,,23066,3,,,0,30,,23075,3,,,0,70,,23067,3,,,0,130,,23077,3,,,0,70,,23069,3,,,0,130,,23079,3,,,0,70,,23071,3,,,0,30,,23080,3,,,0,85,,23055,3,,,0,85,,23039,3,,,0,100,,23040,3,,,0,100,,23041,3,,,0,100,,23037,3,,,0,99,,23042,3,,,0
502029,'1832',605,,23101,3,,,0,28,,23083,3,,,0,25,,23092,3,,,0,70,,23117,3,,,0,30,,23097,3,,,0,70,,23116,3,,,0,31,,23095,3,,,0,100,,23084,3,,,0,70,,23114,3,,,0,30,,23085,3,,,0,55,,23128,3,,,0,30,,23131,3,,,0,15,,23086,3,,,0,55,,23120,3,,,0,15,,23112,3,,,0,15,,23123,3,,,0,15,,23087,3,,,0,55,,23125,3,,,0,30,,23129,3,,,0,15,,23088,3,,,0,55,,23130,3,,,0,15,,23110,3,,,0,15,,23119,3,,,0,15,,23089,3,,,0,55,,23122,3,,,0,30,,23124,3,,,0,15,,23090,3,,,0,55,,23127,3,,,0,15,,23108,3,,,0,15,,23132,3,,,0,15,,23091,3,,,0,55,,23118,3,,,0,45,,23100,3,,,0,70,,23106,3,,,0,30,,23098,3,,,0
502029,'1833',929,,23115,3,,,0,115,,23126,3,,,0,85,,23113,3,,,0,200,,23111,3,,,0,200,,23109,3,,,0,200,,23107,3,,,0,15,,23121,3,,,0,185,,23105,3,,,0,30,,23093,3,,,0,70,,23104,3,,,0,30,,23094,3,,,0,70,,23102,3,,,0,29,,23099,3,,,0,70,,23103,3,,,0,30,,23096,3,,,0
502029,'1834',605,,23151,3,,,0,28,,23133,3,,,0,25,,23142,3,,,0,70,,23167,3,,,0,30,,23147,3,,,0,70,,23166,3,,,0,31,,23145,3,,,0,100,,23134,3,,,0,70,,23164,3,,,0,30,,23135,3,,,0,55,,23178,3,,,0,30,,23181,3,,,0,15,,23136,3,,,0,55,,23170,3,,,0,15,,23162,3,,,0,15,,23173,3,,,0,15,,23137,3,,,0,55,,23175,3,,,0,30,,23179,3,,,0,15,,23138,3,,,0,55,,23180,3,,,0,15,,23160,3,,,0,15,,23169,3,,,0,15,,23139,3,,,0,55,,23172,3,,,0,30,,23174,3,,,0,15,,23140,3,,,0,55,,23177,3,,,0,15,,23158,3,,,0,15,,23182,3,,,0,15,,23141,3,,,0,55,,23168,3,,,0,45,,23150,3,,,0,70,,23156,3,,,0,30,,23148,3,,,0
502029,'1835',529,,26761,3,,,0,30,,26762,3,,,0,62,,26763,3,,,0,8,,26764,3,,,0,27,,26765,3,,,0,77,,26766,3,,,0,18,,26767,3,,,0,58,,26768,3,,,0,24,,26769,3,,,0,11,,26770,3,,,0,85,,26771,3,,,0,15,,26772,3,,,0,15,,26773,3,,,0,70,,26774,3,,,0,30,,26775,3,,,0,55,,26776,3,,,0,15,,26777,3,,,0,15,,26778,3,,,0,70,,26779,3,,,0,30,,26780,3,,,0,15,,26781,3,,,0,55,,26782,3,,,0,15,,26783,3,,,0,15,,26784,3,,,0,15,,26785,3,,,0,55,,26786,3,,,0,15,,26787,3,,,0,30,,26788,3,,,0,55,,26789,3,,,0,12,,26790,3,,,0,12,,26791,3,,,0,64,,26792,3,,,0,12,,26793,3,,,0,12,,26794,3,,,0,12,,26795,3,,,0,12,,26796,3,,,0,52,,26797,3,,,0,12,,26798,3,,,0,12,,26799,3,,,0,12,,26800,3,,,0,12,,26801,3,,,0,52,,26802,3,,,0,12,,26803,3,,,0,15,,26804,3,,,0,15,,26812,3,,,0,15,,26805,3,,,0,70,,26806,3,,,0,30,,26807,3,,,0,70,,26808,3,,,0,30,,26809,3,,,0,100,,26810,3,,,0,100,,26811,3,,,0
502029,'1836',603,,26817,3,,,0,15,,26844,3,,,0,326,,26819,3,,,0,70,,26827,3,,,0,15,,26836,3,,,0,15,,26820,3,,,0,15,,26840,3,,,0,55,,26828,3,,,0,30,,26821,3,,,0,70,,26829,3,,,0,30,,26822,3,,,0,15,,26841,3,,,0,55,,26830,3,,,0,15,,26837,3,,,0,15,,26823,3,,,0,70,,26831,3,,,0,30,,26824,3,,,0,15,,26842,3,,,0,55,,26832,3,,,0,15,,26838,3,,,0,15,,26825,3,,,0,70,,26833,3,,,0,30,,26826,3,,,0,70,,26834,3,,,0,15,,26818,3,,,0,30,,26839,3,,,0,55,,26835,3,,,0,30,,26843,3,,,0,115,,26816,3,,,0,100,,26815,3,,,0,99,,26814,3,,,0,100,,26813,3,,,0
502029,'1837',605,,26859,3,,,0,28,,26845,3,,,0,25,,26854,3,,,0,70,,26866,3,,,0,30,,26856,3,,,0,70,,26865,3,,,0,31,,26855,3,,,0,100,,26846,3,,,0,70,,26864,3,,,0,30,,26847,3,,,0,55,,26875,3,,,0,30,,26878,3,,,0,15,,26848,3,,,0,55,,26869,3,,,0,15,,26863,3,,,0,15,,26871,3,,,0,15,,26849,3,,,0,55,,26873,3,,,0,30,,26876,3,,,0,15,,26850,3,,,0,55,,26877,3,,,0,15,,26862,3,,,0,15,,26868,3,,,0,15,,26851,3,,,0,55,,26870,3,,,0,30,,26872,3,,,0,15,,26852,3,,,0,55,,26874,3,,,0,15,,26861,3,,,0,15,,26879,3,,,0,15,,26853,3,,,0,55,,26867,3,,,0,45,,26858,3,,,0,70,,26860,3,,,0,30,,26857,3,,,0
502029,'1838',605,,26894,3,,,0,28,,26880,3,,,0,25,,26889,3,,,0,70,,26901,3,,,0,30,,26891,3,,,0,70,,26900,3,,,0,31,,26890,3,,,0,100,,26881,3,,,0,70,,26899,3,,,0,30,,26882,3,,,0,55,,26910,3,,,0,30,,26913,3,,,0,15,,26883,3,,,0,55,,26904,3,,,0,15,,26898,3,,,0,15,,26906,3,,,0,15,,26884,3,,,0,55,,26908,3,,,0,30,,26911,3,,,0,15,,26885,3,,,0,55,,26912,3,,,0,15,,26897,3,,,0,15,,26903,3,,,0,15,,26886,3,,,0,55,,26905,3,,,0,30,,26907,3,,,0,15,,26887,3,,,0,55,,26909,3,,,0,15,,26896,3,,,0,15,,26914,3,,,0,15,,26888,3,,,0,55,,26902,3,,,0,45,,26893,3,,,0,70,,26895,3,,,0,30,,26892,3,,,0
