6029,'1838',839,,35833,11,0,5 2 6 7,0,100,,44416,11,0,5 2 6 7,0,100,,44424,11,0,5 2 6 7,0,100,,44414,11,0,5 2 6 7,0,102,,44423,11,0,5 2 6 7,0,100,,44419,11,0,5 2 6 7,0,100,,44422,11,0,5 2 6 7,0,100,,44417,11,0,5 2 6 7,0,100,,44421,11,0,5 2 6 7,0,100,,44418,11,0,5 2 6 7,0,98,,44420,11,0,5 2 6 7,0,100,,44415,11,0,5 2 6 7,0
6029,'1865',620,,35869,11,,,0,30,,42302,11,,,0,72,,42303,11,,,0,30,,42304,11,,,0,70,,42305,11,,,0,30,,42306,11,,,0,69,,44428,11,,,0,30,,42308,11,,,0,70,,42309,11,,,0,30,,44429,11,,,0,70,,42311,11,,,0,30,,42312,11,,,0,70,,42313,11,,,0,30,,42314,11,,,0,70,,42315,11,,,0,30,,44430,11,,,0,70,,42317,11,,,0,31,,42318,11,,,0,70,,42319,11,,,0,30,,42320,11,,,0,70,,42321,11,,,0,30,,44431,11,,,0,70,,42323,11,,,0,29,,42324,11,,,0,70,,42325,11,,,0,30,,42326,11,,,0,90,,44426,11,,,0,98,,35868,11,,,0,100,,44425,11,,,0,100,,44427,11,,,0
6029,'1866',616,,44433,11,,,0,30,,35898,11,,,0,65,,44450,11,,,0,30,,35922,11,,,0,70,,44434,11,,,0,30,,44444,11,,,0,70,,44451,11,,,0,30,,44457,11,,,0,71,,44443,11,,,0,30,,44456,11,,,0,70,,44442,11,,,0,30,,44448,11,,,0,70,,44441,11,,,0,30,,44455,11,,,0,70,,44440,11,,,0,30,,44447,11,,,0,70,,44439,11,,,0,30,,44454,11,,,0,70,,44438,11,,,0,30,,44446,11,,,0,70,,44437,11,,,0,30,,44453,11,,,0,70,,44436,11,,,0,30,,44445,11,,,0,70,,44435,11,,,0,30,,44452,11,,,0,69,,44432,11,0,5 2 6 7,0,100,,35921,11,0,5 2 6 7,0,100,,44449,11,0,5 2 6 7,0
6029,'1867',839,,35935,11,0,5 2 6 7,0,100,,44460,11,0,5 2 6 7,0,100,,44468,11,0,5 2 6 7,0,100,,44458,11,0,5 2 6 7,0,102,,44467,11,0,5 2 6 7,0,100,,44463,11,0,5 2 6 7,0,100,,44466,11,0,5 2 6 7,0,100,,44461,11,0,5 2 6 7,0,100,,44465,11,0,5 2 6 7,0,100,,44462,11,0,5 2 6 7,0,98,,44464,11,0,5 2 6 7,0,100,,44459,11,0,5 2 6 7,0
6029,'1873',646,,29200,11,,,0,95,,29224,11,,,0,1270,,29223,11,0,5 2 6 7,0
6029,'1878',839,,29237,11,0,5 2 6 7,0
6029,'1881',921,,42334,11,,,0,130,,42337,11,,,0,300,,42343,11,,,0,301,,42349,11,,,0,289,,35840,11,,,0,198,,42327,11,,,0,100,,42328,11,,,0
6029,'1882',620,,29272,11,,,0,30,,42329,11,,,0,72,,42330,11,,,0,30,,42331,11,,,0,70,,42332,11,,,0,30,,42333,11,,,0,99,,42335,11,,,0,70,,42336,11,,,0,100,,42338,11,,,0,30,,42339,11,,,0,70,,42340,11,,,0,30,,42341,11,,,0,70,,42342,11,,,0,100,,42344,11,,,0,31,,42345,11,,,0,70,,42346,11,,,0,30,,42347,11,,,0,70,,42348,11,,,0,100,,42350,11,,,0,29,,42351,11,,,0,70,,42352,11,,,0,30,,42353,11,,,0,188,,29271,11,,,0
6029,'1886',921,,44472,11,,,0,130,,44473,11,,,0,300,,44474,11,,,0,301,,44475,11,,,0,289,,44470,11,,,0,198,,44469,11,,,0,100,,44471,11,,,0
6029,'1887',616,,44477,11,,,0,95,,44494,11,,,0,100,,44478,11,,,0,30,,44488,11,,,0,70,,44495,11,,,0,30,,44501,11,,,0,71,,44487,11,,,0,30,,44500,11,,,0,70,,44486,11,,,0,30,,44492,11,,,0,70,,44485,11,,,0,30,,44499,11,,,0,70,,44484,11,,,0,30,,44491,11,,,0,70,,44483,11,,,0,30,,44498,11,,,0,70,,44482,11,,,0,30,,44490,11,,,0,70,,44481,11,,,0,30,,44497,11,,,0,70,,44480,11,,,0,30,,44489,11,,,0,70,,44479,11,,,0,30,,44496,11,,,0,69,,44476,11,0,5 2 6 7,0,200,,44493,11,0,5 2 6 7,0
6029,'1888',939,,44504,11,0,5 2 6 7,0,100,,44512,11,0,5 2 6 7,0,100,,44502,11,0,5 2 6 7,0,102,,44511,11,0,5 2 6 7,0,100,,44507,11,0,5 2 6 7,0,100,,44510,11,0,5 2 6 7,0,100,,44505,11,0,5 2 6 7,0,100,,44509,11,0,5 2 6 7,0,100,,44506,11,0,5 2 6 7,0,98,,44508,11,0,5 2 6 7,0,100,,44503,11,0,5 2 6 7,0
