15029,'1838',738,,36977,55,,,0,98,,45082,55,,,0,101,,36974,55,,,0,100,,36975,55,,,0,102,,45083,55,,,0,100,,36972,55,,,0,100,,36969,55,,,0,102,,45081,55,,,0,100,,36971,55,,,0,99,,36968,55,,,0,99,,45080,55,,,0,99,,36966,55,,,0,100,,36967,55,,,0,100,,45079,55,,,0
15029,'1865',615,,45084,15,,,0,20,,45085,15,,,0,71,,36995,55,,,0,30,,36996,55,,,0,74,,36997,55,,,0,30,,45086,55,,,0,73,,36999,55,,,0,30,,37000,55,,,0,65,,37001,55,,,0,30,,37002,55,,,0,70,,37003,55,,,0,30,,45087,55,,,0,70,,45088,55,,,0,30,,42575,55,,,0,70,,45089,55,,,0,30,,45090,55,,,0,70,,42576,55,,,0,32,,37010,55,,,0,73,,45091,55,,,0,35,,37012,55,,,0,72,,37013,55,,,0,29,,45092,55,,,0,67,,45093,55,,,0,23,,37016,55,,,0,69,,37017,55,,,0,29,,37018,55,,,0,67,,45094,55,,,0,30,,37020,55,,,0,70,,45095,55,,,0,30,,45096,55,,,0,70,,37023,55,,,0,99,,45098,55,,,0,97,,45097,55,,,0
15029,'1866',610,,45099,15,,,0,133,,37029,55,,,0,93,,37030,55,,,0,100,,45100,55,,,0,100,,37032,55,,,0,102,,37033,55,,,0,100,,45101,55,,,0,100,,37035,55,,,0,105,,37036,55,,,0,100,,45102,55,,,0,98,,37038,55,,,0,98,,37039,55,,,0,99,,45103,55,,,0,100,,37026,55,,,0,100,,37027,55,,,0
15029,'1867',738,,37054,55,,,0,98,,45107,55,,,0,101,,37051,55,,,0,100,,37052,55,,,0,102,,45108,55,,,0,100,,37049,55,,,0,100,,37046,55,,,0,102,,45106,55,,,0,100,,37048,55,,,0,99,,37045,55,,,0,99,,45105,55,,,0,99,,37043,55,,,0,100,,37044,55,,,0,100,,45104,55,,,0
15029,'1873',743,,30423,55,,,0,93,,30424,55,,,0,200,,30426,55,,,0,102,,30427,55,,,0,200,,30429,55,,,0,105,,30430,55,,,0,198,,30432,55,,,0,98,,30433,55,,,0,199,,30420,55,,,0,100,,30421,55,,,0
15029,'1878',738,,30448,55,,,0,199,,30445,55,,,0,100,,30446,55,,,0,202,,30443,55,,,0,100,,30440,55,,,0,202,,30442,55,,,0,99,,30439,55,,,0,198,,30437,55,,,0,100,,30438,55,,,0
15029,'1881',615,,30482,15,,,0,20,,36978,15,,,0,205,,36979,55,,,0,298,,36980,55,,,0,70,,36981,55,,,0,100,,36983,55,,,0,30,,36984,55,,,0,175,,36986,55,,,0,136,,36987,55,,,0,67,,36988,55,,,0,188,,30508,55,,,0,100,,36989,55,,,0,30,,42580,55,,,0,169,,36992,55,,,0,97,,36991,55,,,0
15029,'1882',706,,30484,55,,,0,30,,30485,55,,,0,74,,30486,55,,,0,103,,30488,55,,,0,30,,30489,55,,,0,65,,30490,55,,,0,30,,30491,55,,,0,70,,30492,55,,,0,130,,42578,55,,,0,170,,42579,55,,,0,32,,30499,55,,,0,108,,30501,55,,,0,72,,30502,55,,,0,119,,30505,55,,,0,69,,30506,55,,,0,29,,30507,55,,,0,97,,30509,55,,,0,170,,30512,55,,,0
15029,'1886',615,,45109,15,,,0,20,,45110,15,,,0,205,,45111,55,,,0,298,,45112,55,,,0,70,,45113,55,,,0,100,,45114,55,,,0,30,,45115,55,,,0,175,,45116,55,,,0,136,,45117,55,,,0,67,,45118,55,,,0,188,,45119,55,,,0,100,,45120,55,,,0,30,,45121,55,,,0,169,,45123,55,,,0,97,,45122,55,,,0
15029,'1887',610,,45124,15,,,0,326,,45125,55,,,0,302,,45126,55,,,0,305,,45127,55,,,0,295,,45128,55,,,0
15029,'1888',836,,45132,55,,,0,303,,45133,55,,,0,302,,45131,55,,,0,298,,45130,55,,,0,299,,45129,55,,,0
