6029,'1829',701,,20126,23,,,0,33,,20127,23,,,0,70,,20128,23,,,0,30,,20129,23,,,0,70,,20130,23,,,0,98,,20132,23,,,0,30,,20133,23,,,0,170,,20136,23,,,0,30,,20137,23,,,0,70,,20138,23,,,0,30,,20139,23,,,0,70,,20140,23,,,0,30,,20141,23,,,0,73,,20142,23,,,0,30,,20143,23,,,0,70,,20144,23,,,0,226,,20149,23,,,0,70,,20150,23,,,0
6029,'1831',627,,20152,23,,,0,30,,20154,23,,,0,65,,20170,23,,,0,30,,20178,23,,,0,70,,20153,23,,,0,100,,20171,23,,,0,131,,20176,23,,,0,70,,20162,23,,,0,130,,20175,23,,,0,70,,20160,23,,,0,30,,20167,23,,,0,170,,20158,23,,,0,30,,20166,23,,,0,170,,20156,23,,,0,30,,20165,23,,,0,70,,20155,23,,,0
6029,'1835',630,,25230,23,,,0,302,,25231,23,,,0,170,,25232,23,,,0,30,,25233,23,,,0,503,,25234,23,,,0,70,,25235,23,,,0,29,,25236,23,,,0,67,,25237,23,,,0,150,,25227,23,,,0,98,,25229,23,,,0,100,,25226,23,,,0,100,,25228,23,,,0
6029,'1836',852,,25242,23,,,0,100,,25249,23,,,0,71,,25241,23,,,0,130,,25243,23,,,0,70,,25240,23,,,0,200,,25239,23,,,0,30,,25247,23,,,0,170,,25238,23,,,0,30,,25246,23,,,0,200,,25245,23,,,0
502029,'1799',942,,23165,10,,,0,115,,23176,10,,,0,85,,23163,10,,,0,200,,23161,10,,,0,201,,23159,10,,,0,199,,23157,10,,,0,15,,23171,10,,,0,185,,23155,10,,,0,70,,23143,10,,,0,30,,23154,10,,,0,70,,23144,10,,,0,30,,23152,10,,,0,68,,23149,10,,,0,30,,23153,10,,,0,70,,23146,10,,,0
502029,'1800',617,,26740,10,,,0,28,,26726,10,,,0,65,,26735,10,,,0,30,,26747,10,,,0,70,,26737,10,,,0,30,,26746,10,,,0,72,,26736,10,,,0,30,,23215,10,,,0,70,,26727,10,,,0,30,,26745,10,,,0,15,,23226,10,,,0,55,,26728,10,,,0,15,,26756,10,,,0,15,,23213,10,,,0,15,,26759,10,,,0,55,,26729,10,,,0,15,,26750,10,,,0,15,,26744,10,,,0,15,,26752,10,,,0,55,,26730,10,,,0,15,,26754,10,,,0,15,,23211,10,,,0,15,,26757,10,,,0,56,,26731,10,,,0,15,,26758,10,,,0,15,,26743,10,,,0,15,,26749,10,,,0,55,,26732,10,,,0,15,,26751,10,,,0,15,,23209,10,,,0,15,,26753,10,,,0,54,,26733,10,,,0,15,,26755,10,,,0,15,,26742,10,,,0,15,,26760,10,,,0,55,,26734,10,,,0,15,,26748,10,,,0,15,,23207,10,,,0,15,,23221,10,,,0,55,,26739,10,,,0,30,,26741,10,,,0,70,,26738,10,,,0,30,,23205,10,,,0,70,,23193,10,,,0,30,,23204,10,,,0,70,,23194,10,,,0,30,,23202,10,,,0,68,,23199,10,,,0,30,,23203,10,,,0,70,,23196,10,,,0
502029,'1829',556,,22959,10,,,0,71,,22961,10,,,0,31,,22964,10,,,0,65,,22966,10,,,0,13,,22967,10,,,0,6,,22968,10,,,0,58,,22970,10,,,0,12,,22972,10,,,0,24,,22974,10,,,0,77,,22977,10,,,0,14,,22978,10,,,0,100,,22982,10,,,0,31,,22984,10,,,0,156,,22989,10,,,0,30,,22991,10,,,0,256,,23000,10,,,0,106,,23005,10,,,0,535,,23024,10,,,0,100,,23026,10,,,0
502029,'1831',645,,23043,10,,,0,70,,23035,10,,,0,30,,23044,10,,,0,65,,23034,10,,,0,30,,23045,10,,,0,72,,23033,10,,,0,30,,23046,10,,,0,70,,23073,10,,,0,130,,23066,10,,,0,70,,23075,10,,,0,30,,23067,10,,,0,171,,23077,10,,,0,30,,23069,10,,,0,169,,23079,10,,,0,30,,23071,10,,,0,70,,23080,10,,,0,45,,23055,10,,,0,85,,23039,10,,,0,100,,23040,10,,,0,100,,23041,10,,,0,100,,23037,10,,,0,98,,23042,10,,,0
502029,'1832',617,,23101,10,,,0,28,,23083,10,,,0,65,,23092,10,,,0,30,,23117,10,,,0,70,,23097,10,,,0,30,,23116,10,,,0,72,,23095,10,,,0,100,,23084,10,,,0,30,,23114,10,,,0,70,,23085,10,,,0,15,,23128,10,,,0,30,,23131,10,,,0,55,,23086,10,,,0,15,,23120,10,,,0,15,,23112,10,,,0,15,,23123,10,,,0,55,,23087,10,,,0,15,,23125,10,,,0,30,,23129,10,,,0,56,,23088,10,,,0,15,,23130,10,,,0,15,,23110,10,,,0,15,,23119,10,,,0,55,,23089,10,,,0,15,,23122,10,,,0,30,,23124,10,,,0,54,,23090,10,,,0,15,,23127,10,,,0,15,,23108,10,,,0,15,,23132,10,,,0,55,,23091,10,,,0,15,,23118,10,,,0,85,,23100,10,,,0,30,,23106,10,,,0,70,,23098,10,,,0
502029,'1833',942,,23115,10,,,0,115,,23126,10,,,0,85,,23113,10,,,0,200,,23111,10,,,0,201,,23109,10,,,0,199,,23107,10,,,0,15,,23121,10,,,0,185,,23105,10,,,0,70,,23093,10,,,0,30,,23104,10,,,0,70,,23094,10,,,0,30,,23102,10,,,0,68,,23099,10,,,0,30,,23103,10,,,0,70,,23096,10,,,0
502029,'1834',617,,23151,10,,,0,28,,23133,10,,,0,65,,23142,10,,,0,30,,23167,10,,,0,70,,23147,10,,,0,30,,23166,10,,,0,72,,23145,10,,,0,100,,23134,10,,,0,30,,23164,10,,,0,70,,23135,10,,,0,15,,23178,10,,,0,30,,23181,10,,,0,55,,23136,10,,,0,15,,23170,10,,,0,15,,23162,10,,,0,15,,23173,10,,,0,55,,23137,10,,,0,15,,23175,10,,,0,30,,23179,10,,,0,56,,23138,10,,,0,15,,23180,10,,,0,15,,23160,10,,,0,15,,23169,10,,,0,55,,23139,10,,,0,15,,23172,10,,,0,30,,23174,10,,,0,54,,23140,10,,,0,15,,23177,10,,,0,15,,23158,10,,,0,15,,23182,10,,,0,55,,23141,10,,,0,15,,23168,10,,,0,85,,23150,10,,,0,30,,23156,10,,,0,70,,23148,10,,,0
502029,'1835',541,,26761,10,,,0,70,,26762,10,,,0,23,,26763,10,,,0,8,,26764,10,,,0,69,,26765,10,,,0,37,,26766,10,,,0,58,,26767,10,,,0,18,,26768,10,,,0,24,,26769,10,,,0,11,,26770,10,,,0,83,,26771,10,,,0,15,,26772,10,,,0,55,,26773,10,,,0,31,,26774,10,,,0,70,,26775,10,,,0,16,,26776,10,,,0,15,,26777,10,,,0,15,,26778,10,,,0,70,,26779,10,,,0,30,,26780,10,,,0,55,,26781,10,,,0,15,,26782,10,,,0,15,,26783,10,,,0,15,,26784,10,,,0,55,,26785,10,,,0,15,,26786,10,,,0,16,,26787,10,,,0,70,,26788,10,,,0,15,,26789,10,,,0,12,,26790,10,,,0,12,,26791,10,,,0,64,,26792,10,,,0,11,,26793,10,,,0,12,,26794,10,,,0,12,,26795,10,,,0,52,,26796,10,,,0,12,,26797,10,,,0,11,,26798,10,,,0,12,,26799,10,,,0,12,,26800,10,,,0,51,,26801,10,,,0,12,,26802,10,,,0,12,,26803,10,,,0,15,,26804,10,,,0,15,,26812,10,,,0,55,,26805,10,,,0,29,,26806,10,,,0,70,,26807,10,,,0,30,,26808,10,,,0,70,,26809,10,,,0,100,,26810,10,,,0,100,,26811,10,,,0
502029,'1836',615,,26817,10,,,0,15,,26844,10,,,0,327,,26819,10,,,0,70,,26827,10,,,0,15,,26836,10,,,0,15,,26820,10,,,0,55,,26840,10,,,0,15,,26828,10,,,0,30,,26821,10,,,0,70,,26829,10,,,0,30,,26822,10,,,0,55,,26841,10,,,0,15,,26830,10,,,0,15,,26837,10,,,0,15,,26823,10,,,0,71,,26831,10,,,0,30,,26824,10,,,0,55,,26842,10,,,0,15,,26832,10,,,0,15,,26838,10,,,0,15,,26825,10,,,0,69,,26833,10,,,0,30,,26826,10,,,0,70,,26834,10,,,0,15,,26818,10,,,0,70,,26839,10,,,0,15,,26835,10,,,0,30,,26843,10,,,0,155,,26816,10,,,0,100,,26815,10,,,0,98,,26814,10,,,0,100,,26813,10,,,0
502029,'1837',617,,26859,10,,,0,28,,26845,10,,,0,65,,26854,10,,,0,30,,26866,10,,,0,70,,26856,10,,,0,30,,26865,10,,,0,72,,26855,10,,,0,100,,26846,10,,,0,30,,26864,10,,,0,70,,26847,10,,,0,15,,26875,10,,,0,30,,26878,10,,,0,55,,26848,10,,,0,15,,26869,10,,,0,15,,26863,10,,,0,15,,26871,10,,,0,55,,26849,10,,,0,15,,26873,10,,,0,30,,26876,10,,,0,56,,26850,10,,,0,15,,26877,10,,,0,15,,26862,10,,,0,15,,26868,10,,,0,55,,26851,10,,,0,15,,26870,10,,,0,30,,26872,10,,,0,54,,26852,10,,,0,15,,26874,10,,,0,15,,26861,10,,,0,15,,26879,10,,,0,55,,26853,10,,,0,15,,26867,10,,,0,85,,26858,10,,,0,30,,26860,10,,,0,70,,26857,10,,,0
502029,'1838',617,,26894,10,,,0,28,,26880,10,,,0,65,,26889,10,,,0,30,,26901,10,,,0,70,,26891,10,,,0,30,,26900,10,,,0,72,,26890,10,,,0,100,,26881,10,,,0,30,,26899,10,,,0,70,,26882,10,,,0,15,,26910,10,,,0,30,,26913,10,,,0,55,,26883,10,,,0,15,,26904,10,,,0,15,,26898,10,,,0,15,,26906,10,,,0,55,,26884,10,,,0,15,,26908,10,,,0,30,,26911,10,,,0,56,,26885,10,,,0,15,,26912,10,,,0,15,,26897,10,,,0,15,,26903,10,,,0,55,,26886,10,,,0,15,,26905,10,,,0,30,,26907,10,,,0,54,,26887,10,,,0,15,,26909,10,,,0,15,,26896,10,,,0,15,,26914,10,,,0,55,,26888,10,,,0,15,,26902,10,,,0,85,,26893,10,,,0,30,,26895,10,,,0,70,,26892,10,,,0
