14019,'1838',658,,36775,25,,,0,100,,36776,25,,,0,142,,42532,25,,,0,100,,42533,25,,,0,100,,36766,25,,,0,101,,42534,25,,,0,100,,42535,25,,,0,101,,36769,25,,,0,100,,42536,25,,,0,100,,42537,25,,,0,98,,36772,25,,,0,100,,36773,25,,,0,100,,42538,25,,,0,58,,42531,25,,,0,95,,36762,25,,,0
14019,'1857',533,,30271,25,,,0,100,,30270,25,,,0,80,,30241,25,,,0,30,,30254,25,,,0,69,,30242,25,,,0,23,,30255,25,,,0,70,,30243,25,,,0,30,,30256,25,,,0,70,,30244,25,,,0,200,,30246,25,,,0,30,,30259,25,,,0,70,,30247,25,,,0,30,,36803,25,,,0,70,,36796,25,,,0,101,,36797,25,,,0,112,,36798,25,,,0,30,,30263,25,,,0,68,,36799,25,,,0,30,,36806,25,,,0,70,,30252,25,,,0,89,,36800,25,,,0,30,,30266,25,,,0,70,,36809,25,,,0,29,,36808,25,,,0,92,,30268,25,,,0,100,,30269,25,,,0
14019,'1865',533,,36840,25,,,0,100,,36839,25,,,0,80,,36810,25,,,0,30,,36823,25,,,0,69,,36811,25,,,0,23,,36824,25,,,0,70,,36812,25,,,0,30,,36825,25,,,0,70,,36813,25,,,0,30,,42540,25,,,0,70,,42539,25,,,0,30,,42541,25,,,0,70,,36815,25,,,0,30,,36828,25,,,0,70,,36816,25,,,0,30,,36829,25,,,0,70,,36817,25,,,0,30,,42542,25,,,0,71,,36818,25,,,0,32,,42543,25,,,0,80,,36819,25,,,0,30,,36832,25,,,0,68,,36820,25,,,0,30,,36833,25,,,0,70,,36821,25,,,0,19,,42544,25,,,0,70,,36822,25,,,0,30,,36835,25,,,0,70,,36841,25,,,0,29,,36836,25,,,0,92,,36837,25,,,0,100,,36838,25,,,0
14019,'1866',658,,36842,25,,,0,100,,36843,25,,,0,142,,36844,25,,,0,100,,36845,25,,,0,100,,36846,25,,,0,101,,36847,25,,,0,100,,36848,25,,,0,101,,36849,25,,,0,100,,36850,25,,,0,100,,36851,25,,,0,98,,36852,25,,,0,100,,36853,25,,,0,100,,36854,25,,,0,58,,36855,25,,,0,100,,36856,25,,,0,95,,36857,25,,,0,100,,42545,25,,,0
14019,'1867',658,,36872,25,,,0,100,,36873,25,,,0,142,,42547,25,,,0,100,,42548,25,,,0,100,,36863,25,,,0,101,,42549,25,,,0,100,,42550,25,,,0,101,,36866,25,,,0,100,,42551,25,,,0,100,,42552,25,,,0,98,,36869,25,,,0,100,,36870,25,,,0,100,,42553,25,,,0,58,,42546,25,,,0,95,,36859,25,,,0
14019,'1871',1035,,36801,25,,,0,70,,36795,25,,,0,30,,36802,25,,,0,300,,36804,25,,,0,103,,36805,25,,,0,297,,36807,25,,,0
14019,'1873',658,,36777,25,,,0,100,,30178,25,,,0,142,,30179,25,,,0,100,,36778,25,,,0,100,,36779,25,,,0,101,,36780,25,,,0,100,,30183,25,,,0,101,,36781,25,,,0,100,,30185,25,,,0,100,,30186,25,,,0,98,,36782,25,,,0,100,,36783,25,,,0,100,,36784,25,,,0,58,,36785,25,,,0,100,,30191,25,,,0,95,,30192,25,,,0
14019,'1874',900,,36788,25,,,0,100,,36789,25,,,0,201,,36790,25,,,0,100,,36791,25,,,0,201,,36792,25,,,0,100,,36793,25,,,0,298,,36794,25,,,0,58,,36787,25,,,0
14019,'1875',658,,30207,25,,,0,100,,30208,25,,,0,342,,30198,25,,,0,302,,30201,25,,,0,298,,30204,25,,,0,100,,30205,25,,,0,253,,30194,25,,,0
14019,'1876',1035,,42555,25,,,0,70,,42554,25,,,0,30,,42556,25,,,0,300,,42557,25,,,0,103,,42558,25,,,0,297,,42559,25,,,0
14019,'1877',2253,,42560,25,,,0
14019,'1878',900,,42562,25,,,0,100,,42563,25,,,0,201,,42564,25,,,0,100,,42565,25,,,0,201,,42566,25,,,0,100,,42567,25,,,0,298,,42568,25,,,0,58,,42561,25,,,0
