16019,'1799',952,,21266,13,,,0,700,,21255,13,,,0,399,,21258,13,,,0
16019,'1800',751,,25891,13,,,0,101,,25893,13,,,0,100,,21281,13,,,0,100,,25901,13,,,0,100,,25892,13,,,0,100,,25894,13,,,0,100,,25895,13,,,0,100,,25898,13,,,0,100,,25897,13,,,0,100,,21270,13,,,0,100,,25899,13,,,0,100,,25900,13,,,0,99,,25896,13,,,0,100,,21273,13,,,0,100,,25902,13,,,0
16019,'1829',622,,21176,13,,,0,30,,21177,13,,,0,70,,21178,13,,,0,30,,21179,13,,,0,70,,21180,13,,,0,30,,21181,13,,,0,70,,21182,13,,,0,100,,21184,13,,,0,30,,21185,13,,,0,170,,21188,13,,,0,30,,21189,13,,,0,70,,21190,13,,,0,30,,21191,13,,,0,70,,21192,13,,,0,30,,21193,13,,,0,70,,21194,13,,,0,30,,21195,13,,,0,70,,21196,13,,,0,230,,21201,13,,,0,70,,21202,13,,,0,130,,21205,13,,,0,170,,21175,13,,,0
16019,'1831',621,,21229,13,,,0,30,,21225,13,,,0,70,,21233,13,,,0,30,,21217,13,,,0,71,,21231,13,,,0,30,,21212,13,,,0,70,,21210,13,,,0,30,,21207,13,,,0,70,,21218,13,,,0,30,,21228,13,,,0,70,,21222,13,,,0,30,,21230,13,,,0,70,,21214,13,,,0,30,,21232,13,,,0,70,,21209,13,,,0,30,,21220,13,,,0,70,,21219,13,,,0,30,,21223,13,,,0,70,,21224,13,,,0,30,,21208,13,,,0,70,,21216,13,,,0,30,,21226,13,,,0,70,,21211,13,,,0,30,,21215,13,,,0,70,,21221,13,,,0,30,,21235,13,,,0,70,,21227,13,,,0,29,,21234,13,,,0,70,,21213,13,,,0,30,,21237,13,,,0,100,,21236,13,,,0,70,,21206,13,,,0
16019,'1832',751,,21238,13,,,0,101,,21241,13,,,0,200,,21250,13,,,0,100,,21239,13,,,0,100,,21242,13,,,0,100,,21244,13,,,0,100,,21247,13,,,0,100,,21246,13,,,0,200,,21248,13,,,0,100,,21249,13,,,0,99,,21245,13,,,0,200,,21252,13,,,0
16019,'1833',952,,21251,13,,,0,700,,21240,13,,,0,399,,21243,13,,,0
16019,'1834',751,,21253,13,,,0,101,,21256,13,,,0,200,,21265,13,,,0,100,,21254,13,,,0,100,,21257,13,,,0,100,,21259,13,,,0,100,,21262,13,,,0,100,,21261,13,,,0,200,,21263,13,,,0,100,,21264,13,,,0,99,,21260,13,,,0,200,,21267,13,,,0
16019,'1835',952,,25905,13,,,0,170,,25906,13,,,0,30,,25907,13,,,0,500,,25908,13,,,0,70,,25909,13,,,0,30,,25910,13,,,0,70,,25911,13,,,0,130,,25912,13,,,0,70,,25913,13,,,0,100,,25903,13,,,0,30,,25904,13,,,0
16019,'1837',751,,25914,13,,,0,101,,25916,13,,,0,200,,25924,13,,,0,100,,25915,13,,,0,100,,25917,13,,,0,100,,25918,13,,,0,100,,25921,13,,,0,100,,25920,13,,,0,200,,25922,13,,,0,100,,25923,13,,,0,99,,25919,13,,,0,200,,25925,13,,,0
16019,'1838',751,,25926,13,,,0,101,,25928,13,,,0,200,,25936,13,,,0,100,,25927,13,,,0,100,,25929,13,,,0,100,,25930,13,,,0,100,,25933,13,,,0,100,,25932,13,,,0,200,,25934,13,,,0,100,,25935,13,,,0,99,,25931,13,,,0,200,,25937,13,,,0
