501029,'1799',716,,22696,11,,,0,100,,22695,11,,,0,100,,22698,11,,,0,191,,22718,11,,,0,45,,22676,11,,,0,155,,22713,11,,,0,45,,22671,11,,,0,155,,22709,11,,,0,46,,22669,11,,,0,155,,22705,11,,,0,44,,22672,11,,,0,184,,22715,11,,,0,10,,22681,11,,,0,299,,22678,11,,,0,95,,22677,11,,,0
501029,'1800',646,,26431,11,,,0,70,,22750,11,,,0,30,,26430,11,,,0,70,,22749,11,,,0,30,,26429,11,,,0,70,,22752,11,,,0,31,,26432,11,,,0,75,,26440,11,,,0,15,,26453,11,,,0,15,,26425,11,,,0,55,,22772,11,,,0,15,,26433,11,,,0,15,,26457,11,,,0,15,,22730,11,,,0,55,,26448,11,,,0,15,,26434,11,,,0,15,,26450,11,,,0,15,,26422,11,,,0,55,,22767,11,,,0,15,,26439,11,,,0,15,,26454,11,,,0,15,,22725,11,,,0,55,,26458,11,,,0,15,,26438,11,,,0,15,,26447,11,,,0,15,,26423,11,,,0,55,,22763,11,,,0,15,,26436,11,,,0,16,,26452,11,,,0,15,,22723,11,,,0,55,,26455,11,,,0,15,,26435,11,,,0,15,,26456,11,,,0,15,,26424,11,,,0,55,,22759,11,,,0,14,,26437,11,,,0,15,,26449,11,,,0,15,,22726,11,,,0,55,,26451,11,,,0,15,,26443,11,,,0,30,,26428,11,,,0,69,,26446,11,,,0,15,,22769,11,,,0,10,,22735,11,,,0,69,,26442,11,,,0,30,,26427,11,,,0,70,,26444,11,,,0,30,,26426,11,,,0,70,,26445,11,,,0,30,,22732,11,,,0,70,,26441,11,,,0,25,,22731,11,,,0
501029,'1829',550,,22484,11,,,0,98,,22485,11,,,0,10,,22551,11,,,0,152,,22490,11,,,0,46,,22494,11,,,0,66,,22496,11,,,0,15,,22497,11,,,0,85,,22500,11,,,0,30,,22502,11,,,0,86,,22505,11,,,0,70,,22507,11,,,0,45,,22510,11,,,0,100,,22514,11,,,0,56,,22515,11,,,0,16,,22516,11,,,0,31,,22482,11,,,0,55,,22483,11,,,0,12,,22518,11,,,0,124,,22525,11,,,0,11,,22526,11,,,0,97,,22531,11,,,0,267,,22541,11,,,0
501029,'1831',1052,,22580,11,,,0,55,,22589,11,,,0,30,,22598,11,,,0,70,,22590,11,,,0,15,,22607,11,,,0,30,,22582,11,,,0,85,,22600,11,,,0,70,,22592,11,,,0,15,,22609,11,,,0,30,,22584,11,,,0,70,,22610,11,,,0,16,,22602,11,,,0,70,,22594,11,,,0,30,,22603,11,,,0,15,,22586,11,,,0,69,,22588,11,,,0,85,,22596,11,,,0,30,,22579,11,,,0,15,,22561,11,,,0,69,,22578,11,,,0,30,,22560,11,,,0,69,,22575,11,,,0,25,,22559,11,,,0,70,,22576,11,,,0,30,,22558,11,,,0,70,,22574,11,,,0,30,,22557,11,,,0,70,,22573,11,,,0,25,,22556,11,,,0
501029,'1832',646,,22631,11,,,0,100,,22630,11,,,0,100,,22629,11,,,0,101,,22632,11,,,0,75,,22640,11,,,0,15,,22660,11,,,0,15,,22621,11,,,0,70,,22633,11,,,0,15,,22666,11,,,0,70,,22653,11,,,0,15,,22634,11,,,0,15,,22656,11,,,0,15,,22616,11,,,0,70,,22639,11,,,0,15,,22662,11,,,0,70,,22667,11,,,0,15,,22638,11,,,0,15,,22652,11,,,0,15,,22619,11,,,0,70,,22636,11,,,0,16,,22658,11,,,0,70,,22663,11,,,0,15,,22635,11,,,0,15,,22665,11,,,0,15,,22620,11,,,0,69,,22637,11,,,0,15,,22654,11,,,0,70,,22657,11,,,0,15,,22647,11,,,0,30,,22628,11,,,0,69,,22650,11,,,0,94,,22646,11,,,0,30,,22626,11,,,0,70,,22648,11,,,0,30,,22625,11,,,0,70,,22649,11,,,0,100,,22645,11,,,0
501029,'1833',716,,22642,11,,,0,100,,22641,11,,,0,100,,22644,11,,,0,191,,22664,11,,,0,45,,22622,11,,,0,155,,22659,11,,,0,45,,22617,11,,,0,155,,22655,11,,,0,46,,22615,11,,,0,155,,22651,11,,,0,44,,22618,11,,,0,184,,22661,11,,,0,10,,22627,11,,,0,299,,22624,11,,,0,95,,22623,11,,,0
501029,'1834',646,,22685,11,,,0,100,,22684,11,,,0,100,,22683,11,,,0,101,,22686,11,,,0,75,,22694,11,,,0,15,,22714,11,,,0,15,,22675,11,,,0,70,,22687,11,,,0,15,,22720,11,,,0,70,,22707,11,,,0,15,,22688,11,,,0,15,,22710,11,,,0,15,,22670,11,,,0,70,,22693,11,,,0,15,,22716,11,,,0,70,,22721,11,,,0,15,,22692,11,,,0,15,,22706,11,,,0,15,,22673,11,,,0,70,,22690,11,,,0,16,,22712,11,,,0,70,,22717,11,,,0,15,,22689,11,,,0,15,,22719,11,,,0,15,,22674,11,,,0,69,,22691,11,,,0,15,,22708,11,,,0,70,,22711,11,,,0,15,,22701,11,,,0,30,,22682,11,,,0,69,,22704,11,,,0,94,,22700,11,,,0,30,,22680,11,,,0,70,,22702,11,,,0,30,,22679,11,,,0,70,,22703,11,,,0,100,,22699,11,,,0
501029,'1835',708,,26459,11,,,0,10,,26460,11,,,0,20,,26461,11,,,0,15,,26462,11,,,0,69,,26463,11,,,0,13,,26464,11,,,0,5,,26506,11,,,0,5,,26465,11,,,0,65,,26466,11,,,0,42,,26467,11,,,0,55,,26468,11,,,0,30,,26469,11,,,0,70,,26470,11,,,0,16,,26471,11,,,0,30,,26472,11,,,0,70,,26473,11,,,0,15,,26474,11,,,0,70,,26475,11,,,0,15,,26476,11,,,0,15,,26477,11,,,0,102,,26478,11,,,0,89,,26505,11,,,0,6,,26479,11,,,0,12,,26480,11,,,0,12,,26481,11,,,0,52,,26482,11,,,0,12,,26483,11,,,0,6,,26507,11,,,0,6,,26484,11,,,0,74,,26485,11,,,0,12,,26486,11,,,0,11,,26487,11,,,0,11,,26488,11,,,0,64,,26489,11,,,0,12,,26490,11,,,0,12,,26491,11,,,0,12,,26492,11,,,0,12,,26493,11,,,0,52,,26494,11,,,0,15,,26495,11,,,0,15,,26496,11,,,0,15,,26497,11,,,0,100,,26498,11,,,0,68,,26499,11,,,0,25,,26500,11,,,0,70,,26501,11,,,0,30,,26502,11,,,0,70,,26503,11,,,0,26,,26504,11,,,0
501029,'1836',646,,26513,11,,,0,75,,26518,11,,,0,15,,26533,11,,,0,15,,26512,11,,,0,70,,26519,11,,,0,30,,26511,11,,,0,70,,26517,11,,,0,31,,26510,11,,,0,55,,26509,11,,,0,15,,26516,11,,,0,15,,26515,11,,,0,85,,26534,11,,,0,30,,26522,11,,,0,85,,26530,11,,,0,70,,26526,11,,,0,15,,26535,11,,,0,30,,26523,11,,,0,85,,26531,11,,,0,70,,26527,11,,,0,46,,26524,11,,,0,70,,26536,11,,,0,85,,26528,11,,,0,29,,26532,11,,,0,15,,26525,11,,,0,70,,26521,11,,,0,84,,26529,11,,,0,30,,26537,11,,,0
501029,'1837',646,,26548,11,,,0,100,,26547,11,,,0,100,,26546,11,,,0,101,,26549,11,,,0,75,,26557,11,,,0,15,,26570,11,,,0,15,,26542,11,,,0,70,,26550,11,,,0,15,,26574,11,,,0,70,,26565,11,,,0,15,,26551,11,,,0,15,,26567,11,,,0,15,,26539,11,,,0,70,,26556,11,,,0,15,,26571,11,,,0,70,,26575,11,,,0,15,,26555,11,,,0,15,,26564,11,,,0,15,,26540,11,,,0,70,,26553,11,,,0,16,,26569,11,,,0,70,,26572,11,,,0,15,,26552,11,,,0,15,,26573,11,,,0,15,,26541,11,,,0,69,,26554,11,,,0,15,,26566,11,,,0,70,,26568,11,,,0,15,,26560,11,,,0,30,,26545,11,,,0,69,,26563,11,,,0,94,,26559,11,,,0,30,,26544,11,,,0,70,,26561,11,,,0,30,,26543,11,,,0,70,,26562,11,,,0,100,,26558,11,,,0
501029,'1838',646,,26586,11,,,0,100,,26585,11,,,0,100,,26584,11,,,0,101,,26587,11,,,0,75,,26595,11,,,0,15,,26608,11,,,0,15,,26580,11,,,0,70,,26588,11,,,0,15,,26612,11,,,0,70,,26603,11,,,0,15,,26589,11,,,0,15,,26605,11,,,0,15,,26577,11,,,0,70,,26594,11,,,0,15,,26609,11,,,0,70,,26613,11,,,0,15,,26593,11,,,0,15,,26602,11,,,0,15,,26578,11,,,0,70,,26591,11,,,0,16,,26607,11,,,0,70,,26610,11,,,0,15,,26590,11,,,0,15,,26611,11,,,0,15,,26579,11,,,0,69,,26592,11,,,0,15,,26604,11,,,0,70,,26606,11,,,0,15,,26598,11,,,0,30,,26583,11,,,0,69,,26601,11,,,0,94,,26597,11,,,0,30,,26582,11,,,0,70,,26599,11,,,0,30,,26581,11,,,0,70,,26600,11,,,0,100,,26596,11,,,0
