13019,'1838',802,,36660,7,,,0,100,,44894,7,,,0,100,,36662,7,,,0,101,,36663,7,,,0,100,,36664,7,,,0,100,,44895,7,,,0,100,,36666,7,,,0,100,,36667,7,,,0,100,,36668,7,,,0,99,,36669,7,,,0,100,,36670,7,,,0,100,,36671,7,,,0,100,,42510,7,,,0,100,,44896,7,,,0,100,,42509,7,,,0
13019,'1865',613,,36699,7,,,0,30,,36700,7,,,0,69,,36701,7,,,0,30,,44897,7,,,0,96,,36703,7,,,0,100,,44898,7,,,0,100,,44899,7,,,0,100,,44900,7,,,0,100,,44901,7,,,0,100,,44902,7,,,0,70,,42512,7,,,0,31,,42513,7,,,0,70,,44903,7,,,0,31,,42517,7,,,0,70,,44904,7,,,0,30,,42518,7,,,0,70,,42515,7,,,0,30,,36720,7,,,0,99,,44905,7,,,0,100,,36719,7,,,0,100,,44907,7,,,0,98,,36717,7,,,0,100,,42516,7,,,0
13019,'1866',702,,36723,7,,,0,100,,44908,7,,,0,100,,44909,7,,,0,100,,44910,7,,,0,101,,36727,7,,,0,100,,44911,7,,,0,100,,36729,7,,,0,100,,36730,7,,,0,100,,44912,7,,,0,100,,44913,7,,,0,99,,44914,7,,,0,100,,44915,7,,,0,100,,44916,7,,,0,100,,44917,7,,,0,100,,36737,7,,,0,200,,44918,7,,,0
13019,'1867',802,,36740,7,,,0,100,,44919,7,,,0,100,,36742,7,,,0,101,,36743,7,,,0,100,,36744,7,,,0,100,,44920,7,,,0,100,,36746,7,,,0,100,,36747,7,,,0,100,,36748,7,,,0,99,,36749,7,,,0,100,,36750,7,,,0,100,,36751,7,,,0,100,,42520,7,,,0,100,,44921,7,,,0,100,,42519,7,,,0
13019,'1873',702,,30068,7,,,0,401,,30072,7,,,0,200,,30074,7,,,0,100,,30075,7,,,0,699,,30082,7,,,0
13019,'1878',802,,30085,7,,,0,200,,30087,7,,,0,101,,30088,7,,,0,100,,30089,7,,,0,200,,30091,7,,,0,100,,30092,7,,,0,100,,30093,7,,,0,99,,30094,7,,,0,100,,30095,7,,,0,100,,30096,7,,,0,100,,42530,7,,,0,200,,42529,7,,,0
13019,'1881',742,,30126,7,,,0,196,,30128,7,,,0,100,,42521,7,,,0,100,,30130,7,,,0,100,,36688,7,,,0,100,,36689,7,,,0,171,,30135,7,,,0,101,,42524,7,,,0,229,,36694,7,,,0,200,,30142,7,,,0
13019,'1882',613,,30123,7,,,0,30,,30124,7,,,0,69,,30125,7,,,0,126,,30127,7,,,0,570,,42522,7,,,0,31,,42523,7,,,0,101,,42527,7,,,0,100,,42528,7,,,0,70,,42525,7,,,0,30,,30144,7,,,0,199,,30143,7,,,0,198,,30141,7,,,0,100,,42526,7,,,0
13019,'1886',742,,44922,7,,,0,196,,44923,7,,,0,100,,44924,7,,,0,100,,44925,7,,,0,100,,44926,7,,,0,100,,44927,7,,,0,171,,44928,7,,,0,101,,44929,7,,,0,229,,44930,7,,,0,200,,44932,7,,,0
13019,'1887',802,,44933,7,,,0,100,,44934,7,,,0,100,,44935,7,,,0,201,,44936,7,,,0,300,,44937,7,,,0,100,,44938,7,,,0,99,,44939,7,,,0,100,,44940,7,,,0,100,,44941,7,,,0,100,,44942,7,,,0,300,,44943,7,,,0
13019,'1888',902,,44944,7,,,0,401,,44945,7,,,0,799,,44946,7,,,0
