15019,'1838',728,,45028,34,,,0,100,,36883,34,,,0,100,,36886,34,,,0,101,,45027,34,,,0,100,,36881,34,,,0,100,,36879,34,,,0,101,,45026,34,,,0,100,,36880,34,,,0,100,,36877,34,,,0,99,,45025,34,,,0,100,,36875,34,,,0,100,,36876,34,,,0,100,,45024,34,,,0,99,,36887,34,,,0
15019,'1865',653,,36905,34,,,0,70,,45029,34,,,0,36,,36907,34,,,0,70,,36908,34,,,0,25,,36909,34,,,0,70,,36910,34,,,0,30,,36911,34,,,0,70,,45030,34,,,0,30,,45031,34,,,0,70,,42569,34,,,0,30,,45032,34,,,0,70,,45033,34,,,0,30,,42570,34,,,0,70,,36918,34,,,0,30,,45034,34,,,0,70,,36920,34,,,0,32,,36921,34,,,0,70,,45035,34,,,0,30,,45036,34,,,0,70,,36924,34,,,0,29,,36925,34,,,0,70,,36926,34,,,0,28,,45037,34,,,0,70,,36928,34,,,0,30,,45038,34,,,0,70,,45039,34,,,0,30,,36931,34,,,0,100,,45040,34,,,0,98,,45041,34,,,0,100,,45042,34,0,5 2 6 7,0
15019,'1866',728,,36935,34,,,0,100,,45043,34,,,0,100,,36937,34,,,0,101,,36938,34,,,0,100,,45044,34,,,0,100,,36940,34,,,0,101,,36941,34,,,0,100,,45045,34,,,0,100,,36943,34,,,0,99,,36944,34,,,0,100,,45046,34,,,0,100,,36946,34,,,0,100,,36947,34,,,0,99,,45047,34,,,0
15019,'1867',728,,45053,34,,,0,100,,36959,34,,,0,100,,36962,34,,,0,101,,45052,34,,,0,100,,36957,34,,,0,100,,36955,34,,,0,101,,45051,34,,,0,100,,36956,34,,,0,100,,36953,34,,,0,99,,45050,34,,,0,100,,36951,34,,,0,100,,36952,34,,,0,100,,45049,34,,,0,99,,36963,34,,,0
15019,'1873',728,,30301,34,,,0,200,,30303,34,,,0,101,,30304,34,,,0,200,,30306,34,,,0,101,,30307,34,,,0,200,,30309,34,,,0,99,,30310,34,,,0,200,,30312,34,,,0,100,,30313,34,,,0
15019,'1878',828,,30325,34,,,0,100,,30328,34,,,0,201,,30323,34,,,0,100,,30321,34,,,0,201,,30322,34,,,0,100,,30319,34,,,0,199,,30317,34,,,0,100,,30318,34,,,0,199,,30329,34,,,0
15019,'1881',723,,36889,34,,,0,301,,36890,34,,,0,30,,36891,34,,,0,100,,36893,34,,,0,70,,36894,34,,,0,130,,36896,34,,,0,172,,36897,34,,,0,30,,36898,34,,,0,197,,30384,34,,,0,100,,36899,34,,,0,70,,42574,34,,,0,130,,36901,34,,,0,98,,36902,34,,,0,100,,36903,34,0,5 2 6 7,0
15019,'1882',653,,30362,34,,,0,106,,30364,34,,,0,70,,30365,34,,,0,25,,30366,34,,,0,70,,30367,34,,,0,30,,30368,34,,,0,170,,42572,34,,,0,130,,42573,34,,,0,70,,30375,34,,,0,100,,30377,34,,,0,32,,30378,34,,,0,170,,30381,34,,,0,29,,30382,34,,,0,70,,30383,34,,,0,98,,30385,34,,,0,130,,30388,34,,,0
15019,'1886',723,,45054,34,,,0,301,,45055,34,,,0,30,,45056,34,,,0,100,,45057,34,,,0,70,,45058,34,,,0,130,,45059,34,,,0,172,,45060,34,,,0,30,,45061,34,,,0,197,,45062,34,,,0,100,,45063,34,,,0,70,,45064,34,,,0,130,,45065,34,,,0,98,,45066,34,,,0,100,,45067,34,0,5 2 6 7,0
15019,'1887',828,,45068,34,,,0,301,,45069,34,,,0,301,,45070,34,,,0,299,,45071,34,,,0,299,,45072,34,,,0
15019,'1888',728,,45078,34,,,0,301,,45077,34,,,0,301,,45076,34,,,0,299,,45075,34,,,0,300,,45074,34,,,0
