11029,'1838',816,,36544,11,,,0,100,,42479,11,,,0,104,,42480,11,,,0,100,,36547,11,,,0,100,,42481,11,,,0,100,,42482,11,,,0,100,,36550,11,,,0,100,,42483,11,,,0,100,,42484,11,,,0,98,,36553,11,,,0,100,,36554,11,,,0,99,,42485,11,,,0,100,,42486,11,,,0
11029,'1857',618,,30011,4,,,0,98,,29997,11,,,0,101,,29998,11,,,0,201,,30000,11,,,0,100,,36576,11,,,0,100,,36577,11,,,0,100,,36578,11,,,0,100,,36579,11,,,0,200,,36581,11,,,0,100,,36582,11,,,0,100,,36583,11,,,0,100,,30009,11,,,0,200,,29996,11,,,0
11029,'1865',618,,36600,4,,,0,98,,36586,11,,,0,101,,36587,11,,,0,100,,42487,11,,,0,101,,36589,11,,,0,100,,36590,11,,,0,100,,36591,11,,,0,100,,36592,11,,,0,100,,36593,11,,,0,100,,42488,11,,,0,100,,36595,11,,,0,100,,36596,11,,,0,100,,36597,11,,,0,100,,36598,11,,,0,100,,42489,11,,,0,100,,36585,11,,,0
11029,'1866',618,,36601,4,,,0,98,,36615,11,,,0,100,,36602,11,,,0,100,,36603,11,,,0,104,,36604,11,,,0,100,,36605,11,,,0,100,,36606,11,,,0,100,,36607,11,,,0,100,,36608,11,,,0,100,,36609,11,,,0,100,,36610,11,,,0,98,,36611,11,,,0,100,,36612,11,,,0,99,,36613,11,,,0,100,,36614,11,,,0
11029,'1867',816,,36616,11,,,0,100,,42490,11,,,0,104,,42491,11,,,0,100,,36619,11,,,0,100,,42492,11,,,0,100,,42493,11,,,0,100,,36622,11,,,0,100,,42494,11,,,0,100,,42495,11,,,0,98,,36625,11,,,0,100,,36626,11,,,0,99,,42496,11,,,0,100,,42497,11,,,0
11029,'1871',917,,36575,11,,,0,601,,36580,11,,,0,500,,36584,11,,,0
11029,'1873',618,,36557,4,,,0,98,,36566,11,,,0,100,,29953,11,,,0,100,,29954,11,,,0,104,,36558,11,,,0,100,,36559,11,,,0,100,,36560,11,,,0,100,,29958,11,,,0,100,,36561,11,,,0,100,,29960,11,,,0,100,,29961,11,,,0,98,,36562,11,,,0,100,,36563,11,,,0,99,,36564,11,,,0,100,,36565,11,,,0
11029,'1874',916,,36567,11,,,0,104,,36568,11,,,0,200,,36569,11,,,0,100,,36570,11,,,0,200,,36571,11,,,0,100,,36572,11,,,0,297,,36573,11,,,0,100,,36574,11,,,0
11029,'1875',816,,29967,11,,,0,304,,29970,11,,,0,300,,29973,11,,,0,298,,29976,11,,,0,100,,29977,11,,,0
11029,'1876',917,,42498,11,,,0,601,,42499,11,,,0,500,,42500,11,,,0
11029,'1878',916,,42501,11,,,0,104,,42502,11,,,0,200,,42503,11,,,0,100,,42504,11,,,0,200,,42505,11,,,0,100,,42506,11,,,0,297,,42507,11,,,0,100,,42508,11,,,0
