1019,'1796',534,,19171,6,,,0,70,,19194,6,,,0,30,,19169,6,,,0,70,,19164,6,,,0,30,,19183,6,,,0,71,,19166,6,,,0,30,,19172,6,,,0,70,,19197,6,,,0,30,,19168,6,,,0,70,,19162,6,,,0,30,,19182,6,,,0,70,,19167,6,,,0,30,,19173,6,,,0,70,,19193,6,,,0,30,,19170,6,,,0,70,,19163,6,,,0,30,,19195,6,,,0,70,,19165,6,,,0,30,,19174,6,,,0,70,,19192,6,,,0,30,,19185,6,,,0,70,,19177,6,,,0,30,,19175,6,,,0,70,,19178,6,,,0,30,,19180,6,,,0,70,,19179,6,,,0,29,,19176,6,,,0,70,,19196,6,,,0,30,,19190,6,,,0,70,,19191,6,,,0,30,,19189,6,,,0,70,,19188,6,,,0,30,,19187,6,,,0,70,,19186,6,,,0,30,,19184,6,,,0,70,,19181,6,,,0
1019,'1797',534,,19209,6,,,0,70,,19223,6,,,0,30,,19208,6,,,0,70,,19228,6,,,0,30,,19218,6,,,0,70,,19202,6,,,0,30,,19224,6,,,0,70,,19226,6,,,0,30,,19207,6,,,0,70,,19229,6,,,0,30,,19217,6,,,0,70,,19201,6,,,0,30,,19212,6,,,0,70,,19222,6,,,0,30,,19206,6,,,0,70,,19230,6,,,0,30,,19216,6,,,0,70,,19200,6,,,0,30,,19211,6,,,0,70,,19221,6,,,0,30,,19205,6,,,0,70,,19231,6,,,0,30,,19215,6,,,0,70,,19199,6,,,0,30,,19210,6,,,0,70,,19220,6,,,0,30,,19203,6,,,0,70,,19232,6,,,0,30,,19213,6,,,0,70,,19198,6,,,0,30,,19204,6,,,0,70,,19219,6,,,0,30,,19214,6,,,0,70,,19233,6,,,0,30,,19227,6,,,0,70,,19225,6,,,0
1019,'1798',604,,19234,6,,,0,100,,19235,6,,,0,100,,19236,6,,,0,100,,19237,6,,,0,100,,19238,6,,,0,100,,19239,6,,,0,100,,19240,6,,,0,100,,19241,6,,,0,100,,19242,6,,,0,100,,19243,6,,,0,100,,19244,6,,,0,100,,19245,6,,,0,100,,19246,6,,,0,100,,19247,6,,,0,100,,19248,6,,,0,100,,19249,6,,,0,100,,19250,6,,,0,100,,19251,6,,,0
1019,'1799',604,,19252,6,,,0,100,,19253,6,,,0,100,,19254,6,,,0,100,,19255,6,,,0,100,,19256,6,,,0,100,,19257,6,,,0,100,,19258,6,,,0,100,,19259,6,,,0,100,,19260,6,,,0,100,,19261,6,,,0,100,,19262,6,,,0,100,,19263,6,,,0,100,,19264,6,,,0,100,,19265,6,,,0,100,,19266,6,,,0,100,,19267,6,,,0,100,,19268,6,,,0,100,,19269,6,,,0
1019,'1800',604,,19270,6,,,0,100,,19271,6,,,0,100,,19272,6,,,0,100,,19273,6,,,0,100,,19274,6,,,0,100,,19275,6,,,0,100,,19276,6,,,0,100,,19277,6,,,0,100,,19278,6,,,0,100,,19279,6,,,0,100,,19280,6,,,0,100,,19281,6,,,0,100,,19282,6,,,0,100,,19283,6,,,0,100,,19284,6,,,0,100,,19285,6,,,0,100,,19286,6,,,0,100,,19287,6,,,0
1019,'1817',604,,16535,6,,,0,100,,16536,6,,,0,100,,16537,6,,,0,100,,16538,6,,,0,100,,16539,6,,,0,100,,16540,6,,,0,100,,16541,6,,,0,100,,16542,6,,,0,100,,16543,6,,,0,100,,16544,6,,,0,100,,16545,6,,,0,100,,16546,6,,,0,100,,16547,6,,,0,100,,16548,6,,,0,100,,16549,6,,,0,100,,16550,6,,,0,100,,16551,6,,,0,100,,16552,6,,,0
1019,'1824',534,,16600,6,,,0,70,,16614,6,,,0,30,,16599,6,,,0,70,,16619,6,,,0,30,,16609,6,,,0,70,,16593,6,,,0,30,,16615,6,,,0,70,,16617,6,,,0,30,,16598,6,,,0,70,,16620,6,,,0,30,,16608,6,,,0,70,,16592,6,,,0,30,,16603,6,,,0,70,,16613,6,,,0,30,,16597,6,,,0,70,,16621,6,,,0,30,,16607,6,,,0,70,,16591,6,,,0,30,,16602,6,,,0,70,,16612,6,,,0,30,,16596,6,,,0,70,,16622,6,,,0,30,,16606,6,,,0,70,,16590,6,,,0,30,,16601,6,,,0,70,,16611,6,,,0,30,,16594,6,,,0,70,,16623,6,,,0,30,,16604,6,,,0,70,,16589,6,,,0,30,,16595,6,,,0,70,,16610,6,,,0,30,,16605,6,,,0,70,,16624,6,,,0,30,,16618,6,,,0,70,,16616,6,,,0
2019,'1796',444,,19443,6,0,5 2 13 14,0,175,,19412,15,,,0,30,,19413,15,,,0,70,,19414,15,,,0,30,,19415,15,,,0,71,,19416,15,,,0,29,,19417,15,,,0,70,,19418,15,,,0,30,,19419,15,,,0,70,,19420,15,,,0,30,,19421,15,,,0,70,,19422,15,,,0,30,,19423,15,,,0,70,,19424,15,,,0,30,,19425,15,,,0,70,,19426,15,,,0,30,,19427,15,,,0,70,,19428,15,,,0,30,,19429,15,,,0,70,,19430,15,,,0,30,,19431,15,,,0,70,,19432,15,,,0,30,,19433,15,,,0,70,,19434,15,,,0,30,,19435,15,,,0,70,,19436,15,,,0,30,,19442,15,,,0,70,,19437,15,,,0,100,,19438,15,,,0,100,,19439,15,,,0,100,,19440,15,,,0,100,,19441,15,,,0
2019,'1797',619,,19444,6,,,0,30,,19451,15,,,0,70,,19460,15,,,0,30,,19467,15,,,0,70,,19445,15,,,0,30,,19452,15,,,0,70,,19461,15,,,0,30,,19468,15,,,0,70,,19446,15,,,0,30,,19453,15,,,0,70,,19462,15,,,0,30,,19469,15,,,0,70,,19447,15,,,0,30,,19454,15,,,0,70,,19463,15,,,0,30,,19470,15,,,0,70,,19448,15,,,0,30,,19455,15,,,0,70,,19464,15,,,0,30,,19471,15,,,0,70,,19449,15,,,0,30,,19456,15,,,0,70,,19465,15,,,0,30,,19472,15,,,0,70,,19450,15,,,0,30,,19457,15,,,0,70,,19466,15,,,0,100,,19458,15,,,0,100,,19473,15,,,0,100,,19459,15,,,0,100,,19474,15,,,0
2019,'1798',649,,19502,15,,,0,70,,19479,15,,,0,30,,19483,15,,,0,70,,19495,15,,,0,30,,19490,15,,,0,70,,19480,15,,,0,30,,19484,15,,,0,70,,19496,15,,,0,30,,19491,15,,,0,70,,19481,15,,,0,30,,19485,15,,,0,70,,19497,15,,,0,30,,19492,15,,,0,70,,19482,15,,,0,30,,19486,15,,,0,70,,19498,15,,,0,30,,19493,15,,,0,70,,19477,15,,,0,30,,19487,15,,,0,70,,19499,15,,,0,30,,19494,15,,,0,70,,19475,15,,,0,30,,19488,15,,,0,70,,19500,15,,,0,100,,19476,15,,,0,100,,19501,15,,,0,100,,19478,15,,,0,100,,19489,15,,,0,99,,19503,15,,,0
2019,'1799',649,,19531,15,,,0,70,,19508,15,,,0,30,,19512,15,,,0,70,,19524,15,,,0,30,,19519,15,,,0,70,,19509,15,,,0,30,,19513,15,,,0,70,,19525,15,,,0,30,,19520,15,,,0,70,,19510,15,,,0,30,,19514,15,,,0,70,,19526,15,,,0,30,,19521,15,,,0,70,,19511,15,,,0,30,,19515,15,,,0,70,,19527,15,,,0,30,,19522,15,,,0,70,,19506,15,,,0,30,,19516,15,,,0,70,,19528,15,,,0,30,,19523,15,,,0,70,,19504,15,,,0,30,,19517,15,,,0,70,,19529,15,,,0,100,,19505,15,,,0,100,,19530,15,,,0,100,,19507,15,,,0,100,,19518,15,,,0,99,,19532,15,,,0
2019,'1800',649,,19560,15,,,0,70,,19537,15,,,0,30,,19541,15,,,0,70,,19553,15,,,0,30,,19548,15,,,0,70,,19538,15,,,0,30,,19542,15,,,0,70,,19554,15,,,0,30,,19549,15,,,0,70,,19539,15,,,0,30,,19543,15,,,0,70,,19555,15,,,0,30,,19550,15,,,0,70,,19540,15,,,0,30,,19544,15,,,0,70,,19556,15,,,0,30,,19551,15,,,0,70,,19535,15,,,0,30,,19545,15,,,0,70,,19557,15,,,0,30,,19552,15,,,0,70,,19533,15,,,0,30,,19546,15,,,0,70,,19558,15,,,0,100,,19534,15,,,0,100,,19559,15,,,0,100,,19536,15,,,0,100,,19547,15,,,0,99,,19561,15,,,0
2019,'1816',619,,5782,6,,,0,30,,5789,15,,,0,70,,5798,15,,,0,30,,5805,15,,,0,70,,5783,15,,,0,30,,5790,15,,,0,70,,5799,15,,,0,30,,5806,15,,,0,70,,5784,15,,,0,30,,5791,15,,,0,70,,5800,15,,,0,30,,5807,15,,,0,70,,5785,15,,,0,30,,5792,15,,,0,70,,5801,15,,,0,30,,5808,15,,,0,70,,5786,15,,,0,30,,5793,15,,,0,70,,5802,15,,,0,30,,5809,15,,,0,70,,5787,15,,,0,30,,5794,15,,,0,70,,5803,15,,,0,30,,5810,15,,,0,70,,5788,15,,,0,30,,5795,15,,,0,70,,5804,15,,,0,100,,5796,15,,,0,100,,5811,15,,,0,100,,5797,15,,,0,100,,5812,15,,,0
2019,'1817',649,,9439,15,,,0,70,,9416,15,,,0,30,,9420,15,,,0,70,,9432,15,,,0,30,,9427,15,,,0,70,,9417,15,,,0,30,,9421,15,,,0,70,,9433,15,,,0,30,,9428,15,,,0,70,,9418,15,,,0,30,,9422,15,,,0,70,,9434,15,,,0,30,,9429,15,,,0,70,,9419,15,,,0,30,,9423,15,,,0,70,,9435,15,,,0,30,,9430,15,,,0,70,,9414,15,,,0,30,,9424,15,,,0,70,,9436,15,,,0,30,,9431,15,,,0,70,,9412,15,,,0,30,,9425,15,,,0,70,,9437,15,,,0,100,,9413,15,,,0,100,,9438,15,,,0,100,,9415,15,,,0,100,,9426,15,,,0,99,,9440,15,,,0
14000001019,'1796',2414,,24895,22,,,0,30,,24892,22,,,0,70,,24893,22,,,0,30,,24894,22,,,0,70,,24891,22,,,0
14000001019,'1797',2414,,24900,22,,,0,30,,24896,22,,,0,70,,24899,22,,,0,30,,24898,22,,,0,70,,24897,22,,,0
14000001019,'1798',2414,,24904,22,,,0,30,,24903,22,,,0,70,,24901,22,,,0,30,,24905,22,,,0,70,,24902,22,,,0
14000001019,'1799',2414,,24909,22,,,0,30,,24908,22,,,0,70,,24906,22,,,0,30,,24910,22,,,0,70,,24907,22,,,0
14000001019,'1800',2414,,24914,22,,,0,30,,24913,22,,,0,70,,24911,22,,,0,30,,24915,22,,,0,70,,24912,22,,,0
14000001019,'1816',2514,,9276,22,,,0
14000001019,'1817',2414,,19136,22,,,0,30,,19135,22,,,0,70,,13721,22,,,0,30,,19137,22,,,0,70,,19134,22,,,0
14000001019,'1824',2414,,19145,22,,,0,30,,19142,22,,,0,100,,19144,22,,,0,70,,19143,22,,,0
