2029,'1816',544,,5908,14,0,5 2 15 16 17,0,70,,5891,14,,,0,30,,5898,14,,,0,65,,5877,14,,,0,30,,5883,14,,,0,70,,5892,14,,,0,30,,5899,14,,,0,70,,5878,14,,,0,30,,5884,14,,,0,70,,5893,14,,,0,30,,5900,14,,,0,70,,5879,14,,,0,30,,5885,14,,,0,70,,5894,14,,,0,30,,5901,14,,,0,70,,5880,14,,,0,30,,5886,14,,,0,70,,5895,14,,,0,30,,5902,14,,,0,70,,5881,14,,,0,30,,5887,14,,,0,70,,5896,14,,,0,30,,5903,14,,,0,70,,5882,14,,,0,30,,5888,14,,,0,70,,5897,14,,,0,30,,5904,14,,,0,70,,5889,14,,,0,31,,5910,14,0,5 2 13 14,0,69,,5905,14,,,0,100,,5890,14,,,0,100,,5906,14,,,0,95,,5907,14,0,5 2 13 14,0,99,,5909,14,0,5 2 13 14,0
2029,'1817',614,,9443,14,,,0,30,,9451,14,,,0,67,,9462,14,,,0,28,,9457,14,,,0,70,,9444,14,,,0,30,,9452,14,,,0,70,,9463,14,,,0,30,,9458,14,,,0,70,,9445,14,,,0,30,,9453,14,,,0,70,,9464,14,,,0,30,,9459,14,,,0,70,,9446,14,,,0,30,,9454,14,,,0,70,,9465,14,,,0,30,,9460,14,,,0,70,,9447,14,,,0,30,,9455,14,,,0,70,,9466,14,,,0,30,,9461,14,,,0,70,,9448,14,,,0,30,,9456,14,,,0,70,,9467,14,,,0,29,,9471,14,0,5 2 13 14,0,71,,9449,14,,,0,29,,9470,14,0,5 2 13 14,0,71,,9468,14,,,0,100,,9450,14,,,0,100,,9469,14,,,0,100,,9442,14,,,0,94,,9472,14,0,5 2 13 14,0,101,,9473,14,0,5 2 13 14,0
2029,'1821',544,,5842,14,,,0,70,,5843,14,,,0,30,,5844,14,,,0,65,,5845,14,,,0,28,,5846,14,,,0,72,,5847,14,,,0,30,,5848,14,,,0,70,,5849,14,,,0,30,,5850,14,,,0,70,,5851,14,,,0,30,,5852,14,,,0,70,,5853,14,,,0,30,,5854,14,,,0,70,,5855,14,,,0,30,,5856,14,,,0,70,,5857,14,,,0,30,,5858,14,,,0,70,,5859,14,,,0,30,,5860,14,,,0,70,,5861,14,,,0,30,,5862,14,,,0,70,,5863,14,,,0,31,,5864,14,,,0,72,,5865,14,,,0,27,,5866,14,,,0,70,,5867,14,,,0,30,,5871,14,,,0,70,,5872,14,,,0,29,,5875,14,0,5 2 13 14,0,71,,5873,14,,,0,100,,5874,14,,,0,100,,5870,14,,,0,99,,5869,14,0,5 2 13 14,0,96,,5876,14,0,5 2 13 14,0
60019,'1817',606,,11612,2,,,0,30,,11626,2,,,0,70,,11611,2,,,0,30,,11627,2,,,0,71,,11610,2,,,0,29,,11625,2,,,0,70,,11609,2,,,0,30,,11624,2,,,0,70,,11608,2,,,0,30,,11623,2,,,0,70,,11607,2,,,0,30,,11622,2,,,0,70,,11606,2,,,0,30,,11621,2,,,0,70,,11605,2,,,0,30,,11620,2,,,0,70,,11603,2,,,0,30,,11619,2,,,0,70,,11604,2,,,0,30,,11618,2,,,0,70,,11602,2,,,0,30,,11617,2,,,0,70,,11601,2,,,0,30,,11616,2,,,0,70,,11600,2,,,0,30,,11615,2,,,0,70,,11599,2,,,0,30,,11614,2,,,0,70,,11598,2,,,0,30,,11613,2,,,0,70,,11597,2,,,0
701019,'1816',605,,12829,2,,,0,97,,12822,2,,,0,30,,12808,2,,,0,100,,12818,2,,,0,70,,12823,2,,,0,100,,12814,2,,,0,130,,12810,2,,,0
701019,'1817',605,,18632,2,,,0,28,,18659,2,,,0,69,,18650,2,,,0,30,,18629,2,,,0,70,,18651,2,,,0,30,,18633,2,,,0,70,,18628,2,,,0,30,,12603,2,,,0,70,,18636,2,,,0,30,,18625,2,,,0,70,,18654,2,,,0,30,,12580,2,,,0,70,,18624,2,,,0,30,,12600,2,,,0,70,,12584,2,,,0,30,,18622,2,,,0,70,,18653,2,,,0,30,,18637,2,,,0,70,,18620,2,,,0,30,,18652,2,,,0,70,,18634,2,,,0,30,,18618,2,,,0,70,,18655,2,,,0,30,,18642,2,,,0,70,,18615,2,,,0,30,,18666,2,,,0,70,,18644,2,,,0,30,,18613,2,,,0,70,,18662,2,,,0,30,,18646,2,,,0,70,,18610,2,,,0,30,,18658,2,,,0,69,,18645,2,,,0,30,,18612,2,,,0,70,,18661,2,,,0,25,,18673,2,,,0
701019,'1820',616,,15928,2,,,0,34,,15929,2,,,0,160,,15930,2,,,0,292,,15913,2,,,0,100,,15914,2,,,0,100,,15915,2,,,0,30,,15916,2,,,0,27,,15917,2,,,0,68,,15918,2,,,0,84,,15919,2,,,0,20,,15932,2,,,0,19,,15936,2,0,5 2 11 2 12,0,61,,15920,2,,,0,20,,15921,2,,,0,21,,15937,2,0,5 2 11 2 12,0,60,,15931,2,,,0,20,,15927,2,,,0,85,,15926,2,,,0,85,,15922,2,,,0,130,,15923,2,,,0,169,,15924,2,,,0,100,,15925,2,,,0,25,,15935,2,,,0
701019,'1821',546,,12745,2,,,0,88,,12756,2,,,0,82,,12755,2,,,0,16,,12748,2,,,0,25,,12749,2,,,0,73,,12751,2,,,0,72,,12718,2,,,0,100,,12719,2,,,0,30,,12720,2,,,0,100,,12722,2,,,0,100,,12724,2,,,0,212,,12760,2,0,5 2 11 2 12,0,313,,12743,2,,,0,75,,12732,2,,,0,100,,12734,2,,,0,70,,12735,2,,,0,100,,12737,2,,,0,30,,12738,2,,,0,99,,12740,2,,,0
701019,'1823',616,,18728,2,,,0,34,,18729,2,,,0,160,,18730,2,,,0,292,,18713,2,,,0,100,,18714,2,,,0,100,,18715,2,,,0,30,,18716,2,,,0,27,,18717,2,,,0,68,,18718,2,,,0,84,,18719,2,,,0,20,,18732,2,,,0,19,,18736,2,0,5 2 11 2 12,0,61,,18720,2,,,0,20,,18721,2,,,0,21,,18737,2,0,5 2 11 2 12,0,60,,18731,2,,,0,20,,18727,2,,,0,85,,18726,2,,,0,85,,18722,2,,,0,130,,18723,2,,,0,169,,18724,2,,,0,100,,18725,2,,,0,25,,18735,2,,,0
701019,'1824',633,,18757,2,,,0,169,,18781,2,,,0,130,,18778,2,,,0,100,,18785,2,,,0,70,,18788,2,,,0,100,,18782,2,,,0,30,,18786,2,,,0,70,,18789,2,,,0,30,,18779,2,,,0,70,,18783,2,,,0,30,,18787,2,,,0,70,,18790,2,,,0,30,,18780,2,,,0,70,,18784,2,,,0,30,,18792,2,,,0,70,,18738,2,,,0,30,,18748,2,,,0,70,,18758,2,,,0,30,,18768,2,,,0,70,,18739,2,,,0,30,,18749,2,,,0,70,,18759,2,,,0,30,,18769,2,,,0,70,,18740,2,,,0,30,,18750,2,,,0,69,,18760,2,,,0,30,,18770,2,,,0,70,,18741,2,,,0,25,,18805,2,,,0
