16019,'1838',746,,45134,2,,,0,100,,45136,2,,,0,100,,42594,2,,,0,100,,45142,2,,,0,100,,45135,2,,,0,100,,45137,2,,,0,100,,45138,2,,,0,100,,45140,2,,,0,100,,45139,2,,,0,100,,42583,2,,,0,100,,45141,2,,,0,100,,42592,2,,,0,100,,42588,2,,,0,100,,42586,2,,,0,100,,42595,2,,,0
16019,'1865',616,,42599,2,,,0,30,,42600,2,,,0,70,,42601,2,,,0,30,,42602,2,,,0,70,,42603,2,,,0,30,,42604,2,,,0,70,,42605,2,,,0,30,,45144,2,,,0,70,,42607,2,,,0,30,,42608,2,,,0,70,,45145,2,,,0,30,,42610,2,,,0,70,,42611,2,,,0,30,,42612,2,,,0,70,,42613,2,,,0,30,,42614,2,,,0,70,,45146,2,,,0,30,,42616,2,,,0,70,,42617,2,,,0,30,,42618,2,,,0,70,,42619,2,,,0,30,,42620,2,,,0,70,,45147,2,,,0,30,,42622,2,,,0,70,,42623,2,,,0,30,,42624,2,,,0,70,,42625,2,,,0,30,,45148,2,,,0,70,,42627,2,,,0,30,,42628,2,,,0,70,,45143,2,,,0,30,,42597,2,,,0,70,,42598,2,,,0
16019,'1866',616,,42652,2,,,0,30,,42648,2,,,0,70,,42656,2,,,0,30,,42640,2,,,0,70,,42654,2,,,0,30,,42635,2,,,0,70,,42633,2,,,0,30,,42630,2,,,0,70,,42641,2,,,0,30,,42651,2,,,0,70,,42645,2,,,0,30,,42653,2,,,0,70,,42637,2,,,0,30,,42655,2,,,0,70,,42632,2,,,0,30,,42643,2,,,0,70,,42642,2,,,0,30,,42646,2,,,0,70,,42647,2,,,0,30,,42631,2,,,0,70,,42639,2,,,0,30,,42649,2,,,0,70,,42634,2,,,0,30,,42638,2,,,0,70,,42644,2,,,0,30,,42658,2,,,0,70,,42650,2,,,0,30,,42657,2,,,0,70,,42636,2,,,0,30,,42660,2,,,0,100,,42659,2,,,0,70,,42629,2,,,0
16019,'1867',746,,45149,2,,,0,100,,45151,2,,,0,100,,42674,2,,,0,100,,45157,2,,,0,100,,45150,2,,,0,100,,45152,2,,,0,100,,45153,2,,,0,100,,45155,2,,,0,100,,45154,2,,,0,100,,42663,2,,,0,100,,45156,2,,,0,100,,42672,2,,,0,100,,42668,2,,,0,100,,42666,2,,,0,100,,42675,2,,,0
16019,'1873',616,,42732,2,,,0,30,,42728,2,,,0,70,,42736,2,,,0,30,,42720,2,,,0,70,,42734,2,,,0,30,,42715,2,,,0,70,,42713,2,,,0,30,,42710,2,,,0,70,,42721,2,,,0,30,,42731,2,,,0,70,,42725,2,,,0,30,,42733,2,,,0,70,,42717,2,,,0,30,,42735,2,,,0,70,,42712,2,,,0,30,,42723,2,,,0,70,,42722,2,,,0,30,,42726,2,,,0,70,,42727,2,,,0,30,,42711,2,,,0,70,,42719,2,,,0,30,,42729,2,,,0,70,,42714,2,,,0,30,,42718,2,,,0,70,,42724,2,,,0,30,,42738,2,,,0,70,,42730,2,,,0,30,,42737,2,,,0,70,,42716,2,,,0,30,,42740,2,,,0,100,,42739,2,,,0,70,,42709,2,,,0
16019,'1878',946,,42754,2,,,0,700,,42743,2,,,0,200,,42752,2,,,0,100,,42748,2,,,0,100,,42746,2,,,0,100,,42755,2,,,0
16019,'1881',946,,42686,2,,,0,170,,42689,2,,,0,300,,42695,2,,,0,300,,42701,2,,,0,230,,42706,2,,,0,170,,42676,2,,,0
16019,'1882',616,,42679,2,,,0,30,,42680,2,,,0,70,,42681,2,,,0,30,,42682,2,,,0,70,,42683,2,,,0,30,,42684,2,,,0,70,,42685,2,,,0,100,,42687,2,,,0,30,,42688,2,,,0,100,,42690,2,,,0,70,,42691,2,,,0,30,,42692,2,,,0,70,,42693,2,,,0,30,,42694,2,,,0,100,,42696,2,,,0,70,,42697,2,,,0,30,,42698,2,,,0,70,,42699,2,,,0,30,,42700,2,,,0,100,,42702,2,,,0,70,,42703,2,,,0,30,,42704,2,,,0,70,,42705,2,,,0,100,,42707,2,,,0,30,,42708,2,,,0,100,,42677,2,,,0,70,,42678,2,,,0
16019,'1886',946,,45159,2,,,0,170,,45160,2,,,0,300,,45161,2,,,0,300,,45162,2,,,0,230,,45163,2,,,0,170,,45158,2,,,0
16019,'1888',746,,45164,2,,,0,100,,45166,2,,,0,200,,45172,2,,,0,100,,45165,2,,,0,100,,45167,2,,,0,100,,45168,2,,,0,100,,45170,2,,,0,100,,45169,2,,,0,200,,45171,2,,,0
