15029,'1838',744,,36977,65,,,0,98,,45082,65,,,0,102,,36974,65,,,0,100,,36975,65,,,0,102,,45083,65,,,0,100,,36972,65,,,0,100,,36969,65,,,0,102,,45081,65,,,0,100,,36971,65,,,0,99,,36968,65,,,0,99,,45080,65,,,0,99,,36966,65,,,0,99,,36967,65,,,0,100,,45079,65,,,0
15029,'1865',621,,45084,25,,,0,20,,45085,25,,,0,71,,36995,65,,,0,32,,36996,65,,,0,74,,36997,65,,,0,30,,45086,65,,,0,73,,36999,65,,,0,30,,37000,65,,,0,65,,37001,65,,,0,30,,37002,65,,,0,70,,37003,65,,,0,30,,45087,65,,,0,70,,45088,65,,,0,30,,42575,65,,,0,70,,45089,65,,,0,30,,45090,65,,,0,70,,42576,65,,,0,32,,37010,65,,,0,73,,45091,65,,,0,35,,37012,65,,,0,72,,37013,65,,,0,29,,45092,65,,,0,65,,45093,65,,,0,23,,37016,65,,,0,69,,37017,65,,,0,29,,37018,65,,,0,67,,45094,65,,,0,30,,37020,65,,,0,70,,45095,65,,,0,30,,45096,65,,,0,70,,37023,65,,,0,99,,45098,65,,,0,97,,45097,65,,,0
15029,'1866',616,,45099,25,,,0,133,,37029,65,,,0,93,,37030,65,,,0,100,,45100,65,,,0,100,,37032,65,,,0,103,,37033,65,,,0,100,,45101,65,,,0,100,,37035,65,,,0,105,,37036,65,,,0,100,,45102,65,,,0,98,,37038,65,,,0,98,,37039,65,,,0,99,,45103,65,,,0,99,,37026,65,,,0,100,,37027,65,,,0
15029,'1867',744,,37054,65,,,0,98,,45107,65,,,0,102,,37051,65,,,0,100,,37052,65,,,0,102,,45108,65,,,0,100,,37049,65,,,0,100,,37046,65,,,0,102,,45106,65,,,0,100,,37048,65,,,0,99,,37045,65,,,0,99,,45105,65,,,0,99,,37043,65,,,0,99,,37044,65,,,0,100,,45104,65,,,0
15029,'1873',749,,30423,65,,,0,93,,30424,65,,,0,200,,30426,65,,,0,103,,30427,65,,,0,200,,30429,65,,,0,105,,30430,65,,,0,198,,30432,65,,,0,98,,30433,65,,,0,198,,30420,65,,,0,100,,30421,65,,,0
15029,'1878',744,,30448,65,,,0,200,,30445,65,,,0,100,,30446,65,,,0,202,,30443,65,,,0,100,,30440,65,,,0,202,,30442,65,,,0,99,,30439,65,,,0,198,,30437,65,,,0,99,,30438,65,,,0
15029,'1881',621,,30482,25,,,0,20,,36978,25,,,0,207,,36979,65,,,0,298,,36980,65,,,0,70,,36981,65,,,0,100,,36983,65,,,0,30,,36984,65,,,0,175,,36986,65,,,0,136,,36987,65,,,0,65,,36988,65,,,0,188,,30508,65,,,0,100,,36989,65,,,0,30,,42580,65,,,0,169,,36992,65,,,0,97,,36991,65,,,0
15029,'1882',712,,30484,65,,,0,32,,30485,65,,,0,74,,30486,65,,,0,103,,30488,65,,,0,30,,30489,65,,,0,65,,30490,65,,,0,30,,30491,65,,,0,70,,30492,65,,,0,130,,42578,65,,,0,170,,42579,65,,,0,32,,30499,65,,,0,108,,30501,65,,,0,72,,30502,65,,,0,117,,30505,65,,,0,69,,30506,65,,,0,29,,30507,65,,,0,97,,30509,65,,,0,170,,30512,65,,,0
15029,'1886',621,,45109,25,,,0,20,,45110,25,,,0,207,,45111,65,,,0,298,,45112,65,,,0,70,,45113,65,,,0,100,,45114,65,,,0,30,,45115,65,,,0,175,,45116,65,,,0,136,,45117,65,,,0,65,,45118,65,,,0,188,,45119,65,,,0,100,,45120,65,,,0,30,,45121,65,,,0,169,,45123,65,,,0,97,,45122,65,,,0
15029,'1887',616,,45124,25,,,0,326,,45125,65,,,0,303,,45126,65,,,0,305,,45127,65,,,0,295,,45128,65,,,0
15029,'1888',842,,45132,65,,,0,304,,45133,65,,,0,302,,45131,65,,,0,298,,45130,65,,,0,298,,45129,65,,,0
