2019,'1790',724,,5840,45,,,0,30,,5817,45,,,0,70,,5821,45,,,0,30,,5833,45,,,0,70,,5828,45,,,0,30,,5818,45,,,0,70,,5822,45,,,0,30,,5834,45,,,0,70,,5829,45,,,0,30,,5819,45,,,0,70,,5823,45,,,0,30,,5835,45,,,0,70,,5830,45,,,0,30,,5820,45,,,0,70,,5824,45,,,0,30,,5836,45,,,0,70,,5831,45,,,0,30,,5815,45,,,0,70,,5825,45,,,0,30,,5837,45,,,0,70,,5832,45,,,0,30,,5813,45,,,0,70,,5826,45,,,0,30,,5838,45,,,0,100,,5814,45,,,0,101,,5839,45,,,0,100,,5816,45,,,0,95,,5827,45,,,0,100,,5841,45,,,0
2019,'1791',654,,5750,45,,,0,68,,5751,45,,,0,29,,5752,45,,,0,73,,5753,45,,,0,30,,5754,45,,,0,70,,5755,45,,,0,30,,5756,45,,,0,70,,5757,45,,,0,30,,5758,45,,,0,70,,5759,45,,,0,30,,5760,45,,,0,70,,5761,45,,,0,30,,5762,45,,,0,70,,5763,45,,,0,30,,5764,45,,,0,70,,5765,45,,,0,29,,5766,45,,,0,70,,5767,45,,,0,30,,5768,45,,,0,71,,5769,45,,,0,32,,5770,45,,,0,67,,5771,45,,,0,31,,5772,45,,,0,70,,5773,45,,,0,30,,5774,45,,,0,70,,5780,45,,,0,30,,5775,45,,,0,100,,5776,45,,,0,100,,5777,45,,,0,100,,5778,45,,,0,96,,5779,45,,,0
2019,'1794',724,,9439,45,,,0,30,,9416,45,,,0,70,,9420,45,,,0,30,,9432,45,,,0,70,,9427,45,,,0,30,,9417,45,,,0,70,,9421,45,,,0,30,,9433,45,,,0,70,,9428,45,,,0,30,,9418,45,,,0,70,,9422,45,,,0,30,,9434,45,,,0,70,,9429,45,,,0,30,,9419,45,,,0,70,,9423,45,,,0,30,,9435,45,,,0,70,,9430,45,,,0,30,,9414,45,,,0,70,,9424,45,,,0,30,,9436,45,,,0,70,,9431,45,,,0,30,,9412,45,,,0,70,,9425,45,,,0,30,,9437,45,,,0,100,,9413,45,,,0,101,,9438,45,,,0,100,,9415,45,,,0,95,,9426,45,,,0,100,,9440,45,,,0
2019,'1808',654,,5782,36,,,0,70,,5789,45,,,0,30,,5798,45,,,0,70,,5805,45,,,0,30,,5783,45,,,0,70,,5790,45,,,0,30,,5799,45,,,0,70,,5806,45,,,0,30,,5784,45,,,0,70,,5791,45,,,0,30,,5800,45,,,0,70,,5807,45,,,0,30,,5785,45,,,0,70,,5792,45,,,0,30,,5801,45,,,0,70,,5808,45,,,0,30,,5786,45,,,0,70,,5793,45,,,0,30,,5802,45,,,0,70,,5809,45,,,0,30,,5787,45,,,0,70,,5794,45,,,0,30,,5803,45,,,0,70,,5810,45,,,0,30,,5788,45,,,0,70,,5795,45,,,0,30,,5804,45,,,0,100,,5796,45,,,0,100,,5811,45,,,0,96,,5797,45,,,0,99,,5812,45,,,0
7019,'1791',533,,9927,10,,,0,103,,9928,10,,,0,102,,9937,10,,,0,71,,9930,10,,,0,31,,9938,10,,,0,268,,9933,10,,,0,30,,9941,10,,,0,70,,9934,10,,,0,30,,9942,10,,,0,70,,9935,10,,,0,133,,9956,10,,,0,73,,9957,10,,,0,195,,9946,10,,,0,100,,9948,10,,,0,28,,9949,10,,,0,299,,9954,10,,,0,199,,9947,10,,,0
7019,'1794',735,,9879,10,,,0,101,,9880,10,,,0,200,,9881,10,,,0,100,,9882,10,,,0,200,,9884,10,,,0,101,,9885,10,,,0,199,,9887,10,,,0,100,,9875,10,,,0,199,,9874,10,,,0,100,,9878,10,,,0
7019,'1808',636,,9977,10,,,0,300,,9980,10,,,0,270,,9975,10,,,0,30,,9983,10,,,0,170,,9989,10,,,0,101,,9991,10,,,0,30,,9986,10,,,0,298,,9965,10,,,0,300,,9968,10,,,0,100,,9969,10,,,0
7019,'1809',735,,10004,10,,,0,101,,10005,10,,,0,100,,14153,10,,,0,100,,10006,10,,,0,100,,10007,10,,,0,100,,14150,10,,,0,100,,10009,10,,,0,101,,10010,10,,,0,100,,14151,10,,,0,99,,10012,10,,,0,100,,10000,10,,,0,99,,14148,10,,,0,100,,9999,10,,,0,100,,10003,10,,,0,100,,14149,10,,,0
7019,'1813',705,,9970,10,,,0,30,,9978,10,,,0,70,,9971,10,,,0,31,,9979,10,,,0,70,,9972,10,,,0,100,,9973,10,,,0,30,,9981,10,,,0,70,,9974,10,,,0,30,,9982,10,,,0,170,,9976,10,,,0,30,,9984,10,,,0,101,,9985,10,,,0,170,,9990,10,,,0,29,,9987,10,,,0,70,,9992,10,,,0,30,,9988,10,,,0,70,,9995,10,,,0,99,,9993,10,,,0,30,,9966,10,,,0,70,,9994,10,,,0,30,,9967,10,,,0
7019,'1814',936,,9889,10,,,0,300,,9883,10,,,0,301,,9886,10,,,0,298,,9876,10,,,0,300,,9877,10,,,0
7019,'1815',706,,14171,10,,,0,202,,14172,10,,,0,30,,14175,10,,,0,70,,14173,10,,,0,30,,14176,10,,,0,300,,14177,10,,,0,71,,14174,10,,,0,132,,14185,10,,,0,70,,14186,10,,,0,30,,14178,10,,,0,98,,14179,10,,,0,168,,14180,10,,,0,29,,14181,10,,,0,70,,14182,10,,,0,30,,14183,10,,,0,199,,14184,10,,,0
7019,'1816',705,,14191,10,,,0,30,,14197,10,,,0,70,,14192,10,,,0,31,,14198,10,,,0,70,,14193,10,,,0,100,,14194,10,,,0,30,,14199,10,,,0,70,,14195,10,,,0,30,,14200,10,,,0,170,,14196,10,,,0,30,,14201,10,,,0,101,,14202,10,,,0,170,,14205,10,,,0,29,,14203,10,,,0,70,,14206,10,,,0,30,,14204,10,,,0,70,,14209,10,,,0,99,,14207,10,,,0,30,,14189,10,,,0,70,,14208,10,,,0,30,,14190,10,,,0
7019,'1817',936,,14217,10,,,0,300,,14214,10,,,0,301,,14215,10,,,0,298,,14212,10,,,0,300,,14213,10,,,0
