16029,'1800',740,,37246,23,,,0,99,,37247,23,,,0,97,,37244,23,,,0,104,,37253,23,,,0,98,,37256,23,,,0,100,,37252,23,,,0,101,,37254,23,,,0,100,,37243,23,,,0,100,,37245,23,,,0,99,,37249,23,,,0,99,,37248,23,,,0,101,,37255,23,,,0,100,,37250,23,,,0,102,,37251,23,,,0,98,,37257,23,,,0
16029,'1838',740,,37261,23,,,0,99,,37262,23,,,0,97,,37259,23,,,0,104,,37268,23,,,0,98,,37271,23,,,0,100,,37267,23,,,0,101,,37269,23,,,0,100,,37258,23,,,0,100,,37260,23,,,0,99,,37264,23,,,0,99,,37263,23,,,0,101,,37270,23,,,0,100,,37265,23,,,0,102,,37266,23,,,0,98,,37272,23,,,0
16029,'1850',609,,30735,23,,,0,30,,30736,23,,,0,73,,30737,23,,,0,37,,30738,23,,,0,70,,30739,23,,,0,32,,30740,23,,,0,70,,30741,23,,,0,29,,30742,23,,,0,67,,30743,23,,,0,30,,30744,23,,,0,70,,30745,23,,,0,30,,30746,23,,,0,70,,30747,23,,,0,30,,30748,23,,,0,70,,30749,23,,,0,30,,30750,23,,,0,71,,30751,23,,,0,32,,30752,23,,,0,71,,30753,23,,,0,29,,30754,23,,,0,72,,30755,23,,,0,30,,30756,23,,,0,69,,30757,23,,,0,28,,30758,23,,,0,69,,30759,23,,,0,30,,30767,23,,,0,67,,30760,23,,,0,30,,30761,23,,,0,70,,30762,23,,,0,24,,30763,23,,,0,70,,30764,23,,,0,29,,30765,23,,,0,70,,30766,23,,,0
16029,'1862',609,,37280,23,,,0,27,,37295,23,,,0,70,,37288,23,,,0,30,,37273,23,,,0,70,,37281,23,,,0,30,,37296,23,,,0,70,,37289,23,,,0,30,,37274,23,,,0,71,,37282,23,,,0,30,,37297,23,,,0,70,,37290,23,,,0,31,,37275,23,,,0,70,,37283,23,,,0,30,,37298,23,,,0,71,,37291,23,,,0,30,,37276,23,,,0,71,,37284,23,,,0,29,,37299,23,,,0,71,,37292,23,,,0,30,,37277,23,,,0,69,,37285,23,,,0,30,,37300,23,,,0,69,,37293,23,,,0,29,,37278,23,,,0,71,,37286,23,,,0,30,,37301,23,,,0,70,,37294,23,,,0,30,,37279,23,,,0,69,,37287,23,,,0,31,,37302,23,,,0,97,,37303,23,,,0,73,,37304,23,,,0
16029,'1863',740,,37308,23,,,0,99,,37309,23,,,0,97,,37306,23,,,0,104,,37315,23,,,0,98,,37318,23,,,0,100,,37314,23,,,0,101,,37316,23,,,0,100,,37305,23,,,0,100,,37307,23,,,0,99,,37311,23,,,0,99,,37310,23,,,0,101,,37317,23,,,0,100,,37312,23,,,0,102,,37313,23,,,0,98,,37319,23,,,0
16029,'1864',609,,37320,23,,,0,30,,37321,23,,,0,73,,37322,23,,,0,37,,37323,23,,,0,70,,37324,23,,,0,32,,37325,23,,,0,70,,37326,23,,,0,29,,37327,23,,,0,67,,37328,23,,,0,30,,37329,23,,,0,70,,37330,23,,,0,30,,37331,23,,,0,70,,37332,23,,,0,30,,37333,23,,,0,70,,37334,23,,,0,30,,37335,23,,,0,71,,37336,23,,,0,32,,37337,23,,,0,71,,37338,23,,,0,29,,37339,23,,,0,72,,37340,23,,,0,30,,37341,23,,,0,69,,37342,23,,,0,28,,37343,23,,,0,69,,37344,23,,,0,30,,37352,23,,,0,67,,37345,23,,,0,30,,37346,23,,,0,70,,37347,23,,,0,24,,37348,23,,,0,70,,37349,23,,,0,29,,37350,23,,,0,70,,37351,23,,,0
16029,'1865',609,,37353,23,,,0,30,,37354,23,,,0,73,,37355,23,,,0,37,,37356,23,,,0,70,,37357,23,,,0,32,,37358,23,,,0,70,,37359,23,,,0,29,,37360,23,,,0,67,,37361,23,,,0,30,,37362,23,,,0,70,,37363,23,,,0,30,,37364,23,,,0,70,,37365,23,,,0,30,,37366,23,,,0,70,,37367,23,,,0,30,,37368,23,,,0,71,,37369,23,,,0,32,,37370,23,,,0,71,,37371,23,,,0,29,,37372,23,,,0,72,,37373,23,,,0,30,,37374,23,,,0,69,,37375,23,,,0,28,,37376,23,,,0,69,,37377,23,,,0,30,,37385,23,,,0,67,,37378,23,,,0,30,,37379,23,,,0,70,,37380,23,,,0,24,,37381,23,,,0,70,,37382,23,,,0,29,,37383,23,,,0,70,,37384,23,,,0
16029,'1866',609,,37393,23,,,0,27,,37408,23,,,0,70,,37401,23,,,0,30,,37386,23,,,0,70,,37394,23,,,0,30,,37409,23,,,0,70,,37402,23,,,0,30,,37387,23,,,0,71,,37395,23,,,0,30,,37410,23,,,0,70,,37403,23,,,0,31,,37388,23,,,0,70,,37396,23,,,0,30,,37411,23,,,0,71,,37404,23,,,0,30,,37389,23,,,0,71,,37397,23,,,0,29,,37412,23,,,0,71,,37405,23,,,0,30,,37390,23,,,0,69,,37398,23,,,0,30,,37413,23,,,0,69,,37406,23,,,0,29,,37391,23,,,0,71,,37399,23,,,0,30,,37414,23,,,0,70,,37407,23,,,0,30,,37392,23,,,0,69,,37400,23,,,0,31,,37415,23,,,0,97,,37416,23,,,0,73,,37417,23,,,0
16029,'1867',740,,37421,23,,,0,99,,37422,23,,,0,97,,37419,23,,,0,104,,37428,23,,,0,98,,37431,23,,,0,100,,37427,23,,,0,101,,37429,23,,,0,100,,37418,23,,,0,100,,37420,23,,,0,99,,37424,23,,,0,99,,37423,23,,,0,101,,37430,23,,,0,100,,37425,23,,,0,102,,37426,23,,,0,98,,37432,23,,,0
14000001029,'1800',554,,42000,38,0,18 7,0,1854,,41998,38,,,0,30,,24949,38,,,0,70,,34783,38,,,0,30,,41999,38,,,0,70,,24948,38,,,0,30,,34781,38,,,0
14000001029,'1838',554,,42007,38,0,18 7,0,1854,,42001,38,,,0,30,,42005,38,,,0,70,,42006,38,,,0,30,,42003,38,,,0,70,,42004,38,,,0,30,,42002,38,,,0
14000001029,'1850',454,,34800,38,0,18 7,0,102,,34801,38,0,18 7,0,1852,,34803,38,,,0,30,,34804,38,,,0,70,,34807,38,,,0,30,,34802,38,,,0,70,,34805,38,,,0,30,,34806,38,,,0
14000001029,'1857',2438,,24920,38,,,0,170,,24921,38,,,0
14000001029,'1859',554,,34793,38,0,18 7,0,1854,,34794,38,,,0,30,,24925,38,,,0,70,,34790,38,,,0,30,,34791,38,,,0,70,,24929,38,,,0,30,,34792,38,,,0
14000001029,'1861',2438,,24935,38,,,0,70,,34798,38,,,0,100,,24934,38,,,0,30,,34796,38,,,0
14000001029,'1863',554,,42010,38,0,18 7,0,1854,,42008,38,,,0,130,,42009,38,,,0
14000001029,'1864',454,,34808,38,0,18 7,0,102,,42011,38,0,18 7,0,1852,,42013,38,,,0,100,,42015,38,,,0,30,,42012,38,,,0,100,,42014,38,,,0
14000001029,'1865',454,,42016,38,0,18 7,0,102,,42017,38,0,18 7,0,1852,,42019,38,,,0,30,,42020,38,,,0,70,,42023,38,,,0,30,,42018,38,,,0,70,,42021,38,,,0,30,,42022,38,,,0
14000001029,'1866',554,,42028,38,0,18 7,0,1854,,42030,38,,,0,30,,42025,38,,,0,70,,42024,38,,,0,30,,42026,38,,,0,70,,42029,38,,,0,30,,42027,38,,,0
14000001029,'1867',554,,42037,38,0,18 7,0,1854,,42031,38,,,0,30,,42035,38,,,0,70,,42036,38,,,0,30,,42033,38,,,0,70,,42034,38,,,0,30,,42032,38,,,0
