11029,'1838',807,,44813,3,,,0,100,,44814,3,,,0,101,,44815,3,,,0,100,,44816,3,,,0,100,,44817,3,,,0,100,,44818,3,,,0,100,,44819,3,,,0,100,,44820,3,,,0,100,,44821,3,,,0,100,,44822,3,,,0,100,,36554,3,,,0,100,,44823,3,,,0,100,,42486,3,,,0
11029,'1865',707,,36586,3,,,0,101,,44825,3,,,0,100,,44826,3,,,0,100,,44827,3,,,0,100,,44828,3,,,0,100,,44829,3,,,0,100,,44830,3,,,0,98,,44831,3,,,0,100,,42488,3,,,0,100,,44832,3,,,0,100,,44833,3,,,0,102,,44834,3,,,0,100,,36598,3,,,0,100,,44835,3,,,0,100,,44824,3,,,0
11029,'1866',707,,44847,3,,,0,100,,44837,3,,,0,100,,44838,3,,,0,101,,44839,3,,,0,100,,44840,3,,,0,100,,44841,3,,,0,100,,36607,3,,,0,100,,44842,3,,,0,100,,36609,3,,,0,100,,36610,3,,,0,100,,44843,3,,,0,100,,44844,3,,,0,100,,44845,3,,,0,100,,44846,3,,,0
11029,'1867',807,,44848,3,,,0,100,,44849,3,,,0,101,,44850,3,,,0,100,,44851,3,,,0,100,,44852,3,,,0,100,,44853,3,,,0,100,,44854,3,,,0,100,,44855,3,,,0,100,,44856,3,,,0,100,,44857,3,,,0,100,,36626,3,,,0,100,,44858,3,,,0,100,,42497,3,,,0
11029,'1873',1308,,29958,3,,,0,200,,29960,3,,,0,100,,29961,3,,,0
11029,'1878',1808,,29977,3,,,0,200,,42508,3,,,0
11029,'1881',808,,29998,3,,,0,100,,42498,3,,,0,100,,30000,3,,,0,100,,36576,3,,,0,100,,36577,3,,,0,100,,36578,3,,,0,98,,36579,3,,,0,200,,36581,3,,,0,100,,36582,3,,,0,102,,36583,3,,,0,200,,42500,3,,,0,100,,29996,3,,,0
11029,'1882',707,,29997,3,,,0,799,,42499,3,,,0,402,,30009,3,,,0
11029,'1886',808,,44860,3,,,0,100,,44861,3,,,0,100,,44862,3,,,0,100,,44863,3,,,0,100,,44864,3,,,0,100,,44865,3,,,0,98,,44866,3,,,0,200,,44867,3,,,0,100,,44868,3,,,0,102,,44869,3,,,0,200,,44870,3,,,0,100,,44859,3,,,0
11029,'1887',707,,44882,3,,,0,100,,44872,3,,,0,100,,44873,3,,,0,101,,44874,3,,,0,100,,44875,3,,,0,100,,44876,3,,,0,200,,44877,3,,,0,300,,44878,3,,,0,100,,44879,3,,,0,100,,44880,3,,,0,100,,44881,3,,,0
11029,'1888',807,,44883,3,,,0,100,,44884,3,,,0,101,,44885,3,,,0,100,,44886,3,,,0,100,,44887,3,,,0,100,,44888,3,,,0,100,,44889,3,,,0,100,,44890,3,,,0,100,,44891,3,,,0,100,,44892,3,,,0,200,,44893,3,,,0
