15019,'1838',722,,45028,25,,,0,100,,36883,25,,,0,100,,36886,25,,,0,100,,45027,25,,,0,100,,36881,25,,,0,100,,36879,25,,,0,101,,45026,25,,,0,100,,36880,25,,,0,100,,36877,25,,,0,99,,45025,25,,,0,100,,36875,25,,,0,100,,36876,25,,,0,100,,45024,25,,,0,100,,36887,25,,,0
15019,'1865',647,,36905,25,,,0,70,,45029,25,,,0,34,,36907,25,,,0,70,,36908,25,,,0,26,,36909,25,,,0,70,,36910,25,,,0,30,,36911,25,,,0,70,,45030,25,,,0,30,,45031,25,,,0,70,,42569,25,,,0,30,,45032,25,,,0,70,,45033,25,,,0,30,,42570,25,,,0,70,,36918,25,,,0,30,,45034,25,,,0,70,,36920,25,,,0,32,,36921,25,,,0,70,,45035,25,,,0,30,,45036,25,,,0,70,,36924,25,,,0,29,,36925,25,,,0,70,,36926,25,,,0,29,,45037,25,,,0,70,,36928,25,,,0,30,,45038,25,,,0,70,,45039,25,,,0,30,,36931,25,,,0,100,,45040,25,,,0,98,,45041,25,,,0,100,,45042,25,0,5 2 6 7,0
15019,'1866',722,,36935,25,,,0,100,,45043,25,,,0,100,,36937,25,,,0,100,,36938,25,,,0,100,,45044,25,,,0,100,,36940,25,,,0,101,,36941,25,,,0,100,,45045,25,,,0,100,,36943,25,,,0,99,,36944,25,,,0,100,,45046,25,,,0,100,,36946,25,,,0,100,,36947,25,,,0,100,,45047,25,,,0
15019,'1867',722,,45053,25,,,0,100,,36959,25,,,0,100,,36962,25,,,0,100,,45052,25,,,0,100,,36957,25,,,0,100,,36955,25,,,0,101,,45051,25,,,0,100,,36956,25,,,0,100,,36953,25,,,0,99,,45050,25,,,0,100,,36951,25,,,0,100,,36952,25,,,0,100,,45049,25,,,0,100,,36963,25,,,0
15019,'1873',722,,30301,25,,,0,200,,30303,25,,,0,100,,30304,25,,,0,200,,30306,25,,,0,101,,30307,25,,,0,200,,30309,25,,,0,99,,30310,25,,,0,200,,30312,25,,,0,100,,30313,25,,,0
15019,'1878',822,,30325,25,,,0,100,,30328,25,,,0,200,,30323,25,,,0,100,,30321,25,,,0,201,,30322,25,,,0,100,,30319,25,,,0,199,,30317,25,,,0,100,,30318,25,,,0,200,,30329,25,,,0
15019,'1881',717,,36889,25,,,0,300,,36890,25,,,0,30,,36891,25,,,0,100,,36893,25,,,0,70,,36894,25,,,0,130,,36896,25,,,0,172,,36897,25,,,0,30,,36898,25,,,0,198,,30384,25,,,0,100,,36899,25,,,0,70,,42574,25,,,0,130,,36901,25,,,0,98,,36902,25,,,0,100,,36903,25,0,5 2 6 7,0
15019,'1882',647,,30362,25,,,0,104,,30364,25,,,0,70,,30365,25,,,0,26,,30366,25,,,0,70,,30367,25,,,0,30,,30368,25,,,0,170,,42572,25,,,0,130,,42573,25,,,0,70,,30375,25,,,0,100,,30377,25,,,0,32,,30378,25,,,0,170,,30381,25,,,0,29,,30382,25,,,0,70,,30383,25,,,0,99,,30385,25,,,0,130,,30388,25,,,0
15019,'1886',717,,45054,25,,,0,300,,45055,25,,,0,30,,45056,25,,,0,100,,45057,25,,,0,70,,45058,25,,,0,130,,45059,25,,,0,172,,45060,25,,,0,30,,45061,25,,,0,198,,45062,25,,,0,100,,45063,25,,,0,70,,45064,25,,,0,130,,45065,25,,,0,98,,45066,25,,,0,100,,45067,25,0,5 2 6 7,0
15019,'1887',822,,45068,25,,,0,300,,45069,25,,,0,301,,45070,25,,,0,299,,45071,25,,,0,300,,45072,25,,,0
15019,'1888',722,,45078,25,,,0,300,,45077,25,,,0,301,,45076,25,,,0,299,,45075,25,,,0,300,,45074,25,,,0
