4019,'1796',638,,19733,13,,,0,71,,19759,13,,,0,30,,19734,13,,,0,67,,19735,13,,,0,36,,19736,13,,,0,64,,19737,13,,,0,36,,19738,13,,,0,67,,19739,13,,,0,29,,19740,13,,,0,70,,19741,13,,,0,31,,19742,13,,,0,72,,19743,13,,,0,30,,19744,13,,,0,70,,19745,13,,,0,30,,19746,13,,,0,71,,19747,13,,,0,30,,19748,13,,,0,75,,19749,13,,,0,30,,19750,13,,,0,71,,19751,13,,,0,24,,19752,13,,,0,74,,19753,13,,,0,22,,19754,13,,,0,75,,19755,13,,,0,21,,19756,13,,,0,75,,19757,13,,,0,29,,19758,13,,,0,70,,19727,13,,,0,30,,19728,13,,,0,70,,19729,13,,,0,30,,19730,13,,,0,70,,19731,13,,,0,30,,19732,13,,,0
4019,'1797',708,,19791,13,,,0,30,,19767,13,,,0,71,,19761,13,,,0,30,,19771,13,,,0,70,,19782,13,,,0,30,,19777,13,,,0,71,,19765,13,,,0,30,,19787,13,,,0,70,,19764,13,,,0,30,,19784,13,,,0,69,,19779,13,,,0,32,,19772,13,,,0,69,,19785,13,,,0,30,,19788,13,,,0,70,,19763,13,,,0,30,,19774,13,,,0,70,,19762,13,,,0,30,,19768,13,,,0,70,,19786,13,,,0,30,,19783,13,,,0,69,,19780,13,,,0,30,,19769,13,,,0,70,,19789,13,,,0,29,,19790,13,,,0,70,,19760,13,,,0,30,,19775,13,,,0,70,,19773,13,,,0,30,,19781,13,,,0,70,,19766,13,,,0,30,,19776,13,,,0,70,,19770,13,,,0,30,,19778,13,,,0
4019,'1798',808,,19815,13,,,0,30,,19816,13,,,0,70,,19813,13,,,0,30,,19817,13,,,0,72,,19814,13,,,0,30,,19798,13,,,0,70,,19802,13,,,0,30,,19806,13,,,0,69,,19809,13,,,0,32,,19794,13,,,0,69,,19797,13,,,0,30,,19801,13,,,0,69,,19805,13,,,0,30,,19807,13,,,0,70,,19793,13,,,0,30,,19796,13,,,0,70,,19800,13,,,0,30,,19804,13,,,0,69,,19808,13,,,0,31,,19792,13,,,0,70,,19795,13,,,0,29,,19799,13,,,0,70,,19803,13,,,0,30,,19812,13,,,0,70,,19818,13,,,0,30,,19810,13,,,0,70,,19819,13,,,0,30,,19811,13,,,0
4019,'1799',808,,19843,13,,,0,30,,19844,13,,,0,70,,19841,13,,,0,30,,19845,13,,,0,72,,19842,13,,,0,30,,19826,13,,,0,70,,19830,13,,,0,30,,19834,13,,,0,69,,19837,13,,,0,32,,19822,13,,,0,69,,19825,13,,,0,30,,19829,13,,,0,69,,19833,13,,,0,30,,19835,13,,,0,70,,19821,13,,,0,30,,19824,13,,,0,70,,19828,13,,,0,30,,19832,13,,,0,69,,19836,13,,,0,31,,19820,13,,,0,70,,19823,13,,,0,29,,19827,13,,,0,70,,19831,13,,,0,30,,19840,13,,,0,70,,19846,13,,,0,30,,19838,13,,,0,70,,19847,13,,,0,30,,19839,13,,,0
4019,'1800',808,,19871,13,,,0,30,,19872,13,,,0,70,,19869,13,,,0,30,,19873,13,,,0,72,,19870,13,,,0,30,,19854,13,,,0,70,,19858,13,,,0,30,,19862,13,,,0,69,,19865,13,,,0,32,,19850,13,,,0,69,,19853,13,,,0,30,,19857,13,,,0,69,,19861,13,,,0,30,,19863,13,,,0,70,,19849,13,,,0,30,,19852,13,,,0,70,,19856,13,,,0,30,,19860,13,,,0,69,,19864,13,,,0,31,,19848,13,,,0,70,,19851,13,,,0,29,,19855,13,,,0,70,,19859,13,,,0,30,,19868,13,,,0,70,,19874,13,,,0,30,,19866,13,,,0,70,,19875,13,,,0,30,,19867,13,,,0
4019,'1817',808,,16736,13,,,0,30,,16737,13,,,0,70,,16734,13,,,0,30,,16738,13,,,0,72,,16735,13,,,0,30,,16719,13,,,0,70,,16723,13,,,0,30,,16727,13,,,0,69,,16730,13,,,0,32,,16715,13,,,0,69,,16718,13,,,0,30,,16722,13,,,0,69,,16726,13,,,0,30,,16728,13,,,0,70,,16714,13,,,0,30,,16717,13,,,0,70,,16721,13,,,0,30,,16725,13,,,0,69,,16729,13,,,0,31,,16713,13,,,0,70,,16716,13,,,0,29,,16720,13,,,0,70,,16724,13,,,0,30,,16733,13,,,0,70,,16739,13,,,0,30,,16731,13,,,0,70,,16740,13,,,0,30,,16732,13,,,0
4019,'1824',708,,16805,13,,,0,30,,16781,13,,,0,71,,16775,13,,,0,30,,16785,13,,,0,70,,16796,13,,,0,30,,16791,13,,,0,71,,16779,13,,,0,30,,16801,13,,,0,70,,16778,13,,,0,30,,16798,13,,,0,69,,16793,13,,,0,32,,16786,13,,,0,69,,16799,13,,,0,30,,16802,13,,,0,70,,16777,13,,,0,30,,16788,13,,,0,70,,16776,13,,,0,30,,16782,13,,,0,70,,16800,13,,,0,30,,16797,13,,,0,69,,16794,13,,,0,30,,16783,13,,,0,70,,16803,13,,,0,29,,16804,13,,,0,70,,16774,13,,,0,30,,16789,13,,,0,70,,16787,13,,,0,30,,16795,13,,,0,70,,16780,13,,,0,30,,16790,13,,,0,70,,16784,13,,,0,30,,16792,13,,,0
7019,'1796',517,,20216,8,,,0,36,,20217,27,,,0,72,,20250,8,,,0,31,,20218,27,,,0,71,,20219,27,,,0,32,,20227,27,,,0,72,,20220,27,,,0,69,,20228,27,,,0,28,,20221,27,,,0,30,,20229,27,,,0,71,,20222,27,,,0,30,,20230,27,,,0,70,,20223,27,,,0,71,,20231,27,,,0,30,,20224,27,,,0,70,,20232,27,,,0,30,,20225,27,,,0,70,,20233,27,,,0,31,,20226,27,,,0,74,,20246,27,,,0,33,,20247,27,,,0,14,,20253,8,,,0,52,,20248,27,,,0,30,,20249,27,,,0,70,,20234,27,,,0,28,,20236,27,,,0,26,,20235,27,,,0,70,,20238,27,,,0,28,,20239,27,,,0,70,,20240,27,,,0,28,,20241,27,,,0,70,,20242,27,,,0,30,,20243,27,,,0,67,,20252,8,,,0,31,,20244,27,,,0,72,,20251,12,,,0,27,,20245,27,,,0,100,,20237,27,,,0
7019,'1797',625,,20285,8,,,0,28,,20266,27,,,0,70,,20259,27,,,0,30,,20267,27,,,0,70,,20260,27,,,0,31,,20268,27,,,0,70,,20261,27,,,0,30,,20269,27,,,0,73,,20262,27,,,0,30,,20270,27,,,0,70,,20263,27,,,0,30,,20271,27,,,0,70,,20264,27,,,0,30,,20272,27,,,0,70,,20265,27,,,0,30,,20273,27,,,0,70,,20278,27,,,0,31,,20274,27,,,0,70,,20280,27,,,0,30,,20275,27,,,0,70,,20279,27,,,0,29,,20276,27,,,0,70,,20281,27,,,0,30,,20277,27,,,0,70,,20284,27,,,0,29,,20254,27,,,0,67,,20282,27,,,0,30,,20255,27,,,0,69,,20283,27,,,0,30,,20256,27,,,0,70,,20287,8,,,0,30,,20257,27,,,0,72,,20286,12,,,0,27,,20258,27,,,0
7019,'1798',555,,20302,8,,,0,70,,20305,8,,,0,30,,20306,8,,,0,68,,20307,8,,,0,30,,20293,27,,,0,71,,20321,12,,,0,30,,20294,27,,,0,73,,20313,12,,,0,27,,20303,27,,,0,75,,20320,12,,,0,28,,20295,27,,,0,72,,20312,12,,,0,28,,20296,27,,,0,72,,20319,12,,,0,28,,20297,27,,,0,73,,20311,12,,,0,27,,20298,27,,,0,73,,20318,12,,,0,28,,20299,27,,,0,73,,20310,12,,,0,27,,20300,27,,,0,73,,20317,12,,,0,26,,20301,27,,,0,73,,20309,12,,,0,27,,20289,27,,,0,72,,20316,12,,,0,27,,20290,27,,,0,70,,20314,12,,,0,27,,20288,27,,,0,71,,20315,12,,,0,28,,20292,27,,,0,72,,20322,12,,,0,28,,20291,27,,,0,70,,20308,8,,,0,30,,20304,8,,,0
7019,'1799',555,,20337,8,,,0,70,,20340,8,,,0,30,,20341,8,,,0,68,,20342,8,,,0,30,,20328,27,,,0,71,,20356,12,,,0,30,,20329,27,,,0,73,,20348,12,,,0,27,,20338,27,,,0,75,,20355,12,,,0,28,,20330,27,,,0,72,,20347,12,,,0,28,,20331,27,,,0,72,,20354,12,,,0,28,,20332,27,,,0,73,,20346,12,,,0,27,,20333,27,,,0,73,,20353,12,,,0,28,,20334,27,,,0,73,,20345,12,,,0,27,,20335,27,,,0,73,,20352,12,,,0,26,,20336,27,,,0,73,,20344,12,,,0,27,,20324,27,,,0,72,,20351,12,,,0,27,,20325,27,,,0,70,,20349,12,,,0,27,,20323,27,,,0,71,,20350,12,,,0,28,,20327,27,,,0,72,,20357,12,,,0,28,,20326,27,,,0,70,,20343,8,,,0,30,,20339,8,,,0
7019,'1800',555,,20372,8,,,0,70,,20375,8,,,0,30,,20376,8,,,0,68,,20377,8,,,0,30,,20363,27,,,0,71,,20391,12,,,0,30,,20364,27,,,0,73,,20383,12,,,0,27,,20373,27,,,0,75,,20390,12,,,0,28,,20365,27,,,0,72,,20382,12,,,0,28,,20366,27,,,0,72,,20389,12,,,0,28,,20367,27,,,0,73,,20381,12,,,0,27,,20368,27,,,0,73,,20388,12,,,0,28,,20369,27,,,0,73,,20380,12,,,0,27,,20370,27,,,0,73,,20387,12,,,0,26,,20371,27,,,0,73,,20379,12,,,0,27,,20359,27,,,0,72,,20386,12,,,0,27,,20360,27,,,0,70,,20384,12,,,0,27,,20358,27,,,0,71,,20385,12,,,0,28,,20362,27,,,0,72,,20392,12,,,0,28,,20361,27,,,0,70,,20378,8,,,0,30,,20374,8,,,0
7019,'1816',653,,9977,27,,,0,301,,9980,27,,,0,273,,9975,27,,,0,30,,9983,27,,,0,170,,9989,27,,,0,101,,9991,27,,,0,30,,9986,27,,,0,298,,9965,27,,,0,296,,9968,27,,,0,72,,9997,12,,,0,27,,9969,27,,,0
7019,'1817',555,,17020,8,,,0,70,,17023,8,,,0,30,,17024,8,,,0,68,,17025,8,,,0,30,,9879,27,,,0,71,,17037,12,,,0,30,,9880,27,,,0,73,,17030,12,,,0,27,,17021,27,,,0,75,,17036,12,,,0,28,,9881,27,,,0,72,,17029,12,,,0,28,,9882,27,,,0,72,,17035,12,,,0,28,,17018,27,,,0,73,,17028,12,,,0,27,,9884,27,,,0,73,,17034,12,,,0,28,,9885,27,,,0,73,,17027,12,,,0,27,,17019,27,,,0,73,,17033,12,,,0,26,,9887,27,,,0,73,,17026,12,,,0,27,,9875,27,,,0,72,,17032,12,,,0,27,,17016,27,,,0,70,,9900,12,,,0,27,,9874,27,,,0,71,,17031,12,,,0,28,,9878,27,,,0,72,,9908,12,,,0,28,,17017,27,,,0,70,,9894,8,,,0,30,,17022,8,,,0
7019,'1824',625,,17088,8,,,0,98,,17069,27,,,0,30,,17075,27,,,0,70,,17070,27,,,0,31,,17076,27,,,0,70,,17071,27,,,0,103,,17072,27,,,0,30,,17077,27,,,0,70,,17073,27,,,0,30,,17078,27,,,0,170,,17074,27,,,0,30,,17079,27,,,0,101,,17080,27,,,0,170,,17083,27,,,0,29,,17081,27,,,0,70,,17084,27,,,0,30,,17082,27,,,0,70,,17087,27,,,0,96,,17085,27,,,0,30,,17067,27,,,0,69,,17086,27,,,0,30,,17068,27,,,0,70,,17089,8,,,0
14019,'1796',525,,20931,17,,,0,100,,20930,17,,,0,80,,20901,17,,,0,30,,20914,17,,,0,68,,20902,17,,,0,23,,20915,17,,,0,30,,20903,17,,,0,70,,20916,17,,,0,30,,20904,17,,,0,70,,20917,17,,,0,30,,20905,17,,,0,70,,20918,17,,,0,30,,20906,17,,,0,70,,20919,17,,,0,30,,20907,17,,,0,70,,20920,17,,,0,30,,20908,17,,,0,70,,20921,17,,,0,30,,20909,17,,,0,71,,20922,17,,,0,80,,20910,17,,,0,30,,20923,17,,,0,70,,20911,17,,,0,30,,20924,17,,,0,70,,20912,17,,,0,19,,20925,17,,,0,30,,20913,17,,,0,70,,20926,17,,,0,30,,20932,17,,,0,69,,20927,17,,,0,92,,20928,17,,,0,100,,20929,17,,,0
14019,'1797',650,,20933,17,,,0,100,,20934,17,,,0,101,,20935,17,,,0,100,,20936,17,,,0,100,,20937,17,,,0,100,,20938,17,,,0,100,,20939,17,,,0,101,,20940,17,,,0,100,,20941,17,,,0,100,,20942,17,,,0,99,,20943,17,,,0,100,,20944,17,,,0,100,,20945,17,,,0,99,,20946,17,,,0,100,,20947,17,,,0,95,,20948,17,,,0,100,,20949,17,,,0
14019,'1798',650,,20963,17,,,0,100,,20964,17,,,0,101,,20952,17,,,0,100,,20953,17,,,0,100,,20954,17,,,0,100,,20955,17,,,0,100,,20956,17,,,0,101,,20957,17,,,0,100,,20958,17,,,0,100,,20959,17,,,0,99,,20960,17,,,0,100,,20961,17,,,0,100,,20962,17,,,0,99,,20951,17,,,0,95,,20950,17,,,0
14019,'1799',650,,20978,17,,,0,100,,20979,17,,,0,101,,20967,17,,,0,100,,20968,17,,,0,100,,20969,17,,,0,100,,20970,17,,,0,100,,20971,17,,,0,101,,20972,17,,,0,100,,20973,17,,,0,100,,20974,17,,,0,99,,20975,17,,,0,100,,20976,17,,,0,100,,20977,17,,,0,99,,20966,17,,,0,95,,20965,17,,,0
14019,'1800',650,,20993,17,,,0,100,,20994,17,,,0,101,,20982,17,,,0,100,,20983,17,,,0,100,,20984,17,,,0,100,,20985,17,,,0,100,,20986,17,,,0,101,,20987,17,,,0,100,,20988,17,,,0,100,,20989,17,,,0,99,,20990,17,,,0,100,,20991,17,,,0,100,,20992,17,,,0,99,,20981,17,,,0,95,,20980,17,,,0
14019,'1816',1251,,10565,18,,,0,201,,10567,18,,,0,100,,10568,18,,,0,598,,10574,18,,,0,100,,10575,18,,,0
14019,'1817',650,,10516,18,,,0,100,,17355,18,,,0,101,,17344,18,,,0,100,,17345,18,,,0,100,,17346,18,,,0,100,,17347,18,,,0,100,,17348,18,,,0,101,,17349,18,,,0,100,,17350,18,,,0,100,,17351,18,,,0,99,,17352,18,,,0,100,,17353,18,,,0,100,,17354,18,,,0,99,,10504,18,,,0,100,,17343,18,,,0
14019,'1824',650,,17384,18,,,0,100,,17385,18,,,0,101,,17386,18,,,0,100,,17387,18,,,0,100,,17388,18,,,0,100,,17389,18,,,0,201,,17390,18,,,0,299,,17391,18,,,0,100,,17392,18,,,0,100,,17393,18,,,0,99,,17394,18,,,0,100,,17395,18,,,0
502019,'1796',614,,22776,9,,,0,30,,22777,9,,,0,65,,22817,9,,,0,10,,22778,9,,,0,27,,22779,9,,,0,65,,22780,9,,,0,12,,22781,9,,,0,24,,22782,9,,,0,64,,22783,9,,,0,12,,22784,9,,,0,24,,22785,9,,,0,72,,22786,9,,,0,30,,22787,9,,,0,70,,22788,9,,,0,30,,22789,9,,,0,70,,22790,9,,,0,30,,22791,9,,,0,70,,22792,9,,,0,30,,22793,9,,,0,70,,22794,9,,,0,36,,22795,9,,,0,70,,22796,9,,,0,30,,22797,9,,,0,68,,22798,9,,,0,24,,22799,9,,,0,12,,22800,9,,,0,62,,22801,9,,,0,5,,22818,9,,,0,16,,22802,9,,,0,12,,22803,9,,,0,64,,22804,9,,,0,22,,22805,9,,,0,12,,22806,9,,,0,64,,22807,9,,,0,30,,22808,9,,,0,70,,22809,9,,,0,30,,22810,9,,,0,70,,22811,9,,,0,30,,22812,9,,,0,70,,22813,9,,,0,30,,22814,9,,,0,69,,22815,9,,,0,30,,22816,9,,,0
502019,'1797',644,,22826,9,,,0,70,,22833,9,,,0,30,,22825,9,,,0,70,,22834,9,,,0,32,,22824,9,,,0,70,,22835,9,,,0,30,,22823,9,,,0,71,,22836,9,,,0,30,,22844,9,,,0,70,,22837,9,,,0,30,,22845,9,,,0,71,,22838,9,,,0,30,,22846,9,,,0,70,,22839,9,,,0,30,,22847,9,,,0,71,,22840,9,,,0,30,,22848,9,,,0,70,,22841,9,,,0,30,,22849,9,,,0,69,,22842,9,,,0,30,,22850,9,,,0,69,,22843,9,,,0,30,,22851,9,,,0,69,,22827,9,,,0,30,,22852,9,,,0,70,,22829,9,,,0,99,,22828,9,,,0,30,,22822,9,,,0,70,,22830,9,,,0,30,,22821,9,,,0,70,,22831,9,,,0,30,,22820,9,,,0,70,,22832,9,,,0,30,,22819,9,,,0
502019,'1798',644,,22867,9,,,0,70,,22853,9,,,0,30,,22870,9,,,0,70,,22884,9,,,0,32,,22864,9,,,0,70,,22883,9,,,0,30,,22866,9,,,0,71,,22882,9,,,0,30,,22861,9,,,0,70,,22881,9,,,0,30,,22856,9,,,0,71,,22880,9,,,0,30,,22859,9,,,0,70,,22878,9,,,0,30,,22857,9,,,0,70,,22879,9,,,0,30,,22860,9,,,0,70,,22877,9,,,0,30,,22854,9,,,0,70,,22876,9,,,0,30,,22858,9,,,0,69,,22875,9,,,0,30,,22855,9,,,0,69,,22874,9,,,0,30,,22868,9,,,0,70,,22873,9,,,0,30,,22869,9,,,0,69,,22872,9,,,0,30,,22862,9,,,0,70,,22885,9,,,0,30,,22871,9,,,0,70,,22886,9,,,0,30,,22865,9,,,0,68,,22887,9,,,0,30,,22863,9,,,0
502019,'1799',644,,22902,9,,,0,70,,22888,9,,,0,30,,22905,9,,,0,70,,22919,9,,,0,32,,22899,9,,,0,70,,22918,9,,,0,30,,22901,9,,,0,71,,22917,9,,,0,30,,22896,9,,,0,70,,22916,9,,,0,30,,22891,9,,,0,71,,22915,9,,,0,30,,22894,9,,,0,70,,22913,9,,,0,30,,22892,9,,,0,70,,22914,9,,,0,30,,22895,9,,,0,70,,22912,9,,,0,30,,22889,9,,,0,70,,22911,9,,,0,30,,22893,9,,,0,69,,22910,9,,,0,30,,22890,9,,,0,69,,22909,9,,,0,30,,22903,9,,,0,70,,22908,9,,,0,30,,22904,9,,,0,69,,22907,9,,,0,30,,22897,9,,,0,70,,22920,9,,,0,30,,22906,9,,,0,70,,22921,9,,,0,30,,22900,9,,,0,68,,22922,9,,,0,30,,22898,9,,,0
502019,'1800',644,,22937,9,,,0,70,,22923,9,,,0,30,,22940,9,,,0,70,,22954,9,,,0,32,,22934,9,,,0,70,,22953,9,,,0,30,,22936,9,,,0,71,,22952,9,,,0,30,,22931,9,,,0,70,,22951,9,,,0,30,,22926,9,,,0,71,,22950,9,,,0,30,,22929,9,,,0,70,,22948,9,,,0,30,,22927,9,,,0,70,,22949,9,,,0,30,,22930,9,,,0,70,,22947,9,,,0,30,,22924,9,,,0,70,,22946,9,,,0,30,,22928,9,,,0,69,,22945,9,,,0,30,,22925,9,,,0,69,,22944,9,,,0,30,,22938,9,,,0,70,,22943,9,,,0,30,,22939,9,,,0,69,,22942,9,,,0,30,,22932,9,,,0,70,,22955,9,,,0,30,,22941,9,,,0,70,,22956,9,,,0,30,,22935,9,,,0,68,,22957,9,,,0,30,,22933,9,,,0
502019,'1817',644,,18302,9,,,0,70,,18288,9,,,0,30,,18305,9,,,0,70,,18319,9,,,0,32,,18299,9,,,0,70,,18318,9,,,0,30,,18301,9,,,0,71,,18317,9,,,0,30,,18296,9,,,0,70,,18316,9,,,0,30,,18291,9,,,0,71,,18315,9,,,0,30,,18294,9,,,0,70,,18313,9,,,0,30,,18292,9,,,0,70,,18314,9,,,0,30,,18295,9,,,0,70,,18312,9,,,0,30,,18289,9,,,0,70,,18311,9,,,0,30,,18293,9,,,0,69,,18310,9,,,0,30,,18290,9,,,0,69,,18309,9,,,0,30,,18303,9,,,0,70,,18308,9,,,0,30,,18304,9,,,0,69,,18307,9,,,0,30,,18297,9,,,0,70,,18321,9,,,0,30,,18306,9,,,0,70,,18322,9,,,0,30,,18300,9,,,0,68,,18320,9,,,0,30,,18298,9,,,0
502019,'1824',644,,18373,9,,,0,70,,18380,9,,,0,30,,18372,9,,,0,70,,18381,9,,,0,32,,18371,9,,,0,70,,18382,9,,,0,30,,18370,9,,,0,71,,18383,9,,,0,30,,18391,9,,,0,70,,18384,9,,,0,30,,18392,9,,,0,71,,18385,9,,,0,30,,18393,9,,,0,70,,18386,9,,,0,30,,18394,9,,,0,71,,18387,9,,,0,30,,18395,9,,,0,70,,18388,9,,,0,30,,18396,9,,,0,69,,18389,9,,,0,30,,18397,9,,,0,69,,18390,9,,,0,30,,18398,9,,,0,69,,18374,9,,,0,30,,18399,9,,,0,70,,18376,9,,,0,99,,18375,9,,,0,30,,18369,9,,,0,70,,18377,9,,,0,30,,18368,9,,,0,70,,18378,9,,,0,30,,18367,9,,,0,70,,18379,9,,,0,30,,18366,9,,,0
14000001029,'1796',504,,24916,46,0,18 7,0,102,,24917,46,0,18 7,0,1812,,24919,46,,,0,30,,24920,46,,,0,70,,24923,46,,,0,30,,24918,46,,,0,70,,24921,46,,,0,30,,24922,46,,,0
14000001029,'1797',602,,24928,46,0,18 7,0,1816,,24930,46,,,0,30,,24925,46,,,0,70,,24924,46,,,0,30,,24926,46,,,0,70,,24929,46,,,0,30,,24927,46,,,0
14000001029,'1798',602,,24937,46,0,18 7,0,1816,,24931,46,,,0,30,,24935,46,,,0,70,,24936,46,,,0,30,,24933,46,,,0,70,,24934,46,,,0,30,,24932,46,,,0
14000001029,'1799',602,,24944,46,0,18 7,0,1816,,24938,46,,,0,30,,24942,46,,,0,70,,24943,46,,,0,30,,24940,46,,,0,70,,24941,46,,,0,30,,24939,46,,,0
14000001029,'1800',602,,24951,46,0,18 7,0,1816,,24945,46,,,0,30,,24949,46,,,0,70,,24950,46,,,0,30,,24947,46,,,0,70,,24948,46,,,0,30,,24946,46,,,0
14000001029,'1816',2448,,9292,46,,,0,170,,9296,46,,,0
14000001029,'1817',602,,19150,46,0,18 7,0,1816,,19146,46,,,0,30,,13744,46,,,0,70,,19149,46,,,0,30,,19148,46,,,0,70,,13743,46,,,0,30,,19147,46,,,0
14000001029,'1824',602,,19160,46,0,18 7,0,1816,,19161,46,,,0,100,,19157,46,,,0,30,,19158,46,,,0,100,,19159,46,,,0
