14019,'1838',641,,36775,6,,,0,100,,44957,6,,,0,100,,44947,6,,,0,100,,44948,6,,,0,100,,44949,6,,,0,100,,44950,6,,,0,100,,44951,6,,,0,101,,44952,6,,,0,100,,44953,6,,,0,100,,44954,6,,,0,99,,44955,6,,,0,100,,36773,6,,,0,100,,44956,6,,,0,100,,42531,6,,,0,95,,36762,6,,,0
14019,'1865',516,,36840,6,,,0,100,,36839,6,,,0,40,,36810,6,,,0,70,,36823,6,,,0,28,,36811,6,,,0,62,,36824,6,,,0,30,,36812,6,,,0,70,,36825,6,,,0,30,,44958,6,,,0,70,,42540,6,,,0,30,,42539,6,,,0,70,,42541,6,,,0,30,,36815,6,,,0,70,,36828,6,,,0,30,,36816,6,,,0,70,,44964,6,,,0,30,,44959,6,,,0,70,,42542,6,,,0,30,,44960,6,,,0,71,,42543,6,,,0,40,,44961,6,,,0,70,,36832,6,,,0,30,,44962,6,,,0,70,,44965,6,,,0,30,,36821,6,,,0,59,,42544,6,,,0,30,,44963,6,,,0,70,,44966,6,,,0,30,,44968,6,,,0,70,,44967,6,,,0,92,,36837,6,,,0,100,,36838,6,,,0
14019,'1866',641,,44969,6,,,0,100,,44970,6,,,0,100,,36844,6,,,0,100,,44971,6,,,0,100,,44972,6,,,0,100,,44973,6,,,0,100,,36848,6,,,0,101,,44974,6,,,0,100,,36850,6,,,0,100,,36851,6,,,0,99,,44975,6,,,0,100,,44976,6,,,0,100,,44977,6,,,0,100,,44978,6,,,0,100,,44979,6,,,0,95,,36857,6,,,0,100,,42545,6,,,0
14019,'1867',641,,36872,6,,,0,100,,44990,6,,,0,100,,44980,6,,,0,100,,44981,6,,,0,100,,44982,6,,,0,100,,44983,6,,,0,100,,44984,6,,,0,101,,44985,6,,,0,100,,44986,6,,,0,100,,44987,6,,,0,99,,44988,6,,,0,100,,36870,6,,,0,100,,44989,6,,,0,100,,42546,6,,,0,95,,36859,6,,,0
14019,'1873',841,,30179,6,,,0,400,,30183,6,,,0,201,,30185,6,,,0,100,,30186,6,,,0,594,,30192,6,,,0,100,,42560,6,,,0
14019,'1878',641,,30207,6,,,0,1100,,30205,6,,,0,200,,42561,6,,,0,95,,30194,6,,,0
14019,'1881',946,,30244,6,,,0,370,,36803,6,,,0,30,,36796,6,,,0,100,,36797,6,,,0,111,,36798,6,,,0,100,,36799,6,,,0,70,,36806,6,,,0,119,,36800,6,,,0,70,,30266,6,,,0,30,,36809,6,,,0,70,,36808,6,,,0
14019,'1882',516,,30271,6,,,0,100,,30270,6,,,0,40,,30241,6,,,0,70,,30254,6,,,0,28,,30242,6,,,0,62,,30255,6,,,0,30,,30243,6,,,0,70,,30256,6,,,0,100,,42555,6,,,0,30,,42554,6,,,0,70,,42556,6,,,0,30,,30246,6,,,0,70,,30259,6,,,0,30,,30247,6,,,0,170,,42557,6,,,0,101,,42558,6,,,0,110,,30263,6,,,0,130,,30252,6,,,0,59,,42559,6,,,0,292,,30268,6,,,0,100,,30269,6,,,0
14019,'1886',946,,44991,6,,,0,370,,44997,6,,,0,30,,44992,6,,,0,100,,44993,6,,,0,111,,44994,6,,,0,100,,44995,6,,,0,70,,44998,6,,,0,119,,44996,6,,,0,70,,44999,6,,,0,30,,45001,6,,,0,70,,45000,6,,,0
14019,'1887',641,,45002,6,,,0,100,,45003,6,,,0,200,,45004,6,,,0,100,,45005,6,,,0,100,,45006,6,,,0,201,,45007,6,,,0,299,,45008,6,,,0,100,,45009,6,,,0,100,,45010,6,,,0,100,,45011,6,,,0,100,,45012,6,,,0
14019,'1888',741,,45023,6,,,0,100,,45013,6,,,0,100,,45014,6,,,0,100,,45015,6,,,0,100,,45016,6,,,0,100,,45017,6,,,0,101,,45018,6,,,0,100,,45019,6,,,0,100,,45020,6,,,0,99,,45021,6,,,0,200,,45022,6,,,0
