6029,'1838',838,,35833,10,0,5 2 6 7,0,100,,44416,10,0,5 2 6 7,0,100,,44424,10,0,5 2 6 7,0,100,,44414,10,0,5 2 6 7,0,102,,44423,10,0,5 2 6 7,0,100,,44419,10,0,5 2 6 7,0,100,,44422,10,0,5 2 6 7,0,100,,44417,10,0,5 2 6 7,0,100,,44421,10,0,5 2 6 7,0,100,,44418,10,0,5 2 6 7,0,98,,44420,10,0,5 2 6 7,0,100,,44415,10,0,5 2 6 7,0
6029,'1865',619,,35869,10,,,0,30,,42302,10,,,0,71,,42303,10,,,0,30,,42304,10,,,0,70,,42305,10,,,0,30,,42306,10,,,0,70,,44428,10,,,0,30,,42308,10,,,0,70,,42309,10,,,0,30,,44429,10,,,0,70,,42311,10,,,0,30,,42312,10,,,0,70,,42313,10,,,0,30,,42314,10,,,0,70,,42315,10,,,0,30,,44430,10,,,0,70,,42317,10,,,0,31,,42318,10,,,0,70,,42319,10,,,0,30,,42320,10,,,0,70,,42321,10,,,0,30,,44431,10,,,0,70,,42323,10,,,0,29,,42324,10,,,0,70,,42325,10,,,0,30,,42326,10,,,0,90,,44426,10,,,0,98,,35868,10,,,0,100,,44425,10,,,0,100,,44427,10,,,0
6029,'1866',615,,44433,10,,,0,30,,35898,10,,,0,65,,44450,10,,,0,30,,35922,10,,,0,70,,44434,10,,,0,30,,44444,10,,,0,70,,44451,10,,,0,30,,44457,10,,,0,71,,44443,10,,,0,30,,44456,10,,,0,70,,44442,10,,,0,30,,44448,10,,,0,70,,44441,10,,,0,30,,44455,10,,,0,70,,44440,10,,,0,30,,44447,10,,,0,70,,44439,10,,,0,30,,44454,10,,,0,70,,44438,10,,,0,30,,44446,10,,,0,70,,44437,10,,,0,30,,44453,10,,,0,70,,44436,10,,,0,30,,44445,10,,,0,70,,44435,10,,,0,30,,44452,10,,,0,69,,44432,10,0,5 2 6 7,0,100,,35921,10,0,5 2 6 7,0,100,,44449,10,0,5 2 6 7,0
6029,'1867',838,,35935,10,0,5 2 6 7,0,100,,44460,10,0,5 2 6 7,0,100,,44468,10,0,5 2 6 7,0,100,,44458,10,0,5 2 6 7,0,102,,44467,10,0,5 2 6 7,0,100,,44463,10,0,5 2 6 7,0,100,,44466,10,0,5 2 6 7,0,100,,44461,10,0,5 2 6 7,0,100,,44465,10,0,5 2 6 7,0,100,,44462,10,0,5 2 6 7,0,98,,44464,10,0,5 2 6 7,0,100,,44459,10,0,5 2 6 7,0
6029,'1873',645,,29200,10,,,0,95,,29224,10,,,0,1270,,29223,10,0,5 2 6 7,0
6029,'1878',838,,29237,10,0,5 2 6 7,0
6029,'1881',920,,42334,10,,,0,130,,42337,10,,,0,300,,42343,10,,,0,301,,42349,10,,,0,289,,35840,10,,,0,198,,42327,10,,,0,100,,42328,10,,,0
6029,'1882',619,,29272,10,,,0,30,,42329,10,,,0,71,,42330,10,,,0,30,,42331,10,,,0,70,,42332,10,,,0,30,,42333,10,,,0,100,,42335,10,,,0,70,,42336,10,,,0,100,,42338,10,,,0,30,,42339,10,,,0,70,,42340,10,,,0,30,,42341,10,,,0,70,,42342,10,,,0,100,,42344,10,,,0,31,,42345,10,,,0,70,,42346,10,,,0,30,,42347,10,,,0,70,,42348,10,,,0,100,,42350,10,,,0,29,,42351,10,,,0,70,,42352,10,,,0,30,,42353,10,,,0,188,,29271,10,,,0
6029,'1886',920,,44472,10,,,0,130,,44473,10,,,0,300,,44474,10,,,0,301,,44475,10,,,0,289,,44470,10,,,0,198,,44469,10,,,0,100,,44471,10,,,0
6029,'1887',615,,44477,10,,,0,95,,44494,10,,,0,100,,44478,10,,,0,30,,44488,10,,,0,70,,44495,10,,,0,30,,44501,10,,,0,71,,44487,10,,,0,30,,44500,10,,,0,70,,44486,10,,,0,30,,44492,10,,,0,70,,44485,10,,,0,30,,44499,10,,,0,70,,44484,10,,,0,30,,44491,10,,,0,70,,44483,10,,,0,30,,44498,10,,,0,70,,44482,10,,,0,30,,44490,10,,,0,70,,44481,10,,,0,30,,44497,10,,,0,70,,44480,10,,,0,30,,44489,10,,,0,70,,44479,10,,,0,30,,44496,10,,,0,69,,44476,10,0,5 2 6 7,0,200,,44493,10,0,5 2 6 7,0
6029,'1888',938,,44504,10,0,5 2 6 7,0,100,,44512,10,0,5 2 6 7,0,100,,44502,10,0,5 2 6 7,0,102,,44511,10,0,5 2 6 7,0,100,,44507,10,0,5 2 6 7,0,100,,44510,10,0,5 2 6 7,0,100,,44505,10,0,5 2 6 7,0,100,,44509,10,0,5 2 6 7,0,100,,44506,10,0,5 2 6 7,0,98,,44508,10,0,5 2 6 7,0,100,,44503,10,0,5 2 6 7,0
