15029,'1838',715,,36977,21,,,0,98,,45082,21,,,0,100,,36974,21,,,0,100,,36975,21,,,0,101,,45083,21,,,0,100,,36972,21,,,0,100,,36969,21,,,0,102,,45081,21,,,0,100,,36971,21,,,0,100,,36968,21,,,0,99,,45080,21,,,0,99,,36966,21,,,0,100,,36967,21,,,0,100,,45079,21,,,0
15029,'1865',641,,36995,21,,,0,69,,36996,21,,,0,32,,36997,21,,,0,71,,45086,21,,,0,34,,36999,21,,,0,70,,37000,21,,,0,25,,37001,21,,,0,70,,37002,21,,,0,30,,37003,21,,,0,70,,45087,21,,,0,30,,45088,21,,,0,70,,42575,21,,,0,30,,45089,21,,,0,70,,45090,21,,,0,30,,42576,21,,,0,70,,37010,21,,,0,32,,45091,21,,,0,75,,37012,21,,,0,32,,37013,21,,,0,70,,45092,21,,,0,29,,45093,21,,,0,64,,37016,21,,,0,29,,37017,21,,,0,69,,37018,21,,,0,27,,45094,21,,,0,70,,37020,21,,,0,30,,45095,21,,,0,70,,45096,21,,,0,30,,37023,21,,,0,100,,45098,21,,,0,97,,45097,21,,,0
15029,'1866',720,,37029,21,,,0,93,,37030,21,,,0,100,,45100,21,,,0,100,,37032,21,,,0,101,,37033,21,,,0,100,,45101,21,,,0,100,,37035,21,,,0,103,,37036,21,,,0,100,,45102,21,,,0,100,,37038,21,,,0,98,,37039,21,,,0,99,,45103,21,,,0,100,,37026,21,,,0,100,,37027,21,,,0
15029,'1867',715,,37054,21,,,0,98,,45107,21,,,0,100,,37051,21,,,0,100,,37052,21,,,0,101,,45108,21,,,0,100,,37049,21,,,0,100,,37046,21,,,0,102,,45106,21,,,0,100,,37048,21,,,0,100,,37045,21,,,0,99,,45105,21,,,0,99,,37043,21,,,0,100,,37044,21,,,0,100,,45104,21,,,0
15029,'1873',720,,30423,21,,,0,93,,30424,21,,,0,200,,30426,21,,,0,101,,30427,21,,,0,200,,30429,21,,,0,103,,30430,21,,,0,200,,30432,21,,,0,98,,30433,21,,,0,199,,30420,21,,,0,100,,30421,21,,,0
15029,'1878',715,,30448,21,,,0,198,,30445,21,,,0,100,,30446,21,,,0,201,,30443,21,,,0,100,,30440,21,,,0,202,,30442,21,,,0,100,,30439,21,,,0,198,,30437,21,,,0,100,,30438,21,,,0
15029,'1881',813,,36979,21,,,0,299,,36980,21,,,0,30,,36981,21,,,0,100,,36983,21,,,0,70,,36984,21,,,0,132,,36986,21,,,0,177,,36987,21,,,0,29,,36988,21,,,0,189,,30508,21,,,0,100,,36989,21,,,0,70,,42580,21,,,0,130,,36992,21,,,0,97,,36991,21,,,0
15029,'1882',641,,30484,21,,,0,69,,30485,21,,,0,32,,30486,21,,,0,105,,30488,21,,,0,70,,30489,21,,,0,25,,30490,21,,,0,70,,30491,21,,,0,30,,30492,21,,,0,170,,42578,21,,,0,130,,42579,21,,,0,70,,30499,21,,,0,107,,30501,21,,,0,32,,30502,21,,,0,163,,30505,21,,,0,29,,30506,21,,,0,69,,30507,21,,,0,97,,30509,21,,,0,130,,30512,21,,,0
15029,'1886',813,,45111,21,,,0,299,,45112,21,,,0,30,,45113,21,,,0,100,,45114,21,,,0,70,,45115,21,,,0,132,,45116,21,,,0,177,,45117,21,,,0,29,,45118,21,,,0,189,,45119,21,,,0,100,,45120,21,,,0,70,,45121,21,,,0,130,,45123,21,,,0,97,,45122,21,,,0
15029,'1887',913,,45125,21,,,0,301,,45126,21,,,0,303,,45127,21,,,0,297,,45128,21,,,0
15029,'1888',813,,45132,21,,,0,301,,45133,21,,,0,302,,45131,21,,,0,299,,45130,21,,,0,299,,45129,21,,,0
