22029,'1799',912,,21874,12,,,0,701,,21881,12,,,0
22029,'1800',812,,26242,12,,,0,100,,21891,12,,,0,100,,26243,12,,,0,100,,26244,12,,,0,100,,26245,12,,,0,101,,26246,12,,,0,100,,26247,12,,,0,100,,26248,12,,,0,100,,21898,12,,,0,99,,26249,12,,,0
22029,'1829',924,,21795,12,,,0,27,,21796,12,,,0,70,,21801,12,,,0,100,,21802,12,,,0,30,,21798,12,,,0,170,,21800,12,,,0,31,,21803,12,,,0,70,,21804,12,,,0,30,,21805,12,,,0,70,,21806,12,,,0,32,,21807,12,,,0,70,,21808,12,,,0,30,,21809,12,,,0,68,,21810,12,,,0,227,,21815,12,,,0,65,,21816,12,,,0
22029,'1831',842,,21822,12,,,0,70,,21823,12,,,0,30,,21824,12,,,0,70,,21825,12,,,0,30,,21826,12,,,0,70,,21827,12,,,0,30,,21828,12,,,0,70,,21829,12,,,0,31,,21830,12,,,0,70,,21831,12,,,0,31,,21832,12,,,0,69,,21833,12,,,0,31,,21834,12,,,0,70,,21835,12,,,0,30,,21836,12,,,0,70,,21837,12,,,0,29,,21838,12,,,0,69,,21839,12,,,0
22029,'1832',812,,21856,12,,,0,200,,21858,12,,,0,100,,21859,12,,,0,100,,21860,12,,,0,101,,21861,12,,,0,100,,21862,12,,,0,100,,21863,12,,,0,199,,21865,12,,,0
22029,'1833',912,,21857,12,,,0,701,,21864,12,,,0
22029,'1834',812,,21873,12,,,0,200,,21875,12,,,0,100,,21876,12,,,0,100,,21877,12,,,0,101,,21878,12,,,0,100,,21879,12,,,0,100,,21880,12,,,0,199,,21882,12,,,0
22029,'1835',1051,,26255,12,,,0,170,,26254,12,,,0,30,,26256,12,,,0,501,,26257,12,,,0,70,,26258,12,,,0,27,,26259,12,,,0,70,,26260,12,,,0,125,,26261,12,,,0,69,,26262,12,,,0
22029,'1837',812,,26263,12,,,0,200,,26264,12,,,0,100,,26265,12,,,0,100,,26266,12,,,0,101,,26267,12,,,0,100,,26268,12,,,0,100,,26269,12,,,0,199,,26270,12,,,0
22029,'1838',812,,26275,12,,,0,200,,26276,12,,,0,100,,26277,12,,,0,100,,26278,12,,,0,101,,26279,12,,,0,100,,26280,12,,,0,100,,26281,12,,,0,199,,26282,12,,,0
