15019,'1838',733,,45028,42,,,0,100,,36883,42,,,0,100,,36886,42,,,0,101,,45027,42,,,0,100,,36881,42,,,0,100,,36879,42,,,0,101,,45026,42,,,0,100,,36880,42,,,0,100,,36877,42,,,0,99,,45025,42,,,0,100,,36875,42,,,0,100,,36876,42,,,0,100,,45024,42,,,0,99,,36887,42,,,0
15019,'1865',605,,36904,8,0,5 2 6 7,0,54,,36905,42,,,0,70,,45029,42,,,0,76,,36907,42,,,0,30,,36908,42,,,0,65,,36909,42,,,0,30,,36910,42,,,0,70,,36911,42,,,0,30,,45030,42,,,0,70,,45031,42,,,0,30,,42569,42,,,0,70,,45032,42,,,0,30,,45033,42,,,0,70,,42570,42,,,0,30,,36918,42,,,0,70,,45034,42,,,0,31,,36920,42,,,0,72,,36921,42,,,0,30,,45035,42,,,0,70,,45036,42,,,0,30,,36924,42,,,0,69,,36925,42,,,0,29,,36926,42,,,0,28,,45037,42,,,0,70,,36928,42,,,0,30,,45038,42,,,0,70,,45039,42,,,0,30,,36931,42,,,0,100,,45040,42,,,0,98,,45041,42,,,0,100,,45042,42,0,5 2 6 7,0
15019,'1866',606,,45048,8,0,5 2 6 7,0,127,,36935,42,,,0,100,,45043,42,,,0,100,,36937,42,,,0,101,,36938,42,,,0,100,,45044,42,,,0,100,,36940,42,,,0,102,,36941,42,,,0,100,,45045,42,,,0,100,,36943,42,,,0,98,,36944,42,,,0,100,,45046,42,,,0,100,,36946,42,,,0,100,,36947,42,,,0,99,,45047,42,,,0
15019,'1867',733,,45053,42,,,0,100,,36959,42,,,0,100,,36962,42,,,0,101,,45052,42,,,0,100,,36957,42,,,0,100,,36955,42,,,0,101,,45051,42,,,0,100,,36956,42,,,0,100,,36953,42,,,0,99,,45050,42,,,0,100,,36951,42,,,0,100,,36952,42,,,0,100,,45049,42,,,0,99,,36963,42,,,0
15019,'1873',733,,30301,42,,,0,200,,30303,42,,,0,101,,30304,42,,,0,200,,30306,42,,,0,102,,30307,42,,,0,200,,30309,42,,,0,98,,30310,42,,,0,200,,30312,42,,,0,100,,30313,42,,,0
15019,'1878',833,,30325,42,,,0,100,,30328,42,,,0,201,,30323,42,,,0,100,,30321,42,,,0,201,,30322,42,,,0,100,,30319,42,,,0,199,,30317,42,,,0,100,,30318,42,,,0,199,,30329,42,,,0
15019,'1881',729,,36889,42,,,0,301,,36890,42,,,0,70,,36891,42,,,0,100,,36893,42,,,0,30,,36894,42,,,0,170,,36896,42,,,0,133,,36897,42,,,0,70,,36898,42,,,0,156,,30384,42,,,0,100,,36899,42,,,0,70,,42574,42,,,0,130,,36901,42,,,0,98,,36902,42,,,0,100,,36903,42,0,5 2 6 7,0
15019,'1882',605,,30361,8,0,5 2 6 7,0,54,,30362,42,,,0,146,,30364,42,,,0,30,,30365,42,,,0,65,,30366,42,,,0,30,,30367,42,,,0,70,,30368,42,,,0,130,,42572,42,,,0,170,,42573,42,,,0,30,,30375,42,,,0,101,,30377,42,,,0,72,,30378,42,,,0,130,,30381,42,,,0,69,,30382,42,,,0,29,,30383,42,,,0,98,,30385,42,,,0,130,,30388,42,,,0
15019,'1886',729,,45054,42,,,0,301,,45055,42,,,0,70,,45056,42,,,0,100,,45057,42,,,0,30,,45058,42,,,0,170,,45059,42,,,0,133,,45060,42,,,0,70,,45061,42,,,0,156,,45062,42,,,0,100,,45063,42,,,0,70,,45064,42,,,0,130,,45065,42,,,0,98,,45066,42,,,0,100,,45067,42,0,5 2 6 7,0
15019,'1887',606,,45073,8,0,5 2 6 7,0,227,,45068,42,,,0,301,,45069,42,,,0,302,,45070,42,,,0,298,,45071,42,,,0,299,,45072,42,,,0
15019,'1888',733,,45078,42,,,0,301,,45077,42,,,0,301,,45076,42,,,0,299,,45075,42,,,0,300,,45074,42,,,0
