11029,'1838',819,,36544,15,,,0,100,,42479,15,,,0,104,,42480,15,,,0,100,,36547,15,,,0,100,,42481,15,,,0,100,,42482,15,,,0,100,,36550,15,,,0,100,,42483,15,,,0,100,,42484,15,,,0,98,,36553,15,,,0,100,,36554,15,,,0,99,,42485,15,,,0,100,,42486,15,,,0
11029,'1857',621,,30011,8,,,0,98,,29997,15,,,0,101,,29998,15,,,0,201,,30000,15,,,0,100,,36576,15,,,0,100,,36577,15,,,0,100,,36578,15,,,0,100,,36579,15,,,0,200,,36581,15,,,0,100,,36582,15,,,0,100,,36583,15,,,0,100,,30009,15,,,0,200,,29996,15,,,0
11029,'1865',621,,36600,8,,,0,98,,36586,15,,,0,101,,36587,15,,,0,100,,42487,15,,,0,101,,36589,15,,,0,100,,36590,15,,,0,100,,36591,15,,,0,100,,36592,15,,,0,100,,36593,15,,,0,100,,42488,15,,,0,100,,36595,15,,,0,100,,36596,15,,,0,100,,36597,15,,,0,100,,36598,15,,,0,100,,42489,15,,,0,100,,36585,15,,,0
11029,'1866',621,,36601,8,,,0,98,,36615,15,,,0,100,,36602,15,,,0,100,,36603,15,,,0,104,,36604,15,,,0,100,,36605,15,,,0,100,,36606,15,,,0,100,,36607,15,,,0,100,,36608,15,,,0,100,,36609,15,,,0,100,,36610,15,,,0,98,,36611,15,,,0,100,,36612,15,,,0,99,,36613,15,,,0,100,,36614,15,,,0
11029,'1867',819,,36616,15,,,0,100,,42490,15,,,0,104,,42491,15,,,0,100,,36619,15,,,0,100,,42492,15,,,0,100,,42493,15,,,0,100,,36622,15,,,0,100,,42494,15,,,0,100,,42495,15,,,0,98,,36625,15,,,0,100,,36626,15,,,0,99,,42496,15,,,0,100,,42497,15,,,0
11029,'1871',920,,36575,15,,,0,601,,36580,15,,,0,500,,36584,15,,,0
11029,'1873',621,,36557,8,,,0,98,,36566,15,,,0,100,,29953,15,,,0,100,,29954,15,,,0,104,,36558,15,,,0,100,,36559,15,,,0,100,,36560,15,,,0,100,,29958,15,,,0,100,,36561,15,,,0,100,,29960,15,,,0,100,,29961,15,,,0,98,,36562,15,,,0,100,,36563,15,,,0,99,,36564,15,,,0,100,,36565,15,,,0
11029,'1874',919,,36567,15,,,0,104,,36568,15,,,0,200,,36569,15,,,0,100,,36570,15,,,0,200,,36571,15,,,0,100,,36572,15,,,0,297,,36573,15,,,0,100,,36574,15,,,0
11029,'1875',819,,29967,15,,,0,304,,29970,15,,,0,300,,29973,15,,,0,298,,29976,15,,,0,100,,29977,15,,,0
11029,'1876',920,,42498,15,,,0,601,,42499,15,,,0,500,,42500,15,,,0
11029,'1878',919,,42501,15,,,0,104,,42502,15,,,0,200,,42503,15,,,0,100,,42504,15,,,0,200,,42505,15,,,0,100,,42506,15,,,0,297,,42507,15,,,0,100,,42508,15,,,0
