16029,'1838',743,,45175,21,,,0,99,,45176,21,,,0,97,,42757,21,,,0,104,,45179,21,,,0,98,,45181,21,,,0,100,,45178,21,,,0,101,,45180,21,,,0,100,,45173,21,,,0,100,,45174,21,,,0,99,,42762,21,,,0,99,,45177,21,,,0,101,,42768,21,,,0,100,,42763,21,,,0,102,,42764,21,,,0,98,,42770,21,,,0
16029,'1865',613,,42771,21,,,0,30,,42772,21,,,0,73,,42773,21,,,0,36,,42774,21,,,0,71,,42775,21,,,0,32,,42776,21,,,0,70,,42777,21,,,0,29,,45182,21,,,0,67,,42779,21,,,0,30,,42780,21,,,0,70,,45183,21,,,0,30,,42782,21,,,0,70,,42783,21,,,0,30,,45184,21,,,0,70,,42785,21,,,0,30,,42786,21,,,0,71,,42787,21,,,0,32,,42788,21,,,0,71,,42789,21,,,0,29,,45185,21,,,0,72,,42791,21,,,0,30,,42792,21,,,0,69,,42793,21,,,0,28,,42794,21,,,0,69,,42795,21,,,0,30,,45187,21,,,0,67,,42796,21,,,0,30,,42797,21,,,0,70,,42798,21,,,0,24,,42799,21,,,0,70,,45186,21,,,0,29,,42801,21,,,0,70,,42802,21,,,0
16029,'1866',612,,42811,21,,,0,27,,42826,21,,,0,70,,42819,21,,,0,30,,42804,21,,,0,70,,42812,21,,,0,30,,42827,21,,,0,70,,42820,21,,,0,30,,42805,21,,,0,71,,42813,21,,,0,30,,42828,21,,,0,70,,42821,21,,,0,31,,42806,21,,,0,70,,42814,21,,,0,30,,42829,21,,,0,71,,42822,21,,,0,30,,42807,21,,,0,71,,42815,21,,,0,29,,42830,21,,,0,71,,42823,21,,,0,30,,42808,21,,,0,69,,42816,21,,,0,30,,42831,21,,,0,69,,42824,21,,,0,29,,42809,21,,,0,71,,42817,21,,,0,30,,42832,21,,,0,70,,42825,21,,,0,30,,42810,21,,,0,69,,42818,21,,,0,31,,42833,21,,,0,97,,42834,21,,,0,73,,42835,21,,,0
16029,'1867',743,,45190,21,,,0,99,,45191,21,,,0,97,,42837,21,,,0,104,,45194,21,,,0,98,,45196,21,,,0,100,,45193,21,,,0,101,,45195,21,,,0,100,,45188,21,,,0,100,,45189,21,,,0,99,,42842,21,,,0,99,,45192,21,,,0,101,,42848,21,,,0,100,,42843,21,,,0,102,,42844,21,,,0,98,,42850,21,,,0
16029,'1873',612,,42891,21,,,0,27,,42906,21,,,0,70,,42899,21,,,0,30,,42884,21,,,0,70,,42892,21,,,0,30,,42907,21,,,0,70,,42900,21,,,0,30,,42885,21,,,0,71,,42893,21,,,0,30,,42908,21,,,0,70,,42901,21,,,0,31,,42886,21,,,0,70,,42894,21,,,0,30,,42909,21,,,0,71,,42902,21,,,0,30,,42887,21,,,0,71,,42895,21,,,0,29,,42910,21,,,0,71,,42903,21,,,0,30,,42888,21,,,0,69,,42896,21,,,0,30,,42911,21,,,0,69,,42904,21,,,0,29,,42889,21,,,0,71,,42897,21,,,0,30,,42912,21,,,0,70,,42905,21,,,0,30,,42890,21,,,0,69,,42898,21,,,0,31,,42913,21,,,0,97,,42914,21,,,0,73,,42915,21,,,0
16029,'1878',939,,42917,21,,,0,702,,42922,21,,,0,200,,42928,21,,,0,100,,42923,21,,,0,102,,42924,21,,,0,98,,42930,21,,,0
16029,'1881',954,,42858,21,,,0,167,,42861,21,,,0,130,,42864,21,,,0,303,,42870,21,,,0,298,,42883,21,,,0,261,,42880,21,,,0
16029,'1882',613,,42851,21,,,0,30,,42852,21,,,0,73,,42853,21,,,0,36,,42854,21,,,0,71,,42855,21,,,0,32,,42856,21,,,0,70,,42857,21,,,0,96,,42859,21,,,0,30,,42860,21,,,0,100,,42862,21,,,0,70,,42863,21,,,0,100,,42865,21,,,0,30,,42866,21,,,0,71,,42867,21,,,0,32,,42868,21,,,0,71,,42869,21,,,0,101,,42871,21,,,0,30,,42872,21,,,0,69,,42873,21,,,0,28,,42874,21,,,0,69,,42875,21,,,0,97,,42876,21,,,0,30,,42877,21,,,0,70,,42878,21,,,0,24,,42879,21,,,0,99,,42881,21,,,0,70,,42882,21,,,0
16029,'1886',954,,45197,21,,,0,167,,45198,21,,,0,130,,45199,21,,,0,303,,45200,21,,,0,298,,45202,21,,,0,261,,45201,21,,,0
16029,'1888',743,,45205,21,,,0,99,,45206,21,,,0,201,,45209,21,,,0,98,,45211,21,,,0,100,,45208,21,,,0,101,,45210,21,,,0,100,,45203,21,,,0,100,,45204,21,,,0,198,,45207,21,,,0
