10029,'1796',601,,20587,7,,,0,100,,20588,7,,,0,100,,20586,7,,,0,101,,20589,7,,,0,100,,20585,7,,,0,100,,20584,7,,,0,100,,20583,7,,,0,100,,20581,7,,,0,100,,20579,7,,,0,100,,20582,7,,,0,100,,20580,7,,,0,100,,20578,7,,,0,100,,20590,7,,,0,100,,20591,7,,,0,100,,20592,7,,,0,100,,20593,7,,,0,100,,20594,7,,,0,99,,20596,7,0,27 28 1 29,0,100,,20595,7,0,27 28 1 29,0
10029,'1797',702,,20611,7,,,0,100,,20604,7,,,0,100,,20597,7,,,0,100,,20605,7,,,0,100,,20598,7,,,0,100,,20606,7,,,0,100,,20599,7,,,0,100,,20607,7,,,0,100,,20600,7,,,0,100,,20608,7,,,0,100,,20601,7,,,0,100,,20609,7,,,0,100,,20602,7,,,0,100,,20610,7,,,0,100,,20603,7,,,0,99,,20613,7,0,27 28 1 29,0,200,,20612,7,0,27 28 1 29,0
10029,'1798',902,,20618,7,,,0,100,,20624,7,,,0,100,,20617,7,,,0,100,,20622,7,,,0,100,,20615,7,,,0,100,,20620,7,,,0,100,,20621,7,,,0,100,,20623,7,,,0,100,,20616,7,,,0,100,,20614,7,,,0,100,,20619,7,,,0,99,,20625,7,0,27 28 1 29,0
10029,'1799',902,,20630,7,,,0,100,,20636,7,,,0,100,,20629,7,,,0,100,,20634,7,,,0,100,,20627,7,,,0,100,,20632,7,,,0,100,,20633,7,,,0,100,,20635,7,,,0,100,,20628,7,,,0,100,,20626,7,,,0,100,,20631,7,,,0,99,,20637,7,0,27 28 1 29,0
10029,'1800',902,,20642,7,,,0,100,,20648,7,,,0,100,,20641,7,,,0,100,,20646,7,,,0,100,,20639,7,,,0,100,,20644,7,,,0,100,,20645,7,,,0,100,,20647,7,,,0,100,,20640,7,,,0,100,,20638,7,,,0,100,,20643,7,,,0,99,,20649,7,0,27 28 1 29,0
10029,'1816',702,,10238,7,,,0,100,,10231,7,,,0,100,,10224,7,,,0,100,,10232,7,,,0,100,,10225,7,,,0,100,,10233,7,,,0,100,,10226,7,,,0,100,,10234,7,,,0,100,,10227,7,,,0,100,,10235,7,,,0,100,,10228,7,,,0,100,,10236,7,,,0,100,,10229,7,,,0,100,,10237,7,,,0,100,,10230,7,,,0,99,,10240,7,0,27 28 1 29,0
10029,'1817',902,,10197,7,,,0,100,,10203,7,,,0,100,,10196,7,,,0,100,,10201,7,,,0,100,,10194,7,,,0,100,,10199,7,,,0,100,,10200,7,,,0,100,,10202,7,,,0,100,,10195,7,,,0,100,,10193,7,,,0,100,,10198,7,,,0,99,,10204,7,0,27 28 1 29,0
10029,'1824',2401,,17177,7,0,27 28 1 29,0
15019,'1796',642,,20996,17,,,0,70,,20997,17,,,0,34,,20998,17,,,0,70,,20999,17,,,0,27,,21000,17,,,0,70,,21001,17,,,0,30,,21002,17,,,0,70,,21003,17,,,0,30,,21004,17,,,0,70,,21005,17,,,0,30,,21006,17,,,0,70,,21007,17,,,0,30,,21008,17,,,0,70,,21009,17,,,0,30,,21010,17,,,0,70,,21011,17,,,0,31,,21012,17,,,0,70,,21013,17,,,0,30,,21014,17,,,0,70,,21015,17,,,0,29,,21016,17,,,0,70,,21017,17,,,0,29,,21018,17,,,0,70,,21019,17,,,0,30,,21020,17,,,0,70,,21021,17,,,0,30,,21022,17,,,0,100,,21023,17,,,0,99,,21024,17,,,0,100,,21025,17,0,5 2 6 7,0
15019,'1797',717,,21026,17,,,0,100,,21027,17,,,0,100,,21028,17,,,0,101,,21029,17,,,0,100,,21030,17,,,0,100,,21031,17,,,0,100,,21032,17,,,0,100,,21033,17,,,0,100,,21034,17,,,0,100,,21035,17,,,0,100,,21036,17,,,0,100,,21037,17,,,0,100,,21038,17,,,0,99,,21039,17,,,0
15019,'1798',717,,21052,17,,,0,100,,21050,17,,,0,100,,21053,17,,,0,101,,21051,17,,,0,100,,21048,17,,,0,100,,21046,17,,,0,100,,21049,17,,,0,100,,21047,17,,,0,100,,21044,17,,,0,100,,21045,17,,,0,100,,21042,17,,,0,100,,21043,17,,,0,100,,21041,17,,,0,99,,21054,17,,,0
15019,'1799',717,,21066,17,,,0,100,,21064,17,,,0,100,,21067,17,,,0,101,,21065,17,,,0,100,,21062,17,,,0,100,,21060,17,,,0,100,,21063,17,,,0,100,,21061,17,,,0,100,,21058,17,,,0,100,,21059,17,,,0,100,,21056,17,,,0,100,,21057,17,,,0,100,,21055,17,,,0,99,,21068,17,,,0
15019,'1800',717,,21080,17,,,0,100,,21078,17,,,0,100,,21081,17,,,0,101,,21079,17,,,0,100,,21076,17,,,0,100,,21074,17,,,0,100,,21077,17,,,0,100,,21075,17,,,0,100,,21072,17,,,0,100,,21073,17,,,0,100,,21070,17,,,0,100,,21071,17,,,0,100,,21069,17,,,0,99,,21082,17,,,0
15019,'1816',717,,10636,17,,,0,301,,10639,17,,,0,300,,10642,17,,,0,300,,10645,17,,,0,300,,10648,17,,,0
15019,'1817',717,,17400,17,,,0,100,,10600,17,,,0,100,,10603,17,,,0,101,,17399,17,,,0,100,,10598,17,,,0,100,,10596,17,,,0,100,,17398,17,,,0,100,,10597,17,,,0,100,,10594,17,,,0,100,,17397,17,,,0,100,,10592,17,,,0,100,,10593,17,,,0,100,,17396,17,,,0,99,,10604,17,,,0
15019,'1824',817,,17428,17,,,0,100,,17429,17,,,0,201,,17430,17,,,0,100,,17431,17,,,0,200,,17432,17,,,0,100,,17433,17,,,0,200,,17434,17,,,0,100,,17435,17,,,0,199,,17436,17,,,0
