7029,'1838',711,,36145,9,,,0,100,,36146,9,,,0,100,,44633,9,,,0,100,,36148,9,,,0,100,,36149,9,,,0,100,,44634,9,,,0,100,,36151,9,,,0,101,,36152,9,,,0,100,,44635,9,,,0,99,,36154,9,,,0,100,,36155,9,,,0,100,,44636,9,,,0,100,,36157,9,,,0,98,,36158,9,,,0,100,,44632,9,,,0,230,,44637,9,0,13 14,0
7029,'1865',509,,44642,9,,,0,100,,44643,9,,,0,31,,44644,9,,,0,72,,36198,9,,,0,30,,36199,9,,,0,70,,36200,9,,,0,30,,44645,9,,,0,69,,42423,9,,,0,30,,42424,9,,,0,70,,42425,9,,,0,30,,36205,9,,,0,71,,36206,9,,,0,30,,36207,9,,,0,70,,44640,9,,,0,30,,44641,9,,,0,70,,42421,9,,,0,31,,44639,9,,,0,70,,44638,9,,,0,30,,42422,9,,,0,70,,36208,9,,,0,30,,44646,9,,,0,70,,44647,9,,,0,29,,44648,9,,,0,70,,42426,9,,,0,29,,44649,9,,,0,70,,36214,9,,,0,30,,36215,9,,,0,70,,44650,9,,,0,30,,44651,9,,,0,70,,36218,9,,,0,98,,36219,9,,,0,100,,36220,9,,,0,100,,42427,9,,,0
7029,'1866',642,,44652,9,,,0,70,,44662,9,,,0,30,,36223,9,,,0,69,,36237,9,,,0,30,,44653,9,,,0,70,,36238,9,,,0,30,,44654,9,,,0,70,,44663,9,,,0,30,,44655,9,,,0,70,,36240,9,,,0,30,,36227,9,,,0,70,,36241,9,,,0,30,,44656,9,,,0,70,,44664,9,,,0,30,,36229,9,,,0,71,,36243,9,,,0,30,,36230,9,,,0,70,,36244,9,,,0,30,,44657,9,,,0,69,,44665,9,,,0,30,,44658,9,,,0,70,,36246,9,,,0,30,,44659,9,,,0,70,,36247,9,,,0,30,,44660,9,,,0,70,,44666,9,,,0,30,,44661,9,,,0,68,,36249,9,,,0,100,,36250,9,,,0,100,,36251,9,,,0,100,,42428,9,,,0,30,,44667,9,0,13 14,0
7029,'1867',711,,36256,9,,,0,100,,36257,9,,,0,100,,44669,9,,,0,100,,36259,9,,,0,100,,36260,9,,,0,100,,44670,9,,,0,100,,36262,9,,,0,101,,36263,9,,,0,100,,44671,9,,,0,99,,36265,9,,,0,100,,36266,9,,,0,100,,44672,9,,,0,100,,36268,9,,,0,98,,36269,9,,,0,100,,44668,9,,,0,230,,44673,9,0,13 14,0
7029,'1873',742,,29546,9,,,0,69,,29560,9,,,0,100,,29561,9,,,0,200,,29563,9,,,0,30,,29550,9,,,0,70,,29564,9,,,0,130,,29552,9,,,0,71,,29566,9,,,0,30,,29553,9,,,0,70,,29567,9,,,0,199,,29569,9,,,0,100,,29570,9,,,0,198,,29572,9,,,0,100,,29573,9,,,0,100,,29574,9,,,0,100,,42437,9,,,0
7029,'1878',711,,29579,9,,,0,100,,29580,9,,,0,200,,29582,9,,,0,100,,29583,9,,,0,200,,29585,9,,,0,101,,29586,9,,,0,199,,29588,9,,,0,100,,29589,9,,,0,200,,29591,9,,,0,98,,29592,9,,,0
7029,'1881',509,,36176,9,,,0,100,,36177,9,,,0,31,,29635,9,,,0,202,,36178,9,,,0,370,,36172,9,,,0,30,,36173,9,,,0,101,,36171,9,,,0,70,,36170,9,,,0,130,,36182,9,,,0,70,,36183,9,,,0,29,,36184,9,,,0,99,,36186,9,,,0,170,,36187,9,,,0,30,,29655,9,,,0
7029,'1882',712,,29636,9,,,0,30,,29637,9,,,0,70,,29638,9,,,0,99,,42432,9,,,0,30,,42433,9,,,0,70,,42434,9,,,0,30,,29643,9,,,0,71,,29644,9,,,0,30,,29645,9,,,0,170,,42430,9,,,0,131,,42431,9,,,0,70,,29646,9,,,0,199,,42435,9,,,0,99,,29652,9,,,0,30,,29653,9,,,0,170,,29656,9,,,0,98,,29657,9,,,0,100,,29658,9,,,0,100,,42436,9,,,0
7029,'1886',509,,44678,9,,,0,100,,44679,9,,,0,31,,44680,9,,,0,202,,44681,9,,,0,370,,44676,9,,,0,30,,44677,9,,,0,101,,44675,9,,,0,70,,44674,9,,,0,130,,44682,9,,,0,70,,44683,9,,,0,29,,44684,9,,,0,99,,44685,9,,,0,170,,44686,9,,,0,30,,44687,9,,,0
7029,'1887',642,,44688,9,,,0,70,,44698,9,,,0,129,,44689,9,,,0,100,,44690,9,,,0,70,,44699,9,,,0,30,,44691,9,,,0,200,,44692,9,,,0,70,,44700,9,,,0,231,,44693,9,,,0,69,,44701,9,,,0,30,,44694,9,,,0,100,,44695,9,,,0,100,,44696,9,,,0,70,,44702,9,,,0,30,,44697,9,,,0,398,,44703,9,0,13 14,0
7029,'1888',911,,44705,9,,,0,300,,44706,9,,,0,301,,44707,9,,,0,299,,44708,9,,,0,298,,44704,9,,,0,230,,44709,9,0,13 14,0
20007019,'1838',641,,48442,9,,,0,200,,41916,9,,,0,100,,48439,9,,,0,100,,41918,9,,,0,100,,41919,9,,,0,100,,41920,9,,,0,100,,48440,9,,,0,101,,41922,9,,,0,100,,41923,9,,,0,99,,41924,9,,,0,100,,41925,9,,,0,100,,41926,9,,,0,100,,41927,9,,,0,98,,43939,9,,,0,100,,48441,9,,,0,70,,43940,9,,,0,30,,43938,9,,,0,70,,43937,9,,,0
20007019,'1865',545,,41943,9,,,0,1494,,48443,9,,,0,100,,48444,9,,,0,100,,41946,9,,,0,100,,48446,9,,,0,100,,48445,9,,,0
20007019,'1866',2039,,48447,9,,,0,100,,48448,9,,,0,100,,41951,9,,,0
20007019,'1867',641,,48452,9,,,0,200,,41954,9,,,0,100,,48449,9,,,0,100,,41956,9,,,0,100,,41957,9,,,0,100,,41958,9,,,0,100,,48450,9,,,0,101,,41960,9,,,0,100,,41961,9,,,0,99,,41962,9,,,0,100,,41963,9,,,0,100,,41964,9,,,0,100,,41965,9,,,0,98,,43944,9,,,0,100,,48451,9,,,0,70,,43945,9,,,0,30,,43943,9,,,0,70,,43942,9,,,0
20007019,'1873',2239,,34724,9,,,0
20007019,'1878',841,,34727,9,,,0,200,,34729,9,,,0,100,,34730,9,,,0,100,,34731,9,,,0,201,,34733,9,,,0,100,,34734,9,,,0,99,,34735,9,,,0,100,,34736,9,,,0,100,,34737,9,,,0,100,,34738,9,,,0,98,,43949,9,,,0,170,,43950,9,,,0,30,,43948,9,,,0,70,,43947,9,,,0
20007019,'1881',2039,,41939,9,,,0,100,,41940,9,,,0,200,,43946,9,,,0,100,,41941,9,,,0
20007019,'1882',545,,34749,9,,,0,1694,,34752,9,,,0
20007019,'1886',2039,,48453,9,,,0,100,,48454,9,,,0,200,,48456,9,,,0,100,,48455,9,,,0
20007019,'1887',2039,,48457,9,,,0,100,,48458,9,,,0
20007019,'1888',641,,48462,9,,,0,300,,48459,9,,,0,400,,48460,9,,,0,798,,48461,9,,,0
