1029,'1796',626,,19297,48,,,0,30,,19298,48,,,0,70,,19318,48,,,0,30,,19294,48,,,0,71,,19289,48,,,0,30,,19322,48,,,0,69,,19292,48,,,0,30,,19299,48,,,0,71,,19317,48,,,0,30,,19296,48,,,0,70,,19288,48,,,0,30,,19321,48,,,0,70,,19293,48,,,0,30,,19300,48,,,0,70,,19316,48,,,0,30,,19295,48,,,0,70,,19290,48,,,0,31,,19319,48,,,0,70,,19291,48,,,0,30,,19301,48,,,0,70,,19315,48,,,0,30,,19304,48,,,0,70,,19303,48,,,0,28,,19302,48,,,0,70,,19308,48,,,0,30,,19307,48,,,0,70,,19306,48,,,0,30,,19305,48,,,0,70,,19320,48,,,0,30,,19314,48,,,0,70,,19313,48,,,0,30,,19312,48,,,0,70,,19311,48,,,0,30,,19310,48,,,0,65,,19309,48,,,0
1029,'1797',626,,19328,48,,,0,30,,19340,48,,,0,70,,19347,48,,,0,30,,19335,48,,,0,70,,19356,48,,,0,30,,19344,48,,,0,69,,19327,48,,,0,31,,19339,48,,,0,70,,19350,48,,,0,30,,19334,48,,,0,70,,19357,48,,,0,30,,19343,48,,,0,70,,19326,48,,,0,30,,19338,48,,,0,70,,19349,48,,,0,30,,19333,48,,,0,70,,19329,48,,,0,30,,19342,48,,,0,70,,19325,48,,,0,30,,19337,48,,,0,70,,19345,48,,,0,30,,19332,48,,,0,70,,19354,48,,,0,30,,19341,48,,,0,70,,19324,48,,,0,30,,19336,48,,,0,70,,19348,48,,,0,30,,19330,48,,,0,70,,19352,48,,,0,30,,19351,48,,,0,70,,19323,48,,,0,30,,19331,48,,,0,70,,19346,48,,,0,30,,19355,48,,,0,65,,19353,48,,,0
1029,'1798',626,,19358,48,,,0,100,,19359,48,,,0,100,,19360,48,,,0,100,,19361,48,,,0,100,,19362,48,,,0,100,,19363,48,,,0,100,,19364,48,,,0,100,,19365,48,,,0,100,,19366,48,,,0,100,,19367,48,,,0,100,,19368,48,,,0,100,,19369,48,,,0,100,,19370,48,,,0,100,,19371,48,,,0,100,,19372,48,,,0,100,,19373,48,,,0,100,,19374,48,,,0,95,,19375,48,,,0
1029,'1799',626,,19376,48,,,0,100,,19377,48,,,0,100,,19378,48,,,0,100,,19379,48,,,0,100,,19380,48,,,0,100,,19381,48,,,0,100,,19382,48,,,0,100,,19383,48,,,0,100,,19384,48,,,0,100,,19385,48,,,0,100,,19386,48,,,0,100,,19387,48,,,0,100,,19388,48,,,0,100,,19389,48,,,0,100,,19390,48,,,0,100,,19391,48,,,0,100,,19392,48,,,0,95,,19393,48,,,0
1029,'1800',626,,19394,48,,,0,100,,19395,48,,,0,100,,19396,48,,,0,100,,19397,48,,,0,100,,19398,48,,,0,100,,19399,48,,,0,100,,19400,48,,,0,100,,19401,48,,,0,100,,19402,48,,,0,100,,19403,48,,,0,100,,19404,48,,,0,100,,19405,48,,,0,100,,19406,48,,,0,100,,19407,48,,,0,100,,19408,48,,,0,100,,19409,48,,,0,100,,19410,48,,,0,95,,19411,48,,,0
1029,'1817',626,,16625,48,,,0,100,,16626,48,,,0,100,,16627,48,,,0,100,,16628,48,,,0,100,,16629,48,,,0,100,,16630,48,,,0,100,,16631,48,,,0,100,,16632,48,,,0,100,,16633,48,,,0,100,,16634,48,,,0,100,,16635,48,,,0,100,,16636,48,,,0,100,,16637,48,,,0,100,,16638,48,,,0,100,,16639,48,,,0,100,,16640,48,,,0,100,,16641,48,,,0,95,,16642,48,,,0
1029,'1824',626,,16682,48,,,0,30,,16694,48,,,0,70,,16701,48,,,0,30,,16689,48,,,0,70,,16710,48,,,0,30,,16698,48,,,0,69,,16681,48,,,0,31,,16693,48,,,0,70,,16704,48,,,0,30,,16688,48,,,0,70,,16711,48,,,0,30,,16697,48,,,0,70,,16680,48,,,0,30,,16692,48,,,0,70,,16703,48,,,0,30,,16687,48,,,0,70,,16683,48,,,0,30,,16696,48,,,0,70,,16679,48,,,0,30,,16691,48,,,0,70,,16699,48,,,0,30,,16686,48,,,0,70,,16708,48,,,0,30,,16695,48,,,0,70,,16678,48,,,0,30,,16690,48,,,0,70,,16702,48,,,0,30,,16684,48,,,0,70,,16706,48,,,0,30,,16705,48,,,0,70,,16677,48,,,0,30,,16685,48,,,0,70,,16700,48,,,0,30,,16709,48,,,0,65,,16707,48,,,0
2029,'1796',544,,19588,30,,,0,67,,19562,45,,,0,30,,19563,45,,,0,70,,19564,45,,,0,30,,19565,45,,,0,70,,19566,45,,,0,30,,19567,45,,,0,70,,19568,45,,,0,30,,19569,45,,,0,70,,19570,45,,,0,30,,19571,45,,,0,70,,19572,45,,,0,30,,19573,45,,,0,70,,19574,45,,,0,30,,19575,45,,,0,70,,19576,45,,,0,30,,19577,45,,,0,70,,19578,45,,,0,30,,19579,45,,,0,70,,19580,45,,,0,30,,19581,45,,,0,70,,19582,45,,,0,30,,19583,45,,,0,70,,19584,45,,,0,31,,19585,45,,,0,69,,19586,45,,,0,30,,19587,45,,,0,70,,19591,45,,,0,30,,19592,45,,,0,100,,19593,45,,,0,100,,19594,45,,,0,100,,19590,45,,,0
2029,'1797',611,,19628,45,0,5 2 15 16 17,0,30,,19611,45,,,0,70,,19618,45,,,0,30,,19597,45,,,0,70,,19603,45,,,0,30,,19612,45,,,0,70,,19619,45,,,0,30,,19598,45,,,0,70,,19604,45,,,0,30,,19613,45,,,0,70,,19620,45,,,0,30,,19599,45,,,0,70,,19605,45,,,0,30,,19614,45,,,0,70,,19621,45,,,0,30,,19600,45,,,0,70,,19606,45,,,0,30,,19615,45,,,0,70,,19622,45,,,0,30,,19601,45,,,0,70,,19607,45,,,0,30,,19616,45,,,0,70,,19623,45,,,0,30,,19602,45,,,0,70,,19608,45,,,0,30,,19617,45,,,0,70,,19624,45,,,0,30,,19609,45,,,0,100,,19625,45,,,0,100,,19610,45,,,0,100,,19626,45,,,0
2029,'1798',641,,19632,45,,,0,70,,19640,45,,,0,30,,19651,45,,,0,70,,19646,45,,,0,30,,19633,45,,,0,70,,19641,45,,,0,30,,19652,45,,,0,70,,19647,45,,,0,30,,19634,45,,,0,70,,19642,45,,,0,30,,19653,45,,,0,70,,19648,45,,,0,30,,19635,45,,,0,70,,19643,45,,,0,30,,19654,45,,,0,70,,19649,45,,,0,30,,19636,45,,,0,70,,19644,45,,,0,30,,19655,45,,,0,70,,19650,45,,,0,30,,19637,45,,,0,70,,19645,45,,,0,30,,19656,45,,,0,100,,19638,45,,,0,100,,19657,45,,,0,100,,19639,45,,,0,100,,19658,45,,,0,100,,19631,45,,,0
2029,'1799',641,,19664,45,,,0,70,,19672,45,,,0,30,,19683,45,,,0,70,,19678,45,,,0,30,,19665,45,,,0,70,,19673,45,,,0,30,,19684,45,,,0,70,,19679,45,,,0,30,,19666,45,,,0,70,,19674,45,,,0,30,,19685,45,,,0,70,,19680,45,,,0,30,,19667,45,,,0,70,,19675,45,,,0,30,,19686,45,,,0,70,,19681,45,,,0,30,,19668,45,,,0,70,,19676,45,,,0,30,,19687,45,,,0,70,,19682,45,,,0,30,,19669,45,,,0,70,,19677,45,,,0,30,,19688,45,,,0,100,,19670,45,,,0,100,,19689,45,,,0,100,,19671,45,,,0,100,,19690,45,,,0,100,,19663,45,,,0
2029,'1800',641,,19696,45,,,0,70,,19704,45,,,0,30,,19715,45,,,0,70,,19710,45,,,0,30,,19697,45,,,0,70,,19705,45,,,0,30,,19716,45,,,0,70,,19711,45,,,0,30,,19698,45,,,0,70,,19706,45,,,0,30,,19717,45,,,0,70,,19712,45,,,0,30,,19699,45,,,0,70,,19707,45,,,0,30,,19718,45,,,0,70,,19713,45,,,0,30,,19700,45,,,0,70,,19708,45,,,0,30,,19719,45,,,0,70,,19714,45,,,0,30,,19701,45,,,0,70,,19709,45,,,0,30,,19720,45,,,0,100,,19702,45,,,0,100,,19721,45,,,0,100,,19703,45,,,0,100,,19722,45,,,0,100,,19695,45,,,0
2029,'1816',611,,5908,45,0,5 2 15 16 17,0,30,,5891,45,,,0,70,,5898,45,,,0,30,,5877,45,,,0,70,,5883,45,,,0,30,,5892,45,,,0,70,,5899,45,,,0,30,,5878,45,,,0,70,,5884,45,,,0,30,,5893,45,,,0,70,,5900,45,,,0,30,,5879,45,,,0,70,,5885,45,,,0,30,,5894,45,,,0,70,,5901,45,,,0,30,,5880,45,,,0,70,,5886,45,,,0,30,,5895,45,,,0,70,,5902,45,,,0,30,,5881,45,,,0,70,,5887,45,,,0,30,,5896,45,,,0,70,,5903,45,,,0,30,,5882,45,,,0,70,,5888,45,,,0,30,,5897,45,,,0,70,,5904,45,,,0,30,,5889,45,,,0,100,,5905,45,,,0,100,,5890,45,,,0,100,,5906,45,,,0
2029,'1817',641,,9443,45,,,0,70,,9451,45,,,0,30,,9462,45,,,0,70,,9457,45,,,0,30,,9444,45,,,0,70,,9452,45,,,0,30,,9463,45,,,0,70,,9458,45,,,0,30,,9445,45,,,0,70,,9453,45,,,0,30,,9464,45,,,0,70,,9459,45,,,0,30,,9446,45,,,0,70,,9454,45,,,0,30,,9465,45,,,0,70,,9460,45,,,0,30,,9447,45,,,0,70,,9455,45,,,0,30,,9466,45,,,0,70,,9461,45,,,0,30,,9448,45,,,0,70,,9456,45,,,0,30,,9467,45,,,0,100,,9449,45,,,0,100,,9468,45,,,0,100,,9450,45,,,0,100,,9469,45,,,0,100,,9442,45,,,0
14000001029,'1796',449,,24916,29,0,18 7,0,102,,24917,29,0,18 7,0,1852,,24919,29,,,0,30,,24920,29,,,0,70,,24923,29,,,0,30,,24918,29,,,0,70,,24921,29,,,0,30,,24922,29,,,0
14000001029,'1797',549,,24928,29,0,18 7,0,1854,,24930,29,,,0,30,,24925,29,,,0,70,,24924,29,,,0,30,,24926,29,,,0,70,,24929,29,,,0,30,,24927,29,,,0
14000001029,'1798',549,,24937,29,0,18 7,0,1854,,24931,29,,,0,30,,24935,29,,,0,70,,24936,29,,,0,30,,24933,29,,,0,70,,24934,29,,,0,30,,24932,29,,,0
14000001029,'1799',549,,24944,29,0,18 7,0,1854,,24938,29,,,0,30,,24942,29,,,0,70,,24943,29,,,0,30,,24940,29,,,0,70,,24941,29,,,0,30,,24939,29,,,0
14000001029,'1800',549,,24951,29,0,18 7,0,1854,,24945,29,,,0,30,,24949,29,,,0,70,,24950,29,,,0,30,,24947,29,,,0,70,,24948,29,,,0,30,,24946,29,,,0
14000001029,'1816',2433,,9292,29,,,0,170,,9296,29,,,0
14000001029,'1817',549,,19150,29,0,18 7,0,1854,,19146,29,,,0,30,,13744,29,,,0,70,,19149,29,,,0,30,,19148,29,,,0,70,,13743,29,,,0,30,,19147,29,,,0
14000001029,'1824',549,,19160,29,0,18 7,0,1854,,19161,29,,,0,100,,19157,29,,,0,30,,19158,29,,,0,100,,19159,29,,,0
