32019,'1838',624,,38343,5,,,0,95,,38344,5,,,0,100,,38345,5,,,0,100,,38346,5,,,0,100,,38347,5,,,0,101,,38348,5,,,0,100,,38349,5,,,0,100,,38350,5,,,0,100,,38351,5,,,0,100,,38352,5,,,0,100,,38353,5,,,0,100,,38354,5,,,0,100,,38355,5,,,0,100,,38356,5,,,0,100,,38357,5,,,0,99,,38358,5,,,0,100,,38359,5,,,0,95,,38361,5,0,5 2 8 7,0
32019,'1865',624,,43451,5,,,0,26,,43467,5,,,0,70,,43446,5,,,0,30,,43462,5,,,0,70,,43472,5,,,0,30,,43456,5,,,0,70,,43454,5,,,0,30,,43466,5,,,0,70,,43444,5,,,0,30,,43460,5,,,0,70,,43471,5,,,0,30,,43458,5,,,0,70,,43453,5,,,0,30,,43465,5,,,0,70,,43447,5,,,0,30,,43459,5,,,0,69,,43470,5,,,0,30,,43457,5,,,0,71,,43450,5,,,0,30,,43464,5,,,0,70,,43443,5,,,0,30,,43461,5,,,0,70,,43469,5,,,0,30,,43455,5,,,0,70,,43452,5,,,0,30,,43463,5,,,0,70,,43448,5,,,0,100,,43468,5,,,0,99,,43449,5,,,0,100,,43445,5,,,0,95,,43477,5,0,5 2 8 7,0
32019,'1866',624,,38448,5,,,0,25,,38465,5,,,0,70,,38442,5,,,0,30,,38459,5,,,0,70,,38466,5,,,0,30,,38454,5,,,0,70,,38447,5,,,0,30,,38464,5,,,0,70,,38441,5,,,0,30,,38458,5,,,0,71,,38469,5,,,0,30,,38453,5,,,0,70,,38446,5,,,0,30,,38463,5,,,0,70,,38440,5,,,0,30,,38457,5,,,0,70,,38468,5,,,0,30,,38452,5,,,0,70,,38445,5,,,0,30,,38462,5,,,0,70,,38439,5,,,0,30,,38456,5,,,0,70,,38470,5,,,0,30,,38451,5,,,0,70,,38444,5,,,0,30,,38460,5,,,0,70,,38438,5,,,0,100,,38467,5,,,0,99,,38443,5,,,0,100,,38437,5,,,0,100,,38471,5,0,5 2 8 7,0
32019,'1867',624,,38474,5,,,0,95,,38475,5,,,0,100,,38476,5,,,0,100,,38477,5,,,0,100,,38478,5,,,0,101,,38479,5,,,0,100,,38480,5,,,0,100,,38481,5,,,0,100,,38482,5,,,0,100,,38483,5,,,0,100,,38484,5,,,0,100,,38485,5,,,0,100,,38486,5,,,0,100,,38487,5,,,0,100,,38488,5,,,0,99,,38489,5,,,0,100,,38490,5,,,0,95,,38492,5,0,5 2 8 7,0
32019,'1871',624,,38370,5,,,0,26,,38386,5,,,0,70,,38365,5,,,0,30,,38381,5,,,0,70,,38391,5,,,0,30,,38375,5,,,0,70,,38373,5,,,0,30,,38385,5,,,0,70,,38363,5,,,0,30,,38379,5,,,0,70,,38390,5,,,0,30,,38377,5,,,0,70,,38372,5,,,0,30,,38384,5,,,0,70,,38366,5,,,0,30,,38378,5,,,0,69,,38389,5,,,0,30,,38376,5,,,0,71,,38369,5,,,0,30,,38383,5,,,0,70,,38362,5,,,0,30,,38380,5,,,0,70,,38388,5,,,0,30,,38374,5,,,0,70,,38371,5,,,0,30,,38382,5,,,0,70,,38367,5,,,0,100,,38387,5,,,0,99,,38368,5,,,0,100,,38364,5,,,0,95,,38397,5,0,5 2 8 7,0
32019,'1873',624,,31631,5,,,0,25,,31648,5,,,0,70,,31625,5,,,0,30,,31642,5,,,0,70,,31649,5,,,0,30,,31637,5,,,0,70,,31630,5,,,0,30,,31647,5,,,0,70,,31624,5,,,0,30,,31641,5,,,0,71,,31652,5,,,0,30,,31636,5,,,0,70,,31629,5,,,0,30,,31646,5,,,0,70,,31623,5,,,0,30,,31640,5,,,0,70,,31651,5,,,0,30,,31635,5,,,0,70,,31628,5,,,0,30,,31645,5,,,0,70,,31622,5,,,0,30,,31639,5,,,0,70,,31653,5,,,0,30,,31634,5,,,0,70,,31627,5,,,0,30,,31643,5,,,0,70,,31621,5,,,0,100,,31650,5,,,0,99,,31626,5,,,0,100,,31620,5,,,0,100,,31654,5,0,5 2 8 7,0
32019,'1875',624,,31657,5,,,0,95,,31658,5,,,0,100,,31659,5,,,0,100,,31660,5,,,0,100,,31661,5,,,0,101,,31662,5,,,0,100,,31663,5,,,0,100,,31664,5,,,0,100,,31665,5,,,0,100,,31666,5,,,0,100,,31667,5,,,0,100,,31668,5,,,0,100,,31669,5,,,0,100,,31670,5,,,0,100,,31671,5,,,0,99,,31672,5,,,0,100,,31673,5,,,0,95,,31675,5,0,5 2 8 7,0
32019,'1876',624,,43488,5,,,0,26,,43504,5,,,0,70,,43483,5,,,0,30,,43499,5,,,0,70,,43509,5,,,0,30,,43493,5,,,0,70,,43491,5,,,0,30,,43503,5,,,0,70,,43481,5,,,0,30,,43497,5,,,0,70,,43508,5,,,0,30,,43495,5,,,0,70,,43490,5,,,0,30,,43502,5,,,0,70,,43484,5,,,0,30,,43496,5,,,0,69,,43507,5,,,0,30,,43494,5,,,0,71,,43487,5,,,0,30,,43501,5,,,0,70,,43480,5,,,0,30,,43498,5,,,0,70,,43506,5,,,0,30,,43492,5,,,0,70,,43489,5,,,0,30,,43500,5,,,0,70,,43485,5,,,0,100,,43505,5,,,0,99,,43486,5,,,0,100,,43482,5,,,0,95,,43514,5,0,5 2 8 7,0
502029,'1838',623,,39300,13,,,0,28,,39282,13,,,0,65,,39291,13,,,0,30,,39316,13,,,0,71,,39296,13,,,0,30,,39315,13,,,0,72,,39294,13,,,0,30,,39314,13,,,0,70,,39283,13,,,0,30,,39313,13,,,0,55,,43635,13,,,0,15,,39284,13,,,0,16,,39327,13,,,0,15,,39312,13,,,0,55,,43637,13,,,0,15,,39285,13,,,0,15,,39319,13,,,0,15,,39311,13,,,0,55,,43633,13,,,0,15,,39286,13,,,0,15,,39324,13,,,0,15,,39310,13,,,0,55,,43636,13,,,0,16,,39287,13,,,0,15,,39329,13,,,0,15,,39309,13,,,0,55,,43631,13,,,0,15,,39288,13,,,0,15,,39321,13,,,0,15,,39308,13,,,0,55,,43634,13,,,0,14,,39289,13,,,0,14,,39326,13,,,0,15,,39307,13,,,0,55,,43638,13,,,0,15,,39290,13,,,0,15,,39317,13,,,0,15,,39306,13,,,0,55,,43632,13,,,0,15,,39299,13,,,0,30,,39305,13,,,0,70,,43630,13,,,0,30,,39304,13,,,0,70,,39292,13,,,0,30,,39303,13,,,0,70,,39293,13,,,0,30,,39301,13,,,0,68,,39298,13,,,0,30,,39302,13,,,0,70,,39295,13,,,0
502029,'1857',548,,39373,13,,,0,55,,32844,13,,,0,15,,32845,13,,,0,17,,32846,13,,,0,15,,39375,13,,,0,69,,39377,13,,,0,13,,32851,13,,,0,12,,32852,13,,,0,7,,32853,13,,,0,6,,39378,13,,,0,52,,32855,13,,,0,6,,39379,13,,,0,18,,32858,13,,,0,12,,32859,13,,,0,63,,39382,13,,,0,13,,32862,13,,,0,14,,32863,13,,,0,15,,32864,13,,,0,55,,39383,13,,,0,15,,39384,13,,,0,15,,32867,13,,,0,16,,39385,13,,,0,55,,32869,13,,,0,15,,39386,13,,,0,31,,32872,13,,,0,70,,32874,13,,,0,15,,32875,13,,,0,15,,32876,13,,,0,55,,32877,13,,,0,30,,32879,13,,,0,15,,32880,13,,,0,55,,39390,13,,,0,15,,32882,13,,,0,16,,39391,13,,,0,15,,32884,13,,,0,55,,32885,13,,,0,15,,32886,13,,,0,15,,32887,13,,,0,12,,32888,13,,,0,52,,32889,13,,,0,24,,39393,13,,,0,12,,32892,13,,,0,12,,32893,13,,,0,52,,32894,13,,,0,12,,32895,13,,,0,11,,32896,13,,,0,11,,39394,13,,,0,12,,39395,13,,,0,52,,39396,13,,,0,11,,32900,13,,,0,24,,32902,13,,,0,15,,39398,13,,,0,55,,32913,13,,,0,14,,32904,13,,,0,29,,39399,13,,,0,70,,32906,13,,,0,30,,39400,13,,,0,70,,32908,13,,,0,30,,32909,13,,,0,70,,32910,13,,,0,30,,32911,13,,,0,70,,32912,13,,,0
502029,'1865',548,,39401,13,,,0,55,,39402,13,,,0,15,,39403,13,,,0,17,,39404,13,,,0,7,,43639,13,,,0,8,,39406,13,,,0,56,,43640,13,,,0,13,,39408,13,,,0,13,,39409,13,,,0,12,,39410,13,,,0,7,,39411,13,,,0,6,,39412,13,,,0,52,,39413,13,,,0,6,,39414,13,,,0,6,,43641,13,,,0,12,,39416,13,,,0,12,,39417,13,,,0,12,,43642,13,,,0,51,,39419,13,,,0,13,,39420,13,,,0,14,,39421,13,,,0,15,,39422,13,,,0,55,,39423,13,,,0,15,,39424,13,,,0,15,,39425,13,,,0,16,,39426,13,,,0,55,,39427,13,,,0,15,,39428,13,,,0,16,,43643,13,,,0,15,,39430,13,,,0,55,,43644,13,,,0,15,,39432,13,,,0,15,,39433,13,,,0,15,,39434,13,,,0,55,,39435,13,,,0,15,,43645,13,,,0,15,,39437,13,,,0,15,,39438,13,,,0,55,,39439,13,,,0,15,,39440,13,,,0,16,,39441,13,,,0,15,,39442,13,,,0,55,,39443,13,,,0,15,,39444,13,,,0,15,,39445,13,,,0,12,,39446,13,,,0,52,,39447,13,,,0,12,,43646,13,,,0,12,,39449,13,,,0,12,,39450,13,,,0,12,,39451,13,,,0,52,,39452,13,,,0,12,,39453,13,,,0,11,,39454,13,,,0,11,,39455,13,,,0,12,,39456,13,,,0,52,,39457,13,,,0,11,,39458,13,,,0,12,,43647,13,,,0,12,,39460,13,,,0,15,,39461,13,,,0,55,,39471,13,,,0,14,,39462,13,,,0,29,,39463,13,,,0,70,,39464,13,,,0,30,,39465,13,,,0,70,,39466,13,,,0,30,,39467,13,,,0,70,,39468,13,,,0,30,,39469,13,,,0,70,,39470,13,,,0
502029,'1866',621,,39479,13,,,0,15,,39525,13,,,0,15,,39486,13,,,0,70,,39478,13,,,0,30,,39487,13,,,0,66,,39477,13,,,0,30,,39488,13,,,0,72,,39476,13,,,0,30,,39489,13,,,0,55,,39490,13,,,0,15,,39516,13,,,0,15,,39499,13,,,0,15,,39508,13,,,0,55,,39491,13,,,0,15,,39517,13,,,0,16,,39500,13,,,0,15,,39509,13,,,0,55,,39492,13,,,0,15,,39518,13,,,0,15,,39501,13,,,0,15,,39510,13,,,0,55,,39493,13,,,0,15,,39519,13,,,0,15,,39502,13,,,0,15,,39511,13,,,0,55,,39494,13,,,0,16,,39520,13,,,0,15,,39503,13,,,0,15,,39512,13,,,0,55,,39495,13,,,0,15,,39521,13,,,0,15,,39504,13,,,0,15,,39513,13,,,0,55,,39496,13,,,0,14,,39522,13,,,0,14,,39505,13,,,0,15,,39514,13,,,0,55,,39497,13,,,0,15,,39523,13,,,0,15,,39506,13,,,0,15,,39481,13,,,0,55,,39498,13,,,0,15,,39515,13,,,0,15,,39507,13,,,0,15,,39482,13,,,0,55,,39524,13,,,0,45,,39483,13,,,0,70,,39475,13,,,0,30,,39484,13,,,0,70,,39474,13,,,0,30,,39480,13,,,0,68,,39473,13,,,0,30,,39485,13,,,0,70,,39472,13,,,0
502029,'1867',623,,39544,13,,,0,28,,39526,13,,,0,65,,39535,13,,,0,30,,39560,13,,,0,71,,39540,13,,,0,30,,39559,13,,,0,72,,39538,13,,,0,30,,39558,13,,,0,70,,39527,13,,,0,30,,39557,13,,,0,55,,43653,13,,,0,15,,39528,13,,,0,16,,39571,13,,,0,15,,39556,13,,,0,55,,43655,13,,,0,15,,39529,13,,,0,15,,39563,13,,,0,15,,39555,13,,,0,55,,43651,13,,,0,15,,39530,13,,,0,15,,39568,13,,,0,15,,39554,13,,,0,55,,43654,13,,,0,16,,39531,13,,,0,15,,39573,13,,,0,15,,39553,13,,,0,55,,43649,13,,,0,15,,39532,13,,,0,15,,39565,13,,,0,15,,39552,13,,,0,55,,43652,13,,,0,14,,39533,13,,,0,14,,39570,13,,,0,15,,39551,13,,,0,55,,43656,13,,,0,15,,39534,13,,,0,15,,39561,13,,,0,15,,39550,13,,,0,55,,43650,13,,,0,15,,39543,13,,,0,30,,39549,13,,,0,70,,43648,13,,,0,30,,39548,13,,,0,70,,39536,13,,,0,30,,39547,13,,,0,70,,39537,13,,,0,30,,39545,13,,,0,68,,39542,13,,,0,30,,39546,13,,,0,70,,39539,13,,,0
502029,'1871',642,,39374,13,,,0,64,,39376,13,,,0,115,,39380,13,,,0,36,,39381,13,,,0,280,,39387,13,,,0,70,,39388,13,,,0,115,,39389,13,,,0,292,,39392,13,,,0,209,,39397,13,,,0
502029,'1873',621,,32675,13,,,0,15,,32721,13,,,0,15,,32682,13,,,0,70,,32674,13,,,0,30,,32683,13,,,0,66,,32673,13,,,0,30,,32684,13,,,0,72,,32672,13,,,0,30,,32685,13,,,0,55,,39332,13,,,0,15,,32712,13,,,0,15,,39340,13,,,0,15,,32704,13,,,0,55,,39333,13,,,0,15,,32713,13,,,0,16,,39341,13,,,0,15,,32705,13,,,0,55,,39334,13,,,0,15,,32714,13,,,0,15,,39342,13,,,0,15,,32706,13,,,0,55,,39335,13,,,0,15,,32715,13,,,0,15,,39343,13,,,0,15,,32707,13,,,0,55,,39336,13,,,0,16,,32716,13,,,0,15,,39344,13,,,0,15,,32708,13,,,0,55,,39337,13,,,0,15,,32717,13,,,0,15,,39345,13,,,0,15,,32709,13,,,0,55,,39338,13,,,0,14,,32718,13,,,0,14,,39346,13,,,0,15,,32710,13,,,0,55,,39339,13,,,0,15,,32719,13,,,0,15,,39347,13,,,0,15,,32677,13,,,0,55,,32694,13,,,0,15,,32711,13,,,0,15,,39348,13,,,0,15,,32678,13,,,0,55,,39349,13,,,0,45,,32679,13,,,0,70,,32671,13,,,0,30,,32680,13,,,0,70,,32670,13,,,0,30,,32676,13,,,0,68,,32669,13,,,0,30,,32681,13,,,0,70,,32668,13,,,0
502029,'1874',1104,,39366,13,,,0,101,,39371,13,,,0,100,,39363,13,,,0,100,,39369,13,,,0,101,,39359,13,,,0,100,,39364,13,,,0,98,,39372,13,,,0,100,,39361,13,,,0,115,,39352,13,,,0
502029,'1875',623,,32740,13,,,0,28,,39350,13,,,0,65,,32731,13,,,0,30,,39357,13,,,0,71,,32736,13,,,0,30,,39356,13,,,0,72,,32734,13,,,0,30,,32754,13,,,0,70,,32723,13,,,0,30,,39355,13,,,0,70,,32724,13,,,0,16,,39368,13,,,0,15,,32752,13,,,0,70,,39351,13,,,0,15,,39360,13,,,0,15,,32751,13,,,0,70,,32726,13,,,0,15,,39365,13,,,0,15,,32750,13,,,0,71,,32727,13,,,0,15,,39370,13,,,0,15,,39354,13,,,0,70,,32728,13,,,0,15,,39362,13,,,0,15,,32748,13,,,0,69,,32729,13,,,0,14,,39367,13,,,0,15,,32747,13,,,0,70,,32730,13,,,0,15,,39358,13,,,0,15,,32746,13,,,0,70,,32739,13,,,0,30,,39353,13,,,0,100,,32744,13,,,0,70,,32732,13,,,0,30,,32743,13,,,0,70,,32733,13,,,0,30,,32741,13,,,0,68,,32738,13,,,0,30,,32742,13,,,0,70,,32735,13,,,0
502029,'1876',642,,43657,13,,,0,64,,43658,13,,,0,115,,43659,13,,,0,36,,43660,13,,,0,280,,43661,13,,,0,70,,43662,13,,,0,115,,43663,13,,,0,292,,43664,13,,,0,209,,43665,13,,,0
502029,'1878',1104,,43671,13,,,0,101,,43673,13,,,0,100,,43669,13,,,0,100,,43672,13,,,0,101,,43667,13,,,0,100,,43670,13,,,0,98,,43674,13,,,0,100,,43668,13,,,0,115,,43666,13,,,0
