16029,'1799',934,,21364,17,,,0,702,,21369,17,,,0,402,,21371,17,,,0
16029,'1800',739,,25940,17,,,0,99,,25941,17,,,0,96,,21379,17,,,0,104,,25945,17,,,0,98,,25948,17,,,0,100,,25944,17,,,0,101,,25946,17,,,0,100,,25938,17,,,0,100,,25939,17,,,0,99,,21384,17,,,0,99,,25942,17,,,0,101,,25947,17,,,0,100,,25943,17,,,0,102,,21386,17,,,0,98,,25949,17,,,0
16029,'1829',607,,21283,17,,,0,30,,21284,17,,,0,73,,21285,17,,,0,37,,21286,17,,,0,70,,21287,17,,,0,32,,21288,17,,,0,70,,21289,17,,,0,29,,21290,17,,,0,67,,21291,17,,,0,30,,21292,17,,,0,100,,21294,17,,,0,70,,21295,17,,,0,130,,21298,17,,,0,71,,21299,17,,,0,32,,21300,17,,,0,71,,21301,17,,,0,29,,21302,17,,,0,72,,21303,17,,,0,30,,21304,17,,,0,69,,21305,17,,,0,28,,21306,17,,,0,266,,21310,17,,,0,24,,21311,17,,,0,169,,21314,17,,,0
16029,'1831',608,,21323,17,,,0,27,,21338,17,,,0,70,,21331,17,,,0,30,,21316,17,,,0,70,,21324,17,,,0,30,,21339,17,,,0,70,,21332,17,,,0,29,,21317,17,,,0,71,,21325,17,,,0,30,,21340,17,,,0,70,,21333,17,,,0,31,,21318,17,,,0,70,,21326,17,,,0,30,,21341,17,,,0,71,,21334,17,,,0,30,,21319,17,,,0,71,,21327,17,,,0,29,,21342,17,,,0,71,,21335,17,,,0,30,,21320,17,,,0,69,,21328,17,,,0,30,,21343,17,,,0,69,,21336,17,,,0,29,,21321,17,,,0,71,,21329,17,,,0,30,,21344,17,,,0,70,,21337,17,,,0,30,,21322,17,,,0,69,,21330,17,,,0,31,,21345,17,,,0,97,,21346,17,,,0,73,,21347,17,,,0
16029,'1832',739,,21351,17,,,0,99,,21352,17,,,0,200,,21358,17,,,0,98,,21361,17,,,0,100,,21357,17,,,0,101,,21359,17,,,0,100,,21348,17,,,0,100,,21350,17,,,0,198,,21353,17,,,0,101,,21360,17,,,0,100,,21355,17,,,0,200,,21362,17,,,0
16029,'1833',934,,21349,17,,,0,702,,21354,17,,,0,402,,21356,17,,,0
16029,'1834',739,,21366,17,,,0,99,,21367,17,,,0,200,,21373,17,,,0,98,,21376,17,,,0,100,,21372,17,,,0,101,,21374,17,,,0,100,,21363,17,,,0,100,,21365,17,,,0,198,,21368,17,,,0,101,,21375,17,,,0,100,,21370,17,,,0,200,,21377,17,,,0
16029,'1835',1115,,25950,17,,,0,130,,25951,17,,,0,70,,25952,17,,,0,501,,25953,17,,,0,30,,25958,17,,,0,67,,25954,17,,,0,30,,25955,17,,,0,164,,25956,17,,,0,29,,25957,17,,,0
16029,'1837',739,,25961,17,,,0,99,,25962,17,,,0,200,,25966,17,,,0,98,,25969,17,,,0,100,,25965,17,,,0,101,,25967,17,,,0,100,,25959,17,,,0,100,,25960,17,,,0,198,,25963,17,,,0,101,,25968,17,,,0,100,,25964,17,,,0,200,,25970,17,,,0
16029,'1838',739,,25973,17,,,0,99,,25974,17,,,0,200,,25978,17,,,0,98,,25981,17,,,0,100,,25977,17,,,0,101,,25979,17,,,0,100,,25971,17,,,0,100,,25972,17,,,0,198,,25975,17,,,0,101,,25980,17,,,0,100,,25976,17,,,0,200,,25982,17,,,0
