16019,'1799',1006,,21266,25,,,0,701,,21255,25,,,0,398,,21258,25,,,0
16019,'1800',804,,25891,25,,,0,102,,25893,25,,,0,100,,21281,25,,,0,100,,25901,25,,,0,100,,25892,25,,,0,100,,25894,25,,,0,100,,25895,25,,,0,101,,25898,25,,,0,100,,25897,25,,,0,100,,21270,25,,,0,99,,25899,25,,,0,100,,25900,25,,,0,99,,25896,25,,,0,100,,21273,25,,,0,100,,25902,25,,,0
16019,'1829',637,,21176,25,,,0,70,,21177,25,,,0,31,,21178,25,,,0,70,,21179,25,,,0,30,,21180,25,,,0,69,,21181,25,,,0,30,,21182,25,,,0,100,,21184,25,,,0,70,,21185,25,,,0,130,,21188,25,,,0,71,,21189,25,,,0,30,,21190,25,,,0,70,,21191,25,,,0,31,,21192,25,,,0,70,,21193,25,,,0,29,,21194,25,,,0,70,,21195,25,,,0,30,,21196,25,,,0,269,,21201,25,,,0,30,,21202,25,,,0,169,,21205,25,,,0,129,,21175,25,,,0
16019,'1831',634,,21229,25,,,0,70,,21225,25,,,0,30,,21233,25,,,0,70,,21217,25,,,0,31,,21231,25,,,0,71,,21212,25,,,0,30,,21210,25,,,0,70,,21207,25,,,0,30,,21218,25,,,0,70,,21228,25,,,0,30,,21222,25,,,0,70,,21230,25,,,0,30,,21214,25,,,0,70,,21232,25,,,0,30,,21209,25,,,0,70,,21220,25,,,0,31,,21219,25,,,0,70,,21223,25,,,0,30,,21224,25,,,0,70,,21208,25,,,0,30,,21216,25,,,0,70,,21226,25,,,0,29,,21211,25,,,0,70,,21215,25,,,0,30,,21221,25,,,0,70,,21235,25,,,0,30,,21227,25,,,0,69,,21234,25,,,0,30,,21213,25,,,0,70,,21237,25,,,0,100,,21236,25,,,0,30,,21206,25,,,0
16019,'1832',804,,21238,25,,,0,102,,21241,25,,,0,200,,21250,25,,,0,100,,21239,25,,,0,100,,21242,25,,,0,100,,21244,25,,,0,101,,21247,25,,,0,100,,21246,25,,,0,199,,21248,25,,,0,100,,21249,25,,,0,99,,21245,25,,,0,200,,21252,25,,,0
16019,'1833',1006,,21251,25,,,0,701,,21240,25,,,0,398,,21243,25,,,0
16019,'1834',804,,21253,25,,,0,102,,21256,25,,,0,200,,21265,25,,,0,100,,21254,25,,,0,100,,21257,25,,,0,100,,21259,25,,,0,101,,21262,25,,,0,100,,21261,25,,,0,199,,21263,25,,,0,100,,21264,25,,,0,99,,21260,25,,,0,200,,21267,25,,,0
16019,'1835',1007,,25905,25,,,0,130,,25906,25,,,0,70,,25907,25,,,0,500,,25908,25,,,0,30,,25909,25,,,0,70,,25910,25,,,0,30,,25911,25,,,0,169,,25912,25,,,0,30,,25913,25,,,0,99,,25903,25,,,0,70,,25904,25,,,0
16019,'1837',804,,25914,25,,,0,102,,25916,25,,,0,200,,25924,25,,,0,100,,25915,25,,,0,100,,25917,25,,,0,100,,25918,25,,,0,101,,25921,25,,,0,100,,25920,25,,,0,199,,25922,25,,,0,100,,25923,25,,,0,99,,25919,25,,,0,200,,25925,25,,,0
16019,'1838',804,,25926,25,,,0,102,,25928,25,,,0,200,,25936,25,,,0,100,,25927,25,,,0,100,,25929,25,,,0,100,,25930,25,,,0,101,,25933,25,,,0,100,,25932,25,,,0,199,,25934,25,,,0,100,,25935,25,,,0,99,,25931,25,,,0,200,,25937,25,,,0
