60029,'1800',616,,22276,3,,,0,24,,22269,3,,,0,70,,22277,3,,,0,30,,22271,3,,,0,70,,22278,3,,,0,30,,22270,3,,,0,70,,22279,3,,,0,30,,22273,3,,,0,69,,22280,3,,,0,30,,22290,3,,,0,70,,22281,3,,,0,30,,22292,3,,,0,70,,22282,3,,,0,30,,22272,3,,,0,70,,22283,3,,,0,30,,22289,3,,,0,70,,22284,3,,,0,30,,22293,3,,,0,70,,22295,3,,,0,30,,22288,3,,,0,70,,22294,3,,,0,30,,22291,3,,,0,70,,22297,3,,,0,30,,22287,3,,,0,70,,22298,3,,,0,30,,22285,3,,,0,70,,22296,3,,,0,30,,22274,3,,,0,70,,22299,3,,,0,29,,22268,3,,,0,71,,22275,3,,,0,30,,22286,3,,,0
60029,'1861',616,,22244,3,,,0,24,,22237,3,,,0,70,,22245,3,,,0,30,,22239,3,,,0,70,,22246,3,,,0,30,,22238,3,,,0,70,,22247,3,,,0,30,,22241,3,,,0,69,,22248,3,,,0,30,,22258,3,,,0,70,,22249,3,,,0,30,,22260,3,,,0,70,,22250,3,,,0,30,,22240,3,,,0,70,,22251,3,,,0,30,,22257,3,,,0,70,,22252,3,,,0,30,,22261,3,,,0,70,,22263,3,,,0,30,,22256,3,,,0,70,,22262,3,,,0,30,,22259,3,,,0,70,,22265,3,,,0,30,,22255,3,,,0,70,,22266,3,,,0,30,,22253,3,,,0,70,,22264,3,,,0,30,,22242,3,,,0,70,,22267,3,,,0,29,,22236,3,,,0,71,,22243,3,,,0,30,,22254,3,,,0
60029,'1867',616,,38534,3,,,0,24,,38527,3,,,0,70,,38535,3,,,0,30,,38529,3,,,0,70,,38536,3,,,0,30,,38528,3,,,0,70,,38537,3,,,0,30,,38531,3,,,0,69,,38538,3,,,0,30,,38548,3,,,0,70,,38539,3,,,0,30,,38550,3,,,0,70,,38540,3,,,0,30,,38530,3,,,0,70,,38541,3,,,0,30,,38547,3,,,0,70,,38542,3,,,0,30,,38551,3,,,0,70,,38553,3,,,0,30,,38546,3,,,0,70,,38552,3,,,0,30,,38549,3,,,0,70,,38555,3,,,0,30,,38545,3,,,0,70,,38556,3,,,0,30,,38543,3,,,0,70,,38554,3,,,0,30,,38532,3,,,0,70,,38557,3,,,0,29,,38526,3,,,0,71,,38533,3,,,0,30,,38544,3,,,0
602019,'1800',2221,,23484,6,,,0,30,,23483,6,,,0,70,,23482,6,,,0
602019,'1838',625,,39733,5,,,0,26,,39730,6,,,0,70,,39715,6,,,0,30,,39719,6,,,0,70,,39734,6,,,0,30,,39710,6,,,0,70,,39706,6,,,0,30,,39729,6,,,0,70,,39726,6,,,0,30,,39720,6,,,0,71,,39728,6,,,0,30,,39738,6,,,0,70,,39727,6,,,0,30,,39707,6,,,0,70,,39736,6,,,0,30,,39737,6,,,0,70,,39705,6,,,0,30,,39731,6,,,0,70,,39714,6,,,0,30,,39716,6,,,0,70,,39739,6,,,0,30,,39721,6,,,0,70,,39711,6,,,0,30,,39724,6,,,0,70,,39735,6,,,0,30,,39709,6,,,0,70,,39713,6,,,0,30,,39722,6,,,0,69,,39712,6,,,0,30,,39725,6,,,0,70,,39718,6,,,0,30,,39732,6,,,0,70,,39717,6,,,0,30,,39723,6,,,0,70,,39708,6,,,0
602019,'1850',615,,33019,5,,,0,285,,33018,6,,,0,24,,33027,6,,,0,30,,33025,6,,,0,70,,33032,6,,,0,30,,33030,6,,,0,70,,33026,6,,,0,30,,33024,6,,,0,70,,33031,6,,,0,30,,33022,6,,,0,70,,33028,6,,,0,30,,33023,6,,,0,70,,33029,6,,,0,404,,33010,6,,,0,17,,32984,6,,,0,70,,32985,6,,,0,12,,33017,6,,,0,18,,32990,6,,,0,70,,32988,6,,,0,30,,32989,6,,,0,70,,32993,6,,,0,30,,32986,6,,,0,70,,32991,6,,,0,30,,32987,6,,,0,76,,32992,6,,,0
602019,'1857',615,,23395,5,,,0,285,,23394,6,,,0,54,,23401,6,,,0,100,,23406,6,,,0,100,,23400,6,,,0,100,,23398,6,,,0,100,,23399,6,,,0,491,,23360,6,,,0,70,,23361,6,,,0,30,,23366,6,,,0,70,,23364,6,,,0,30,,23365,6,,,0,70,,23369,6,,,0,30,,23362,6,,,0,70,,23367,6,,,0,30,,23363,6,,,0,76,,23368,6,,,0
602019,'1859',625,,23443,5,,,0,26,,23425,6,,,0,70,,23442,6,,,0,30,,23424,6,,,0,70,,23441,6,,,0,30,,23423,6,,,0,70,,23440,6,,,0,30,,23422,6,,,0,70,,23439,6,,,0,30,,23421,6,,,0,71,,23438,6,,,0,30,,23419,6,,,0,70,,23437,6,,,0,30,,23420,6,,,0,70,,23435,6,,,0,30,,23418,6,,,0,70,,23436,6,,,0,30,,23411,6,,,0,70,,23434,6,,,0,30,,23412,6,,,0,70,,23433,6,,,0,30,,23410,6,,,0,70,,23432,6,,,0,30,,23413,6,,,0,70,,23431,6,,,0,30,,23416,6,,,0,70,,23429,6,,,0,30,,23417,6,,,0,69,,23430,6,,,0,30,,23415,6,,,0,70,,23427,6,,,0,30,,23414,6,,,0,70,,23428,6,,,0,30,,23409,6,,,0,70,,23426,6,,,0
602019,'1861',2221,,23446,6,,,0,30,,23445,6,,,0,70,,23444,6,,,0
602019,'1864',924,,33046,6,,,0,100,,33050,6,,,0,100,,33045,6,,,0,100,,33049,6,,,0,100,,33047,6,,,0,100,,33048,6,,,0,404,,33039,6,,,0,99,,33043,6,,,0
602019,'1865',615,,39779,5,,,0,285,,39778,6,,,0,24,,39787,6,,,0,30,,39785,6,,,0,70,,39792,6,,,0,30,,39790,6,,,0,70,,39786,6,,,0,30,,39784,6,,,0,70,,39791,6,,,0,30,,39782,6,,,0,70,,39788,6,,,0,30,,39783,6,,,0,70,,39789,6,,,0,404,,39770,6,,,0,17,,39744,6,,,0,70,,39745,6,,,0,12,,39777,6,,,0,18,,39750,6,,,0,70,,39748,6,,,0,30,,39749,6,,,0,70,,39753,6,,,0,30,,39746,6,,,0,70,,39751,6,,,0,30,,39747,6,,,0,76,,39752,6,,,0
602019,'1866',625,,39827,5,,,0,26,,39809,6,,,0,70,,39826,6,,,0,30,,39808,6,,,0,70,,39825,6,,,0,30,,39807,6,,,0,70,,39824,6,,,0,30,,39806,6,,,0,70,,39823,6,,,0,30,,39805,6,,,0,71,,39822,6,,,0,30,,39803,6,,,0,70,,39821,6,,,0,30,,39804,6,,,0,70,,39819,6,,,0,30,,39802,6,,,0,70,,39820,6,,,0,30,,39795,6,,,0,70,,39818,6,,,0,30,,39796,6,,,0,70,,39817,6,,,0,30,,39794,6,,,0,70,,39816,6,,,0,30,,39797,6,,,0,70,,39815,6,,,0,30,,39800,6,,,0,70,,39813,6,,,0,30,,39801,6,,,0,69,,39814,6,,,0,30,,39799,6,,,0,70,,39811,6,,,0,30,,39798,6,,,0,70,,39812,6,,,0,30,,39793,6,,,0,70,,39810,6,,,0
602019,'1867',2221,,39830,6,,,0,30,,39829,6,,,0,70,,39828,6,,,0
