1029,'1796',552,,19297,4,,,0,71,,19298,4,,,0,26,,19318,4,,,0,68,,19294,4,,,0,30,,19289,4,,,0,70,,19322,4,,,0,30,,19292,4,,,0,72,,19299,4,,,0,30,,19317,4,,,0,70,,19296,4,,,0,30,,19288,4,,,0,70,,19321,4,,,0,30,,19293,4,,,0,70,,19300,4,,,0,30,,19316,4,,,0,70,,19295,4,,,0,30,,19290,4,,,0,70,,19319,4,,,0,32,,19291,4,,,0,70,,19301,4,,,0,30,,19315,4,,,0,69,,19304,4,,,0,30,,19303,4,,,0,70,,19302,4,,,0,33,,19308,4,,,0,70,,19307,4,,,0,30,,19306,4,,,0,70,,19305,4,,,0,30,,19320,4,,,0,70,,19314,4,,,0,30,,19313,4,,,0,70,,19312,4,,,0,30,,19311,4,,,0,70,,19310,4,,,0,25,,19309,4,,,0
1029,'1797',555,,19328,4,,,0,68,,19340,4,,,0,30,,19347,4,,,0,70,,19335,4,,,0,30,,19356,4,,,0,70,,19344,4,,,0,30,,19327,4,,,0,70,,19339,4,,,0,30,,19350,4,,,0,70,,19334,4,,,0,30,,19357,4,,,0,70,,19343,4,,,0,30,,19326,4,,,0,70,,19338,4,,,0,30,,19349,4,,,0,70,,19333,4,,,0,30,,19329,4,,,0,70,,19342,4,,,0,30,,19325,4,,,0,70,,19337,4,,,0,30,,19345,4,,,0,70,,19332,4,,,0,30,,19354,4,,,0,70,,19341,4,,,0,30,,19324,4,,,0,70,,19336,4,,,0,30,,19348,4,,,0,70,,19330,4,,,0,30,,19352,4,,,0,70,,19351,4,,,0,30,,19323,4,,,0,70,,19331,4,,,0,30,,19346,4,,,0,70,,19355,4,,,0,30,,19353,4,,,0
1029,'1798',555,,19358,4,,,0,98,,19359,4,,,0,100,,19360,4,,,0,100,,19361,4,,,0,100,,19362,4,,,0,100,,19363,4,,,0,100,,19364,4,,,0,100,,19365,4,,,0,100,,19366,4,,,0,100,,19367,4,,,0,100,,19368,4,,,0,100,,19369,4,,,0,100,,19370,4,,,0,100,,19371,4,,,0,100,,19372,4,,,0,100,,19373,4,,,0,100,,19374,4,,,0,100,,19375,4,,,0
1029,'1799',555,,19376,4,,,0,98,,19377,4,,,0,100,,19378,4,,,0,100,,19379,4,,,0,100,,19380,4,,,0,100,,19381,4,,,0,100,,19382,4,,,0,100,,19383,4,,,0,100,,19384,4,,,0,100,,19385,4,,,0,100,,19386,4,,,0,100,,19387,4,,,0,100,,19388,4,,,0,100,,19389,4,,,0,100,,19390,4,,,0,100,,19391,4,,,0,100,,19392,4,,,0,100,,19393,4,,,0
1029,'1800',555,,19394,4,,,0,98,,19395,4,,,0,100,,19396,4,,,0,100,,19397,4,,,0,100,,19398,4,,,0,100,,19399,4,,,0,100,,19400,4,,,0,100,,19401,4,,,0,100,,19402,4,,,0,100,,19403,4,,,0,100,,19404,4,,,0,100,,19405,4,,,0,100,,19406,4,,,0,100,,19407,4,,,0,100,,19408,4,,,0,100,,19409,4,,,0,100,,19410,4,,,0,100,,19411,4,,,0
1029,'1817',555,,16625,4,,,0,98,,16626,4,,,0,100,,16627,4,,,0,100,,16628,4,,,0,100,,16629,4,,,0,100,,16630,4,,,0,100,,16631,4,,,0,100,,16632,4,,,0,100,,16633,4,,,0,100,,16634,4,,,0,100,,16635,4,,,0,100,,16636,4,,,0,100,,16637,4,,,0,100,,16638,4,,,0,100,,16639,4,,,0,100,,16640,4,,,0,100,,16641,4,,,0,100,,16642,4,,,0
1029,'1824',555,,16682,4,,,0,68,,16694,4,,,0,30,,16701,4,,,0,70,,16689,4,,,0,30,,16710,4,,,0,70,,16698,4,,,0,30,,16681,4,,,0,70,,16693,4,,,0,30,,16704,4,,,0,70,,16688,4,,,0,30,,16711,4,,,0,70,,16697,4,,,0,30,,16680,4,,,0,70,,16692,4,,,0,30,,16703,4,,,0,70,,16687,4,,,0,30,,16683,4,,,0,70,,16696,4,,,0,30,,16679,4,,,0,70,,16691,4,,,0,30,,16699,4,,,0,70,,16686,4,,,0,30,,16708,4,,,0,70,,16695,4,,,0,30,,16678,4,,,0,70,,16690,4,,,0,30,,16702,4,,,0,70,,16684,4,,,0,30,,16706,4,,,0,70,,16705,4,,,0,30,,16677,4,,,0,70,,16685,4,,,0,30,,16700,4,,,0,70,,16709,4,,,0,30,,16707,4,,,0
2029,'1796',536,,19562,3,,,0,70,,19563,3,,,0,30,,19564,3,,,0,65,,19565,3,,,0,28,,19566,3,,,0,30,,19567,3,,,0,72,,19568,3,,,0,70,,19569,3,,,0,30,,19570,3,,,0,70,,19571,3,,,0,30,,19572,3,,,0,70,,19573,3,,,0,30,,19574,3,,,0,70,,19575,3,,,0,30,,19576,3,,,0,70,,19577,3,,,0,30,,19578,3,,,0,70,,19579,3,,,0,30,,19580,3,,,0,70,,19581,3,,,0,30,,19582,3,,,0,70,,19583,3,,,0,31,,19584,3,,,0,72,,19585,3,,,0,27,,19586,3,,,0,70,,19587,3,,,0,30,,19591,3,,,0,70,,19592,3,,,0,29,,19595,3,0,5 2 13 14,0,71,,19593,3,,,0,100,,19594,3,,,0,100,,19590,3,,,0,99,,19589,3,0,5 2 13 14,0,56,,19596,3,0,5 2 13 14,0
2029,'1797',536,,19628,3,0,5 2 15 16 17,0,70,,19611,3,,,0,30,,19618,3,,,0,65,,19597,3,,,0,30,,19603,3,,,0,70,,19612,3,,,0,30,,19619,3,,,0,70,,19598,3,,,0,30,,19604,3,,,0,70,,19613,3,,,0,30,,19620,3,,,0,70,,19599,3,,,0,30,,19605,3,,,0,70,,19614,3,,,0,30,,19621,3,,,0,70,,19600,3,,,0,30,,19606,3,,,0,70,,19615,3,,,0,30,,19622,3,,,0,70,,19601,3,,,0,30,,19607,3,,,0,70,,19616,3,,,0,30,,19623,3,,,0,70,,19602,3,,,0,30,,19608,3,,,0,70,,19617,3,,,0,30,,19624,3,,,0,70,,19609,3,,,0,31,,19630,3,0,5 2 13 14,0,69,,19625,3,,,0,100,,19610,3,,,0,100,,19626,3,,,0,55,,19627,3,0,5 2 13 14,0,99,,19629,3,0,5 2 13 14,0
2029,'1798',606,,19632,3,,,0,30,,19640,3,,,0,67,,19651,3,,,0,28,,19646,3,,,0,70,,19633,3,,,0,30,,19641,3,,,0,70,,19652,3,,,0,30,,19647,3,,,0,70,,19634,3,,,0,30,,19642,3,,,0,70,,19653,3,,,0,30,,19648,3,,,0,70,,19635,3,,,0,30,,19643,3,,,0,70,,19654,3,,,0,30,,19649,3,,,0,70,,19636,3,,,0,30,,19644,3,,,0,70,,19655,3,,,0,30,,19650,3,,,0,70,,19637,3,,,0,30,,19645,3,,,0,70,,19656,3,,,0,29,,19660,3,0,5 2 13 14,0,71,,19638,3,,,0,29,,19659,3,0,5 2 13 14,0,71,,19657,3,,,0,100,,19639,3,,,0,100,,19658,3,,,0,100,,19631,3,,,0,54,,19661,3,0,5 2 13 14,0,101,,19662,3,0,5 2 13 14,0
2029,'1799',606,,19664,3,,,0,30,,19672,3,,,0,67,,19683,3,,,0,28,,19678,3,,,0,70,,19665,3,,,0,30,,19673,3,,,0,70,,19684,3,,,0,30,,19679,3,,,0,70,,19666,3,,,0,30,,19674,3,,,0,70,,19685,3,,,0,30,,19680,3,,,0,70,,19667,3,,,0,30,,19675,3,,,0,70,,19686,3,,,0,30,,19681,3,,,0,70,,19668,3,,,0,30,,19676,3,,,0,70,,19687,3,,,0,30,,19682,3,,,0,70,,19669,3,,,0,30,,19677,3,,,0,70,,19688,3,,,0,29,,19692,3,0,5 2 13 14,0,71,,19670,3,,,0,29,,19691,3,0,5 2 13 14,0,71,,19689,3,,,0,100,,19671,3,,,0,100,,19690,3,,,0,100,,19663,3,,,0,54,,19693,3,0,5 2 13 14,0,101,,19694,3,0,5 2 13 14,0
2029,'1800',606,,19696,3,,,0,30,,19704,3,,,0,67,,19715,3,,,0,28,,19710,3,,,0,70,,19697,3,,,0,30,,19705,3,,,0,70,,19716,3,,,0,30,,19711,3,,,0,70,,19698,3,,,0,30,,19706,3,,,0,70,,19717,3,,,0,30,,19712,3,,,0,70,,19699,3,,,0,30,,19707,3,,,0,70,,19718,3,,,0,30,,19713,3,,,0,70,,19700,3,,,0,30,,19708,3,,,0,70,,19719,3,,,0,30,,19714,3,,,0,70,,19701,3,,,0,30,,19709,3,,,0,70,,19720,3,,,0,29,,19724,3,0,5 2 13 14,0,71,,19702,3,,,0,29,,19723,3,0,5 2 13 14,0,71,,19721,3,,,0,100,,19703,3,,,0,100,,19722,3,,,0,100,,19695,3,,,0,54,,19725,3,0,5 2 13 14,0,101,,19726,3,0,5 2 13 14,0
2029,'1816',536,,5908,3,0,5 2 15 16 17,0,70,,5891,3,,,0,30,,5898,3,,,0,65,,5877,3,,,0,30,,5883,3,,,0,70,,5892,3,,,0,30,,5899,3,,,0,70,,5878,3,,,0,30,,5884,3,,,0,70,,5893,3,,,0,30,,5900,3,,,0,70,,5879,3,,,0,30,,5885,3,,,0,70,,5894,3,,,0,30,,5901,3,,,0,70,,5880,3,,,0,30,,5886,3,,,0,70,,5895,3,,,0,30,,5902,3,,,0,70,,5881,3,,,0,30,,5887,3,,,0,70,,5896,3,,,0,30,,5903,3,,,0,70,,5882,3,,,0,30,,5888,3,,,0,70,,5897,3,,,0,30,,5904,3,,,0,70,,5889,3,,,0,31,,5910,3,0,5 2 13 14,0,69,,5905,3,,,0,100,,5890,3,,,0,100,,5906,3,,,0,55,,5907,3,0,5 2 13 14,0,99,,5909,3,0,5 2 13 14,0
2029,'1817',606,,9443,3,,,0,30,,9451,3,,,0,67,,9462,3,,,0,28,,9457,3,,,0,70,,9444,3,,,0,30,,9452,3,,,0,70,,9463,3,,,0,30,,9458,3,,,0,70,,9445,3,,,0,30,,9453,3,,,0,70,,9464,3,,,0,30,,9459,3,,,0,70,,9446,3,,,0,30,,9454,3,,,0,70,,9465,3,,,0,30,,9460,3,,,0,70,,9447,3,,,0,30,,9455,3,,,0,70,,9466,3,,,0,30,,9461,3,,,0,70,,9448,3,,,0,30,,9456,3,,,0,70,,9467,3,,,0,29,,9471,3,0,5 2 13 14,0,71,,9449,3,,,0,29,,9470,3,0,5 2 13 14,0,71,,9468,3,,,0,100,,9450,3,,,0,100,,9469,3,,,0,100,,9442,3,,,0,54,,9472,3,0,5 2 13 14,0,101,,9473,3,0,5 2 13 14,0
