2019,'1800',704,,19560,29,,,0,30,,19537,29,,,0,70,,19541,29,,,0,30,,19553,29,,,0,71,,19548,29,,,0,30,,19538,29,,,0,70,,19542,29,,,0,30,,19554,29,,,0,70,,19549,29,,,0,30,,19539,29,,,0,70,,19543,29,,,0,30,,19555,29,,,0,70,,19550,29,,,0,30,,19540,29,,,0,70,,19544,29,,,0,30,,19556,29,,,0,70,,19551,29,,,0,30,,19535,29,,,0,70,,19545,29,,,0,30,,19557,29,,,0,70,,19552,29,,,0,30,,19533,29,,,0,70,,19546,29,,,0,30,,19558,29,,,0,100,,19534,29,,,0,99,,19559,29,,,0,100,,19536,29,,,0,100,,19547,29,,,0,99,,19561,29,,,0
2019,'1838',704,,35124,29,,,0,30,,35101,29,,,0,70,,35105,29,,,0,30,,35117,29,,,0,71,,35112,29,,,0,30,,35102,29,,,0,70,,35106,29,,,0,30,,35118,29,,,0,70,,35113,29,,,0,30,,35103,29,,,0,70,,35107,29,,,0,30,,35119,29,,,0,70,,35114,29,,,0,30,,35104,29,,,0,70,,35108,29,,,0,30,,35120,29,,,0,70,,35115,29,,,0,30,,35099,29,,,0,70,,35109,29,,,0,30,,35121,29,,,0,70,,35116,29,,,0,30,,35097,29,,,0,70,,35110,29,,,0,30,,35122,29,,,0,100,,35098,29,,,0,99,,35123,29,,,0,100,,35100,29,,,0,100,,35111,29,,,0,99,,35125,29,,,0
2019,'1850',459,,28647,20,0,5 2 13 14,0,176,,28616,29,,,0,70,,28617,29,,,0,30,,28618,29,,,0,70,,28619,29,,,0,31,,28620,29,,,0,69,,28621,29,,,0,30,,28622,29,,,0,70,,28623,29,,,0,30,,28624,29,,,0,70,,28625,29,,,0,30,,28626,29,,,0,70,,28627,29,,,0,30,,28628,29,,,0,70,,28629,29,,,0,30,,28630,29,,,0,70,,28631,29,,,0,30,,28632,29,,,0,70,,28633,29,,,0,30,,28634,29,,,0,71,,28635,29,,,0,30,,28636,29,,,0,69,,28637,29,,,0,30,,28638,29,,,0,70,,28639,29,,,0,30,,28640,29,,,0,70,,28646,29,,,0,30,,28641,29,,,0,100,,28642,29,,,0,100,,28643,29,,,0,100,,28644,29,,,0,100,,28645,29,,,0
2019,'1857',635,,19412,29,,,0,70,,19413,29,,,0,30,,19414,29,,,0,70,,19415,29,,,0,31,,19416,29,,,0,69,,19417,29,,,0,30,,19418,29,,,0,70,,19419,29,,,0,30,,19420,29,,,0,70,,19421,29,,,0,30,,19422,29,,,0,70,,19423,29,,,0,30,,19424,29,,,0,70,,19425,29,,,0,30,,19426,29,,,0,70,,19427,29,,,0,30,,19428,29,,,0,70,,19429,29,,,0,30,,19430,29,,,0,71,,19431,29,,,0,30,,19432,29,,,0,69,,19433,29,,,0,30,,19434,29,,,0,70,,19435,29,,,0,30,,19436,29,,,0,70,,19442,29,,,0,30,,19437,29,,,0,100,,19438,29,,,0,100,,19439,29,,,0,100,,19440,29,,,0,100,,19441,29,,,0
2019,'1859',634,,19444,20,,,0,70,,19451,29,,,0,30,,19460,29,,,0,71,,19467,29,,,0,30,,19445,29,,,0,70,,19452,29,,,0,30,,19461,29,,,0,70,,19468,29,,,0,30,,19446,29,,,0,70,,19453,29,,,0,30,,19462,29,,,0,70,,19469,29,,,0,30,,19447,29,,,0,70,,19454,29,,,0,30,,19463,29,,,0,70,,19470,29,,,0,30,,19448,29,,,0,70,,19455,29,,,0,30,,19464,29,,,0,70,,19471,29,,,0,30,,19449,29,,,0,70,,19456,29,,,0,30,,19465,29,,,0,70,,19472,29,,,0,30,,19450,29,,,0,70,,19457,29,,,0,30,,19466,29,,,0,99,,19458,29,,,0,100,,19473,29,,,0,100,,19459,29,,,0,100,,19474,29,,,0
2019,'1861',704,,19502,29,,,0,30,,19479,29,,,0,70,,19483,29,,,0,30,,19495,29,,,0,71,,19490,29,,,0,30,,19480,29,,,0,70,,19484,29,,,0,30,,19496,29,,,0,70,,19491,29,,,0,30,,19481,29,,,0,70,,19485,29,,,0,30,,19497,29,,,0,70,,19492,29,,,0,30,,19482,29,,,0,70,,19486,29,,,0,30,,19498,29,,,0,70,,19493,29,,,0,30,,19477,29,,,0,70,,19487,29,,,0,30,,19499,29,,,0,70,,19494,29,,,0,30,,19475,29,,,0,70,,19488,29,,,0,30,,19500,29,,,0,100,,19476,29,,,0,99,,19501,29,,,0,100,,19478,29,,,0,100,,19489,29,,,0,99,,19503,29,,,0
2019,'1864',459,,35126,20,0,5 2 13 14,0
2019,'1865',459,,35158,20,0,5 2 13 14,0,176,,35127,29,,,0,70,,35128,29,,,0,30,,35129,29,,,0,70,,35130,29,,,0,31,,35131,29,,,0,69,,35132,29,,,0,30,,35133,29,,,0,70,,35134,29,,,0,30,,35135,29,,,0,70,,35136,29,,,0,30,,35137,29,,,0,70,,35138,29,,,0,30,,35139,29,,,0,70,,35140,29,,,0,30,,35141,29,,,0,70,,35142,29,,,0,30,,35143,29,,,0,70,,35144,29,,,0,30,,35145,29,,,0,71,,35146,29,,,0,30,,35147,29,,,0,69,,35148,29,,,0,30,,35149,29,,,0,70,,35150,29,,,0,30,,35151,29,,,0,70,,35157,29,,,0,30,,35152,29,,,0,100,,35153,29,,,0,100,,35154,29,,,0,100,,35155,29,,,0,100,,35156,29,,,0
2019,'1866',634,,35159,20,,,0,70,,35166,29,,,0,30,,35175,29,,,0,71,,35182,29,,,0,30,,35160,29,,,0,70,,35167,29,,,0,30,,35176,29,,,0,70,,35183,29,,,0,30,,35161,29,,,0,70,,35168,29,,,0,30,,35177,29,,,0,70,,35184,29,,,0,30,,35162,29,,,0,70,,35169,29,,,0,30,,35178,29,,,0,70,,35185,29,,,0,30,,35163,29,,,0,70,,35170,29,,,0,30,,35179,29,,,0,70,,35186,29,,,0,30,,35164,29,,,0,70,,35171,29,,,0,30,,35180,29,,,0,70,,35187,29,,,0,30,,35165,29,,,0,70,,35172,29,,,0,30,,35181,29,,,0,99,,35173,29,,,0,100,,35188,29,,,0,100,,35174,29,,,0,100,,35189,29,,,0
2019,'1867',704,,35217,29,,,0,30,,35194,29,,,0,70,,35198,29,,,0,30,,35210,29,,,0,71,,35205,29,,,0,30,,35195,29,,,0,70,,35199,29,,,0,30,,35211,29,,,0,70,,35206,29,,,0,30,,35196,29,,,0,70,,35200,29,,,0,30,,35212,29,,,0,70,,35207,29,,,0,30,,35197,29,,,0,70,,35201,29,,,0,30,,35213,29,,,0,70,,35208,29,,,0,30,,35192,29,,,0,70,,35202,29,,,0,30,,35214,29,,,0,70,,35209,29,,,0,30,,35190,29,,,0,70,,35203,29,,,0,30,,35215,29,,,0,100,,35191,29,,,0,99,,35216,29,,,0,100,,35193,29,,,0,100,,35204,29,,,0,99,,35218,29,,,0
702019,'1800',648,,40645,3,,,0,70,,40634,3,,,0,30,,40656,3,,,0,70,,40641,3,,,0,30,,40633,3,,,0,70,,40655,3,,,0,30,,40644,3,,,0,70,,40632,3,,,0,30,,40650,3,,,0,70,,40640,3,,,0,30,,40631,3,,,0,70,,40646,3,,,0,30,,40635,3,,,0,70,,40630,3,,,0,30,,40654,3,,,0,70,,40639,3,,,0,30,,40629,3,,,0,70,,40651,3,,,0,30,,40643,3,,,0,70,,40628,3,,,0,30,,40649,3,,,0,70,,40638,3,,,0,30,,40627,3,,,0,70,,40648,3,,,0,30,,40637,3,,,0,70,,40626,3,,,0,30,,40653,3,,,0,70,,40636,3,,,0,30,,40625,3,,,0,70,,40652,3,,,0,30,,40642,3,,,0,70,,40624,3,,,0,30,,40647,3,,,0,65,,40657,3,,,0,25,,40658,3,,,0
702019,'1838',648,,40680,3,,,0,70,,40669,3,,,0,30,,40691,3,,,0,70,,40676,3,,,0,30,,40668,3,,,0,70,,40690,3,,,0,30,,40679,3,,,0,70,,40667,3,,,0,30,,40685,3,,,0,70,,40675,3,,,0,30,,40666,3,,,0,70,,40681,3,,,0,30,,40670,3,,,0,70,,40665,3,,,0,30,,40689,3,,,0,70,,40674,3,,,0,30,,40664,3,,,0,70,,40686,3,,,0,30,,40678,3,,,0,70,,40663,3,,,0,30,,40684,3,,,0,70,,40673,3,,,0,30,,40662,3,,,0,70,,40683,3,,,0,30,,40672,3,,,0,70,,40661,3,,,0,30,,40688,3,,,0,70,,40671,3,,,0,30,,40660,3,,,0,70,,40687,3,,,0,30,,40677,3,,,0,70,,40659,3,,,0,30,,40682,3,,,0,65,,40692,3,,,0,25,,40693,3,,,0
702019,'1850',633,,33805,3,,,0,25,,33806,3,,,0,64,,33840,3,,,0,21,,33807,3,,,0,15,,33808,3,,,0,63,,33809,3,,,0,17,,33841,3,,,0,12,,33839,3,,,0,68,,33810,3,,,0,30,,33811,3,,,0,70,,33812,3,,,0,30,,33845,3,,,0,70,,33813,3,,,0,30,,33814,3,,,0,70,,33815,3,,,0,30,,33816,3,,,0,70,,33817,3,,,0,30,,33818,3,,,0,70,,33819,3,,,0,31,,33820,3,,,0,65,,33842,3,,,0,20,,33821,3,,,0,20,,33822,3,,,0,60,,33823,3,,,0,20,,33824,3,,,0,20,,33843,3,,,0,60,,33825,3,,,0,20,,33826,3,,,0,19,,33827,3,,,0,65,,33828,3,,,0,30,,33829,3,,,0,70,,33830,3,,,0,30,,33831,3,,,0,70,,33832,3,,,0,30,,33833,3,,,0,70,,33834,3,,,0,30,,33835,3,,,0,70,,33836,3,,,0,30,,33837,3,,,0,65,,33838,3,,,0,25,,33844,3,,,0
702019,'1862',648,,40721,3,,,0,70,,40723,3,,,0,30,,40726,3,,,0,70,,40720,3,,,0,30,,40722,3,,,0,70,,40724,3,,,0,30,,40727,3,,,0,70,,40725,3,,,0,30,,40700,3,,,0,70,,40707,3,,,0,30,,40714,3,,,0,70,,40694,3,,,0,30,,40701,3,,,0,70,,40708,3,,,0,30,,40715,3,,,0,70,,40695,3,,,0,30,,40702,3,,,0,70,,40709,3,,,0,30,,40716,3,,,0,70,,40696,3,,,0,30,,40703,3,,,0,70,,40710,3,,,0,30,,40717,3,,,0,70,,40697,3,,,0,30,,40704,3,,,0,70,,40711,3,,,0,30,,40718,3,,,0,70,,40698,3,,,0,30,,40705,3,,,0,70,,40712,3,,,0,30,,40719,3,,,0,70,,40699,3,,,0,30,,40706,3,,,0,65,,40713,3,,,0,25,,40728,3,,,0
702019,'1863',648,,40750,3,,,0,70,,40739,3,,,0,30,,40761,3,,,0,70,,40746,3,,,0,30,,40738,3,,,0,70,,40760,3,,,0,30,,40749,3,,,0,70,,40737,3,,,0,30,,40755,3,,,0,70,,40745,3,,,0,30,,40736,3,,,0,70,,40751,3,,,0,30,,40740,3,,,0,70,,40735,3,,,0,30,,40759,3,,,0,70,,40744,3,,,0,30,,40734,3,,,0,70,,40756,3,,,0,30,,40748,3,,,0,70,,40733,3,,,0,30,,40754,3,,,0,70,,40743,3,,,0,30,,40732,3,,,0,70,,40753,3,,,0,30,,40742,3,,,0,70,,40731,3,,,0,30,,40758,3,,,0,70,,40741,3,,,0,30,,40730,3,,,0,70,,40757,3,,,0,30,,40747,3,,,0,70,,40729,3,,,0,30,,40752,3,,,0,65,,40762,3,,,0,25,,40763,3,,,0
702019,'1864',633,,40764,3,,,0,25,,40765,3,,,0,64,,40799,3,,,0,21,,40766,3,,,0,15,,40767,3,,,0,63,,40768,3,,,0,17,,40800,3,,,0,12,,40798,3,,,0,68,,40769,3,,,0,30,,40770,3,,,0,70,,40771,3,,,0,30,,40804,3,,,0,70,,40772,3,,,0,30,,40773,3,,,0,70,,40774,3,,,0,30,,40775,3,,,0,70,,40776,3,,,0,30,,40777,3,,,0,70,,40778,3,,,0,31,,40779,3,,,0,65,,40801,3,,,0,20,,40780,3,,,0,20,,40781,3,,,0,60,,40782,3,,,0,20,,40783,3,,,0,20,,40802,3,,,0,60,,40784,3,,,0,20,,40785,3,,,0,19,,40786,3,,,0,65,,40787,3,,,0,30,,40788,3,,,0,70,,40789,3,,,0,30,,40790,3,,,0,70,,40791,3,,,0,30,,40792,3,,,0,70,,40793,3,,,0,30,,40794,3,,,0,70,,40795,3,,,0,30,,40796,3,,,0,65,,40797,3,,,0,25,,40803,3,,,0
702019,'1865',633,,40805,3,,,0,25,,40806,3,,,0,64,,40840,3,,,0,21,,40807,3,,,0,15,,40808,3,,,0,63,,40809,3,,,0,17,,40841,3,,,0,12,,40839,3,,,0,68,,40810,3,,,0,30,,40811,3,,,0,70,,40812,3,,,0,30,,40845,3,,,0,70,,40813,3,,,0,30,,40814,3,,,0,70,,40815,3,,,0,30,,40816,3,,,0,70,,40817,3,,,0,30,,40818,3,,,0,70,,40819,3,,,0,31,,40820,3,,,0,65,,40842,3,,,0,20,,40821,3,,,0,20,,40822,3,,,0,60,,40823,3,,,0,20,,40824,3,,,0,20,,40843,3,,,0,60,,40825,3,,,0,20,,40826,3,,,0,19,,40827,3,,,0,65,,40828,3,,,0,30,,40829,3,,,0,70,,40830,3,,,0,30,,40831,3,,,0,70,,40832,3,,,0,30,,40833,3,,,0,70,,40834,3,,,0,30,,40835,3,,,0,70,,40836,3,,,0,30,,40837,3,,,0,65,,40838,3,,,0,25,,40844,3,,,0
702019,'1866',648,,40873,3,,,0,70,,40875,3,,,0,30,,40878,3,,,0,70,,40872,3,,,0,30,,40874,3,,,0,70,,40876,3,,,0,30,,40879,3,,,0,70,,40877,3,,,0,30,,40852,3,,,0,70,,40859,3,,,0,30,,40866,3,,,0,70,,40846,3,,,0,30,,40853,3,,,0,70,,40860,3,,,0,30,,40867,3,,,0,70,,40847,3,,,0,30,,40854,3,,,0,70,,40861,3,,,0,30,,40868,3,,,0,70,,40848,3,,,0,30,,40855,3,,,0,70,,40862,3,,,0,30,,40869,3,,,0,70,,40849,3,,,0,30,,40856,3,,,0,70,,40863,3,,,0,30,,40870,3,,,0,70,,40850,3,,,0,30,,40857,3,,,0,70,,40864,3,,,0,30,,40871,3,,,0,70,,40851,3,,,0,30,,40858,3,,,0,65,,40865,3,,,0,25,,40880,3,,,0
702019,'1867',648,,40902,3,,,0,70,,40891,3,,,0,30,,40913,3,,,0,70,,40898,3,,,0,30,,40890,3,,,0,70,,40912,3,,,0,30,,40901,3,,,0,70,,40889,3,,,0,30,,40907,3,,,0,70,,40897,3,,,0,30,,40888,3,,,0,70,,40903,3,,,0,30,,40892,3,,,0,70,,40887,3,,,0,30,,40911,3,,,0,70,,40896,3,,,0,30,,40886,3,,,0,70,,40908,3,,,0,30,,40900,3,,,0,70,,40885,3,,,0,30,,40906,3,,,0,70,,40895,3,,,0,30,,40884,3,,,0,70,,40905,3,,,0,30,,40894,3,,,0,70,,40883,3,,,0,30,,40910,3,,,0,70,,40893,3,,,0,30,,40882,3,,,0,70,,40909,3,,,0,30,,40899,3,,,0,70,,40881,3,,,0,30,,40904,3,,,0,65,,40914,3,,,0,25,,40915,3,,,0
14000001019,'1800',2428,,34757,36,,,0,30,,41971,36,,,0,70,,24911,36,,,0,30,,34758,36,,,0,70,,41970,36,,,0
14000001019,'1838',2428,,41975,36,,,0,30,,41974,36,,,0,70,,41972,36,,,0,30,,41976,36,,,0,70,,41973,36,,,0
14000001019,'1850',2428,,34775,36,,,0,30,,34772,36,,,0,70,,34773,36,,,0,30,,34774,36,,,0,70,,34771,36,,,0
14000001019,'1857',2528,,24893,36,,,0
14000001019,'1859',2428,,34766,36,,,0,30,,34763,36,,,0,70,,24899,36,,,0,30,,34765,36,,,0,70,,34764,36,,,0
14000001019,'1861',2428,,34769,36,,,0,100,,24901,36,,,0,30,,34770,36,,,0
14000001019,'1863',2458,,41978,36,,,0,170,,41977,36,,,0
14000001019,'1864',2428,,41982,36,,,0,30,,41980,36,,,0,100,,41981,36,,,0,70,,41979,36,,,0
14000001019,'1865',2428,,41987,36,,,0,30,,41984,36,,,0,70,,41985,36,,,0,30,,41986,36,,,0,70,,41983,36,,,0
14000001019,'1866',2428,,41992,36,,,0,30,,41988,36,,,0,70,,41991,36,,,0,30,,41990,36,,,0,70,,41989,36,,,0
14000001019,'1867',2428,,41996,36,,,0,30,,41995,36,,,0,70,,41993,36,,,0,30,,41997,36,,,0,70,,41994,36,,,0
