1019,192070,1,0,0
1019,751,2,0,0
1019,2069,3,0,0
1019,2068,4,0,0
1019,455,5,0,0
1019,192009,6,0,0
1019,696,7,0,0
1019,2043,8,0,0
1019,436,9,0,0
1019,433,10,0,0
1019,9099,11,0,0
1019,9100,12,0,0
1019,190426,13,0,0
1019,318,14,0,0
1019,302,15,0,0
1019,300,16,0,0
1019,192040,17,0,0
1019,9093,18,0,0
1019,261,19,0,0
1019,259,20,0,0
1019,257,21,0,0
1019,253,22,0,0
1019,252,23,0,0
1019,251,24,0,0
1019,230,25,0,0
1019,229,26,0,0
1019,190226,27,0,0
1019,223,28,0,0
1019,222,29,0,0
1019,213,30,0,0
1019,212,31,0,0
1019,188,32,0,0
1019,9198,33,0,0
1019,9121,34,0,0
1019,203,35,0,0
1019,746,36,0,0
1019,199056,37,0,0
1019,2018,38,0,0
1019,200,39,0,0
1019,204,40,0,0
1019,184,41,0,0
1019,847,42,0,0
1019,9094,43,0,0
1019,155,44,0,0
1019,156,45,0,0
1019,159,46,0,0
1019,9335,47,0,0
1019,148,48,0,0
1019,970000,49,1,1
1029,970000,1,0,0
1029,9237,2,0,0
1029,9334,3,0,0
1029,9333,4,0,0
1029,2013,5,0,0
1029,157,6,0,0
1029,154,7,0,0
1029,9095,8,0,0
1029,182,9,0,0
1029,183,10,0,0
1029,205,11,0,0
1029,201,12,0,0
1029,203,13,0,0
1029,746,14,0,0
1029,199056,15,0,0
1029,2018,16,0,0
1029,202,17,0,0
1029,9199,18,0,0
1029,189,19,0,0
1029,2015,20,0,0
1029,2022,21,0,0
1029,2023,22,0,0
1029,224,23,0,0
1029,190225,24,0,0
1029,2025,25,0,0
1029,54,26,0,0
1029,250,27,0,0
1029,2029,28,0,0
1029,254,29,0,0
1029,9097,30,0,0
1029,2030,31,0,0
1029,262,32,0,0
1029,265,33,0,0
1029,192039,34,0,0
1029,297,35,0,0
1029,299,36,0,0
1029,301,37,0,0
1029,317,38,0,0
1029,190427,39,0,0
1029,9101,40,0,0
1029,192042,41,0,0
1029,107,42,0,0
1029,437,43,0,0
1029,440,44,0,0
1029,441,45,0,0
1029,190444,46,0,0
1029,456,47,0,0
1029,55,48,0,0
1029,458,49,0,0
1029,459,50,0,0
1029,460,51,0,0
1029,464,52,0,0
1029,192070,53,1,1
2019,9127,1,0,0
2019,9176,2,0,0
2019,390,3,0,0
2019,9177,4,0,0
2019,9178,5,0,0
2019,9179,6,0,0
2019,9337,7,0,0
2019,9181,8,0,0
2019,467,9,0,0
2019,192070,10,0,0
2019,751,11,0,0
2019,2069,12,0,0
2019,2068,13,0,0
2019,455,14,0,0
2019,192009,15,0,0
2019,696,16,0,0
2019,2043,17,0,0
2019,436,18,0,0
2019,433,19,0,0
2019,9099,20,0,0
2019,9100,21,0,0
2019,190426,22,0,0
2019,318,23,0,0
2019,302,24,0,0
2019,300,25,0,0
2019,192035,26,0,0
2019,190292,27,0,0
2019,279,28,0,0
2019,284,29,0,0
2019,285,30,0,0
2019,287,31,0,0
2019,190231,32,0,0
2019,232,33,0,0
2019,233,34,0,0
2019,234,35,0,0
2019,9229,36,0,0
2019,216,37,0,0
2019,51,38,0,0
2019,690,39,0,0
2019,190052,40,0,0
2019,218,41,0,0
2019,746,42,0,0
2019,209,43,0,0
2019,208,44,0,0
2019,206,45,0,0
2019,182,46,0,0
2019,163,47,0,0
2019,169,48,0,0
2019,150,49,1,1
2029,150,1,0,0
2029,145,2,0,0
2029,9333,3,0,0
2029,2013,4,0,0
2029,157,5,0,0
2029,154,6,0,0
2029,161,7,0,0
2029,168,8,0,0
2029,9092,9,0,0
2029,181,10,0,0
2029,207,11,0,0
2029,2017,12,0,0
2029,210,13,0,0
2029,745,14,0,0
2029,217,15,0,0
2029,192007,16,1,1
2029,199074,17,0,0
2029,9076,18,0,0
2029,73,19,0,0
2029,2021,20,0,0
2029,2001,21,0,0
2029,235,22,0,0
2029,2026,23,0,0
2029,70,24,0,0
2029,192028,25,0,0
2029,288,26,0,0
2029,286,27,0,0
2029,283,28,0,0
2029,280,29,0,0
2029,190272,30,0,0
2029,9082,31,0,0
2029,192039,32,0,0
2029,297,33,0,0
2029,299,34,0,0
2029,301,35,0,0
2029,317,36,0,0
2029,190427,37,0,0
2029,9101,38,0,0
2029,192042,39,0,0
2029,107,40,0,0
2029,437,41,0,0
2029,440,42,0,0
2029,441,43,0,0
2029,190444,44,0,0
2029,456,45,0,0
2029,55,46,0,0
2029,458,47,0,0
2029,459,48,0,0
2029,460,49,0,0
2029,464,50,0,0
2029,192070,51,0,0
2029,465,52,0,0
2029,843,53,0,0
2029,845,54,0,0
2029,846,55,0,0
2029,506,56,0,0
2029,374,57,0,0
2029,375,58,0,0
2029,376,59,0,0
2029,377,60,0,0
2029,9161,61,0,0
2029,9142,62,0,0
2029,9143,63,0,0
2029,9127,64,1,1
4019,192037,1,0,0
4019,190292,2,0,0
4019,278,3,0,0
4019,275,4,0,0
4019,190357,5,0,0
4019,360,6,0,0
4019,190364,7,0,0
4019,366,8,0,0
4019,190504,9,0,0
4019,383,10,0,0
4019,9164,11,0,0
4019,9077,12,0,0
4019,190043,13,0,0
4019,398,14,0,0
4019,190400,15,0,0
4019,402,16,0,0
4019,190584,17,0,0
4019,816,18,0,0
4019,192077,19,1,1
4019,192083,20,1,1
4019,650,21,0,0
4019,3011,22,1,1
4019,3006,23,1,1
4029,192077,1,0,0
4029,799,2,0,0
4029,3006,3,0,0
4029,744,4,0,0
4029,192076,5,0,0
4029,41,6,0,0
4029,190399,7,0,0
4029,397,8,0,0
4029,190044,9,0,0
4029,378,10,0,0
4029,9165,11,0,0
4029,9175,12,0,0
4029,190501,13,0,0
4029,2052,14,0,0
4029,190363,15,0,0
4029,361,16,0,0
4029,359,17,0,0
4029,190356,18,0,0
4029,9070,19,0,0
4029,277,20,0,0
4029,190272,21,0,0
4029,9082,22,0,0
4029,192037,23,1,1
4029,192039,24,1,1
6019,192070,1,0,0
6019,751,2,0,0
6019,521,3,0,0
6019,190524,4,0,0
6019,535,5,0,0
6019,536,6,0,0
6019,199036,7,0,0
6019,9128,8,0,0
6019,555,9,0,0
6019,557,10,0,0
6019,9007,11,0,0
6019,9159,12,0,0
6019,9157,13,0,0
6019,612,14,0,0
6019,614,15,0,0
6019,607,16,0,0
6019,39,17,0,0
6019,692,18,0,0
6019,632,19,0,0
6019,192003,20,0,0
6019,3051,21,0,0
6019,9182,22,0,0
6019,9057,23,0,0
6019,740,24,0,0
6019,97,25,0,0
6019,3010,26,1,1
6019,3009,27,1,1
6019,3012,28,1,1
6019,192084,29,1,1
6019,192081,30,1,1
6019,3013,31,1,1
6019,192082,32,1,1
6019,192085,33,1,1
6029,192085,1,0,0
6029,799,2,0,0
6029,3013,3,0,0
6029,741,4,0,0
6029,739,5,0,0
6029,190090,6,0,0
6029,3050,7,0,0
6029,9054,8,0,0
6029,2002,9,0,0
6029,100,10,0,0
6029,40,11,0,0
6029,606,12,0,0
6029,615,13,0,0
6029,9208,14,0,0
6029,9228,15,0,0
6029,9156,16,0,0
6029,9158,17,0,0
6029,558,18,0,0
6029,556,19,0,0
6029,554,20,0,0
6029,9120,21,0,0
6029,199037,22,0,0
6029,537,23,0,0
6029,534,24,0,0
6029,190033,25,0,0
6029,2072,26,0,0
6029,520,27,0,0
6029,460,28,0,0
6029,464,29,0,0
6029,192070,30,1,1
7019,728,1,0,0
7019,826,2,0,0
7019,9141,3,0,0
7019,827,4,0,0
7019,830,5,0,0
7019,9069,6,0,0
7019,190730,7,0,0
7019,209,8,0,0
7019,208,9,0,0
7019,206,10,0,0
7019,182,11,0,0
7019,183,12,0,0
7019,205,13,0,0
7019,201,14,0,0
7019,203,15,0,0
7019,832,16,0,0
7019,216,17,0,0
7019,51,18,0,0
7019,690,19,0,0
7019,190052,20,0,0
7019,9050,21,0,0
7019,2050,22,0,0
7019,834,23,0,0
7019,836,24,0,0
7019,838,25,0,0
7019,398,26,0,0
7019,190400,27,0,0
7019,402,28,0,0
7019,190584,29,0,0
7019,816,30,0,0
7019,192078,31,1,1
7019,192081,32,1,1
7019,192083,33,1,1
7019,650,34,0,0
7019,3012,35,1,1
7019,3011,36,1,1
7019,3009,37,1,1
7019,3007,38,1,1
7029,192081,1,0,0
7029,799,2,0,0
7029,3009,3,0,0
7029,744,4,0,0
7029,192076,5,0,0
7029,41,6,0,0
7029,190399,7,0,0
7029,396,8,0,0
7029,199120,9,0,0
7029,837,10,0,0
7029,835,11,0,0
7029,833,12,0,0
7029,9044,13,0,0
7029,199074,14,0,0
7029,9076,15,0,0
7029,73,16,0,0
7029,2021,17,0,0
7029,746,18,0,0
7029,199056,19,0,0
7029,2018,20,0,0
7029,200,21,0,0
7029,204,22,0,0
7029,184,23,0,0
7029,847,24,0,0
7029,207,25,0,0
7029,2017,26,0,0
7029,210,27,0,0
7029,831,28,0,0
7029,829,29,0,0
7029,828,30,0,0
7029,9081,31,0,0
7029,190818,32,0,0
7029,726,33,0,0
7029,725,34,0,0
7029,727,35,0,0
7029,728,36,1,1
10019,9162,1,0,0
10019,2019,2,0,0
10019,9102,3,0,0
10019,866,4,0,0
10019,9104,5,0,0
10019,771,6,0,0
10019,9166,7,0,0
10019,9170,8,0,0
10019,774,9,0,0
10019,775,10,0,0
10019,776,11,0,0
10019,873,12,0,0
10019,9060,13,0,0
10019,9061,14,0,0
10019,787,15,0,0
10019,788,16,0,0
10019,789,17,0,0
10019,790,18,0,0
10019,791,19,0,0
10019,190792,20,0,0
10019,777,21,0,0
10019,24,22,0,0
10019,69,23,0,0
10019,22,24,0,0
10019,20,25,0,0
10019,9085,26,0,0
10019,9048,27,0,0
10019,9001,28,0,0
10019,9002,29,0,0
10019,9003,30,0,0
10019,671,31,0,0
10019,9054,32,0,0
10019,2002,33,0,0
10019,100,34,0,0
10019,825,35,0,0
10019,99,36,0,0
10019,192084,37,1,1
10019,3012,38,1,1
10029,3012,1,0,0
10029,192084,2,0,0
10029,9119,3,0,0
10029,9332,4,0,0
10029,802,5,0,0
10029,692,6,0,0
10029,632,7,0,0
10029,9053,8,0,0
10029,9304,9,0,0
10029,9004,10,0,0
10029,9005,11,0,0
10029,9006,12,0,0
10029,9049,13,0,0
10029,8,14,0,0
10029,19,15,0,0
10029,21,16,0,0
10029,23,17,0,0
10029,25,18,0,0
10029,793,19,0,0
10029,190794,20,0,0
10029,795,21,0,0
10029,796,22,0,0
10029,765,23,0,0
10029,766,24,0,0
10029,767,25,0,0
10029,768,26,0,0
10029,9168,27,0,0
10029,9169,28,0,0
10029,778,29,0,0
10029,805,30,0,0
10029,779,31,0,0
10029,773,32,0,0
10029,9167,33,0,0
10029,199088,34,0,0
10029,871,35,0,0
10029,872,36,0,0
10029,9103,37,0,0
10029,9162,38,1,1
11019,9127,1,0,0
11019,837,2,0,0
11019,394,3,0,0
11019,9331,4,0,0
11019,387,5,0,0
11019,386,6,0,0
11019,385,7,0,0
11019,384,8,0,0
11019,761,9,0,0
11019,190505,10,0,0
11019,111,11,0,0
11019,1017,12,0,0
11019,509,13,0,0
11019,510,14,0,0
11019,512,15,0,0
11019,516,16,0,0
11019,731,17,0,0
11019,519,18,0,0
11019,9022,19,0,0
11019,9023,20,0,0
11019,9024,21,0,0
11019,9025,22,0,0
11019,9027,23,0,0
11019,528,24,0,0
11019,192074,25,0,0
11019,9157,26,0,0
11019,612,27,0,0
11019,190101,28,0,0
11019,9045,29,0,0
11019,9232,30,0,0
11019,192081,31,1,1
11019,192085,32,1,1
11019,3009,33,1,1
11019,3013,34,1,1
11029,3012,1,0,0
11029,192084,2,0,0
11029,9119,3,0,0
11029,9231,4,0,0
11029,9046,5,0,0
11029,190103,6,0,0
11029,9228,7,0,0
11029,9156,8,0,0
11029,192075,9,0,0
11029,527,10,0,0
11029,9029,11,0,0
11029,9026,12,0,0
11029,9018,13,0,0
11029,9019,14,0,0
11029,9020,15,0,0
11029,9021,16,0,0
11029,518,17,0,0
11029,732,18,0,0
11029,517,19,0,0
11029,513,20,0,0
11029,511,21,0,0
11029,2062,22,0,0
11029,2061,23,0,0
11029,2060,24,0,0
11029,2008,25,0,0
11029,190506,26,0,0
11029,383,27,0,0
11029,9164,28,0,0
11029,9190,29,0,0
11029,9191,30,0,0
11029,9192,31,0,0
11029,9193,32,0,0
11029,836,33,0,0
11029,9127,34,1,1
12019,192070,1,0,0
12019,751,2,0,0
12019,2069,3,0,0
12019,2068,4,0,0
12019,455,5,0,0
12019,192009,6,0,0
12019,696,7,0,0
12019,2043,8,0,0
12019,436,9,0,0
12019,433,10,0,0
12019,9099,11,0,0
12019,9100,12,0,0
12019,190426,13,0,0
12019,318,14,0,0
12019,302,15,0,0
12019,300,16,0,0
12019,192038,17,0,0
12019,3027,18,0,0
12019,190126,19,0,0
12019,9096,20,0,0
12019,755,21,0,0
12019,80,22,0,0
12019,58,23,0,0
12019,59,24,0,0
12019,89,25,0,0
12019,190029,26,1,1
12029,190029,1,0,0
12029,86,2,0,0
12029,117,3,0,0
12029,84,4,0,0
12029,83,5,0,0
12029,82,6,0,0
12029,123,7,0,0
12029,190127,8,0,0
12029,266,9,0,0
12029,192039,10,0,0
12029,297,11,0,0
12029,299,12,0,0
12029,301,13,0,0
12029,317,14,0,0
12029,190427,15,0,0
12029,9101,16,0,0
12029,192042,17,0,0
12029,107,18,0,0
12029,437,19,0,0
12029,440,20,0,0
12029,441,21,0,0
12029,190444,22,0,0
12029,456,23,0,0
12029,55,24,0,0
12029,458,25,0,0
12029,459,26,0,0
12029,460,27,0,0
12029,464,28,0,0
12029,192070,29,1,1
13019,3010,1,0,0
13019,192082,2,0,0
13019,9119,3,0,0
13019,3045,4,0,0
13019,3046,5,0,0
13019,3047,6,0,0
13019,407,7,0,0
13019,406,8,0,0
13019,403,9,0,0
13019,9321,10,0,0
13019,192076,11,0,0
13019,41,12,0,0
13019,9322,13,0,0
13019,9323,14,0,0
13019,9324,15,0,0
13019,9325,16,0,0
13019,9326,17,0,0
13019,9327,18,0,0
13019,9328,19,0,0
13019,9132,20,0,0
13019,9133,21,0,0
13019,9330,22,0,0
13019,190712,23,0,0
13019,48,24,0,0
13019,515,25,0,0
13019,854,26,0,0
13019,648,27,0,0
13019,651,28,0,0
13019,97,29,0,0
14019,192083,1,0,0
14019,3011,2,0,0
14019,799,3,0,0
14019,77,4,0,0
14019,649,5,0,0
14019,822,6,0,0
14019,824,7,0,0
14019,819,8,0,0
14019,190712,9,0,0
14019,9135,10,0,0
14019,9137,11,0,0
14019,9329,12,0,0
14019,9183,13,0,0
14019,9184,14,0,0
14019,9185,15,0,0
14019,9075,16,0,0
14019,858,17,0,0
14019,6,18,0,0
14019,190400,19,0,0
14019,402,20,0,0
14019,9186,21,0,0
14019,9187,22,0,0
14019,9188,23,0,0
14019,9189,24,0,0
14019,3044,25,0,0
14019,98,26,0,0
14019,815,27,0,0
14019,9232,28,0,0
15019,192083,1,0,0
15019,799,2,0,0
15019,3011,3,0,0
15019,77,4,0,0
15019,649,5,0,0
15019,78,6,0,0
15019,9079,7,0,0
15019,646,8,0,0
15019,645,9,0,0
15019,742,10,0,0
15019,190694,11,0,0
15019,644,12,0,0
15019,653,13,0,0
15019,655,14,0,0
15019,659,15,0,0
15019,657,16,0,0
15019,190090,17,0,0
15019,3050,18,0,0
15019,9053,19,0,0
15019,9304,20,0,0
15019,673,21,0,0
15019,663,22,0,0
15019,664,23,0,0
15019,665,24,0,0
15019,666,25,0,0
15019,758,26,0,0
15019,667,27,0,0
15019,668,28,0,0
15019,669,29,0,0
15019,670,30,0,0
15019,678,31,0,0
15019,676,32,0,0
15019,540,33,0,0
15019,9005,34,0,0
15019,531,35,0,0
15019,530,36,0,0
15019,190018,37,0,0
15019,532,38,0,0
15019,470,39,0,0
15019,469,40,0,0
15019,468,41,0,0
15019,680,42,0,0
15019,682,43,0,0
15019,91,44,0,0
15019,689,45,0,0
15019,5,46,0,0
15019,9091,47,0,0
15019,629,48,0,0
15019,627,49,0,0
15019,68,50,0,0
15019,597,51,0,0
15019,608,52,0,0
15019,611,53,0,0
15019,9156,54,0,0
15019,192075,55,0,0
15019,9158,56,0,0
15019,35,57,0,0
15019,804,58,0,0
15019,698,59,0,0
15019,31,60,0,0
15019,30,61,0,0
15019,27,62,0,0
15019,26,63,0,0
15019,11,64,0,0
15019,405,65,0,0
15019,408,66,0,0
15019,588,67,0,0
15019,590,68,0,0
15019,592,69,0,0
15019,594,70,0,0
15019,9120,71,0,0
15019,199037,72,1,1
15029,199037,1,0,0
15029,9043,2,0,0
15029,539,3,0,0
15029,685,4,0,0
15029,809,5,0,0
15029,810,6,0,0
15029,542,7,0,0
15029,687,8,0,0
15029,569,9,0,0
15029,565,10,0,0
15029,563,11,0,0
15029,564,12,0,0
15029,571,13,0,0
15029,570,14,0,0
15029,576,15,0,0
15029,578,16,0,0
15029,579,17,0,0
15029,580,18,0,0
15029,581,19,0,0
15029,575,20,0,0
15029,562,21,0,0
15029,560,22,0,0
15029,9007,23,0,0
15029,9159,24,0,0
15029,192074,25,0,0
15029,9157,26,0,0
15029,610,27,0,0
15029,609,28,0,0
15029,598,29,0,0
15029,553,30,0,0
15029,628,31,0,0
15029,737,32,0,0
15029,9090,33,0,0
15029,4,34,0,0
15029,3,35,0,0
15029,2,36,0,0
15029,1,37,0,0
15029,681,38,0,0
15029,600,39,0,0
15029,599,40,0,0
15029,15,41,0,0
15029,16,42,0,0
15029,190028,43,0,0
15029,17,44,0,0
15029,105,45,0,0
15029,14,46,0,0
15029,13,47,0,0
15029,12,48,0,0
15029,679,49,0,0
15029,625,50,0,0
15029,624,51,0,0
15029,623,52,0,0
15029,622,53,0,0
15029,621,54,0,0
15029,604,55,0,0
15029,603,56,0,0
15029,602,57,0,0
15029,675,58,0,0
15029,601,59,0,0
15029,671,60,0,0
15029,192003,61,0,0
15029,3051,62,0,0
15029,9182,63,0,0
15029,656,64,0,0
15029,658,65,0,0
15029,654,66,0,0
15029,652,67,0,0
15029,643,68,0,0
15029,190693,69,0,0
15029,743,70,0,0
15029,457,71,0,0
15029,75,72,0,0
15029,9078,73,0,0
15029,647,74,0,0
15029,854,75,0,0
15029,648,76,0,0
15029,651,77,0,0
15029,97,78,0,0
15029,3010,79,1,1
15029,3011,80,1,1
15029,192082,81,1,1
15029,192083,82,1,1
15029,192085,83,1,1
15029,3013,84,1,1
16019,192070,1,0,0
16019,461,2,0,0
16019,190451,3,0,0
16019,855,4,0,0
16019,450,5,0,0
16019,447,6,0,0
16019,9083,7,0,0
16019,2056,8,0,0
16019,488,9,0,0
16019,486,10,0,0
16019,484,11,0,0
16019,481,12,0,0
16019,471,13,0,0
16019,479,14,0,0
16019,477,15,0,0
16019,498,16,0,0
16019,474,17,0,0
16019,473,18,0,0
16019,9339,19,0,0
16019,190503,20,0,0
16019,2052,21,0,0
16019,367,22,0,0
16019,369,23,0,0
16019,3065,24,0,0
16019,242,25,0,0
16019,241,26,0,0
16019,240,27,0,0
16019,238,28,0,0
16019,9229,29,0,0
16019,3038,30,0,0
16019,832,31,1,1
16019,746,32,0,0
16019,199056,33,1,1
16029,832,1,0,0
16029,9242,2,0,0
16029,237,3,0,0
16029,239,4,0,0
16029,860,5,0,0
16029,861,6,0,0
16029,863,7,0,0
16029,762,8,0,0
16029,368,9,0,0
16029,366,10,0,0
16029,190502,11,0,0
16029,9340,12,0,0
16029,472,13,0,0
16029,475,14,0,0
16029,2059,15,0,0
16029,476,16,0,0
16029,478,17,0,0
16029,480,18,0,0
16029,482,19,0,0
16029,483,20,0,0
16029,485,21,0,0
16029,487,22,0,0
16029,489,23,0,0
16029,445,24,0,0
16029,448,25,0,0
16029,449,26,0,0
16029,454,27,0,0
16029,190800,28,0,0
16029,452,29,0,0
16029,464,30,0,0
16029,192070,31,1,1
19019,9109,1,0,0
19019,9112,2,0,0
19019,9122,3,0,0
19019,9123,4,0,0
19019,9124,5,0,0
19019,9125,6,0,0
19019,9114,7,0,0
19019,9115,8,0,0
19019,9117,9,0,0
19019,9118,10,0,0
19019,9126,11,0,0
19019,854,12,0,0
19019,648,13,0,0
19019,651,14,0,0
19019,97,15,0,0
19019,3010,16,1,1
19019,3008,17,1,1
19019,3006,18,1,1
19019,192082,19,1,1
19019,192083,20,1,1
19019,192077,21,1,1
19019,3011,22,1,1
19019,3012,23,1,1
19029,192083,1,0,0
19029,799,2,0,0
19029,3011,3,0,0
19029,77,4,0,0
19029,649,5,0,0
19029,9105,6,0,0
19029,9106,7,0,0
19029,9107,8,0,0
19029,9109,9,1,1
22019,199056,1,0,0
22019,2018,2,0,0
22019,202,3,0,0
22019,9199,4,0,0
22019,2016,5,0,0
22019,9200,6,0,0
22019,179,7,0,0
22019,189,8,0,0
22019,2015,9,0,0
22019,3042,10,0,0
22019,3034,11,0,0
22019,9241,12,0,0
22019,683,13,0,0
22019,814,14,0,0
22019,752,15,0,0
22019,9239,16,0,0
22019,192080,17,1,1
22029,192080,1,0,0
22029,9234,2,0,0
22029,699,3,0,0
22029,700,4,0,0
22029,65,5,0,0
22029,2012,6,0,0
22029,190139,7,0,0
22029,3036,8,0,0
22029,9341,9,0,0
22029,212,10,0,0
22029,188,11,0,0
22029,57,12,0,0
22029,9319,13,0,0
22029,9320,14,0,0
22029,9198,15,0,0
22029,9121,16,0,0
22029,203,17,0,0
22029,832,18,1,1
31019,192070,1,0,0
31019,464,2,0,0
31019,465,3,0,0
31019,843,4,0,0
31019,505,5,0,0
31019,2067,6,0,0
31019,2066,7,0,0
31019,2064,8,0,0
31019,2062,9,0,0
31019,2061,10,0,0
31019,2060,11,0,0
31019,2008,12,0,0
31019,190502,13,0,0
31019,2052,14,0,0
31019,367,15,0,0
31019,369,16,0,0
31019,9144,17,0,0
31019,9145,18,0,0
31019,9146,19,0,0
31019,2029,20,0,0
31019,254,21,0,0
31019,9097,22,0,0
31019,2030,23,0,0
31019,262,24,0,0
31019,265,25,0,0
31019,3027,26,0,0
31019,9147,27,0,0
31019,9148,28,0,0
31019,310,29,0,0
31019,312,30,0,0
31019,313,31,0,0
31019,315,32,0,0
31019,321,33,0,0
31019,323,34,0,0
31019,425,35,0,0
31019,422,36,0,0
31019,421,37,0,0
31019,190411,38,0,0
31019,414,39,0,0
31019,199040,40,0,0
31019,3067,41,0,0
31019,458,42,0,0
31019,9163,43,0,0
31019,199149,44,1,1
32019,199149,1,0,0
32019,2069,2,0,0
32019,2068,3,0,0
32019,3068,4,0,0
32019,190413,5,0,0
32019,415,6,0,0
32019,190417,7,0,0
32019,423,8,0,0
32019,424,9,0,0
32019,324,10,0,0
32019,322,11,0,0
32019,316,12,0,0
32019,314,13,0,0
32019,311,14,0,0
32019,309,15,0,0
32019,9160,16,0,0
32019,9151,17,0,0
32019,9093,18,0,0
32019,261,19,0,0
32019,259,20,0,0
32019,257,21,0,0
32019,253,22,0,0
32019,252,23,0,0
32019,9152,24,0,0
32019,9153,25,0,0
32019,9154,26,0,0
32019,9155,27,0,0
32019,762,28,0,0
32019,368,29,0,0
32019,366,30,0,0
32019,190503,31,0,0
32019,111,32,0,0
32019,1017,33,0,0
32019,509,34,0,0
32019,2063,35,0,0
32019,2065,36,0,0
32019,507,37,0,0
32019,504,38,0,0
32019,9337,39,0,0
32019,9181,40,0,0
32019,467,41,0,0
32019,192070,42,1,1
60019,199227,1,0,0
60019,745,2,0,0
60019,3042,3,0,0
60019,3034,4,0,0
60019,134,5,0,0
60019,132,6,0,0
60019,9171,7,0,0
60019,9172,8,1,1
60029,190126,1,0,0
60029,9096,2,0,0
60029,9174,3,0,0
60029,9225,4,0,0
60029,9226,5,0,0
60029,3036,6,0,0
60029,9341,7,0,0
60029,832,8,0,0
60029,9215,9,0,0
60029,199227,10,1,1
501019,3006,1,0,0
501019,192077,2,0,0
501019,192076,3,0,0
501019,41,4,0,0
501019,190399,5,0,0
501019,190044,6,0,0
501019,9165,7,0,0
501019,199042,8,0,0
501019,190363,9,0,0
501019,190356,10,0,0
501019,190272,11,0,0
501019,192039,12,1,1
501029,192039,1,0,0
501029,190427,2,0,0
501029,190411,3,0,0
501029,199040,4,0,0
501029,199038,5,0,0
501029,521,6,0,0
501029,190524,7,0,0
501029,199036,8,0,0
501029,9128,9,0,0
501029,9130,10,0,0
501029,199032,11,0,0
501029,199030,12,0,0
501029,192003,13,0,0
501029,9182,14,0,0
501029,9057,15,0,0
501029,3006,16,1,1
501029,192077,17,1,1
502019,192037,1,0,0
502019,190292,2,0,0
502019,190357,3,0,0
502019,190364,4,0,0
502019,199041,5,0,0
502019,9164,6,0,0
502019,190043,7,0,0
502019,190400,8,0,0
502019,402,9,0,0
502019,190584,10,0,0
502019,192078,11,1,1
502019,192083,12,1,1
502019,3007,13,1,1
502019,3011,14,1,1
502029,192078,1,0,0
502029,3007,2,0,0
502029,739,3,0,0
502029,190090,4,0,0
502029,199015,5,0,0
502029,199031,6,0,0
502029,199033,7,0,0
502029,9129,8,0,0
502029,9120,9,0,0
502029,199037,10,0,0
502029,190033,11,0,0
502029,2072,12,0,0
502029,199039,13,0,0
502029,190413,14,0,0
502029,190417,15,0,0
502029,190426,16,0,0
502029,192037,17,1,1
601019,814,1,0,0
601019,752,2,0,0
601019,9239,3,0,0
601019,192080,4,0,0
601019,9234,5,0,0
601019,699,6,0,0
601019,700,7,0,0
601019,65,8,0,0
601019,2012,9,0,0
601019,190139,10,0,0
601019,134,11,0,0
601019,132,12,0,0
601019,9171,13,0,0
601019,9172,14,0,0
601019,2010,15,0,0
601019,190127,16,0,0
601019,266,17,0,0
601019,192039,18,0,0
601019,190426,19,1,1
602019,190426,1,0,0
602019,192038,2,0,0
602019,3027,3,0,0
602019,190126,4,0,0
602019,79,5,0,0
602019,9096,6,0,0
602019,9174,7,0,0
602019,9225,8,0,0
602019,9226,9,0,0
602019,199205,10,0,0
602019,9206,11,0,0
602019,9221,12,0,0
602019,9207,13,0,0
602019,9173,14,0,0
602019,9241,15,0,0
602019,683,16,0,0
602019,814,17,0,0
602019,752,18,0,0
602019,9239,19,0,0
602019,192080,20,1,1
701019,199227,1,0,0
701019,745,2,0,0
701019,9242,3,0,0
701019,2001,4,0,0
701019,235,5,0,0
701019,192028,6,0,0
701019,283,7,0,0
701019,190272,8,0,0
701019,192036,9,0,0
701019,190292,10,0,0
701019,353,11,0,0
701019,349,12,0,0
701019,345,13,0,0
701019,9217,14,0,0
701019,325,15,0,0
701019,199217,16,0,0
701019,1017,17,0,0
701019,510,18,0,0
701019,763,19,0,0
701019,9030,20,0,0
701019,526,21,0,0
701019,734,22,0,0
701019,528,23,0,0
701019,9157,24,0,0
701019,612,25,0,0
701019,617,26,0,0
701019,192079,27,1,1
701019,3008,28,1,1
701019,192039,29,1,1
701019,192037,30,1,1
702019,192035,1,0,0
702019,190292,2,0,0
702019,284,3,0,0
702019,190231,4,0,0
702019,234,5,0,0
702019,9229,6,0,0
702019,3038,7,0,0
702019,832,8,0,0
702019,9215,9,0,0
702019,199227,10,1,1
702029,3008,1,0,0
702029,192079,2,0,0
702029,616,3,0,0
702029,9208,4,0,0
702029,9228,5,0,0
702029,199209,6,0,0
702029,527,7,0,0
702029,733,8,0,0
702029,806,9,0,0
702029,807,10,0,0
702029,511,11,0,0
702029,2060,12,0,0
702029,199210,13,0,0
702029,327,14,0,0
702029,9211,15,0,0
702029,346,16,0,0
702029,350,17,0,0
702029,352,18,0,0
702029,9212,19,0,0
702029,192035,20,1,1
702029,192040,21,1,1
702029,192036,22,1,1
801019,970000,1,0,0
801019,9237,2,0,0
801019,172,3,0,0
801019,179,4,0,0
801019,2022,5,0,0
801019,224,6,0,0
801019,54,7,0,0
801019,254,8,0,0
801019,9240,9,0,0
801019,192039,10,0,0
801019,192036,11,1,1
802019,192040,1,0,0
802019,2031,2,0,0
802019,253,3,0,0
802019,230,4,0,0
802019,223,5,0,0
802019,213,6,0,0
802019,57,7,0,0
802019,9238,8,0,0
802019,148,9,0,0
802019,970000,10,1,1
10019019,9310,1,0,0
10019019,9311,2,0,0
10019019,9312,3,0,0
10019019,9314,4,0,0
10019019,9125,5,0,0
10019019,9114,6,0,0
10019019,9115,7,0,0
10019019,9117,8,0,0
10019019,9118,9,0,0
10019019,9126,10,0,0
10019019,854,11,0,0
10019019,648,12,0,0
10019019,651,13,0,0
10019019,3011,14,1,1
10019019,97,15,0,0
10019019,3008,16,1,1
10019019,3007,17,1,1
10019029,3011,1,0,0
10019029,77,2,0,0
10019029,649,3,0,0
10019029,9105,4,0,0
10019029,9106,5,0,0
10019029,9107,6,0,0
10019029,9109,7,0,0
10019029,9112,8,0,0
10019029,9122,9,0,0
10019029,9123,10,0,0
10019029,9124,11,0,0
10019029,9318,12,0,0
10019029,9307,13,0,0
10019029,9308,14,0,0
10019029,9310,15,1,1
10090019,12200001,1,0,0
10090019,12200003,2,0,0
10090019,12200005,3,0,0
10090019,9162,4,0,0
10090019,774,5,0,0
10090019,775,6,0,0
10090019,776,7,0,0
10090019,192074,8,1,1
10090029,192074,1,0,0
10090029,778,2,0,0
10090029,805,3,0,0
10090029,779,4,0,0
10090029,9162,5,0,0
10090029,12200004,6,0,0
10090029,12200002,7,0,0
10090029,12200001,8,1,1
20002019,199074,1,0,0
20002019,9076,2,0,0
20002019,73,3,0,0
20002019,2021,4,0,0
20002019,2001,5,0,0
20002019,235,6,0,0
20002019,2026,7,0,0
20002019,70,8,0,0
20002019,192028,9,0,0
20002019,288,10,0,0
20002019,286,11,0,0
20002019,283,12,0,0
20002019,280,13,0,0
20002019,190272,14,0,0
20002019,9082,15,0,0
20002019,192039,16,1,1
20006019,192085,1,0,0
20006019,799,2,0,0
20006019,3013,3,0,0
20006019,741,4,0,0
20006019,739,5,0,0
20006019,190090,6,0,0
20006019,3050,7,0,0
20006019,9054,8,0,0
20006019,2002,9,0,0
20006019,100,10,0,0
20006019,40,11,0,0
20006019,606,12,0,0
20006019,615,13,0,0
20006019,9208,14,0,0
20006019,9228,15,0,0
20006019,9156,16,0,0
20006019,192074,17,1,1
20007019,192081,1,0,0
20007019,799,2,0,0
20007019,3009,3,0,0
20007019,744,4,0,0
20007019,192076,5,0,0
20007019,41,6,0,0
20007019,190399,7,0,0
20007019,396,8,0,0
20007019,199120,9,0,0
20007019,837,10,0,0
20007019,835,11,0,0
20007019,833,12,0,0
20007019,9044,13,0,0
20007019,199074,14,1,1
20007019,192007,15,1,1
20007019,192014,16,0,0
20007019,190052,17,1,1
20090019,12200015,1,0,0
20090019,12200014,2,0,0
20090019,12200007,3,0,0
20090019,12200009,4,0,0
20090019,12200011,5,0,0
20090019,12200016,6,0,0
20090019,12200017,7,0,0
20090019,12200010,8,0,0
20090019,771,9,0,0
20090019,774,10,0,0
20090019,775,11,0,0
20090019,873,12,0,0
20090019,9162,13,1,1
20090029,9162,1,0,0
20090029,9169,2,0,0
20090029,805,3,0,0
20090029,779,4,0,0
20090029,199088,5,0,0
20090029,12200010,6,0,0
20090029,12200017,7,0,0
20090029,12200016,8,0,0
20090029,12200011,9,0,0
20090029,12200008,10,0,0
20090029,12200006,11,0,0
20090029,12200015,12,1,1
14000001019,649,1,0,0
14000001019,822,2,0,0
14000001019,824,3,0,0
14000001019,744,4,0,0
14000001019,192076,5,0,0
14000001019,41,6,0,0
14000001019,190399,7,0,0
14000001019,397,8,0,0
14000001019,190044,9,0,0
14000001019,378,10,0,0
14000001019,9165,11,0,0
14000001019,761,12,0,0
14000001019,9340,13,0,0
14000001019,199046,14,0,0
14000001019,488,15,0,0
14000001019,467,16,0,0
14000001019,192070,17,0,0
14000001019,751,18,0,0
14000001019,2069,19,0,0
14000001019,2068,20,0,0
14000001019,455,21,0,0
14000001019,192009,22,0,0
14000001019,696,23,0,0
14000001019,2043,24,0,0
14000001019,436,25,0,0
14000001019,433,26,0,0
14000001019,9099,27,0,0
14000001019,9100,28,0,0
14000001019,190426,29,0,0
14000001019,318,30,0,0
14000001019,302,31,0,0
14000001019,300,32,0,0
14000001019,192037,33,0,0
14000001019,190292,34,0,0
14000001019,279,35,0,0
14000001019,284,36,0,0
14000001019,285,37,0,0
14000001019,287,38,0,0
14000001019,190231,39,0,0
14000001019,232,40,0,0
14000001019,233,41,0,0
14000001019,234,42,0,0
14000001019,9229,43,0,0
14000001019,3038,44,0,0
14000001019,832,45,0,0
14000001019,217,46,0,0
14000001019,199074,47,1,1
14000001029,199074,1,0,0
14000001029,9076,2,0,0
14000001029,73,3,0,0
14000001029,2021,4,0,0
14000001029,2001,5,0,0
14000001029,235,6,0,0
14000001029,2026,7,0,0
14000001029,70,8,0,0
14000001029,192028,9,0,0
14000001029,288,10,0,0
14000001029,286,11,0,0
14000001029,283,12,0,0
14000001029,280,13,0,0
14000001029,190272,14,0,0
14000001029,192039,15,0,0
14000001029,297,16,0,0
14000001029,299,17,0,0
14000001029,301,18,0,0
14000001029,317,19,0,0
14000001029,190427,20,0,0
14000001029,9101,21,0,0
14000001029,192042,22,0,0
14000001029,107,23,0,0
14000001029,437,24,0,0
14000001029,440,25,0,0
14000001029,441,26,0,0
14000001029,190444,27,0,0
14000001029,456,28,0,0
14000001029,55,29,0,0
14000001029,458,30,0,0
14000001029,459,31,0,0
14000001029,460,32,0,0
14000001029,464,33,0,0
14000001029,192070,34,0,0
14000001029,465,35,0,0
14000001029,843,36,0,0
14000001029,487,37,0,0
14000001029,199047,38,0,0
14000001029,9339,39,0,0
14000001029,3049,40,0,0
14000001029,9164,41,0,0
14000001029,9077,42,0,0
14000001029,190043,43,0,0
14000001029,398,44,0,0
14000001029,190400,45,0,0
14000001029,402,46,0,0
14000001029,190584,47,0,0
14000001029,816,48,0,0
14000001029,192078,49,1,1
14000001029,77,50,0,0
14000001029,649,51,1,1
14000001029,3007,52,1,1
