10019,'1838',905,,36275,12,,,0,100,,36281,12,,,0,100,,36274,12,,,0,30,,36283,12,,,0,70,,36279,12,,,0,30,,36284,12,,,0,70,,36272,12,,,0,30,,36285,12,,,0,70,,36277,12,,,0,30,,36286,12,,,0,70,,36278,12,,,0,30,,36287,12,,,0,70,,36280,12,,,0,100,,36273,12,,,0,100,,36271,12,,,0,100,,36276,12,,,0,101,,36282,12,4,,0
10019,'1865',534,,36312,12,,,0,70,,36302,12,,,0,30,,36313,12,,,0,70,,36303,12,,,0,30,,36314,12,,,0,70,,44713,12,,,0,101,,36304,12,,,0,100,,36300,12,,,0,100,,36299,12,,,0,100,,36298,12,,,0,100,,44711,12,,,0,100,,44710,12,,,0,100,,44712,12,,,0,100,,42439,12,,,0,30,,36315,12,,,0,70,,36293,12,,,0,30,,36316,12,,,0,70,,44714,12,,,0,30,,36317,12,,,0,70,,36306,12,,,0,30,,36318,12,,,0,70,,36307,12,,,0,100,,36308,12,,,0,100,,36309,12,,,0,101,,36311,12,4,,0,100,,42441,12,4,,0
10019,'1866',705,,36333,12,,,0,100,,36326,12,,,0,100,,36319,12,,,0,100,,36327,12,,,0,100,,36320,12,,,0,30,,36340,12,,,0,70,,36328,12,,,0,30,,36336,12,,,0,70,,36321,12,,,0,30,,36338,12,,,0,70,,36329,12,,,0,30,,36339,12,,,0,70,,36322,12,,,0,30,,36337,12,,,0,70,,36330,12,,,0,100,,36323,12,,,0,100,,36331,12,,,0,100,,36324,12,,,0,100,,36332,12,,,0,100,,36325,12,,,0,101,,36335,12,4,,0,200,,44715,12,4,,0
10019,'1867',905,,36345,12,,,0,100,,36351,12,,,0,100,,36344,12,,,0,30,,36357,12,,,0,70,,36349,12,,,0,30,,36353,12,,,0,70,,36342,12,,,0,30,,36355,12,,,0,70,,36347,12,,,0,30,,36356,12,,,0,70,,36348,12,,,0,30,,36354,12,,,0,70,,36350,12,,,0,100,,36343,12,,,0,100,,36341,12,,,0,100,,36346,12,,,0,101,,36352,12,4,,0
10019,'1873',705,,29698,12,,,0,100,,29691,12,,,0,100,,29684,12,,,0,100,,29692,12,,,0,100,,29685,12,,,0,100,,29693,12,,,0,100,,29686,12,,,0,100,,29694,12,,,0,100,,29687,12,,,0,100,,29695,12,,,0,100,,29688,12,,,0,100,,29696,12,,,0,100,,29689,12,,,0,100,,29697,12,,,0,100,,29690,12,,,0,101,,29700,12,4,,0
10019,'1878',905,,29705,12,,,0,100,,29711,12,,,0,100,,29704,12,,,0,100,,29709,12,,,0,100,,29702,12,,,0,100,,29707,12,,,0,100,,29708,12,,,0,100,,29710,12,,,0,100,,29703,12,,,0,100,,29701,12,,,0,100,,29706,12,,,0,101,,29712,12,4,,0
10019,'1881',804,,36290,12,,,0,501,,29735,12,,,0,100,,29733,12,,,0,100,,36289,12,,,0,300,,42443,12,,,0
10019,'1882',604,,29741,12,,,0,100,,29742,12,,,0,201,,29743,12,,,0,100,,29739,12,,,0,100,,29738,12,,,0,100,,29737,12,,,0,400,,42442,12,,,0,100,,29732,12,,,0,200,,29745,12,,,0,100,,29746,12,,,0,100,,29747,12,,,0,100,,29748,12,,,0,101,,29750,12,4,,0,100,,42444,12,4,,0
10019,'1886',804,,44719,12,,,0,501,,44717,12,,,0,100,,44716,12,,,0,100,,44718,12,,,0,300,,44720,12,,,0
10019,'1887',2406,,44721,12,4,,0
