7019,'1838',550,,35966,4,,,0,70,,35969,4,,,0,30,,35970,4,,,0,68,,35971,4,,,0,30,,35957,23,,,0,71,,42368,8,,,0,30,,35958,23,,,0,73,,42360,8,,,0,27,,35967,23,,,0,73,,42367,8,,,0,28,,35959,23,,,0,72,,42359,8,,,0,28,,35960,23,,,0,72,,42366,8,,,0,28,,35961,23,,,0,73,,42358,8,,,0,27,,35962,23,,,0,73,,42365,8,,,0,28,,35963,23,,,0,73,,42357,8,,,0,27,,35964,23,,,0,73,,42364,8,,,0,26,,35965,23,,,0,73,,42356,8,,,0,27,,35953,23,,,0,72,,42363,8,,,0,27,,35954,23,,,0,72,,42361,8,,,0,27,,35952,23,,,0,71,,42362,8,,,0,28,,35956,23,,,0,72,,42369,8,,,0,28,,35955,23,,,0,70,,42355,4,,,0,30,,42354,4,,,0
7019,'1857',512,,36013,4,,,0,36,,36014,23,,,0,72,,29509,4,,,0,31,,36015,23,,,0,71,,29478,23,,,0,32,,29486,23,,,0,72,,29479,23,,,0,29,,29487,23,,,0,68,,36016,23,,,0,200,,29482,23,,,0,30,,29490,23,,,0,70,,29483,23,,,0,30,,36022,23,,,0,70,,36018,23,,,0,102,,36019,23,,,0,33,,36030,23,,,0,87,,36035,4,,,0,12,,29507,23,,,0,70,,36032,23,,,0,30,,36024,23,,,0,68,,36026,23,,,0,98,,36028,23,,,0,28,,29498,23,,,0,70,,29499,23,,,0,28,,36029,23,,,0,70,,29501,23,,,0,30,,29502,23,,,0,68,,36034,4,,,0,31,,29503,23,,,0,99,,29504,23,,,0
7019,'1865',512,,36036,4,,,0,36,,36037,23,,,0,72,,36070,4,,,0,31,,36038,23,,,0,71,,36039,23,,,0,32,,36047,23,,,0,72,,36040,23,,,0,29,,36048,23,,,0,68,,36041,23,,,0,30,,42371,23,,,0,70,,42370,23,,,0,30,,42372,23,,,0,70,,36043,23,,,0,30,,36051,23,,,0,70,,36044,23,,,0,30,,36052,23,,,0,70,,36045,23,,,0,30,,42373,23,,,0,72,,36046,23,,,0,33,,36066,23,,,0,73,,42376,23,,,0,14,,36073,4,,,0,12,,36068,23,,,0,70,,36069,23,,,0,30,,36054,23,,,0,68,,36056,23,,,0,28,,42374,23,,,0,70,,36058,23,,,0,28,,36059,23,,,0,70,,36060,23,,,0,28,,36061,23,,,0,70,,36062,23,,,0,30,,36063,23,,,0,68,,36072,4,,,0,31,,36064,23,,,0,72,,42377,8,,,0,27,,36065,23,,,0,100,,42375,23,,,0
7019,'1866',620,,36105,4,,,0,28,,36086,23,,,0,70,,36079,23,,,0,30,,36087,23,,,0,70,,36080,23,,,0,31,,36088,23,,,0,70,,36081,23,,,0,30,,36089,23,,,0,71,,36082,23,,,0,30,,36090,23,,,0,70,,36083,23,,,0,30,,36091,23,,,0,70,,36084,23,,,0,30,,36092,23,,,0,70,,36085,23,,,0,30,,36093,23,,,0,70,,36098,23,,,0,31,,36094,23,,,0,70,,36100,23,,,0,30,,36095,23,,,0,70,,36099,23,,,0,29,,36096,23,,,0,70,,36101,23,,,0,30,,36097,23,,,0,70,,36104,23,,,0,29,,36074,23,,,0,69,,36102,23,,,0,30,,36075,23,,,0,69,,36103,23,,,0,30,,36076,23,,,0,70,,36107,4,,,0,30,,36077,23,,,0,72,,42378,8,,,0,28,,36078,23,,,0
7019,'1867',550,,36122,4,,,0,70,,36125,4,,,0,30,,36126,4,,,0,68,,36127,4,,,0,30,,36113,23,,,0,71,,42393,8,,,0,30,,36114,23,,,0,73,,42385,8,,,0,27,,36123,23,,,0,73,,42392,8,,,0,28,,36115,23,,,0,72,,42384,8,,,0,28,,36116,23,,,0,72,,42391,8,,,0,28,,36117,23,,,0,73,,42383,8,,,0,27,,36118,23,,,0,73,,42390,8,,,0,28,,36119,23,,,0,73,,42382,8,,,0,27,,36120,23,,,0,73,,42389,8,,,0,26,,36121,23,,,0,73,,42381,8,,,0,27,,36109,23,,,0,72,,42388,8,,,0,27,,36110,23,,,0,72,,42386,8,,,0,27,,36108,23,,,0,71,,42387,8,,,0,28,,36112,23,,,0,72,,42394,8,,,0,28,,36111,23,,,0,70,,42380,4,,,0,30,,42379,4,,,0
7019,'1871',953,,36020,23,,,0,70,,36017,23,,,0,30,,36021,23,,,0,300,,36023,23,,,0,178,,36031,23,,,0,222,,36025,23,,,0,467,,36033,8,,,0,127,,36027,23,,,0
7019,'1873',620,,35995,4,,,0,28,,29380,23,,,0,70,,29373,23,,,0,30,,29381,23,,,0,70,,29374,23,,,0,31,,29382,23,,,0,70,,35987,23,,,0,30,,29383,23,,,0,71,,35988,23,,,0,30,,29384,23,,,0,70,,35989,23,,,0,30,,29385,23,,,0,70,,29378,23,,,0,30,,29386,23,,,0,70,,35990,23,,,0,30,,29387,23,,,0,70,,29392,23,,,0,31,,29388,23,,,0,70,,29394,23,,,0,30,,29389,23,,,0,70,,35991,23,,,0,29,,29390,23,,,0,70,,35992,23,,,0,30,,29391,23,,,0,70,,35994,23,,,0,29,,29368,23,,,0,69,,35993,23,,,0,30,,29369,23,,,0,69,,29397,23,,,0,30,,29370,23,,,0,70,,29401,4,,,0,30,,29371,23,,,0,100,,29372,23,,,0
7019,'1874',819,,36011,8,,,0,103,,36003,8,,,0,100,,36010,8,,,0,100,,36002,8,,,0,100,,36009,8,,,0,101,,36001,8,,,0,100,,36008,8,,,0,101,,36000,8,,,0,100,,36007,8,,,0,99,,35999,8,,,0,99,,36006,8,,,0,99,,36004,8,,,0,98,,36005,8,,,0,100,,36012,8,,,0,98,,35998,4,,,0,30,,35997,4,,,0
7019,'1875',550,,29416,4,,,0,70,,29419,4,,,0,30,,29420,4,,,0,68,,29421,4,,,0,30,,29407,23,,,0,101,,29408,23,,,0,100,,29417,23,,,0,101,,29409,23,,,0,100,,29410,23,,,0,100,,29411,23,,,0,100,,29412,23,,,0,101,,29413,23,,,0,100,,29414,23,,,0,99,,29415,23,,,0,100,,29403,23,,,0,99,,29404,23,,,0,99,,29402,23,,,0,99,,29406,23,,,0,100,,29405,23,,,0
7019,'1876',953,,42396,23,,,0,70,,42395,23,,,0,30,,42397,23,,,0,300,,42398,23,,,0,178,,42401,23,,,0,222,,42399,23,,,0,467,,42402,8,,,0,127,,42400,23,,,0
7019,'1877',2219,,42403,8,,,0
7019,'1878',819,,42418,8,,,0,103,,42410,8,,,0,100,,42417,8,,,0,100,,42409,8,,,0,100,,42416,8,,,0,101,,42408,8,,,0,100,,42415,8,,,0,101,,42407,8,,,0,100,,42414,8,,,0,99,,42406,8,,,0,99,,42413,8,,,0,99,,42411,8,,,0,98,,42412,8,,,0,100,,42419,8,,,0,98,,42405,4,,,0,30,,42404,4,,,0
