2029,'1800',621,,19696,20,,,0,30,,19704,20,,,0,68,,19715,20,,,0,30,,19710,20,,,0,70,,19697,20,,,0,30,,19705,20,,,0,70,,19716,20,,,0,30,,19711,20,,,0,70,,19698,20,,,0,30,,19706,20,,,0,70,,19717,20,,,0,30,,19712,20,,,0,70,,19699,20,,,0,30,,19707,20,,,0,70,,19718,20,,,0,30,,19713,20,,,0,70,,19700,20,,,0,30,,19708,20,,,0,70,,19719,20,,,0,30,,19714,20,,,0,70,,19701,20,,,0,30,,19709,20,,,0,70,,19720,20,,,0,100,,19702,20,,,0,99,,19721,20,,,0,100,,19703,20,,,0,100,,19722,20,,,0,100,,19695,20,,,0
2029,'1838',621,,35220,20,,,0,30,,35228,20,,,0,68,,35239,20,,,0,30,,35234,20,,,0,70,,35221,20,,,0,30,,35229,20,,,0,70,,35240,20,,,0,30,,35235,20,,,0,70,,35222,20,,,0,30,,35230,20,,,0,70,,35241,20,,,0,30,,35236,20,,,0,70,,35223,20,,,0,30,,35231,20,,,0,70,,35242,20,,,0,30,,35237,20,,,0,70,,35224,20,,,0,30,,35232,20,,,0,70,,35243,20,,,0,30,,35238,20,,,0,70,,35225,20,,,0,30,,35233,20,,,0,70,,35244,20,,,0,100,,35226,20,,,0,99,,35245,20,,,0,100,,35227,20,,,0,100,,35246,20,,,0,100,,35219,20,,,0
2029,'1850',524,,28675,5,,,0,27,,28649,20,,,0,70,,28650,20,,,0,30,,28651,20,,,0,68,,28652,20,,,0,30,,28653,20,,,0,70,,28654,20,,,0,30,,28655,20,,,0,70,,28656,20,,,0,30,,28657,20,,,0,70,,28658,20,,,0,30,,28659,20,,,0,70,,28660,20,,,0,30,,28661,20,,,0,70,,28662,20,,,0,30,,28663,20,,,0,70,,28664,20,,,0,30,,28665,20,,,0,70,,28666,20,,,0,30,,28667,20,,,0,69,,28668,20,,,0,30,,28669,20,,,0,70,,28670,20,,,0,31,,28671,20,,,0,70,,28672,20,,,0,29,,28673,20,,,0,70,,28674,20,,,0,30,,28678,20,,,0,70,,28679,20,,,0,100,,28680,20,,,0,100,,28681,20,,,0,100,,28677,20,,,0
2029,'1857',524,,19588,5,,,0,27,,19562,20,,,0,70,,19563,20,,,0,30,,19564,20,,,0,68,,19565,20,,,0,30,,19566,20,,,0,70,,19567,20,,,0,30,,19568,20,,,0,70,,19569,20,,,0,30,,19570,20,,,0,70,,19571,20,,,0,30,,19572,20,,,0,70,,19573,20,,,0,30,,19574,20,,,0,70,,19575,20,,,0,30,,19576,20,,,0,70,,19577,20,,,0,30,,19578,20,,,0,70,,19579,20,,,0,30,,19580,20,,,0,69,,19581,20,,,0,30,,19582,20,,,0,70,,19583,20,,,0,31,,19584,20,,,0,70,,19585,20,,,0,29,,19586,20,,,0,70,,19587,20,,,0,30,,19591,20,,,0,70,,19592,20,,,0,100,,19593,20,,,0,100,,19594,20,,,0,100,,19590,20,,,0
2029,'1859',551,,19628,20,0,5 2 15 16 17,0,70,,19611,20,,,0,30,,19618,20,,,0,68,,19597,20,,,0,30,,19603,20,,,0,70,,19612,20,,,0,30,,19619,20,,,0,70,,19598,20,,,0,30,,19604,20,,,0,70,,19613,20,,,0,30,,19620,20,,,0,70,,19599,20,,,0,30,,19605,20,,,0,70,,19614,20,,,0,30,,19621,20,,,0,70,,19600,20,,,0,30,,19606,20,,,0,70,,19615,20,,,0,30,,19622,20,,,0,70,,19601,20,,,0,30,,19607,20,,,0,70,,19616,20,,,0,30,,19623,20,,,0,70,,19602,20,,,0,30,,19608,20,,,0,70,,19617,20,,,0,30,,19624,20,,,0,69,,19609,20,,,0,100,,19625,20,,,0,100,,19610,20,,,0,100,,19626,20,,,0
2029,'1861',621,,19632,20,,,0,30,,19640,20,,,0,68,,19651,20,,,0,30,,19646,20,,,0,70,,19633,20,,,0,30,,19641,20,,,0,70,,19652,20,,,0,30,,19647,20,,,0,70,,19634,20,,,0,30,,19642,20,,,0,70,,19653,20,,,0,30,,19648,20,,,0,70,,19635,20,,,0,30,,19643,20,,,0,70,,19654,20,,,0,30,,19649,20,,,0,70,,19636,20,,,0,30,,19644,20,,,0,70,,19655,20,,,0,30,,19650,20,,,0,70,,19637,20,,,0,30,,19645,20,,,0,70,,19656,20,,,0,100,,19638,20,,,0,99,,19657,20,,,0,100,,19639,20,,,0,100,,19658,20,,,0,100,,19631,20,,,0
2029,'1865',524,,35277,5,,,0,27,,35251,20,,,0,70,,35252,20,,,0,30,,35253,20,,,0,68,,35254,20,,,0,30,,35255,20,,,0,70,,35256,20,,,0,30,,35257,20,,,0,70,,35258,20,,,0,30,,35259,20,,,0,70,,35260,20,,,0,30,,35261,20,,,0,70,,35262,20,,,0,30,,35263,20,,,0,70,,35264,20,,,0,30,,35265,20,,,0,70,,35266,20,,,0,30,,35267,20,,,0,70,,35268,20,,,0,30,,35269,20,,,0,69,,35270,20,,,0,30,,35271,20,,,0,70,,35272,20,,,0,31,,35273,20,,,0,70,,35274,20,,,0,29,,35275,20,,,0,70,,35276,20,,,0,30,,35280,20,,,0,70,,35281,20,,,0,100,,35282,20,,,0,100,,35283,20,,,0,100,,35279,20,,,0
2029,'1866',551,,35317,20,0,5 2 15 16 17,0,70,,35300,20,,,0,30,,35307,20,,,0,68,,35286,20,,,0,30,,35292,20,,,0,70,,35301,20,,,0,30,,35308,20,,,0,70,,35287,20,,,0,30,,35293,20,,,0,70,,35302,20,,,0,30,,35309,20,,,0,70,,35288,20,,,0,30,,35294,20,,,0,70,,35303,20,,,0,30,,35310,20,,,0,70,,35289,20,,,0,30,,35295,20,,,0,70,,35304,20,,,0,30,,35311,20,,,0,70,,35290,20,,,0,30,,35296,20,,,0,70,,35305,20,,,0,30,,35312,20,,,0,70,,35291,20,,,0,30,,35297,20,,,0,70,,35306,20,,,0,30,,35313,20,,,0,69,,35298,20,,,0,100,,35314,20,,,0,100,,35299,20,,,0,100,,35315,20,,,0
2029,'1867',621,,35321,20,,,0,30,,35329,20,,,0,68,,35340,20,,,0,30,,35335,20,,,0,70,,35322,20,,,0,30,,35330,20,,,0,70,,35341,20,,,0,30,,35336,20,,,0,70,,35323,20,,,0,30,,35331,20,,,0,70,,35342,20,,,0,30,,35337,20,,,0,70,,35324,20,,,0,30,,35332,20,,,0,70,,35343,20,,,0,30,,35338,20,,,0,70,,35325,20,,,0,30,,35333,20,,,0,70,,35344,20,,,0,30,,35339,20,,,0,70,,35326,20,,,0,30,,35334,20,,,0,70,,35345,20,,,0,100,,35327,20,,,0,99,,35346,20,,,0,100,,35328,20,,,0,100,,35347,20,,,0,100,,35320,20,,,0
701019,'1800',608,,39878,4,,,0,28,,33133,4,,,0,69,,39900,4,,,0,30,,39875,4,,,0,70,,39902,4,,,0,30,,39879,4,,,0,70,,39874,4,,,0,30,,39904,4,,,0,70,,39883,4,,,0,30,,33093,4,,,0,70,,33128,4,,,0,30,,39881,4,,,0,71,,39872,4,,,0,30,,39901,4,,,0,70,,39885,4,,,0,30,,39870,4,,,0,70,,39905,4,,,0,30,,39884,4,,,0,70,,39868,4,,,0,30,,39903,4,,,0,70,,39880,4,,,0,30,,39866,4,,,0,69,,39906,4,,,0,30,,39890,4,,,0,70,,39863,4,,,0,30,,39916,4,,,0,70,,39893,4,,,0,30,,39861,4,,,0,70,,39912,4,,,0,30,,39896,4,,,0,70,,39858,4,,,0,30,,39909,4,,,0,69,,39894,4,,,0,30,,39860,4,,,0,70,,39911,4,,,0,25,,39923,4,,,0
701019,'1838',608,,39973,4,,,0,28,,40006,4,,,0,69,,39995,4,,,0,30,,39970,4,,,0,70,,39997,4,,,0,30,,39974,4,,,0,70,,39969,4,,,0,30,,39999,4,,,0,70,,39978,4,,,0,30,,39966,4,,,0,70,,40001,4,,,0,30,,39976,4,,,0,71,,39965,4,,,0,30,,39996,4,,,0,70,,39980,4,,,0,30,,39963,4,,,0,70,,40000,4,,,0,30,,39979,4,,,0,70,,39961,4,,,0,30,,39998,4,,,0,70,,39975,4,,,0,30,,39959,4,,,0,69,,40002,4,,,0,30,,39985,4,,,0,70,,39956,4,,,0,30,,40015,4,,,0,70,,39988,4,,,0,30,,39954,4,,,0,70,,40010,4,,,0,30,,39991,4,,,0,70,,39951,4,,,0,30,,40005,4,,,0,69,,39989,4,,,0,30,,39953,4,,,0,70,,40009,4,,,0,25,,40022,4,,,0
701019,'1850',549,,33537,4,,,0,70,,33538,4,,,0,18,,33548,4,,,0,16,,33539,4,,,0,66,,33547,4,,,0,17,,33540,4,,,0,65,,33541,4,,,0,13,,33542,4,,,0,20,,33543,4,,,0,71,,33510,4,,,0,30,,33554,4,,,0,70,,33511,4,,,0,30,,33512,4,,,0,70,,33513,4,,,0,30,,33514,4,,,0,70,,33515,4,,,0,30,,33516,4,,,0,70,,33517,4,,,0,30,,33518,4,,,0,68,,33519,4,,,0,28,,33520,4,,,0,17,,33552,4,0,5 2 11 2 12,0,67,,33521,4,,,0,20,,33545,4,,,0,19,,33551,4,0,5 2 11 2 12,0,61,,33522,4,,,0,20,,33523,4,,,0,21,,33553,4,0,5 2 11 2 12,0,60,,33544,4,,,0,20,,33536,4,,,0,64,,33535,4,,,0,20,,33534,4,,,0,15,,33524,4,,,0,70,,33525,4,,,0,30,,33526,4,,,0,70,,33527,4,,,0,30,,33528,4,,,0,70,,33529,4,,,0,30,,33530,4,,,0,69,,33531,4,,,0,30,,33532,4,,,0,70,,33533,4,,,0,25,,33550,4,,,0
701019,'1861',636,,33430,4,,,0,399,,33390,4,,,0,70,,33425,4,,,0
701019,'1862',608,,40090,4,,,0,28,,40045,4,,,0,69,,40083,4,,,0,30,,40069,4,,,0,70,,40074,4,,,0,30,,40079,4,,,0,70,,40084,4,,,0,30,,40070,4,,,0,70,,40075,4,,,0,30,,40080,4,,,0,70,,40085,4,,,0,30,,40071,4,,,0,71,,40076,4,,,0,30,,40081,4,,,0,70,,40086,4,,,0,30,,40072,4,,,0,70,,40077,4,,,0,30,,40082,4,,,0,70,,40087,4,,,0,30,,40073,4,,,0,70,,40078,4,,,0,30,,40089,4,,,0,69,,40023,4,,,0,30,,40034,4,,,0,70,,40046,4,,,0,30,,40058,4,,,0,70,,40024,4,,,0,30,,40035,4,,,0,70,,40047,4,,,0,30,,40059,4,,,0,70,,40025,4,,,0,30,,40036,4,,,0,69,,40048,4,,,0,30,,40060,4,,,0,70,,40026,4,,,0,25,,40121,4,,,0
701019,'1863',608,,40169,4,,,0,97,,40191,4,,,0,30,,40166,4,,,0,70,,40193,4,,,0,30,,40170,4,,,0,70,,40165,4,,,0,30,,40195,4,,,0,70,,40174,4,,,0,130,,40172,4,,,0,71,,40163,4,,,0,30,,40192,4,,,0,70,,40176,4,,,0,30,,40161,4,,,0,70,,40196,4,,,0,30,,40175,4,,,0,70,,40159,4,,,0,30,,40194,4,,,0,70,,40171,4,,,0,30,,40157,4,,,0,69,,40197,4,,,0,30,,40181,4,,,0,70,,40154,4,,,0,30,,40207,4,,,0,70,,40184,4,,,0,30,,40152,4,,,0,70,,40203,4,,,0,30,,40187,4,,,0,70,,40149,4,,,0,30,,40200,4,,,0,69,,40185,4,,,0,30,,40151,4,,,0,70,,40202,4,,,0,25,,40214,4,,,0
701019,'1864',549,,40301,4,,,0,70,,40302,4,,,0,18,,40310,4,,,0,16,,40303,4,,,0,66,,40309,4,,,0,17,,40304,4,,,0,65,,40305,4,,,0,13,,40306,4,,,0,20,,40307,4,,,0,71,,40275,4,,,0,30,,40315,4,,,0,70,,40276,4,,,0,30,,40277,4,,,0,70,,40278,4,,,0,30,,40279,4,,,0,70,,40280,4,,,0,30,,40281,4,,,0,70,,40282,4,,,0,30,,40283,4,,,0,68,,40284,4,,,0,28,,33629,4,,,0,17,,40313,4,0,5 2 11 2 12,0,67,,40285,4,,,0,20,,33654,4,,,0,19,,40312,4,0,5 2 11 2 12,0,61,,40286,4,,,0,20,,40287,4,,,0,21,,40314,4,0,5 2 11 2 12,0,60,,40308,4,,,0,20,,40300,4,,,0,64,,40299,4,,,0,20,,40298,4,,,0,15,,40288,4,,,0,70,,40289,4,,,0,30,,40290,4,,,0,70,,40291,4,,,0,30,,40292,4,,,0,70,,40293,4,,,0,30,,40294,4,,,0,69,,40295,4,,,0,30,,40296,4,,,0,70,,40297,4,,,0,25,,40311,4,,,0
701019,'1865',549,,40407,4,,,0,70,,40408,4,,,0,18,,40418,4,,,0,16,,40409,4,,,0,66,,40417,4,,,0,17,,40410,4,,,0,65,,40411,4,,,0,13,,40412,4,,,0,20,,40413,4,,,0,71,,40380,4,,,0,30,,40424,4,,,0,70,,40381,4,,,0,30,,40382,4,,,0,70,,40383,4,,,0,30,,40384,4,,,0,70,,40385,4,,,0,30,,40386,4,,,0,70,,40387,4,,,0,30,,40388,4,,,0,68,,40389,4,,,0,28,,40390,4,,,0,17,,40422,4,0,5 2 11 2 12,0,67,,40391,4,,,0,20,,40415,4,,,0,19,,40421,4,0,5 2 11 2 12,0,61,,40392,4,,,0,20,,40393,4,,,0,21,,40423,4,0,5 2 11 2 12,0,60,,40414,4,,,0,20,,40406,4,,,0,64,,40405,4,,,0,20,,40404,4,,,0,15,,40394,4,,,0,70,,40395,4,,,0,30,,40396,4,,,0,70,,40397,4,,,0,30,,40398,4,,,0,70,,40399,4,,,0,30,,40400,4,,,0,69,,40401,4,,,0,30,,40402,4,,,0,70,,40403,4,,,0,25,,40420,4,,,0
701019,'1866',608,,40493,4,,,0,28,,40448,4,,,0,69,,40486,4,,,0,30,,40472,4,,,0,70,,40477,4,,,0,30,,40482,4,,,0,70,,40487,4,,,0,30,,40473,4,,,0,70,,40478,4,,,0,30,,40483,4,,,0,70,,40488,4,,,0,30,,40474,4,,,0,71,,40479,4,,,0,30,,40484,4,,,0,70,,40489,4,,,0,30,,40475,4,,,0,70,,40480,4,,,0,30,,40485,4,,,0,70,,40490,4,,,0,30,,40476,4,,,0,70,,40481,4,,,0,30,,40492,4,,,0,69,,40426,4,,,0,30,,40437,4,,,0,70,,40449,4,,,0,30,,40461,4,,,0,70,,40427,4,,,0,30,,40438,4,,,0,70,,40450,4,,,0,30,,40462,4,,,0,70,,40428,4,,,0,30,,40439,4,,,0,69,,40451,4,,,0,30,,40463,4,,,0,70,,40429,4,,,0,25,,40524,4,,,0
701019,'1867',608,,40574,4,,,0,28,,40607,4,,,0,69,,40596,4,,,0,30,,40571,4,,,0,70,,40598,4,,,0,30,,40575,4,,,0,70,,40570,4,,,0,30,,40600,4,,,0,70,,40579,4,,,0,30,,40567,4,,,0,70,,40602,4,,,0,30,,40577,4,,,0,71,,40566,4,,,0,30,,40597,4,,,0,70,,40581,4,,,0,30,,40564,4,,,0,70,,40601,4,,,0,30,,40580,4,,,0,70,,40562,4,,,0,30,,40599,4,,,0,70,,40576,4,,,0,30,,40560,4,,,0,69,,40603,4,,,0,30,,40586,4,,,0,70,,40557,4,,,0,30,,40616,4,,,0,70,,40589,4,,,0,30,,40555,4,,,0,70,,40611,4,,,0,30,,40592,4,,,0,70,,40552,4,,,0,30,,40606,4,,,0,69,,40590,4,,,0,30,,40554,4,,,0,70,,40610,4,,,0,25,,40623,4,,,0
20002019,'1800',1004,,41904,5,,,0
20002019,'1838',1004,,41905,5,,,0
20002019,'1863',1004,,41906,5,,,0
20002019,'1867',1004,,41907,5,,,0
14000001029,'1800',533,,42000,5,0,18 7,0,1812,,41998,5,,,0,68,,24949,5,,,0,30,,34783,5,,,0,70,,41999,5,,,0,30,,24948,5,,,0,70,,34781,5,,,0
14000001029,'1838',533,,42007,5,0,18 7,0,1812,,42001,5,,,0,68,,42005,5,,,0,30,,42006,5,,,0,70,,42003,5,,,0,30,,42004,5,,,0,70,,42002,5,,,0
14000001029,'1850',431,,34800,5,0,18 7,0,102,,34801,5,0,18 7,0,1812,,34803,5,,,0,68,,34804,5,,,0,30,,34807,5,,,0,70,,34802,5,,,0,30,,34805,5,,,0,70,,34806,5,,,0
14000001029,'1857',2413,,24920,5,,,0,130,,24921,5,,,0
14000001029,'1859',533,,34793,5,0,18 7,0,1812,,34794,5,,,0,68,,24925,5,,,0,30,,34790,5,,,0,70,,34791,5,,,0,30,,24929,5,,,0,70,,34792,5,,,0
14000001029,'1861',2413,,24935,5,,,0,30,,34798,5,,,0,100,,24934,5,,,0,70,,34796,5,,,0
14000001029,'1863',533,,42010,5,0,18 7,0,1812,,42008,5,,,0,168,,42009,5,,,0
14000001029,'1864',431,,34808,5,0,18 7,0,102,,42011,5,0,18 7,0,1812,,42013,5,,,0,98,,42015,5,,,0,70,,42012,5,,,0,100,,42014,5,,,0
14000001029,'1865',431,,42016,5,0,18 7,0,102,,42017,5,0,18 7,0,1812,,42019,5,,,0,68,,42020,5,,,0,30,,42023,5,,,0,70,,42018,5,,,0,30,,42021,5,,,0,70,,42022,5,,,0
14000001029,'1866',533,,42028,5,0,18 7,0,1812,,42030,5,,,0,68,,42025,5,,,0,30,,42024,5,,,0,70,,42026,5,,,0,30,,42029,5,,,0,70,,42027,5,,,0
14000001029,'1867',533,,42037,5,0,18 7,0,1812,,42031,5,,,0,68,,42035,5,,,0,30,,42036,5,,,0,70,,42033,5,,,0,30,,42034,5,,,0,70,,42032,5,,,0
