10029,'1838',932,,36366,7,,,0,100,,36368,7,,,0,100,,36359,7,,,0,70,,36370,7,,,0,30,,36361,7,,,0,70,,36371,7,,,0,30,,36363,7,,,0,70,,36372,7,,,0,30,,36365,7,,,0,70,,36373,7,,,0,30,,36367,7,,,0,70,,36374,7,,,0,30,,36358,7,,,0,100,,36360,7,,,0,100,,36362,7,,,0,100,,36364,7,,,0
10029,'1857',632,,29834,7,,,0,98,,29822,7,,,0,102,,36378,7,,,0,100,,29836,7,,,0,100,,29837,7,,,0,100,,29833,7,,,0,100,,29832,7,,,0,100,,29831,7,,,0,100,,29830,7,,,0,100,,36377,7,,,0,200,,29827,7,,,0,200,,29838,7,,,0,100,,29824,7,,,0,100,,29825,7,,,0,100,,29823,7,,,0
10029,'1865',602,,36397,7,,,0,30,,36391,7,,,0,70,,36398,7,,,0,28,,36379,7,,,0,70,,36399,7,,,0,32,,36392,7,,,0,100,,36393,7,,,0,100,,36394,7,,,0,100,,36390,7,,,0,100,,36389,7,,,0,100,,36388,7,,,0,100,,36387,7,,,0,100,,36386,7,,,0,100,,42446,7,,,0,70,,36400,7,,,0,30,,36384,7,,,0,70,,36401,7,,,0,30,,42445,7,,,0,70,,36402,7,,,0,30,,36395,7,,,0,70,,36403,7,,,0,30,,36381,7,,,0,100,,36382,7,,,0,100,,36380,7,,,0
10029,'1866',732,,36411,7,,,0,100,,36404,7,,,0,100,,36412,7,,,0,100,,36405,7,,,0,100,,36413,7,,,0,70,,36425,7,,,0,30,,36406,7,,,0,70,,36422,7,,,0,30,,36414,7,,,0,70,,36423,7,,,0,30,,36407,7,,,0,70,,36424,7,,,0,30,,36415,7,,,0,70,,36421,7,,,0,30,,36408,7,,,0,100,,36416,7,,,0,100,,36409,7,,,0,100,,36417,7,,,0,100,,36410,7,,,0,100,,36418,7,,,0
10029,'1867',932,,36434,7,,,0,100,,36436,7,,,0,100,,36427,7,,,0,70,,36442,7,,,0,30,,36429,7,,,0,70,,36439,7,,,0,30,,36431,7,,,0,70,,36440,7,,,0,30,,36433,7,,,0,70,,36441,7,,,0,30,,36435,7,,,0,70,,36438,7,,,0,30,,36426,7,,,0,100,,36428,7,,,0,100,,36430,7,,,0,100,,36432,7,,,0
10029,'1871',1632,,36376,7,,,0,200,,36375,7,,,0
10029,'1873',732,,29782,7,,,0,100,,29775,7,,,0,100,,29783,7,,,0,100,,29776,7,,,0,100,,29784,7,,,0,100,,29777,7,,,0,100,,29785,7,,,0,100,,29778,7,,,0,100,,29786,7,,,0,100,,29779,7,,,0,100,,29787,7,,,0,100,,29780,7,,,0,100,,29788,7,,,0,100,,29781,7,,,0,100,,29789,7,,,0
10029,'1875',932,,29800,7,,,0,100,,29802,7,,,0,100,,29793,7,,,0,100,,29795,7,,,0,100,,29797,7,,,0,100,,29799,7,,,0,100,,29801,7,,,0,100,,29792,7,,,0,100,,29794,7,,,0,100,,29796,7,,,0,100,,29798,7,,,0
10029,'1876',1632,,42448,7,,,0,200,,42447,7,,,0
10090029,'1870',711,,34682,2,,,0,100,,34675,2,,,0,100,,34677,2,,,0,100,,34676,2,,,0,430,,34681,2,,,0,100,,34679,2,,,0,100,,34678,2,,,0,100,,34680,2,,,0
