7029,'1838',729,,36145,32,,,0,101,,36146,32,,,0,100,,44633,32,,,0,100,,36148,32,,,0,100,,36149,32,,,0,100,,44634,32,,,0,100,,36151,32,,,0,101,,36152,32,,,0,100,,44635,32,,,0,99,,36154,32,,,0,100,,36155,32,,,0,99,,44636,32,,,0,100,,36157,32,,,0,100,,36158,32,,,0,100,,44632,32,,,0
7029,'1865',527,,44642,32,,,0,103,,44643,32,,,0,70,,44644,32,,,0,32,,36198,32,,,0,70,,36199,32,,,0,31,,36200,32,,,0,69,,44645,32,,,0,30,,42423,32,,,0,70,,42424,32,,,0,30,,42425,32,,,0,70,,36205,32,,,0,30,,36206,32,,,0,70,,36207,32,,,0,30,,44640,32,,,0,70,,44641,32,,,0,30,,42421,32,,,0,71,,44639,32,,,0,30,,44638,32,,,0,72,,42422,32,,,0,29,,36208,32,,,0,70,,44646,32,,,0,30,,44647,32,,,0,68,,44648,32,,,0,30,,42426,32,,,0,68,,44649,32,,,0,30,,36214,32,,,0,70,,36215,32,,,0,30,,44650,32,,,0,70,,44651,32,,,0,30,,36218,32,,,0,100,,36219,32,,,0,99,,36220,32,,,0,100,,42427,32,,,0
7029,'1866',630,,36253,21,,,0,29,,44652,32,,,0,70,,44662,32,,,0,30,,36223,32,,,0,71,,36237,32,,,0,70,,44653,32,,,0,30,,36238,32,,,0,70,,44654,32,,,0,30,,44663,32,,,0,70,,44655,32,,,0,30,,36240,32,,,0,70,,36227,32,,,0,30,,36241,32,,,0,70,,44656,32,,,0,30,,44664,32,,,0,70,,36229,32,,,0,31,,36243,32,,,0,70,,36230,32,,,0,30,,36244,32,,,0,70,,44657,32,,,0,29,,44665,32,,,0,70,,44658,32,,,0,30,,36246,32,,,0,70,,44659,32,,,0,29,,36247,32,,,0,30,,44660,32,,,0,70,,44666,32,,,0,30,,44661,32,,,0,70,,36249,32,,,0,100,,36250,32,,,0,100,,36251,32,,,0,100,,42428,32,,,0
7029,'1867',729,,36256,32,,,0,101,,36257,32,,,0,100,,44669,32,,,0,100,,36259,32,,,0,100,,36260,32,,,0,100,,44670,32,,,0,100,,36262,32,,,0,101,,36263,32,,,0,100,,44671,32,,,0,99,,36265,32,,,0,100,,36266,32,,,0,99,,44672,32,,,0,100,,36268,32,,,0,100,,36269,32,,,0,100,,44668,32,,,0
7029,'1873',630,,29576,21,,,0,129,,29546,32,,,0,71,,29560,32,,,0,100,,29561,32,,,0,200,,29563,32,,,0,70,,29550,32,,,0,30,,29564,32,,,0,170,,29552,32,,,0,31,,29566,32,,,0,70,,29553,32,,,0,30,,29567,32,,,0,199,,29569,32,,,0,99,,29570,32,,,0,200,,29572,32,,,0,100,,29573,32,,,0,100,,29574,32,,,0,100,,42437,32,,,0
7029,'1878',729,,29579,32,,,0,101,,29580,32,,,0,200,,29582,32,,,0,100,,29583,32,,,0,200,,29585,32,,,0,101,,29586,32,,,0,199,,29588,32,,,0,100,,29589,32,,,0,199,,29591,32,,,0,100,,29592,32,,,0
7029,'1881',527,,36176,32,,,0,103,,36177,32,,,0,70,,29635,32,,,0,202,,36178,32,,,0,330,,36172,32,,,0,70,,36173,32,,,0,101,,36171,32,,,0,30,,36170,32,,,0,171,,36182,32,,,0,30,,36183,32,,,0,68,,36184,32,,,0,98,,36186,32,,,0,130,,36187,32,,,0,70,,29655,32,,,0
7029,'1882',732,,29636,32,,,0,70,,29637,32,,,0,31,,29638,32,,,0,99,,42432,32,,,0,70,,42433,32,,,0,30,,42434,32,,,0,70,,29643,32,,,0,30,,29644,32,,,0,70,,29645,32,,,0,130,,42430,32,,,0,173,,42431,32,,,0,29,,29646,32,,,0,198,,42435,32,,,0,98,,29652,32,,,0,70,,29653,32,,,0,130,,29656,32,,,0,100,,29657,32,,,0,99,,29658,32,,,0,100,,42436,32,,,0
7029,'1886',527,,44678,32,,,0,103,,44679,32,,,0,70,,44680,32,,,0,202,,44681,32,,,0,330,,44676,32,,,0,70,,44677,32,,,0,101,,44675,32,,,0,30,,44674,32,,,0,171,,44682,32,,,0,30,,44683,32,,,0,68,,44684,32,,,0,98,,44685,32,,,0,130,,44686,32,,,0,70,,44687,32,,,0
7029,'1887',659,,44688,32,,,0,70,,44698,32,,,0,171,,44689,32,,,0,100,,44690,32,,,0,30,,44699,32,,,0,70,,44691,32,,,0,200,,44692,32,,,0,30,,44700,32,,,0,271,,44693,32,,,0,29,,44701,32,,,0,70,,44694,32,,,0,100,,44695,32,,,0,59,,44696,32,,,0,70,,44702,32,,,0,30,,44697,32,,,0
7029,'1888',930,,44705,32,,,0,300,,44706,32,,,0,301,,44707,32,,,0,298,,44708,32,,,0,300,,44704,32,,,0
