11029,'1800',813,,29926,8,,,0,100,,29927,8,,,0,104,,29928,8,,,0,100,,29929,8,,,0,100,,29930,8,,,0,100,,29931,8,,,0,100,,29932,8,,,0,100,,29933,8,,,0,100,,29934,8,,,0,98,,29935,8,,,0,100,,29936,8,,,0,99,,29937,8,,,0,100,,29938,8,,,0
11029,'1838',813,,29939,8,,,0,100,,29940,8,,,0,104,,29941,8,,,0,100,,29942,8,,,0,100,,29943,8,,,0,100,,29944,8,,,0,100,,29945,8,,,0,100,,29946,8,,,0,100,,29947,8,,,0,98,,29948,8,,,0,100,,29949,8,,,0,99,,29950,8,,,0,100,,29951,8,,,0
11029,'1841',615,,25637,1,,,0,98,,25623,8,,,0,101,,25624,8,,,0,100,,25625,8,,,0,101,,25626,8,,,0,100,,25627,8,,,0,100,,25628,8,,,0,100,,25629,8,,,0,100,,25630,8,,,0,100,,25631,8,,,0,100,,25632,8,,,0,100,,25633,8,,,0,100,,25634,8,,,0,100,,25635,8,,,0,100,,25636,8,,,0,100,,25622,8,,,0
11029,'1848',615,,29952,1,,,0,98,,29966,8,,,0,100,,29953,8,,,0,100,,29954,8,,,0,104,,29955,8,,,0,100,,29956,8,,,0,100,,29957,8,,,0,100,,29958,8,,,0,100,,29959,8,,,0,100,,29960,8,,,0,100,,29961,8,,,0,98,,29962,8,,,0,100,,29963,8,,,0,99,,29964,8,,,0,100,,29965,8,,,0
11029,'1849',813,,29967,8,,,0,100,,29968,8,,,0,104,,29969,8,,,0,100,,29970,8,,,0,100,,29971,8,,,0,100,,29972,8,,,0,100,,29973,8,,,0,100,,29974,8,,,0,100,,29975,8,,,0,98,,29976,8,,,0,100,,29977,8,,,0,99,,29978,8,,,0,100,,29979,8,,,0
11029,'1850',615,,29995,1,,,0,98,,29981,8,,,0,101,,29982,8,,,0,100,,29983,8,,,0,101,,29984,8,,,0,100,,29985,8,,,0,100,,29986,8,,,0,100,,29987,8,,,0,100,,29988,8,,,0,100,,29989,8,,,0,100,,29990,8,,,0,100,,29991,8,,,0,100,,29992,8,,,0,100,,29993,8,,,0,100,,29994,8,,,0,100,,29980,8,,,0
11029,'1852',615,,30011,1,,,0,98,,29997,8,,,0,101,,29998,8,,,0,100,,29999,8,,,0,101,,30000,8,,,0,100,,30001,8,,,0,100,,30002,8,,,0,100,,30003,8,,,0,100,,30004,8,,,0,100,,30005,8,,,0,100,,30006,8,,,0,100,,30007,8,,,0,100,,30008,8,,,0,100,,30009,8,,,0,100,,30010,8,,,0,100,,29996,8,,,0
15019,'1800',742,,30284,53,,,0,100,,30282,53,,,0,100,,30285,53,,,0,101,,30283,53,,,0,100,,30280,53,,,0,100,,30278,53,,,0,101,,30281,53,,,0,100,,30279,53,,,0,100,,30276,53,,,0,99,,30277,53,,,0,100,,30274,53,,,0,100,,30275,53,,,0,100,,30273,53,,,0,99,,30286,53,,,0
15019,'1838',742,,30298,53,,,0,100,,30296,53,,,0,100,,30299,53,,,0,101,,30297,53,,,0,100,,30294,53,,,0,100,,30292,53,,,0,101,,30295,53,,,0,100,,30293,53,,,0,100,,30290,53,,,0,99,,30291,53,,,0,100,,30288,53,,,0,100,,30289,53,,,0,100,,30287,53,,,0,99,,30300,53,,,0
15019,'1841',614,,25840,19,4,,0,94,,20996,53,,,0,30,,25841,53,,,0,76,,25842,53,,,0,31,,25843,53,,,0,65,,21000,53,,,0,30,,25844,53,,,0,70,,21002,53,,,0,30,,25845,53,,,0,70,,25846,53,,,0,30,,21005,53,,,0,70,,25847,53,,,0,30,,25848,53,,,0,70,,25849,53,,,0,30,,25850,53,,,0,70,,25851,53,,,0,31,,21011,53,,,0,72,,25852,53,,,0,30,,25853,53,,,0,70,,25854,53,,,0,30,,25855,53,,,0,69,,25856,53,,,0,29,,25857,53,,,0,67,,25858,53,,,0,30,,25859,53,,,0,70,,25860,53,,,0,30,,25861,53,,,0,70,,21022,53,,,0,100,,25862,53,,,0,98,,25863,53,,,0,100,,25864,53,4,,0
15019,'1848',615,,30315,19,4,,0,127,,30301,53,,,0,100,,30302,53,,,0,100,,30303,53,,,0,101,,30304,53,,,0,100,,30305,53,,,0,100,,30306,53,,,0,102,,30307,53,,,0,100,,30308,53,,,0,100,,30309,53,,,0,98,,30310,53,,,0,100,,30311,53,,,0,100,,30312,53,,,0,100,,30313,53,,,0,99,,30314,53,,,0
15019,'1849',742,,30327,53,,,0,100,,30325,53,,,0,100,,30328,53,,,0,101,,30326,53,,,0,100,,30323,53,,,0,100,,30321,53,,,0,101,,30324,53,,,0,100,,30322,53,,,0,100,,30319,53,,,0,99,,30320,53,,,0,100,,30317,53,,,0,100,,30318,53,,,0,100,,30316,53,,,0,99,,30329,53,,,0
15019,'1850',614,,30330,19,4,,0,94,,30331,53,,,0,30,,30332,53,,,0,76,,30333,53,,,0,31,,30334,53,,,0,65,,30335,53,,,0,30,,30336,53,,,0,70,,30337,53,,,0,30,,30338,53,,,0,70,,30339,53,,,0,30,,30340,53,,,0,70,,30341,53,,,0,30,,30342,53,,,0,70,,30343,53,,,0,30,,30344,53,,,0,70,,30345,53,,,0,31,,30346,53,,,0,72,,30347,53,,,0,30,,30348,53,,,0,70,,30349,53,,,0,30,,30350,53,,,0,69,,30351,53,,,0,29,,30352,53,,,0,67,,30353,53,,,0,30,,30354,53,,,0,70,,30355,53,,,0,30,,30356,53,,,0,70,,30357,53,,,0,100,,30358,53,,,0,98,,30359,53,,,0,100,,30360,53,4,,0
15019,'1852',614,,30361,19,4,,0,94,,30362,53,,,0,30,,30363,53,,,0,76,,30364,53,,,0,31,,30365,53,,,0,65,,30366,53,,,0,30,,30367,53,,,0,70,,30368,53,,,0,30,,30369,53,,,0,70,,30370,53,,,0,30,,30371,53,,,0,70,,30372,53,,,0,30,,30373,53,,,0,70,,30374,53,,,0,30,,30375,53,,,0,70,,30376,53,,,0,31,,30377,53,,,0,72,,30378,53,,,0,30,,30379,53,,,0,70,,30380,53,,,0,30,,30381,53,,,0,69,,30382,53,,,0,29,,30383,53,,,0,67,,30384,53,,,0,30,,30385,53,,,0,70,,30386,53,,,0,30,,30387,53,,,0,70,,30388,53,,,0,100,,30389,53,,,0,98,,30390,53,,,0,100,,30391,53,4,,0
