14019,'1799',644,,20978,8,,,0
14019,'1800',644,,20993,8,,,0,100,,25777,8,,,0,100,,25766,8,,,0,100,,25767,8,,,0,100,,25768,8,,,0,100,,25769,8,,,0,100,,25770,8,,,0,101,,25771,8,,,0,100,,25772,8,,,0,100,,25773,8,,,0,99,,25774,8,,,0,100,,25775,8,,,0,100,,25776,8,,,0,100,,25765,8,,,0,95,,25764,8,,,0
14019,'1829',519,,20931,8,,,0,100,,20930,8,,,0,40,,20901,8,,,0,70,,20914,8,,,0,28,,20902,8,,,0,92,,20903,8,,,0,70,,20916,8,,,0,30,,20904,8,,,0,70,,20917,8,,,0,130,,20906,8,,,0,100,,20907,8,,,0,170,,20921,8,,,0,101,,20922,8,,,0,299,,20925,8,,,0
14019,'1831',2239,,20949,8,,,0
14019,'1832',744,,20964,8,,,0,100,,20952,8,,,0,100,,20953,8,,,0,100,,20954,8,,,0,100,,20955,8,,,0,100,,20956,8,,,0,101,,20957,8,,,0,100,,20958,8,,,0,100,,20959,8,,,0,99,,20960,8,,,0,100,,20961,8,,,0,100,,20962,8,,,0,100,,20951,8,,,0,95,,20950,8,,,0
14019,'1833',644,,20963,8,,,0
14019,'1834',744,,20979,8,,,0,100,,20967,8,,,0,100,,20968,8,,,0,100,,20969,8,,,0,100,,20970,8,,,0,100,,20971,8,,,0,101,,20972,8,,,0,100,,20973,8,,,0,100,,20974,8,,,0,99,,20975,8,,,0,100,,20976,8,,,0,100,,20977,8,,,0,100,,20966,8,,,0,95,,20965,8,,,0
14019,'1835',819,,25785,8,,,0,230,,25778,8,,,0,70,,25786,8,,,0,100,,25787,8,,,0,100,,25788,8,,,0,30,,25779,8,,,0,100,,25780,8,,,0,151,,25781,8,,,0,30,,25789,8,,,0,70,,25782,8,,,0,30,,25790,8,,,0,70,,25783,8,,,0,49,,25784,8,,,0,70,,25791,8,,,0,30,,25795,8,,,0,70,,25792,8,,,0,92,,25793,8,,,0,100,,25794,8,,,0
14019,'1836',644,,25796,8,,,0,100,,25797,8,,,0,100,,25798,8,,,0,100,,25799,8,,,0,100,,25800,8,,,0,100,,25801,8,,,0,100,,25802,8,,,0,101,,25803,8,,,0,100,,25804,8,,,0,100,,25805,8,,,0,99,,25806,8,,,0,100,,25807,8,,,0,100,,25808,8,,,0,100,,25809,8,,,0,100,,25810,8,,,0,95,,25811,8,,,0
14019,'1837',744,,25825,8,,,0,100,,25814,8,,,0,100,,25815,8,,,0,100,,25816,8,,,0,100,,25817,8,,,0,100,,25818,8,,,0,101,,25819,8,,,0,100,,25820,8,,,0,100,,25821,8,,,0,99,,25822,8,,,0,100,,25823,8,,,0,100,,25824,8,,,0,100,,25813,8,,,0,95,,25812,8,,,0
14019,'1838',744,,25839,8,,,0,100,,25828,8,,,0,100,,25829,8,,,0,100,,25830,8,,,0,100,,25831,8,,,0,100,,25832,8,,,0,101,,25833,8,,,0,100,,25834,8,,,0,100,,25835,8,,,0,99,,25836,8,,,0,100,,25837,8,,,0,100,,25838,8,,,0,100,,25827,8,,,0,95,,25826,8,,,0
