502029,'1799',934,,23165,6,,,0,115,,23176,6,,,0,85,,23163,6,,,0,200,,23161,6,,,0,201,,23159,6,,,0,199,,23157,6,,,0,15,,23171,6,,,0,185,,23155,6,,,0,70,,23143,6,,,0,30,,23154,6,,,0,70,,23144,6,,,0,30,,23152,6,,,0,69,,23149,6,,,0,30,,23153,6,,,0,70,,23146,6,,,0
502029,'1800',610,,26740,6,,,0,28,,26726,6,,,0,65,,26735,6,,,0,30,,26747,6,,,0,70,,26737,6,,,0,30,,26746,6,,,0,71,,26736,6,,,0,30,,23215,6,,,0,70,,26727,6,,,0,30,,26745,6,,,0,15,,23226,6,,,0,55,,26728,6,,,0,15,,26756,6,,,0,15,,23213,6,,,0,15,,26759,6,,,0,55,,26729,6,,,0,15,,26750,6,,,0,15,,26744,6,,,0,15,,26752,6,,,0,55,,26730,6,,,0,15,,26754,6,,,0,15,,23211,6,,,0,15,,26757,6,,,0,56,,26731,6,,,0,15,,26758,6,,,0,15,,26743,6,,,0,15,,26749,6,,,0,55,,26732,6,,,0,15,,26751,6,,,0,15,,23209,6,,,0,15,,26753,6,,,0,54,,26733,6,,,0,15,,26755,6,,,0,15,,26742,6,,,0,15,,26760,6,,,0,55,,26734,6,,,0,15,,26748,6,,,0,15,,23207,6,,,0,15,,23221,6,,,0,55,,26739,6,,,0,30,,26741,6,,,0,70,,26738,6,,,0,30,,23205,6,,,0,70,,23193,6,,,0,30,,23204,6,,,0,70,,23194,6,,,0,30,,23202,6,,,0,69,,23199,6,,,0,30,,23203,6,,,0,70,,23196,6,,,0
502029,'1829',549,,22959,6,,,0,70,,22961,6,,,0,31,,22964,6,,,0,64,,22966,6,,,0,13,,22967,6,,,0,6,,22968,6,,,0,18,,22970,6,,,0,52,,22972,6,,,0,24,,22974,6,,,0,78,,22977,6,,,0,14,,22978,6,,,0,100,,22982,6,,,0,31,,22984,6,,,0,155,,22989,6,,,0,30,,22991,6,,,0,216,,23000,6,,,0,106,,23005,6,,,0,577,,23024,6,,,0,100,,23026,6,,,0
502029,'1831',638,,23043,6,,,0,70,,23035,6,,,0,30,,23044,6,,,0,65,,23034,6,,,0,30,,23045,6,,,0,71,,23033,6,,,0,30,,23046,6,,,0,70,,23073,6,,,0,130,,23066,6,,,0,70,,23075,6,,,0,30,,23067,6,,,0,171,,23077,6,,,0,30,,23069,6,,,0,169,,23079,6,,,0,30,,23071,6,,,0,70,,23080,6,,,0,45,,23055,6,,,0,85,,23039,6,,,0,100,,23040,6,,,0,100,,23041,6,,,0,100,,23037,6,,,0,99,,23042,6,,,0
502029,'1832',610,,23101,6,,,0,28,,23083,6,,,0,65,,23092,6,,,0,30,,23117,6,,,0,70,,23097,6,,,0,30,,23116,6,,,0,71,,23095,6,,,0,100,,23084,6,,,0,30,,23114,6,,,0,70,,23085,6,,,0,15,,23128,6,,,0,30,,23131,6,,,0,55,,23086,6,,,0,15,,23120,6,,,0,15,,23112,6,,,0,15,,23123,6,,,0,55,,23087,6,,,0,15,,23125,6,,,0,30,,23129,6,,,0,56,,23088,6,,,0,15,,23130,6,,,0,15,,23110,6,,,0,15,,23119,6,,,0,55,,23089,6,,,0,15,,23122,6,,,0,30,,23124,6,,,0,54,,23090,6,,,0,15,,23127,6,,,0,15,,23108,6,,,0,15,,23132,6,,,0,55,,23091,6,,,0,15,,23118,6,,,0,85,,23100,6,,,0,30,,23106,6,,,0,70,,23098,6,,,0
502029,'1833',934,,23115,6,,,0,115,,23126,6,,,0,85,,23113,6,,,0,200,,23111,6,,,0,201,,23109,6,,,0,199,,23107,6,,,0,15,,23121,6,,,0,185,,23105,6,,,0,70,,23093,6,,,0,30,,23104,6,,,0,70,,23094,6,,,0,30,,23102,6,,,0,69,,23099,6,,,0,30,,23103,6,,,0,70,,23096,6,,,0
502029,'1834',610,,23151,6,,,0,28,,23133,6,,,0,65,,23142,6,,,0,30,,23167,6,,,0,70,,23147,6,,,0,30,,23166,6,,,0,71,,23145,6,,,0,100,,23134,6,,,0,30,,23164,6,,,0,70,,23135,6,,,0,15,,23178,6,,,0,30,,23181,6,,,0,55,,23136,6,,,0,15,,23170,6,,,0,15,,23162,6,,,0,15,,23173,6,,,0,55,,23137,6,,,0,15,,23175,6,,,0,30,,23179,6,,,0,56,,23138,6,,,0,15,,23180,6,,,0,15,,23160,6,,,0,15,,23169,6,,,0,55,,23139,6,,,0,15,,23172,6,,,0,30,,23174,6,,,0,54,,23140,6,,,0,15,,23177,6,,,0,15,,23158,6,,,0,15,,23182,6,,,0,55,,23141,6,,,0,15,,23168,6,,,0,85,,23150,6,,,0,30,,23156,6,,,0,70,,23148,6,,,0
502029,'1835',534,,26761,6,,,0,70,,26762,6,,,0,22,,26763,6,,,0,8,,26764,6,,,0,68,,26765,6,,,0,37,,26766,6,,,0,18,,26767,6,,,0,58,,26768,6,,,0,24,,26769,6,,,0,11,,26770,6,,,0,84,,26771,6,,,0,15,,26772,6,,,0,55,,26773,6,,,0,31,,26774,6,,,0,70,,26775,6,,,0,15,,26776,6,,,0,15,,26777,6,,,0,15,,26778,6,,,0,70,,26779,6,,,0,30,,26780,6,,,0,55,,26781,6,,,0,15,,26782,6,,,0,15,,26783,6,,,0,15,,26784,6,,,0,55,,26785,6,,,0,15,,26786,6,,,0,16,,26787,6,,,0,70,,26788,6,,,0,15,,26789,6,,,0,12,,26790,6,,,0,12,,26791,6,,,0,64,,26792,6,,,0,11,,26793,6,,,0,12,,26794,6,,,0,12,,26795,6,,,0,12,,26796,6,,,0,52,,26797,6,,,0,12,,26798,6,,,0,12,,26799,6,,,0,12,,26800,6,,,0,11,,26801,6,,,0,52,,26802,6,,,0,12,,26803,6,,,0,15,,26804,6,,,0,15,,26812,6,,,0,55,,26805,6,,,0,30,,26806,6,,,0,70,,26807,6,,,0,30,,26808,6,,,0,70,,26809,6,,,0,100,,26810,6,,,0,100,,26811,6,,,0
502029,'1836',608,,26817,6,,,0,15,,26844,6,,,0,326,,26819,6,,,0,70,,26827,6,,,0,15,,26836,6,,,0,15,,26820,6,,,0,55,,26840,6,,,0,15,,26828,6,,,0,30,,26821,6,,,0,70,,26829,6,,,0,30,,26822,6,,,0,55,,26841,6,,,0,15,,26830,6,,,0,15,,26837,6,,,0,15,,26823,6,,,0,71,,26831,6,,,0,30,,26824,6,,,0,55,,26842,6,,,0,15,,26832,6,,,0,15,,26838,6,,,0,15,,26825,6,,,0,69,,26833,6,,,0,30,,26826,6,,,0,70,,26834,6,,,0,15,,26818,6,,,0,70,,26839,6,,,0,15,,26835,6,,,0,30,,26843,6,,,0,155,,26816,6,,,0,100,,26815,6,,,0,99,,26814,6,,,0,100,,26813,6,,,0
502029,'1837',610,,26859,6,,,0,28,,26845,6,,,0,65,,26854,6,,,0,30,,26866,6,,,0,70,,26856,6,,,0,30,,26865,6,,,0,71,,26855,6,,,0,100,,26846,6,,,0,30,,26864,6,,,0,70,,26847,6,,,0,15,,26875,6,,,0,30,,26878,6,,,0,55,,26848,6,,,0,15,,26869,6,,,0,15,,26863,6,,,0,15,,26871,6,,,0,55,,26849,6,,,0,15,,26873,6,,,0,30,,26876,6,,,0,56,,26850,6,,,0,15,,26877,6,,,0,15,,26862,6,,,0,15,,26868,6,,,0,55,,26851,6,,,0,15,,26870,6,,,0,30,,26872,6,,,0,54,,26852,6,,,0,15,,26874,6,,,0,15,,26861,6,,,0,15,,26879,6,,,0,55,,26853,6,,,0,15,,26867,6,,,0,85,,26858,6,,,0,30,,26860,6,,,0,70,,26857,6,,,0
502029,'1838',610,,26894,6,,,0,28,,26880,6,,,0,65,,26889,6,,,0,30,,26901,6,,,0,70,,26891,6,,,0,30,,26900,6,,,0,71,,26890,6,,,0,100,,26881,6,,,0,30,,26899,6,,,0,70,,26882,6,,,0,15,,26910,6,,,0,30,,26913,6,,,0,55,,26883,6,,,0,15,,26904,6,,,0,15,,26898,6,,,0,15,,26906,6,,,0,55,,26884,6,,,0,15,,26908,6,,,0,30,,26911,6,,,0,56,,26885,6,,,0,15,,26912,6,,,0,15,,26897,6,,,0,15,,26903,6,,,0,55,,26886,6,,,0,15,,26905,6,,,0,30,,26907,6,,,0,54,,26887,6,,,0,15,,26909,6,,,0,15,,26896,6,,,0,15,,26914,6,,,0,55,,26888,6,,,0,15,,26902,6,,,0,85,,26893,6,,,0,30,,26895,6,,,0,70,,26892,6,,,0
