12019,'1843',634,,20790,8,0,5 2 12,0,70,,20791,8,0,5 2 12,0,30,,20792,8,0,5 2 12,0,70,,20793,8,0,5 2 12,0,30,,20794,8,0,5 2 12,0,602,,20795,8,0,5 2 12,0,70,,20796,8,0,5 2 12,0,30,,20797,8,0,5 2 12,0,70,,20798,8,0,5 2 12,0,30,,20799,8,0,5 2 12,0,70,,20800,8,0,5 2 12,0,30,,20801,8,0,5 2 12,0,70,,20802,8,0,5 2 12,0
12019,'1850',634,,30012,8,0,5 2 12,0,70,,30013,8,0,5 2 12,0,30,,30014,8,0,5 2 12,0,70,,30015,8,0,5 2 12,0,30,,30016,8,0,5 2 12,0,602,,30017,8,0,5 2 12,0,70,,30018,8,0,5 2 12,0,30,,30019,8,0,5 2 12,0,70,,30020,8,0,5 2 12,0,30,,30021,8,0,5 2 12,0,70,,30022,8,0,5 2 12,0,30,,30023,8,0,5 2 12,0,70,,30024,8,0,5 2 12,0
601019,'1800',2154,,23359,5,,,0,70,,23358,5,,,0,30,,23357,12,,,0
601019,'1838',626,,23324,12,,,0,30,,23327,12,,,0,70,,23351,12,,,0,30,,23336,12,,,0,70,,23354,12,,,0,30,,23322,12,,,0,70,,23329,12,,,0,30,,23349,12,,,0,70,,23352,12,,,0,30,,23323,12,,,0,70,,23335,12,,,0,30,,23353,12,,,0,71,,23348,12,,,0,30,,23326,12,,,0,70,,23338,12,,,0,30,,23344,12,,,0,70,,23341,12,,,0,30,,23331,12,,,0,70,,23330,12,,,0,30,,23325,12,,,0,69,,23345,12,,,0,30,,23334,12,,,0,70,,23347,12,,,0,30,,23343,12,,,0,70,,23328,12,,,0,30,,23350,12,,,0,68,,23342,12,,,0,30,,23356,12,,,0,70,,23339,12,,,0,30,,23355,12,,,0,70,,23332,12,,,0,30,,23333,12,,,0,70,,23340,12,,,0,30,,23337,12,,,0
601019,'1841',623,,23261,12,,,0,32,,23255,11,0,19 2 11 2 22 1 23,0,55,,23248,11,0,19 2 11 2 22 1 23,0,12,,23252,11,0,19 2 11 2 22 1 23,0,33,,23256,11,0,19 2 11 2 22 1 23,0,55,,23247,11,0,19 2 11 2 22 1 23,0,15,,23249,11,0,19 2 11 2 22 1 23,0,79,,23273,12,,,0,100,,23279,12,,,0,99,,23274,12,,,0,100,,23282,12,,,0,100,,23275,12,,,0,100,,23281,12,,,0,104,,23266,11,0,19 2 11 2 22 1 23,0,100,,23264,11,0,19 2 11 2 22 1 23,0,100,,23268,11,0,19 2 11 2 22 1 23,0,100,,23269,11,0,19 2 11 2 22 1 23,0,100,,23244,12,,,0
601019,'1843',643,,23253,12,,,0,95,,23263,11,0,19 2 11 2 22 1 23,0,101,,23262,11,0,19 2 11 2 22 1 23,0,95,,23278,12,,,0,99,,23276,12,,,0,100,,23280,12,,,0,100,,23277,12,,,0,100,,23283,12,,,0,90,,23241,12,,,0,14,,23270,11,0,19 2 11 2 22 1 23,0,15,,23258,11,0,19 2 11 2 22 1 23,0,70,,23254,11,0,19 2 11 2 22 1 23,0,15,,23267,11,0,19 2 11 2 22 1 23,0,15,,23257,11,0,19 2 11 2 22 1 23,0,70,,23259,11,0,19 2 11 2 22 1 23,0,15,,23265,11,0,19 2 11 2 22 1 23,0,15,,23251,11,0,19 2 11 2 22 1 23,0,70,,23246,11,0,19 2 11 2 22 1 23,0,15,,23271,11,0,19 2 11 2 22 1 23,0,15,,23250,11,0,19 2 11 2 22 1 23,0,70,,23235,12,,,0,30,,23236,12,,,0,70,,23242,12,,,0,29,,23239,12,,,0,70,,23240,12,,,0,30,,23234,12,,,0,70,,23237,12,,,0,30,,23233,12,,,0,70,,23238,12,,,0,33,,23243,12,,,0
601019,'1845',626,,23300,12,,,0,30,,23318,12,,,0,70,,23299,12,,,0,30,,23317,12,,,0,70,,23298,12,,,0,30,,23316,12,,,0,70,,23297,12,,,0,30,,23315,12,,,0,70,,23295,12,,,0,30,,23313,12,,,0,70,,23296,12,,,0,30,,23314,12,,,0,71,,23294,12,,,0,30,,23312,12,,,0,70,,23285,12,,,0,30,,23311,12,,,0,70,,23293,12,,,0,30,,23310,12,,,0,70,,23291,12,,,0,30,,23309,12,,,0,69,,23286,12,,,0,30,,23307,12,,,0,70,,23288,12,,,0,30,,23308,12,,,0,70,,23292,12,,,0,30,,23306,12,,,0,68,,23287,12,,,0,30,,23305,12,,,0,70,,23290,12,,,0,30,,23304,12,,,0,70,,23289,12,,,0,30,,23303,12,,,0,70,,23284,12,,,0,30,,23302,12,,,0
601019,'1847',2154,,23321,5,,,0,70,,23320,5,,,0,30,,23319,12,,,0
601019,'1850',623,,32942,12,,,0,20,,32934,12,,,0,12,,32936,11,0,19 2 11 2 22 1 23,0,55,,32929,11,0,19 2 11 2 22 1 23,0,12,,32933,11,0,19 2 11 2 22 1 23,0,16,,32944,11,0,19 2 11 2 22 1 23,0,17,,32937,11,0,19 2 11 2 22 1 23,0,55,,32928,11,0,19 2 11 2 22 1 23,0,15,,32930,11,0,19 2 11 2 22 1 23,0,14,,32943,11,0,19 2 11 2 22 1 23,0,65,,32954,12,,,0,30,,32959,12,,,0,70,,32960,12,,,0,29,,32957,12,,,0,70,,32955,12,,,0,30,,32961,12,,,0,70,,32963,12,,,0,30,,32958,12,,,0,70,,32956,12,,,0,30,,32964,12,,,0,70,,32962,12,,,0,20,,32922,12,,,0,14,,32951,11,0,19 2 11 2 22 1 23,0,15,,32939,11,0,19 2 11 2 22 1 23,0,55,,32947,11,0,19 2 11 2 22 1 23,0,15,,32935,11,0,19 2 11 2 22 1 23,0,15,,32948,11,0,19 2 11 2 22 1 23,0,15,,32938,11,0,19 2 11 2 22 1 23,0,55,,32945,11,0,19 2 11 2 22 1 23,0,15,,32940,11,0,19 2 11 2 22 1 23,0,15,,32946,11,0,19 2 11 2 22 1 23,0,15,,32932,11,0,19 2 11 2 22 1 23,0,55,,32949,11,0,19 2 11 2 22 1 23,0,15,,32927,11,0,19 2 11 2 22 1 23,0,15,,32952,11,0,19 2 11 2 22 1 23,0,15,,32931,11,0,19 2 11 2 22 1 23,0,55,,32950,11,0,19 2 11 2 22 1 23,0,15,,32916,12,,,0,30,,32917,12,,,0,55,,32925,12,,,0,15,,32923,12,,,0,29,,32920,12,,,0,70,,32921,12,,,0,30,,32915,12,,,0,70,,32918,12,,,0,30,,32914,12,,,0,70,,32919,12,,,0,33,,32924,12,,,0
601019,'1852',623,,32973,12,,,0,32,,32970,11,0,19 2 11 2 22 1 23,0,55,,32967,11,0,19 2 11 2 22 1 23,0,12,,32969,11,0,19 2 11 2 22 1 23,0,33,,32971,11,0,19 2 11 2 22 1 23,0,55,,32966,11,0,19 2 11 2 22 1 23,0,15,,32968,11,0,19 2 11 2 22 1 23,0,79,,32978,12,,,0,100,,32981,12,,,0,99,,32979,12,,,0,100,,32983,12,,,0,100,,32980,12,,,0,100,,32982,12,,,0,104,,32975,11,0,19 2 11 2 22 1 23,0,100,,32974,11,0,19 2 11 2 22 1 23,0,100,,32976,11,0,19 2 11 2 22 1 23,0,100,,32977,11,0,19 2 11 2 22 1 23,0,100,,32965,12,,,0
