2029,'1799',623,,19664,22,,,0,30,,19672,22,,,0,68,,19683,22,,,0,30,,19678,22,,,0,70,,19665,22,,,0,30,,19673,22,,,0,69,,19684,22,,,0,30,,19679,22,,,0,70,,19666,22,,,0,30,,19674,22,,,0,70,,19685,22,,,0,30,,19680,22,,,0,70,,19667,22,,,0,30,,19675,22,,,0,70,,19686,22,,,0,30,,19681,22,,,0,70,,19668,22,,,0,30,,19676,22,,,0,70,,19687,22,,,0,30,,19682,22,,,0,70,,19669,22,,,0,30,,19677,22,,,0,70,,19688,22,,,0,100,,19670,22,,,0,100,,19689,22,,,0,100,,19671,22,,,0,100,,19690,22,,,0,100,,19663,22,,,0
2029,'1800',623,,19696,22,,,0,30,,19704,22,,,0,68,,19715,22,,,0,30,,19710,22,,,0,70,,19697,22,,,0,30,,19705,22,,,0,69,,19716,22,,,0,30,,19711,22,,,0,70,,19698,22,,,0,30,,19706,22,,,0,70,,19717,22,,,0,30,,19712,22,,,0,70,,19699,22,,,0,30,,19707,22,,,0,70,,19718,22,,,0,30,,19713,22,,,0,70,,19700,22,,,0,30,,19708,22,,,0,70,,19719,22,,,0,30,,19714,22,,,0,70,,19701,22,,,0,30,,19709,22,,,0,70,,19720,22,,,0,100,,19702,22,,,0,100,,19721,22,,,0,100,,19703,22,,,0,100,,19722,22,,,0,100,,19695,22,,,0
2029,'1829',526,,19588,7,,,0,27,,19562,22,,,0,70,,19563,22,,,0,30,,19564,22,,,0,68,,19565,22,,,0,30,,19566,22,,,0,70,,19567,22,,,0,30,,19568,22,,,0,69,,19569,22,,,0,30,,19570,22,,,0,70,,19571,22,,,0,30,,19572,22,,,0,70,,19573,22,,,0,30,,19574,22,,,0,70,,19575,22,,,0,30,,19576,22,,,0,70,,19577,22,,,0,30,,19578,22,,,0,70,,19579,22,,,0,30,,19580,22,,,0,70,,19581,22,,,0,30,,19582,22,,,0,70,,19583,22,,,0,31,,19584,22,,,0,70,,19585,22,,,0,29,,19586,22,,,0,70,,19587,22,,,0,30,,19591,22,,,0,70,,19592,22,,,0,100,,19593,22,,,0,100,,19594,22,,,0,100,,19590,22,,,0
2029,'1831',553,,19628,22,0,5 2 15 16 17,0,70,,19611,22,,,0,30,,19618,22,,,0,68,,19597,22,,,0,30,,19603,22,,,0,70,,19612,22,,,0,30,,19619,22,,,0,69,,19598,22,,,0,30,,19604,22,,,0,70,,19613,22,,,0,30,,19620,22,,,0,70,,19599,22,,,0,30,,19605,22,,,0,70,,19614,22,,,0,30,,19621,22,,,0,70,,19600,22,,,0,30,,19606,22,,,0,70,,19615,22,,,0,30,,19622,22,,,0,70,,19601,22,,,0,30,,19607,22,,,0,70,,19616,22,,,0,30,,19623,22,,,0,70,,19602,22,,,0,30,,19608,22,,,0,70,,19617,22,,,0,30,,19624,22,,,0,70,,19609,22,,,0,100,,19625,22,,,0,100,,19610,22,,,0,100,,19626,22,,,0
2029,'1833',623,,19632,22,,,0,30,,19640,22,,,0,68,,19651,22,,,0,30,,19646,22,,,0,70,,19633,22,,,0,30,,19641,22,,,0,69,,19652,22,,,0,30,,19647,22,,,0,70,,19634,22,,,0,30,,19642,22,,,0,70,,19653,22,,,0,30,,19648,22,,,0,70,,19635,22,,,0,30,,19643,22,,,0,70,,19654,22,,,0,30,,19649,22,,,0,70,,19636,22,,,0,30,,19644,22,,,0,70,,19655,22,,,0,30,,19650,22,,,0,70,,19637,22,,,0,30,,19645,22,,,0,70,,19656,22,,,0,100,,19638,22,,,0,100,,19657,22,,,0,100,,19639,22,,,0,100,,19658,22,,,0,100,,19631,22,,,0
20002019,'1800',1005,,28213,7,,,0
20002019,'1832',1005,,24809,7,,,0
20002019,'1834',1005,,24810,7,,,0
20002019,'1837',1005,,28214,7,,,0
20002019,'1838',1005,,28215,7,,,0
14000001029,'1799',2415,,24942,7,,,0,30,,24943,7,,,0,100,,24941,7,,,0,70,,24939,7,,,0
14000001029,'1800',535,,28283,7,0,18 7,0,1812,,28281,7,,,0,68,,24949,7,,,0,30,,24950,7,,,0,70,,28282,7,,,0,30,,24948,7,,,0,70,,24946,7,,,0
14000001029,'1829',433,,24916,7,0,18 7,0,1982,,24920,7,,,0,130,,24921,7,,,0
14000001029,'1831',535,,24928,7,0,18 7,0,1812,,24930,7,,,0,68,,24925,7,,,0,30,,24924,7,,,0,70,,24926,7,,,0,30,,24929,7,,,0,70,,24927,7,,,0
14000001029,'1832',535,,24937,7,0,18 7,0,1812,,24931,7,,,0,168,,24933,7,,,0
14000001029,'1833',2415,,24935,7,,,0,30,,24936,7,,,0,100,,24934,7,,,0,70,,24932,7,,,0
14000001029,'1834',535,,24944,7,0,18 7,0,1812,,24938,7,,,0,168,,24940,7,,,0
14000001029,'1835',535,,28284,7,0,18 7,0,1812,,28286,7,,,0,98,,28288,7,,,0,70,,28285,7,,,0,100,,28287,7,,,0
14000001029,'1837',535,,28291,7,0,18 7,0,1812,,28289,7,,,0,168,,28290,7,,,0
14000001029,'1838',535,,28294,7,0,18 7,0,1812,,28292,7,,,0,168,,28293,7,,,0
