1029,'1817',611,,16625,29,,,0,98,,16626,29,,,0,100,,16627,29,,,0,101,,16628,29,,,0,101,,16629,29,,,0,100,,16630,29,,,0,100,,16631,29,,,0,100,,16632,29,,,0,100,,16633,29,,,0,100,,16634,29,,,0,99,,16635,29,,,0,100,,16636,29,,,0,100,,16637,29,,,0,100,,16638,29,,,0,100,,16639,29,,,0,100,,16640,29,,,0,97,,16641,29,,,0,100,,16642,29,,,0
1029,'1820',611,,9387,29,,,0,103,,9407,29,,,0,30,,9384,29,,,0,70,,13781,29,,,0,30,,13794,29,,,0,68,,9382,29,,,0,31,,9389,29,,,0,70,,13792,29,,,0,30,,13783,29,,,0,70,,9378,29,,,0,30,,13793,29,,,0,70,,9383,29,,,0,30,,13784,29,,,0,70,,13791,29,,,0,30,,9385,29,,,0,70,,9380,29,,,0,31,,9408,29,,,0,72,,13782,29,,,0,30,,13785,29,,,0,69,,13790,29,,,0,29,,13786,29,,,0,70,,9392,29,,,0,30,,9359,29,,,0,67,,9397,29,,,0,30,,9396,29,,,0,70,,13787,29,,,0,30,,9394,29,,,0,69,,9409,29,,,0,30,,9403,29,,,0,70,,13789,29,,,0,30,,9401,29,,,0,70,,13788,29,,,0,30,,9399,29,,,0,65,,9398,29,,,0
1029,'1821',647,,9388,29,,,0
1029,'1823',611,,16652,29,,,0,103,,16672,29,,,0,30,,16649,29,,,0,70,,16644,29,,,0,30,,16676,29,,,0,68,,16647,29,,,0,31,,16653,29,,,0,70,,16671,29,,,0,30,,16651,29,,,0,70,,16643,29,,,0,30,,16675,29,,,0,70,,16648,29,,,0,30,,16654,29,,,0,70,,16670,29,,,0,30,,16650,29,,,0,70,,16645,29,,,0,31,,16673,29,,,0,72,,16646,29,,,0,30,,16655,29,,,0,69,,16669,29,,,0,29,,16658,29,,,0,70,,16657,29,,,0,30,,16656,29,,,0,67,,16662,29,,,0,30,,16661,29,,,0,70,,16660,29,,,0,30,,16659,29,,,0,69,,16674,29,,,0,30,,16668,29,,,0,70,,16667,29,,,0,30,,16666,29,,,0,70,,16665,29,,,0,30,,16664,29,,,0,65,,16663,29,,,0
1029,'1824',611,,16682,29,,,0,28,,16694,29,,,0,70,,16701,29,,,0,30,,16689,29,,,0,70,,16710,29,,,0,30,,16698,29,,,0,71,,16681,29,,,0,31,,16693,29,,,0,70,,16704,29,,,0,30,,16688,29,,,0,70,,16711,29,,,0,30,,16697,29,,,0,70,,16680,29,,,0,30,,16692,29,,,0,70,,16703,29,,,0,30,,16687,29,,,0,70,,16683,29,,,0,30,,16696,29,,,0,70,,16679,29,,,0,30,,16691,29,,,0,69,,16699,29,,,0,30,,16686,29,,,0,70,,16708,29,,,0,30,,16695,29,,,0,70,,16678,29,,,0,30,,16690,29,,,0,70,,16702,29,,,0,30,,16684,29,,,0,70,,16706,29,,,0,30,,16705,29,,,0,70,,16677,29,,,0,30,,16685,29,,,0,67,,16700,29,,,0,30,,16709,29,,,0,70,,16707,29,,,0
31019,'1817',603,,17821,9,,,0,50,,17804,21,,,0,100,,17805,21,,,0,100,,17806,21,,,0,100,,17807,21,,,0,100,,17808,21,,,0,101,,17809,21,,,0,100,,17810,21,,,0,100,,17811,21,,,0,100,,17812,21,,,0,100,,17813,21,,,0,100,,17814,21,,,0,100,,17815,21,,,0,100,,17816,21,,,0,100,,17817,21,,,0,99,,17818,21,,,0,100,,17819,21,,,0,100,,17820,21,,,0
31019,'1820',602,,15013,9,,,0,26,,15012,9,,,0,25,,11504,21,,,0,72,,11519,21,,,0,29,,15011,21,,,0,70,,15001,21,,,0,30,,11512,21,,,0,70,,15005,21,,,0,30,,11507,21,,,0,72,,15003,21,,,0,28,,15010,21,,,0,70,,11518,21,,,0,30,,11513,21,,,0,70,,11524,21,,,0,30,,14999,21,,,0,70,,15004,21,,,0,30,,15009,21,,,0,70,,15002,21,,,0,30,,11510,21,,,0,70,,11484,21,,,0,30,,11508,21,,,0,70,,11522,21,,,0,30,,15008,21,,,0,70,,11517,21,,,0,30,,11511,21,,,0,70,,11523,21,,,0,30,,14998,21,,,0,70,,11539,21,,,0,30,,15007,21,,,0,100,,11514,21,,,0,99,,15000,21,,,0,100,,15006,21,,,0
31019,'1823',602,,17858,9,,,0,26,,17853,9,,,0,25,,17823,21,,,0,72,,17838,21,,,0,29,,17851,21,,,0,70,,17834,21,,,0,30,,17831,21,,,0,70,,17845,21,,,0,30,,17826,21,,,0,72,,17839,21,,,0,28,,17850,21,,,0,70,,17837,21,,,0,30,,17832,21,,,0,70,,17844,21,,,0,30,,17825,21,,,0,70,,17840,21,,,0,30,,17849,21,,,0,70,,17835,21,,,0,30,,17829,21,,,0,70,,17843,21,,,0,30,,17827,21,,,0,70,,17841,21,,,0,30,,17848,21,,,0,70,,17836,21,,,0,30,,17830,21,,,0,70,,17842,21,,,0,30,,17824,21,,,0,70,,17859,21,,,0,30,,17847,21,,,0,100,,17833,21,,,0,99,,17828,21,,,0,100,,17846,21,,,0
31019,'1824',603,,17895,9,,,0,26,,17888,9,,,0,24,,17865,21,,,0,70,,17881,21,,,0,30,,17894,21,,,0,70,,17877,21,,,0,30,,17871,21,,,0,70,,17887,21,,,0,30,,17864,21,,,0,70,,17880,21,,,0,30,,17889,21,,,0,71,,17876,21,,,0,30,,17870,21,,,0,70,,17886,21,,,0,30,,17863,21,,,0,70,,17879,21,,,0,30,,17892,21,,,0,70,,17875,21,,,0,30,,17869,21,,,0,70,,17885,21,,,0,30,,17862,21,,,0,70,,17878,21,,,0,30,,17891,21,,,0,70,,17874,21,,,0,30,,17868,21,,,0,70,,17884,21,,,0,30,,17861,21,,,0,70,,17896,21,,,0,30,,17890,21,,,0,99,,17867,21,,,0,100,,17860,21,,,0,100,,17893,21,,,0
801019,'1816',825,,13476,8,0,12,0,30,,13477,8,0,12,0,100,,13462,8,0,12,0,70,,13461,8,0,12,0,100,,13466,8,0,12,0,30,,13471,8,0,12,0,100,,13469,8,0,12,0,70,,13468,8,0,12,0,100,,13465,8,0,12,0,30,,13474,8,0,12,0,100,,13455,8,0,12,0,70,,13456,8,0,12,0,100,,13460,8,0,12,0,30,,13473,8,0,12,0,100,,13464,8,0,12,0,71,,13478,8,0,12,0,100,,13480,8,0,12,0
801019,'1817',755,,13407,8,0,12,0,70,,19002,8,0,12,0,30,,13411,8,0,12,0,70,,13400,8,0,12,0,30,,19001,8,0,12,0,70,,13405,8,0,12,0,30,,13418,8,0,12,0,70,,13409,8,0,12,0,30,,13406,8,0,12,0,70,,13415,8,0,12,0,30,,13401,8,0,12,0,70,,13412,8,0,12,0,30,,13414,8,0,12,0,70,,13410,8,0,12,0,30,,13397,8,0,12,0,70,,13416,8,0,12,0,30,,13402,8,0,12,0,70,,13398,8,0,12,0,30,,13413,8,0,12,0,70,,13396,8,0,12,0,30,,13399,8,0,12,0,70,,13417,8,0,12,0,30,,13394,8,0,12,0,71,,13404,8,0,12,0,30,,13419,8,0,12,0,70,,13408,8,0,12,0
801019,'1820',630,,16362,8,0,12,0,20,,16359,8,0,12,0,66,,16356,8,0,12,0,15,,16358,8,0,12,0,19,,16355,8,0,12,0,60,,16357,8,0,12,0,20,,16363,8,0,12,0,96,,16338,8,0,12,0,30,,16339,8,0,12,0,100,,16340,8,0,12,0,70,,16341,8,0,12,0,30,,16342,8,0,12,0,70,,16343,8,0,12,0,30,,16344,8,0,12,0,70,,16345,8,0,12,0,30,,16346,8,0,12,0,70,,16347,8,0,12,0,30,,16360,8,0,12,0,70,,16364,8,0,12,0,25,,16348,8,0,12,0,60,,16349,8,0,12,0,120,,16365,8,0,12,0,20,,16350,8,0,12,0,59,,16361,8,0,12,0,45,,16351,8,0,12,0,70,,16352,8,0,12,0,30,,16353,8,0,12,0,70,,16354,8,0,12,0
801019,'1821',600,,13442,8,0,12,0,255,,13420,8,0,12,0,171,,13423,8,0,12,0,605,,13453,8,0,12,0,20,,13434,8,0,12,0,60,,13435,8,0,12,0,119,,13448,8,0,12,0
801019,'1823',630,,19027,8,0,12,0,20,,19024,8,0,12,0,66,,19021,8,0,12,0,15,,19023,8,0,12,0,19,,19020,8,0,12,0,60,,19022,8,0,12,0,20,,19028,8,0,12,0,96,,19003,8,0,12,0,30,,19004,8,0,12,0,100,,19005,8,0,12,0,70,,19006,8,0,12,0,30,,19007,8,0,12,0,70,,19008,8,0,12,0,30,,19009,8,0,12,0,70,,19010,8,0,12,0,30,,19011,8,0,12,0,70,,19012,8,0,12,0,30,,19025,8,0,12,0,70,,19029,8,0,12,0,25,,19013,8,0,12,0,60,,19014,8,0,12,0,120,,19030,8,0,12,0,20,,19015,8,0,12,0,59,,19026,8,0,12,0,45,,19016,8,0,12,0,70,,19017,8,0,12,0,30,,19018,8,0,12,0,70,,19019,8,0,12,0
801019,'1824',755,,19038,8,0,12,0,170,,19034,8,0,12,0,130,,19037,8,0,12,0,170,,19036,8,0,12,0,130,,19031,8,0,12,0,170,,19033,8,0,12,0,130,,19032,8,0,12,0,170,,19035,8,0,12,0,131,,19039,8,0,12,0
