16019,'1799',1007,,21266,26,,,0,701,,21255,26,,,0,398,,21258,26,,,0
16019,'1800',805,,25891,26,,,0,102,,25893,26,,,0,100,,21281,26,,,0,100,,25901,26,,,0,100,,25892,26,,,0,100,,25894,26,,,0,100,,25895,26,,,0,101,,25898,26,,,0,100,,25897,26,,,0,100,,21270,26,,,0,99,,25899,26,,,0,100,,25900,26,,,0,99,,25896,26,,,0,100,,21273,26,,,0,100,,25902,26,,,0
16019,'1829',638,,21176,26,,,0,70,,21177,26,,,0,31,,21178,26,,,0,70,,21179,26,,,0,30,,21180,26,,,0,69,,21181,26,,,0,30,,21182,26,,,0,100,,21184,26,,,0,70,,21185,26,,,0,130,,21188,26,,,0,71,,21189,26,,,0,30,,21190,26,,,0,70,,21191,26,,,0,31,,21192,26,,,0,70,,21193,26,,,0,29,,21194,26,,,0,70,,21195,26,,,0,30,,21196,26,,,0,269,,21201,26,,,0,30,,21202,26,,,0,169,,21205,26,,,0,129,,21175,26,,,0
16019,'1831',635,,21229,26,,,0,70,,21225,26,,,0,30,,21233,26,,,0,70,,21217,26,,,0,31,,21231,26,,,0,71,,21212,26,,,0,30,,21210,26,,,0,70,,21207,26,,,0,30,,21218,26,,,0,70,,21228,26,,,0,30,,21222,26,,,0,70,,21230,26,,,0,30,,21214,26,,,0,70,,21232,26,,,0,30,,21209,26,,,0,70,,21220,26,,,0,31,,21219,26,,,0,70,,21223,26,,,0,30,,21224,26,,,0,70,,21208,26,,,0,30,,21216,26,,,0,70,,21226,26,,,0,29,,21211,26,,,0,70,,21215,26,,,0,30,,21221,26,,,0,70,,21235,26,,,0,30,,21227,26,,,0,69,,21234,26,,,0,30,,21213,26,,,0,70,,21237,26,,,0,100,,21236,26,,,0,30,,21206,26,,,0
16019,'1832',805,,21238,26,,,0,102,,21241,26,,,0,200,,21250,26,,,0,100,,21239,26,,,0,100,,21242,26,,,0,100,,21244,26,,,0,101,,21247,26,,,0,100,,21246,26,,,0,199,,21248,26,,,0,100,,21249,26,,,0,99,,21245,26,,,0,200,,21252,26,,,0
16019,'1833',1007,,21251,26,,,0,701,,21240,26,,,0,398,,21243,26,,,0
16019,'1834',805,,21253,26,,,0,102,,21256,26,,,0,200,,21265,26,,,0,100,,21254,26,,,0,100,,21257,26,,,0,100,,21259,26,,,0,101,,21262,26,,,0,100,,21261,26,,,0,199,,21263,26,,,0,100,,21264,26,,,0,99,,21260,26,,,0,200,,21267,26,,,0
16019,'1835',1008,,25905,26,,,0,130,,25906,26,,,0,70,,25907,26,,,0,500,,25908,26,,,0,30,,25909,26,,,0,70,,25910,26,,,0,30,,25911,26,,,0,169,,25912,26,,,0,30,,25913,26,,,0,99,,25903,26,,,0,70,,25904,26,,,0
16019,'1837',805,,25914,26,,,0,102,,25916,26,,,0,200,,25924,26,,,0,100,,25915,26,,,0,100,,25917,26,,,0,100,,25918,26,,,0,101,,25921,26,,,0,100,,25920,26,,,0,199,,25922,26,,,0,100,,25923,26,,,0,99,,25919,26,,,0,200,,25925,26,,,0
16019,'1838',805,,25926,26,,,0,102,,25928,26,,,0,200,,25936,26,,,0,100,,25927,26,,,0,100,,25929,26,,,0,100,,25930,26,,,0,101,,25933,26,,,0,100,,25932,26,,,0,199,,25934,26,,,0,100,,25935,26,,,0,99,,25931,26,,,0,200,,25937,26,,,0
