15029,'1838',701,,36977,4,,,0,58,,45082,4,,,0,100,,36974,4,,,0,100,,36975,4,,,0,141,,45083,4,,,0,100,,36972,4,,,0,100,,36969,4,,,0,102,,45081,4,,,0,100,,36971,4,,,0,100,,36968,4,,,0,99,,45080,4,,,0,99,,36966,4,,,0,100,,36967,4,,,0,100,,45079,4,,,0
15029,'1865',626,,36995,4,,,0,29,,36996,4,,,0,71,,36997,4,,,0,31,,45086,4,,,0,75,,36999,4,,,0,70,,37000,4,,,0,25,,37001,4,,,0,30,,37002,4,,,0,70,,37003,4,,,0,30,,45087,4,,,0,70,,45088,4,,,0,30,,42575,4,,,0,70,,45089,4,,,0,30,,45090,4,,,0,70,,42576,4,,,0,30,,37010,4,,,0,70,,45091,4,,,0,75,,37012,4,,,0,32,,37013,4,,,0,70,,45092,4,,,0,29,,45093,4,,,0,67,,37016,4,,,0,29,,37017,4,,,0,29,,37018,4,,,0,67,,45094,4,,,0,30,,37020,4,,,0,70,,45095,4,,,0,30,,45096,4,,,0,70,,37023,4,,,0,100,,45098,4,,,0,97,,45097,4,,,0
15029,'1866',706,,37029,4,,,0,53,,37030,4,,,0,100,,45100,4,,,0,100,,37032,4,,,0,141,,37033,4,,,0,100,,45101,4,,,0,100,,37035,4,,,0,103,,37036,4,,,0,100,,45102,4,,,0,100,,37038,4,,,0,98,,37039,4,,,0,99,,45103,4,,,0,100,,37026,4,,,0,100,,37027,4,,,0
15029,'1867',701,,37054,4,,,0,58,,45107,4,,,0,100,,37051,4,,,0,100,,37052,4,,,0,141,,45108,4,,,0,100,,37049,4,,,0,100,,37046,4,,,0,102,,45106,4,,,0,100,,37048,4,,,0,100,,37045,4,,,0,99,,45105,4,,,0,99,,37043,4,,,0,100,,37044,4,,,0,100,,45104,4,,,0
15029,'1873',706,,30423,4,,,0,53,,30424,4,,,0,200,,30426,4,,,0,141,,30427,4,,,0,200,,30429,4,,,0,103,,30430,4,,,0,200,,30432,4,,,0,98,,30433,4,,,0,199,,30420,4,,,0,100,,30421,4,,,0
15029,'1878',701,,30448,4,,,0,158,,30445,4,,,0,100,,30446,4,,,0,241,,30443,4,,,0,100,,30440,4,,,0,202,,30442,4,,,0,100,,30439,4,,,0,198,,30437,4,,,0,100,,30438,4,,,0
15029,'1881',757,,36979,4,,,0,300,,36980,4,,,0,70,,36981,4,,,0,100,,36983,4,,,0,30,,36984,4,,,0,170,,36986,4,,,0,177,,36987,4,,,0,29,,36988,4,,,0,192,,30508,4,,,0,100,,36989,4,,,0,30,,42580,4,,,0,170,,36992,4,,,0,97,,36991,4,,,0
15029,'1882',626,,30484,4,,,0,29,,30485,4,,,0,71,,30486,4,,,0,106,,30488,4,,,0,70,,30489,4,,,0,25,,30490,4,,,0,30,,30491,4,,,0,70,,30492,4,,,0,130,,42578,4,,,0,170,,42579,4,,,0,30,,30499,4,,,0,145,,30501,4,,,0,32,,30502,4,,,0,166,,30505,4,,,0,29,,30506,4,,,0,29,,30507,4,,,0,97,,30509,4,,,0,170,,30512,4,,,0
15029,'1886',757,,45111,4,,,0,300,,45112,4,,,0,70,,45113,4,,,0,100,,45114,4,,,0,30,,45115,4,,,0,170,,45116,4,,,0,177,,45117,4,,,0,29,,45118,4,,,0,192,,45119,4,,,0,100,,45120,4,,,0,30,,45121,4,,,0,170,,45123,4,,,0,97,,45122,4,,,0
15029,'1887',859,,45125,4,,,0,341,,45126,4,,,0,303,,45127,4,,,0,297,,45128,4,,,0
15029,'1888',759,,45132,4,,,0,341,,45133,4,,,0,302,,45131,4,,,0,299,,45130,4,,,0,299,,45129,4,,,0
