4019,'1796',625,,19733,6,,,0,30,,19759,6,,,0,71,,19734,6,,,0,27,,19735,6,,,0,76,,19736,6,,,0,24,,19737,6,,,0,76,,19738,6,,,0,27,,19739,6,,,0,70,,19740,6,,,0,30,,19741,6,,,0,70,,19742,6,,,0,32,,19743,6,,,0,70,,19744,6,,,0,30,,19745,6,,,0,70,,19746,6,,,0,30,,19747,6,,,0,70,,19748,6,,,0,73,,19749,6,,,0,30,,19750,6,,,0,71,,19751,6,,,0,24,,19752,6,,,0,76,,19753,6,,,0,23,,19754,6,,,0,76,,19755,6,,,0,21,,19756,6,,,0,35,,19757,6,,,0,69,,19758,6,,,0,30,,19727,6,,,0,70,,19728,6,,,0,30,,19729,6,,,0,70,,19730,6,,,0,30,,19731,6,,,0,70,,19732,6,,,0
4019,'1797',654,,19791,6,,,0,70,,19767,6,,,0,30,,19761,6,,,0,70,,19771,6,,,0,30,,19782,6,,,0,70,,19777,6,,,0,30,,19765,6,,,0,72,,19787,6,,,0,30,,19764,6,,,0,70,,19784,6,,,0,30,,19779,6,,,0,70,,19772,6,,,0,30,,19785,6,,,0,70,,19788,6,,,0,30,,19763,6,,,0,70,,19774,6,,,0,30,,19762,6,,,0,70,,19768,6,,,0,30,,19786,6,,,0,70,,19783,6,,,0,30,,19780,6,,,0,70,,19769,6,,,0,30,,19789,6,,,0,70,,19790,6,,,0,30,,19760,6,,,0,70,,19775,6,,,0,30,,19773,6,,,0,70,,19781,6,,,0,30,,19766,6,,,0,70,,19776,6,,,0,30,,19770,6,,,0,70,,19778,6,,,0
4019,'1798',754,,19815,6,,,0,70,,19816,6,,,0,30,,19813,6,,,0,70,,19817,6,,,0,30,,19814,6,,,0,72,,19798,6,,,0,30,,19802,6,,,0,70,,19806,6,,,0,30,,19809,6,,,0,70,,19794,6,,,0,30,,19797,6,,,0,70,,19801,6,,,0,30,,19805,6,,,0,70,,19807,6,,,0,30,,19793,6,,,0,70,,19796,6,,,0,30,,19800,6,,,0,70,,19804,6,,,0,30,,19808,6,,,0,70,,19792,6,,,0,30,,19795,6,,,0,70,,19799,6,,,0,30,,19803,6,,,0,70,,19812,6,,,0,30,,19818,6,,,0,70,,19810,6,,,0,30,,19819,6,,,0,70,,19811,6,,,0
4019,'1799',754,,19843,6,,,0,70,,19844,6,,,0,30,,19841,6,,,0,70,,19845,6,,,0,30,,19842,6,,,0,72,,19826,6,,,0,30,,19830,6,,,0,70,,19834,6,,,0,30,,19837,6,,,0,70,,19822,6,,,0,30,,19825,6,,,0,70,,19829,6,,,0,30,,19833,6,,,0,70,,19835,6,,,0,30,,19821,6,,,0,70,,19824,6,,,0,30,,19828,6,,,0,70,,19832,6,,,0,30,,19836,6,,,0,70,,19820,6,,,0,30,,19823,6,,,0,70,,19827,6,,,0,30,,19831,6,,,0,70,,19840,6,,,0,30,,19846,6,,,0,70,,19838,6,,,0,30,,19847,6,,,0,70,,19839,6,,,0
4019,'1800',754,,19871,6,,,0,70,,19872,6,,,0,30,,19869,6,,,0,70,,19873,6,,,0,30,,19870,6,,,0,72,,19854,6,,,0,30,,19858,6,,,0,70,,19862,6,,,0,30,,19865,6,,,0,70,,19850,6,,,0,30,,19853,6,,,0,70,,19857,6,,,0,30,,19861,6,,,0,70,,19863,6,,,0,30,,19849,6,,,0,70,,19852,6,,,0,30,,19856,6,,,0,70,,19860,6,,,0,30,,19864,6,,,0,70,,19848,6,,,0,30,,19851,6,,,0,70,,19855,6,,,0,30,,19859,6,,,0,70,,19868,6,,,0,30,,19874,6,,,0,70,,19866,6,,,0,30,,19875,6,,,0,70,,19867,6,,,0
4019,'1817',754,,16736,6,,,0,70,,16737,6,,,0,30,,16734,6,,,0,70,,16738,6,,,0,30,,16735,6,,,0,72,,16719,6,,,0,30,,16723,6,,,0,70,,16727,6,,,0,30,,16730,6,,,0,70,,16715,6,,,0,30,,16718,6,,,0,70,,16722,6,,,0,30,,16726,6,,,0,70,,16728,6,,,0,30,,16714,6,,,0,70,,16717,6,,,0,30,,16721,6,,,0,70,,16725,6,,,0,30,,16729,6,,,0,70,,16713,6,,,0,30,,16716,6,,,0,70,,16720,6,,,0,30,,16724,6,,,0,70,,16733,6,,,0,30,,16739,6,,,0,70,,16731,6,,,0,30,,16740,6,,,0,70,,16732,6,,,0
4019,'1824',654,,16805,6,,,0,70,,16781,6,,,0,30,,16775,6,,,0,70,,16785,6,,,0,30,,16796,6,,,0,70,,16791,6,,,0,30,,16779,6,,,0,72,,16801,6,,,0,30,,16778,6,,,0,70,,16798,6,,,0,30,,16793,6,,,0,70,,16786,6,,,0,30,,16799,6,,,0,70,,16802,6,,,0,30,,16777,6,,,0,70,,16788,6,,,0,30,,16776,6,,,0,70,,16782,6,,,0,30,,16800,6,,,0,70,,16797,6,,,0,30,,16794,6,,,0,70,,16783,6,,,0,30,,16803,6,,,0,70,,16804,6,,,0,30,,16774,6,,,0,70,,16789,6,,,0,30,,16787,6,,,0,70,,16795,6,,,0,30,,16780,6,,,0,70,,16790,6,,,0,30,,16784,6,,,0,70,,16792,6,,,0
16029,'1796',559,,21283,10,,,0,70,,21284,10,,,0,73,,21285,10,,,0,35,,21286,10,,,0,71,,21287,10,,,0,32,,21288,10,,,0,70,,21289,10,,,0,29,,21290,10,,,0,67,,21291,10,,,0,30,,21292,10,,,0,70,,21293,10,,,0,30,,21294,10,,,0,70,,21295,10,,,0,30,,21296,10,,,0,70,,21297,10,,,0,30,,21298,10,,,0,71,,21299,10,,,0,32,,21300,10,,,0,71,,21301,10,,,0,29,,21302,10,,,0,72,,21303,10,,,0,30,,21304,10,,,0,69,,21305,10,,,0,28,,21306,10,,,0,69,,21307,10,,,0,30,,21315,10,,,0,67,,21308,10,,,0,30,,21309,10,,,0,70,,21310,10,,,0,25,,21311,10,,,0,30,,21312,10,,,0,69,,21313,10,,,0,27,,21314,10,,,0
16029,'1797',601,,21323,10,,,0,27,,21338,10,,,0,30,,21331,10,,,0,67,,21316,10,,,0,30,,21324,10,,,0,71,,21339,10,,,0,30,,21332,10,,,0,70,,21317,10,,,0,31,,21325,10,,,0,70,,21340,10,,,0,30,,21333,10,,,0,70,,21318,10,,,0,30,,21326,10,,,0,70,,21341,10,,,0,31,,21334,10,,,0,70,,21319,10,,,0,31,,21327,10,,,0,69,,21342,10,,,0,31,,21335,10,,,0,70,,21320,10,,,0,30,,21328,10,,,0,70,,21343,10,,,0,29,,21336,10,,,0,69,,21321,10,,,0,31,,21329,10,,,0,69,,21344,10,,,0,30,,21337,10,,,0,70,,21322,10,,,0,29,,21330,10,,,0,71,,21345,10,,,0,96,,21346,10,,,0,33,,21347,10,,,0
16029,'1798',729,,21351,10,,,0,100,,21352,10,,,0,97,,21349,10,,,0,104,,21358,10,,,0,97,,21361,10,,,0,100,,21357,10,,,0,101,,21359,10,,,0,100,,21348,10,,,0,100,,21350,10,,,0,100,,21354,10,,,0,99,,21353,10,,,0,100,,21360,10,,,0,100,,21355,10,,,0,102,,21356,10,,,0,97,,21362,10,,,0
16029,'1799',729,,21366,10,,,0,100,,21367,10,,,0,97,,21364,10,,,0,104,,21373,10,,,0,97,,21376,10,,,0,100,,21372,10,,,0,101,,21374,10,,,0,100,,21363,10,,,0,100,,21365,10,,,0,100,,21369,10,,,0,99,,21368,10,,,0,100,,21375,10,,,0,100,,21370,10,,,0,102,,21371,10,,,0,97,,21377,10,,,0
16029,'1800',729,,21381,10,,,0,100,,21382,10,,,0,97,,21379,10,,,0,104,,21388,10,,,0,97,,21391,10,,,0,100,,21387,10,,,0,101,,21389,10,,,0,100,,21378,10,,,0,100,,21380,10,,,0,100,,21384,10,,,0,99,,21383,10,,,0,100,,21390,10,,,0,100,,21385,10,,,0,102,,21386,10,,,0,97,,21392,10,,,0
16029,'1816',601,,10867,10,,,0,27,,10964,10,,,0,30,,10872,10,,,0,67,,10862,10,,,0,30,,10959,10,,,0,71,,10877,10,,,0,30,,10873,10,,,0,70,,10957,10,,,0,31,,10868,10,,,0,70,,10878,10,,,0,30,,10962,10,,,0,70,,10863,10,,,0,30,,10869,10,,,0,70,,10965,10,,,0,31,,10874,10,,,0,70,,10864,10,,,0,31,,10960,10,,,0,69,,10879,10,,,0,31,,10875,10,,,0,70,,10958,10,,,0,30,,10870,10,,,0,70,,10880,10,,,0,29,,10963,10,,,0,69,,10865,10,,,0,31,,10871,10,,,0,69,,10966,10,,,0,30,,10876,10,,,0,70,,10866,10,,,0,29,,10961,10,,,0,71,,10881,10,,,0,96,,10967,10,,,0,33,,10882,10,,,0
16029,'1817',729,,17526,10,,,0,100,,17527,10,,,0,97,,17524,10,,,0,104,,17532,10,,,0,97,,17534,10,,,0,100,,17531,10,,,0,101,,17533,10,,,0,100,,17523,10,,,0,100,,17525,10,,,0,100,,17529,10,,,0,99,,17528,10,,,0,100,,10896,10,,,0,100,,17530,10,,,0,102,,10892,10,,,0,97,,17535,10,,,0
32019,'1796',643,,22046,30,,,0,66,,22062,30,,,0,33,,22041,30,,,0,70,,22057,30,,,0,30,,22067,30,,,0,69,,22051,30,,,0,29,,22049,30,,,0,70,,22061,30,,,0,30,,22039,30,,,0,70,,22055,30,,,0,30,,22066,30,,,0,70,,22053,30,,,0,30,,22048,30,,,0,70,,22060,30,,,0,30,,22042,30,,,0,70,,22054,30,,,0,32,,22065,30,,,0,70,,22052,30,,,0,31,,22045,30,,,0,70,,22059,30,,,0,31,,22038,30,,,0,69,,22056,30,,,0,29,,22064,30,,,0,69,,22050,30,,,0,29,,22047,30,,,0,70,,22058,30,,,0,28,,22043,30,,,0,100,,22063,30,,,0,99,,22044,30,,,0,100,,22040,30,,,0,95,,22073,30,0,5 2 8 7,0
32019,'1797',642,,22087,30,,,0,65,,22104,30,,,0,30,,22081,30,,,0,70,,22098,30,,,0,30,,22105,30,,,0,70,,22093,30,,,0,30,,22086,30,,,0,70,,22103,30,,,0,31,,22080,30,,,0,70,,22097,30,,,0,31,,22108,30,,,0,70,,22092,30,,,0,30,,22085,30,,,0,70,,22102,30,,,0,30,,22079,30,,,0,70,,22096,30,,,0,30,,22107,30,,,0,70,,22091,30,,,0,30,,22084,30,,,0,70,,22101,30,,,0,30,,22078,30,,,0,70,,22095,30,,,0,30,,22109,30,,,0,69,,22090,30,,,0,30,,22083,30,,,0,70,,22099,30,,,0,30,,22077,30,,,0,100,,22106,30,,,0,99,,22082,30,,,0,100,,22076,30,,,0,100,,22110,30,0,5 2 8 7,0
32019,'1798',642,,22113,30,,,0,95,,22114,30,,,0,100,,22115,30,,,0,100,,22116,30,,,0,101,,22117,30,,,0,101,,22118,30,,,0,100,,22119,30,,,0,100,,22120,30,,,0,100,,22121,30,,,0,100,,22122,30,,,0,100,,22123,30,,,0,100,,22124,30,,,0,99,,22125,30,,,0,100,,22126,30,,,0,100,,22127,30,,,0,99,,22128,30,,,0,100,,22129,30,,,0,95,,22131,30,0,5 2 8 7,0
32019,'1799',642,,22132,30,,,0,95,,22133,30,,,0,100,,22134,30,,,0,100,,22135,30,,,0,101,,22136,30,,,0,101,,22137,30,,,0,100,,22138,30,,,0,100,,22139,30,,,0,100,,22140,30,,,0,100,,22141,30,,,0,100,,22142,30,,,0,100,,22143,30,,,0,99,,22144,30,,,0,100,,22145,30,,,0,100,,22146,30,,,0,99,,22147,30,,,0,100,,22148,30,,,0,95,,22150,30,0,5 2 8 7,0
32019,'1800',642,,22151,30,,,0,95,,22152,30,,,0,100,,22153,30,,,0,100,,22154,30,,,0,101,,22155,30,,,0,101,,22156,30,,,0,100,,22157,30,,,0,100,,22158,30,,,0,100,,22159,30,,,0,100,,22160,30,,,0,100,,22161,30,,,0,100,,22162,30,,,0,99,,22163,30,,,0,100,,22164,30,,,0,100,,22165,30,,,0,99,,22166,30,,,0,100,,22167,30,,,0,95,,22169,30,0,5 2 8 7,0
32019,'1817',642,,17897,30,,,0,95,,17898,30,,,0,100,,17899,30,,,0,100,,17900,30,,,0,101,,17901,30,,,0,101,,17902,30,,,0,100,,17903,30,,,0,100,,17904,30,,,0,100,,17905,30,,,0,100,,17906,30,,,0,100,,17907,30,,,0,100,,17908,30,,,0,99,,17909,30,,,0,100,,17910,30,,,0,100,,17911,30,,,0,99,,17912,30,,,0,100,,17913,30,,,0,95,,17915,30,0,5 2 8 7,0
32019,'1824',642,,17965,30,,,0,65,,17982,30,,,0,30,,17959,30,,,0,70,,17976,30,,,0,30,,17983,30,,,0,70,,17971,30,,,0,30,,17964,30,,,0,70,,17981,30,,,0,31,,17958,30,,,0,70,,17975,30,,,0,31,,17986,30,,,0,70,,17970,30,,,0,30,,17963,30,,,0,70,,17980,30,,,0,30,,17957,30,,,0,70,,17974,30,,,0,30,,17985,30,,,0,70,,17969,30,,,0,30,,17962,30,,,0,70,,17979,30,,,0,30,,17956,30,,,0,70,,17973,30,,,0,30,,17987,30,,,0,69,,17968,30,,,0,30,,17961,30,,,0,70,,17977,30,,,0,30,,17955,30,,,0,100,,17984,30,,,0,99,,17960,30,,,0,100,,17954,30,,,0,100,,17988,30,0,5 2 8 7,0
