2029,'1838',628,,35220,29,,,0,30,,35228,29,,,0,68,,35239,29,,,0,30,,35234,29,,,0,70,,35221,29,,,0,30,,35229,29,,,0,69,,35240,29,,,0,30,,35235,29,,,0,70,,35222,29,,,0,30,,35230,29,,,0,70,,35241,29,,,0,30,,35236,29,,,0,70,,35223,29,,,0,30,,35231,29,,,0,70,,35242,29,,,0,30,,35237,29,,,0,70,,35224,29,,,0,30,,35232,29,,,0,70,,35243,29,,,0,30,,35238,29,,,0,70,,35225,29,,,0,30,,35233,29,,,0,70,,35244,29,,,0,100,,35226,29,,,0,99,,35245,29,,,0,100,,35227,29,,,0,100,,35246,29,,,0,100,,35219,29,,,0
2029,'1865',531,,35277,14,,,0,27,,35251,29,,,0,70,,35252,29,,,0,30,,35253,29,,,0,68,,35254,29,,,0,30,,35255,29,,,0,70,,35256,29,,,0,30,,35257,29,,,0,69,,35258,29,,,0,30,,35259,29,,,0,70,,35260,29,,,0,30,,35261,29,,,0,70,,35262,29,,,0,30,,35263,29,,,0,70,,35264,29,,,0,30,,35265,29,,,0,70,,35266,29,,,0,30,,35267,29,,,0,70,,35268,29,,,0,30,,35269,29,,,0,69,,35270,29,,,0,30,,35271,29,,,0,70,,35272,29,,,0,32,,35273,29,,,0,69,,35274,29,,,0,29,,35275,29,,,0,70,,35276,29,,,0,30,,35280,29,,,0,70,,35281,29,,,0,100,,35282,29,,,0,100,,35283,29,,,0,100,,35279,29,,,0
2029,'1866',558,,35317,29,0,5 2 15 16 17,0,70,,35300,29,,,0,30,,35307,29,,,0,68,,35286,29,,,0,30,,35292,29,,,0,70,,35301,29,,,0,30,,35308,29,,,0,69,,35287,29,,,0,30,,35293,29,,,0,70,,35302,29,,,0,30,,35309,29,,,0,70,,35288,29,,,0,30,,35294,29,,,0,70,,35303,29,,,0,30,,35310,29,,,0,70,,35289,29,,,0,30,,35295,29,,,0,70,,35304,29,,,0,30,,35311,29,,,0,70,,35290,29,,,0,30,,35296,29,,,0,70,,35305,29,,,0,30,,35312,29,,,0,70,,35291,29,,,0,30,,35297,29,,,0,70,,35306,29,,,0,30,,35313,29,,,0,69,,35298,29,,,0,100,,35314,29,,,0,100,,35299,29,,,0,100,,35315,29,,,0
2029,'1867',628,,35321,29,,,0,30,,35329,29,,,0,68,,35340,29,,,0,30,,35335,29,,,0,70,,35322,29,,,0,30,,35330,29,,,0,69,,35341,29,,,0,30,,35336,29,,,0,70,,35323,29,,,0,30,,35331,29,,,0,70,,35342,29,,,0,30,,35337,29,,,0,70,,35324,29,,,0,30,,35332,29,,,0,70,,35343,29,,,0,30,,35338,29,,,0,70,,35325,29,,,0,30,,35333,29,,,0,70,,35344,29,,,0,30,,35339,29,,,0,70,,35326,29,,,0,30,,35334,29,,,0,70,,35345,29,,,0,100,,35327,29,,,0,99,,35346,29,,,0,100,,35328,29,,,0,100,,35347,29,,,0,100,,35320,29,,,0
2029,'1873',558,,19628,29,0,5 2 15 16 17,0,70,,19611,29,,,0,30,,19618,29,,,0,68,,19597,29,,,0,30,,19603,29,,,0,70,,19612,29,,,0,30,,19619,29,,,0,69,,19598,29,,,0,30,,19604,29,,,0,70,,19613,29,,,0,30,,19620,29,,,0,70,,19599,29,,,0,30,,19605,29,,,0,70,,19614,29,,,0,30,,19621,29,,,0,70,,19600,29,,,0,30,,19606,29,,,0,70,,19615,29,,,0,30,,19622,29,,,0,70,,19601,29,,,0,30,,19607,29,,,0,70,,19616,29,,,0,30,,19623,29,,,0,70,,19602,29,,,0,30,,19608,29,,,0,70,,19617,29,,,0,30,,19624,29,,,0,69,,19609,29,,,0,100,,19625,29,,,0,100,,19610,29,,,0,100,,19626,29,,,0
2029,'1878',628,,19632,29,,,0,30,,19640,29,,,0,68,,19651,29,,,0,30,,19646,29,,,0,70,,19633,29,,,0,30,,19641,29,,,0,69,,19652,29,,,0,30,,19647,29,,,0,70,,19634,29,,,0,30,,19642,29,,,0,70,,19653,29,,,0,30,,19648,29,,,0,70,,19635,29,,,0,30,,19643,29,,,0,70,,19654,29,,,0,30,,19649,29,,,0,70,,19636,29,,,0,30,,19644,29,,,0,70,,19655,29,,,0,30,,19650,29,,,0,70,,19637,29,,,0,30,,19645,29,,,0,70,,19656,29,,,0,100,,19638,29,,,0,99,,19657,29,,,0,100,,19639,29,,,0,100,,19658,29,,,0,100,,19631,29,,,0
2029,'1882',531,,19588,14,,,0,27,,19562,29,,,0,70,,19563,29,,,0,30,,19564,29,,,0,68,,19565,29,,,0,30,,19566,29,,,0,70,,19567,29,,,0,30,,19568,29,,,0,69,,19569,29,,,0,30,,19570,29,,,0,70,,19571,29,,,0,30,,19572,29,,,0,70,,19573,29,,,0,30,,19574,29,,,0,70,,19575,29,,,0,30,,19576,29,,,0,70,,19577,29,,,0,30,,19578,29,,,0,70,,19579,29,,,0,30,,19580,29,,,0,69,,19581,29,,,0,30,,19582,29,,,0,70,,19583,29,,,0,32,,19584,29,,,0,69,,19585,29,,,0,29,,19586,29,,,0,70,,19587,29,,,0,30,,19591,29,,,0,70,,19592,29,,,0,100,,19593,29,,,0,100,,19594,29,,,0,100,,19590,29,,,0
4029,'1838',738,,35575,16,,,0,70,,44174,16,,,0,30,,35573,16,,,0,70,,44173,16,,,0,32,,44172,16,,,0,70,,35566,16,,,0,29,,44168,16,,,0,70,,44160,16,,,0,30,,44163,16,,,0,70,,35562,16,,,0,30,,44166,16,,,0,70,,35567,16,,,0,30,,44161,16,,,0,70,,35558,16,,,0,30,,44164,16,,,0,70,,35564,16,,,0,30,,44167,16,,,0,70,,35556,16,,,0,30,,44162,16,,,0,70,,35560,16,,,0,30,,44165,16,,,0,70,,44177,16,,,0,30,,44176,16,,,0,71,,44178,16,,,0,30,,42224,16,,,0,70,,44171,16,,,0,30,,44175,16,,,0,70,,44169,16,,,0,100,,44170,16,,,0
4029,'1865',639,,44179,16,,,0,70,,44180,16,,,0,35,,35609,16,,,0,66,,35610,16,,,0,36,,44181,16,,,0,64,,35612,16,,,0,31,,44182,16,,,0,70,,35614,16,,,0,30,,44183,16,,,0,70,,42227,16,,,0,30,,44184,16,,,0,71,,44185,16,,,0,30,,44186,16,,,0,70,,44187,16,,,0,30,,42228,16,,,0,70,,44188,16,,,0,30,,44189,16,,,0,75,,44190,16,,,0,25,,44191,16,,,0,76,,42230,16,,,0,24,,44192,16,,,0,76,,44193,16,,,0,24,,44194,16,,,0,75,,44195,16,,,0,26,,44196,16,,,0,69,,44197,16,,,0,30,,35633,16,,,0,70,,35634,16,,,0,29,,35635,16,,,0,70,,35636,16,,,0,30,,44198,16,,,0,70,,35638,16,,,0
4029,'1866',640,,35663,16,,,0,68,,44220,16,,,0,30,,44221,16,,,0,70,,44222,16,,,0,30,,44223,16,,,0,72,,44224,16,,,0,30,,44225,16,,,0,70,,44214,16,,,0,31,,44208,16,,,0,69,,44203,16,,,0,31,,44212,16,,,0,69,,44218,16,,,0,30,,44213,16,,,0,70,,44202,16,,,0,30,,44205,16,,,0,70,,44216,16,,,0,30,,44201,16,,,0,70,,44215,16,,,0,30,,44210,16,,,0,70,,44204,16,,,0,29,,44199,16,,,0,70,,44217,16,,,0,30,,44219,16,,,0,70,,44211,16,,,0,30,,44206,16,,,0,69,,44226,16,,,0,35,,35645,16,,,0,70,,44200,16,,,0,27,,35646,16,,,0,70,,44209,16,,,0,30,,35661,16,,,0,70,,44207,16,,,0
4029,'1867',738,,35692,16,,,0,70,,44241,16,,,0,30,,35690,16,,,0,70,,44240,16,,,0,32,,44239,16,,,0,70,,35683,16,,,0,29,,44235,16,,,0,70,,44227,16,,,0,30,,44230,16,,,0,70,,35679,16,,,0,30,,44233,16,,,0,70,,35684,16,,,0,30,,44228,16,,,0,70,,35675,16,,,0,30,,44231,16,,,0,70,,35681,16,,,0,30,,44234,16,,,0,70,,35673,16,,,0,30,,44229,16,,,0,70,,35677,16,,,0,30,,44232,16,,,0,70,,44244,16,,,0,30,,44243,16,,,0,71,,44245,16,,,0,30,,42234,16,,,0,70,,44238,16,,,0,30,,44242,16,,,0,70,,44236,16,,,0,100,,44237,16,,,0
4029,'1873',640,,28948,16,,,0,1303,,28930,16,,,0,97,,28931,16,,,0,100,,28946,16,,,0
4029,'1878',738,,28977,16,,,0,100,,28975,16,,,0,172,,28968,16,,,0,199,,28964,16,,,0,100,,28969,16,,,0,100,,28960,16,,,0,100,,28966,16,,,0,100,,28958,16,,,0,100,,28962,16,,,0,231,,42244,16,,,0
4029,'1881',639,,42236,16,,,0,70,,29018,16,,,0,137,,29021,16,,,0,95,,35594,16,,,0,100,,29025,16,,,0,100,,29027,16,,,0,71,,29028,16,,,0,30,,29029,16,,,0,70,,29030,16,,,0,100,,29032,16,,,0,30,,29033,16,,,0,75,,42239,16,,,0,25,,35598,16,,,0,100,,35600,16,,,0,76,,42241,16,,,0,24,,35602,16,,,0,75,,35603,16,,,0,26,,35604,16,,,0,69,,35605,16,,,0,229,,35606,16,,,0
4029,'1882',744,,29019,16,,,0,66,,29020,16,,,0,100,,29022,16,,,0,101,,29024,16,,,0,100,,42237,16,,,0,231,,42238,16,,,0,276,,42240,16,,,0,324,,29043,16,,,0,70,,29044,16,,,0,29,,29045,16,,,0,70,,29046,16,,,0,100,,29048,16,,,0
4029,'1886',639,,44246,16,,,0,70,,44247,16,,,0,137,,44248,16,,,0,95,,44249,16,,,0,100,,44250,16,,,0,100,,44251,16,,,0,71,,44252,16,,,0,30,,44253,16,,,0,70,,44254,16,,,0,100,,44255,16,,,0,30,,44256,16,,,0,75,,44257,16,,,0,25,,44258,16,,,0,100,,44259,16,,,0,76,,44260,16,,,0,24,,44261,16,,,0,75,,44262,16,,,0,26,,44263,16,,,0,69,,44264,16,,,0,229,,44265,16,,,0
4029,'1887',708,,44287,16,,,0,30,,44288,16,,,0,70,,44289,16,,,0,30,,44290,16,,,0,72,,44291,16,,,0,30,,44292,16,,,0,70,,44281,16,,,0,31,,44275,16,,,0,69,,44270,16,,,0,31,,44279,16,,,0,69,,44285,16,,,0,30,,44280,16,,,0,70,,44269,16,,,0,30,,44272,16,,,0,70,,44283,16,,,0,30,,44268,16,,,0,70,,44282,16,,,0,30,,44277,16,,,0,70,,44271,16,,,0,29,,44266,16,,,0,70,,44284,16,,,0,30,,44286,16,,,0,70,,44278,16,,,0,30,,44273,16,,,0,69,,44293,16,,,0,105,,44267,16,,,0,97,,44276,16,,,0,100,,44274,16,,,0
4029,'1888',808,,44308,16,,,0,100,,44307,16,,,0,32,,44306,16,,,0,99,,44302,16,,,0,70,,44294,16,,,0,30,,44297,16,,,0,100,,44300,16,,,0,100,,44295,16,,,0,100,,44298,16,,,0,100,,44301,16,,,0,100,,44296,16,,,0,100,,44299,16,,,0,70,,44311,16,,,0,30,,44310,16,,,0,71,,44312,16,,,0,100,,44305,16,,,0,30,,44309,16,,,0,70,,44303,16,,,0,100,,44304,16,,,0
501019,'1838',622,,45632,11,,,0,30,,45645,11,,,0,67,,45631,11,,,0,30,,45644,11,,,0,70,,45634,11,,,0,31,,45646,11,,,0,71,,38590,11,,,0,30,,45643,11,,,0,72,,45624,11,,,0,30,,45635,11,,,0,71,,45623,11,,,0,30,,45636,11,,,0,70,,45626,11,,,0,30,,45637,11,,,0,70,,45622,11,,,0,30,,45642,11,,,0,70,,45621,11,,,0,30,,45641,11,,,0,70,,45620,11,,,0,30,,45638,11,,,0,70,,45619,11,,,0,30,,45640,11,,,0,70,,45625,11,,,0,30,,45639,11,,,0,69,,45633,11,,,0,30,,45647,11,,,0,69,,45630,11,,,0,30,,38606,11,,,0,69,,45629,11,,,0,30,,45618,11,,,0,70,,43518,11,,,0,30,,45648,11,,,0,67,,45628,11,,,0,30,,45649,11,,,0,70,,45627,11,,,0
501019,'1865',527,,45650,5,,,0,92,,45651,11,,,0,30,,45652,11,,,0,77,,45653,11,,,0,26,,45654,11,,,0,64,,45655,11,,,0,12,,45656,11,,,0,24,,45657,11,,,0,62,,45658,11,,,0,11,,45659,11,,,0,30,,45660,11,,,0,70,,45661,11,,,0,30,,45662,11,,,0,71,,38660,11,,,0,30,,45663,11,,,0,70,,43527,11,,,0,30,,45664,11,,,0,70,,45665,11,,,0,30,,45666,11,,,0,70,,43528,11,,,0,26,,43529,11,,,0,53,,45667,11,,,0,22,,45668,11,,,0,24,,45669,11,,,0,52,,45670,11,,,0,24,,45671,11,,,0,24,,45672,11,,,0,52,,45673,11,,,0,22,,43530,11,,,0,23,,45674,11,,,0,52,,45675,11,,,0,26,,45676,11,,,0,28,,45677,11,,,0,70,,45678,11,,,0,29,,45679,11,,,0,70,,45680,11,,,0,30,,45681,11,,,0,68,,45682,11,,,0,30,,45683,11,,,0,68,,45684,11,,,0,30,,45685,11,,,0,70,,45686,11,,,0
501019,'1866',622,,45696,11,,,0,30,,45699,11,,,0,67,,45695,11,,,0,30,,45698,11,,,0,70,,45694,11,,,0,31,,45700,11,,,0,70,,45693,11,,,0,30,,45697,11,,,0,73,,45706,11,,,0,30,,45716,11,,,0,71,,45707,11,,,0,30,,45717,11,,,0,71,,45708,11,,,0,30,,45718,11,,,0,70,,45709,11,,,0,30,,45719,11,,,0,70,,45710,11,,,0,31,,45720,11,,,0,70,,45711,11,,,0,30,,45721,11,,,0,70,,45712,11,,,0,30,,45714,11,,,0,70,,45713,11,,,0,30,,45715,11,,,0,70,,45692,11,,,0,27,,45705,11,,,0,70,,45691,11,,,0,30,,45703,11,,,0,67,,45690,11,,,0,30,,45704,11,,,0,70,,45689,11,,,0,30,,45701,11,,,0,68,,45688,11,,,0,30,,45702,11,,,0,70,,45687,11,,,0
501019,'1867',622,,45736,11,,,0,30,,45749,11,,,0,67,,45735,11,,,0,30,,45748,11,,,0,70,,45738,11,,,0,31,,45750,11,,,0,71,,38742,11,,,0,30,,45747,11,,,0,72,,45728,11,,,0,30,,45739,11,,,0,71,,45727,11,,,0,30,,45740,11,,,0,70,,45730,11,,,0,30,,45741,11,,,0,70,,45726,11,,,0,30,,45746,11,,,0,70,,45725,11,,,0,30,,45745,11,,,0,70,,45724,11,,,0,30,,45742,11,,,0,70,,45723,11,,,0,30,,45744,11,,,0,70,,45729,11,,,0,30,,45743,11,,,0,69,,45737,11,,,0,30,,45751,11,,,0,69,,45734,11,,,0,30,,38758,11,,,0,69,,45733,11,,,0,30,,45722,11,,,0,70,,43534,11,,,0,30,,45752,11,,,0,67,,45732,11,,,0,30,,45753,11,,,0,70,,45731,11,,,0
501019,'1878',921,,31875,11,,,0,1031,,31891,11,,,0,169,,43550,11,,,0
501019,'1881',527,,31934,5,,,0,92,,31935,11,,,0,30,,31936,11,,,0,77,,31937,11,,,0,26,,38626,11,,,0,64,,31939,11,,,0,12,,31940,11,,,0,24,,31941,11,,,0,62,,31942,11,,,0,11,,31943,11,,,0,30,,31944,11,,,0,70,,31945,11,,,0,30,,31946,11,,,0,101,,31948,11,,,0,100,,31950,11,,,0,70,,31951,11,,,0,30,,31952,11,,,0,149,,38630,11,,,0,22,,38631,11,,,0,24,,38632,11,,,0,52,,38633,11,,,0,24,,31959,11,,,0,24,,31960,11,,,0,52,,38634,11,,,0,45,,38636,11,,,0,52,,31964,11,,,0,26,,31965,11,,,0,28,,38637,11,,,0,70,,43547,11,,,0,29,,43548,11,,,0,70,,38640,11,,,0,30,,38641,11,,,0,68,,38642,11,,,0,30,,38643,11,,,0,68,,38644,11,,,0,30,,38645,11,,,0,70,,38646,11,,,0
501019,'1882',1126,,31947,11,,,0,100,,43543,11,,,0,200,,43544,11,,,0,26,,43545,11,,,0,273,,43546,11,,,0
501019,'1886',527,,45754,5,,,0,92,,45755,11,,,0,30,,45756,11,,,0,77,,45757,11,,,0,26,,45758,11,,,0,64,,45759,11,,,0,12,,45760,11,,,0,24,,45761,11,,,0,62,,45762,11,,,0,11,,45763,11,,,0,30,,45764,11,,,0,70,,45765,11,,,0,30,,45766,11,,,0,101,,45767,11,,,0,100,,45768,11,,,0,70,,45769,11,,,0,30,,45770,11,,,0,149,,45771,11,,,0,22,,45772,11,,,0,24,,45773,11,,,0,52,,45774,11,,,0,24,,45775,11,,,0,24,,45776,11,,,0,52,,45777,11,,,0,45,,45778,11,,,0,52,,45779,11,,,0,26,,45780,11,,,0,28,,45781,11,,,0,70,,45782,11,,,0,29,,45783,11,,,0,70,,45784,11,,,0,30,,45785,11,,,0,68,,45786,11,,,0,30,,45787,11,,,0,68,,45788,11,,,0,30,,45789,11,,,0,70,,45790,11,,,0
501019,'1887',622,,45800,11,,,0,30,,45803,11,,,0,67,,45799,11,,,0,30,,45802,11,,,0,70,,45798,11,,,0,31,,45804,11,,,0,70,,45797,11,,,0,30,,45801,11,,,0,73,,45810,11,,,0,30,,45820,11,,,0,71,,45811,11,,,0,30,,45821,11,,,0,71,,45812,11,,,0,30,,45822,11,,,0,70,,45813,11,,,0,30,,45823,11,,,0,70,,45814,11,,,0,31,,45824,11,,,0,70,,45815,11,,,0,30,,45825,11,,,0,70,,45816,11,,,0,30,,45818,11,,,0,70,,45817,11,,,0,30,,45819,11,,,0,70,,45796,11,,,0,27,,45809,11,,,0,70,,45795,11,,,0,30,,45807,11,,,0,67,,45794,11,,,0,30,,45808,11,,,0,70,,45793,11,,,0,30,,45805,11,,,0,68,,45792,11,,,0,30,,45806,11,,,0,70,,45791,11,,,0
501019,'1888',622,,45840,11,,,0,30,,45853,11,,,0,67,,45839,11,,,0,30,,45852,11,,,0,70,,45842,11,,,0,31,,45854,11,,,0,101,,45851,11,,,0,72,,45832,11,,,0,30,,45843,11,,,0,71,,45831,11,,,0,30,,45844,11,,,0,70,,45834,11,,,0,30,,45845,11,,,0,70,,45830,11,,,0,30,,45850,11,,,0,70,,45829,11,,,0,30,,45849,11,,,0,70,,45828,11,,,0,30,,45846,11,,,0,70,,45827,11,,,0,30,,45848,11,,,0,70,,45833,11,,,0,30,,45847,11,,,0,69,,45841,11,,,0,30,,45855,11,,,0,69,,45838,11,,,0,99,,45837,11,,,0,30,,45826,11,,,0,100,,45856,11,,,0,67,,45836,11,,,0,30,,45857,11,,,0,70,,45835,11,,,0
701019,'1838',614,,46693,8,,,0,28,,40006,8,,,0,69,,46715,8,,,0,30,,46690,8,,,0,70,,46717,8,,,0,30,,46694,8,,,0,70,,46689,8,,,0,30,,46719,8,,,0,71,,46698,8,,,0,30,,46686,8,,,0,70,,40001,8,,,0,30,,46696,8,,,0,71,,46685,8,,,0,30,,46716,8,,,0,70,,46700,8,,,0,30,,46683,8,,,0,70,,46720,8,,,0,30,,46699,8,,,0,70,,46681,8,,,0,30,,46718,8,,,0,70,,46695,8,,,0,30,,46679,8,,,0,69,,46721,8,,,0,30,,46705,8,,,0,70,,46676,8,,,0,30,,46731,8,,,0,69,,46708,8,,,0,30,,46674,8,,,0,70,,46727,8,,,0,30,,46711,8,,,0,70,,46671,8,,,0,30,,46724,8,,,0,69,,46709,8,,,0,30,,46673,8,,,0,70,,46726,8,,,0,25,,46738,8,,,0
701019,'1865',554,,46825,8,,,0,70,,46826,8,,,0,18,,46835,8,,,0,16,,46827,8,,,0,66,,46834,8,,,0,19,,46828,8,,,0,65,,46829,8,,,0,13,,46830,8,,,0,20,,46831,8,,,0,71,,46799,8,,,0,30,,46840,8,,,0,70,,46800,8,,,0,30,,46801,8,,,0,70,,46802,8,,,0,30,,46803,8,,,0,70,,46804,8,,,0,30,,46805,8,,,0,70,,46806,8,,,0,30,,46807,8,,,0,69,,46808,8,,,0,28,,40390,8,,,0,18,,46838,8,0,5 2 11 2 12,0,66,,46809,8,,,0,19,,46833,8,,,0,59,,46837,8,0,5 2 11 2 12,0,21,,46810,8,,,0,20,,46811,8,,,0,61,,46839,8,0,5 2 11 2 12,0,20,,46832,8,,,0,20,,46824,8,,,0,64,,46823,8,,,0,20,,46822,8,,,0,15,,46812,8,,,0,70,,46813,8,,,0,29,,46814,8,,,0,70,,46815,8,,,0,30,,46816,8,,,0,70,,46817,8,,,0,30,,46818,8,,,0,69,,46819,8,,,0,30,,46820,8,,,0,70,,46821,8,,,0,25,,46836,8,,,0
701019,'1866',614,,46909,8,,,0,28,,46864,8,,,0,69,,46902,8,,,0,30,,46888,8,,,0,70,,46893,8,,,0,30,,46898,8,,,0,70,,46903,8,,,0,30,,46889,8,,,0,71,,46894,8,,,0,30,,46899,8,,,0,70,,46904,8,,,0,30,,46890,8,,,0,71,,46895,8,,,0,30,,46900,8,,,0,70,,46905,8,,,0,30,,46891,8,,,0,70,,46896,8,,,0,30,,46901,8,,,0,70,,46906,8,,,0,30,,46892,8,,,0,70,,46897,8,,,0,30,,46908,8,,,0,69,,46842,8,,,0,30,,46853,8,,,0,70,,46865,8,,,0,30,,46877,8,,,0,69,,46843,8,,,0,30,,46854,8,,,0,70,,46866,8,,,0,30,,46878,8,,,0,70,,46844,8,,,0,30,,46855,8,,,0,69,,46867,8,,,0,30,,46879,8,,,0,70,,46845,8,,,0,25,,46940,8,,,0
701019,'1867',614,,46990,8,,,0,28,,40607,8,,,0,69,,47012,8,,,0,30,,46987,8,,,0,70,,47014,8,,,0,30,,46991,8,,,0,70,,46986,8,,,0,30,,47016,8,,,0,71,,46995,8,,,0,30,,46983,8,,,0,70,,40602,8,,,0,30,,46993,8,,,0,71,,46982,8,,,0,30,,47013,8,,,0,70,,46997,8,,,0,30,,46980,8,,,0,70,,47017,8,,,0,30,,46996,8,,,0,70,,46978,8,,,0,30,,47015,8,,,0,70,,46992,8,,,0,30,,46976,8,,,0,69,,47018,8,,,0,30,,47002,8,,,0,70,,46973,8,,,0,30,,47028,8,,,0,69,,47005,8,,,0,30,,46971,8,,,0,70,,47024,8,,,0,30,,47008,8,,,0,70,,46968,8,,,0,30,,47021,8,,,0,69,,47006,8,,,0,30,,46970,8,,,0,70,,47023,8,,,0,25,,47035,8,,,0
701019,'1878',642,,33430,8,,,0,470,,33425,8,,,0
701019,'1881',554,,40301,8,,,0,70,,40302,8,,,0,18,,40310,8,,,0,16,,40303,8,,,0,66,,40309,8,,,0,19,,40304,8,,,0,65,,40305,8,,,0,13,,43762,8,,,0,20,,40307,8,,,0,71,,40275,8,,,0,30,,40315,8,,,0,70,,40276,8,,,0,30,,40277,8,,,0,70,,40278,8,,,0,30,,40279,8,,,0,70,,40280,8,,,0,30,,40281,8,,,0,70,,40282,8,,,0,30,,43760,8,,,0,69,,40284,8,,,0,46,,40313,8,0,5 2 11 2 12,0,66,,40285,8,,,0,19,,33654,8,,,0,59,,40312,8,0,5 2 11 2 12,0,21,,43761,8,,,0,20,,40287,8,,,0,61,,40314,8,0,5 2 11 2 12,0,20,,40308,8,,,0,20,,40300,8,,,0,64,,40299,8,,,0,20,,40298,8,,,0,15,,40288,8,,,0,70,,40289,8,,,0,29,,40290,8,,,0,70,,40291,8,,,0,30,,40292,8,,,0,70,,40293,8,,,0,30,,40294,8,,,0,69,,40295,8,,,0,30,,40296,8,,,0,70,,40297,8,,,0,25,,40311,8,,,0
701019,'1882',1439,,33629,8,,,0
701019,'1886',554,,47122,8,,,0,70,,47123,8,,,0,18,,47132,8,,,0,16,,47124,8,,,0,66,,47131,8,,,0,19,,47125,8,,,0,65,,47126,8,,,0,13,,47127,8,,,0,20,,47128,8,,,0,71,,47096,8,,,0,30,,47137,8,,,0,70,,47097,8,,,0,30,,47098,8,,,0,70,,47099,8,,,0,30,,47100,8,,,0,70,,47101,8,,,0,30,,47102,8,,,0,70,,47103,8,,,0,30,,47104,8,,,0,69,,47105,8,,,0,46,,47135,8,0,5 2 11 2 12,0,66,,47106,8,,,0,19,,47130,8,,,0,59,,47134,8,0,5 2 11 2 12,0,21,,47107,8,,,0,20,,47108,8,,,0,61,,47136,8,0,5 2 11 2 12,0,20,,47129,8,,,0,20,,47121,8,,,0,64,,47120,8,,,0,20,,47119,8,,,0,15,,47109,8,,,0,70,,47110,8,,,0,29,,47111,8,,,0,70,,47112,8,,,0,30,,47113,8,,,0,70,,47114,8,,,0,30,,47115,8,,,0,69,,47116,8,,,0,30,,47117,8,,,0,70,,47118,8,,,0,25,,47133,8,,,0
701019,'1887',614,,47206,8,,,0,28,,47161,8,,,0,69,,47199,8,,,0,30,,47185,8,,,0,70,,47190,8,,,0,30,,47195,8,,,0,70,,47200,8,,,0,30,,47186,8,,,0,71,,47191,8,,,0,30,,47196,8,,,0,70,,47201,8,,,0,30,,47187,8,,,0,71,,47192,8,,,0,30,,47197,8,,,0,70,,47202,8,,,0,30,,47188,8,,,0,70,,47193,8,,,0,30,,47198,8,,,0,70,,47203,8,,,0,30,,47189,8,,,0,70,,47194,8,,,0,30,,47205,8,,,0,69,,47139,8,,,0,30,,47150,8,,,0,70,,47162,8,,,0,30,,47174,8,,,0,69,,47140,8,,,0,30,,47151,8,,,0,70,,47163,8,,,0,30,,47175,8,,,0,70,,47141,8,,,0,30,,47152,8,,,0,69,,47164,8,,,0,30,,47176,8,,,0,70,,47142,8,,,0,25,,47237,8,,,0
701019,'1888',614,,47287,8,,,0,97,,47309,8,,,0,30,,47284,8,,,0,70,,47311,8,,,0,30,,47288,8,,,0,70,,47283,8,,,0,30,,47313,8,,,0,71,,47292,8,,,0,30,,47280,8,,,0,100,,47290,8,,,0,71,,47279,8,,,0,30,,47310,8,,,0,70,,47294,8,,,0,30,,47277,8,,,0,70,,47314,8,,,0,30,,47293,8,,,0,70,,47275,8,,,0,30,,47312,8,,,0,70,,47289,8,,,0,30,,47273,8,,,0,69,,47315,8,,,0,30,,47299,8,,,0,70,,47270,8,,,0,30,,47325,8,,,0,69,,47302,8,,,0,30,,47268,8,,,0,70,,47321,8,,,0,30,,47305,8,,,0,70,,47265,8,,,0,30,,47318,8,,,0,69,,47303,8,,,0,30,,47267,8,,,0,70,,47320,8,,,0,25,,47332,8,,,0
20002019,'1838',1010,,48436,14,,,0
20002019,'1867',1010,,48437,14,,,0
20002019,'1888',1010,,48438,14,,,0
14000001029,'1838',538,,48495,14,0,18 7,0,1812,,48491,14,,,0,68,,42005,14,,,0,30,,48494,14,,,0,70,,48493,14,,,0,30,,42004,14,,,0,70,,48492,14,,,0
14000001029,'1865',436,,42016,14,0,18 7,0,102,,48496,14,0,18 7,0,1812,,48498,14,,,0,68,,42020,14,,,0,30,,48500,14,,,0,70,,48497,14,,,0,30,,42021,14,,,0,70,,48499,14,,,0
14000001029,'1866',538,,42028,14,0,18 7,0,1812,,48504,14,,,0,68,,42025,14,,,0,30,,48501,14,,,0,70,,48502,14,,,0,30,,42029,14,,,0,70,,48503,14,,,0
14000001029,'1867',538,,48509,14,0,18 7,0,1812,,48505,14,,,0,68,,42035,14,,,0,30,,48508,14,,,0,70,,48507,14,,,0,30,,42034,14,,,0,70,,48506,14,,,0
14000001029,'1873',538,,34793,14,0,18 7,0,1880,,24925,14,,,0,130,,24929,14,,,0
14000001029,'1878',2418,,24935,14,,,0,130,,24934,14,,,0
14000001029,'1881',538,,43968,14,0,18 7,0,1812,,43970,14,,,0,98,,42015,14,,,0,70,,43969,14,,,0,100,,42014,14,,,0
14000001029,'1882',436,,34808,14,0,18 7,0,1982,,24920,14,,,0,130,,24921,14,,,0
14000001029,'1886',538,,48510,14,0,18 7,0,1812,,48512,14,,,0,98,,48514,14,,,0,70,,48511,14,,,0,100,,48513,14,,,0
14000001029,'1887',2350,,48518,14,,,0,98,,48515,14,,,0,70,,48516,14,,,0,100,,48517,14,,,0
14000001029,'1888',538,,48523,14,0,18 7,0,1812,,48519,14,,,0,98,,48522,14,,,0,70,,48521,14,,,0,100,,48520,14,,,0
