'1557',10019019,60500,,'',0,5100,,'',0,7000,,'',0,128100,,'',0
'1557',10019029,60500,4,'',0,5100,4,'',0,7000,4,'',0,128100,4,'',0
'1558',10019019,64100,,'',0,11500,,'',0,84400,,'',0,3000,,'',0,7000,,'',0,3000,,'',0,2700,,'',0
'1558',10019029,64100,4,'',0,11500,4,'',0,84400,4,'',0,3000,4,'',0,7000,4,'',0,3000,4,'',0,2700,4,'',0
'1564',10019019,60500,,'',0,5100,,'',0,7000,,'',0,128100,,'',0
'1564',10019029,60500,4,'',0,5100,4,'',0,7000,4,'',0,128100,4,'',0
'1567',10019019,60500,,'',0,3600,,'',0,1500,,'',0,7000,,'',0,3000,,'',0,84400,,'',0,3000,,'',0,7000,,'',0,3000,,'',0,2700,,'',0,25000,,'',0
'1567',10019029,60500,4,'',0,3600,4,'',0,1500,4,'',0,7000,4,'',0,3000,4,'',0,84400,4,'',0,3000,4,'',0,7000,4,'',0,3000,4,'',0,2700,4,'',0,25000,4,'',0
'1568',10019019,60500,,'',0,3600,,'',0,1500,,'',0,7000,,'',0,3000,,'',0,84400,,'',0,3000,,'',0,7000,,'',0,3000,,'',0,2700,,'',0,25000,,'',0
'1568',10019029,60500,4,'',0,3600,4,'',0,1500,4,'',0,7000,4,'',0,3000,4,'',0,84400,4,'',0,3000,4,'',0,7000,4,'',0,3000,4,'',0,2700,4,'',0,25000,4,'',0
'1569',10019019,60500,,'',0,3600,,'',0,1500,,'',0,7000,,'',0,3000,,'',0,84400,,'',0,3000,,'',0,7000,,'',0,3000,,'',0,2700,,'',0,25000,,'',0
'1569',10019029,60500,4,'',0,3600,4,'',0,1500,4,'',0,7000,4,'',0,3000,4,'',0,84400,4,'',0,3000,4,'',0,7000,4,'',0,3000,4,'',0,2700,4,'',0,25000,4,'',0
