15029,'1838',724,,36977,32,,,0,98,,45082,32,,,0,100,,36974,32,,,0,100,,36975,32,,,0,101,,45083,32,,,0,100,,36972,32,,,0,100,,36969,32,,,0,102,,45081,32,,,0,100,,36971,32,,,0,100,,36968,32,,,0,99,,45080,32,,,0,99,,36966,32,,,0,100,,36967,32,,,0,100,,45079,32,,,0
15029,'1865',650,,36995,32,,,0,69,,36996,32,,,0,33,,36997,32,,,0,71,,45086,32,,,0,33,,36999,32,,,0,70,,37000,32,,,0,25,,37001,32,,,0,70,,37002,32,,,0,30,,37003,32,,,0,70,,45087,32,,,0,30,,45088,32,,,0,70,,42575,32,,,0,30,,45089,32,,,0,70,,45090,32,,,0,30,,42576,32,,,0,70,,37010,32,,,0,33,,45091,32,,,0,75,,37012,32,,,0,72,,37013,32,,,0,30,,45092,32,,,0,28,,45093,32,,,0,64,,37016,32,,,0,29,,37017,32,,,0,69,,37018,32,,,0,27,,45094,32,,,0,70,,37020,32,,,0,30,,45095,32,,,0,70,,45096,32,,,0,30,,37023,32,,,0,100,,45098,32,,,0,97,,45097,32,,,0
15029,'1866',729,,37029,32,,,0,93,,37030,32,,,0,100,,45100,32,,,0,100,,37032,32,,,0,101,,37033,32,,,0,100,,45101,32,,,0,100,,37035,32,,,0,103,,37036,32,,,0,100,,45102,32,,,0,100,,37038,32,,,0,98,,37039,32,,,0,99,,45103,32,,,0,100,,37026,32,,,0,100,,37027,32,,,0
15029,'1867',724,,37054,32,,,0,98,,45107,32,,,0,100,,37051,32,,,0,100,,37052,32,,,0,101,,45108,32,,,0,100,,37049,32,,,0,100,,37046,32,,,0,102,,45106,32,,,0,100,,37048,32,,,0,100,,37045,32,,,0,99,,45105,32,,,0,99,,37043,32,,,0,100,,37044,32,,,0,100,,45104,32,,,0
15029,'1873',729,,30423,32,,,0,93,,30424,32,,,0,200,,30426,32,,,0,101,,30427,32,,,0,200,,30429,32,,,0,103,,30430,32,,,0,200,,30432,32,,,0,98,,30433,32,,,0,199,,30420,32,,,0,100,,30421,32,,,0
15029,'1878',724,,30448,32,,,0,198,,30445,32,,,0,100,,30446,32,,,0,201,,30443,32,,,0,100,,30440,32,,,0,202,,30442,32,,,0,100,,30439,32,,,0,198,,30437,32,,,0,100,,30438,32,,,0
15029,'1881',823,,36979,32,,,0,298,,36980,32,,,0,30,,36981,32,,,0,100,,36983,32,,,0,70,,36984,32,,,0,133,,36986,32,,,0,177,,36987,32,,,0,28,,36988,32,,,0,189,,30508,32,,,0,100,,36989,32,,,0,70,,42580,32,,,0,130,,36992,32,,,0,97,,36991,32,,,0
15029,'1882',650,,30484,32,,,0,69,,30485,32,,,0,33,,30486,32,,,0,104,,30488,32,,,0,70,,30489,32,,,0,25,,30490,32,,,0,70,,30491,32,,,0,30,,30492,32,,,0,170,,42578,32,,,0,130,,42579,32,,,0,70,,30499,32,,,0,108,,30501,32,,,0,72,,30502,32,,,0,122,,30505,32,,,0,29,,30506,32,,,0,69,,30507,32,,,0,97,,30509,32,,,0,130,,30512,32,,,0
15029,'1886',823,,45111,32,,,0,298,,45112,32,,,0,30,,45113,32,,,0,100,,45114,32,,,0,70,,45115,32,,,0,133,,45116,32,,,0,177,,45117,32,,,0,28,,45118,32,,,0,189,,45119,32,,,0,100,,45120,32,,,0,70,,45121,32,,,0,130,,45123,32,,,0,97,,45122,32,,,0
15029,'1887',922,,45125,32,,,0,301,,45126,32,,,0,303,,45127,32,,,0,297,,45128,32,,,0
15029,'1888',822,,45132,32,,,0,301,,45133,32,,,0,302,,45131,32,,,0,299,,45130,32,,,0,299,,45129,32,,,0
