22019,'1800',654,,37826,10,0,19 2 24 1 25 26,0,94,,37827,10,0,19 2 24 1 25 26,0,102,,37824,12,,,0,100,,37825,12,,,0,100,,37818,12,,,0,100,,37823,12,,,0,100,,37819,12,,,0,100,,37820,12,,,0,100,,37817,12,,,0,100,,37821,12,,,0,100,,37822,12,,,0,98,,37828,10,0,19 2 24 1 25 26,0,100,,37829,10,0,19 2 24 1 25 26,0,100,,37830,10,0,19 2 24 1 25 26,0,108,,37831,10,0,19 2 24 1 25 26,0
22019,'1838',654,,37841,10,0,19 2 24 1 25 26,0,94,,37842,10,0,19 2 24 1 25 26,0,102,,37839,12,,,0,100,,37840,12,,,0,100,,37833,12,,,0,100,,37838,12,,,0,100,,37834,12,,,0,100,,37835,12,,,0,100,,37832,12,,,0,100,,37836,12,,,0,100,,37837,12,,,0,98,,37843,10,0,19 2 24 1 25 26,0,100,,37844,10,0,19 2 24 1 25 26,0,100,,37845,10,0,19 2 24 1 25 26,0,108,,37846,10,0,19 2 24 1 25 26,0
22019,'1850',602,,31238,10,0,19 2 24 1 25 26,0,26,,31240,10,0,19 2 24 1 25 26,0,28,,31209,10,0,19 2 24 1 25 26,0,70,,31210,10,0,19 2 24 1 25 26,0,74,,31211,12,,,0,30,,31212,12,,,0,70,,31213,12,,,0,29,,31214,12,,,0,30,,31215,12,,,0,69,,31216,12,,,0,30,,31217,12,,,0,70,,31218,12,,,0,30,,31219,12,,,0,71,,31220,12,,,0,30,,31221,12,,,0,71,,31222,12,,,0,70,,31223,12,,,0,30,,31224,12,,,0,72,,31225,12,,,0,30,,31226,12,,,0,68,,31239,12,,,0,30,,31227,12,,,0,29,,31228,12,,,0,69,,31229,12,,,0,30,,31230,12,,,0,69,,31231,12,,,0,30,,31232,12,,,0,70,,31233,12,,,0,29,,31234,12,,,0,68,,31235,12,,,0,30,,31236,12,,,0,68,,31237,10,0,19 2 24 1 25 26,0
22019,'1862',626,,37866,10,0,19 2 24 1 25 26,0,24,,37871,10,0,19 2 24 1 25 26,0,70,,37867,10,0,19 2 24 1 25 26,0,30,,37872,10,0,19 2 24 1 25 26,0,70,,37868,10,0,19 2 24 1 25 26,0,33,,37847,12,,,0,72,,37848,12,,,0,30,,37849,12,,,0,70,,37850,12,,,0,30,,37851,12,,,0,70,,37852,12,,,0,30,,37853,12,,,0,70,,37854,12,,,0,31,,37855,12,,,0,70,,37856,12,,,0,30,,37857,12,,,0,70,,37858,12,,,0,31,,37859,12,,,0,70,,37860,12,,,0,30,,37861,12,,,0,70,,37862,12,,,0,29,,37863,12,,,0,70,,37864,12,,,0,27,,37873,10,0,19 2 24 1 25 26,0,70,,37869,10,0,19 2 24 1 25 26,0,30,,37874,10,0,19 2 24 1 25 26,0,69,,37865,10,0,19 2 24 1 25 26,0,30,,37875,10,0,19 2 24 1 25 26,0,69,,37870,10,0,19 2 24 1 25 26,0,30,,37876,10,0,19 2 24 1 25 26,0,70,,37877,10,0,19 2 24 1 25 26,0
22019,'1863',654,,37887,10,0,19 2 24 1 25 26,0,94,,37888,10,0,19 2 24 1 25 26,0,102,,37885,12,,,0,100,,37886,12,,,0,100,,37879,12,,,0,100,,37884,12,,,0,100,,37880,12,,,0,100,,37881,12,,,0,100,,37878,12,,,0,100,,37882,12,,,0,100,,37883,12,,,0,98,,37889,10,0,19 2 24 1 25 26,0,100,,37890,10,0,19 2 24 1 25 26,0,100,,37891,10,0,19 2 24 1 25 26,0,108,,37892,10,0,19 2 24 1 25 26,0
22019,'1864',602,,31270,10,0,19 2 24 1 25 26,0,26,,37921,10,0,19 2 24 1 25 26,0,28,,37893,10,0,19 2 24 1 25 26,0,70,,37894,10,0,19 2 24 1 25 26,0,74,,37895,12,,,0,30,,31244,12,,,0,70,,31245,12,,,0,29,,37896,12,,,0,30,,37897,12,,,0,69,,37898,12,,,0,30,,37899,12,,,0,70,,37900,12,,,0,30,,37901,12,,,0,71,,37902,12,,,0,30,,37903,12,,,0,71,,37904,12,,,0,70,,37905,12,,,0,30,,37906,12,,,0,72,,37907,12,,,0,30,,37908,12,,,0,68,,37920,12,,,0,30,,37909,12,,,0,29,,37910,12,,,0,69,,37911,12,,,0,30,,37912,12,,,0,69,,37913,12,,,0,30,,37914,12,,,0,70,,37915,12,,,0,29,,37916,12,,,0,68,,37917,12,,,0,30,,37918,12,,,0,68,,37919,10,0,19 2 24 1 25 26,0
22019,'1865',602,,37951,10,0,19 2 24 1 25 26,0,26,,37953,10,0,19 2 24 1 25 26,0,28,,37922,10,0,19 2 24 1 25 26,0,70,,37923,10,0,19 2 24 1 25 26,0,74,,37924,12,,,0,30,,37925,12,,,0,70,,37926,12,,,0,29,,37927,12,,,0,30,,37928,12,,,0,69,,37929,12,,,0,30,,37930,12,,,0,70,,37931,12,,,0,30,,37932,12,,,0,71,,37933,12,,,0,30,,37934,12,,,0,71,,37935,12,,,0,70,,37936,12,,,0,30,,37937,12,,,0,72,,37938,12,,,0,30,,37939,12,,,0,68,,37952,12,,,0,30,,37940,12,,,0,29,,37941,12,,,0,69,,37942,12,,,0,30,,37943,12,,,0,69,,37944,12,,,0,30,,37945,12,,,0,70,,37946,12,,,0,29,,37947,12,,,0,68,,37948,12,,,0,30,,37949,12,,,0,68,,37950,10,0,19 2 24 1 25 26,0
22019,'1866',626,,37973,10,0,19 2 24 1 25 26,0,24,,37978,10,0,19 2 24 1 25 26,0,70,,37974,10,0,19 2 24 1 25 26,0,30,,37979,10,0,19 2 24 1 25 26,0,70,,37975,10,0,19 2 24 1 25 26,0,33,,37954,12,,,0,72,,37955,12,,,0,30,,37956,12,,,0,70,,37957,12,,,0,30,,37958,12,,,0,70,,37959,12,,,0,30,,37960,12,,,0,70,,37961,12,,,0,31,,37962,12,,,0,70,,37963,12,,,0,30,,37964,12,,,0,70,,37965,12,,,0,31,,37966,12,,,0,70,,37967,12,,,0,30,,37968,12,,,0,70,,37969,12,,,0,29,,37970,12,,,0,70,,37971,12,,,0,27,,37980,10,0,19 2 24 1 25 26,0,70,,37976,10,0,19 2 24 1 25 26,0,30,,37981,10,0,19 2 24 1 25 26,0,69,,37972,10,0,19 2 24 1 25 26,0,30,,37982,10,0,19 2 24 1 25 26,0,69,,37977,10,0,19 2 24 1 25 26,0,30,,37983,10,0,19 2 24 1 25 26,0,70,,37984,10,0,19 2 24 1 25 26,0
22019,'1867',654,,37994,10,0,19 2 24 1 25 26,0,94,,37995,10,0,19 2 24 1 25 26,0,102,,37992,12,,,0,100,,37993,12,,,0,100,,37986,12,,,0,100,,37991,12,,,0,100,,37987,12,,,0,100,,37988,12,,,0,100,,37985,12,,,0,100,,37989,12,,,0,100,,37990,12,,,0,98,,37996,10,0,19 2 24 1 25 26,0,100,,37997,10,0,19 2 24 1 25 26,0,100,,37998,10,0,19 2 24 1 25 26,0,108,,37999,10,0,19 2 24 1 25 26,0
602019,'1800',2231,,23484,15,,,0,70,,23483,15,,,0,29,,23482,15,,,0
602019,'1838',633,,39733,14,,,0,68,,39730,15,,,0,30,,39715,15,,,0,70,,39719,15,,,0,30,,39734,15,,,0,70,,39710,15,,,0,30,,39706,15,,,0,70,,39729,15,,,0,30,,39726,15,,,0,70,,39720,15,,,0,31,,39728,15,,,0,70,,39738,15,,,0,30,,39727,15,,,0,70,,39707,15,,,0,30,,39736,15,,,0,70,,39737,15,,,0,30,,39705,15,,,0,70,,39731,15,,,0,30,,39714,15,,,0,70,,39716,15,,,0,30,,39739,15,,,0,70,,39721,15,,,0,30,,39711,15,,,0,70,,39724,15,,,0,30,,39735,15,,,0,70,,39709,15,,,0,30,,39713,15,,,0,70,,39722,15,,,0,29,,39712,15,,,0,70,,39725,15,,,0,30,,39718,15,,,0,70,,39732,15,,,0,30,,39717,15,,,0,70,,39723,15,,,0,29,,39708,15,,,0
602019,'1850',623,,33019,14,,,0,28,,32995,14,0,19 2 11 2 24 1 25 26,0,62,,33009,14,0,19 2 11 2 24 1 25 26,0,13,,33007,14,0,19 2 11 2 24 1 25 26,0,15,,32994,14,0,19 2 11 2 24 1 25 26,0,15,,32997,14,0,19 2 11 2 24 1 25 26,0,55,,33008,14,0,19 2 11 2 24 1 25 26,0,15,,33002,14,0,19 2 11 2 24 1 25 26,0,15,,33021,14,0,19 2 11 2 24 1 25 26,0,15,,32998,14,0,19 2 11 2 24 1 25 26,0,55,,33018,15,,,0,24,,33027,15,,,0,70,,33025,15,,,0,30,,33032,15,,,0,70,,33030,15,,,0,30,,33026,15,,,0,70,,33024,15,,,0,30,,33031,15,,,0,70,,33022,15,,,0,31,,33028,15,,,0,70,,33023,15,,,0,30,,33029,15,,,0,20,,33005,14,0,19 2 11 2 24 1 25 26,0,55,,33014,14,0,19 2 11 2 24 1 25 26,0,15,,33006,14,0,19 2 11 2 24 1 25 26,0,15,,33013,14,0,19 2 11 2 24 1 25 26,0,15,,32999,14,0,19 2 11 2 24 1 25 26,0,55,,33012,14,0,19 2 11 2 24 1 25 26,0,15,,33004,14,0,19 2 11 2 24 1 25 26,0,15,,33016,14,0,19 2 11 2 24 1 25 26,0,15,,33003,14,0,19 2 11 2 24 1 25 26,0,55,,33011,14,0,19 2 11 2 24 1 25 26,0,14,,33000,14,0,19 2 11 2 24 1 25 26,0,15,,33015,14,0,19 2 11 2 24 1 25 26,0,15,,32996,14,0,19 2 11 2 24 1 25 26,0,55,,33020,14,0,19 2 11 2 24 1 25 26,0,14,,33001,14,0,19 2 11 2 24 1 25 26,0,15,,33010,15,,,0,17,,32984,15,,,0,70,,32985,15,,,0,12,,33017,15,,,0,18,,32990,15,,,0,70,,32988,15,,,0,30,,32989,15,,,0,69,,32993,15,,,0,30,,32986,15,,,0,70,,32991,15,,,0,30,,32987,15,,,0,76,,32992,15,,,0
602019,'1857',623,,23395,14,,,0,90,,23385,14,0,19 2 11 2 24 1 25 26,0,98,,23384,14,0,19 2 11 2 24 1 25 26,0,100,,23394,15,,,0,94,,23401,15,,,0,100,,23406,15,,,0,100,,23400,15,,,0,100,,23398,15,,,0,101,,23399,15,,,0,50,,23381,14,0,19 2 11 2 24 1 25 26,0,55,,23390,14,0,19 2 11 2 24 1 25 26,0,15,,23382,14,0,19 2 11 2 24 1 25 26,0,30,,23375,14,0,19 2 11 2 24 1 25 26,0,55,,23388,14,0,19 2 11 2 24 1 25 26,0,15,,23380,14,0,19 2 11 2 24 1 25 26,0,30,,23379,14,0,19 2 11 2 24 1 25 26,0,55,,23387,14,0,19 2 11 2 24 1 25 26,0,14,,23376,14,0,19 2 11 2 24 1 25 26,0,30,,23372,14,0,19 2 11 2 24 1 25 26,0,55,,23396,14,0,19 2 11 2 24 1 25 26,0,14,,23377,14,0,19 2 11 2 24 1 25 26,0,32,,23360,15,,,0,70,,23361,15,,,0,30,,23366,15,,,0,70,,23364,15,,,0,30,,23365,15,,,0,69,,23369,15,,,0,30,,23362,15,,,0,70,,23367,15,,,0,30,,23363,15,,,0,76,,23368,15,,,0
602019,'1859',633,,23443,14,,,0,68,,23425,15,,,0,30,,23442,15,,,0,70,,23424,15,,,0,30,,23441,15,,,0,70,,23423,15,,,0,30,,23440,15,,,0,70,,23422,15,,,0,30,,23439,15,,,0,70,,23421,15,,,0,31,,23438,15,,,0,70,,23419,15,,,0,30,,23437,15,,,0,70,,23420,15,,,0,30,,23435,15,,,0,70,,23418,15,,,0,30,,23436,15,,,0,70,,23411,15,,,0,30,,23434,15,,,0,70,,23412,15,,,0,30,,23433,15,,,0,70,,23410,15,,,0,30,,23432,15,,,0,70,,23413,15,,,0,30,,23431,15,,,0,70,,23416,15,,,0,30,,23429,15,,,0,70,,23417,15,,,0,29,,23430,15,,,0,70,,23415,15,,,0,30,,23427,15,,,0,70,,23414,15,,,0,30,,23428,15,,,0,70,,23409,15,,,0,29,,23426,15,,,0
602019,'1861',2231,,23446,15,,,0,70,,23445,15,,,0,29,,23444,15,,,0
602019,'1864',651,,33034,14,0,19 2 11 2 24 1 25 26,0,75,,39743,14,0,19 2 11 2 24 1 25 26,0,15,,33033,14,0,19 2 11 2 24 1 25 26,0,15,,39740,14,0,19 2 11 2 24 1 25 26,0,70,,39742,14,0,19 2 11 2 24 1 25 26,0,15,,33044,14,0,19 2 11 2 24 1 25 26,0,15,,39741,14,0,19 2 11 2 24 1 25 26,0,79,,33046,15,,,0,100,,33050,15,,,0,100,,33045,15,,,0,100,,33049,15,,,0,101,,33047,15,,,0,100,,33048,15,,,0,105,,33040,14,0,19 2 11 2 24 1 25 26,0,100,,33042,14,0,19 2 11 2 24 1 25 26,0,99,,33041,14,0,19 2 11 2 24 1 25 26,0,99,,33039,15,,,0,99,,33043,15,,,0
602019,'1865',623,,39779,14,,,0,28,,39755,14,0,19 2 11 2 24 1 25 26,0,62,,39769,14,0,19 2 11 2 24 1 25 26,0,13,,39767,14,0,19 2 11 2 24 1 25 26,0,15,,39754,14,0,19 2 11 2 24 1 25 26,0,15,,39757,14,0,19 2 11 2 24 1 25 26,0,55,,39768,14,0,19 2 11 2 24 1 25 26,0,15,,39762,14,0,19 2 11 2 24 1 25 26,0,15,,39781,14,0,19 2 11 2 24 1 25 26,0,15,,39758,14,0,19 2 11 2 24 1 25 26,0,55,,39778,15,,,0,24,,39787,15,,,0,70,,39785,15,,,0,30,,39792,15,,,0,70,,39790,15,,,0,30,,39786,15,,,0,70,,39784,15,,,0,30,,39791,15,,,0,70,,39782,15,,,0,31,,39788,15,,,0,70,,39783,15,,,0,30,,39789,15,,,0,20,,39765,14,0,19 2 11 2 24 1 25 26,0,55,,39774,14,0,19 2 11 2 24 1 25 26,0,15,,39766,14,0,19 2 11 2 24 1 25 26,0,15,,39773,14,0,19 2 11 2 24 1 25 26,0,15,,39759,14,0,19 2 11 2 24 1 25 26,0,55,,39772,14,0,19 2 11 2 24 1 25 26,0,15,,39764,14,0,19 2 11 2 24 1 25 26,0,15,,39776,14,0,19 2 11 2 24 1 25 26,0,15,,39763,14,0,19 2 11 2 24 1 25 26,0,55,,39771,14,0,19 2 11 2 24 1 25 26,0,14,,39760,14,0,19 2 11 2 24 1 25 26,0,15,,39775,14,0,19 2 11 2 24 1 25 26,0,15,,39756,14,0,19 2 11 2 24 1 25 26,0,55,,39780,14,0,19 2 11 2 24 1 25 26,0,14,,39761,14,0,19 2 11 2 24 1 25 26,0,15,,39770,15,,,0,17,,39744,15,,,0,70,,39745,15,,,0,12,,39777,15,,,0,18,,39750,15,,,0,70,,39748,15,,,0,30,,39749,15,,,0,69,,39753,15,,,0,30,,39746,15,,,0,70,,39751,15,,,0,30,,39747,15,,,0,76,,39752,15,,,0
602019,'1866',633,,39827,14,,,0,68,,39809,15,,,0,30,,39826,15,,,0,70,,39808,15,,,0,30,,39825,15,,,0,70,,39807,15,,,0,30,,39824,15,,,0,70,,39806,15,,,0,30,,39823,15,,,0,70,,39805,15,,,0,31,,39822,15,,,0,70,,39803,15,,,0,30,,39821,15,,,0,70,,39804,15,,,0,30,,39819,15,,,0,70,,39802,15,,,0,30,,39820,15,,,0,70,,39795,15,,,0,30,,39818,15,,,0,70,,39796,15,,,0,30,,39817,15,,,0,70,,39794,15,,,0,30,,39816,15,,,0,70,,39797,15,,,0,30,,39815,15,,,0,70,,39800,15,,,0,30,,39813,15,,,0,70,,39801,15,,,0,29,,39814,15,,,0,70,,39799,15,,,0,30,,39811,15,,,0,70,,39798,15,,,0,30,,39812,15,,,0,70,,39793,15,,,0,29,,39810,15,,,0
602019,'1867',2231,,39830,15,,,0,70,,39829,15,,,0,29,,39828,15,,,0
