11029,'1816',1327,,10361,20,,,0,200,,10363,20,,,0,100,,10364,20,,,0
11029,'1817',823,,17214,20,,,0,100,,17215,20,,,0,104,,17216,20,,,0,100,,17217,20,,,0,100,,17218,20,,,0,100,,17219,20,,,0,100,,17220,20,,,0,100,,17221,20,,,0,100,,17222,20,,,0,98,,17223,20,,,0,100,,17224,20,,,0,99,,17225,20,,,0,100,,10330,20,,,0
11029,'1820',625,,14382,13,,,0,199,,14374,20,,,0,100,,14375,20,,,0,101,,14376,20,,,0,200,,14377,20,,,0,200,,14378,20,,,0,100,,10348,20,,,0,200,,10350,20,,,0,100,,14379,20,,,0,100,,14380,20,,,0,100,,14381,20,,,0,100,,14373,20,,,0
11029,'1821',723,,10340,20,,,0,402,,10344,20,,,0,200,,10346,20,,,0,300,,10349,20,,,0
11029,'1823',625,,17237,13,,,0,199,,17227,20,,,0,100,,17228,20,,,0,101,,17229,20,,,0,200,,17230,20,,,0,200,,17231,20,,,0,100,,17232,20,,,0,200,,17233,20,,,0,100,,17234,20,,,0,100,,17235,20,,,0,100,,17236,20,,,0,100,,17226,20,,,0
11029,'1824',625,,17238,13,,,0,98,,17249,20,,,0,100,,17239,20,,,0,100,,17240,20,,,0,104,,17241,20,,,0,100,,17242,20,,,0,100,,17243,20,,,0,200,,17244,20,,,0,298,,17245,20,,,0,100,,17246,20,,,0,99,,17247,20,,,0,100,,17248,20,,,0
702029,'1816',633,,13301,10,0,9 10,0,24,,13268,10,0,9 10,0,100,,13285,10,0,9 10,0,55,,13328,10,0,5 2 11 2 12,0,16,,13293,10,0,9 10,0,85,,13323,10,0,5 2 11 2 12,0,15,,13278,10,0,9 10,0,15,,13324,10,0,5 2 11 2 12,0,101,,13307,10,0,5 2 11 2 12,0,15,,13270,10,0,9 10,0,55,,13319,10,0,5 2 11 2 12,0,100,,13302,10,0,5 2 11 2 12,0,30,,13318,10,0,5 2 11 2 12,0,101,,13305,10,0,5 2 11 2 12,0,70,,13317,10,0,5 2 11 2 12,0,100,,13304,10,0,5 2 11 2 12,0,30,,13316,10,0,5 2 11 2 12,0,100,,13303,10,0,5 2 11 2 12,0,69,,13315,10,0,5 2 11 2 12,0,99,,13306,10,0,5 2 11 2 12,0,29,,13314,10,0,5 2 11 2 12,0,100,,13321,10,0,5 2 11 2 12,0,70,,13325,10,0,5 2 11 2 12,0,100,,13327,10,0,5 2 11 2 12,0
702029,'1817',633,,18908,10,0,9 10,0,24,,18897,10,0,9 10,0,70,,18910,10,0,9 10,0,30,,18906,10,0,9 10,0,55,,13164,10,0,5 2 11 2 12,0,16,,18896,10,0,9 10,0,15,,13176,10,0,5 2 11 2 12,0,15,,18909,10,0,9 10,0,55,,18919,10,0,5 2 11 2 12,0,15,,18898,10,0,9 10,0,15,,13162,10,0,5 2 11 2 12,0,15,,18895,10,0,9 10,0,55,,13171,10,0,5 2 11 2 12,0,16,,13152,10,0,9 10,0,15,,13172,10,0,5 2 11 2 12,0,15,,18901,10,0,9 10,0,55,,13163,10,0,5 2 11 2 12,0,15,,18894,10,0,9 10,0,15,,13182,10,0,5 2 11 2 12,0,15,,18917,10,0,9 10,0,55,,13160,10,0,5 2 11 2 12,0,15,,13141,10,0,9 10,0,15,,13174,10,0,5 2 11 2 12,0,15,,18893,10,0,9 10,0,55,,13183,10,0,5 2 11 2 12,0,16,,18911,10,0,9 10,0,15,,13166,10,0,5 2 11 2 12,0,55,,18904,10,0,9 10,0,15,,13169,10,0,5 2 11 2 12,0,15,,18892,10,0,9 10,0,15,,13181,10,0,5 2 11 2 12,0,55,,18912,10,0,9 10,0,15,,13161,10,0,5 2 11 2 12,0,15,,18900,10,0,9 10,0,15,,13170,10,0,5 2 11 2 12,0,55,,18891,10,0,9 10,0,15,,13179,10,0,5 2 11 2 12,0,15,,18918,10,0,9 10,0,15,,13159,10,0,5 2 11 2 12,0,55,,18899,10,0,9 10,0,14,,13175,10,0,5 2 11 2 12,0,15,,18890,10,0,9 10,0,15,,13177,10,0,5 2 11 2 12,0,15,,18914,10,0,9 10,0,54,,13167,10,0,5 2 11 2 12,0,14,,18907,10,0,9 10,0,15,,13173,10,0,5 2 11 2 12,0,15,,18889,10,0,9 10,0,55,,13178,10,0,5 2 11 2 12,0,15,,18915,10,0,9 10,0,15,,13165,10,0,5 2 11 2 12,0,15,,18903,10,0,9 10,0,55,,13168,10,0,5 2 11 2 12,0,15,,18888,10,0,9 10,0,15,,13180,10,0,5 2 11 2 12,0,15,,18913,10,0,9 10,0,55,,13158,10,0,5 2 11 2 12,0,14,,18905,10,0,9 10,0,30,,18887,10,0,9 10,0,70,,18916,10,0,9 10,0,30,,18902,10,0,9 10,0,65,,18921,10,0,9 10,0,30,,18920,10,0,5 2 11 2 12,0
702029,'1820',616,,16222,10,0,9 10,0,124,,16223,10,0,9 10,0,105,,16239,10,0,5 2 11 2 12,0,70,,16240,10,0,5 2 11 2 12,0,100,,16241,10,0,5 2 11 2 12,0,30,,16242,10,0,5 2 11 2 12,0,70,,16243,10,0,5 2 11 2 12,0,15,,16224,10,0,9 10,0,15,,16244,10,0,5 2 11 2 12,0,70,,16245,10,0,5 2 11 2 12,0,15,,16225,10,0,9 10,0,15,,16246,10,0,5 2 11 2 12,0,55,,16226,10,0,9 10,0,15,,16247,10,0,5 2 11 2 12,0,15,,16227,10,0,9 10,0,15,,16248,10,0,5 2 11 2 12,0,71,,16249,10,0,5 2 11 2 12,0,15,,16228,10,0,9 10,0,70,,16250,10,0,5 2 11 2 12,0,15,,16229,10,0,9 10,0,15,,16258,10,0,9 10,0,15,,16230,10,0,9 10,0,70,,16232,10,0,9 10,0,15,,16231,10,0,9 10,0,15,,16259,10,0,9 10,0,55,,16260,10,0,5 2 11 2 12,0,29,,16233,10,0,9 10,0,83,,16251,10,0,5 2 11 2 12,0,15,,16261,10,0,9 10,0,15,,16252,10,0,5 2 11 2 12,0,70,,16253,10,0,5 2 11 2 12,0,30,,16254,10,0,5 2 11 2 12,0,15,,16234,10,0,9 10,0,55,,16255,10,0,5 2 11 2 12,0,30,,16256,10,0,5 2 11 2 12,0,70,,16257,10,0,5 2 11 2 12,0,15,,16235,10,0,9 10,0,100,,16236,10,0,9 10,0,28,,16237,10,0,9 10,0,95,,16238,10,0,5 2 11 2 12,0
702029,'1821',636,,13205,10,0,9 10,0,71,,13261,10,0,9 10,0,17,,13206,10,0,9 10,0,77,,13208,10,0,9 10,0,15,,13209,10,0,9 10,0,14,,13259,10,0,9 10,0,70,,13260,10,0,9 10,0,30,,13210,10,0,9 10,0,15,,13239,10,0,5 2 11 2 12,0,55,,13211,10,0,9 10,0,100,,13212,10,0,9 10,0,100,,13214,10,0,9 10,0,200,,13218,10,0,9 10,0,46,,13263,10,0,9 10,0,155,,13250,10,0,5 2 11 2 12,0,115,,13224,10,0,9 10,0,28,,13251,10,0,5 2 11 2 12,0,15,,13226,10,0,9 10,0,99,,13227,10,0,9 10,0,70,,13228,10,0,9 10,0,100,,13230,10,0,9 10,0,30,,13231,10,0,9 10,0,100,,13233,10,0,9 10,0,163,,13262,10,0,9 10,0
702029,'1823',616,,18922,10,0,9 10,0,124,,18923,10,0,9 10,0,105,,18939,10,0,5 2 11 2 12,0,70,,18940,10,0,5 2 11 2 12,0,100,,18941,10,0,5 2 11 2 12,0,30,,18942,10,0,5 2 11 2 12,0,70,,18943,10,0,5 2 11 2 12,0,15,,18924,10,0,9 10,0,15,,18944,10,0,5 2 11 2 12,0,70,,18945,10,0,5 2 11 2 12,0,15,,18925,10,0,9 10,0,15,,18946,10,0,5 2 11 2 12,0,55,,18926,10,0,9 10,0,15,,18947,10,0,5 2 11 2 12,0,15,,18927,10,0,9 10,0,15,,18948,10,0,5 2 11 2 12,0,71,,18949,10,0,5 2 11 2 12,0,15,,18928,10,0,9 10,0,70,,18950,10,0,5 2 11 2 12,0,15,,18929,10,0,9 10,0,15,,18958,10,0,9 10,0,15,,18930,10,0,9 10,0,70,,18932,10,0,9 10,0,15,,18931,10,0,9 10,0,15,,18959,10,0,9 10,0,55,,18960,10,0,5 2 11 2 12,0,29,,18933,10,0,9 10,0,83,,18951,10,0,5 2 11 2 12,0,15,,18961,10,0,9 10,0,15,,18952,10,0,5 2 11 2 12,0,70,,18953,10,0,5 2 11 2 12,0,30,,18954,10,0,5 2 11 2 12,0,15,,18934,10,0,9 10,0,55,,18955,10,0,5 2 11 2 12,0,30,,18956,10,0,5 2 11 2 12,0,70,,18957,10,0,5 2 11 2 12,0,15,,18935,10,0,9 10,0,100,,18936,10,0,9 10,0,28,,18937,10,0,9 10,0,95,,18938,10,0,5 2 11 2 12,0
702029,'1824',727,,18969,10,0,9 10,0,116,,18997,10,0,5 2 11 2 12,0,15,,18962,10,0,9 10,0,100,,18976,10,0,9 10,0,55,,18995,10,0,5 2 11 2 12,0,16,,18983,10,0,9 10,0,100,,18970,10,0,9 10,0,15,,18993,10,0,5 2 11 2 12,0,15,,18977,10,0,9 10,0,70,,18984,10,0,9 10,0,30,,18963,10,0,9 10,0,55,,18994,10,0,5 2 11 2 12,0,16,,18971,10,0,9 10,0,70,,18978,10,0,9 10,0,30,,18985,10,0,9 10,0,15,,18992,10,0,5 2 11 2 12,0,55,,18964,10,0,9 10,0,30,,18972,10,0,9 10,0,70,,18979,10,0,9 10,0,15,,18990,10,0,5 2 11 2 12,0,15,,18986,10,0,9 10,0,70,,18965,10,0,9 10,0,29,,18973,10,0,9 10,0,15,,18991,10,0,5 2 11 2 12,0,15,,18980,10,0,9 10,0,68,,18987,10,0,9 10,0,30,,18966,10,0,9 10,0,55,,18996,10,0,5 2 11 2 12,0,15,,18974,10,0,9 10,0,30,,18981,10,0,9 10,0,70,,18988,10,0,9 10,0,15,,18998,10,0,5 2 11 2 12,0,15,,18967,10,0,9 10,0,69,,18975,10,0,9 10,0,30,,18982,10,0,9 10,0,70,,18989,10,0,9 10,0,30,,18968,10,0,9 10,0,65,,19000,10,0,9 10,0,30,,18999,10,0,5 2 11 2 12,0
