15029,'1838',731,,36977,43,,,0,98,,45082,43,,,0,100,,36974,43,,,0,100,,36975,43,,,0,101,,45083,43,,,0,100,,36972,43,,,0,100,,36969,43,,,0,102,,45081,43,,,0,100,,36971,43,,,0,100,,36968,43,,,0,99,,45080,43,,,0,99,,36966,43,,,0,100,,36967,43,,,0,100,,45079,43,,,0
15029,'1865',606,,45084,3,,,0,20,,45085,3,,,0,31,,36995,43,,,0,70,,36996,43,,,0,74,,36997,43,,,0,31,,45086,43,,,0,73,,36999,43,,,0,30,,37000,43,,,0,65,,37001,43,,,0,30,,37002,43,,,0,70,,37003,43,,,0,30,,45087,43,,,0,70,,45088,43,,,0,30,,42575,43,,,0,70,,45089,43,,,0,30,,45090,43,,,0,70,,42576,43,,,0,30,,37010,43,,,0,73,,45091,43,,,0,35,,37012,43,,,0,72,,37013,43,,,0,30,,45092,43,,,0,67,,45093,43,,,0,23,,37016,43,,,0,29,,37017,43,,,0,69,,37018,43,,,0,27,,45094,43,,,0,70,,37020,43,,,0,30,,45095,43,,,0,70,,45096,43,,,0,30,,37023,43,,,0,100,,45098,43,,,0,97,,45097,43,,,0
15029,'1866',603,,45099,3,,,0,133,,37029,43,,,0,93,,37030,43,,,0,100,,45100,43,,,0,100,,37032,43,,,0,101,,37033,43,,,0,100,,45101,43,,,0,100,,37035,43,,,0,104,,37036,43,,,0,100,,45102,43,,,0,99,,37038,43,,,0,98,,37039,43,,,0,99,,45103,43,,,0,100,,37026,43,,,0,100,,37027,43,,,0
15029,'1867',731,,37054,43,,,0,98,,45107,43,,,0,100,,37051,43,,,0,100,,37052,43,,,0,101,,45108,43,,,0,100,,37049,43,,,0,100,,37046,43,,,0,102,,45106,43,,,0,100,,37048,43,,,0,100,,37045,43,,,0,99,,45105,43,,,0,99,,37043,43,,,0,100,,37044,43,,,0,100,,45104,43,,,0
15029,'1873',736,,30423,43,,,0,93,,30424,43,,,0,200,,30426,43,,,0,101,,30427,43,,,0,200,,30429,43,,,0,104,,30430,43,,,0,199,,30432,43,,,0,98,,30433,43,,,0,199,,30420,43,,,0,100,,30421,43,,,0
15029,'1878',731,,30448,43,,,0,198,,30445,43,,,0,100,,30446,43,,,0,201,,30443,43,,,0,100,,30440,43,,,0,202,,30442,43,,,0,100,,30439,43,,,0,198,,30437,43,,,0,100,,30438,43,,,0
15029,'1881',606,,30482,3,,,0,20,,36978,3,,,0,206,,36979,43,,,0,298,,36980,43,,,0,70,,36981,43,,,0,100,,36983,43,,,0,30,,36984,43,,,0,173,,36986,43,,,0,137,,36987,43,,,0,67,,36988,43,,,0,148,,30508,43,,,0,100,,36989,43,,,0,70,,42580,43,,,0,130,,36992,43,,,0,97,,36991,43,,,0
15029,'1882',657,,30484,43,,,0,70,,30485,43,,,0,74,,30486,43,,,0,104,,30488,43,,,0,30,,30489,43,,,0,65,,30490,43,,,0,30,,30491,43,,,0,70,,30492,43,,,0,130,,42578,43,,,0,170,,42579,43,,,0,30,,30499,43,,,0,108,,30501,43,,,0,72,,30502,43,,,0,120,,30505,43,,,0,29,,30506,43,,,0,69,,30507,43,,,0,97,,30509,43,,,0,130,,30512,43,,,0
15029,'1886',606,,45109,3,,,0,20,,45110,3,,,0,206,,45111,43,,,0,298,,45112,43,,,0,70,,45113,43,,,0,100,,45114,43,,,0,30,,45115,43,,,0,173,,45116,43,,,0,137,,45117,43,,,0,67,,45118,43,,,0,148,,45119,43,,,0,100,,45120,43,,,0,70,,45121,43,,,0,130,,45123,43,,,0,97,,45122,43,,,0
15029,'1887',603,,45124,3,,,0,326,,45125,43,,,0,301,,45126,43,,,0,304,,45127,43,,,0,296,,45128,43,,,0
15029,'1888',829,,45132,43,,,0,301,,45133,43,,,0,302,,45131,43,,,0,299,,45130,43,,,0,299,,45129,43,,,0
