1019,'1796',548,,19171,22,,,0,70,,19194,22,,,0,30,,19169,22,,,0,71,,19164,22,,,0,31,,19183,22,,,0,71,,19166,22,,,0,30,,19172,22,,,0,69,,19197,22,,,0,30,,19168,22,,,0,70,,19162,22,,,0,31,,19182,22,,,0,70,,19167,22,,,0,30,,19173,22,,,0,70,,19193,22,,,0,30,,19170,22,,,0,71,,19163,22,,,0,30,,19195,22,,,0,70,,19165,22,,,0,30,,19174,22,,,0,70,,19192,22,,,0,29,,19185,22,,,0,70,,19177,22,,,0,30,,19175,22,,,0,70,,19178,22,,,0,30,,19180,22,,,0,69,,19179,22,,,0,29,,19176,22,,,0,70,,19196,22,,,0,30,,19190,22,,,0,70,,19191,22,,,0,30,,19189,22,,,0,70,,19188,22,,,0,34,,19187,22,,,0,70,,19186,22,,,0,30,,19184,22,,,0,65,,19181,22,,,0
1019,'1797',548,,19209,22,,,0,70,,19223,22,,,0,30,,19208,22,,,0,70,,19228,22,,,0,31,,19218,22,,,0,70,,19202,22,,,0,30,,19224,22,,,0,70,,19226,22,,,0,30,,19207,22,,,0,70,,19229,22,,,0,30,,19217,22,,,0,70,,19201,22,,,0,30,,19212,22,,,0,70,,19222,22,,,0,30,,19206,22,,,0,70,,19230,22,,,0,30,,19216,22,,,0,70,,19200,22,,,0,30,,19211,22,,,0,70,,19221,22,,,0,30,,19205,22,,,0,70,,19231,22,,,0,30,,19215,22,,,0,70,,19199,22,,,0,30,,19210,22,,,0,70,,19220,22,,,0,30,,19203,22,,,0,70,,19232,22,,,0,30,,19213,22,,,0,70,,19198,22,,,0,30,,19204,22,,,0,70,,19219,22,,,0,34,,19214,22,,,0,70,,19233,22,,,0,30,,19227,22,,,0,65,,19225,22,,,0
1019,'1798',618,,19234,22,,,0,100,,19235,22,,,0,101,,19236,22,,,0,100,,19237,22,,,0,100,,19238,22,,,0,100,,19239,22,,,0,100,,19240,22,,,0,100,,19241,22,,,0,100,,19242,22,,,0,100,,19243,22,,,0,100,,19244,22,,,0,100,,19245,22,,,0,100,,19246,22,,,0,100,,19247,22,,,0,100,,19248,22,,,0,100,,19249,22,,,0,104,,19250,22,,,0,95,,19251,22,,,0
1019,'1799',618,,19252,22,,,0,100,,19253,22,,,0,101,,19254,22,,,0,100,,19255,22,,,0,100,,19256,22,,,0,100,,19257,22,,,0,100,,19258,22,,,0,100,,19259,22,,,0,100,,19260,22,,,0,100,,19261,22,,,0,100,,19262,22,,,0,100,,19263,22,,,0,100,,19264,22,,,0,100,,19265,22,,,0,100,,19266,22,,,0,100,,19267,22,,,0,104,,19268,22,,,0,95,,19269,22,,,0
1019,'1800',618,,19270,22,,,0,100,,19271,22,,,0,101,,19272,22,,,0,100,,19273,22,,,0,100,,19274,22,,,0,100,,19275,22,,,0,100,,19276,22,,,0,100,,19277,22,,,0,100,,19278,22,,,0,100,,19279,22,,,0,100,,19280,22,,,0,100,,19281,22,,,0,100,,19282,22,,,0,100,,19283,22,,,0,100,,19284,22,,,0,100,,19285,22,,,0,104,,19286,22,,,0,95,,19287,22,,,0
1019,'1817',618,,16535,22,,,0,100,,16536,22,,,0,101,,16537,22,,,0,100,,16538,22,,,0,100,,16539,22,,,0,100,,16540,22,,,0,100,,16541,22,,,0,100,,16542,22,,,0,100,,16543,22,,,0,100,,16544,22,,,0,100,,16545,22,,,0,100,,16546,22,,,0,100,,16547,22,,,0,100,,16548,22,,,0,100,,16549,22,,,0,100,,16550,22,,,0,104,,16551,22,,,0,95,,16552,22,,,0
1019,'1824',548,,16600,22,,,0,70,,16614,22,,,0,30,,16599,22,,,0,70,,16619,22,,,0,31,,16609,22,,,0,70,,16593,22,,,0,30,,16615,22,,,0,70,,16617,22,,,0,30,,16598,22,,,0,70,,16620,22,,,0,30,,16608,22,,,0,70,,16592,22,,,0,30,,16603,22,,,0,70,,16613,22,,,0,30,,16597,22,,,0,70,,16621,22,,,0,30,,16607,22,,,0,70,,16591,22,,,0,30,,16602,22,,,0,70,,16612,22,,,0,30,,16596,22,,,0,70,,16622,22,,,0,30,,16606,22,,,0,70,,16590,22,,,0,30,,16601,22,,,0,70,,16611,22,,,0,30,,16594,22,,,0,70,,16623,22,,,0,30,,16604,22,,,0,70,,16589,22,,,0,30,,16595,22,,,0,70,,16610,22,,,0,34,,16605,22,,,0,70,,16624,22,,,0,30,,16618,22,,,0,65,,16616,22,,,0
32019,'1796',636,,22046,22,,,0,66,,22062,22,,,0,32,,22041,22,,,0,70,,22057,22,,,0,30,,22067,22,,,0,69,,22051,22,,,0,30,,22049,22,,,0,70,,22061,22,,,0,30,,22039,22,,,0,70,,22055,22,,,0,30,,22066,22,,,0,70,,22053,22,,,0,30,,22048,22,,,0,70,,22060,22,,,0,30,,22042,22,,,0,70,,22054,22,,,0,30,,22065,22,,,0,70,,22052,22,,,0,31,,22045,22,,,0,70,,22059,22,,,0,31,,22038,22,,,0,70,,22056,22,,,0,29,,22064,22,,,0,69,,22050,22,,,0,30,,22047,22,,,0,70,,22058,22,,,0,29,,22043,22,,,0,100,,22063,22,,,0,99,,22044,22,,,0,100,,22040,22,,,0,95,,22073,22,0,5 2 8 7,0
32019,'1797',635,,22087,22,,,0,65,,22104,22,,,0,30,,22081,22,,,0,70,,22098,22,,,0,30,,22105,22,,,0,70,,22093,22,,,0,30,,22086,22,,,0,71,,22103,22,,,0,30,,22080,22,,,0,70,,22097,22,,,0,31,,22108,22,,,0,70,,22092,22,,,0,30,,22085,22,,,0,70,,22102,22,,,0,30,,22079,22,,,0,70,,22096,22,,,0,30,,22107,22,,,0,70,,22091,22,,,0,30,,22084,22,,,0,70,,22101,22,,,0,30,,22078,22,,,0,70,,22095,22,,,0,30,,22109,22,,,0,70,,22090,22,,,0,30,,22083,22,,,0,70,,22099,22,,,0,30,,22077,22,,,0,100,,22106,22,,,0,99,,22082,22,,,0,100,,22076,22,,,0,100,,22110,22,0,5 2 8 7,0
32019,'1798',635,,22113,22,,,0,95,,22114,22,,,0,100,,22115,22,,,0,100,,22116,22,,,0,101,,22117,22,,,0,101,,22118,22,,,0,100,,22119,22,,,0,100,,22120,22,,,0,100,,22121,22,,,0,100,,22122,22,,,0,100,,22123,22,,,0,100,,22124,22,,,0,100,,22125,22,,,0,100,,22126,22,,,0,100,,22127,22,,,0,99,,22128,22,,,0,100,,22129,22,,,0,95,,22131,22,0,5 2 8 7,0
32019,'1799',635,,22132,22,,,0,95,,22133,22,,,0,100,,22134,22,,,0,100,,22135,22,,,0,101,,22136,22,,,0,101,,22137,22,,,0,100,,22138,22,,,0,100,,22139,22,,,0,100,,22140,22,,,0,100,,22141,22,,,0,100,,22142,22,,,0,100,,22143,22,,,0,100,,22144,22,,,0,100,,22145,22,,,0,100,,22146,22,,,0,99,,22147,22,,,0,100,,22148,22,,,0,95,,22150,22,0,5 2 8 7,0
32019,'1800',635,,22151,22,,,0,95,,22152,22,,,0,100,,22153,22,,,0,100,,22154,22,,,0,101,,22155,22,,,0,101,,22156,22,,,0,100,,22157,22,,,0,100,,22158,22,,,0,100,,22159,22,,,0,100,,22160,22,,,0,100,,22161,22,,,0,100,,22162,22,,,0,100,,22163,22,,,0,100,,22164,22,,,0,100,,22165,22,,,0,99,,22166,22,,,0,100,,22167,22,,,0,95,,22169,22,0,5 2 8 7,0
32019,'1817',635,,17897,22,,,0,95,,17898,22,,,0,100,,17899,22,,,0,100,,17900,22,,,0,101,,17901,22,,,0,101,,17902,22,,,0,100,,17903,22,,,0,100,,17904,22,,,0,100,,17905,22,,,0,100,,17906,22,,,0,100,,17907,22,,,0,100,,17908,22,,,0,100,,17909,22,,,0,100,,17910,22,,,0,100,,17911,22,,,0,99,,17912,22,,,0,100,,17913,22,,,0,95,,17915,22,0,5 2 8 7,0
32019,'1824',635,,17965,22,,,0,65,,17982,22,,,0,30,,17959,22,,,0,70,,17976,22,,,0,30,,17983,22,,,0,70,,17971,22,,,0,30,,17964,22,,,0,71,,17981,22,,,0,30,,17958,22,,,0,70,,17975,22,,,0,31,,17986,22,,,0,70,,17970,22,,,0,30,,17963,22,,,0,70,,17980,22,,,0,30,,17957,22,,,0,70,,17974,22,,,0,30,,17985,22,,,0,70,,17969,22,,,0,30,,17962,22,,,0,70,,17979,22,,,0,30,,17956,22,,,0,70,,17973,22,,,0,30,,17987,22,,,0,70,,17968,22,,,0,30,,17961,22,,,0,70,,17977,22,,,0,30,,17955,22,,,0,100,,17984,22,,,0,99,,17960,22,,,0,100,,17954,22,,,0,100,,17988,22,0,5 2 8 7,0
802019,'1796',607,,24662,3,,,0,45,,24659,3,,,0,70,,24657,3,,,0,20,,24661,3,,,0,60,,24627,3,,,0,30,,24656,3,,,0,70,,24628,3,,,0,30,,24629,3,,,0,70,,24630,3,,,0,30,,24631,3,,,0,70,,24632,3,,,0,30,,24633,3,,,0,70,,24634,3,,,0,30,,24635,3,,,0,70,,24636,3,,,0,30,,24637,3,,,0,70,,24638,3,,,0,30,,24639,3,,,0,71,,24640,3,,,0,20,,24641,3,,,0,20,,24642,3,,,0,60,,24658,3,,,0,20,,24643,3,,,0,20,,24644,3,,,0,60,,24645,3,,,0,19,,24646,3,,,0,20,,24660,3,,,0,60,,24647,3,,,0,20,,24648,3,,,0,20,,24649,3,,,0,60,,24650,3,,,0,30,,24651,3,,,0,70,,24652,3,,,0,25,,24653,3,,,0,30,,24654,3,,,0,70,,24655,3,,,0
802019,'1797',832,,24689,3,,,0,70,,24684,3,,,0,30,,24685,3,,,0,70,,24686,3,,,0,30,,24674,3,,,0,70,,24667,3,,,0,30,,24680,3,,,0,70,,24673,3,,,0,30,,24666,3,,,0,70,,24679,3,,,0,30,,24671,3,,,0,70,,24668,3,,,0,30,,24678,3,,,0,70,,24672,3,,,0,30,,24664,3,,,0,70,,24677,3,,,0,30,,24670,3,,,0,70,,24665,3,,,0,30,,24676,3,,,0,70,,24669,3,,,0,30,,24663,3,,,0,70,,24675,3,,,0,30,,24681,3,,,0,70,,24682,3,,,0,30,,24683,3,,,0,70,,24688,3,,,0,30,,24687,3,,,0
802019,'1798',832,,24691,3,,,0,70,,24703,3,,,0,30,,24704,3,,,0,70,,24692,3,,,0,30,,24697,3,,,0,70,,24701,3,,,0,30,,24708,3,,,0,70,,24712,3,,,0,30,,24700,3,,,0,70,,24702,3,,,0,30,,24713,3,,,0,70,,24707,3,,,0,30,,24696,3,,,0,70,,24711,3,,,0,30,,24706,3,,,0,70,,24694,3,,,0,30,,24710,3,,,0,70,,24690,3,,,0,30,,24709,3,,,0,70,,24716,3,,,0,30,,24705,3,,,0,70,,24695,3,,,0,30,,24714,3,,,0,70,,24698,3,,,0,30,,24693,3,,,0,70,,24715,3,,,0,30,,24699,3,,,0
802019,'1799',832,,24718,3,,,0,70,,24730,3,,,0,30,,24731,3,,,0,70,,24719,3,,,0,30,,24724,3,,,0,70,,24728,3,,,0,30,,24735,3,,,0,70,,24739,3,,,0,30,,24727,3,,,0,70,,24729,3,,,0,30,,24740,3,,,0,70,,24734,3,,,0,30,,24723,3,,,0,70,,24738,3,,,0,30,,24733,3,,,0,70,,24721,3,,,0,30,,24737,3,,,0,70,,24717,3,,,0,30,,24736,3,,,0,70,,24743,3,,,0,30,,24732,3,,,0,70,,24722,3,,,0,30,,24741,3,,,0,70,,24725,3,,,0,30,,24720,3,,,0,70,,24742,3,,,0,30,,24726,3,,,0
802019,'1800',832,,24745,3,,,0,70,,24757,3,,,0,30,,24758,3,,,0,70,,24746,3,,,0,30,,24751,3,,,0,70,,24755,3,,,0,30,,24762,3,,,0,70,,24766,3,,,0,30,,24754,3,,,0,70,,24756,3,,,0,30,,24767,3,,,0,70,,24761,3,,,0,30,,24750,3,,,0,70,,24765,3,,,0,30,,24760,3,,,0,70,,24748,3,,,0,30,,24764,3,,,0,70,,24744,3,,,0,30,,24763,3,,,0,70,,24770,3,,,0,30,,24759,3,,,0,70,,24749,3,,,0,30,,24768,3,,,0,70,,24752,3,,,0,30,,24747,3,,,0,70,,24769,3,,,0,30,,24753,3,,,0
802019,'1816',832,,13596,3,,,0,100,,13592,3,,,0,70,,13593,3,,,0,100,,13574,3,,,0,30,,13587,3,,,0,100,,13573,3,,,0,70,,13586,3,,,0,100,,13575,3,,,0,30,,13585,3,,,0,100,,13571,3,,,0,70,,13584,3,,,0,100,,13572,3,,,0,30,,13583,3,,,0,100,,13570,3,,,0,70,,13582,3,,,0,100,,13589,3,,,0,30,,13590,3,,,0,100,,13594,3,,,0
802019,'1817',832,,13508,3,,,0,70,,13520,3,,,0,30,,19040,3,,,0,70,,13509,3,,,0,30,,13514,3,,,0,70,,13518,3,,,0,30,,13525,3,,,0,70,,13529,3,,,0,30,,13517,3,,,0,70,,13519,3,,,0,30,,13530,3,,,0,70,,13524,3,,,0,30,,13513,3,,,0,70,,13528,3,,,0,30,,13523,3,,,0,70,,13511,3,,,0,30,,13527,3,,,0,70,,13507,3,,,0,30,,13526,3,,,0,70,,13533,3,,,0,30,,13522,3,,,0,70,,13512,3,,,0,30,,13531,3,,,0,70,,13515,3,,,0,30,,13510,3,,,0,70,,13532,3,,,0,30,,13516,3,,,0
802019,'1824',902,,19076,3,,,0,130,,19074,3,,,0,170,,19073,3,,,0,130,,19071,3,,,0,170,,19072,3,,,0,130,,19070,3,,,0,170,,19069,3,,,0,130,,19075,3,,,0,170,,19077,3,,,0
