11029,'1800',825,,25609,23,,,0,100,,25610,23,,,0,105,,25611,23,,,0,100,,25612,23,,,0,100,,25613,23,,,0,100,,25614,23,,,0,100,,25615,23,,,0,100,,25616,23,,,0,100,,25617,23,,,0,97,,25618,23,,,0,100,,25619,23,,,0,99,,25620,23,,,0,100,,25621,23,,,0
11029,'1832',825,,20751,23,,,0,100,,20752,23,,,0,105,,20753,23,,,0,100,,20754,23,,,0,100,,20755,23,,,0,100,,20756,23,,,0,100,,20757,23,,,0,100,,20758,23,,,0,100,,20759,23,,,0,97,,20760,23,,,0,100,,20761,23,,,0,99,,20762,23,,,0,100,,20763,23,,,0
11029,'1834',825,,20764,23,,,0,100,,20765,23,,,0,105,,20766,23,,,0,100,,20767,23,,,0,100,,20768,23,,,0,100,,20769,23,,,0,100,,20770,23,,,0,100,,20771,23,,,0,100,,20772,23,,,0,97,,20773,23,,,0,100,,20774,23,,,0,99,,20775,23,,,0,100,,20776,23,,,0
11029,'1835',628,,25637,16,,,0,98,,25623,23,,,0,101,,25624,23,,,0,100,,25625,23,,,0,101,,25626,23,,,0,100,,25627,23,,,0,100,,25628,23,,,0,100,,25629,23,,,0,100,,25630,23,,,0,100,,25631,23,,,0,100,,25632,23,,,0,100,,25633,23,,,0,99,,25634,23,,,0,100,,25635,23,,,0,100,,25636,23,,,0,100,,25622,23,,,0
11029,'1836',627,,25638,16,,,0,98,,25652,23,,,0,100,,25639,23,,,0,100,,25640,23,,,0,105,,25641,23,,,0,100,,25642,23,,,0,100,,25643,23,,,0,100,,25644,23,,,0,100,,25645,23,,,0,100,,25646,23,,,0,100,,25647,23,,,0,97,,25648,23,,,0,100,,25649,23,,,0,99,,25650,23,,,0,100,,25651,23,,,0
11029,'1837',825,,25653,23,,,0,100,,25654,23,,,0,105,,25655,23,,,0,100,,25656,23,,,0,100,,25657,23,,,0,100,,25658,23,,,0,100,,25659,23,,,0,100,,25660,23,,,0,100,,25661,23,,,0,97,,25662,23,,,0,100,,25663,23,,,0,99,,25664,23,,,0,100,,25665,23,,,0
11029,'1838',825,,25666,23,,,0,100,,25667,23,,,0,105,,25668,23,,,0,100,,25669,23,,,0,100,,25670,23,,,0,100,,25671,23,,,0,100,,25672,23,,,0,100,,25673,23,,,0,100,,25674,23,,,0,97,,25675,23,,,0,100,,25676,23,,,0,99,,25677,23,,,0,100,,25678,23,,,0
31019,'1799',638,,22000,11,,,0,100,,22001,11,,,0,100,,22002,11,,,0,100,,22003,11,,,0,100,,22004,11,,,0,101,,22005,11,,,0,100,,22006,11,,,0,100,,22007,11,,,0,100,,22008,11,,,0,100,,22009,11,,,0,100,,22010,11,,,0,100,,22011,11,,,0,100,,22012,11,,,0,99,,22013,11,,,0,100,,22014,11,,,0,100,,22015,11,,,0,100,,22016,11,,,0,95,,22018,11,0,5 2 8 7,0
31019,'1800',638,,22019,11,,,0,100,,22020,11,,,0,100,,22021,11,,,0,100,,22022,11,,,0,100,,22023,11,,,0,101,,22024,11,,,0,100,,22025,11,,,0,100,,22026,11,,,0,100,,22027,11,,,0,100,,22028,11,,,0,100,,22029,11,,,0,100,,22030,11,,,0,100,,22031,11,,,0,99,,22032,11,,,0,100,,22033,11,,,0,100,,22034,11,,,0,100,,22035,11,,,0,95,,22037,11,0,5 2 8 7,0
31019,'1829',638,,21907,11,,,0,101,,21935,11,,,0,72,,21918,11,,,0,30,,21915,11,,,0,69,,21929,11,,,0,30,,21910,11,,,0,70,,21923,11,,,0,28,,21934,11,,,0,70,,21921,11,,,0,100,,21928,11,,,0,30,,21909,11,,,0,171,,21919,11,,,0,30,,21913,11,,,0,72,,21927,11,,,0,30,,21911,11,,,0,70,,21925,11,,,0,30,,21932,11,,,0,70,,21920,11,,,0,30,,21914,11,,,0,68,,21926,11,,,0,130,,21931,11,,,0,70,,21938,11,0,5 2 8 7,0,30,,21917,11,,,0,69,,21939,11,0,5 2 8 7,0,100,,21941,11,0,5 2 8 7,0,30,,21930,11,,,0,70,,21940,11,0,5 2 8 7,0,25,,21936,11,0,5 2 8 7,0
31019,'1831',638,,21949,11,,,0,70,,21965,11,,,0,30,,21978,11,,,0,70,,21961,11,,,0,30,,21955,11,,,0,70,,21971,11,,,0,30,,21948,11,,,0,70,,21964,11,,,0,30,,21973,11,,,0,71,,21960,11,,,0,30,,21954,11,,,0,70,,21970,11,,,0,30,,21947,11,,,0,70,,21963,11,,,0,30,,21976,11,,,0,70,,21959,11,,,0,30,,21953,11,,,0,70,,21969,11,,,0,30,,21946,11,,,0,70,,21962,11,,,0,30,,21975,11,,,0,70,,21958,11,,,0,30,,21952,11,,,0,70,,21968,11,,,0,30,,21945,11,,,0,69,,21980,11,,,0,30,,21974,11,,,0,70,,21957,11,0,5 2 8 7,0,30,,21951,11,,,0,70,,21967,11,0,5 2 8 7,0,30,,21944,11,,,0,70,,21956,11,0,5 2 8 7,0,30,,21977,11,,,0,70,,21966,11,0,5 2 8 7,0,25,,21950,11,0,5 2 8 7,0
31019,'1833',638,,21981,11,,,0,100,,21982,11,,,0,100,,21983,11,,,0,100,,21984,11,,,0,100,,21985,11,,,0,101,,21986,11,,,0,100,,21987,11,,,0,100,,21988,11,,,0,100,,21989,11,,,0,100,,21990,11,,,0,100,,21991,11,,,0,100,,21992,11,,,0,100,,21993,11,,,0,99,,21994,11,,,0,100,,21995,11,,,0,100,,21996,11,,,0,100,,21997,11,,,0,95,,21999,11,0,5 2 8 7,0
31019,'1835',709,,26290,11,,,0,429,,26289,11,,,0,171,,26291,11,,,0,30,,26292,11,,,0,500,,26287,11,,,0,70,,26294,11,,,0,229,,26288,11,,,0
702029,'1800',634,,27623,11,0,9 10,0,24,,27611,11,0,9 10,0,70,,27625,11,0,9 10,0,30,,27621,11,0,9 10,0,56,,27642,11,0,5 2 11 2 12,0,15,,27610,11,0,9 10,0,15,,27654,11,0,5 2 11 2 12,0,15,,27624,11,0,9 10,0,55,,27635,11,0,5 2 11 2 12,0,15,,27612,11,0,9 10,0,15,,27640,11,0,5 2 11 2 12,0,15,,27609,11,0,9 10,0,55,,27649,11,0,5 2 11 2 12,0,16,,27630,11,0,9 10,0,15,,27650,11,0,5 2 11 2 12,0,55,,27615,11,0,9 10,0,15,,27641,11,0,5 2 11 2 12,0,15,,27608,11,0,9 10,0,15,,27660,11,0,5 2 11 2 12,0,55,,27633,11,0,9 10,0,15,,27638,11,0,5 2 11 2 12,0,15,,27619,11,0,9 10,0,15,,27652,11,0,5 2 11 2 12,0,55,,27607,11,0,9 10,0,16,,27661,11,0,5 2 11 2 12,0,15,,27626,11,0,9 10,0,15,,27644,11,0,5 2 11 2 12,0,55,,27618,11,0,9 10,0,15,,27647,11,0,5 2 11 2 12,0,15,,27606,11,0,9 10,0,15,,27659,11,0,5 2 11 2 12,0,55,,27627,11,0,9 10,0,15,,27639,11,0,5 2 11 2 12,0,15,,27614,11,0,9 10,0,15,,27648,11,0,5 2 11 2 12,0,55,,27605,11,0,9 10,0,15,,27657,11,0,5 2 11 2 12,0,15,,27634,11,0,9 10,0,15,,27637,11,0,5 2 11 2 12,0,55,,27613,11,0,9 10,0,15,,27653,11,0,5 2 11 2 12,0,14,,27604,11,0,9 10,0,15,,27655,11,0,5 2 11 2 12,0,55,,27629,11,0,9 10,0,14,,27645,11,0,5 2 11 2 12,0,15,,27622,11,0,9 10,0,15,,27651,11,0,5 2 11 2 12,0,15,,27603,11,0,9 10,0,55,,27656,11,0,5 2 11 2 12,0,15,,27631,11,0,9 10,0,15,,27643,11,0,5 2 11 2 12,0,15,,27617,11,0,9 10,0,55,,27646,11,0,5 2 11 2 12,0,15,,27602,11,0,9 10,0,15,,27658,11,0,5 2 11 2 12,0,15,,27628,11,0,9 10,0,54,,27636,11,0,5 2 11 2 12,0,14,,27620,11,0,9 10,0,30,,27601,11,0,9 10,0,70,,27632,11,0,9 10,0,30,,27616,11,0,9 10,0,65,,27663,11,0,9 10,0,30,,27662,11,0,5 2 11 2 12,0
702029,'1832',634,,24321,11,0,9 10,0,24,,24309,11,0,9 10,0,70,,24323,11,0,9 10,0,30,,24319,11,0,9 10,0,56,,24340,11,0,5 2 11 2 12,0,16,,24308,11,0,9 10,0,15,,24352,11,0,5 2 11 2 12,0,55,,24322,11,0,9 10,0,15,,24333,11,0,5 2 11 2 12,0,15,,24310,11,0,9 10,0,15,,24338,11,0,5 2 11 2 12,0,55,,24307,11,0,9 10,0,15,,24347,11,0,5 2 11 2 12,0,15,,24328,11,0,9 10,0,15,,24348,11,0,5 2 11 2 12,0,55,,24313,11,0,9 10,0,15,,24339,11,0,5 2 11 2 12,0,15,,24306,11,0,9 10,0,15,,24358,11,0,5 2 11 2 12,0,55,,24331,11,0,9 10,0,15,,24336,11,0,5 2 11 2 12,0,15,,24317,11,0,9 10,0,15,,24350,11,0,5 2 11 2 12,0,55,,24305,11,0,9 10,0,16,,24359,11,0,5 2 11 2 12,0,16,,24324,11,0,9 10,0,15,,24342,11,0,5 2 11 2 12,0,55,,24316,11,0,9 10,0,15,,24345,11,0,5 2 11 2 12,0,15,,24304,11,0,9 10,0,15,,24357,11,0,5 2 11 2 12,0,55,,24325,11,0,9 10,0,15,,24337,11,0,5 2 11 2 12,0,15,,24312,11,0,9 10,0,15,,24346,11,0,5 2 11 2 12,0,55,,24303,11,0,9 10,0,15,,24355,11,0,5 2 11 2 12,0,15,,24332,11,0,9 10,0,15,,24335,11,0,5 2 11 2 12,0,55,,24311,11,0,9 10,0,14,,24351,11,0,5 2 11 2 12,0,14,,24302,11,0,9 10,0,15,,24353,11,0,5 2 11 2 12,0,55,,24327,11,0,9 10,0,15,,24343,11,0,5 2 11 2 12,0,14,,24320,11,0,9 10,0,15,,24349,11,0,5 2 11 2 12,0,15,,24301,11,0,9 10,0,55,,24354,11,0,5 2 11 2 12,0,15,,24329,11,0,9 10,0,15,,24341,11,0,5 2 11 2 12,0,15,,24315,11,0,9 10,0,55,,24344,11,0,5 2 11 2 12,0,15,,24300,11,0,9 10,0,15,,24356,11,0,5 2 11 2 12,0,15,,24326,11,0,9 10,0,54,,24334,11,0,5 2 11 2 12,0,15,,24318,11,0,9 10,0,30,,24299,11,0,9 10,0,70,,24330,11,0,9 10,0,30,,24314,11,0,9 10,0,65,,24361,11,0,9 10,0,30,,24360,11,0,5 2 11 2 12,0
702029,'1834',634,,24384,11,0,9 10,0,24,,24372,11,0,9 10,0,70,,24386,11,0,9 10,0,30,,24382,11,0,9 10,0,56,,24403,11,0,5 2 11 2 12,0,16,,24371,11,0,9 10,0,15,,24415,11,0,5 2 11 2 12,0,55,,24385,11,0,9 10,0,15,,24396,11,0,5 2 11 2 12,0,15,,24373,11,0,9 10,0,15,,24401,11,0,5 2 11 2 12,0,55,,24370,11,0,9 10,0,15,,24410,11,0,5 2 11 2 12,0,15,,24391,11,0,9 10,0,15,,24411,11,0,5 2 11 2 12,0,55,,24376,11,0,9 10,0,15,,24402,11,0,5 2 11 2 12,0,15,,24369,11,0,9 10,0,15,,24421,11,0,5 2 11 2 12,0,55,,24394,11,0,9 10,0,15,,24399,11,0,5 2 11 2 12,0,15,,24380,11,0,9 10,0,15,,24413,11,0,5 2 11 2 12,0,55,,24368,11,0,9 10,0,16,,24422,11,0,5 2 11 2 12,0,16,,24387,11,0,9 10,0,15,,24405,11,0,5 2 11 2 12,0,55,,24379,11,0,9 10,0,15,,24408,11,0,5 2 11 2 12,0,15,,24367,11,0,9 10,0,15,,24420,11,0,5 2 11 2 12,0,55,,24388,11,0,9 10,0,15,,24400,11,0,5 2 11 2 12,0,15,,24375,11,0,9 10,0,15,,24409,11,0,5 2 11 2 12,0,55,,24366,11,0,9 10,0,15,,24418,11,0,5 2 11 2 12,0,15,,24395,11,0,9 10,0,15,,24398,11,0,5 2 11 2 12,0,55,,24374,11,0,9 10,0,14,,24414,11,0,5 2 11 2 12,0,14,,24365,11,0,9 10,0,15,,24416,11,0,5 2 11 2 12,0,55,,24390,11,0,9 10,0,15,,24406,11,0,5 2 11 2 12,0,14,,24383,11,0,9 10,0,15,,24412,11,0,5 2 11 2 12,0,15,,24364,11,0,9 10,0,55,,24417,11,0,5 2 11 2 12,0,15,,24392,11,0,9 10,0,15,,24404,11,0,5 2 11 2 12,0,15,,24378,11,0,9 10,0,55,,24407,11,0,5 2 11 2 12,0,15,,24363,11,0,9 10,0,15,,24419,11,0,5 2 11 2 12,0,15,,24389,11,0,9 10,0,54,,24397,11,0,5 2 11 2 12,0,15,,24381,11,0,9 10,0,30,,24362,11,0,9 10,0,70,,24393,11,0,9 10,0,30,,24377,11,0,9 10,0,65,,24424,11,0,9 10,0,30,,24423,11,0,5 2 11 2 12,0
702029,'1835',617,,27664,11,0,9 10,0,20,,27665,11,0,9 10,0,72,,27721,11,0,9 10,0,17,,27666,11,0,9 10,0,15,,27667,11,0,9 10,0,61,,27668,11,0,9 10,0,15,,27669,11,0,9 10,0,15,,27719,11,0,9 10,0,15,,27697,11,0,5 2 11 2 12,0,55,,27720,11,0,9 10,0,15,,27698,11,0,5 2 11 2 12,0,15,,27670,11,0,9 10,0,15,,27699,11,0,5 2 11 2 12,0,55,,27671,11,0,9 10,0,15,,27700,11,0,5 2 11 2 12,0,15,,27727,11,0,9 10,0,15,,27701,11,0,5 2 11 2 12,0,55,,27672,11,0,9 10,0,15,,27702,11,0,5 2 11 2 12,0,15,,27673,11,0,9 10,0,15,,27703,11,0,5 2 11 2 12,0,55,,27674,11,0,9 10,0,15,,27704,11,0,5 2 11 2 12,0,15,,27675,11,0,9 10,0,15,,27705,11,0,5 2 11 2 12,0,55,,27676,11,0,9 10,0,15,,27706,11,0,5 2 11 2 12,0,15,,27677,11,0,9 10,0,15,,27707,11,0,5 2 11 2 12,0,55,,27678,11,0,9 10,0,15,,27708,11,0,5 2 11 2 12,0,15,,27679,11,0,9 10,0,15,,27723,11,0,9 10,0,55,,27709,11,0,5 2 11 2 12,0,15,,27680,11,0,9 10,0,15,,27724,11,0,9 10,0,15,,27681,11,0,9 10,0,55,,27710,11,0,5 2 11 2 12,0,15,,27683,11,0,9 10,0,15,,27682,11,0,9 10,0,15,,27725,11,0,9 10,0,55,,27726,11,0,5 2 11 2 12,0,15,,27684,11,0,9 10,0,15,,27685,11,0,9 10,0,14,,27711,11,0,5 2 11 2 12,0,54,,27686,11,0,9 10,0,14,,27712,11,0,5 2 11 2 12,0,15,,27728,11,0,9 10,0,15,,27713,11,0,5 2 11 2 12,0,15,,27687,11,0,9 10,0,55,,27714,11,0,5 2 11 2 12,0,15,,27688,11,0,9 10,0,15,,27715,11,0,5 2 11 2 12,0,15,,27689,11,0,9 10,0,55,,27716,11,0,5 2 11 2 12,0,15,,27690,11,0,9 10,0,15,,27717,11,0,5 2 11 2 12,0,15,,27691,11,0,9 10,0,55,,27718,11,0,5 2 11 2 12,0,15,,27692,11,0,9 10,0,30,,27693,11,0,9 10,0,70,,27694,11,0,9 10,0,28,,27695,11,0,9 10,0,65,,27722,11,0,9 10,0,30,,27696,11,0,5 2 11 2 12,0
702029,'1836',634,,27761,11,0,9 10,0,24,,27729,11,0,9 10,0,70,,27738,11,0,9 10,0,30,,27746,11,0,9 10,0,56,,27788,11,0,5 2 11 2 12,0,15,,27754,11,0,9 10,0,15,,27782,11,0,5 2 11 2 12,0,15,,27730,11,0,9 10,0,55,,27783,11,0,5 2 11 2 12,0,15,,27739,11,0,9 10,0,15,,27784,11,0,5 2 11 2 12,0,15,,27747,11,0,9 10,0,55,,27773,11,0,5 2 11 2 12,0,16,,27755,11,0,9 10,0,15,,27767,11,0,5 2 11 2 12,0,55,,27731,11,0,9 10,0,15,,27779,11,0,5 2 11 2 12,0,15,,27740,11,0,9 10,0,15,,27771,11,0,5 2 11 2 12,0,55,,27748,11,0,9 10,0,15,,27762,11,0,5 2 11 2 12,0,15,,27756,11,0,9 10,0,15,,27778,11,0,5 2 11 2 12,0,55,,27732,11,0,9 10,0,16,,27772,11,0,5 2 11 2 12,0,15,,27741,11,0,9 10,0,15,,27765,11,0,5 2 11 2 12,0,55,,27749,11,0,9 10,0,15,,27777,11,0,5 2 11 2 12,0,15,,27791,11,0,9 10,0,15,,27770,11,0,5 2 11 2 12,0,55,,27733,11,0,9 10,0,15,,27764,11,0,5 2 11 2 12,0,15,,27742,11,0,9 10,0,15,,27776,11,0,5 2 11 2 12,0,55,,27750,11,0,9 10,0,15,,27768,11,0,5 2 11 2 12,0,15,,27757,11,0,9 10,0,15,,27763,11,0,5 2 11 2 12,0,55,,27734,11,0,9 10,0,15,,27775,11,0,5 2 11 2 12,0,14,,27743,11,0,9 10,0,15,,27769,11,0,5 2 11 2 12,0,55,,27751,11,0,9 10,0,14,,27766,11,0,5 2 11 2 12,0,15,,27758,11,0,9 10,0,15,,27774,11,0,5 2 11 2 12,0,15,,27735,11,0,9 10,0,55,,27780,11,0,5 2 11 2 12,0,15,,27744,11,0,9 10,0,15,,27781,11,0,5 2 11 2 12,0,15,,27752,11,0,9 10,0,55,,27785,11,0,5 2 11 2 12,0,15,,27759,11,0,9 10,0,15,,27786,11,0,5 2 11 2 12,0,15,,27736,11,0,9 10,0,54,,27787,11,0,5 2 11 2 12,0,14,,27745,11,0,9 10,0,30,,27753,11,0,9 10,0,70,,27760,11,0,9 10,0,30,,27737,11,0,9 10,0,65,,27790,11,0,9 10,0,30,,27789,11,0,5 2 11 2 12,0
702029,'1837',634,,27814,11,0,9 10,0,24,,27802,11,0,9 10,0,70,,27816,11,0,9 10,0,30,,27812,11,0,9 10,0,56,,27833,11,0,5 2 11 2 12,0,15,,27801,11,0,9 10,0,15,,27845,11,0,5 2 11 2 12,0,15,,27815,11,0,9 10,0,55,,27826,11,0,5 2 11 2 12,0,15,,27803,11,0,9 10,0,15,,27831,11,0,5 2 11 2 12,0,15,,27800,11,0,9 10,0,55,,27840,11,0,5 2 11 2 12,0,16,,27821,11,0,9 10,0,15,,27841,11,0,5 2 11 2 12,0,55,,27806,11,0,9 10,0,15,,27832,11,0,5 2 11 2 12,0,15,,27799,11,0,9 10,0,15,,27851,11,0,5 2 11 2 12,0,55,,27824,11,0,9 10,0,15,,27829,11,0,5 2 11 2 12,0,15,,27810,11,0,9 10,0,15,,27843,11,0,5 2 11 2 12,0,55,,27798,11,0,9 10,0,16,,27852,11,0,5 2 11 2 12,0,15,,27817,11,0,9 10,0,15,,27835,11,0,5 2 11 2 12,0,55,,27809,11,0,9 10,0,15,,27838,11,0,5 2 11 2 12,0,15,,27797,11,0,9 10,0,15,,27850,11,0,5 2 11 2 12,0,55,,27818,11,0,9 10,0,15,,27830,11,0,5 2 11 2 12,0,15,,27805,11,0,9 10,0,15,,27839,11,0,5 2 11 2 12,0,55,,27796,11,0,9 10,0,15,,27848,11,0,5 2 11 2 12,0,15,,27825,11,0,9 10,0,15,,27828,11,0,5 2 11 2 12,0,55,,27804,11,0,9 10,0,15,,27844,11,0,5 2 11 2 12,0,14,,27795,11,0,9 10,0,15,,27846,11,0,5 2 11 2 12,0,55,,27820,11,0,9 10,0,14,,27836,11,0,5 2 11 2 12,0,15,,27813,11,0,9 10,0,15,,27842,11,0,5 2 11 2 12,0,15,,27794,11,0,9 10,0,55,,27847,11,0,5 2 11 2 12,0,15,,27822,11,0,9 10,0,15,,27834,11,0,5 2 11 2 12,0,15,,27808,11,0,9 10,0,55,,27837,11,0,5 2 11 2 12,0,15,,27793,11,0,9 10,0,15,,27849,11,0,5 2 11 2 12,0,15,,27819,11,0,9 10,0,54,,27827,11,0,5 2 11 2 12,0,14,,27811,11,0,9 10,0,30,,27792,11,0,9 10,0,70,,27823,11,0,9 10,0,30,,27807,11,0,9 10,0,65,,27854,11,0,9 10,0,30,,27853,11,0,5 2 11 2 12,0
702029,'1838',634,,27877,11,0,9 10,0,24,,27865,11,0,9 10,0,70,,27879,11,0,9 10,0,30,,27875,11,0,9 10,0,56,,27896,11,0,5 2 11 2 12,0,15,,27864,11,0,9 10,0,15,,27908,11,0,5 2 11 2 12,0,15,,27878,11,0,9 10,0,55,,27889,11,0,5 2 11 2 12,0,15,,27866,11,0,9 10,0,15,,27894,11,0,5 2 11 2 12,0,15,,27863,11,0,9 10,0,55,,27903,11,0,5 2 11 2 12,0,16,,27884,11,0,9 10,0,15,,27904,11,0,5 2 11 2 12,0,55,,27869,11,0,9 10,0,15,,27895,11,0,5 2 11 2 12,0,15,,27862,11,0,9 10,0,15,,27914,11,0,5 2 11 2 12,0,55,,27887,11,0,9 10,0,15,,27892,11,0,5 2 11 2 12,0,15,,27873,11,0,9 10,0,15,,27906,11,0,5 2 11 2 12,0,55,,27861,11,0,9 10,0,16,,27915,11,0,5 2 11 2 12,0,15,,27880,11,0,9 10,0,15,,27898,11,0,5 2 11 2 12,0,55,,27872,11,0,9 10,0,15,,27901,11,0,5 2 11 2 12,0,15,,27860,11,0,9 10,0,15,,27913,11,0,5 2 11 2 12,0,55,,27881,11,0,9 10,0,15,,27893,11,0,5 2 11 2 12,0,15,,27868,11,0,9 10,0,15,,27902,11,0,5 2 11 2 12,0,55,,27859,11,0,9 10,0,15,,27911,11,0,5 2 11 2 12,0,15,,27888,11,0,9 10,0,15,,27891,11,0,5 2 11 2 12,0,55,,27867,11,0,9 10,0,15,,27907,11,0,5 2 11 2 12,0,14,,27858,11,0,9 10,0,15,,27909,11,0,5 2 11 2 12,0,55,,27883,11,0,9 10,0,14,,27899,11,0,5 2 11 2 12,0,15,,27876,11,0,9 10,0,15,,27905,11,0,5 2 11 2 12,0,15,,27857,11,0,9 10,0,55,,27910,11,0,5 2 11 2 12,0,15,,27885,11,0,9 10,0,15,,27897,11,0,5 2 11 2 12,0,15,,27871,11,0,9 10,0,55,,27900,11,0,5 2 11 2 12,0,15,,27856,11,0,9 10,0,15,,27912,11,0,5 2 11 2 12,0,15,,27882,11,0,9 10,0,54,,27890,11,0,5 2 11 2 12,0,14,,27874,11,0,9 10,0,30,,27855,11,0,9 10,0,70,,27886,11,0,9 10,0,30,,27870,11,0,9 10,0,65,,27917,11,0,9 10,0,30,,27916,11,0,5 2 11 2 12,0
