22019,'1796',606,,21710,14,4,,0,26,,21712,14,4,,0,68,,21681,14,4,,0,30,,21682,14,4,,0,74,,21683,16,4,,0,30,,21684,16,4,,0,70,,21685,16,4,,0,29,,21686,16,4,,0,70,,21687,16,4,,0,29,,21688,16,4,,0,70,,21689,16,4,,0,30,,21690,16,4,,0,70,,21691,16,4,,0,31,,21692,16,4,,0,70,,21693,16,4,,0,31,,21694,16,4,,0,70,,21695,16,4,,0,30,,21696,16,4,,0,72,,21697,16,4,,0,30,,21698,16,4,,0,68,,21711,16,4,,0,30,,21699,16,4,,0,69,,21700,16,4,,0,29,,21701,16,4,,0,70,,21702,16,4,,0,28,,21703,16,4,,0,70,,21704,16,4,,0,30,,21705,16,4,,0,29,,21706,16,4,,0,68,,21707,16,4,,0,30,,21708,16,4,,0,68,,21709,14,4,,0
22019,'1797',630,,21732,14,4,,0,24,,21737,14,4,,0,70,,21733,14,4,,0,30,,21738,14,4,,0,70,,21734,14,4,,0,33,,21713,16,4,,0,72,,21714,16,4,,0,30,,21715,16,4,,0,70,,21716,16,4,,0,30,,21717,16,4,,0,70,,21718,16,4,,0,30,,21719,16,4,,0,70,,21720,16,4,,0,71,,21721,16,4,,0,30,,21722,16,4,,0,70,,21723,16,4,,0,30,,21724,16,4,,0,71,,21725,16,4,,0,30,,21726,16,4,,0,70,,21727,16,4,,0,30,,21728,16,4,,0,28,,21729,16,4,,0,70,,21730,16,4,,0,28,,21739,14,4,,0,70,,21735,14,4,,0,30,,21740,14,4,,0,69,,21731,14,4,,0,30,,21741,14,4,,0,69,,21736,14,4,,0,30,,21742,14,4,,0,70,,21743,14,4,,0
22019,'1798',658,,21753,14,4,,0,94,,21754,14,4,,0,102,,21751,16,4,,0,100,,21752,16,4,,0,100,,21745,16,4,,0,100,,21750,16,4,,0,100,,21746,16,4,,0,100,,21747,16,4,,0,100,,21744,16,4,,0,100,,21748,16,4,,0,99,,21749,16,4,,0,99,,21755,14,4,,0,100,,21756,14,4,,0,100,,21757,14,4,,0,148,,21758,14,4,,0
22019,'1799',658,,21768,14,4,,0,94,,21769,14,4,,0,102,,21766,16,4,,0,100,,21767,16,4,,0,100,,21760,16,4,,0,100,,21765,16,4,,0,100,,21761,16,4,,0,100,,21762,16,4,,0,100,,21759,16,4,,0,100,,21763,16,4,,0,99,,21764,16,4,,0,99,,21770,14,4,,0,100,,21771,14,4,,0,100,,21772,14,4,,0,148,,21773,14,4,,0
22019,'1800',658,,21783,14,4,,0,94,,21784,14,4,,0,102,,21781,16,4,,0,100,,21782,16,4,,0,100,,21775,16,4,,0,100,,21780,16,4,,0,100,,21776,16,4,,0,100,,21777,16,4,,0,100,,21774,16,4,,0,100,,21778,16,4,,0,99,,21779,16,4,,0,99,,21785,14,4,,0,100,,21786,14,4,,0,100,,21787,14,4,,0,148,,21788,14,4,,0
22019,'1816',630,,11255,14,4,,0,24,,11259,14,4,,0,70,,11343,14,4,,0,30,,11260,14,4,,0,70,,11256,14,4,,0,33,,11336,16,4,,0,72,,11243,16,4,,0,30,,11244,16,4,,0,70,,11337,16,4,,0,30,,11245,16,4,,0,70,,11246,16,4,,0,30,,11338,16,4,,0,70,,11247,16,4,,0,71,,11248,16,4,,0,30,,11339,16,4,,0,70,,11249,16,4,,0,30,,11250,16,4,,0,71,,11340,16,4,,0,30,,11251,16,4,,0,70,,11252,16,4,,0,30,,11341,16,4,,0,28,,11253,16,4,,0,70,,11254,16,4,,0,28,,11344,14,4,,0,70,,11257,14,4,,0,30,,11261,14,4,,0,69,,11342,14,4,,0,30,,11262,14,4,,0,69,,11258,14,4,,0,30,,11345,14,4,,0,70,,11263,14,4,,0
22019,'1817',658,,17730,14,4,,0,94,,17731,14,4,,0,102,,17728,16,4,,0,100,,17729,16,4,,0,100,,17722,16,4,,0,100,,17727,16,4,,0,100,,17723,16,4,,0,100,,17724,16,4,,0,100,,17721,16,4,,0,100,,17725,16,4,,0,99,,17726,16,4,,0,99,,11276,14,4,,0,100,,17732,14,4,,0,100,,11278,14,4,,0,148,,17733,14,4,,0
22029,'1796',635,,21790,1,0,19 2 20 21,0,70,,21791,1,0,19 2 20 21,0,30,,21792,1,0,19 2 20 21,0,73,,21793,1,0,19 2 20 21,0,30,,21794,1,0,19 2 20 21,0,70,,21795,1,,,0,29,,21796,1,,,0,70,,21801,1,,,0,30,,21797,1,,,0,70,,21802,1,,,0,30,,21798,1,,,0,70,,21789,1,,,0,30,,21799,1,,,0,70,,21800,1,,,0,31,,21803,1,,,0,70,,21804,1,,,0,30,,21805,1,,,0,70,,21806,1,,,0,30,,21807,1,,,0,70,,21808,1,,,0,30,,21809,1,,,0,69,,21810,1,,,0,30,,21811,1,,,0,70,,21812,1,,,0,28,,21813,1,,,0,70,,21814,1,,,0,30,,21815,1,,,0,65,,21816,1,,,0,30,,21817,1,,,0,70,,21818,1,,,0,30,,21819,1,0,19 2 20 21,0,170,,21820,1,0,19 2 20 21,0,35,,21821,1,0,19 2 20 21,0
22029,'1797',603,,21846,1,0,19 2 20 21,0,30,,21840,1,0,19 2 20 21,0,67,,21847,1,0,19 2 20 21,0,30,,21841,1,0,19 2 20 21,0,70,,21848,1,0,19 2 20 21,0,30,,21822,1,,,0,70,,21823,1,,,0,30,,21824,1,,,0,70,,21825,1,,,0,30,,21826,1,,,0,70,,21827,1,,,0,30,,21828,1,,,0,70,,21829,1,,,0,30,,21830,1,,,0,70,,21831,1,,,0,31,,21832,1,,,0,69,,21833,1,,,0,31,,21834,1,,,0,70,,21835,1,,,0,30,,21836,1,,,0,70,,21837,1,,,0,30,,21838,1,,,0,69,,21839,1,,,0,31,,21842,1,0,19 2 20 21,0,69,,21849,1,0,19 2 20 21,0,30,,21843,1,0,19 2 20 21,0,70,,21850,1,0,19 2 20 21,0,30,,21844,1,0,19 2 20 21,0,70,,21851,1,0,19 2 20 21,0,30,,21845,1,0,19 2 20 21,0,27,,21852,1,0,19 2 20 21,0,73,,21853,1,0,19 2 20 21,0,175,,21855,1,0,19 2 20 21,0,30,,21854,1,0,19 2 20 21,0
22029,'1798',703,,21867,1,0,19 2 20 21,0,97,,21856,1,,,0,100,,21857,1,,,0,100,,21858,1,,,0,100,,21859,1,,,0,100,,21860,1,,,0,100,,21861,1,,,0,100,,21862,1,,,0,100,,21863,1,,,0,100,,21864,1,,,0,100,,21865,1,,,0,100,,21870,1,0,19 2 20 21,0,100,,21866,1,0,19 2 20 21,0,100,,21868,1,0,19 2 20 21,0,100,,21869,1,0,19 2 20 21,0,205,,21872,1,0,19 2 20 21,0,30,,21871,1,0,19 2 20 21,0
22029,'1799',703,,21884,1,0,19 2 20 21,0,97,,21873,1,,,0,100,,21874,1,,,0,100,,21875,1,,,0,100,,21876,1,,,0,100,,21877,1,,,0,100,,21878,1,,,0,100,,21879,1,,,0,100,,21880,1,,,0,100,,21881,1,,,0,100,,21882,1,,,0,100,,21887,1,0,19 2 20 21,0,100,,21883,1,0,19 2 20 21,0,100,,21885,1,0,19 2 20 21,0,100,,21886,1,0,19 2 20 21,0,205,,21889,1,0,19 2 20 21,0,30,,21888,1,0,19 2 20 21,0
22029,'1800',703,,21901,1,0,19 2 20 21,0,97,,21890,1,,,0,100,,21891,1,,,0,100,,21892,1,,,0,100,,21893,1,,,0,100,,21894,1,,,0,100,,21895,1,,,0,100,,21896,1,,,0,100,,21897,1,,,0,100,,21898,1,,,0,100,,21899,1,,,0,100,,21904,1,0,19 2 20 21,0,100,,21900,1,0,19 2 20 21,0,100,,21902,1,0,19 2 20 21,0,100,,21903,1,0,19 2 20 21,0,205,,21906,1,0,19 2 20 21,0,30,,21905,1,0,19 2 20 21,0
22029,'1816',603,,11466,1,0,19 2 20 21,0,30,,11373,1,0,19 2 20 21,0,67,,11377,1,0,19 2 20 21,0,30,,11464,1,0,19 2 20 21,0,70,,11378,1,0,19 2 20 21,0,30,,11361,1,,,0,70,,11458,1,,,0,30,,11362,1,,,0,70,,11363,1,,,0,30,,11459,1,,,0,70,,11364,1,,,0,30,,11365,1,,,0,70,,11460,1,,,0,30,,11366,1,,,0,70,,11367,1,,,0,31,,11461,1,,,0,69,,11368,1,,,0,31,,11369,1,,,0,70,,11462,1,,,0,30,,11370,1,,,0,70,,11371,1,,,0,30,,11463,1,,,0,69,,11372,1,,,0,31,,11374,1,0,19 2 20 21,0,69,,11467,1,0,19 2 20 21,0,30,,11375,1,0,19 2 20 21,0,70,,11379,1,0,19 2 20 21,0,30,,11465,1,0,19 2 20 21,0,70,,11380,1,0,19 2 20 21,0,30,,11376,1,0,19 2 20 21,0,27,,11468,1,0,19 2 20 21,0,73,,11381,1,0,19 2 20 21,0,175,,7394,1,0,19 2 20 21,0,30,,7393,1,0,19 2 20 21,0
22029,'1817',703,,17774,1,0,19 2 20 21,0,97,,17763,1,,,0,100,,17764,1,,,0,100,,17765,1,,,0,100,,17766,1,,,0,100,,17767,1,,,0,100,,17768,1,,,0,100,,17769,1,,,0,100,,17770,1,,,0,100,,17771,1,,,0,100,,17772,1,,,0,100,,11397,1,0,19 2 20 21,0,100,,17773,1,0,19 2 20 21,0,100,,11395,1,0,19 2 20 21,0,100,,17775,1,0,19 2 20 21,0,205,,11398,1,0,19 2 20 21,0,30,,11399,1,0,19 2 20 21,0
601019,'1796',607,,23261,1,,,0,20,,23253,1,,,0,15,,23260,4,4,,0,13,,23248,1,0,19 2 11 2 22 1 23,0,52,,23252,1,0,19 2 11 2 22 1 23,0,15,,23263,1,0,19 2 11 2 22 1 23,0,15,,23256,1,0,19 2 11 2 22 1 23,0,15,,23247,1,0,19 2 11 2 22 1 23,0,55,,23249,1,0,19 2 11 2 22 1 23,0,15,,23262,1,0,19 2 11 2 22 1 23,0,25,,23273,1,,,0,70,,23278,1,,,0,30,,23279,1,,,0,70,,23276,1,,,0,30,,23274,1,,,0,70,,23280,1,,,0,30,,23282,1,,,0,70,,23277,1,,,0,30,,23275,1,,,0,70,,23283,1,,,0,30,,23281,1,,,0,60,,23245,4,4,,0,15,,23270,1,0,19 2 11 2 22 1 23,0,15,,23272,4,4,,0,15,,23266,1,0,19 2 11 2 22 1 23,0,55,,23254,1,0,19 2 11 2 22 1 23,0,15,,23267,1,0,19 2 11 2 22 1 23,0,15,,23257,1,0,19 2 11 2 22 1 23,0,15,,23264,1,0,19 2 11 2 22 1 23,0,55,,23259,1,0,19 2 11 2 22 1 23,0,15,,23265,1,0,19 2 11 2 22 1 23,0,15,,23251,1,0,19 2 11 2 22 1 23,0,15,,23268,1,0,19 2 11 2 22 1 23,0,55,,23246,1,0,19 2 11 2 22 1 23,0,15,,23271,1,0,19 2 11 2 22 1 23,0,15,,23250,1,0,19 2 11 2 22 1 23,0,15,,23269,1,0,19 2 11 2 22 1 23,0,55,,23235,1,,,0,30,,23236,1,,,0,15,,23244,1,,,0,55,,23242,1,,,0,30,,23239,1,,,0,70,,23240,1,,,0,30,,23234,1,,,0,70,,23237,1,,,0,30,,23233,1,,,0,70,,23238,1,,,0,33,,23243,1,,,0
601019,'1797',610,,23301,4,4,,0,30,,23318,1,,,0,70,,23299,1,,,0,30,,23317,1,,,0,70,,23298,1,,,0,30,,23316,1,,,0,70,,23297,1,,,0,30,,23315,1,,,0,70,,23295,1,,,0,30,,23313,1,,,0,70,,23296,1,,,0,30,,23314,1,,,0,70,,23294,1,,,0,30,,23312,1,,,0,70,,23285,1,,,0,30,,23311,1,,,0,70,,23293,1,,,0,30,,23310,1,,,0,70,,23291,1,,,0,30,,23309,1,,,0,70,,23286,1,,,0,30,,23307,1,,,0,70,,23288,1,,,0,30,,23308,1,,,0,70,,23292,1,,,0,30,,23306,1,,,0,70,,23287,1,,,0,30,,23305,1,,,0,70,,23290,1,,,0,30,,23304,1,,,0,70,,23289,1,,,0,30,,23303,1,,,0,70,,23284,1,,,0,30,,23302,1,,,0
601019,'1798',2240,,23319,1,,,0
601019,'1799',610,,23346,4,4,,0,30,,23327,1,,,0,70,,23351,1,,,0,30,,23336,1,,,0,70,,23354,1,,,0,30,,23322,1,,,0,70,,23329,1,,,0,30,,23349,1,,,0,70,,23352,1,,,0,30,,23323,1,,,0,70,,23335,1,,,0,30,,23353,1,,,0,70,,23348,1,,,0,30,,23326,1,,,0,70,,23338,1,,,0,30,,23344,1,,,0,70,,23341,1,,,0,30,,23331,1,,,0,70,,23330,1,,,0,30,,23325,1,,,0,70,,23345,1,,,0,30,,23334,1,,,0,70,,23347,1,,,0,30,,23343,1,,,0,70,,23328,1,,,0,30,,23350,1,,,0,70,,23342,1,,,0,30,,23356,1,,,0,70,,23339,1,,,0,30,,23355,1,,,0,70,,23332,1,,,0,30,,23333,1,,,0,70,,23340,1,,,0,30,,23337,1,,,0
601019,'1800',2240,,23357,1,,,0
601019,'1816',610,,8252,4,4,,0,30,,8269,1,,,0,70,,8250,1,,,0,30,,8268,1,,,0,70,,8249,1,,,0,30,,8267,1,,,0,70,,8248,1,,,0,30,,8266,1,,,0,70,,8246,1,,,0,30,,8264,1,,,0,70,,8247,1,,,0,30,,8265,1,,,0,70,,8245,1,,,0,30,,8263,1,,,0,70,,8236,1,,,0,30,,8262,1,,,0,70,,8244,1,,,0,30,,8261,1,,,0,70,,8242,1,,,0,30,,8260,1,,,0,70,,8237,1,,,0,30,,8258,1,,,0,70,,8239,1,,,0,30,,8259,1,,,0,70,,8243,1,,,0,30,,8257,1,,,0,70,,8238,1,,,0,30,,8256,1,,,0,70,,8241,1,,,0,30,,8255,1,,,0,70,,8240,1,,,0,30,,8254,1,,,0,70,,8235,1,,,0,30,,8253,1,,,0
601019,'1817',2140,,12450,1,,,0,70,,12447,1,,,0,30,,12449,1,,,0
602019,'1796',626,,23395,18,4,,0,29,,23371,18,4,,0,62,,23385,18,4,,0,13,,23383,18,4,,0,15,,23370,18,4,,0,55,,23373,18,4,,0,15,,23384,18,4,,0,15,,23378,18,4,,0,15,,23397,18,4,,0,55,,23374,18,4,,0,15,,23394,19,4,,0,24,,23403,19,4,,0,70,,23401,19,4,,0,30,,23408,19,4,,0,70,,23406,19,4,,0,30,,23402,19,4,,0,70,,23400,19,4,,0,30,,23407,19,4,,0,70,,23398,19,4,,0,31,,23404,19,4,,0,70,,23399,19,4,,0,30,,23405,19,4,,0,61,,23381,18,4,,0,15,,23390,18,4,,0,15,,23382,18,4,,0,15,,23389,18,4,,0,55,,23375,18,4,,0,15,,23388,18,4,,0,15,,23380,18,4,,0,15,,23392,18,4,,0,54,,23379,18,4,,0,15,,23387,18,4,,0,14,,23376,18,4,,0,15,,23391,18,4,,0,15,,23372,18,4,,0,55,,23396,18,4,,0,14,,23377,18,4,,0,15,,23386,19,4,,0,57,,23360,19,4,,0,30,,23361,19,4,,0,12,,23393,19,4,,0,58,,23366,19,4,,0,30,,23364,19,4,,0,70,,23365,19,4,,0,29,,23369,19,4,,0,30,,23362,19,4,,0,70,,23367,19,4,,0,30,,23363,19,4,,0,76,,23368,19,4,,0
602019,'1797',636,,23443,18,4,,0,68,,23425,19,4,,0,30,,23442,19,4,,0,70,,23424,19,4,,0,30,,23441,19,4,,0,70,,23423,19,4,,0,30,,23440,19,4,,0,70,,23422,19,4,,0,30,,23439,19,4,,0,70,,23421,19,4,,0,31,,23438,19,4,,0,70,,23419,19,4,,0,30,,23437,19,4,,0,70,,23420,19,4,,0,30,,23435,19,4,,0,70,,23418,19,4,,0,30,,23436,19,4,,0,70,,23411,19,4,,0,30,,23434,19,4,,0,70,,23412,19,4,,0,30,,23433,19,4,,0,70,,23410,19,4,,0,30,,23432,19,4,,0,70,,23413,19,4,,0,30,,23431,19,4,,0,70,,23416,19,4,,0,30,,23429,19,4,,0,70,,23417,19,4,,0,29,,23430,19,4,,0,70,,23415,19,4,,0,30,,23427,19,4,,0,70,,23414,19,4,,0,30,,23428,19,4,,0,70,,23409,19,4,,0,29,,23426,19,4,,0
602019,'1798',2234,,23446,19,4,,0,70,,23445,19,4,,0,29,,23444,19,4,,0
602019,'1799',636,,23475,18,4,,0,68,,23472,19,4,,0,30,,23457,19,4,,0,70,,23461,19,4,,0,30,,23476,19,4,,0,70,,23452,19,4,,0,30,,23448,19,4,,0,70,,23471,19,4,,0,30,,23468,19,4,,0,70,,23462,19,4,,0,31,,23470,19,4,,0,70,,23480,19,4,,0,30,,23469,19,4,,0,70,,23449,19,4,,0,30,,23478,19,4,,0,70,,23479,19,4,,0,30,,23447,19,4,,0,70,,23473,19,4,,0,30,,23456,19,4,,0,70,,23458,19,4,,0,30,,23481,19,4,,0,70,,23463,19,4,,0,30,,23453,19,4,,0,70,,23466,19,4,,0,30,,23477,19,4,,0,70,,23451,19,4,,0,30,,23455,19,4,,0,70,,23464,19,4,,0,29,,23454,19,4,,0,70,,23467,19,4,,0,30,,23460,19,4,,0,70,,23474,19,4,,0,30,,23459,19,4,,0,70,,23465,19,4,,0,29,,23450,19,4,,0
602019,'1800',2234,,23484,19,4,,0,70,,23483,19,4,,0,29,,23482,19,4,,0
602019,'1816',636,,8388,18,4,,0,68,,8370,19,4,,0,30,,8387,19,4,,0,70,,8369,19,4,,0,30,,8386,19,4,,0,70,,8368,19,4,,0,30,,8385,19,4,,0,70,,8367,19,4,,0,30,,8384,19,4,,0,70,,8366,19,4,,0,31,,8383,19,4,,0,70,,8364,19,4,,0,30,,8382,19,4,,0,70,,8365,19,4,,0,30,,8380,19,4,,0,70,,8363,19,4,,0,30,,8381,19,4,,0,70,,8356,19,4,,0,30,,8379,19,4,,0,70,,8357,19,4,,0,30,,8378,19,4,,0,70,,8355,19,4,,0,30,,8377,19,4,,0,70,,8358,19,4,,0,30,,8376,19,4,,0,70,,8361,19,4,,0,30,,8374,19,4,,0,70,,8362,19,4,,0,29,,8375,19,4,,0,70,,8360,19,4,,0,30,,8372,19,4,,0,70,,8359,19,4,,0,30,,8373,19,4,,0,70,,8354,19,4,,0,29,,8371,19,4,,0
602019,'1817',2134,,12491,19,4,,0,70,,12487,19,4,,0,30,,12490,19,4,,0,70,,12488,19,4,,0,29,,12489,19,4,,0
