15029,'1838',716,,36977,22,,,0,98,,45082,22,,,0,100,,36974,22,,,0,100,,36975,22,,,0,101,,45083,22,,,0,100,,36972,22,,,0,100,,36969,22,,,0,102,,45081,22,,,0,100,,36971,22,,,0,100,,36968,22,,,0,99,,45080,22,,,0,99,,36966,22,,,0,100,,36967,22,,,0,100,,45079,22,,,0
15029,'1865',642,,36995,22,,,0,69,,36996,22,,,0,33,,36997,22,,,0,71,,45086,22,,,0,33,,36999,22,,,0,70,,37000,22,,,0,25,,37001,22,,,0,70,,37002,22,,,0,30,,37003,22,,,0,70,,45087,22,,,0,30,,45088,22,,,0,70,,42575,22,,,0,30,,45089,22,,,0,70,,45090,22,,,0,30,,42576,22,,,0,70,,37010,22,,,0,32,,45091,22,,,0,75,,37012,22,,,0,32,,37013,22,,,0,70,,45092,22,,,0,29,,45093,22,,,0,64,,37016,22,,,0,29,,37017,22,,,0,69,,37018,22,,,0,27,,45094,22,,,0,70,,37020,22,,,0,30,,45095,22,,,0,70,,45096,22,,,0,30,,37023,22,,,0,100,,45098,22,,,0,97,,45097,22,,,0
15029,'1866',721,,37029,22,,,0,93,,37030,22,,,0,100,,45100,22,,,0,100,,37032,22,,,0,101,,37033,22,,,0,100,,45101,22,,,0,100,,37035,22,,,0,103,,37036,22,,,0,100,,45102,22,,,0,100,,37038,22,,,0,98,,37039,22,,,0,99,,45103,22,,,0,100,,37026,22,,,0,100,,37027,22,,,0
15029,'1867',716,,37054,22,,,0,98,,45107,22,,,0,100,,37051,22,,,0,100,,37052,22,,,0,101,,45108,22,,,0,100,,37049,22,,,0,100,,37046,22,,,0,102,,45106,22,,,0,100,,37048,22,,,0,100,,37045,22,,,0,99,,45105,22,,,0,99,,37043,22,,,0,100,,37044,22,,,0,100,,45104,22,,,0
15029,'1873',721,,30423,22,,,0,93,,30424,22,,,0,200,,30426,22,,,0,101,,30427,22,,,0,200,,30429,22,,,0,103,,30430,22,,,0,200,,30432,22,,,0,98,,30433,22,,,0,199,,30420,22,,,0,100,,30421,22,,,0
15029,'1878',716,,30448,22,,,0,198,,30445,22,,,0,100,,30446,22,,,0,201,,30443,22,,,0,100,,30440,22,,,0,202,,30442,22,,,0,100,,30439,22,,,0,198,,30437,22,,,0,100,,30438,22,,,0
15029,'1881',815,,36979,22,,,0,298,,36980,22,,,0,30,,36981,22,,,0,100,,36983,22,,,0,70,,36984,22,,,0,132,,36986,22,,,0,177,,36987,22,,,0,29,,36988,22,,,0,189,,30508,22,,,0,100,,36989,22,,,0,70,,42580,22,,,0,130,,36992,22,,,0,97,,36991,22,,,0
15029,'1882',642,,30484,22,,,0,69,,30485,22,,,0,33,,30486,22,,,0,104,,30488,22,,,0,70,,30489,22,,,0,25,,30490,22,,,0,70,,30491,22,,,0,30,,30492,22,,,0,170,,42578,22,,,0,130,,42579,22,,,0,70,,30499,22,,,0,107,,30501,22,,,0,32,,30502,22,,,0,163,,30505,22,,,0,29,,30506,22,,,0,69,,30507,22,,,0,97,,30509,22,,,0,130,,30512,22,,,0
15029,'1886',815,,45111,22,,,0,298,,45112,22,,,0,30,,45113,22,,,0,100,,45114,22,,,0,70,,45115,22,,,0,132,,45116,22,,,0,177,,45117,22,,,0,29,,45118,22,,,0,189,,45119,22,,,0,100,,45120,22,,,0,70,,45121,22,,,0,130,,45123,22,,,0,97,,45122,22,,,0
15029,'1887',914,,45125,22,,,0,301,,45126,22,,,0,303,,45127,22,,,0,297,,45128,22,,,0
15029,'1888',814,,45132,22,,,0,301,,45133,22,,,0,302,,45131,22,,,0,299,,45130,22,,,0,299,,45129,22,,,0
