14019,'1799',637,,20978,2,,,0
14019,'1800',637,,20993,2,,,0,100,,25777,2,,,0,100,,25766,2,,,0,100,,25767,2,,,0,100,,25768,2,,,0,100,,25769,2,,,0,100,,25770,2,,,0,100,,25771,2,,,0,100,,25772,2,,,0,100,,25773,2,,,0,100,,25774,2,,,0,100,,25775,2,,,0,100,,25776,2,,,0,100,,25765,2,,,0,95,,25764,2,,,0
14019,'1829',512,,20931,2,,,0,100,,20930,2,,,0,40,,20901,2,,,0,70,,20914,2,,,0,28,,20902,2,,,0,92,,20903,2,,,0,70,,20916,2,,,0,30,,20904,2,,,0,70,,20917,2,,,0,130,,20906,2,,,0,100,,20907,2,,,0,170,,20921,2,,,0,100,,20922,2,,,0,300,,20925,2,,,0
14019,'1831',2232,,20949,2,,,0
14019,'1832',737,,20964,2,,,0,100,,20952,2,,,0,100,,20953,2,,,0,100,,20954,2,,,0,100,,20955,2,,,0,100,,20956,2,,,0,100,,20957,2,,,0,100,,20958,2,,,0,100,,20959,2,,,0,100,,20960,2,,,0,100,,20961,2,,,0,100,,20962,2,,,0,100,,20951,2,,,0,95,,20950,2,,,0
14019,'1833',637,,20963,2,,,0
14019,'1834',737,,20979,2,,,0,100,,20967,2,,,0,100,,20968,2,,,0,100,,20969,2,,,0,100,,20970,2,,,0,100,,20971,2,,,0,100,,20972,2,,,0,100,,20973,2,,,0,100,,20974,2,,,0,100,,20975,2,,,0,100,,20976,2,,,0,100,,20977,2,,,0,100,,20966,2,,,0,95,,20965,2,,,0
14019,'1835',812,,25785,2,,,0,230,,25778,2,,,0,70,,25786,2,,,0,100,,25787,2,,,0,100,,25788,2,,,0,30,,25779,2,,,0,100,,25780,2,,,0,110,,25781,2,,,0,70,,25789,2,,,0,30,,25782,2,,,0,70,,25790,2,,,0,30,,25783,2,,,0,90,,25784,2,,,0,70,,25791,2,,,0,30,,25795,2,,,0,70,,25792,2,,,0,92,,25793,2,,,0,100,,25794,2,,,0
14019,'1836',637,,25796,2,,,0,100,,25797,2,,,0,100,,25798,2,,,0,100,,25799,2,,,0,100,,25800,2,,,0,100,,25801,2,,,0,100,,25802,2,,,0,100,,25803,2,,,0,100,,25804,2,,,0,100,,25805,2,,,0,100,,25806,2,,,0,100,,25807,2,,,0,100,,25808,2,,,0,100,,25809,2,,,0,100,,25810,2,,,0,95,,25811,2,,,0
14019,'1837',737,,25825,2,,,0,100,,25814,2,,,0,100,,25815,2,,,0,100,,25816,2,,,0,100,,25817,2,,,0,100,,25818,2,,,0,100,,25819,2,,,0,100,,25820,2,,,0,100,,25821,2,,,0,100,,25822,2,,,0,100,,25823,2,,,0,100,,25824,2,,,0,100,,25813,2,,,0,95,,25812,2,,,0
14019,'1838',737,,25839,2,,,0,100,,25828,2,,,0,100,,25829,2,,,0,100,,25830,2,,,0,100,,25831,2,,,0,100,,25832,2,,,0,100,,25833,2,,,0,100,,25834,2,,,0,100,,25835,2,,,0,100,,25836,2,,,0,100,,25837,2,,,0,100,,25838,2,,,0,100,,25827,2,,,0,95,,25826,2,,,0
15019,'1799',707,,21066,2,,,0,100,,21064,2,,,0,100,,21067,2,,,0,100,,21065,2,,,0,100,,21062,2,,,0,100,,21060,2,,,0,100,,21063,2,,,0,100,,21061,2,,,0,100,,21058,2,,,0,100,,21059,2,,,0,100,,21056,2,,,0,100,,21057,2,,,0,100,,21055,2,,,0,100,,21068,2,,,0
15019,'1800',707,,21080,2,,,0,100,,21078,2,,,0,100,,21081,2,,,0,100,,21079,2,,,0,100,,21076,2,,,0,100,,21074,2,,,0,100,,21077,2,,,0,100,,21075,2,,,0,100,,21072,2,,,0,100,,21073,2,,,0,100,,21070,2,,,0,100,,21071,2,,,0,100,,21069,2,,,0,100,,21082,2,,,0
15019,'1829',632,,20996,2,,,0,200,,21000,2,,,0,100,,21002,2,,,0,170,,21005,2,,,0,300,,21011,2,,,0,530,,21022,2,,,0
15019,'1831',707,,21026,2,,,0,100,,21027,2,,,0,100,,21028,2,,,0,100,,21029,2,,,0,100,,21030,2,,,0,100,,21031,2,,,0,100,,21032,2,,,0,100,,21033,2,,,0,100,,21034,2,,,0,100,,21035,2,,,0,100,,21036,2,,,0,100,,21037,2,,,0,100,,21038,2,,,0,100,,21039,2,,,0
15019,'1833',707,,21052,2,,,0,100,,21050,2,,,0,100,,21053,2,,,0,100,,21051,2,,,0,100,,21048,2,,,0,100,,21046,2,,,0,100,,21049,2,,,0,100,,21047,2,,,0,100,,21044,2,,,0,100,,21045,2,,,0,100,,21042,2,,,0,100,,21043,2,,,0,100,,21041,2,,,0,100,,21054,2,,,0
15019,'1835',702,,25841,2,,,0,30,,25842,2,,,0,70,,25843,2,,,0,100,,25844,2,,,0,100,,25845,2,,,0,30,,25846,2,,,0,100,,25847,2,,,0,70,,25848,2,,,0,30,,25849,2,,,0,70,,25850,2,,,0,30,,25851,2,,,0,100,,25852,2,,,0,70,,25853,2,,,0,30,,25854,2,,,0,70,,25855,2,,,0,30,,25856,2,,,0,70,,25857,2,,,0,30,,25858,2,,,0,70,,25859,2,,,0,30,,25860,2,,,0,70,,25861,2,,,0,130,,25862,2,,,0,99,,25863,2,,,0,100,,25864,2,0,5 2 6 7,0
19029,'1799',822,,21644,2,,,0,130,,21640,2,,,0,200,,21636,2,,,0,700,,21630,2,,,0,70,,21647,2,,,0,215,,21649,2,,,0,100,,21643,2,,,0,85,,21621,2,,,0
19029,'1800',610,,26108,2,,,0,112,,26109,2,,,0,100,,21674,2,,,0,30,,26107,2,,,0,70,,26103,2,,,0,30,,21670,2,,,0,70,,26093,2,,,0,30,,26097,2,,,0,70,,26100,2,,,0,30,,21666,2,,,0,70,,26104,2,,,0,30,,26091,2,,,0,70,,26096,2,,,0,30,,26099,2,,,0,70,,26102,2,,,0,30,,26105,2,,,0,70,,26090,2,,,0,30,,26095,2,,,0,70,,26098,2,,,0,30,,26101,2,,,0,70,,26106,2,,,0,30,,26092,2,,,0,70,,26094,2,,,0,30,,21660,2,,,0,70,,21677,2,,,0,30,,26111,2,,,0,85,,26110,2,,,0,100,,21679,2,,,0,100,,21673,2,,,0,85,,21651,2,,,0
19029,'1829',822,,21545,2,,,0,130,,21537,2,,,0,70,,21542,2,,,0,1300,,21550,2,,,0
19029,'1831',612,,21583,2,,,0,40,,21584,2,,,0,170,,21579,2,,,0,130,,21573,2,,,0,70,,21580,2,,,0,830,,21560,2,,,0,250,,21586,2,,,0,100,,21587,2,,,0,125,,21563,2,,,0
19029,'1832',610,,21615,2,,,0,112,,21616,2,,,0,130,,21612,2,,,0,70,,21607,2,,,0,100,,21595,2,,,0,30,,21599,2,,,0,70,,21603,2,,,0,100,,21608,2,,,0,30,,21593,2,,,0,70,,21598,2,,,0,30,,21602,2,,,0,70,,21605,2,,,0,30,,21609,2,,,0,70,,21592,2,,,0,30,,21597,2,,,0,70,,21601,2,,,0,30,,21604,2,,,0,70,,21611,2,,,0,30,,21594,2,,,0,70,,21596,2,,,0,130,,21620,2,,,0,85,,21618,2,,,0
19029,'1833',822,,21614,2,,,0,130,,21610,2,,,0,200,,21606,2,,,0,700,,21600,2,,,0,70,,21617,2,,,0,215,,21619,2,,,0,100,,21613,2,,,0,85,,21591,2,,,0
19029,'1834',610,,21645,2,,,0,112,,21646,2,,,0,130,,21642,2,,,0,70,,21637,2,,,0,100,,21625,2,,,0,30,,21629,2,,,0,70,,21633,2,,,0,100,,21638,2,,,0,30,,21623,2,,,0,70,,21628,2,,,0,30,,21632,2,,,0,70,,21635,2,,,0,30,,21639,2,,,0,70,,21622,2,,,0,30,,21627,2,,,0,70,,21631,2,,,0,30,,21634,2,,,0,70,,21641,2,,,0,30,,21624,2,,,0,70,,21626,2,,,0,130,,21650,2,,,0,85,,21648,2,,,0
19029,'1835',852,,26119,2,,,0,70,,26112,2,,,0,130,,26116,2,,,0,70,,26114,2,,,0,30,,26117,2,,,0,70,,26118,2,,,0,30,,26120,2,,,0,70,,26113,2,,,0,30,,26115,2,,,0,70,,26121,2,,,0,30,,26122,2,,,0,70,,26129,2,,,0,300,,26124,2,,,0,30,,26123,2,,,0,70,,26128,2,,,0,100,,26127,2,,,0,100,,26126,2,,,0,100,,26125,2,,,0
19029,'1836',722,,26145,2,,,0,30,,26131,2,,,0,100,,26146,2,,,0,70,,26130,2,,,0,130,,26135,2,,,0,70,,26144,2,,,0,30,,26134,2,,,0,70,,26143,2,,,0,30,,26140,2,,,0,70,,26148,2,,,0,30,,26152,2,,,0,70,,26138,2,,,0,30,,26133,2,,,0,70,,26137,2,,,0,30,,26142,2,,,0,70,,26139,2,,,0,30,,26147,2,,,0,70,,26132,2,,,0,30,,26141,2,,,0,70,,26136,2,,,0,100,,26149,2,,,0,110,,26151,2,,,0,270,,26150,2,,,0
19029,'1837',610,,26171,2,,,0,112,,26172,2,,,0,130,,26170,2,,,0,70,,26166,2,,,0,100,,26156,2,,,0,30,,26160,2,,,0,70,,26163,2,,,0,100,,26167,2,,,0,30,,26154,2,,,0,70,,26159,2,,,0,30,,26162,2,,,0,70,,26165,2,,,0,30,,26168,2,,,0,70,,26153,2,,,0,30,,26158,2,,,0,70,,26161,2,,,0,30,,26164,2,,,0,70,,26169,2,,,0,30,,26155,2,,,0,70,,26157,2,,,0,130,,26174,2,,,0,85,,26173,2,,,0
19029,'1838',610,,26193,2,,,0,112,,26194,2,,,0,130,,26192,2,,,0,70,,26188,2,,,0,100,,26178,2,,,0,30,,26182,2,,,0,70,,26185,2,,,0,100,,26189,2,,,0,30,,26176,2,,,0,70,,26181,2,,,0,30,,26184,2,,,0,70,,26187,2,,,0,30,,26190,2,,,0,70,,26175,2,,,0,30,,26180,2,,,0,70,,26183,2,,,0,30,,26186,2,,,0,70,,26191,2,,,0,30,,26177,2,,,0,70,,26179,2,,,0,130,,26196,2,,,0,85,,26195,2,,,0
10019029,'1829',642,,24785,2,,,0,970,,24789,2,,,0
10019029,'1835',612,,28204,2,,,0,100,,28206,2,,,0,30,,28207,2,,,0,800,,28211,2,,,0,100,,28208,2,,,0,70,,28212,2,,,0,30,,28209,2,,,0,210,,28210,2,,,0
14000001029,'1799',2451,,24942,49,,,0,70,,24943,49,,,0,100,,24941,49,,,0,30,,24939,49,,,0
14000001029,'1800',2421,,28281,49,,,0,30,,24949,49,,,0,70,,24950,49,,,0,30,,28282,49,,,0,70,,24948,49,,,0,30,,24946,49,,,0
14000001029,'1829',2451,,24920,49,,,0,170,,24921,49,,,0
14000001029,'1831',2421,,24930,49,,,0,30,,24925,49,,,0,70,,24924,49,,,0,30,,24926,49,,,0,70,,24929,49,,,0,30,,24927,49,,,0
14000001029,'1832',2421,,24931,49,,,0,130,,24933,49,,,0
14000001029,'1833',2451,,24935,49,,,0,70,,24936,49,,,0,100,,24934,49,,,0,30,,24932,49,,,0
14000001029,'1834',2421,,24938,49,,,0,130,,24940,49,,,0
14000001029,'1835',2421,,28286,49,,,0,100,,28288,49,,,0,30,,28285,49,,,0,100,,28287,49,,,0
14000001029,'1837',2421,,28289,49,,,0,130,,28290,49,,,0
14000001029,'1838',2421,,28292,49,,,0,130,,28293,49,,,0
