15019,'1838',735,,45028,44,,,0,100,,36883,44,,,0,100,,36886,44,,,0,101,,45027,44,,,0,100,,36881,44,,,0,100,,36879,44,,,0,101,,45026,44,,,0,100,,36880,44,,,0,100,,36877,44,,,0,99,,45025,44,,,0,100,,36875,44,,,0,100,,36876,44,,,0,100,,45024,44,,,0,99,,36887,44,,,0
15019,'1865',606,,36904,10,0,5 2 6 7,0,94,,36905,44,,,0,30,,45029,44,,,0,76,,36907,44,,,0,31,,36908,44,,,0,65,,36909,44,,,0,30,,36910,44,,,0,70,,36911,44,,,0,30,,45030,44,,,0,70,,45031,44,,,0,30,,42569,44,,,0,70,,45032,44,,,0,30,,45033,44,,,0,70,,42570,44,,,0,30,,36918,44,,,0,70,,45034,44,,,0,30,,36920,44,,,0,72,,36921,44,,,0,30,,45035,44,,,0,70,,45036,44,,,0,30,,36924,44,,,0,69,,36925,44,,,0,30,,36926,44,,,0,67,,45037,44,,,0,30,,36928,44,,,0,70,,45038,44,,,0,30,,45039,44,,,0,70,,36931,44,,,0,100,,45040,44,,,0,58,,45041,44,,,0,100,,45042,44,0,5 2 6 7,0
15019,'1866',608,,45048,10,0,5 2 6 7,0,127,,36935,44,,,0,100,,45043,44,,,0,100,,36937,44,,,0,101,,36938,44,,,0,100,,45044,44,,,0,100,,36940,44,,,0,101,,36941,44,,,0,100,,45045,44,,,0,100,,36943,44,,,0,99,,36944,44,,,0,100,,45046,44,,,0,100,,36946,44,,,0,100,,36947,44,,,0,99,,45047,44,,,0
15019,'1867',735,,45053,44,,,0,100,,36959,44,,,0,100,,36962,44,,,0,101,,45052,44,,,0,100,,36957,44,,,0,100,,36955,44,,,0,101,,45051,44,,,0,100,,36956,44,,,0,100,,36953,44,,,0,99,,45050,44,,,0,100,,36951,44,,,0,100,,36952,44,,,0,100,,45049,44,,,0,99,,36963,44,,,0
15019,'1873',735,,30301,44,,,0,200,,30303,44,,,0,101,,30304,44,,,0,200,,30306,44,,,0,101,,30307,44,,,0,200,,30309,44,,,0,99,,30310,44,,,0,200,,30312,44,,,0,100,,30313,44,,,0
15019,'1878',835,,30325,44,,,0,100,,30328,44,,,0,201,,30323,44,,,0,100,,30321,44,,,0,201,,30322,44,,,0,100,,30319,44,,,0,199,,30317,44,,,0,100,,30318,44,,,0,199,,30329,44,,,0
15019,'1881',730,,36889,44,,,0,302,,36890,44,,,0,70,,36891,44,,,0,100,,36893,44,,,0,30,,36894,44,,,0,170,,36896,44,,,0,132,,36897,44,,,0,70,,36898,44,,,0,196,,30384,44,,,0,100,,36899,44,,,0,30,,42574,44,,,0,170,,36901,44,,,0,58,,36902,44,,,0,100,,36903,44,0,5 2 6 7,0
15019,'1882',606,,30361,10,0,5 2 6 7,0,94,,30362,44,,,0,106,,30364,44,,,0,31,,30365,44,,,0,65,,30366,44,,,0,30,,30367,44,,,0,70,,30368,44,,,0,130,,42572,44,,,0,170,,42573,44,,,0,30,,30375,44,,,0,100,,30377,44,,,0,72,,30378,44,,,0,130,,30381,44,,,0,69,,30382,44,,,0,30,,30383,44,,,0,97,,30385,44,,,0,170,,30388,44,,,0
15019,'1886',730,,45054,44,,,0,302,,45055,44,,,0,70,,45056,44,,,0,100,,45057,44,,,0,30,,45058,44,,,0,170,,45059,44,,,0,132,,45060,44,,,0,70,,45061,44,,,0,196,,45062,44,,,0,100,,45063,44,,,0,30,,45064,44,,,0,170,,45065,44,,,0,58,,45066,44,,,0,100,,45067,44,0,5 2 6 7,0
15019,'1887',608,,45073,10,0,5 2 6 7,0,227,,45068,44,,,0,301,,45069,44,,,0,301,,45070,44,,,0,299,,45071,44,,,0,299,,45072,44,,,0
15019,'1888',735,,45078,44,,,0,301,,45077,44,,,0,301,,45076,44,,,0,299,,45075,44,,,0,300,,45074,44,,,0
