15029,'1838',739,,36977,56,,,0,98,,45082,56,,,0,101,,36974,56,,,0,100,,36975,56,,,0,102,,45083,56,,,0,100,,36972,56,,,0,100,,36969,56,,,0,102,,45081,56,,,0,100,,36971,56,,,0,99,,36968,56,,,0,99,,45080,56,,,0,99,,36966,56,,,0,99,,36967,56,,,0,100,,45079,56,,,0
15029,'1865',615,,45084,16,,,0,20,,45085,16,,,0,71,,36995,56,,,0,31,,36996,56,,,0,74,,36997,56,,,0,30,,45086,56,,,0,73,,36999,56,,,0,30,,37000,56,,,0,65,,37001,56,,,0,30,,37002,56,,,0,70,,37003,56,,,0,30,,45087,56,,,0,70,,45088,56,,,0,30,,42575,56,,,0,70,,45089,56,,,0,30,,45090,56,,,0,70,,42576,56,,,0,32,,37010,56,,,0,73,,45091,56,,,0,35,,37012,56,,,0,72,,37013,56,,,0,29,,45092,56,,,0,66,,45093,56,,,0,23,,37016,56,,,0,69,,37017,56,,,0,29,,37018,56,,,0,67,,45094,56,,,0,30,,37020,56,,,0,70,,45095,56,,,0,30,,45096,56,,,0,70,,37023,56,,,0,99,,45098,56,,,0,97,,45097,56,,,0
15029,'1866',611,,45099,16,,,0,133,,37029,56,,,0,93,,37030,56,,,0,100,,45100,56,,,0,100,,37032,56,,,0,102,,37033,56,,,0,100,,45101,56,,,0,100,,37035,56,,,0,105,,37036,56,,,0,100,,45102,56,,,0,98,,37038,56,,,0,98,,37039,56,,,0,99,,45103,56,,,0,99,,37026,56,,,0,100,,37027,56,,,0
15029,'1867',739,,37054,56,,,0,98,,45107,56,,,0,101,,37051,56,,,0,100,,37052,56,,,0,102,,45108,56,,,0,100,,37049,56,,,0,100,,37046,56,,,0,102,,45106,56,,,0,100,,37048,56,,,0,99,,37045,56,,,0,99,,45105,56,,,0,99,,37043,56,,,0,99,,37044,56,,,0,100,,45104,56,,,0
15029,'1873',744,,30423,56,,,0,93,,30424,56,,,0,200,,30426,56,,,0,102,,30427,56,,,0,200,,30429,56,,,0,105,,30430,56,,,0,198,,30432,56,,,0,98,,30433,56,,,0,198,,30420,56,,,0,100,,30421,56,,,0
15029,'1878',739,,30448,56,,,0,199,,30445,56,,,0,100,,30446,56,,,0,202,,30443,56,,,0,100,,30440,56,,,0,202,,30442,56,,,0,99,,30439,56,,,0,198,,30437,56,,,0,99,,30438,56,,,0
15029,'1881',615,,30482,16,,,0,20,,36978,16,,,0,206,,36979,56,,,0,298,,36980,56,,,0,70,,36981,56,,,0,100,,36983,56,,,0,30,,36984,56,,,0,175,,36986,56,,,0,136,,36987,56,,,0,66,,36988,56,,,0,188,,30508,56,,,0,100,,36989,56,,,0,30,,42580,56,,,0,169,,36992,56,,,0,97,,36991,56,,,0
15029,'1882',706,,30484,56,,,0,31,,30485,56,,,0,74,,30486,56,,,0,103,,30488,56,,,0,30,,30489,56,,,0,65,,30490,56,,,0,30,,30491,56,,,0,70,,30492,56,,,0,130,,42578,56,,,0,170,,42579,56,,,0,32,,30499,56,,,0,108,,30501,56,,,0,72,,30502,56,,,0,118,,30505,56,,,0,69,,30506,56,,,0,29,,30507,56,,,0,97,,30509,56,,,0,170,,30512,56,,,0
15029,'1886',615,,45109,16,,,0,20,,45110,16,,,0,206,,45111,56,,,0,298,,45112,56,,,0,70,,45113,56,,,0,100,,45114,56,,,0,30,,45115,56,,,0,175,,45116,56,,,0,136,,45117,56,,,0,66,,45118,56,,,0,188,,45119,56,,,0,100,,45120,56,,,0,30,,45121,56,,,0,169,,45123,56,,,0,97,,45122,56,,,0
15029,'1887',611,,45124,16,,,0,326,,45125,56,,,0,302,,45126,56,,,0,305,,45127,56,,,0,295,,45128,56,,,0
15029,'1888',837,,45132,56,,,0,303,,45133,56,,,0,302,,45131,56,,,0,298,,45130,56,,,0,298,,45129,56,,,0
