13019,'1800',755,,30039,1,,,0,68,,30039,29,4,,0,32,,30040,1,,,0,68,,30040,29,4,,0,32,,30041,1,,,0,68,,30041,29,4,,0,32,,30042,1,,,0,69,,30042,29,4,,0,31,,30043,1,,,0,70,,30043,29,4,,0,30,,36656,1,,,0,70,,36656,29,4,,0,30,,30045,1,,,0,70,,30045,29,4,,0,30,,30046,1,,,0,70,,30046,29,4,,0,30,,30047,1,,,0,70,,30047,29,4,,0,30,,30048,1,,,0,68,,30048,29,4,,0,32,,30049,1,,,0,68,,30049,29,4,,0,32,,30050,1,,,0,68,,30050,29,4,,0,32,,36657,1,,,0,67,,36657,29,4,,0,33,,36658,1,,,0,67,,36658,29,4,,0,33,,36655,1,,,0,67,,36655,29,4,,0
13019,'1838',755,,36660,1,,,0,68,,36660,29,4,,0,32,,36661,1,,,0,68,,36661,29,4,,0,32,,36662,1,,,0,68,,36662,29,4,,0,32,,36663,1,,,0,69,,36663,29,4,,0,31,,36664,1,,,0,70,,36664,29,4,,0,30,,36665,1,,,0,70,,36665,29,4,,0,30,,36666,1,,,0,70,,36666,29,4,,0,30,,36667,1,,,0,70,,36667,29,4,,0,30,,36668,1,,,0,70,,36668,29,4,,0,30,,36669,1,,,0,68,,36669,29,4,,0,32,,36670,1,,,0,68,,36670,29,4,,0,32,,36671,1,,,0,68,,36671,29,4,,0,32,,36672,1,,,0,67,,36672,29,4,,0,33,,36673,1,,,0,67,,36673,29,4,,0,33,,36659,1,,,0,67,,36659,29,4,,0
13019,'1850',607,,30099,1,,,0,25,,30099,29,4,,0,5,,30100,1,,,0,66,,30100,29,4,,0,2,,30101,1,,,0,28,,30101,29,4,,0,2,,30102,1,,,0,68,,30102,29,4,,0,28,,30103,1,,,0,28,,30103,29,4,,0,72,,30104,1,,,0,28,,30104,29,4,,0,72,,30105,1,,,0,28,,30105,29,4,,0,72,,30106,1,,,0,28,,30106,29,4,,0,72,,30107,1,,,0,28,,30107,29,4,,0,72,,30108,1,,,0,28,,30108,29,4,,0,41,,30109,1,,,0,29,,30109,29,4,,0,2,,30110,1,,,0,69,,30110,29,4,,0,1,,30111,1,,,0,31,,30121,1,,,0,70,,30112,1,,,0,1,,30121,29,4,,0,29,,30122,1,,,0,1,,30112,29,4,,0,69,,30113,1,,,0,1,,30122,29,4,,0,29,,30120,1,,,0,1,,30113,29,4,,0,70,,30120,29,4,,0,29,,30114,1,,,0,68,,30114,29,4,,0,32,,30119,1,,,0,68,,30119,29,4,,0,32,,30118,1,,,0,27,,30118,29,4,,0,71,,30117,1,,,0,27,,30117,29,4,,0,71,,30115,8,4,,0,2,,30116,1,,,0,27,,30116,29,4,,0
13019,'1859',655,,30068,1,,,0,67,,30068,29,4,,0,333,,30072,1,,,0,69,,30072,29,4,,0,131,,30074,1,,,0,70,,30074,29,4,,0,30,,30075,1,,,0,70,,30075,29,4,,0,430,,30080,1,,,0,68,,30080,29,4,,0,132,,30082,1,,,0,67,,30082,29,4,,0,133,,30083,1,,,0,67,,30083,29,4,,0
13019,'1861',755,,30085,1,,,0,68,,30085,29,4,,0,32,,30086,1,,,0,68,,30086,29,4,,0,32,,30087,1,,,0,68,,30087,29,4,,0,32,,30088,1,,,0,69,,30088,29,4,,0,31,,30089,1,,,0,70,,30089,29,4,,0,130,,30091,1,,,0,70,,30091,29,4,,0,30,,30092,1,,,0,70,,30092,29,4,,0,30,,30093,1,,,0,70,,30093,29,4,,0,30,,30094,1,,,0,68,,30094,29,4,,0,32,,30095,1,,,0,68,,30095,29,4,,0,32,,30096,1,,,0,68,,30096,29,4,,0
13019,'1862',755,,36674,1,,,0,68,,36674,29,4,,0,32,,36675,1,,,0,68,,36675,29,4,,0,32,,36676,1,,,0,68,,36676,29,4,,0,132,,36677,1,,,0,70,,36677,29,4,,0,230,,36678,1,,,0,70,,36678,29,4,,0,30,,36679,1,,,0,70,,36679,29,4,,0,30,,36680,1,,,0,68,,36680,29,4,,0,32,,36681,1,,,0,68,,36681,29,4,,0,132,,36682,1,,,0,67,,36682,29,4,,0
13019,'1863',1255,,36684,1,,,0,70,,36684,29,4,,0,630,,36685,1,,,0,67,,36685,29,4,,0,33,,36686,1,,,0,67,,36686,29,4,,0,33,,36683,1,,,0,67,,36683,29,4,,0
13019,'1864',607,,30123,1,,,0,25,,30123,29,4,,0,5,,30124,1,,,0,66,,30124,29,4,,0,2,,30125,1,,,0,28,,30125,29,4,,0,2,,30126,1,,,0,68,,30126,29,4,,0,28,,30127,1,,,0,28,,30127,29,4,,0,72,,30128,1,,,0,28,,30128,29,4,,0,72,,36687,1,,,0,28,,36687,29,4,,0,72,,30130,1,,,0,28,,30130,29,4,,0,72,,36688,1,,,0,28,,36688,29,4,,0,72,,36689,1,,,0,28,,36689,29,4,,0,41,,36690,1,,,0,29,,36690,29,4,,0,2,,36691,1,,,0,69,,36691,29,4,,0,1,,30135,1,,,0,31,,30135,29,4,,0,70,,36692,1,,,0,1,,36697,29,4,,0,29,,36698,1,,,0,1,,36692,29,4,,0,69,,36693,1,,,0,1,,36698,29,4,,0,29,,30144,1,,,0,1,,36693,29,4,,0,70,,30144,29,4,,0,29,,36694,1,,,0,68,,36694,29,4,,0,32,,30143,1,,,0,68,,30143,29,4,,0,32,,30142,1,,,0,27,,30142,29,4,,0,71,,30141,1,,,0,27,,30141,29,4,,0,71,,36695,8,4,,0,2,,36696,1,,,0,27,,36696,29,4,,0
13019,'1865',607,,36699,1,,,0,25,,36699,29,4,,0,5,,36700,1,,,0,66,,36700,29,4,,0,2,,36701,1,,,0,28,,36701,29,4,,0,2,,36702,1,,,0,68,,36702,29,4,,0,28,,36703,1,,,0,28,,36703,29,4,,0,72,,36704,1,,,0,28,,36704,29,4,,0,72,,36705,1,,,0,28,,36705,29,4,,0,72,,36706,1,,,0,28,,36706,29,4,,0,72,,36707,1,,,0,28,,36707,29,4,,0,72,,36708,1,,,0,28,,36708,29,4,,0,41,,36709,1,,,0,29,,36709,29,4,,0,2,,36710,1,,,0,69,,36710,29,4,,0,1,,36711,1,,,0,31,,36711,29,4,,0,70,,36712,1,,,0,1,,36721,29,4,,0,29,,36722,1,,,0,1,,36712,29,4,,0,69,,36713,1,,,0,1,,36722,29,4,,0,29,,36720,1,,,0,1,,36713,29,4,,0,70,,36720,29,4,,0,29,,36714,1,,,0,68,,36714,29,4,,0,32,,36719,1,,,0,68,,36719,29,4,,0,32,,36718,1,,,0,27,,36718,29,4,,0,71,,36717,1,,,0,27,,36717,29,4,,0,71,,36715,8,4,,0,2,,36716,1,,,0,27,,36716,29,4,,0
13019,'1866',655,,36723,1,,,0,67,,36723,29,4,,0,33,,36724,1,,,0,68,,36724,29,4,,0,32,,36725,1,,,0,68,,36725,29,4,,0,32,,36726,1,,,0,68,,36726,29,4,,0,32,,36727,1,,,0,69,,36727,29,4,,0,31,,36728,1,,,0,70,,36728,29,4,,0,30,,36729,1,,,0,70,,36729,29,4,,0,30,,36730,1,,,0,70,,36730,29,4,,0,30,,36731,1,,,0,70,,36731,29,4,,0,30,,36732,1,,,0,70,,36732,29,4,,0,30,,36733,1,,,0,68,,36733,29,4,,0,32,,36734,1,,,0,68,,36734,29,4,,0,32,,36735,1,,,0,68,,36735,29,4,,0,32,,36736,1,,,0,67,,36736,29,4,,0,33,,36737,1,,,0,67,,36737,29,4,,0,133,,36738,1,,,0,67,,36738,29,4,,0
13019,'1867',755,,36740,1,,,0,68,,36740,29,4,,0,32,,36741,1,,,0,68,,36741,29,4,,0,32,,36742,1,,,0,68,,36742,29,4,,0,32,,36743,1,,,0,69,,36743,29,4,,0,31,,36744,1,,,0,70,,36744,29,4,,0,30,,36745,1,,,0,70,,36745,29,4,,0,30,,36746,1,,,0,70,,36746,29,4,,0,30,,36747,1,,,0,70,,36747,29,4,,0,30,,36748,1,,,0,70,,36748,29,4,,0,30,,36749,1,,,0,68,,36749,29,4,,0,32,,36750,1,,,0,68,,36750,29,4,,0,32,,36751,1,,,0,68,,36751,29,4,,0,32,,36752,1,,,0,67,,36752,29,4,,0,33,,36753,1,,,0,67,,36753,29,4,,0,33,,36739,1,,,0,67,,36739,29,4,,0
15029,'1800',752,,30405,79,4,,0,98,,30401,79,4,,0,102,,30402,79,4,,0,100,,30403,79,4,,0,103,,30404,79,4,,0,100,,30400,79,4,,0,100,,30397,79,4,,0,102,,30398,79,4,,0,100,,30399,79,4,,0,98,,30396,79,4,,0,99,,30393,79,4,,0,99,,30394,79,4,,0,99,,30395,79,4,,0,100,,30392,79,4,,0
15029,'1838',752,,36977,79,4,,0,98,,36973,79,4,,0,102,,36974,79,4,,0,100,,36975,79,4,,0,103,,36976,79,4,,0,100,,36972,79,4,,0,100,,36969,79,4,,0,102,,36970,79,4,,0,100,,36971,79,4,,0,98,,36968,79,4,,0,99,,36965,79,4,,0,99,,36966,79,4,,0,99,,36967,79,4,,0,100,,36964,79,4,,0
15029,'1861',752,,30448,79,4,,0,98,,30444,79,4,,0,102,,30445,79,4,,0,100,,30446,79,4,,0,103,,30447,79,4,,0,100,,30443,79,4,,0,100,,30440,79,4,,0,102,,30441,79,4,,0,100,,30442,79,4,,0,98,,30439,79,4,,0,99,,30436,79,4,,0,99,,30437,79,4,,0,99,,30438,79,4,,0,100,,30435,79,4,,0
15029,'1867',752,,37054,79,4,,0,98,,37050,79,4,,0,102,,37051,79,4,,0,100,,37052,79,4,,0,103,,37053,79,4,,0,100,,37049,79,4,,0,100,,37046,79,4,,0,102,,37047,79,4,,0,100,,37048,79,4,,0,98,,37045,79,4,,0,99,,37042,79,4,,0,99,,37043,79,4,,0,99,,37044,79,4,,0,100,,37041,79,4,,0
