501029,'1799',719,,22696,12,,,0,100,,22695,12,,,0,100,,22698,12,,,0,190,,22718,12,,,0,45,,22676,12,,,0,155,,22713,12,,,0,45,,22671,12,,,0,155,,22709,12,,,0,46,,22669,12,,,0,155,,22705,12,,,0,45,,22672,12,,,0,184,,22715,12,,,0,10,,22681,12,,,0,299,,22678,12,,,0,95,,22677,12,,,0
501029,'1800',649,,26431,12,,,0,70,,22750,12,,,0,30,,26430,12,,,0,70,,22749,12,,,0,30,,26429,12,,,0,70,,22752,12,,,0,30,,26432,12,,,0,75,,26440,12,,,0,15,,26453,12,,,0,15,,26425,12,,,0,55,,22772,12,,,0,15,,26433,12,,,0,15,,26457,12,,,0,15,,22730,12,,,0,55,,26448,12,,,0,15,,26434,12,,,0,15,,26450,12,,,0,15,,26422,12,,,0,55,,22767,12,,,0,15,,26439,12,,,0,15,,26454,12,,,0,15,,22725,12,,,0,55,,26458,12,,,0,15,,26438,12,,,0,15,,26447,12,,,0,15,,26423,12,,,0,55,,22763,12,,,0,15,,26436,12,,,0,16,,26452,12,,,0,15,,22723,12,,,0,55,,26455,12,,,0,15,,26435,12,,,0,15,,26456,12,,,0,15,,26424,12,,,0,55,,22759,12,,,0,15,,26437,12,,,0,15,,26449,12,,,0,15,,22726,12,,,0,55,,26451,12,,,0,15,,26443,12,,,0,30,,26428,12,,,0,69,,26446,12,,,0,15,,22769,12,,,0,10,,22735,12,,,0,69,,26442,12,,,0,30,,26427,12,,,0,70,,26444,12,,,0,30,,26426,12,,,0,70,,26445,12,,,0,30,,22732,12,,,0,70,,26441,12,,,0,25,,22731,12,,,0
501029,'1829',553,,22484,12,,,0,98,,22485,12,,,0,50,,22551,12,,,0,112,,22490,12,,,0,46,,22494,12,,,0,65,,22496,12,,,0,15,,22497,12,,,0,85,,22500,12,,,0,30,,22502,12,,,0,87,,22505,12,,,0,70,,22507,12,,,0,45,,22510,12,,,0,100,,22514,12,,,0,56,,22515,12,,,0,16,,22516,12,,,0,31,,22482,12,,,0,55,,22483,12,,,0,12,,22518,12,,,0,124,,22525,12,,,0,52,,22526,12,,,0,55,,22531,12,,,0,267,,22541,12,,,0
501029,'1831',1054,,22580,12,,,0,55,,22589,12,,,0,30,,22598,12,,,0,70,,22590,12,,,0,15,,22607,12,,,0,30,,22582,12,,,0,85,,22600,12,,,0,70,,22592,12,,,0,15,,22609,12,,,0,30,,22584,12,,,0,70,,22610,12,,,0,16,,22602,12,,,0,70,,22594,12,,,0,30,,22603,12,,,0,15,,22586,12,,,0,70,,22588,12,,,0,85,,22596,12,,,0,30,,22579,12,,,0,15,,22561,12,,,0,69,,22578,12,,,0,30,,22560,12,,,0,69,,22575,12,,,0,25,,22559,12,,,0,70,,22576,12,,,0,30,,22558,12,,,0,70,,22574,12,,,0,30,,22557,12,,,0,70,,22573,12,,,0,25,,22556,12,,,0
501029,'1832',649,,22631,12,,,0,100,,22630,12,,,0,100,,22629,12,,,0,100,,22632,12,,,0,75,,22640,12,,,0,15,,22660,12,,,0,15,,22621,12,,,0,70,,22633,12,,,0,15,,22666,12,,,0,70,,22653,12,,,0,15,,22634,12,,,0,15,,22656,12,,,0,15,,22616,12,,,0,70,,22639,12,,,0,15,,22662,12,,,0,70,,22667,12,,,0,15,,22638,12,,,0,15,,22652,12,,,0,15,,22619,12,,,0,70,,22636,12,,,0,16,,22658,12,,,0,70,,22663,12,,,0,15,,22635,12,,,0,15,,22665,12,,,0,15,,22620,12,,,0,70,,22637,12,,,0,15,,22654,12,,,0,70,,22657,12,,,0,15,,22647,12,,,0,30,,22628,12,,,0,69,,22650,12,,,0,94,,22646,12,,,0,30,,22626,12,,,0,70,,22648,12,,,0,30,,22625,12,,,0,70,,22649,12,,,0,100,,22645,12,,,0
501029,'1833',719,,22642,12,,,0,100,,22641,12,,,0,100,,22644,12,,,0,190,,22664,12,,,0,45,,22622,12,,,0,155,,22659,12,,,0,45,,22617,12,,,0,155,,22655,12,,,0,46,,22615,12,,,0,155,,22651,12,,,0,45,,22618,12,,,0,184,,22661,12,,,0,10,,22627,12,,,0,299,,22624,12,,,0,95,,22623,12,,,0
501029,'1834',649,,22685,12,,,0,100,,22684,12,,,0,100,,22683,12,,,0,100,,22686,12,,,0,75,,22694,12,,,0,15,,22714,12,,,0,15,,22675,12,,,0,70,,22687,12,,,0,15,,22720,12,,,0,70,,22707,12,,,0,15,,22688,12,,,0,15,,22710,12,,,0,15,,22670,12,,,0,70,,22693,12,,,0,15,,22716,12,,,0,70,,22721,12,,,0,15,,22692,12,,,0,15,,22706,12,,,0,15,,22673,12,,,0,70,,22690,12,,,0,16,,22712,12,,,0,70,,22717,12,,,0,15,,22689,12,,,0,15,,22719,12,,,0,15,,22674,12,,,0,70,,22691,12,,,0,15,,22708,12,,,0,70,,22711,12,,,0,15,,22701,12,,,0,30,,22682,12,,,0,69,,22704,12,,,0,94,,22700,12,,,0,30,,22680,12,,,0,70,,22702,12,,,0,30,,22679,12,,,0,70,,22703,12,,,0,100,,22699,12,,,0
501029,'1835',711,,26459,12,,,0,10,,26460,12,,,0,20,,26461,12,,,0,15,,26462,12,,,0,69,,26463,12,,,0,13,,26464,12,,,0,5,,26506,12,,,0,5,,26465,12,,,0,65,,26466,12,,,0,41,,26467,12,,,0,55,,26468,12,,,0,30,,26469,12,,,0,71,,26470,12,,,0,16,,26471,12,,,0,30,,26472,12,,,0,70,,26473,12,,,0,15,,26474,12,,,0,70,,26475,12,,,0,15,,26476,12,,,0,15,,26477,12,,,0,103,,26478,12,,,0,88,,26505,12,,,0,6,,26479,12,,,0,12,,26480,12,,,0,52,,26481,12,,,0,12,,26482,12,,,0,12,,26483,12,,,0,6,,26507,12,,,0,6,,26484,12,,,0,75,,26485,12,,,0,12,,26486,12,,,0,10,,26487,12,,,0,11,,26488,12,,,0,63,,26489,12,,,0,12,,26490,12,,,0,12,,26491,12,,,0,12,,26492,12,,,0,12,,26493,12,,,0,52,,26494,12,,,0,15,,26495,12,,,0,15,,26496,12,,,0,15,,26497,12,,,0,100,,26498,12,,,0,69,,26499,12,,,0,25,,26500,12,,,0,70,,26501,12,,,0,30,,26502,12,,,0,70,,26503,12,,,0,26,,26504,12,,,0
501029,'1836',649,,26513,12,,,0,75,,26518,12,,,0,15,,26533,12,,,0,15,,26512,12,,,0,70,,26519,12,,,0,30,,26511,12,,,0,70,,26517,12,,,0,30,,26510,12,,,0,55,,26509,12,,,0,15,,26516,12,,,0,15,,26515,12,,,0,85,,26534,12,,,0,30,,26522,12,,,0,85,,26530,12,,,0,70,,26526,12,,,0,15,,26535,12,,,0,30,,26523,12,,,0,85,,26531,12,,,0,70,,26527,12,,,0,46,,26524,12,,,0,70,,26536,12,,,0,85,,26528,12,,,0,30,,26532,12,,,0,15,,26525,12,,,0,70,,26521,12,,,0,84,,26529,12,,,0,30,,26537,12,,,0
501029,'1837',649,,26548,12,,,0,100,,26547,12,,,0,100,,26546,12,,,0,100,,26549,12,,,0,75,,26557,12,,,0,15,,26570,12,,,0,15,,26542,12,,,0,70,,26550,12,,,0,15,,26574,12,,,0,70,,26565,12,,,0,15,,26551,12,,,0,15,,26567,12,,,0,15,,26539,12,,,0,70,,26556,12,,,0,15,,26571,12,,,0,70,,26575,12,,,0,15,,26555,12,,,0,15,,26564,12,,,0,15,,26540,12,,,0,70,,26553,12,,,0,16,,26569,12,,,0,70,,26572,12,,,0,15,,26552,12,,,0,15,,26573,12,,,0,15,,26541,12,,,0,70,,26554,12,,,0,15,,26566,12,,,0,70,,26568,12,,,0,15,,26560,12,,,0,30,,26545,12,,,0,69,,26563,12,,,0,94,,26559,12,,,0,30,,26544,12,,,0,70,,26561,12,,,0,30,,26543,12,,,0,70,,26562,12,,,0,100,,26558,12,,,0
501029,'1838',649,,26586,12,,,0,100,,26585,12,,,0,100,,26584,12,,,0,100,,26587,12,,,0,75,,26595,12,,,0,15,,26608,12,,,0,15,,26580,12,,,0,70,,26588,12,,,0,15,,26612,12,,,0,70,,26603,12,,,0,15,,26589,12,,,0,15,,26605,12,,,0,15,,26577,12,,,0,70,,26594,12,,,0,15,,26609,12,,,0,70,,26613,12,,,0,15,,26593,12,,,0,15,,26602,12,,,0,15,,26578,12,,,0,70,,26591,12,,,0,16,,26607,12,,,0,70,,26610,12,,,0,15,,26590,12,,,0,15,,26611,12,,,0,15,,26579,12,,,0,70,,26592,12,,,0,15,,26604,12,,,0,70,,26606,12,,,0,15,,26598,12,,,0,30,,26583,12,,,0,69,,26601,12,,,0,94,,26597,12,,,0,30,,26582,12,,,0,70,,26599,12,,,0,30,,26581,12,,,0,70,,26600,12,,,0,100,,26596,12,,,0
