15019,'1800',737,,30284,47,,,0,100,,30282,47,,,0,100,,30285,47,,,0,101,,30283,47,,,0,100,,30280,47,,,0,100,,30278,47,,,0,101,,30281,47,,,0,100,,30279,47,,,0,100,,30276,47,,,0,99,,30277,47,,,0,100,,30274,47,,,0,100,,30275,47,,,0,100,,30273,47,,,0,99,,30286,47,,,0
15019,'1838',737,,36885,47,,,0,100,,36883,47,,,0,100,,36886,47,,,0,101,,36884,47,,,0,100,,36881,47,,,0,100,,36879,47,,,0,101,,36882,47,,,0,100,,36880,47,,,0,100,,36877,47,,,0,99,,36878,47,,,0,100,,36875,47,,,0,100,,36876,47,,,0,100,,36874,47,,,0,99,,36887,47,,,0
15019,'1850',609,,30330,13,0,5 2 6 7,0,94,,30331,47,,,0,30,,30332,47,,,0,76,,30333,47,,,0,31,,30334,47,,,0,65,,30335,47,,,0,30,,30336,47,,,0,70,,30337,47,,,0,30,,30338,47,,,0,70,,30339,47,,,0,30,,30340,47,,,0,70,,30341,47,,,0,30,,30342,47,,,0,70,,30343,47,,,0,30,,30344,47,,,0,70,,30345,47,,,0,30,,30346,47,,,0,72,,30347,47,,,0,30,,30348,47,,,0,70,,30349,47,,,0,30,,30350,47,,,0,69,,30351,47,,,0,30,,30352,47,,,0,67,,30353,47,,,0,30,,30354,47,,,0,70,,30355,47,,,0,30,,30356,47,,,0,70,,30357,47,,,0,100,,30358,47,,,0,98,,30359,47,,,0,100,,30360,47,0,5 2 6 7,0
15019,'1859',737,,30301,47,,,0,100,,30302,47,,,0,100,,30303,47,,,0,101,,30304,47,,,0,100,,30305,47,,,0,100,,30306,47,,,0,102,,30307,47,,,0,100,,30308,47,,,0,100,,30309,47,,,0,98,,30310,47,,,0,100,,30311,47,,,0,100,,30312,47,,,0,100,,30313,47,,,0,99,,30314,47,,,0
15019,'1861',737,,30327,47,,,0,100,,30325,47,,,0,100,,30328,47,,,0,101,,30326,47,,,0,100,,30323,47,,,0,100,,30321,47,,,0,101,,30324,47,,,0,100,,30322,47,,,0,100,,30319,47,,,0,99,,30320,47,,,0,100,,30317,47,,,0,100,,30318,47,,,0,100,,30316,47,,,0,99,,30329,47,,,0
15019,'1862',610,,36888,13,0,5 2 6 7,0
15019,'1864',609,,30361,13,0,5 2 6 7,0,94,,30362,47,,,0,30,,36889,47,,,0,76,,30364,47,,,0,31,,30365,47,,,0,65,,30366,47,,,0,30,,30367,47,,,0,70,,30368,47,,,0,30,,36890,47,,,0,70,,36891,47,,,0,30,,36892,47,,,0,70,,36893,47,,,0,30,,36894,47,,,0,70,,36895,47,,,0,30,,30375,47,,,0,70,,36896,47,,,0,30,,30377,47,,,0,72,,30378,47,,,0,30,,36897,47,,,0,70,,36898,47,,,0,30,,30381,47,,,0,69,,30382,47,,,0,30,,30383,47,,,0,67,,30384,47,,,0,30,,30385,47,,,0,70,,36899,47,,,0,30,,36900,47,,,0,70,,30388,47,,,0,100,,36901,47,,,0,98,,36902,47,,,0,100,,36903,47,0,5 2 6 7,0
15019,'1865',609,,36904,13,0,5 2 6 7,0,94,,36905,47,,,0,30,,36906,47,,,0,76,,36907,47,,,0,31,,36908,47,,,0,65,,36909,47,,,0,30,,36910,47,,,0,70,,36911,47,,,0,30,,36912,47,,,0,70,,36913,47,,,0,30,,36914,47,,,0,70,,36915,47,,,0,30,,36916,47,,,0,70,,36917,47,,,0,30,,36918,47,,,0,70,,36919,47,,,0,30,,36920,47,,,0,72,,36921,47,,,0,30,,36922,47,,,0,70,,36923,47,,,0,30,,36924,47,,,0,69,,36925,47,,,0,30,,36926,47,,,0,67,,36927,47,,,0,30,,36928,47,,,0,70,,36929,47,,,0,30,,36930,47,,,0,70,,36931,47,,,0,100,,36932,47,,,0,98,,36933,47,,,0,100,,36934,47,0,5 2 6 7,0
15019,'1866',610,,36949,13,0,5 2 6 7,0,127,,36935,47,,,0,100,,36936,47,,,0,100,,36937,47,,,0,101,,36938,47,,,0,100,,36939,47,,,0,100,,36940,47,,,0,102,,36941,47,,,0,100,,36942,47,,,0,100,,36943,47,,,0,98,,36944,47,,,0,100,,36945,47,,,0,100,,36946,47,,,0,100,,36947,47,,,0,99,,36948,47,,,0
15019,'1867',737,,36961,47,,,0,100,,36959,47,,,0,100,,36962,47,,,0,101,,36960,47,,,0,100,,36957,47,,,0,100,,36955,47,,,0,101,,36958,47,,,0,100,,36956,47,,,0,100,,36953,47,,,0,99,,36954,47,,,0,100,,36951,47,,,0,100,,36952,47,,,0,100,,36950,47,,,0,99,,36963,47,,,0
