60029,'1794',629,,11657,9,,,0,24,,11642,9,,,0,70,,11656,9,,,0,30,,11641,9,,,0,70,,11654,9,,,0,30,,11640,9,,,0,70,,11655,9,,,0,30,,11639,9,,,0,69,,11653,9,,,0,30,,11638,9,,,0,70,,11652,9,,,0,30,,11637,9,,,0,70,,11651,9,,,0,30,,11636,9,,,0,70,,11650,9,,,0,30,,11635,9,,,0,70,,11649,9,,,0,30,,11634,9,,,0,70,,11648,9,,,0,30,,11633,9,,,0,70,,11647,9,,,0,30,,11632,9,,,0,70,,11646,9,,,0,30,,11631,9,,,0,70,,11645,9,,,0,30,,11630,9,,,0,70,,11644,9,,,0,30,,11629,9,,,0,70,,11643,9,,,0,30,,11628,9,,,0
702019,'1791',705,,13014,9,,,0,24,,13048,9,,,0,22,,13015,9,,,0,79,,13017,9,,,0,17,,13049,9,,,0,12,,13047,9,,,0,68,,13018,9,,,0,30,,13019,9,,,0,70,,13020,9,,,0,100,,13021,9,,,0,100,,13023,9,,,0,200,,13027,9,,,0,98,,13050,9,,,0,219,,13034,9,,,0,83,,13036,9,,,0,99,,13038,9,,,0,30,,13039,9,,,0,100,,13041,9,,,0,70,,13042,9,,,0,99,,13044,9,,,0,120,,13052,9,,,0
702019,'1794',1056,,12986,9,,,0,200,,12971,9,,,0
702019,'1808',655,,13080,9,,,0,71,,13082,9,,,0,100,,13079,9,,,0,30,,13081,9,,,0,100,,13086,9,,,0,170,,13066,9,,,0
702019,'1809',655,,16093,9,,,0,71,,16083,9,,,0,30,,16103,9,,,0,70,,16089,9,,,0,30,,16082,9,,,0,70,,16102,9,,,0,30,,16092,9,,,0,70,,16081,9,,,0,30,,13114,9,,,0,70,,16088,9,,,0,30,,16080,9,,,0,70,,16094,9,,,0,30,,13099,9,,,0,70,,16079,9,,,0,30,,16101,9,,,0,70,,16087,9,,,0,30,,16078,9,,,0,70,,16098,9,,,0,30,,16091,9,,,0,70,,16077,9,,,0,30,,16097,9,,,0,70,,16086,9,,,0,30,,16076,9,,,0,70,,16096,9,,,0,30,,16085,9,,,0,70,,16075,9,,,0,30,,16100,9,,,0,70,,16084,9,,,0,30,,16074,9,,,0,69,,16099,9,,,0,30,,16090,9,,,0,70,,16073,9,,,0,30,,16095,9,,,0,65,,16104,9,,,0,25,,16105,9,,,0
702019,'1813',756,,13085,9,,,0,170,,13083,9,,,0,100,,13084,9,,,0,30,,13059,9,,,0,100,,13073,9,,,0,70,,13053,9,,,0,30,,13060,9,,,0,70,,13067,9,,,0,30,,13074,9,,,0,70,,13054,9,,,0,30,,13061,9,,,0,70,,13068,9,,,0,30,,13075,9,,,0,70,,13055,9,,,0,30,,13062,9,,,0,70,,13069,9,,,0,30,,13076,9,,,0,70,,13056,9,,,0,30,,13063,9,,,0,70,,13070,9,,,0,30,,13077,9,,,0,70,,13057,9,,,0,30,,13064,9,,,0,69,,13071,9,,,0,30,,13078,9,,,0,70,,13058,9,,,0,30,,13065,9,,,0,65,,13072,9,,,0,25,,13087,9,,,0
702019,'1814',655,,12981,9,,,0,71,,12970,9,,,0,30,,12992,9,,,0,70,,12977,9,,,0,30,,12969,9,,,0,70,,12991,9,,,0,30,,12980,9,,,0,70,,12968,9,,,0,100,,12976,9,,,0,30,,12967,9,,,0,70,,12982,9,,,0,100,,12966,9,,,0,30,,12990,9,,,0,70,,12975,9,,,0,30,,12965,9,,,0,70,,12987,9,,,0,30,,12979,9,,,0,70,,12964,9,,,0,30,,12985,9,,,0,70,,12974,9,,,0,30,,12963,9,,,0,70,,12984,9,,,0,30,,12973,9,,,0,70,,12962,9,,,0,30,,12989,9,,,0,70,,12972,9,,,0,30,,12961,9,,,0,69,,12988,9,,,0,30,,12978,9,,,0,70,,12960,9,,,0,30,,12983,9,,,0,65,,12993,9,,,0,25,,12994,9,,,0
702019,'1815',640,,16106,9,,,0,167,,16107,9,,,0,350,,16108,9,,,0,100,,16109,9,,,0,70,,16110,9,,,0,30,,16111,9,,,0,143,,16112,9,,,0,45,,16113,9,,,0,60,,16114,9,,,0,20,,16115,9,,,0,20,,16116,9,,,0,59,,16124,9,,,0,20,,16117,9,,,0,78,,16118,9,,,0,55,,16119,9,,,0,169,,16120,9,,,0,130,,16121,9,,,0,99,,16122,9,,,0,65,,16123,9,,,0
702019,'1816',756,,16152,9,,,0,170,,16150,9,,,0,100,,16151,9,,,0,30,,16131,9,,,0,100,,16144,9,,,0,70,,16125,9,,,0,30,,16132,9,,,0,70,,16138,9,,,0,30,,16145,9,,,0,70,,16126,9,,,0,30,,16133,9,,,0,70,,16139,9,,,0,30,,16146,9,,,0,70,,16127,9,,,0,30,,16134,9,,,0,70,,16140,9,,,0,30,,16147,9,,,0,70,,16128,9,,,0,30,,16135,9,,,0,70,,16141,9,,,0,30,,16148,9,,,0,70,,16129,9,,,0,30,,16136,9,,,0,69,,16142,9,,,0,30,,16149,9,,,0,70,,16130,9,,,0,30,,16137,9,,,0,65,,16143,9,,,0,25,,16153,9,,,0
702019,'1817',655,,16174,9,,,0,71,,16164,9,,,0,30,,16184,9,,,0,70,,16170,9,,,0,30,,16163,9,,,0,70,,16183,9,,,0,30,,16173,9,,,0,70,,16162,9,,,0,100,,16169,9,,,0,30,,16161,9,,,0,70,,16175,9,,,0,100,,16160,9,,,0,30,,16182,9,,,0,70,,16168,9,,,0,30,,16159,9,,,0,70,,16179,9,,,0,30,,16172,9,,,0,70,,16158,9,,,0,30,,16178,9,,,0,70,,16167,9,,,0,30,,16157,9,,,0,70,,16177,9,,,0,30,,16166,9,,,0,70,,16156,9,,,0,30,,16181,9,,,0,70,,16165,9,,,0,30,,16155,9,,,0,69,,16180,9,,,0,30,,16171,9,,,0,70,,16154,9,,,0,30,,16176,9,,,0,65,,16185,9,,,0,25,,16186,9,,,0
