7019,'1838',733,,35957,7,,,0,101,,35958,7,,,0,100,,44517,7,,,0,100,,35959,7,,,0,100,,35960,7,,,0,100,,44515,7,,,0,100,,35962,7,,,0,101,,35963,7,,,0,100,,44516,7,,,0,99,,35965,7,,,0,100,,35953,7,,,0,99,,44513,7,,,0,100,,35952,7,,,0,100,,35956,7,,,0,100,,44514,7,,,0
7019,'1865',531,,44531,7,,,0,103,,44532,7,,,0,70,,44533,7,,,0,32,,36047,7,,,0,70,,36040,7,,,0,32,,36048,7,,,0,68,,44534,7,,,0,30,,42371,7,,,0,70,,42370,7,,,0,30,,42372,7,,,0,70,,36043,7,,,0,30,,36051,7,,,0,70,,36044,7,,,0,30,,44537,7,,,0,70,,44535,7,,,0,30,,42373,7,,,0,71,,44536,7,,,0,31,,44543,7,,,0,73,,42376,7,,,0,28,,36068,7,,,0,70,,44544,7,,,0,30,,44538,7,,,0,68,,44539,7,,,0,30,,42374,7,,,0,70,,44540,7,,,0,28,,36059,7,,,0,70,,36060,7,,,0,29,,44541,7,,,0,70,,44542,7,,,0,30,,36063,7,,,0,100,,36064,7,,,0,99,,36065,7,,,0,100,,42375,7,,,0
7019,'1866',634,,36086,7,,,0,69,,44548,7,,,0,30,,44553,7,,,0,70,,36080,7,,,0,31,,36088,7,,,0,70,,44549,7,,,0,30,,36089,7,,,0,70,,44550,7,,,0,30,,44554,7,,,0,70,,44551,7,,,0,30,,36091,7,,,0,70,,36084,7,,,0,30,,36092,7,,,0,70,,44552,7,,,0,30,,44555,7,,,0,70,,36098,7,,,0,31,,36094,7,,,0,70,,36100,7,,,0,30,,36095,7,,,0,70,,44557,7,,,0,29,,44556,7,,,0,70,,44558,7,,,0,30,,36097,7,,,0,70,,44561,7,,,0,29,,36074,7,,,0,70,,44559,7,,,0,30,,44547,7,,,0,70,,44560,7,,,0,30,,36076,7,,,0,100,,36077,7,,,0,100,,36078,7,,,0
7019,'1867',733,,36113,7,,,0,101,,36114,7,,,0,100,,44568,7,,,0,100,,36115,7,,,0,100,,36116,7,,,0,100,,44566,7,,,0,100,,36118,7,,,0,101,,36119,7,,,0,100,,44567,7,,,0,99,,36121,7,,,0,100,,36109,7,,,0,99,,44564,7,,,0,100,,36108,7,,,0,100,,36112,7,,,0,100,,44565,7,,,0
7019,'1873',634,,29380,7,,,0,169,,29374,7,,,0,31,,29382,7,,,0,100,,29383,7,,,0,200,,29385,7,,,0,70,,29378,7,,,0,30,,29386,7,,,0,170,,29392,7,,,0,31,,29388,7,,,0,70,,29394,7,,,0,30,,29389,7,,,0,199,,29391,7,,,0,99,,29368,7,,,0,200,,29370,7,,,0,100,,29371,7,,,0,100,,29372,7,,,0
7019,'1878',733,,29407,7,,,0,101,,29408,7,,,0,200,,29409,7,,,0,100,,29410,7,,,0,200,,29412,7,,,0,101,,29413,7,,,0,199,,29415,7,,,0,100,,29403,7,,,0,199,,29402,7,,,0,100,,29406,7,,,0
7019,'1881',531,,36014,7,,,0,103,,36015,7,,,0,70,,29478,7,,,0,202,,36016,7,,,0,330,,36022,7,,,0,70,,36018,7,,,0,101,,36019,7,,,0,31,,36030,7,,,0,171,,36032,7,,,0,30,,36024,7,,,0,68,,36026,7,,,0,100,,36028,7,,,0,127,,36029,7,,,0,70,,29501,7,,,0
7019,'1882',736,,29486,7,,,0,70,,29479,7,,,0,32,,29487,7,,,0,98,,42396,7,,,0,70,,42395,7,,,0,30,,42397,7,,,0,70,,29482,7,,,0,30,,29490,7,,,0,70,,29483,7,,,0,130,,42398,7,,,0,175,,42401,7,,,0,28,,29507,7,,,0,198,,42399,7,,,0,98,,29498,7,,,0,70,,29499,7,,,0,129,,29502,7,,,0,100,,29503,7,,,0,99,,29504,7,,,0,100,,42400,7,,,0
7019,'1886',531,,44582,7,,,0,103,,44583,7,,,0,70,,44584,7,,,0,202,,44585,7,,,0,330,,44588,7,,,0,70,,44586,7,,,0,101,,44587,7,,,0,31,,44594,7,,,0,171,,44595,7,,,0,30,,44589,7,,,0,68,,44590,7,,,0,100,,44591,7,,,0,127,,44592,7,,,0,70,,44593,7,,,0
7019,'1887',703,,44599,7,,,0,30,,44604,7,,,0,171,,44600,7,,,0,100,,44601,7,,,0,30,,44605,7,,,0,70,,44602,7,,,0,200,,44603,7,,,0,30,,44606,7,,,0,271,,44608,7,,,0,29,,44607,7,,,0,70,,44609,7,,,0,100,,44612,7,,,0,99,,44610,7,,,0,30,,44598,7,,,0,70,,44611,7,,,0
7019,'1888',934,,44619,7,,,0,300,,44617,7,,,0,301,,44618,7,,,0,298,,44615,7,,,0,300,,44616,7,,,0
