1029,'1817',620,,16625,41,,,0,100,,16626,41,,,0,100,,16627,41,,,0,100,,16628,41,,,0,100,,16629,41,,,0,100,,16630,41,,,0,100,,16631,41,,,0,100,,16632,41,,,0,100,,16633,41,,,0,100,,16634,41,,,0,100,,16635,41,,,0,100,,16636,41,,,0,100,,16637,41,,,0,100,,16638,41,,,0,100,,16639,41,,,0,100,,16640,41,,,0,100,,16641,41,,,0,95,,16642,41,,,0
1029,'1820',620,,9387,41,,,0,105,,9407,41,,,0,30,,9384,41,,,0,71,,13781,41,,,0,30,,13794,41,,,0,69,,9382,41,,,0,30,,9389,41,,,0,71,,13792,41,,,0,30,,13783,41,,,0,70,,9378,41,,,0,30,,13793,41,,,0,70,,9383,41,,,0,30,,13784,41,,,0,70,,13791,41,,,0,30,,9385,41,,,0,70,,9380,41,,,0,30,,9408,41,,,0,70,,13782,41,,,0,30,,13785,41,,,0,70,,13790,41,,,0,30,,13786,41,,,0,70,,9392,41,,,0,30,,9359,41,,,0,64,,9397,41,,,0,30,,9396,41,,,0,70,,13787,41,,,0,30,,9394,41,,,0,70,,9409,41,,,0,30,,9403,41,,,0,70,,13789,41,,,0,30,,9401,41,,,0,70,,13788,41,,,0,30,,9399,41,,,0,65,,9398,41,,,0
1029,'1821',655,,9388,41,,,0
1029,'1823',620,,16652,41,,,0,105,,16672,41,,,0,30,,16649,41,,,0,71,,16644,41,,,0,30,,16676,41,,,0,69,,16647,41,,,0,30,,16653,41,,,0,71,,16671,41,,,0,30,,16651,41,,,0,70,,16643,41,,,0,30,,16675,41,,,0,70,,16648,41,,,0,30,,16654,41,,,0,70,,16670,41,,,0,30,,16650,41,,,0,70,,16645,41,,,0,30,,16673,41,,,0,70,,16646,41,,,0,30,,16655,41,,,0,70,,16669,41,,,0,30,,16658,41,,,0,70,,16657,41,,,0,30,,16656,41,,,0,64,,16662,41,,,0,30,,16661,41,,,0,70,,16660,41,,,0,30,,16659,41,,,0,70,,16674,41,,,0,30,,16668,41,,,0,70,,16667,41,,,0,30,,16666,41,,,0,70,,16665,41,,,0,30,,16664,41,,,0,65,,16663,41,,,0
1029,'1824',620,,16682,41,,,0,30,,16694,41,,,0,70,,16701,41,,,0,30,,16689,41,,,0,70,,16710,41,,,0,30,,16698,41,,,0,69,,16681,41,,,0,31,,16693,41,,,0,70,,16704,41,,,0,30,,16688,41,,,0,70,,16711,41,,,0,30,,16697,41,,,0,70,,16680,41,,,0,30,,16692,41,,,0,70,,16703,41,,,0,30,,16687,41,,,0,70,,16683,41,,,0,30,,16696,41,,,0,70,,16679,41,,,0,30,,16691,41,,,0,70,,16699,41,,,0,30,,16686,41,,,0,70,,16708,41,,,0,30,,16695,41,,,0,70,,16678,41,,,0,30,,16690,41,,,0,70,,16702,41,,,0,30,,16684,41,,,0,70,,16706,41,,,0,30,,16705,41,,,0,70,,16677,41,,,0,30,,16685,41,,,0,70,,16700,41,,,0,30,,16709,41,,,0,65,,16707,41,,,0
2029,'1816',605,,5908,38,0,5 2 15 16 17,0,30,,5891,38,,,0,70,,5898,38,,,0,30,,5877,38,,,0,70,,5883,38,,,0,30,,5892,38,,,0,70,,5899,38,,,0,30,,5878,38,,,0,70,,5884,38,,,0,30,,5893,38,,,0,70,,5900,38,,,0,30,,5879,38,,,0,70,,5885,38,,,0,30,,5894,38,,,0,70,,5901,38,,,0,30,,5880,38,,,0,70,,5886,38,,,0,30,,5895,38,,,0,70,,5902,38,,,0,30,,5881,38,,,0,70,,5887,38,,,0,30,,5896,38,,,0,70,,5903,38,,,0,30,,5882,38,,,0,70,,5888,38,,,0,30,,5897,38,,,0,70,,5904,38,,,0,30,,5889,38,,,0,100,,5905,38,,,0,100,,5890,38,,,0,100,,5906,38,,,0
2029,'1817',635,,9443,38,,,0,70,,9451,38,,,0,30,,9462,38,,,0,70,,9457,38,,,0,30,,9444,38,,,0,70,,9452,38,,,0,30,,9463,38,,,0,70,,9458,38,,,0,30,,9445,38,,,0,70,,9453,38,,,0,30,,9464,38,,,0,70,,9459,38,,,0,30,,9446,38,,,0,70,,9454,38,,,0,30,,9465,38,,,0,70,,9460,38,,,0,30,,9447,38,,,0,70,,9455,38,,,0,30,,9466,38,,,0,70,,9461,38,,,0,30,,9448,38,,,0,70,,9456,38,,,0,30,,9467,38,,,0,100,,9449,38,,,0,100,,9468,38,,,0,100,,9450,38,,,0,100,,9469,38,,,0,100,,9442,38,,,0
2029,'1821',538,,5868,23,,,0,67,,5842,38,,,0,30,,5843,38,,,0,70,,5844,38,,,0,30,,5845,38,,,0,70,,5846,38,,,0,30,,5847,38,,,0,70,,5848,38,,,0,30,,5849,38,,,0,70,,5850,38,,,0,30,,5851,38,,,0,70,,5852,38,,,0,30,,5853,38,,,0,70,,5854,38,,,0,30,,5855,38,,,0,70,,5856,38,,,0,30,,5857,38,,,0,70,,5858,38,,,0,30,,5859,38,,,0,70,,5860,38,,,0,30,,5861,38,,,0,70,,5862,38,,,0,30,,5863,38,,,0,70,,5864,38,,,0,31,,5865,38,,,0,69,,5866,38,,,0,30,,5867,38,,,0,70,,5871,38,,,0,30,,5872,38,,,0,100,,5873,38,,,0,100,,5874,38,,,0,100,,5870,38,,,0
12029,'1820',645,,10421,17,,,0,70,,14429,17,,,0,30,,14425,17,,,0,70,,10429,17,,,0,30,,14426,17,,,0,70,,10408,8,,,0,30,,14419,8,,,0,70,,14420,8,,,0,30,,10411,8,,,0,70,,10412,8,,,0,30,,10413,8,,,0,70,,14421,8,,,0,30,,14422,8,,,0,70,,14423,8,,,0,30,,14424,8,,,0,70,,10418,8,,,0,30,,10407,17,,,0,71,,10427,17,,,0,30,,10419,17,,,0,70,,14428,17,,,0,30,,10420,17,,,0,70,,10430,17,,,0,30,,10424,17,,,0,69,,14427,17,,,0
12029,'1823',645,,17285,17,,,0,70,,17293,17,,,0,30,,17286,17,,,0,70,,17294,17,,,0,30,,17287,17,,,0,70,,17272,8,,,0,30,,17273,8,,,0,70,,17274,8,,,0,30,,17275,8,,,0,70,,17276,8,,,0,30,,17277,8,,,0,70,,17278,8,,,0,30,,17279,8,,,0,70,,17280,8,,,0,30,,17281,8,,,0,70,,17282,8,,,0,30,,17289,17,,,0,71,,17292,17,,,0,30,,17283,17,,,0,70,,17291,17,,,0,30,,17284,17,,,0,70,,17295,17,,,0,30,,17288,17,,,0,69,,17290,17,,,0
14000001029,'1816',2427,,9292,22,,,0,130,,9296,22,,,0
14000001029,'1817',544,,19150,22,0,18 7,0,1813,,19146,22,,,0,70,,13744,22,,,0,30,,19149,22,,,0,70,,19148,22,,,0,30,,13743,22,,,0,70,,19147,22,,,0
14000001029,'1820',443,,13749,22,0,18 7,0,102,,16520,22,0,18 7,0,1812,,16522,22,,,0,100,,16524,22,,,0,70,,16521,22,,,0,100,,16523,22,,,0
14000001029,'1821',2427,,9287,22,,,0,130,,9288,22,,,0
14000001029,'1823',443,,19151,22,0,18 7,0,102,,19152,22,0,18 7,0,1812,,19154,22,,,0,100,,19156,22,,,0,70,,19153,22,,,0,100,,19155,22,,,0
14000001029,'1824',544,,19160,22,0,18 7,0,1813,,19161,22,,,0,100,,19157,22,,,0,70,,19158,22,,,0,100,,19159,22,,,0
