22019,'1791',604,,11333,12,0,19 2 24 1 25 26,0,22,,11335,12,0,19 2 24 1 25 26,0,32,,11305,12,0,19 2 24 1 25 26,0,70,,11306,12,0,19 2 24 1 25 26,0,74,,11307,14,,,0,30,,11308,14,,,0,70,,11309,14,,,0,128,,11312,14,,,0,70,,11313,14,,,0,131,,11316,14,,,0,101,,11318,14,,,0,172,,11321,14,,,0,30,,11322,14,,,0,68,,11334,14,,,0,226,,11327,14,,,0,30,,11264,14,,,0,167,,11330,14,,,0,30,,11331,14,,,0
22019,'1794',1750,,11276,12,0,19 2 24 1 25 26,0,200,,11278,12,0,19 2 24 1 25 26,0
22019,'1808',628,,11255,12,0,19 2 24 1 25 26,0,24,,11259,12,0,19 2 24 1 25 26,0,70,,11343,12,0,19 2 24 1 25 26,0,30,,11260,12,0,19 2 24 1 25 26,0,70,,11256,12,0,19 2 24 1 25 26,0,33,,11336,14,,,0,72,,11243,14,,,0,30,,11244,14,,,0,70,,11337,14,,,0,30,,11245,14,,,0,70,,11246,14,,,0,30,,11338,14,,,0,70,,11247,14,,,0,31,,11248,14,,,0,70,,11339,14,,,0,30,,11249,14,,,0,70,,11250,14,,,0,31,,11340,14,,,0,70,,11251,14,,,0,30,,11252,14,,,0,70,,11341,14,,,0,28,,11253,14,,,0,70,,11254,14,,,0,28,,11344,12,0,19 2 24 1 25 26,0,70,,11257,12,0,19 2 24 1 25 26,0,30,,11261,12,0,19 2 24 1 25 26,0,69,,11342,12,0,19 2 24 1 25 26,0,30,,11262,12,0,19 2 24 1 25 26,0,69,,11258,12,0,19 2 24 1 25 26,0,30,,11345,12,0,19 2 24 1 25 26,0,70,,11263,12,0,19 2 24 1 25 26,0
22019,'1809',656,,14927,12,0,19 2 24 1 25 26,0,94,,14928,12,0,19 2 24 1 25 26,0,102,,14925,14,,,0,100,,14926,14,,,0,100,,14919,14,,,0,100,,14924,14,,,0,100,,14920,14,,,0,100,,14921,14,,,0,100,,14918,14,,,0,100,,14922,14,,,0,99,,14923,14,,,0,99,,11357,12,0,19 2 24 1 25 26,0,100,,14929,12,0,19 2 24 1 25 26,0,100,,11359,12,0,19 2 24 1 25 26,0,108,,14930,12,0,19 2 24 1 25 26,0
22019,'1814',656,,11274,12,0,19 2 24 1 25 26,0,94,,11275,12,0,19 2 24 1 25 26,0,102,,11272,14,,,0,100,,11273,14,,,0,100,,11266,14,,,0,100,,11271,14,,,0,100,,11267,14,,,0,100,,11268,14,,,0,100,,11265,14,,,0,100,,11269,14,,,0,99,,11270,14,,,0,199,,11277,12,0,19 2 24 1 25 26,0,208,,11279,12,0,19 2 24 1 25 26,0
22019,'1815',931,,14931,14,,,0,70,,14932,14,,,0,129,,14933,14,,,0,70,,14934,14,,,0,101,,14935,14,,,0,101,,14936,14,,,0,30,,14937,14,,,0,200,,14938,14,,,0,69,,14939,14,,,0,29,,14940,14,,,0,70,,14941,14,,,0,128,,14942,14,,,0,29,,14943,14,,,0,166,,14944,12,0,19 2 24 1 25 26,0
22019,'1817',656,,14954,12,0,19 2 24 1 25 26,0,94,,14955,12,0,19 2 24 1 25 26,0,102,,14952,14,,,0,100,,14953,14,,,0,100,,14946,14,,,0,100,,14951,14,,,0,100,,14947,14,,,0,100,,14948,14,,,0,100,,14945,14,,,0,100,,14949,14,,,0,99,,14950,14,,,0,199,,14956,12,0,19 2 24 1 25 26,0,208,,14957,12,0,19 2 24 1 25 26,0
601019,'1790',609,,8287,2,,,0
601019,'1791',641,,8222,2,,,0,780,,8196,2,,,0,30,,8234,2,,,0
601019,'1808',609,,8252,2,,,0
602019,'1790',635,,8423,16,,,0,67,,8405,17,,,0,30,,8422,17,,,0,70,,8404,17,,,0,30,,8421,17,,,0,70,,8403,17,,,0,30,,8420,17,,,0,70,,8402,17,,,0,30,,8419,17,,,0,70,,8393,17,,,0,31,,8418,17,,,0,70,,8395,17,,,0,30,,8417,17,,,0,70,,8401,17,,,0,30,,8415,17,,,0,70,,8400,17,,,0,30,,8416,17,,,0,70,,8397,17,,,0,30,,8414,17,,,0,70,,8396,17,,,0,30,,8413,17,,,0,70,,8391,17,,,0,30,,8412,17,,,0,70,,8390,17,,,0,30,,8411,17,,,0,70,,8398,17,,,0,30,,8410,17,,,0,70,,8399,17,,,0,29,,8409,17,,,0,70,,8392,17,,,0,30,,8407,17,,,0,70,,8394,17,,,0,30,,8408,17,,,0,70,,8389,17,,,0,30,,8406,17,,,0
602019,'1791',653,,12514,16,0,19 2 11 2 24 1 25 26,0,75,,8339,16,0,19 2 11 2 24 1 25 26,0,15,,12513,16,0,19 2 11 2 24 1 25 26,0,15,,8329,16,0,19 2 11 2 24 1 25 26,0,70,,8334,16,0,19 2 11 2 24 1 25 26,0,15,,12527,16,0,19 2 11 2 24 1 25 26,0,15,,8330,16,0,19 2 11 2 24 1 25 26,0,148,,12502,16,,,0,30,,12503,16,,,0,70,,12504,16,,,0,231,,12509,16,,,0,70,,12510,16,,,0,28,,12511,16,,,0,66,,12521,16,0,19 2 11 2 24 1 25 26,0,13,,8346,16,0,19 2 11 2 24 1 25 26,0,15,,12522,16,0,19 2 11 2 24 1 25 26,0,15,,8345,16,0,19 2 11 2 24 1 25 26,0,15,,12516,16,0,19 2 11 2 24 1 25 26,0,55,,8344,16,0,19 2 11 2 24 1 25 26,0,15,,12520,16,0,19 2 11 2 24 1 25 26,0,15,,8348,16,0,19 2 11 2 24 1 25 26,0,14,,12519,16,0,19 2 11 2 24 1 25 26,0,55,,8343,16,0,19 2 11 2 24 1 25 26,0,14,,12517,16,0,19 2 11 2 24 1 25 26,0,15,,8347,16,0,19 2 11 2 24 1 25 26,0,15,,12515,16,0,19 2 11 2 24 1 25 26,0,55,,8352,16,0,19 2 11 2 24 1 25 26,0,14,,12518,16,0,19 2 11 2 24 1 25 26,0,15,,8342,17,,,0,17,,12492,17,,,0,70,,12493,17,,,0,12,,8349,17,,,0,18,,12498,17,,,0,70,,12496,17,,,0,30,,12497,17,,,0,69,,12501,17,,,0,30,,12494,17,,,0,70,,12499,17,,,0,30,,12495,17,,,0,76,,12500,17,,,0
602019,'1794',2132,,12491,17,,,0,70,,12487,17,,,0,30,,12490,17,,,0,70,,12488,17,,,0,30,,12489,17,,,0
602019,'1808',635,,8388,16,,,0,67,,8370,17,,,0,30,,8387,17,,,0,70,,8369,17,,,0,30,,8386,17,,,0,70,,8368,17,,,0,30,,8385,17,,,0,70,,8367,17,,,0,30,,8384,17,,,0,70,,8366,17,,,0,31,,8383,17,,,0,70,,8364,17,,,0,30,,8382,17,,,0,70,,8365,17,,,0,30,,8380,17,,,0,70,,8363,17,,,0,30,,8381,17,,,0,70,,8356,17,,,0,30,,8379,17,,,0,70,,8357,17,,,0,30,,8378,17,,,0,70,,8355,17,,,0,30,,8377,17,,,0,70,,8358,17,,,0,30,,8376,17,,,0,70,,8361,17,,,0,30,,8374,17,,,0,70,,8362,17,,,0,29,,8375,17,,,0,70,,8360,17,,,0,30,,8372,17,,,0,70,,8359,17,,,0,30,,8373,17,,,0,70,,8354,17,,,0,30,,8371,17,,,0
602019,'1815',625,,15806,16,,,0,90,,15804,16,0,19 2 11 2 24 1 25 26,0,98,,15803,16,0,19 2 11 2 24 1 25 26,0,100,,15805,17,,,0,23,,15802,16,,,0,200,,15798,16,,,0,70,,15799,16,,,0,30,,15800,16,,,0,70,,15801,16,,,0
