6019,'1800',854,,29055,12,,,0,100,,35700,12,,,0,100,,29054,12,,,0,100,,35702,12,,,0,101,,29053,12,,,0,100,,29058,12,,,0,100,,29052,12,,,0,100,,35701,12,,,0,100,,29051,12,,,0,100,,29056,12,,,0,99,,29050,12,,,0,100,,35703,12,,,0
6019,'1838',854,,35710,12,,,0,100,,35704,12,,,0,100,,35709,12,,,0,100,,35714,12,,,0,101,,35708,12,,,0,100,,35713,12,,,0,100,,35707,12,,,0,100,,35712,12,,,0,100,,35706,12,,,0,100,,35711,12,,,0,99,,35705,12,,,0,100,,35715,12,,,0
6019,'1850',701,,29118,24,,,0,29,,29119,24,,,0,70,,29120,24,,,0,30,,29121,24,,,0,70,,29122,24,,,0,31,,29123,24,,,0,70,,29124,24,,,0,30,,29125,24,,,0,70,,29126,24,,,0,30,,29127,24,,,0,70,,29128,24,,,0,30,,29129,24,,,0,70,,29130,24,,,0,30,,29131,24,,,0,70,,29132,24,,,0,31,,29133,24,,,0,73,,29134,24,,,0,30,,29135,24,,,0,70,,29136,24,,,0,30,,29137,24,,,0,70,,29138,24,,,0,28,,29139,24,,,0,67,,29140,24,,,0,30,,29141,24,,,0,70,,29142,24,,,0,27,,29117,24,,,0,96,,29113,24,,,0,100,,29115,24,,,0,100,,29114,24,,,0,100,,29116,24,,,0
6019,'1859',655,,29076,24,,,0,70,,29075,24,,,0,28,,29095,24,,,0,70,,29088,24,,,0,30,,29078,24,,,0,100,,29096,24,,,0,72,,29094,24,,,0,30,,29086,24,,,0,70,,29099,24,,,0,30,,29085,24,,,0,70,,29093,24,,,0,30,,29084,24,,,0,70,,29098,24,,,0,30,,29083,24,,,0,70,,29092,24,,,0,30,,29082,24,,,0,70,,29097,24,,,0,30,,29081,24,,,0,70,,29091,24,,,0,30,,29080,24,,,0,70,,29073,24,,,0,30,,29079,24,,,0,70,,29090,24,,,0,30,,29077,24,,,0,68,,29089,24,,,0,101,,29100,12,,,0,100,,29074,12,,,0
6019,'1861',854,,29107,12,,,0,200,,29106,12,,,0,201,,29105,12,,,0,100,,29110,12,,,0,100,,29104,12,,,0,200,,29103,12,,,0,100,,29108,12,,,0,99,,29102,12,,,0
6019,'1862',923,,35716,24,,,0
6019,'1863',954,,35717,12,,,0,200,,35719,12,,,0,401,,35718,12,,,0,399,,35720,12,,,0
6019,'1864',701,,29148,24,,,0,29,,29149,24,,,0,70,,35725,24,,,0,30,,35726,24,,,0,70,,35727,24,,,0,31,,35728,24,,,0,70,,35729,24,,,0,30,,35730,24,,,0,70,,35731,24,,,0,30,,35732,24,,,0,70,,35733,24,,,0,30,,35734,24,,,0,70,,35735,24,,,0,30,,35736,24,,,0,70,,35737,24,,,0,31,,35738,24,,,0,73,,35739,24,,,0,30,,35740,24,,,0,70,,35741,24,,,0,30,,35742,24,,,0,70,,35743,24,,,0,28,,35744,24,,,0,67,,35745,24,,,0,30,,35746,24,,,0,70,,35747,24,,,0,27,,35724,24,,,0,96,,35721,24,,,0,100,,29145,24,,,0,100,,35722,24,,,0,100,,35723,24,,,0
6019,'1865',701,,35753,24,,,0,29,,35754,24,,,0,70,,35755,24,,,0,30,,35756,24,,,0,70,,35757,24,,,0,31,,35758,24,,,0,70,,35759,24,,,0,30,,35760,24,,,0,70,,35761,24,,,0,30,,35762,24,,,0,70,,35763,24,,,0,30,,35764,24,,,0,70,,35765,24,,,0,30,,35766,24,,,0,70,,35767,24,,,0,31,,35768,24,,,0,73,,35769,24,,,0,30,,35770,24,,,0,70,,35771,24,,,0,30,,35772,24,,,0,70,,35773,24,,,0,28,,35774,24,,,0,67,,35775,24,,,0,30,,35776,24,,,0,70,,35777,24,,,0,27,,35752,24,,,0,96,,35748,24,,,0,100,,35750,24,,,0,100,,35749,24,,,0,100,,35751,24,,,0
6019,'1866',655,,35781,24,,,0,70,,35780,24,,,0,28,,35800,24,,,0,70,,35793,24,,,0,30,,35783,24,,,0,70,,35792,24,,,0,30,,35801,24,,,0,72,,35799,24,,,0,30,,35791,24,,,0,70,,35804,24,,,0,30,,35790,24,,,0,70,,35798,24,,,0,30,,35789,24,,,0,70,,35803,24,,,0,30,,35788,24,,,0,70,,35797,24,,,0,30,,35787,24,,,0,70,,35802,24,,,0,30,,35786,24,,,0,70,,35796,24,,,0,30,,35785,24,,,0,70,,35778,24,,,0,30,,35784,24,,,0,70,,35795,24,,,0,30,,35782,24,,,0,68,,35794,24,,,0,101,,35805,12,,,0,100,,35779,12,,,0
6019,'1867',854,,35812,12,,,0,100,,35806,12,,,0,100,,35811,12,,,0,100,,35816,12,,,0,101,,35810,12,,,0,100,,35815,12,,,0,100,,35809,12,,,0,100,,35814,12,,,0,100,,35808,12,,,0,100,,35813,12,,,0,99,,35807,12,,,0,100,,35817,12,,,0
