1019,'1800',606,,28295,7,,,0,100,,28296,7,,,0,100,,28297,7,,,0,100,,28298,7,,,0,100,,28299,7,,,0,100,,28300,7,,,0,100,,28301,7,,,0,100,,28302,7,,,0,100,,28303,7,,,0,100,,28304,7,,,0,100,,28305,7,,,0,100,,28306,7,,,0,100,,28307,7,,,0,100,,28308,7,,,0,100,,28309,7,,,0,100,,28310,7,,,0,100,,28311,7,,,0,100,,28312,7,,,0
1019,'1838',606,,28313,7,,,0,100,,28314,7,,,0,100,,28315,7,,,0,100,,28316,7,,,0,100,,28317,7,,,0,100,,28318,7,,,0,100,,28319,7,,,0,100,,28320,7,,,0,100,,28321,7,,,0,100,,28322,7,,,0,100,,28323,7,,,0,100,,28324,7,,,0,100,,28325,7,,,0,100,,28326,7,,,0,100,,28327,7,,,0,100,,28328,7,,,0,100,,28329,7,,,0,100,,28330,7,,,0
1019,'1841',536,,19171,7,,,0,70,,19194,7,,,0,30,,19169,7,,,0,70,,24953,7,,,0,30,,19183,7,,,0,70,,19166,7,,,0,30,,24954,7,,,0,70,,19197,7,,,0,30,,19168,7,,,0,70,,19162,7,,,0,30,,19182,7,,,0,70,,19167,7,,,0,30,,19173,7,,,0,70,,19193,7,,,0,30,,19170,7,,,0,70,,24952,7,,,0,30,,19195,7,,,0,70,,19165,7,,,0,30,,24955,7,,,0,70,,24958,7,,,0,30,,19185,7,,,0,70,,19177,7,,,0,30,,19175,7,,,0,70,,19178,7,,,0,30,,19180,7,,,0,70,,19179,7,,,0,30,,19176,7,,,0,70,,19196,7,,,0,30,,19190,7,,,0,70,,24957,7,,,0,30,,19189,7,,,0,70,,19188,7,,,0,30,,19187,7,,,0,70,,19186,7,,,0,30,,19184,7,,,0,70,,24956,7,,,0
1019,'1848',536,,28342,7,,,0,70,,28356,7,,,0,30,,28341,7,,,0,70,,28361,7,,,0,30,,28351,7,,,0,70,,28335,7,,,0,30,,28357,7,,,0,70,,28359,7,,,0,30,,28340,7,,,0,70,,28362,7,,,0,30,,28350,7,,,0,70,,28334,7,,,0,30,,28345,7,,,0,70,,28355,7,,,0,30,,28339,7,,,0,70,,28363,7,,,0,30,,28349,7,,,0,70,,28333,7,,,0,30,,28344,7,,,0,70,,28354,7,,,0,30,,28338,7,,,0,70,,28364,7,,,0,30,,28348,7,,,0,70,,28332,7,,,0,30,,28343,7,,,0,70,,28353,7,,,0,30,,28336,7,,,0,70,,28365,7,,,0,30,,28346,7,,,0,70,,28331,7,,,0,30,,28337,7,,,0,70,,28352,7,,,0,30,,28347,7,,,0,70,,28366,7,,,0,30,,28360,7,,,0,70,,28358,7,,,0
1019,'1849',606,,28367,7,,,0,100,,28368,7,,,0,100,,28369,7,,,0,100,,28370,7,,,0,100,,28371,7,,,0,100,,28372,7,,,0,100,,28373,7,,,0,100,,28374,7,,,0,100,,28375,7,,,0,100,,28376,7,,,0,100,,28377,7,,,0,100,,28378,7,,,0,100,,28379,7,,,0,100,,28380,7,,,0,100,,28381,7,,,0,100,,28382,7,,,0,100,,28383,7,,,0,100,,28384,7,,,0
1019,'1850',536,,28394,7,,,0,70,,28417,7,,,0,30,,28392,7,,,0,70,,28387,7,,,0,30,,28406,7,,,0,70,,28389,7,,,0,30,,28395,7,,,0,70,,28420,7,,,0,30,,28391,7,,,0,70,,28385,7,,,0,30,,28405,7,,,0,70,,28390,7,,,0,30,,28396,7,,,0,70,,28416,7,,,0,30,,28393,7,,,0,70,,28386,7,,,0,30,,28418,7,,,0,70,,28388,7,,,0,30,,28397,7,,,0,70,,28415,7,,,0,30,,28408,7,,,0,70,,28400,7,,,0,30,,28398,7,,,0,70,,28401,7,,,0,30,,28403,7,,,0,70,,28402,7,,,0,30,,28399,7,,,0,70,,28419,7,,,0,30,,28413,7,,,0,70,,28414,7,,,0,30,,28412,7,,,0,70,,28411,7,,,0,30,,28410,7,,,0,70,,28409,7,,,0,30,,28407,7,,,0,70,,28404,7,,,0
1019,'1852',536,,28430,7,,,0,70,,28453,7,,,0,30,,28428,7,,,0,70,,28423,7,,,0,30,,28442,7,,,0,70,,28425,7,,,0,30,,28431,7,,,0,70,,28456,7,,,0,30,,28427,7,,,0,70,,28421,7,,,0,30,,28441,7,,,0,70,,28426,7,,,0,30,,28432,7,,,0,70,,28452,7,,,0,30,,28429,7,,,0,70,,28422,7,,,0,30,,28454,7,,,0,70,,28424,7,,,0,30,,28433,7,,,0,70,,28451,7,,,0,30,,28444,7,,,0,70,,28436,7,,,0,30,,28434,7,,,0,70,,28437,7,,,0,30,,28439,7,,,0,70,,28438,7,,,0,30,,28435,7,,,0,70,,28455,7,,,0,30,,28449,7,,,0,70,,28450,7,,,0,30,,28448,7,,,0,70,,28447,7,,,0,30,,28446,7,,,0,70,,28445,7,,,0,30,,28443,7,,,0,70,,28440,7,,,0
2019,'1800',651,,19560,16,,,0,70,,19537,16,,,0,30,,19541,16,,,0,70,,19553,16,,,0,30,,19548,16,,,0,70,,19538,16,,,0,30,,19542,16,,,0,70,,19554,16,,,0,30,,19549,16,,,0,70,,19539,16,,,0,30,,19543,16,,,0,70,,19555,16,,,0,30,,19550,16,,,0,70,,19540,16,,,0,30,,19544,16,,,0,70,,19556,16,,,0,30,,19551,16,,,0,70,,19535,16,,,0,30,,19545,16,,,0,70,,19557,16,,,0,30,,19552,16,,,0,70,,19533,16,,,0,30,,19546,16,,,0,70,,19558,16,,,0,100,,19534,16,,,0,100,,19559,16,,,0,100,,19536,16,,,0,100,,19547,16,,,0,99,,19561,16,,,0
2019,'1838',651,,19531,16,,,0,70,,19508,16,,,0,30,,19512,16,,,0,70,,19524,16,,,0,30,,19519,16,,,0,70,,19509,16,,,0,30,,19513,16,,,0,70,,19525,16,,,0,30,,19520,16,,,0,70,,19510,16,,,0,30,,19514,16,,,0,70,,19526,16,,,0,30,,19521,16,,,0,70,,19511,16,,,0,30,,19515,16,,,0,70,,19527,16,,,0,30,,19522,16,,,0,70,,19506,16,,,0,30,,19516,16,,,0,70,,19528,16,,,0,30,,19523,16,,,0,70,,19504,16,,,0,30,,19517,16,,,0,70,,19529,16,,,0,100,,19505,16,,,0,100,,19530,16,,,0,100,,19507,16,,,0,100,,19518,16,,,0,99,,19532,16,,,0
2019,'1841',446,,24965,7,0,5 2 13 14,0
2019,'1843',621,,19412,16,,,0,30,,19413,16,,,0,70,,19414,16,,,0,30,,19415,16,,,0,71,,19416,16,,,0,29,,19417,16,,,0,70,,19418,16,,,0,30,,19419,16,,,0,70,,19420,16,,,0,30,,19421,16,,,0,70,,19422,16,,,0,30,,19423,16,,,0,70,,19424,16,,,0,30,,19425,16,,,0,70,,19426,16,,,0,30,,19427,16,,,0,70,,19428,16,,,0,30,,19429,16,,,0,70,,19430,16,,,0,30,,19431,16,,,0,70,,19432,16,,,0,30,,19433,16,,,0,70,,19434,16,,,0,30,,19435,16,,,0,70,,19436,16,,,0,30,,19442,16,,,0,70,,19437,16,,,0,100,,19438,16,,,0,100,,19439,16,,,0,100,,19440,16,,,0,100,,19441,16,,,0
2019,'1845',621,,19444,7,,,0,30,,19451,16,,,0,70,,19460,16,,,0,30,,19467,16,,,0,70,,19445,16,,,0,30,,19452,16,,,0,70,,19461,16,,,0,30,,19468,16,,,0,70,,19446,16,,,0,30,,19453,16,,,0,70,,19462,16,,,0,30,,19469,16,,,0,70,,19447,16,,,0,30,,19454,16,,,0,70,,19463,16,,,0,30,,19470,16,,,0,70,,19448,16,,,0,30,,19455,16,,,0,70,,19464,16,,,0,30,,19471,16,,,0,70,,19449,16,,,0,30,,19456,16,,,0,70,,19465,16,,,0,30,,19472,16,,,0,70,,19450,16,,,0,30,,19457,16,,,0,70,,19466,16,,,0,100,,19458,16,,,0,100,,19473,16,,,0,100,,19459,16,,,0,100,,19474,16,,,0
2019,'1847',651,,19502,16,,,0,70,,19479,16,,,0,30,,19483,16,,,0,70,,19495,16,,,0,30,,19490,16,,,0,70,,19480,16,,,0,30,,19484,16,,,0,70,,19496,16,,,0,30,,19491,16,,,0,70,,19481,16,,,0,30,,19485,16,,,0,70,,19497,16,,,0,30,,19492,16,,,0,70,,19482,16,,,0,30,,19486,16,,,0,70,,19498,16,,,0,30,,19493,16,,,0,70,,19477,16,,,0,30,,19487,16,,,0,70,,19499,16,,,0,30,,19494,16,,,0,70,,19475,16,,,0,30,,19488,16,,,0,70,,19500,16,,,0,100,,19476,16,,,0,100,,19501,16,,,0,100,,19478,16,,,0,100,,19489,16,,,0,99,,19503,16,,,0
2019,'1850',446,,28647,7,0,5 2 13 14,0,175,,28616,16,,,0,30,,28617,16,,,0,70,,28618,16,,,0,30,,28619,16,,,0,71,,28620,16,,,0,29,,28621,16,,,0,70,,28622,16,,,0,30,,28623,16,,,0,70,,28624,16,,,0,30,,28625,16,,,0,70,,28626,16,,,0,30,,28627,16,,,0,70,,28628,16,,,0,30,,28629,16,,,0,70,,28630,16,,,0,30,,28631,16,,,0,70,,28632,16,,,0,30,,28633,16,,,0,70,,28634,16,,,0,30,,28635,16,,,0,70,,28636,16,,,0,30,,28637,16,,,0,70,,28638,16,,,0,30,,28639,16,,,0,70,,28640,16,,,0,30,,28646,16,,,0,70,,28641,16,,,0,100,,28642,16,,,0,100,,28643,16,,,0,100,,28644,16,,,0,100,,28645,16,,,0
2019,'1852',446,,28648,7,0,5 2 13 14,0
14000001019,'1800',2415,,34757,23,,,0,30,,34756,23,,,0,70,,24911,23,,,0,30,,34758,23,,,0,70,,34755,23,,,0
14000001019,'1838',2415,,34761,23,,,0,30,,34760,23,,,0,70,,24906,23,,,0,30,,34762,23,,,0,70,,34759,23,,,0
14000001019,'1841',2415,,28276,23,,,0,30,,28274,23,,,0,100,,28275,23,,,0,70,,28273,23,,,0
14000001019,'1843',2515,,24893,23,,,0
14000001019,'1845',2515,,24899,23,,,0
14000001019,'1847',2515,,24901,23,,,0
14000001019,'1848',2415,,34766,23,,,0,30,,34763,23,,,0,100,,34765,23,,,0,70,,34764,23,,,0
14000001019,'1849',2415,,34769,23,,,0,30,,34768,23,,,0,100,,34770,23,,,0,70,,34767,23,,,0
14000001019,'1850',2415,,34775,23,,,0,30,,34772,23,,,0,70,,34773,23,,,0,30,,34774,23,,,0,70,,34771,23,,,0
14000001019,'1852',2415,,34779,23,,,0,30,,34777,23,,,0,100,,34778,23,,,0,70,,34776,23,,,0
