1029,'1796',624,,19297,45,,,0,30,,19298,45,,,0,70,,19318,45,,,0,30,,19294,45,,,0,70,,19289,45,,,0,30,,19322,45,,,0,70,,19292,45,,,0,30,,19299,45,,,0,70,,19317,45,,,0,30,,19296,45,,,0,70,,19288,45,,,0,30,,19321,45,,,0,70,,19293,45,,,0,30,,19300,45,,,0,70,,19316,45,,,0,30,,19295,45,,,0,70,,19290,45,,,0,31,,19319,45,,,0,70,,19291,45,,,0,30,,19301,45,,,0,70,,19315,45,,,0,30,,19304,45,,,0,70,,19303,45,,,0,29,,19302,45,,,0,70,,19308,45,,,0,30,,19307,45,,,0,70,,19306,45,,,0,30,,19305,45,,,0,70,,19320,45,,,0,30,,19314,45,,,0,70,,19313,45,,,0,30,,19312,45,,,0,70,,19311,45,,,0,30,,19310,45,,,0,65,,19309,45,,,0
1029,'1797',624,,19328,45,,,0,30,,19340,45,,,0,70,,19347,45,,,0,30,,19335,45,,,0,70,,19356,45,,,0,30,,19344,45,,,0,69,,19327,45,,,0,31,,19339,45,,,0,70,,19350,45,,,0,30,,19334,45,,,0,70,,19357,45,,,0,30,,19343,45,,,0,70,,19326,45,,,0,30,,19338,45,,,0,70,,19349,45,,,0,30,,19333,45,,,0,70,,19329,45,,,0,30,,19342,45,,,0,70,,19325,45,,,0,30,,19337,45,,,0,70,,19345,45,,,0,30,,19332,45,,,0,70,,19354,45,,,0,30,,19341,45,,,0,70,,19324,45,,,0,30,,19336,45,,,0,70,,19348,45,,,0,30,,19330,45,,,0,70,,19352,45,,,0,30,,19351,45,,,0,70,,19323,45,,,0,30,,19331,45,,,0,70,,19346,45,,,0,30,,19355,45,,,0,65,,19353,45,,,0
1029,'1798',624,,19358,45,,,0,100,,19359,45,,,0,100,,19360,45,,,0,100,,19361,45,,,0,100,,19362,45,,,0,100,,19363,45,,,0,100,,19364,45,,,0,100,,19365,45,,,0,100,,19366,45,,,0,100,,19367,45,,,0,100,,19368,45,,,0,100,,19369,45,,,0,100,,19370,45,,,0,100,,19371,45,,,0,100,,19372,45,,,0,100,,19373,45,,,0,100,,19374,45,,,0,95,,19375,45,,,0
1029,'1799',624,,19376,45,,,0,100,,19377,45,,,0,100,,19378,45,,,0,100,,19379,45,,,0,100,,19380,45,,,0,100,,19381,45,,,0,100,,19382,45,,,0,100,,19383,45,,,0,100,,19384,45,,,0,100,,19385,45,,,0,100,,19386,45,,,0,100,,19387,45,,,0,100,,19388,45,,,0,100,,19389,45,,,0,100,,19390,45,,,0,100,,19391,45,,,0,100,,19392,45,,,0,95,,19393,45,,,0
1029,'1800',624,,19394,45,,,0,100,,19395,45,,,0,100,,19396,45,,,0,100,,19397,45,,,0,100,,19398,45,,,0,100,,19399,45,,,0,100,,19400,45,,,0,100,,19401,45,,,0,100,,19402,45,,,0,100,,19403,45,,,0,100,,19404,45,,,0,100,,19405,45,,,0,100,,19406,45,,,0,100,,19407,45,,,0,100,,19408,45,,,0,100,,19409,45,,,0,100,,19410,45,,,0,95,,19411,45,,,0
1029,'1817',624,,16625,45,,,0,100,,16626,45,,,0,100,,16627,45,,,0,100,,16628,45,,,0,100,,16629,45,,,0,100,,16630,45,,,0,100,,16631,45,,,0,100,,16632,45,,,0,100,,16633,45,,,0,100,,16634,45,,,0,100,,16635,45,,,0,100,,16636,45,,,0,100,,16637,45,,,0,100,,16638,45,,,0,100,,16639,45,,,0,100,,16640,45,,,0,100,,16641,45,,,0,95,,16642,45,,,0
1029,'1824',624,,16682,45,,,0,30,,16694,45,,,0,70,,16701,45,,,0,30,,16689,45,,,0,70,,16710,45,,,0,30,,16698,45,,,0,69,,16681,45,,,0,31,,16693,45,,,0,70,,16704,45,,,0,30,,16688,45,,,0,70,,16711,45,,,0,30,,16697,45,,,0,70,,16680,45,,,0,30,,16692,45,,,0,70,,16703,45,,,0,30,,16687,45,,,0,70,,16683,45,,,0,30,,16696,45,,,0,70,,16679,45,,,0,30,,16691,45,,,0,70,,16699,45,,,0,30,,16686,45,,,0,70,,16708,45,,,0,30,,16695,45,,,0,70,,16678,45,,,0,30,,16690,45,,,0,70,,16702,45,,,0,30,,16684,45,,,0,70,,16706,45,,,0,30,,16705,45,,,0,70,,16677,45,,,0,30,,16685,45,,,0,70,,16700,45,,,0,30,,16709,45,,,0,65,,16707,45,,,0
2029,'1796',542,,19588,27,,,0,67,,19562,42,,,0,30,,19563,42,,,0,70,,19564,42,,,0,30,,19565,42,,,0,70,,19566,42,,,0,30,,19567,42,,,0,70,,19568,42,,,0,30,,19569,42,,,0,70,,19570,42,,,0,30,,19571,42,,,0,70,,19572,42,,,0,30,,19573,42,,,0,70,,19574,42,,,0,30,,19575,42,,,0,70,,19576,42,,,0,30,,19577,42,,,0,70,,19578,42,,,0,30,,19579,42,,,0,70,,19580,42,,,0,30,,19581,42,,,0,70,,19582,42,,,0,30,,19583,42,,,0,70,,19584,42,,,0,30,,19585,42,,,0,70,,19586,42,,,0,30,,19587,42,,,0,70,,19591,42,,,0,30,,19592,42,,,0,100,,19593,42,,,0,100,,19594,42,,,0,100,,19590,42,,,0
2029,'1797',609,,19628,42,0,5 2 15 16 17,0,30,,19611,42,,,0,70,,19618,42,,,0,30,,19597,42,,,0,70,,19603,42,,,0,30,,19612,42,,,0,70,,19619,42,,,0,30,,19598,42,,,0,70,,19604,42,,,0,30,,19613,42,,,0,70,,19620,42,,,0,30,,19599,42,,,0,70,,19605,42,,,0,30,,19614,42,,,0,70,,19621,42,,,0,30,,19600,42,,,0,70,,19606,42,,,0,30,,19615,42,,,0,70,,19622,42,,,0,30,,19601,42,,,0,70,,19607,42,,,0,30,,19616,42,,,0,70,,19623,42,,,0,30,,19602,42,,,0,70,,19608,42,,,0,30,,19617,42,,,0,70,,19624,42,,,0,30,,19609,42,,,0,100,,19625,42,,,0,100,,19610,42,,,0,100,,19626,42,,,0
2029,'1798',639,,19632,42,,,0,70,,19640,42,,,0,30,,19651,42,,,0,70,,19646,42,,,0,30,,19633,42,,,0,70,,19641,42,,,0,30,,19652,42,,,0,70,,19647,42,,,0,30,,19634,42,,,0,70,,19642,42,,,0,30,,19653,42,,,0,70,,19648,42,,,0,30,,19635,42,,,0,70,,19643,42,,,0,30,,19654,42,,,0,70,,19649,42,,,0,30,,19636,42,,,0,70,,19644,42,,,0,30,,19655,42,,,0,70,,19650,42,,,0,30,,19637,42,,,0,70,,19645,42,,,0,30,,19656,42,,,0,100,,19638,42,,,0,100,,19657,42,,,0,100,,19639,42,,,0,100,,19658,42,,,0,100,,19631,42,,,0
2029,'1799',639,,19664,42,,,0,70,,19672,42,,,0,30,,19683,42,,,0,70,,19678,42,,,0,30,,19665,42,,,0,70,,19673,42,,,0,30,,19684,42,,,0,70,,19679,42,,,0,30,,19666,42,,,0,70,,19674,42,,,0,30,,19685,42,,,0,70,,19680,42,,,0,30,,19667,42,,,0,70,,19675,42,,,0,30,,19686,42,,,0,70,,19681,42,,,0,30,,19668,42,,,0,70,,19676,42,,,0,30,,19687,42,,,0,70,,19682,42,,,0,30,,19669,42,,,0,70,,19677,42,,,0,30,,19688,42,,,0,100,,19670,42,,,0,100,,19689,42,,,0,100,,19671,42,,,0,100,,19690,42,,,0,100,,19663,42,,,0
2029,'1800',639,,19696,42,,,0,70,,19704,42,,,0,30,,19715,42,,,0,70,,19710,42,,,0,30,,19697,42,,,0,70,,19705,42,,,0,30,,19716,42,,,0,70,,19711,42,,,0,30,,19698,42,,,0,70,,19706,42,,,0,30,,19717,42,,,0,70,,19712,42,,,0,30,,19699,42,,,0,70,,19707,42,,,0,30,,19718,42,,,0,70,,19713,42,,,0,30,,19700,42,,,0,70,,19708,42,,,0,30,,19719,42,,,0,70,,19714,42,,,0,30,,19701,42,,,0,70,,19709,42,,,0,30,,19720,42,,,0,100,,19702,42,,,0,100,,19721,42,,,0,100,,19703,42,,,0,100,,19722,42,,,0,100,,19695,42,,,0
2029,'1816',609,,5908,42,0,5 2 15 16 17,0,30,,5891,42,,,0,70,,5898,42,,,0,30,,5877,42,,,0,70,,5883,42,,,0,30,,5892,42,,,0,70,,5899,42,,,0,30,,5878,42,,,0,70,,5884,42,,,0,30,,5893,42,,,0,70,,5900,42,,,0,30,,5879,42,,,0,70,,5885,42,,,0,30,,5894,42,,,0,70,,5901,42,,,0,30,,5880,42,,,0,70,,5886,42,,,0,30,,5895,42,,,0,70,,5902,42,,,0,30,,5881,42,,,0,70,,5887,42,,,0,30,,5896,42,,,0,70,,5903,42,,,0,30,,5882,42,,,0,70,,5888,42,,,0,30,,5897,42,,,0,70,,5904,42,,,0,30,,5889,42,,,0,100,,5905,42,,,0,100,,5890,42,,,0,100,,5906,42,,,0
2029,'1817',639,,9443,42,,,0,70,,9451,42,,,0,30,,9462,42,,,0,70,,9457,42,,,0,30,,9444,42,,,0,70,,9452,42,,,0,30,,9463,42,,,0,70,,9458,42,,,0,30,,9445,42,,,0,70,,9453,42,,,0,30,,9464,42,,,0,70,,9459,42,,,0,30,,9446,42,,,0,70,,9454,42,,,0,30,,9465,42,,,0,70,,9460,42,,,0,30,,9447,42,,,0,70,,9455,42,,,0,30,,9466,42,,,0,70,,9461,42,,,0,30,,9448,42,,,0,70,,9456,42,,,0,30,,9467,42,,,0,100,,9449,42,,,0,100,,9468,42,,,0,100,,9450,42,,,0,100,,9469,42,,,0,100,,9442,42,,,0
14000001029,'1796',446,,24916,26,0,18 7,0,102,,24917,26,0,18 7,0,1852,,24919,26,,,0,30,,24920,26,,,0,70,,24923,26,,,0,30,,24918,26,,,0,70,,24921,26,,,0,30,,24922,26,,,0
14000001029,'1797',547,,24928,26,0,18 7,0,1853,,24930,26,,,0,30,,24925,26,,,0,70,,24924,26,,,0,30,,24926,26,,,0,70,,24929,26,,,0,30,,24927,26,,,0
14000001029,'1798',547,,24937,26,0,18 7,0,1853,,24931,26,,,0,30,,24935,26,,,0,70,,24936,26,,,0,30,,24933,26,,,0,70,,24934,26,,,0,30,,24932,26,,,0
14000001029,'1799',547,,24944,26,0,18 7,0,1853,,24938,26,,,0,30,,24942,26,,,0,70,,24943,26,,,0,30,,24940,26,,,0,70,,24941,26,,,0,30,,24939,26,,,0
14000001029,'1800',547,,24951,26,0,18 7,0,1853,,24945,26,,,0,30,,24949,26,,,0,70,,24950,26,,,0,30,,24947,26,,,0,70,,24948,26,,,0,30,,24946,26,,,0
14000001029,'1816',2430,,9292,26,,,0,170,,9296,26,,,0
14000001029,'1817',547,,19150,26,0,18 7,0,1853,,19146,26,,,0,30,,13744,26,,,0,70,,19149,26,,,0,30,,19148,26,,,0,70,,13743,26,,,0,30,,19147,26,,,0
14000001029,'1824',547,,19160,26,0,18 7,0,1853,,19161,26,,,0,100,,19157,26,,,0,30,,19158,26,,,0,100,,19159,26,,,0
