11029,'1838',838,,44813,28,,,0,100,,44814,28,,,0,103,,44815,28,,,0,100,,44816,28,,,0,100,,44817,28,,,0,100,,44818,28,,,0,100,,44819,28,,,0,100,,44820,28,,,0,100,,44821,28,,,0,97,,44822,28,,,0,99,,36554,28,,,0,101,,44823,28,,,0,95,,42486,28,,,0
11029,'1865',638,,36600,21,,,0,100,,36586,28,,,0,100,,44825,28,,,0,100,,44826,28,,,0,100,,44827,28,,,0,100,,44828,28,,,0,100,,44829,28,,,0,100,,44830,28,,,0,99,,44831,28,,,0,100,,42488,28,,,0,100,,44832,28,,,0,100,,44833,28,,,0,101,,44834,28,,,0,100,,36598,28,,,0,100,,44835,28,,,0,95,,44824,28,,,0
11029,'1866',638,,44836,21,,,0,98,,44847,28,,,0,102,,44837,28,,,0,100,,44838,28,,,0,100,,44839,28,,,0,103,,44840,28,,,0,100,,44841,28,,,0,100,,36607,28,,,0,100,,44842,28,,,0,100,,36609,28,,,0,100,,36610,28,,,0,97,,44843,28,,,0,100,,44844,28,,,0,99,,44845,28,,,0,101,,44846,28,,,0
11029,'1867',838,,44848,28,,,0,100,,44849,28,,,0,103,,44850,28,,,0,100,,44851,28,,,0,100,,44852,28,,,0,100,,44853,28,,,0,100,,44854,28,,,0,100,,44855,28,,,0,100,,44856,28,,,0,97,,44857,28,,,0,99,,36626,28,,,0,101,,44858,28,,,0,95,,42497,28,,,0
11029,'1873',1341,,29958,28,,,0,200,,29960,28,,,0,100,,29961,28,,,0
11029,'1878',1837,,29977,28,,,0,196,,42508,28,,,0
11029,'1881',838,,29998,28,,,0,100,,42498,28,,,0,100,,30000,28,,,0,100,,36576,28,,,0,100,,36577,28,,,0,100,,36578,28,,,0,99,,36579,28,,,0,200,,36581,28,,,0,100,,36582,28,,,0,101,,36583,28,,,0,200,,42500,28,,,0,95,,29996,28,,,0
11029,'1882',638,,30011,21,,,0,100,,29997,28,,,0,799,,42499,28,,,0,401,,30009,28,,,0
11029,'1886',838,,44860,28,,,0,100,,44861,28,,,0,100,,44862,28,,,0,100,,44863,28,,,0,100,,44864,28,,,0,100,,44865,28,,,0,99,,44866,28,,,0,200,,44867,28,,,0,100,,44868,28,,,0,101,,44869,28,,,0,200,,44870,28,,,0,95,,44859,28,,,0
11029,'1887',638,,44871,21,,,0,98,,44882,28,,,0,102,,44872,28,,,0,100,,44873,28,,,0,100,,44874,28,,,0,103,,44875,28,,,0,100,,44876,28,,,0,200,,44877,28,,,0,297,,44878,28,,,0,100,,44879,28,,,0,99,,44880,28,,,0,101,,44881,28,,,0
11029,'1888',838,,44883,28,,,0,100,,44884,28,,,0,103,,44885,28,,,0,100,,44886,28,,,0,100,,44887,28,,,0,100,,44888,28,,,0,100,,44889,28,,,0,100,,44890,28,,,0,100,,44891,28,,,0,97,,44892,28,,,0,200,,44893,28,,,0
