15019,'1838',713,,45028,11,,,0,100,,36883,11,,,0,100,,36886,11,,,0,100,,45027,11,,,0,100,,36881,11,,,0,100,,36879,11,,,0,101,,45026,11,,,0,100,,36880,11,,,0,100,,36877,11,,,0,99,,45025,11,,,0,100,,36875,11,,,0,100,,36876,11,,,0,100,,45024,11,,,0,100,,36887,11,,,0
15019,'1865',638,,36905,11,,,0,70,,45029,11,,,0,32,,36907,11,,,0,70,,36908,11,,,0,28,,36909,11,,,0,70,,36910,11,,,0,30,,36911,11,,,0,70,,45030,11,,,0,30,,45031,11,,,0,70,,42569,11,,,0,30,,45032,11,,,0,70,,45033,11,,,0,30,,42570,11,,,0,70,,36918,11,,,0,30,,45034,11,,,0,70,,36920,11,,,0,31,,36921,11,,,0,70,,45035,11,,,0,30,,45036,11,,,0,70,,36924,11,,,0,30,,36925,11,,,0,70,,36926,11,,,0,29,,45037,11,,,0,70,,36928,11,,,0,30,,45038,11,,,0,70,,45039,11,,,0,30,,36931,11,,,0,100,,45040,11,,,0,99,,45041,11,,,0,100,,45042,11,0,5 2 6 7,0
15019,'1866',713,,36935,11,,,0,100,,45043,11,,,0,100,,36937,11,,,0,100,,36938,11,,,0,100,,45044,11,,,0,100,,36940,11,,,0,101,,36941,11,,,0,100,,45045,11,,,0,100,,36943,11,,,0,99,,36944,11,,,0,100,,45046,11,,,0,100,,36946,11,,,0,100,,36947,11,,,0,100,,45047,11,,,0
15019,'1867',713,,45053,11,,,0,100,,36959,11,,,0,100,,36962,11,,,0,100,,45052,11,,,0,100,,36957,11,,,0,100,,36955,11,,,0,101,,45051,11,,,0,100,,36956,11,,,0,100,,36953,11,,,0,99,,45050,11,,,0,100,,36951,11,,,0,100,,36952,11,,,0,100,,45049,11,,,0,100,,36963,11,,,0
15019,'1873',713,,30301,11,,,0,200,,30303,11,,,0,100,,30304,11,,,0,200,,30306,11,,,0,101,,30307,11,,,0,200,,30309,11,,,0,99,,30310,11,,,0,200,,30312,11,,,0,100,,30313,11,,,0
15019,'1878',813,,30325,11,,,0,100,,30328,11,,,0,200,,30323,11,,,0,100,,30321,11,,,0,201,,30322,11,,,0,100,,30319,11,,,0,199,,30317,11,,,0,100,,30318,11,,,0,200,,30329,11,,,0
15019,'1881',708,,36889,11,,,0,300,,36890,11,,,0,30,,36891,11,,,0,100,,36893,11,,,0,70,,36894,11,,,0,130,,36896,11,,,0,171,,36897,11,,,0,30,,36898,11,,,0,199,,30384,11,,,0,100,,36899,11,,,0,70,,42574,11,,,0,130,,36901,11,,,0,99,,36902,11,,,0,100,,36903,11,0,5 2 6 7,0
15019,'1882',638,,30362,11,,,0,102,,30364,11,,,0,70,,30365,11,,,0,28,,30366,11,,,0,70,,30367,11,,,0,30,,30368,11,,,0,170,,42572,11,,,0,130,,42573,11,,,0,70,,30375,11,,,0,100,,30377,11,,,0,31,,30378,11,,,0,170,,30381,11,,,0,30,,30382,11,,,0,70,,30383,11,,,0,99,,30385,11,,,0,130,,30388,11,,,0
15019,'1886',708,,45054,11,,,0,300,,45055,11,,,0,30,,45056,11,,,0,100,,45057,11,,,0,70,,45058,11,,,0,130,,45059,11,,,0,171,,45060,11,,,0,30,,45061,11,,,0,199,,45062,11,,,0,100,,45063,11,,,0,70,,45064,11,,,0,130,,45065,11,,,0,99,,45066,11,,,0,100,,45067,11,0,5 2 6 7,0
15019,'1887',813,,45068,11,,,0,300,,45069,11,,,0,301,,45070,11,,,0,299,,45071,11,,,0,300,,45072,11,,,0
15019,'1888',713,,45078,11,,,0,300,,45077,11,,,0,301,,45076,11,,,0,299,,45075,11,,,0,300,,45074,11,,,0
