16029,'1799',934,,21364,18,,,0,702,,21369,18,,,0,403,,21371,18,,,0
16029,'1800',739,,25940,18,,,0,99,,25941,18,,,0,96,,21379,18,,,0,104,,25945,18,,,0,98,,25948,18,,,0,100,,25944,18,,,0,101,,25946,18,,,0,100,,25938,18,,,0,100,,25939,18,,,0,99,,21384,18,,,0,99,,25942,18,,,0,101,,25947,18,,,0,100,,25943,18,,,0,103,,21386,18,,,0,97,,25949,18,,,0
16029,'1829',607,,21283,18,,,0,30,,21284,18,,,0,73,,21285,18,,,0,37,,21286,18,,,0,70,,21287,18,,,0,32,,21288,18,,,0,70,,21289,18,,,0,29,,21290,18,,,0,67,,21291,18,,,0,30,,21292,18,,,0,100,,21294,18,,,0,70,,21295,18,,,0,130,,21298,18,,,0,71,,21299,18,,,0,32,,21300,18,,,0,71,,21301,18,,,0,29,,21302,18,,,0,72,,21303,18,,,0,30,,21304,18,,,0,69,,21305,18,,,0,28,,21306,18,,,0,266,,21310,18,,,0,24,,21311,18,,,0,169,,21314,18,,,0
16029,'1831',608,,21323,18,,,0,27,,21338,18,,,0,70,,21331,18,,,0,30,,21316,18,,,0,70,,21324,18,,,0,30,,21339,18,,,0,70,,21332,18,,,0,29,,21317,18,,,0,71,,21325,18,,,0,30,,21340,18,,,0,70,,21333,18,,,0,31,,21318,18,,,0,70,,21326,18,,,0,30,,21341,18,,,0,71,,21334,18,,,0,30,,21319,18,,,0,71,,21327,18,,,0,29,,21342,18,,,0,71,,21335,18,,,0,30,,21320,18,,,0,69,,21328,18,,,0,30,,21343,18,,,0,69,,21336,18,,,0,29,,21321,18,,,0,71,,21329,18,,,0,30,,21344,18,,,0,70,,21337,18,,,0,30,,21322,18,,,0,70,,21330,18,,,0,31,,21345,18,,,0,97,,21346,18,,,0,73,,21347,18,,,0
16029,'1832',739,,21351,18,,,0,99,,21352,18,,,0,200,,21358,18,,,0,98,,21361,18,,,0,100,,21357,18,,,0,101,,21359,18,,,0,100,,21348,18,,,0,100,,21350,18,,,0,198,,21353,18,,,0,101,,21360,18,,,0,100,,21355,18,,,0,200,,21362,18,,,0
16029,'1833',934,,21349,18,,,0,702,,21354,18,,,0,403,,21356,18,,,0
16029,'1834',739,,21366,18,,,0,99,,21367,18,,,0,200,,21373,18,,,0,98,,21376,18,,,0,100,,21372,18,,,0,101,,21374,18,,,0,100,,21363,18,,,0,100,,21365,18,,,0,198,,21368,18,,,0,101,,21375,18,,,0,100,,21370,18,,,0,200,,21377,18,,,0
16029,'1835',1115,,25950,18,,,0,130,,25951,18,,,0,70,,25952,18,,,0,501,,25953,18,,,0,30,,25958,18,,,0,67,,25954,18,,,0,30,,25955,18,,,0,164,,25956,18,,,0,29,,25957,18,,,0
16029,'1837',739,,25961,18,,,0,99,,25962,18,,,0,200,,25966,18,,,0,98,,25969,18,,,0,100,,25965,18,,,0,101,,25967,18,,,0,100,,25959,18,,,0,100,,25960,18,,,0,198,,25963,18,,,0,101,,25968,18,,,0,100,,25964,18,,,0,200,,25970,18,,,0
16029,'1838',739,,25973,18,,,0,99,,25974,18,,,0,200,,25978,18,,,0,98,,25981,18,,,0,100,,25977,18,,,0,101,,25979,18,,,0,100,,25971,18,,,0,100,,25972,18,,,0,198,,25975,18,,,0,101,,25980,18,,,0,100,,25976,18,,,0,200,,25982,18,,,0
