11029,'1838',840,,44813,31,,,0,100,,44814,31,,,0,104,,44815,31,,,0,100,,44816,31,,,0,100,,44817,31,,,0,100,,44818,31,,,0,100,,44819,31,,,0,100,,44820,31,,,0,100,,44821,31,,,0,97,,44822,31,,,0,99,,36554,31,,,0,101,,44823,31,,,0,95,,42486,31,,,0
11029,'1865',641,,36600,24,,,0,100,,36586,31,,,0,100,,44825,31,,,0,100,,44826,31,,,0,100,,44827,31,,,0,100,,44828,31,,,0,100,,44829,31,,,0,100,,44830,31,,,0,100,,44831,31,,,0,100,,42488,31,,,0,100,,44832,31,,,0,100,,44833,31,,,0,100,,44834,31,,,0,100,,36598,31,,,0,100,,44835,31,,,0,95,,44824,31,,,0
11029,'1866',640,,44836,24,,,0,98,,44847,31,,,0,102,,44837,31,,,0,100,,44838,31,,,0,101,,44839,31,,,0,103,,44840,31,,,0,100,,44841,31,,,0,100,,36607,31,,,0,100,,44842,31,,,0,100,,36609,31,,,0,100,,36610,31,,,0,97,,44843,31,,,0,100,,44844,31,,,0,99,,44845,31,,,0,101,,44846,31,,,0
11029,'1867',840,,44848,31,,,0,100,,44849,31,,,0,104,,44850,31,,,0,100,,44851,31,,,0,100,,44852,31,,,0,100,,44853,31,,,0,100,,44854,31,,,0,100,,44855,31,,,0,100,,44856,31,,,0,97,,44857,31,,,0,99,,36626,31,,,0,101,,44858,31,,,0,95,,42497,31,,,0
11029,'1873',1344,,29958,31,,,0,200,,29960,31,,,0,100,,29961,31,,,0
11029,'1878',1840,,29977,31,,,0,196,,42508,31,,,0
11029,'1881',841,,29998,31,,,0,100,,42498,31,,,0,100,,30000,31,,,0,100,,36576,31,,,0,100,,36577,31,,,0,100,,36578,31,,,0,100,,36579,31,,,0,200,,36581,31,,,0,100,,36582,31,,,0,100,,36583,31,,,0,200,,42500,31,,,0,95,,29996,31,,,0
11029,'1882',641,,30011,24,,,0,100,,29997,31,,,0,800,,42499,31,,,0,400,,30009,31,,,0
11029,'1886',841,,44860,31,,,0,100,,44861,31,,,0,100,,44862,31,,,0,100,,44863,31,,,0,100,,44864,31,,,0,100,,44865,31,,,0,100,,44866,31,,,0,200,,44867,31,,,0,100,,44868,31,,,0,100,,44869,31,,,0,200,,44870,31,,,0,95,,44859,31,,,0
11029,'1887',640,,44871,24,,,0,98,,44882,31,,,0,102,,44872,31,,,0,100,,44873,31,,,0,101,,44874,31,,,0,103,,44875,31,,,0,100,,44876,31,,,0,200,,44877,31,,,0,297,,44878,31,,,0,100,,44879,31,,,0,99,,44880,31,,,0,101,,44881,31,,,0
11029,'1888',840,,44883,31,,,0,100,,44884,31,,,0,104,,44885,31,,,0,100,,44886,31,,,0,100,,44887,31,,,0,100,,44888,31,,,0,100,,44889,31,,,0,100,,44890,31,,,0,100,,44891,31,,,0,97,,44892,31,,,0,200,,44893,31,,,0
