15029,'1838',727,,36977,37,,,0,98,,45082,37,,,0,100,,36974,37,,,0,100,,36975,37,,,0,101,,45083,37,,,0,100,,36972,37,,,0,100,,36969,37,,,0,102,,45081,37,,,0,100,,36971,37,,,0,100,,36968,37,,,0,99,,45080,37,,,0,99,,36966,37,,,0,100,,36967,37,,,0,100,,45079,37,,,0
15029,'1865',653,,36995,37,,,0,69,,36996,37,,,0,34,,36997,37,,,0,71,,45086,37,,,0,73,,36999,37,,,0,30,,37000,37,,,0,25,,37001,37,,,0,70,,37002,37,,,0,30,,37003,37,,,0,70,,45087,37,,,0,30,,45088,37,,,0,70,,42575,37,,,0,30,,45089,37,,,0,70,,45090,37,,,0,30,,42576,37,,,0,70,,37010,37,,,0,33,,45091,37,,,0,75,,37012,37,,,0,72,,37013,37,,,0,30,,45092,37,,,0,68,,45093,37,,,0,23,,37016,37,,,0,29,,37017,37,,,0,69,,37018,37,,,0,27,,45094,37,,,0,70,,37020,37,,,0,30,,45095,37,,,0,70,,45096,37,,,0,30,,37023,37,,,0,100,,45098,37,,,0,97,,45097,37,,,0
15029,'1866',732,,37029,37,,,0,93,,37030,37,,,0,100,,45100,37,,,0,100,,37032,37,,,0,101,,37033,37,,,0,100,,45101,37,,,0,100,,37035,37,,,0,104,,37036,37,,,0,100,,45102,37,,,0,99,,37038,37,,,0,98,,37039,37,,,0,99,,45103,37,,,0,100,,37026,37,,,0,100,,37027,37,,,0
15029,'1867',727,,37054,37,,,0,98,,45107,37,,,0,100,,37051,37,,,0,100,,37052,37,,,0,101,,45108,37,,,0,100,,37049,37,,,0,100,,37046,37,,,0,102,,45106,37,,,0,100,,37048,37,,,0,100,,37045,37,,,0,99,,45105,37,,,0,99,,37043,37,,,0,100,,37044,37,,,0,100,,45104,37,,,0
15029,'1873',732,,30423,37,,,0,93,,30424,37,,,0,200,,30426,37,,,0,101,,30427,37,,,0,200,,30429,37,,,0,104,,30430,37,,,0,199,,30432,37,,,0,98,,30433,37,,,0,199,,30420,37,,,0,100,,30421,37,,,0
15029,'1878',727,,30448,37,,,0,198,,30445,37,,,0,100,,30446,37,,,0,201,,30443,37,,,0,100,,30440,37,,,0,202,,30442,37,,,0,100,,30439,37,,,0,198,,30437,37,,,0,100,,30438,37,,,0
15029,'1881',827,,36979,37,,,0,298,,36980,37,,,0,30,,36981,37,,,0,100,,36983,37,,,0,70,,36984,37,,,0,133,,36986,37,,,0,177,,36987,37,,,0,68,,36988,37,,,0,148,,30508,37,,,0,100,,36989,37,,,0,70,,42580,37,,,0,130,,36992,37,,,0,97,,36991,37,,,0
15029,'1882',653,,30484,37,,,0,69,,30485,37,,,0,34,,30486,37,,,0,144,,30488,37,,,0,30,,30489,37,,,0,25,,30490,37,,,0,70,,30491,37,,,0,30,,30492,37,,,0,170,,42578,37,,,0,130,,42579,37,,,0,70,,30499,37,,,0,108,,30501,37,,,0,72,,30502,37,,,0,121,,30505,37,,,0,29,,30506,37,,,0,69,,30507,37,,,0,97,,30509,37,,,0,130,,30512,37,,,0
15029,'1886',827,,45111,37,,,0,298,,45112,37,,,0,30,,45113,37,,,0,100,,45114,37,,,0,70,,45115,37,,,0,133,,45116,37,,,0,177,,45117,37,,,0,68,,45118,37,,,0,148,,45119,37,,,0,100,,45120,37,,,0,70,,45121,37,,,0,130,,45123,37,,,0,97,,45122,37,,,0
15029,'1887',925,,45125,37,,,0,301,,45126,37,,,0,304,,45127,37,,,0,296,,45128,37,,,0
15029,'1888',825,,45132,37,,,0,301,,45133,37,,,0,302,,45131,37,,,0,299,,45130,37,,,0,299,,45129,37,,,0
