2029,'1800',613,,19696,13,,,0,30,,19704,13,,,0,67,,19715,13,,,0,28,,19710,13,,,0,70,,19697,13,,,0,30,,19705,13,,,0,70,,19716,13,,,0,30,,19711,13,,,0,70,,19698,13,,,0,30,,19706,13,,,0,70,,19717,13,,,0,30,,19712,13,,,0,70,,19699,13,,,0,30,,19707,13,,,0,70,,19718,13,,,0,30,,19713,13,,,0,70,,19700,13,,,0,30,,19708,13,,,0,70,,19719,13,,,0,30,,19714,13,,,0,70,,19701,13,,,0,30,,19709,13,,,0,70,,19720,13,,,0,29,,19724,13,0,5 2 13 14,0,71,,19702,13,,,0,29,,19723,13,0,5 2 13 14,0,71,,19721,13,,,0,100,,19703,13,,,0,100,,19722,13,,,0,100,,19695,13,,,0,94,,19725,13,0,5 2 13 14,0,101,,19726,13,0,5 2 13 14,0
2029,'1838',613,,19664,13,,,0,30,,19672,13,,,0,67,,19683,13,,,0,28,,19678,13,,,0,70,,19665,13,,,0,30,,19673,13,,,0,70,,19684,13,,,0,30,,19679,13,,,0,70,,19666,13,,,0,30,,19674,13,,,0,70,,19685,13,,,0,30,,19680,13,,,0,70,,19667,13,,,0,30,,19675,13,,,0,70,,19686,13,,,0,30,,19681,13,,,0,70,,19668,13,,,0,30,,19676,13,,,0,70,,19687,13,,,0,30,,19682,13,,,0,70,,19669,13,,,0,30,,19677,13,,,0,70,,19688,13,,,0,29,,19692,13,0,5 2 13 14,0,71,,19670,13,,,0,29,,19691,13,0,5 2 13 14,0,71,,19689,13,,,0,100,,19671,13,,,0,100,,19690,13,,,0,100,,19663,13,,,0,94,,19693,13,0,5 2 13 14,0,101,,19694,13,0,5 2 13 14,0
2029,'1843',543,,19562,13,,,0,70,,19563,13,,,0,30,,19564,13,,,0,65,,19565,13,,,0,28,,19566,13,,,0,72,,19567,13,,,0,30,,19568,13,,,0,70,,19569,13,,,0,30,,19570,13,,,0,70,,19571,13,,,0,30,,19572,13,,,0,70,,19573,13,,,0,30,,19574,13,,,0,70,,19575,13,,,0,30,,19576,13,,,0,70,,19577,13,,,0,30,,19578,13,,,0,70,,19579,13,,,0,30,,19580,13,,,0,70,,19581,13,,,0,30,,19582,13,,,0,70,,19583,13,,,0,31,,19584,13,,,0,72,,19585,13,,,0,27,,19586,13,,,0,70,,19587,13,,,0,30,,19591,13,,,0,70,,19592,13,,,0,29,,19595,13,0,5 2 13 14,0,71,,19593,13,,,0,100,,19594,13,,,0,100,,19590,13,,,0,99,,19589,13,0,5 2 13 14,0,96,,19596,13,0,5 2 13 14,0
2029,'1845',543,,19628,13,0,5 2 15 16 17,0,70,,19611,13,,,0,30,,19618,13,,,0,65,,19597,13,,,0,30,,19603,13,,,0,70,,19612,13,,,0,30,,19619,13,,,0,70,,19598,13,,,0,30,,19604,13,,,0,70,,19613,13,,,0,30,,19620,13,,,0,70,,19599,13,,,0,30,,19605,13,,,0,70,,19614,13,,,0,30,,19621,13,,,0,70,,19600,13,,,0,30,,19606,13,,,0,70,,19615,13,,,0,30,,19622,13,,,0,70,,19601,13,,,0,30,,19607,13,,,0,70,,19616,13,,,0,30,,19623,13,,,0,70,,19602,13,,,0,30,,19608,13,,,0,70,,19617,13,,,0,30,,19624,13,,,0,70,,19609,13,,,0,31,,19630,13,0,5 2 13 14,0,69,,19625,13,,,0,100,,19610,13,,,0,100,,19626,13,,,0,95,,19627,13,0,5 2 13 14,0,99,,19629,13,0,5 2 13 14,0
2029,'1847',613,,19632,13,,,0,30,,19640,13,,,0,67,,19651,13,,,0,28,,19646,13,,,0,70,,19633,13,,,0,30,,19641,13,,,0,70,,19652,13,,,0,30,,19647,13,,,0,70,,19634,13,,,0,30,,19642,13,,,0,70,,19653,13,,,0,30,,19648,13,,,0,70,,19635,13,,,0,30,,19643,13,,,0,70,,19654,13,,,0,30,,19649,13,,,0,70,,19636,13,,,0,30,,19644,13,,,0,70,,19655,13,,,0,30,,19650,13,,,0,70,,19637,13,,,0,30,,19645,13,,,0,70,,19656,13,,,0,29,,19660,13,0,5 2 13 14,0,71,,19638,13,,,0,29,,19659,13,0,5 2 13 14,0,71,,19657,13,,,0,100,,19639,13,,,0,100,,19658,13,,,0,100,,19631,13,,,0,94,,19661,13,0,5 2 13 14,0,101,,19662,13,0,5 2 13 14,0
2029,'1850',543,,28649,13,,,0,70,,28650,13,,,0,30,,28651,13,,,0,65,,28652,13,,,0,28,,28653,13,,,0,72,,28654,13,,,0,30,,28655,13,,,0,70,,28656,13,,,0,30,,28657,13,,,0,70,,28658,13,,,0,30,,28659,13,,,0,70,,28660,13,,,0,30,,28661,13,,,0,70,,28662,13,,,0,30,,28663,13,,,0,70,,28664,13,,,0,30,,28665,13,,,0,70,,28666,13,,,0,30,,28667,13,,,0,70,,28668,13,,,0,30,,28669,13,,,0,70,,28670,13,,,0,31,,28671,13,,,0,72,,28672,13,,,0,27,,28673,13,,,0,70,,28674,13,,,0,30,,28678,13,,,0,70,,28679,13,,,0,29,,28682,13,0,5 2 13 14,0,71,,28680,13,,,0,100,,28681,13,,,0,100,,28677,13,,,0,99,,28676,13,0,5 2 13 14,0,96,,28683,13,0,5 2 13 14,0
7029,'1800',723,,29514,25,,,0,100,,29515,25,,,0,100,,29516,25,,,0,100,,29517,25,,,0,100,,29518,25,,,0,100,,29519,25,,,0,100,,29520,25,,,0,101,,29521,25,,,0,100,,29522,25,,,0,99,,29523,25,,,0,100,,29524,25,,,0,100,,29525,25,,,0,100,,29526,25,,,0,100,,29527,25,,,0,100,,29513,25,,,0
7029,'1838',723,,29530,25,,,0,100,,29531,25,,,0,100,,29532,25,,,0,100,,29533,25,,,0,100,,29534,25,,,0,100,,29535,25,,,0,100,,29536,25,,,0,101,,29537,25,,,0,100,,29538,25,,,0,99,,29539,25,,,0,100,,29540,25,,,0,100,,29541,25,,,0,100,,29542,25,,,0,100,,29543,25,,,0,100,,29529,25,,,0
7029,'1841',521,,25358,25,,,0,103,,25359,25,,,0,29,,25360,25,,,0,72,,25361,25,,,0,30,,20403,25,,,0,71,,20404,25,,,0,29,,25362,25,,,0,70,,20406,25,,,0,30,,25363,25,,,0,70,,25364,25,,,0,30,,20409,25,,,0,70,,25365,25,,,0,30,,20411,25,,,0,70,,25355,25,,,0,30,,25356,25,,,0,70,,20397,25,,,0,31,,25354,25,,,0,70,,25353,25,,,0,31,,25357,25,,,0,69,,25366,25,,,0,30,,25367,25,,,0,70,,25368,25,,,0,29,,25369,25,,,0,70,,20416,25,,,0,29,,25370,25,,,0,70,,25371,25,,,0,30,,25372,25,,,0,70,,25373,25,,,0,30,,25374,25,,,0,69,,25375,25,,,0,101,,25376,25,,,0,99,,25377,25,,,0,100,,25378,25,,,0
7029,'1848',624,,29576,14,,,0,29,,29545,25,,,0,70,,29559,25,,,0,30,,29546,25,,,0,70,,29560,25,,,0,30,,29547,25,,,0,70,,29561,25,,,0,30,,29548,25,,,0,70,,29562,25,,,0,30,,29549,25,,,0,70,,29563,25,,,0,30,,29550,25,,,0,70,,29564,25,,,0,30,,29551,25,,,0,70,,29565,25,,,0,30,,29552,25,,,0,71,,29566,25,,,0,30,,29553,25,,,0,70,,29567,25,,,0,30,,29554,25,,,0,69,,29568,25,,,0,30,,29555,25,,,0,70,,29569,25,,,0,30,,29556,25,,,0,70,,29570,25,,,0,30,,29557,25,,,0,70,,29571,25,,,0,30,,29558,25,,,0,70,,29572,25,,,0,100,,29573,25,,,0,100,,29574,25,,,0,100,,29575,25,,,0
7029,'1849',723,,29579,25,,,0,100,,29580,25,,,0,100,,29581,25,,,0,100,,29582,25,,,0,100,,29583,25,,,0,100,,29584,25,,,0,100,,29585,25,,,0,101,,29586,25,,,0,100,,29587,25,,,0,99,,29588,25,,,0,100,,29589,25,,,0,100,,29590,25,,,0,100,,29591,25,,,0,100,,29592,25,,,0,100,,29578,25,,,0
7029,'1850',521,,29600,25,,,0,103,,29601,25,,,0,29,,29602,25,,,0,72,,29603,25,,,0,30,,29604,25,,,0,71,,29605,25,,,0,29,,29606,25,,,0,70,,29607,25,,,0,30,,29608,25,,,0,70,,29609,25,,,0,30,,29610,25,,,0,70,,29611,25,,,0,30,,29612,25,,,0,70,,29596,25,,,0,30,,29597,25,,,0,70,,29598,25,,,0,31,,29595,25,,,0,70,,29594,25,,,0,31,,29599,25,,,0,69,,29613,25,,,0,30,,29614,25,,,0,70,,29615,25,,,0,29,,29616,25,,,0,70,,29617,25,,,0,29,,29618,25,,,0,70,,29619,25,,,0,30,,29620,25,,,0,70,,29621,25,,,0,30,,29622,25,,,0,69,,29623,25,,,0,101,,29624,25,,,0,99,,29625,25,,,0,100,,29626,25,,,0
7029,'1852',521,,29633,25,,,0,103,,29634,25,,,0,29,,29635,25,,,0,72,,29636,25,,,0,30,,29637,25,,,0,71,,29638,25,,,0,29,,29639,25,,,0,70,,29640,25,,,0,30,,29641,25,,,0,70,,29642,25,,,0,30,,29643,25,,,0,70,,29644,25,,,0,30,,29645,25,,,0,70,,29629,25,,,0,30,,29630,25,,,0,70,,29631,25,,,0,31,,29628,25,,,0,70,,29627,25,,,0,31,,29632,25,,,0,69,,29646,25,,,0,30,,29647,25,,,0,70,,29648,25,,,0,29,,29649,25,,,0,70,,29650,25,,,0,29,,29651,25,,,0,70,,29652,25,,,0,30,,29653,25,,,0,70,,29654,25,,,0,30,,29655,25,,,0,69,,29656,25,,,0,101,,29657,25,,,0,99,,29658,25,,,0,100,,29659,25,,,0
