4029,'1800',726,,28887,9,,,0,30,,28889,9,,,0,70,,28885,9,,,0,30,,28888,9,,,0,71,,28886,9,,,0,30,,28878,9,,,0,69,,28881,9,,,0,30,,28866,9,,,0,70,,28871,9,,,0,30,,28874,9,,,0,68,,28877,9,,,0,30,,28879,9,,,0,70,,28867,9,,,0,30,,28870,9,,,0,70,,28873,9,,,0,30,,28876,9,,,0,70,,28880,9,,,0,30,,28868,9,,,0,70,,28869,9,,,0,30,,28872,9,,,0,70,,28875,9,,,0,30,,28893,9,,,0,70,,28892,9,,,0,33,,28894,9,,,0,70,,28891,9,,,0,30,,28884,9,,,0,70,,28890,9,,,0,30,,28882,9,,,0,100,,28883,9,,,0
4029,'1838',726,,28916,9,,,0,30,,28918,9,,,0,70,,28914,9,,,0,30,,28917,9,,,0,71,,28915,9,,,0,30,,28907,9,,,0,69,,28910,9,,,0,30,,28895,9,,,0,70,,28900,9,,,0,30,,28903,9,,,0,68,,28906,9,,,0,30,,28908,9,,,0,70,,28896,9,,,0,30,,28899,9,,,0,70,,28902,9,,,0,30,,28905,9,,,0,70,,28909,9,,,0,30,,28897,9,,,0,70,,28898,9,,,0,30,,28901,9,,,0,70,,28904,9,,,0,30,,28922,9,,,0,70,,28921,9,,,0,33,,28923,9,,,0,70,,28920,9,,,0,30,,28913,9,,,0,70,,28919,9,,,0,30,,28911,9,,,0,100,,28912,9,,,0
4029,'1841',626,,25097,9,,,0,30,,25098,9,,,0,73,,19878,9,,,0,24,,25099,9,,,0,76,,25100,9,,,0,24,,19881,9,,,0,71,,25101,9,,,0,30,,25102,9,,,0,70,,25103,9,,,0,30,,19885,9,,,0,70,,19886,9,,,0,31,,25104,9,,,0,70,,25105,9,,,0,30,,25106,9,,,0,70,,19890,9,,,0,30,,25107,9,,,0,70,,19892,9,,,0,75,,25108,9,,,0,25,,25109,9,,,0,76,,19895,9,,,0,24,,25110,9,,,0,76,,25111,9,,,0,24,,25112,9,,,0,76,,25113,9,,,0,27,,25114,9,,,0,29,,25115,9,,,0,70,,25116,9,,,0,30,,25117,9,,,0,70,,25118,9,,,0,30,,25119,9,,,0,70,,25120,9,,,0,30,,25121,9,,,0
4029,'1848',628,,28948,9,,,0,28,,28949,9,,,0,70,,28950,9,,,0,30,,28951,9,,,0,70,,28952,9,,,0,30,,28953,9,,,0,71,,28954,9,,,0,30,,28941,9,,,0,70,,28935,9,,,0,29,,28928,9,,,0,70,,28939,9,,,0,28,,28945,9,,,0,70,,28940,9,,,0,30,,28927,9,,,0,70,,28932,9,,,0,30,,28943,9,,,0,70,,28926,9,,,0,30,,28942,9,,,0,70,,28937,9,,,0,30,,28929,9,,,0,70,,28924,9,,,0,30,,28944,9,,,0,70,,28947,9,,,0,30,,28938,9,,,0,70,,28933,9,,,0,30,,28955,9,,,0,75,,28930,9,,,0,30,,28925,9,,,0,68,,28931,9,,,0,30,,28936,9,,,0,70,,28946,9,,,0,30,,28934,9,,,0
4029,'1849',726,,28977,9,,,0,30,,28979,9,,,0,70,,28975,9,,,0,30,,28978,9,,,0,71,,28976,9,,,0,30,,28968,9,,,0,69,,28971,9,,,0,30,,28956,9,,,0,70,,28961,9,,,0,30,,28964,9,,,0,68,,28967,9,,,0,30,,28969,9,,,0,70,,28957,9,,,0,30,,28960,9,,,0,70,,28963,9,,,0,30,,28966,9,,,0,70,,28970,9,,,0,30,,28958,9,,,0,70,,28959,9,,,0,30,,28962,9,,,0,70,,28965,9,,,0,30,,28983,9,,,0,70,,28982,9,,,0,33,,28984,9,,,0,70,,28981,9,,,0,30,,28974,9,,,0,70,,28980,9,,,0,30,,28972,9,,,0,100,,28973,9,,,0
4029,'1850',626,,28985,9,,,0,30,,28986,9,,,0,73,,28987,9,,,0,24,,28988,9,,,0,76,,28989,9,,,0,24,,28990,9,,,0,71,,28991,9,,,0,30,,28992,9,,,0,70,,28993,9,,,0,30,,28994,9,,,0,70,,28995,9,,,0,31,,28996,9,,,0,70,,28997,9,,,0,30,,28998,9,,,0,70,,28999,9,,,0,30,,29000,9,,,0,70,,29001,9,,,0,75,,29002,9,,,0,25,,29003,9,,,0,76,,29004,9,,,0,24,,29005,9,,,0,76,,29006,9,,,0,24,,29007,9,,,0,76,,29008,9,,,0,27,,29009,9,,,0,29,,29010,9,,,0,70,,29011,9,,,0,30,,29012,9,,,0,70,,29013,9,,,0,30,,29014,9,,,0,70,,29015,9,,,0,30,,29016,9,,,0
4029,'1852',626,,29017,9,,,0,30,,29018,9,,,0,73,,29019,9,,,0,24,,29020,9,,,0,76,,29021,9,,,0,24,,29022,9,,,0,71,,29023,9,,,0,30,,29024,9,,,0,70,,29025,9,,,0,30,,29026,9,,,0,70,,29027,9,,,0,31,,29028,9,,,0,70,,29029,9,,,0,30,,29030,9,,,0,70,,29031,9,,,0,30,,29032,9,,,0,70,,29033,9,,,0,75,,29034,9,,,0,25,,29035,9,,,0,76,,29036,9,,,0,24,,29037,9,,,0,76,,29038,9,,,0,24,,29039,9,,,0,76,,29040,9,,,0,27,,29041,9,,,0,29,,29042,9,,,0,70,,29043,9,,,0,30,,29044,9,,,0,70,,29045,9,,,0,30,,29046,9,,,0,70,,29047,9,,,0,30,,29048,9,,,0
501019,'1800',613,,31767,6,,,0,30,,31781,6,,,0,67,,31766,6,,,0,30,,31780,6,,,0,70,,31769,6,,,0,31,,31782,6,,,0,70,,31770,6,,,0,30,,31779,6,,,0,72,,31758,6,,,0,30,,31771,6,,,0,70,,31757,6,,,0,30,,31772,6,,,0,70,,31760,6,,,0,30,,31773,6,,,0,70,,31756,6,,,0,30,,31778,6,,,0,70,,31755,6,,,0,30,,31777,6,,,0,70,,31754,6,,,0,30,,31774,6,,,0,70,,31753,6,,,0,30,,31776,6,,,0,70,,31759,6,,,0,30,,31775,6,,,0,69,,31768,6,,,0,30,,31783,6,,,0,69,,31765,6,,,0,30,,31786,6,,,0,70,,31764,6,,,0,30,,31752,6,,,0,70,,31763,6,,,0,30,,31784,6,,,0,68,,31762,6,,,0,30,,31785,6,,,0,70,,31761,6,,,0
501019,'1838',613,,31802,6,,,0,30,,31816,6,,,0,67,,31801,6,,,0,30,,31815,6,,,0,70,,31804,6,,,0,31,,31817,6,,,0,70,,31805,6,,,0,30,,31814,6,,,0,72,,31793,6,,,0,30,,31806,6,,,0,70,,31792,6,,,0,30,,31807,6,,,0,70,,31795,6,,,0,30,,31808,6,,,0,70,,31791,6,,,0,30,,31813,6,,,0,70,,31790,6,,,0,30,,31812,6,,,0,70,,31789,6,,,0,30,,31809,6,,,0,70,,31788,6,,,0,30,,31811,6,,,0,70,,31794,6,,,0,30,,31810,6,,,0,69,,31803,6,,,0,30,,31818,6,,,0,69,,31800,6,,,0,30,,31821,6,,,0,70,,31799,6,,,0,30,,31787,6,,,0,70,,31798,6,,,0,30,,31819,6,,,0,68,,31797,6,,,0,30,,31820,6,,,0,70,,31796,6,,,0
501019,'1841',610,,22301,6,,,0,30,,26328,6,,,0,75,,26329,6,,,0,25,,26330,6,,,0,64,,26331,6,,,0,12,,22306,6,,,0,24,,22307,6,,,0,62,,22308,6,,,0,11,,26332,6,,,0,30,,22310,6,,,0,70,,22311,6,,,0,30,,26333,6,,,0,71,,26334,6,,,0,30,,26335,6,,,0,70,,22315,6,,,0,30,,26336,6,,,0,70,,22317,6,,,0,30,,22318,6,,,0,70,,22319,6,,,0,26,,22320,6,,,0,12,,26337,6,,,0,62,,26338,6,,,0,24,,26339,6,,,0,12,,26340,6,,,0,64,,22325,6,,,0,24,,26341,6,,,0,12,,26342,6,,,0,64,,22328,6,,,0,23,,26343,6,,,0,12,,26344,6,,,0,66,,26345,6,,,0,28,,26346,6,,,0,70,,26347,6,,,0,29,,22334,6,,,0,70,,26348,6,,,0,30,,26349,6,,,0,68,,26350,6,,,0,30,,26351,6,,,0,70,,26352,6,,,0,30,,26353,6,,,0,70,,26354,6,,,0
501019,'1848',613,,31831,6,,,0,30,,31834,6,,,0,67,,31830,6,,,0,30,,31833,6,,,0,70,,31829,6,,,0,31,,31835,6,,,0,70,,31828,6,,,0,30,,31832,6,,,0,72,,31841,6,,,0,30,,31851,6,,,0,70,,31842,6,,,0,30,,31852,6,,,0,70,,31843,6,,,0,30,,31853,6,,,0,70,,31844,6,,,0,30,,31854,6,,,0,70,,31845,6,,,0,31,,31855,6,,,0,70,,31846,6,,,0,30,,31856,6,,,0,70,,31847,6,,,0,30,,31849,6,,,0,70,,31848,6,,,0,30,,31850,6,,,0,70,,31827,6,,,0,28,,31840,6,,,0,70,,31826,6,,,0,30,,31838,6,,,0,68,,31825,6,,,0,30,,31839,6,,,0,70,,31824,6,,,0,30,,31836,6,,,0,69,,31823,6,,,0,30,,31837,6,,,0,70,,31822,6,,,0
501019,'1849',613,,31872,6,,,0,30,,31886,6,,,0,67,,31871,6,,,0,30,,31885,6,,,0,70,,31874,6,,,0,31,,31887,6,,,0,70,,31875,6,,,0,30,,31884,6,,,0,72,,31863,6,,,0,30,,31876,6,,,0,70,,31862,6,,,0,30,,31877,6,,,0,70,,31865,6,,,0,30,,31878,6,,,0,70,,31861,6,,,0,30,,31883,6,,,0,70,,31860,6,,,0,30,,31882,6,,,0,70,,31859,6,,,0,30,,31879,6,,,0,70,,31858,6,,,0,30,,31881,6,,,0,70,,31864,6,,,0,30,,31880,6,,,0,69,,31873,6,,,0,30,,31888,6,,,0,69,,31870,6,,,0,30,,31891,6,,,0,70,,31869,6,,,0,30,,31857,6,,,0,70,,31868,6,,,0,30,,31889,6,,,0,68,,31867,6,,,0,30,,31890,6,,,0,70,,31866,6,,,0
501019,'1850',610,,31893,6,,,0,30,,31894,6,,,0,75,,31895,6,,,0,25,,31896,6,,,0,64,,31897,6,,,0,12,,31898,6,,,0,24,,31899,6,,,0,62,,31900,6,,,0,11,,31901,6,,,0,30,,31902,6,,,0,70,,31903,6,,,0,30,,31904,6,,,0,71,,31905,6,,,0,30,,31906,6,,,0,70,,31907,6,,,0,30,,31908,6,,,0,70,,31909,6,,,0,30,,31910,6,,,0,70,,31911,6,,,0,26,,31912,6,,,0,12,,31913,6,,,0,62,,31914,6,,,0,24,,31915,6,,,0,12,,31916,6,,,0,64,,31917,6,,,0,24,,31918,6,,,0,12,,31919,6,,,0,64,,31920,6,,,0,23,,31921,6,,,0,12,,31922,6,,,0,66,,31923,6,,,0,28,,31924,6,,,0,70,,31925,6,,,0,29,,31926,6,,,0,70,,31927,6,,,0,30,,31928,6,,,0,68,,31929,6,,,0,30,,31930,6,,,0,69,,31931,6,,,0,30,,31932,6,,,0,70,,31933,6,,,0
501019,'1852',610,,31935,6,,,0,30,,31936,6,,,0,75,,31937,6,,,0,25,,31938,6,,,0,64,,31939,6,,,0,12,,31940,6,,,0,24,,31941,6,,,0,62,,31942,6,,,0,11,,31943,6,,,0,30,,31944,6,,,0,70,,31945,6,,,0,30,,31946,6,,,0,71,,31947,6,,,0,30,,31948,6,,,0,70,,31949,6,,,0,30,,31950,6,,,0,70,,31951,6,,,0,30,,31952,6,,,0,70,,31953,6,,,0,26,,31954,6,,,0,12,,31955,6,,,0,62,,31956,6,,,0,24,,31957,6,,,0,12,,31958,6,,,0,64,,31959,6,,,0,24,,31960,6,,,0,12,,31961,6,,,0,64,,31962,6,,,0,23,,31963,6,,,0,12,,31964,6,,,0,66,,31965,6,,,0,28,,31966,6,,,0,70,,31967,6,,,0,29,,31968,6,,,0,70,,31969,6,,,0,30,,31970,6,,,0,68,,31971,6,,,0,30,,31972,6,,,0,69,,31973,6,,,0,30,,31974,6,,,0,70,,31975,6,,,0
14000001019,'1800',2403,,34757,11,,,0,30,,34756,11,,,0,70,,24911,11,,,0,30,,34758,11,,,0,70,,34755,11,,,0
14000001019,'1838',2403,,34761,11,,,0,30,,34760,11,,,0,70,,24906,11,,,0,30,,34762,11,,,0,70,,34759,11,,,0
14000001019,'1841',2403,,28276,11,,,0,30,,28274,11,,,0,100,,28275,11,,,0,70,,28273,11,,,0
14000001019,'1843',2503,,24893,11,,,0
14000001019,'1845',2503,,24899,11,,,0
14000001019,'1847',2503,,24901,11,,,0
14000001019,'1848',2403,,34766,11,,,0,30,,34763,11,,,0,100,,34765,11,,,0,70,,34764,11,,,0
14000001019,'1849',2403,,34769,11,,,0,30,,34768,11,,,0,100,,34770,11,,,0,70,,34767,11,,,0
14000001019,'1850',2403,,34775,11,,,0,30,,34772,11,,,0,70,,34773,11,,,0,30,,34774,11,,,0,70,,34771,11,,,0
14000001019,'1852',2403,,34779,11,,,0,30,,34777,11,,,0,100,,34778,11,,,0,70,,34776,11,,,0
