1019,'1817',620,,16535,25,,,0,100,,16536,25,,,0,101,,16537,25,,,0,100,,16538,25,,,0,100,,16539,25,,,0,100,,16540,25,,,0,100,,16541,25,,,0,100,,16542,25,,,0,100,,16543,25,,,0,100,,16544,25,,,0,100,,16545,25,,,0,100,,16546,25,,,0,100,,16547,25,,,0,100,,16548,25,,,0,100,,16549,25,,,0,100,,16550,25,,,0,103,,16551,25,,,0,95,,16552,25,,,0
1019,'1820',550,,13768,25,,,0,75,,9355,25,,,0,30,,9331,25,,,0,70,,13765,25,,,0,31,,13774,25,,,0,71,,9328,25,,,0,30,,9334,25,,,0,70,,13780,25,,,0,30,,13767,25,,,0,70,,9324,25,,,0,31,,13773,25,,,0,70,,9329,25,,,0,30,,13769,25,,,0,70,,13779,25,,,0,30,,9332,25,,,0,70,,9325,25,,,0,30,,9356,25,,,0,71,,13766,25,,,0,30,,13770,25,,,0,70,,13778,25,,,0,29,,13775,25,,,0,70,,9338,25,,,0,30,,9305,25,,,0,69,,9339,25,,,0,30,,9341,25,,,0,70,,13771,25,,,0,29,,9337,25,,,0,65,,9357,25,,,0,30,,9351,25,,,0,70,,13777,25,,,0,30,,9350,25,,,0,70,,13776,25,,,0,34,,9348,25,,,0,70,,9347,25,,,0,30,,9345,25,,,0,65,,13772,25,,,0
1019,'1823',550,,16562,25,,,0,75,,16585,25,,,0,30,,16560,25,,,0,70,,16555,25,,,0,31,,16574,25,,,0,71,,16557,25,,,0,30,,16563,25,,,0,70,,16588,25,,,0,30,,16559,25,,,0,70,,16553,25,,,0,31,,16573,25,,,0,70,,16558,25,,,0,30,,16564,25,,,0,70,,16584,25,,,0,30,,16561,25,,,0,70,,16554,25,,,0,30,,16586,25,,,0,71,,16556,25,,,0,30,,16565,25,,,0,70,,16583,25,,,0,29,,16576,25,,,0,70,,16568,25,,,0,30,,16566,25,,,0,69,,16569,25,,,0,30,,16571,25,,,0,70,,16570,25,,,0,29,,16567,25,,,0,65,,16587,25,,,0,30,,16581,25,,,0,70,,16582,25,,,0,30,,16580,25,,,0,70,,16579,25,,,0,34,,16578,25,,,0,70,,16577,25,,,0,30,,16575,25,,,0,65,,16572,25,,,0
1019,'1824',550,,16600,25,,,0,70,,16614,25,,,0,30,,16599,25,,,0,70,,16619,25,,,0,31,,16609,25,,,0,70,,16593,25,,,0,30,,16615,25,,,0,70,,16617,25,,,0,30,,16598,25,,,0,70,,16620,25,,,0,30,,16608,25,,,0,70,,16592,25,,,0,30,,16603,25,,,0,70,,16613,25,,,0,30,,16597,25,,,0,70,,16621,25,,,0,30,,16607,25,,,0,70,,16591,25,,,0,30,,16602,25,,,0,70,,16612,25,,,0,30,,16596,25,,,0,70,,16622,25,,,0,30,,16606,25,,,0,70,,16590,25,,,0,30,,16601,25,,,0,70,,16611,25,,,0,30,,16594,25,,,0,70,,16623,25,,,0,30,,16604,25,,,0,70,,16589,25,,,0,30,,16595,25,,,0,70,,16610,25,,,0,33,,16605,25,,,0,70,,16624,25,,,0,30,,16618,25,,,0,65,,16616,25,,,0
802019,'1816',834,,13596,4,,,0,100,,13592,4,,,0,70,,13593,4,,,0,100,,13574,4,,,0,30,,13587,4,,,0,100,,13573,4,,,0,70,,13586,4,,,0,100,,13575,4,,,0,30,,13585,4,,,0,100,,13571,4,,,0,70,,13584,4,,,0,100,,13572,4,,,0,30,,13583,4,,,0,100,,13570,4,,,0,70,,13582,4,,,0,100,,13589,4,,,0,30,,13590,4,,,0,100,,13594,4,,,0
802019,'1817',834,,13508,4,,,0,70,,13520,4,,,0,30,,19040,4,,,0,70,,13509,4,,,0,30,,13514,4,,,0,70,,13518,4,,,0,30,,13525,4,,,0,70,,13529,4,,,0,30,,13517,4,,,0,70,,13519,4,,,0,30,,13530,4,,,0,70,,13524,4,,,0,30,,13513,4,,,0,70,,13528,4,,,0,30,,13523,4,,,0,70,,13511,4,,,0,30,,13527,4,,,0,70,,13507,4,,,0,30,,13526,4,,,0,70,,13533,4,,,0,30,,13522,4,,,0,70,,13512,4,,,0,30,,13531,4,,,0,70,,13515,4,,,0,30,,13510,4,,,0,70,,13532,4,,,0,30,,13516,4,,,0
802019,'1820',653,,16403,4,,,0,70,,16402,4,,,0,20,,16405,4,,,0,60,,16378,4,,,0,100,,16379,4,,,0,30,,16380,4,,,0,100,,16381,4,,,0,70,,16382,4,,,0,30,,16383,4,,,0,71,,16384,4,,,0,30,,16385,4,,,0,70,,16386,4,,,0,30,,16387,4,,,0,70,,16388,4,,,0,30,,16389,4,,,0,70,,16390,4,,,0,20,,16391,4,,,0,20,,16392,4,,,0,160,,16393,4,,,0,20,,16394,4,,,0,20,,16404,4,,,0,80,,16395,4,,,0,80,,16396,4,,,0,30,,16397,4,,,0,69,,16398,4,,,0,25,,16399,4,,,0,30,,16400,4,,,0,70,,16401,4,,,0
802019,'1821',608,,13569,4,,,0,225,,13563,4,,,0,170,,13537,4,,,0,601,,13565,4,,,0,20,,13550,4,,,0,20,,13551,4,,,0,160,,13554,4,,,0,40,,13556,4,,,0
802019,'1823',653,,19066,4,,,0,70,,19065,4,,,0,20,,19068,4,,,0,60,,19041,4,,,0,100,,19042,4,,,0,30,,19043,4,,,0,100,,19044,4,,,0,70,,19045,4,,,0,30,,19046,4,,,0,71,,19047,4,,,0,30,,19048,4,,,0,70,,19049,4,,,0,30,,19050,4,,,0,70,,19051,4,,,0,30,,19052,4,,,0,70,,19053,4,,,0,20,,19054,4,,,0,20,,19055,4,,,0,160,,19056,4,,,0,20,,19057,4,,,0,20,,19067,4,,,0,80,,19058,4,,,0,80,,19059,4,,,0,30,,19060,4,,,0,69,,19061,4,,,0,25,,19062,4,,,0,30,,19063,4,,,0,70,,19064,4,,,0
802019,'1824',904,,19076,4,,,0,130,,19074,4,,,0,170,,19073,4,,,0,130,,19071,4,,,0,170,,19072,4,,,0,130,,19070,4,,,0,170,,19069,4,,,0,130,,19075,4,,,0,170,,19077,4,,,0
