15019,'1838',724,,45028,29,,,0,100,,36883,29,,,0,100,,36886,29,,,0,101,,45027,29,,,0,100,,36881,29,,,0,100,,36879,29,,,0,100,,45026,29,,,0,100,,36880,29,,,0,100,,36877,29,,,0,100,,45025,29,,,0,100,,36875,29,,,0,100,,36876,29,,,0,100,,45024,29,,,0,99,,36887,29,,,0
15019,'1865',649,,36905,29,,,0,70,,45029,29,,,0,34,,36907,29,,,0,70,,36908,29,,,0,27,,36909,29,,,0,70,,36910,29,,,0,30,,36911,29,,,0,70,,45030,29,,,0,30,,45031,29,,,0,70,,42569,29,,,0,30,,45032,29,,,0,70,,45033,29,,,0,30,,42570,29,,,0,70,,36918,29,,,0,30,,45034,29,,,0,70,,36920,29,,,0,31,,36921,29,,,0,70,,45035,29,,,0,30,,45036,29,,,0,70,,36924,29,,,0,29,,36925,29,,,0,70,,36926,29,,,0,29,,45037,29,,,0,70,,36928,29,,,0,30,,45038,29,,,0,70,,45039,29,,,0,30,,36931,29,,,0,100,,45040,29,,,0,98,,45041,29,,,0,100,,45042,29,0,5 2 6 7,0
15019,'1866',724,,36935,29,,,0,100,,45043,29,,,0,100,,36937,29,,,0,101,,36938,29,,,0,100,,45044,29,,,0,100,,36940,29,,,0,100,,36941,29,,,0,100,,45045,29,,,0,100,,36943,29,,,0,100,,36944,29,,,0,100,,45046,29,,,0,100,,36946,29,,,0,100,,36947,29,,,0,99,,45047,29,,,0
15019,'1867',724,,45053,29,,,0,100,,36959,29,,,0,100,,36962,29,,,0,101,,45052,29,,,0,100,,36957,29,,,0,100,,36955,29,,,0,100,,45051,29,,,0,100,,36956,29,,,0,100,,36953,29,,,0,100,,45050,29,,,0,100,,36951,29,,,0,100,,36952,29,,,0,100,,45049,29,,,0,99,,36963,29,,,0
15019,'1873',724,,30301,29,,,0,200,,30303,29,,,0,101,,30304,29,,,0,200,,30306,29,,,0,100,,30307,29,,,0,200,,30309,29,,,0,100,,30310,29,,,0,200,,30312,29,,,0,100,,30313,29,,,0
15019,'1878',824,,30325,29,,,0,100,,30328,29,,,0,201,,30323,29,,,0,100,,30321,29,,,0,200,,30322,29,,,0,100,,30319,29,,,0,200,,30317,29,,,0,100,,30318,29,,,0,199,,30329,29,,,0
15019,'1881',719,,36889,29,,,0,301,,36890,29,,,0,30,,36891,29,,,0,100,,36893,29,,,0,70,,36894,29,,,0,130,,36896,29,,,0,171,,36897,29,,,0,30,,36898,29,,,0,198,,30384,29,,,0,100,,36899,29,,,0,70,,42574,29,,,0,130,,36901,29,,,0,98,,36902,29,,,0,100,,36903,29,0,5 2 6 7,0
15019,'1882',649,,30362,29,,,0,104,,30364,29,,,0,70,,30365,29,,,0,27,,30366,29,,,0,70,,30367,29,,,0,30,,30368,29,,,0,170,,42572,29,,,0,130,,42573,29,,,0,70,,30375,29,,,0,100,,30377,29,,,0,31,,30378,29,,,0,170,,30381,29,,,0,29,,30382,29,,,0,70,,30383,29,,,0,99,,30385,29,,,0,130,,30388,29,,,0
15019,'1886',719,,45054,29,,,0,301,,45055,29,,,0,30,,45056,29,,,0,100,,45057,29,,,0,70,,45058,29,,,0,130,,45059,29,,,0,171,,45060,29,,,0,30,,45061,29,,,0,198,,45062,29,,,0,100,,45063,29,,,0,70,,45064,29,,,0,130,,45065,29,,,0,98,,45066,29,,,0,100,,45067,29,0,5 2 6 7,0
15019,'1887',824,,45068,29,,,0,301,,45069,29,,,0,300,,45070,29,,,0,300,,45071,29,,,0,299,,45072,29,,,0
15019,'1888',724,,45078,29,,,0,301,,45077,29,,,0,300,,45076,29,,,0,300,,45075,29,,,0,300,,45074,29,,,0
