12019,'1843',637,,20790,9,0,5 2 12,0,70,,20791,9,0,5 2 12,0,30,,20792,9,0,5 2 12,0,70,,20793,9,0,5 2 12,0,30,,20794,9,0,5 2 12,0,602,,20795,9,0,5 2 12,0,70,,20796,9,0,5 2 12,0,30,,20797,9,0,5 2 12,0,70,,20798,9,0,5 2 12,0,30,,20799,9,0,5 2 12,0,70,,20800,9,0,5 2 12,0,30,,20801,9,0,5 2 12,0,70,,20802,9,0,5 2 12,0
12019,'1850',637,,30012,9,0,5 2 12,0,70,,30013,9,0,5 2 12,0,30,,30014,9,0,5 2 12,0,70,,30015,9,0,5 2 12,0,30,,30016,9,0,5 2 12,0,602,,30017,9,0,5 2 12,0,70,,30018,9,0,5 2 12,0,30,,30019,9,0,5 2 12,0,70,,30020,9,0,5 2 12,0,30,,30021,9,0,5 2 12,0,70,,30022,9,0,5 2 12,0,30,,30023,9,0,5 2 12,0,70,,30024,9,0,5 2 12,0
601019,'1800',2157,,23359,6,,,0,70,,23358,6,,,0,29,,23357,13,,,0
601019,'1838',628,,23324,13,,,0,30,,23327,13,,,0,70,,23351,13,,,0,30,,23336,13,,,0,70,,23354,13,,,0,30,,23322,13,,,0,70,,23329,13,,,0,30,,23349,13,,,0,70,,23352,13,,,0,30,,23323,13,,,0,70,,23335,13,,,0,30,,23353,13,,,0,72,,23348,13,,,0,70,,23326,13,,,0,30,,23338,13,,,0,70,,23344,13,,,0,30,,23341,13,,,0,70,,23331,13,,,0,30,,23330,13,,,0,70,,23325,13,,,0,28,,23345,13,,,0,30,,23334,13,,,0,70,,23347,13,,,0,30,,23343,13,,,0,70,,23328,13,,,0,30,,23350,13,,,0,68,,23342,13,,,0,30,,23356,13,,,0,70,,23339,13,,,0,30,,23355,13,,,0,70,,23332,13,,,0,30,,23333,13,,,0,70,,23340,13,,,0,30,,23337,13,,,0
601019,'1841',625,,23261,13,,,0,32,,23255,12,0,19 2 11 2 22 1 23,0,56,,23248,12,0,19 2 11 2 22 1 23,0,12,,23252,12,0,19 2 11 2 22 1 23,0,33,,23256,12,0,19 2 11 2 22 1 23,0,55,,23247,12,0,19 2 11 2 22 1 23,0,15,,23249,12,0,19 2 11 2 22 1 23,0,78,,23273,13,,,0,100,,23279,13,,,0,99,,23274,13,,,0,100,,23282,13,,,0,100,,23275,13,,,0,100,,23281,13,,,0,105,,23266,12,0,19 2 11 2 22 1 23,0,100,,23264,12,0,19 2 11 2 22 1 23,0,99,,23268,12,0,19 2 11 2 22 1 23,0,100,,23269,12,0,19 2 11 2 22 1 23,0,100,,23244,13,,,0
601019,'1843',645,,23253,13,,,0,96,,23263,12,0,19 2 11 2 22 1 23,0,101,,23262,12,0,19 2 11 2 22 1 23,0,94,,23278,13,,,0,99,,23276,13,,,0,100,,23280,13,,,0,100,,23277,13,,,0,100,,23283,13,,,0,90,,23241,13,,,0,15,,23270,12,0,19 2 11 2 22 1 23,0,15,,23258,12,0,19 2 11 2 22 1 23,0,70,,23254,12,0,19 2 11 2 22 1 23,0,15,,23267,12,0,19 2 11 2 22 1 23,0,15,,23257,12,0,19 2 11 2 22 1 23,0,69,,23259,12,0,19 2 11 2 22 1 23,0,15,,23265,12,0,19 2 11 2 22 1 23,0,15,,23251,12,0,19 2 11 2 22 1 23,0,70,,23246,12,0,19 2 11 2 22 1 23,0,15,,23271,12,0,19 2 11 2 22 1 23,0,15,,23250,12,0,19 2 11 2 22 1 23,0,70,,23235,13,,,0,30,,23236,13,,,0,70,,23242,13,,,0,29,,23239,13,,,0,70,,23240,13,,,0,30,,23234,13,,,0,70,,23237,13,,,0,30,,23233,13,,,0,70,,23238,13,,,0,33,,23243,13,,,0
601019,'1845',628,,23300,13,,,0,30,,23318,13,,,0,70,,23299,13,,,0,30,,23317,13,,,0,70,,23298,13,,,0,30,,23316,13,,,0,70,,23297,13,,,0,30,,23315,13,,,0,70,,23295,13,,,0,30,,23313,13,,,0,70,,23296,13,,,0,30,,23314,13,,,0,72,,23294,13,,,0,70,,23312,13,,,0,30,,23285,13,,,0,70,,23311,13,,,0,30,,23293,13,,,0,70,,23310,13,,,0,30,,23291,13,,,0,70,,23309,13,,,0,28,,23286,13,,,0,30,,23307,13,,,0,70,,23288,13,,,0,30,,23308,13,,,0,70,,23292,13,,,0,30,,23306,13,,,0,68,,23287,13,,,0,30,,23305,13,,,0,70,,23290,13,,,0,30,,23304,13,,,0,70,,23289,13,,,0,30,,23303,13,,,0,70,,23284,13,,,0,30,,23302,13,,,0
601019,'1847',2157,,23321,6,,,0,70,,23320,6,,,0,29,,23319,13,,,0
601019,'1850',625,,32942,13,,,0,20,,32934,13,,,0,12,,32936,12,0,19 2 11 2 22 1 23,0,56,,32929,12,0,19 2 11 2 22 1 23,0,12,,32933,12,0,19 2 11 2 22 1 23,0,16,,32944,12,0,19 2 11 2 22 1 23,0,17,,32937,12,0,19 2 11 2 22 1 23,0,55,,32928,12,0,19 2 11 2 22 1 23,0,15,,32930,12,0,19 2 11 2 22 1 23,0,14,,32943,12,0,19 2 11 2 22 1 23,0,64,,32954,13,,,0,30,,32959,13,,,0,70,,32960,13,,,0,29,,32957,13,,,0,70,,32955,13,,,0,30,,32961,13,,,0,70,,32963,13,,,0,30,,32958,13,,,0,70,,32956,13,,,0,30,,32964,13,,,0,70,,32962,13,,,0,20,,32922,13,,,0,15,,32951,12,0,19 2 11 2 22 1 23,0,15,,32939,12,0,19 2 11 2 22 1 23,0,55,,32947,12,0,19 2 11 2 22 1 23,0,15,,32935,12,0,19 2 11 2 22 1 23,0,15,,32948,12,0,19 2 11 2 22 1 23,0,15,,32938,12,0,19 2 11 2 22 1 23,0,55,,32945,12,0,19 2 11 2 22 1 23,0,14,,32940,12,0,19 2 11 2 22 1 23,0,15,,32946,12,0,19 2 11 2 22 1 23,0,15,,32932,12,0,19 2 11 2 22 1 23,0,55,,32949,12,0,19 2 11 2 22 1 23,0,15,,32927,12,0,19 2 11 2 22 1 23,0,15,,32952,12,0,19 2 11 2 22 1 23,0,15,,32931,12,0,19 2 11 2 22 1 23,0,55,,32950,12,0,19 2 11 2 22 1 23,0,15,,32916,13,,,0,30,,32917,13,,,0,55,,32925,13,,,0,15,,32923,13,,,0,29,,32920,13,,,0,70,,32921,13,,,0,30,,32915,13,,,0,70,,32918,13,,,0,30,,32914,13,,,0,70,,32919,13,,,0,33,,32924,13,,,0
601019,'1852',625,,32973,13,,,0,32,,32970,12,0,19 2 11 2 22 1 23,0,56,,32967,12,0,19 2 11 2 22 1 23,0,12,,32969,12,0,19 2 11 2 22 1 23,0,33,,32971,12,0,19 2 11 2 22 1 23,0,55,,32966,12,0,19 2 11 2 22 1 23,0,15,,32968,12,0,19 2 11 2 22 1 23,0,78,,32978,13,,,0,100,,32981,13,,,0,99,,32979,13,,,0,100,,32983,13,,,0,100,,32980,13,,,0,100,,32982,13,,,0,105,,32975,12,0,19 2 11 2 22 1 23,0,100,,32974,12,0,19 2 11 2 22 1 23,0,99,,32976,12,0,19 2 11 2 22 1 23,0,100,,32977,12,0,19 2 11 2 22 1 23,0,100,,32965,13,,,0
