16019,'1799',947,,21266,4,,,0,700,,21255,4,,,0,400,,21258,4,,,0
16019,'1800',747,,25891,4,,,0,100,,25893,4,,,0,100,,21281,4,,,0,100,,25901,4,,,0,100,,25892,4,,,0,100,,25894,4,,,0,100,,25895,4,,,0,100,,25898,4,,,0,100,,25897,4,,,0,100,,21270,4,,,0,100,,25899,4,,,0,100,,25900,4,,,0,100,,25896,4,,,0,100,,21273,4,,,0,100,,25902,4,,,0
16019,'1829',617,,21176,4,,,0,30,,21177,4,,,0,70,,21178,4,,,0,30,,21179,4,,,0,70,,21180,4,,,0,30,,21181,4,,,0,70,,21182,4,,,0,100,,21184,4,,,0,30,,21185,4,,,0,170,,21188,4,,,0,30,,21189,4,,,0,70,,21190,4,,,0,30,,21191,4,,,0,70,,21192,4,,,0,30,,21193,4,,,0,70,,21194,4,,,0,30,,21195,4,,,0,70,,21196,4,,,0,230,,21201,4,,,0,70,,21202,4,,,0,130,,21205,4,,,0,170,,21175,4,,,0
16019,'1831',617,,21229,4,,,0,30,,21225,4,,,0,70,,21233,4,,,0,30,,21217,4,,,0,70,,21231,4,,,0,30,,21212,4,,,0,70,,21210,4,,,0,30,,21207,4,,,0,70,,21218,4,,,0,30,,21228,4,,,0,70,,21222,4,,,0,30,,21230,4,,,0,70,,21214,4,,,0,30,,21232,4,,,0,70,,21209,4,,,0,30,,21220,4,,,0,70,,21219,4,,,0,30,,21223,4,,,0,70,,21224,4,,,0,30,,21208,4,,,0,70,,21216,4,,,0,30,,21226,4,,,0,70,,21211,4,,,0,30,,21215,4,,,0,70,,21221,4,,,0,30,,21235,4,,,0,70,,21227,4,,,0,30,,21234,4,,,0,70,,21213,4,,,0,30,,21237,4,,,0,100,,21236,4,,,0,70,,21206,4,,,0
16019,'1832',747,,21238,4,,,0,100,,21241,4,,,0,200,,21250,4,,,0,100,,21239,4,,,0,100,,21242,4,,,0,100,,21244,4,,,0,100,,21247,4,,,0,100,,21246,4,,,0,200,,21248,4,,,0,100,,21249,4,,,0,100,,21245,4,,,0,200,,21252,4,,,0
16019,'1833',947,,21251,4,,,0,700,,21240,4,,,0,400,,21243,4,,,0
16019,'1834',747,,21253,4,,,0,100,,21256,4,,,0,200,,21265,4,,,0,100,,21254,4,,,0,100,,21257,4,,,0,100,,21259,4,,,0,100,,21262,4,,,0,100,,21261,4,,,0,200,,21263,4,,,0,100,,21264,4,,,0,100,,21260,4,,,0,200,,21267,4,,,0
16019,'1835',947,,25905,4,,,0,170,,25906,4,,,0,30,,25907,4,,,0,500,,25908,4,,,0,70,,25909,4,,,0,30,,25910,4,,,0,70,,25911,4,,,0,130,,25912,4,,,0,70,,25913,4,,,0,100,,25903,4,,,0,30,,25904,4,,,0
16019,'1837',747,,25914,4,,,0,100,,25916,4,,,0,200,,25924,4,,,0,100,,25915,4,,,0,100,,25917,4,,,0,100,,25918,4,,,0,100,,25921,4,,,0,100,,25920,4,,,0,200,,25922,4,,,0,100,,25923,4,,,0,100,,25919,4,,,0,200,,25925,4,,,0
16019,'1838',747,,25926,4,,,0,100,,25928,4,,,0,200,,25936,4,,,0,100,,25927,4,,,0,100,,25929,4,,,0,100,,25930,4,,,0,100,,25933,4,,,0,100,,25932,4,,,0,200,,25934,4,,,0,100,,25935,4,,,0,100,,25931,4,,,0,200,,25937,4,,,0
