22019,'1800',655,,37826,11,0,19 2 24 1 25 26,0,94,,37827,11,0,19 2 24 1 25 26,0,102,,37824,13,,,0,100,,37825,13,,,0,100,,37818,13,,,0,100,,37823,13,,,0,100,,37819,13,,,0,100,,37820,13,,,0,100,,37817,13,,,0,100,,37821,13,,,0,100,,37822,13,,,0,98,,37828,11,0,19 2 24 1 25 26,0,100,,37829,11,0,19 2 24 1 25 26,0,100,,37830,11,0,19 2 24 1 25 26,0,108,,37831,11,0,19 2 24 1 25 26,0
22019,'1838',655,,37841,11,0,19 2 24 1 25 26,0,94,,37842,11,0,19 2 24 1 25 26,0,102,,37839,13,,,0,100,,37840,13,,,0,100,,37833,13,,,0,100,,37838,13,,,0,100,,37834,13,,,0,100,,37835,13,,,0,100,,37832,13,,,0,100,,37836,13,,,0,100,,37837,13,,,0,98,,37843,11,0,19 2 24 1 25 26,0,100,,37844,11,0,19 2 24 1 25 26,0,100,,37845,11,0,19 2 24 1 25 26,0,108,,37846,11,0,19 2 24 1 25 26,0
22019,'1850',603,,31238,11,0,19 2 24 1 25 26,0,26,,31240,11,0,19 2 24 1 25 26,0,28,,31209,11,0,19 2 24 1 25 26,0,70,,31210,11,0,19 2 24 1 25 26,0,74,,31211,13,,,0,30,,31212,13,,,0,70,,31213,13,,,0,29,,31214,13,,,0,70,,31215,13,,,0,29,,31216,13,,,0,30,,31217,13,,,0,70,,31218,13,,,0,30,,31219,13,,,0,71,,31220,13,,,0,70,,31221,13,,,0,31,,31222,13,,,0,70,,31223,13,,,0,30,,31224,13,,,0,72,,31225,13,,,0,30,,31226,13,,,0,68,,31239,13,,,0,30,,31227,13,,,0,69,,31228,13,,,0,29,,31229,13,,,0,30,,31230,13,,,0,69,,31231,13,,,0,30,,31232,13,,,0,70,,31233,13,,,0,29,,31234,13,,,0,68,,31235,13,,,0,30,,31236,13,,,0,68,,31237,11,0,19 2 24 1 25 26,0
22019,'1862',627,,37866,11,0,19 2 24 1 25 26,0,24,,37871,11,0,19 2 24 1 25 26,0,70,,37867,11,0,19 2 24 1 25 26,0,30,,37872,11,0,19 2 24 1 25 26,0,70,,37868,11,0,19 2 24 1 25 26,0,33,,37847,13,,,0,72,,37848,13,,,0,30,,37849,13,,,0,70,,37850,13,,,0,30,,37851,13,,,0,70,,37852,13,,,0,30,,37853,13,,,0,70,,37854,13,,,0,31,,37855,13,,,0,70,,37856,13,,,0,30,,37857,13,,,0,70,,37858,13,,,0,31,,37859,13,,,0,70,,37860,13,,,0,30,,37861,13,,,0,70,,37862,13,,,0,29,,37863,13,,,0,70,,37864,13,,,0,27,,37873,11,0,19 2 24 1 25 26,0,70,,37869,11,0,19 2 24 1 25 26,0,30,,37874,11,0,19 2 24 1 25 26,0,69,,37865,11,0,19 2 24 1 25 26,0,30,,37875,11,0,19 2 24 1 25 26,0,69,,37870,11,0,19 2 24 1 25 26,0,30,,37876,11,0,19 2 24 1 25 26,0,70,,37877,11,0,19 2 24 1 25 26,0
22019,'1863',655,,37887,11,0,19 2 24 1 25 26,0,94,,37888,11,0,19 2 24 1 25 26,0,102,,37885,13,,,0,100,,37886,13,,,0,100,,37879,13,,,0,100,,37884,13,,,0,100,,37880,13,,,0,100,,37881,13,,,0,100,,37878,13,,,0,100,,37882,13,,,0,100,,37883,13,,,0,98,,37889,11,0,19 2 24 1 25 26,0,100,,37890,11,0,19 2 24 1 25 26,0,100,,37891,11,0,19 2 24 1 25 26,0,108,,37892,11,0,19 2 24 1 25 26,0
22019,'1864',603,,31270,11,0,19 2 24 1 25 26,0,26,,37921,11,0,19 2 24 1 25 26,0,28,,37893,11,0,19 2 24 1 25 26,0,70,,37894,11,0,19 2 24 1 25 26,0,74,,37895,13,,,0,30,,31244,13,,,0,70,,31245,13,,,0,29,,37896,13,,,0,70,,37897,13,,,0,29,,37898,13,,,0,30,,37899,13,,,0,70,,37900,13,,,0,30,,37901,13,,,0,71,,37902,13,,,0,70,,37903,13,,,0,31,,37904,13,,,0,70,,37905,13,,,0,30,,37906,13,,,0,72,,37907,13,,,0,30,,37908,13,,,0,68,,37920,13,,,0,30,,37909,13,,,0,69,,37910,13,,,0,29,,37911,13,,,0,30,,37912,13,,,0,69,,37913,13,,,0,30,,37914,13,,,0,70,,37915,13,,,0,29,,37916,13,,,0,68,,37917,13,,,0,30,,37918,13,,,0,68,,37919,11,0,19 2 24 1 25 26,0
22019,'1865',603,,37951,11,0,19 2 24 1 25 26,0,26,,37953,11,0,19 2 24 1 25 26,0,28,,37922,11,0,19 2 24 1 25 26,0,70,,37923,11,0,19 2 24 1 25 26,0,74,,37924,13,,,0,30,,37925,13,,,0,70,,37926,13,,,0,29,,37927,13,,,0,70,,37928,13,,,0,29,,37929,13,,,0,30,,37930,13,,,0,70,,37931,13,,,0,30,,37932,13,,,0,71,,37933,13,,,0,70,,37934,13,,,0,31,,37935,13,,,0,70,,37936,13,,,0,30,,37937,13,,,0,72,,37938,13,,,0,30,,37939,13,,,0,68,,37952,13,,,0,30,,37940,13,,,0,69,,37941,13,,,0,29,,37942,13,,,0,30,,37943,13,,,0,69,,37944,13,,,0,30,,37945,13,,,0,70,,37946,13,,,0,29,,37947,13,,,0,68,,37948,13,,,0,30,,37949,13,,,0,68,,37950,11,0,19 2 24 1 25 26,0
22019,'1866',627,,37973,11,0,19 2 24 1 25 26,0,24,,37978,11,0,19 2 24 1 25 26,0,70,,37974,11,0,19 2 24 1 25 26,0,30,,37979,11,0,19 2 24 1 25 26,0,70,,37975,11,0,19 2 24 1 25 26,0,33,,37954,13,,,0,72,,37955,13,,,0,30,,37956,13,,,0,70,,37957,13,,,0,30,,37958,13,,,0,70,,37959,13,,,0,30,,37960,13,,,0,70,,37961,13,,,0,31,,37962,13,,,0,70,,37963,13,,,0,30,,37964,13,,,0,70,,37965,13,,,0,31,,37966,13,,,0,70,,37967,13,,,0,30,,37968,13,,,0,70,,37969,13,,,0,29,,37970,13,,,0,70,,37971,13,,,0,27,,37980,11,0,19 2 24 1 25 26,0,70,,37976,11,0,19 2 24 1 25 26,0,30,,37981,11,0,19 2 24 1 25 26,0,69,,37972,11,0,19 2 24 1 25 26,0,30,,37982,11,0,19 2 24 1 25 26,0,69,,37977,11,0,19 2 24 1 25 26,0,30,,37983,11,0,19 2 24 1 25 26,0,70,,37984,11,0,19 2 24 1 25 26,0
22019,'1867',655,,37994,11,0,19 2 24 1 25 26,0,94,,37995,11,0,19 2 24 1 25 26,0,102,,37992,13,,,0,100,,37993,13,,,0,100,,37986,13,,,0,100,,37991,13,,,0,100,,37987,13,,,0,100,,37988,13,,,0,100,,37985,13,,,0,100,,37989,13,,,0,100,,37990,13,,,0,98,,37996,11,0,19 2 24 1 25 26,0,100,,37997,11,0,19 2 24 1 25 26,0,100,,37998,11,0,19 2 24 1 25 26,0,108,,37999,11,0,19 2 24 1 25 26,0
601019,'1838',608,,39600,1,,,0
601019,'1850',640,,32941,1,,,0,765,,32926,1,,,0,30,,32953,1,,,0
601019,'1857',1405,,23245,1,,,0,30,,23272,1,,,0
601019,'1859',608,,23301,1,,,0
601019,'1864',640,,39615,1,,,0
601019,'1865',640,,39643,1,,,0,765,,39628,1,,,0,30,,39655,1,,,0
601019,'1866',608,,39684,1,,,0
602019,'1800',2232,,23484,16,,,0,70,,23483,16,,,0,29,,23482,16,,,0
602019,'1838',634,,39733,15,,,0,68,,39730,16,,,0,30,,39715,16,,,0,70,,39719,16,,,0,30,,39734,16,,,0,70,,39710,16,,,0,30,,39706,16,,,0,70,,39729,16,,,0,30,,39726,16,,,0,70,,39720,16,,,0,31,,39728,16,,,0,70,,39738,16,,,0,30,,39727,16,,,0,70,,39707,16,,,0,30,,39736,16,,,0,70,,39737,16,,,0,30,,39705,16,,,0,70,,39731,16,,,0,30,,39714,16,,,0,70,,39716,16,,,0,30,,39739,16,,,0,70,,39721,16,,,0,30,,39711,16,,,0,70,,39724,16,,,0,30,,39735,16,,,0,70,,39709,16,,,0,30,,39713,16,,,0,70,,39722,16,,,0,29,,39712,16,,,0,70,,39725,16,,,0,30,,39718,16,,,0,70,,39732,16,,,0,30,,39717,16,,,0,70,,39723,16,,,0,29,,39708,16,,,0
602019,'1850',624,,33019,15,,,0,28,,32995,15,0,19 2 11 2 24 1 25 26,0,62,,33009,15,0,19 2 11 2 24 1 25 26,0,13,,33007,15,0,19 2 11 2 24 1 25 26,0,15,,32994,15,0,19 2 11 2 24 1 25 26,0,15,,32997,15,0,19 2 11 2 24 1 25 26,0,55,,33008,15,0,19 2 11 2 24 1 25 26,0,15,,33002,15,0,19 2 11 2 24 1 25 26,0,15,,33021,15,0,19 2 11 2 24 1 25 26,0,15,,32998,15,0,19 2 11 2 24 1 25 26,0,55,,33018,16,,,0,24,,33027,16,,,0,70,,33025,16,,,0,30,,33032,16,,,0,70,,33030,16,,,0,30,,33026,16,,,0,70,,33024,16,,,0,30,,33031,16,,,0,70,,33022,16,,,0,31,,33028,16,,,0,70,,33023,16,,,0,30,,33029,16,,,0,21,,33005,15,0,19 2 11 2 24 1 25 26,0,55,,33014,15,0,19 2 11 2 24 1 25 26,0,15,,33006,15,0,19 2 11 2 24 1 25 26,0,15,,33013,15,0,19 2 11 2 24 1 25 26,0,15,,32999,15,0,19 2 11 2 24 1 25 26,0,55,,33012,15,0,19 2 11 2 24 1 25 26,0,15,,33004,15,0,19 2 11 2 24 1 25 26,0,15,,33016,15,0,19 2 11 2 24 1 25 26,0,14,,33003,15,0,19 2 11 2 24 1 25 26,0,55,,33011,15,0,19 2 11 2 24 1 25 26,0,14,,33000,15,0,19 2 11 2 24 1 25 26,0,15,,33015,15,0,19 2 11 2 24 1 25 26,0,15,,32996,15,0,19 2 11 2 24 1 25 26,0,55,,33020,15,0,19 2 11 2 24 1 25 26,0,14,,33001,15,0,19 2 11 2 24 1 25 26,0,15,,33010,16,,,0,17,,32984,16,,,0,70,,32985,16,,,0,12,,33017,16,,,0,18,,32990,16,,,0,70,,32988,16,,,0,30,,32989,16,,,0,69,,32993,16,,,0,30,,32986,16,,,0,70,,32991,16,,,0,30,,32987,16,,,0,76,,32992,16,,,0
602019,'1857',624,,23395,15,,,0,90,,23385,15,0,19 2 11 2 24 1 25 26,0,98,,23384,15,0,19 2 11 2 24 1 25 26,0,100,,23394,16,,,0,94,,23401,16,,,0,100,,23406,16,,,0,100,,23400,16,,,0,100,,23398,16,,,0,101,,23399,16,,,0,51,,23381,15,0,19 2 11 2 24 1 25 26,0,55,,23390,15,0,19 2 11 2 24 1 25 26,0,15,,23382,15,0,19 2 11 2 24 1 25 26,0,30,,23375,15,0,19 2 11 2 24 1 25 26,0,55,,23388,15,0,19 2 11 2 24 1 25 26,0,15,,23380,15,0,19 2 11 2 24 1 25 26,0,29,,23379,15,0,19 2 11 2 24 1 25 26,0,55,,23387,15,0,19 2 11 2 24 1 25 26,0,14,,23376,15,0,19 2 11 2 24 1 25 26,0,30,,23372,15,0,19 2 11 2 24 1 25 26,0,55,,23396,15,0,19 2 11 2 24 1 25 26,0,14,,23377,15,0,19 2 11 2 24 1 25 26,0,32,,23360,16,,,0,70,,23361,16,,,0,30,,23366,16,,,0,70,,23364,16,,,0,30,,23365,16,,,0,69,,23369,16,,,0,30,,23362,16,,,0,70,,23367,16,,,0,30,,23363,16,,,0,76,,23368,16,,,0
602019,'1859',634,,23443,15,,,0,68,,23425,16,,,0,30,,23442,16,,,0,70,,23424,16,,,0,30,,23441,16,,,0,70,,23423,16,,,0,30,,23440,16,,,0,70,,23422,16,,,0,30,,23439,16,,,0,70,,23421,16,,,0,31,,23438,16,,,0,70,,23419,16,,,0,30,,23437,16,,,0,70,,23420,16,,,0,30,,23435,16,,,0,70,,23418,16,,,0,30,,23436,16,,,0,70,,23411,16,,,0,30,,23434,16,,,0,70,,23412,16,,,0,30,,23433,16,,,0,70,,23410,16,,,0,30,,23432,16,,,0,70,,23413,16,,,0,30,,23431,16,,,0,70,,23416,16,,,0,30,,23429,16,,,0,70,,23417,16,,,0,29,,23430,16,,,0,70,,23415,16,,,0,30,,23427,16,,,0,70,,23414,16,,,0,30,,23428,16,,,0,70,,23409,16,,,0,29,,23426,16,,,0
602019,'1861',2232,,23446,16,,,0,70,,23445,16,,,0,29,,23444,16,,,0
602019,'1864',652,,33034,15,0,19 2 11 2 24 1 25 26,0,75,,39743,15,0,19 2 11 2 24 1 25 26,0,15,,33033,15,0,19 2 11 2 24 1 25 26,0,15,,39740,15,0,19 2 11 2 24 1 25 26,0,70,,39742,15,0,19 2 11 2 24 1 25 26,0,15,,33044,15,0,19 2 11 2 24 1 25 26,0,15,,39741,15,0,19 2 11 2 24 1 25 26,0,79,,33046,16,,,0,100,,33050,16,,,0,100,,33045,16,,,0,100,,33049,16,,,0,101,,33047,16,,,0,100,,33048,16,,,0,106,,33040,15,0,19 2 11 2 24 1 25 26,0,100,,33042,15,0,19 2 11 2 24 1 25 26,0,98,,33041,15,0,19 2 11 2 24 1 25 26,0,99,,33039,16,,,0,99,,33043,16,,,0
602019,'1865',624,,39779,15,,,0,28,,39755,15,0,19 2 11 2 24 1 25 26,0,62,,39769,15,0,19 2 11 2 24 1 25 26,0,13,,39767,15,0,19 2 11 2 24 1 25 26,0,15,,39754,15,0,19 2 11 2 24 1 25 26,0,15,,39757,15,0,19 2 11 2 24 1 25 26,0,55,,39768,15,0,19 2 11 2 24 1 25 26,0,15,,39762,15,0,19 2 11 2 24 1 25 26,0,15,,39781,15,0,19 2 11 2 24 1 25 26,0,15,,39758,15,0,19 2 11 2 24 1 25 26,0,55,,39778,16,,,0,24,,39787,16,,,0,70,,39785,16,,,0,30,,39792,16,,,0,70,,39790,16,,,0,30,,39786,16,,,0,70,,39784,16,,,0,30,,39791,16,,,0,70,,39782,16,,,0,31,,39788,16,,,0,70,,39783,16,,,0,30,,39789,16,,,0,21,,39765,15,0,19 2 11 2 24 1 25 26,0,55,,39774,15,0,19 2 11 2 24 1 25 26,0,15,,39766,15,0,19 2 11 2 24 1 25 26,0,15,,39773,15,0,19 2 11 2 24 1 25 26,0,15,,39759,15,0,19 2 11 2 24 1 25 26,0,55,,39772,15,0,19 2 11 2 24 1 25 26,0,15,,39764,15,0,19 2 11 2 24 1 25 26,0,15,,39776,15,0,19 2 11 2 24 1 25 26,0,14,,39763,15,0,19 2 11 2 24 1 25 26,0,55,,39771,15,0,19 2 11 2 24 1 25 26,0,14,,39760,15,0,19 2 11 2 24 1 25 26,0,15,,39775,15,0,19 2 11 2 24 1 25 26,0,15,,39756,15,0,19 2 11 2 24 1 25 26,0,55,,39780,15,0,19 2 11 2 24 1 25 26,0,14,,39761,15,0,19 2 11 2 24 1 25 26,0,15,,39770,16,,,0,17,,39744,16,,,0,70,,39745,16,,,0,12,,39777,16,,,0,18,,39750,16,,,0,70,,39748,16,,,0,30,,39749,16,,,0,69,,39753,16,,,0,30,,39746,16,,,0,70,,39751,16,,,0,30,,39747,16,,,0,76,,39752,16,,,0
602019,'1866',634,,39827,15,,,0,68,,39809,16,,,0,30,,39826,16,,,0,70,,39808,16,,,0,30,,39825,16,,,0,70,,39807,16,,,0,30,,39824,16,,,0,70,,39806,16,,,0,30,,39823,16,,,0,70,,39805,16,,,0,31,,39822,16,,,0,70,,39803,16,,,0,30,,39821,16,,,0,70,,39804,16,,,0,30,,39819,16,,,0,70,,39802,16,,,0,30,,39820,16,,,0,70,,39795,16,,,0,30,,39818,16,,,0,70,,39796,16,,,0,30,,39817,16,,,0,70,,39794,16,,,0,30,,39816,16,,,0,70,,39797,16,,,0,30,,39815,16,,,0,70,,39800,16,,,0,30,,39813,16,,,0,70,,39801,16,,,0,29,,39814,16,,,0,70,,39799,16,,,0,30,,39811,16,,,0,70,,39798,16,,,0,30,,39812,16,,,0,70,,39793,16,,,0,29,,39810,16,,,0
602019,'1867',2232,,39830,16,,,0,70,,39829,16,,,0,29,,39828,16,,,0
