2029,'1796',546,,19562,15,,,0,70,,19563,15,,,0,30,,19564,15,,,0,66,,19565,15,,,0,28,,19566,15,,,0,72,,19567,15,,,0,30,,19568,15,,,0,70,,19569,15,,,0,30,,19570,15,,,0,70,,19571,15,,,0,30,,19572,15,,,0,70,,19573,15,,,0,30,,19574,15,,,0,70,,19575,15,,,0,30,,19576,15,,,0,70,,19577,15,,,0,30,,19578,15,,,0,70,,19579,15,,,0,30,,19580,15,,,0,70,,19581,15,,,0,30,,19582,15,,,0,70,,19583,15,,,0,31,,19584,15,,,0,72,,19585,15,,,0,27,,19586,15,,,0,70,,19587,15,,,0,30,,19591,15,,,0,70,,19592,15,,,0,28,,19595,15,0,5 2 13 14,0,72,,19593,15,,,0,100,,19594,15,,,0,100,,19590,15,,,0,98,,19589,15,0,5 2 13 14,0,97,,19596,15,0,5 2 13 14,0
2029,'1797',546,,19628,15,0,5 2 15 16 17,0,70,,19611,15,,,0,30,,19618,15,,,0,66,,19597,15,,,0,30,,19603,15,,,0,70,,19612,15,,,0,30,,19619,15,,,0,70,,19598,15,,,0,30,,19604,15,,,0,70,,19613,15,,,0,30,,19620,15,,,0,70,,19599,15,,,0,30,,19605,15,,,0,70,,19614,15,,,0,30,,19621,15,,,0,70,,19600,15,,,0,30,,19606,15,,,0,70,,19615,15,,,0,30,,19622,15,,,0,70,,19601,15,,,0,30,,19607,15,,,0,70,,19616,15,,,0,30,,19623,15,,,0,70,,19602,15,,,0,30,,19608,15,,,0,70,,19617,15,,,0,30,,19624,15,,,0,70,,19609,15,,,0,30,,19630,15,0,5 2 13 14,0,70,,19625,15,,,0,100,,19610,15,,,0,100,,19626,15,,,0,94,,19627,15,0,5 2 13 14,0,100,,19629,15,0,5 2 13 14,0
2029,'1798',616,,19632,15,,,0,30,,19640,15,,,0,68,,19651,15,,,0,28,,19646,15,,,0,70,,19633,15,,,0,30,,19641,15,,,0,70,,19652,15,,,0,30,,19647,15,,,0,70,,19634,15,,,0,30,,19642,15,,,0,70,,19653,15,,,0,30,,19648,15,,,0,70,,19635,15,,,0,30,,19643,15,,,0,70,,19654,15,,,0,30,,19649,15,,,0,70,,19636,15,,,0,30,,19644,15,,,0,70,,19655,15,,,0,30,,19650,15,,,0,70,,19637,15,,,0,30,,19645,15,,,0,70,,19656,15,,,0,28,,19660,15,0,5 2 13 14,0,72,,19638,15,,,0,28,,19659,15,0,5 2 13 14,0,72,,19657,15,,,0,100,,19639,15,,,0,100,,19658,15,,,0,100,,19631,15,,,0,93,,19661,15,0,5 2 13 14,0,102,,19662,15,0,5 2 13 14,0
2029,'1799',616,,19664,15,,,0,30,,19672,15,,,0,68,,19683,15,,,0,28,,19678,15,,,0,70,,19665,15,,,0,30,,19673,15,,,0,70,,19684,15,,,0,30,,19679,15,,,0,70,,19666,15,,,0,30,,19674,15,,,0,70,,19685,15,,,0,30,,19680,15,,,0,70,,19667,15,,,0,30,,19675,15,,,0,70,,19686,15,,,0,30,,19681,15,,,0,70,,19668,15,,,0,30,,19676,15,,,0,70,,19687,15,,,0,30,,19682,15,,,0,70,,19669,15,,,0,30,,19677,15,,,0,70,,19688,15,,,0,28,,19692,15,0,5 2 13 14,0,72,,19670,15,,,0,28,,19691,15,0,5 2 13 14,0,72,,19689,15,,,0,100,,19671,15,,,0,100,,19690,15,,,0,100,,19663,15,,,0,93,,19693,15,0,5 2 13 14,0,102,,19694,15,0,5 2 13 14,0
2029,'1800',616,,19696,15,,,0,30,,19704,15,,,0,68,,19715,15,,,0,28,,19710,15,,,0,70,,19697,15,,,0,30,,19705,15,,,0,70,,19716,15,,,0,30,,19711,15,,,0,70,,19698,15,,,0,30,,19706,15,,,0,70,,19717,15,,,0,30,,19712,15,,,0,70,,19699,15,,,0,30,,19707,15,,,0,70,,19718,15,,,0,30,,19713,15,,,0,70,,19700,15,,,0,30,,19708,15,,,0,70,,19719,15,,,0,30,,19714,15,,,0,70,,19701,15,,,0,30,,19709,15,,,0,70,,19720,15,,,0,28,,19724,15,0,5 2 13 14,0,72,,19702,15,,,0,28,,19723,15,0,5 2 13 14,0,72,,19721,15,,,0,100,,19703,15,,,0,100,,19722,15,,,0,100,,19695,15,,,0,93,,19725,15,0,5 2 13 14,0,102,,19726,15,0,5 2 13 14,0
2029,'1816',546,,5908,15,0,5 2 15 16 17,0,70,,5891,15,,,0,30,,5898,15,,,0,66,,5877,15,,,0,30,,5883,15,,,0,70,,5892,15,,,0,30,,5899,15,,,0,70,,5878,15,,,0,30,,5884,15,,,0,70,,5893,15,,,0,30,,5900,15,,,0,70,,5879,15,,,0,30,,5885,15,,,0,70,,5894,15,,,0,30,,5901,15,,,0,70,,5880,15,,,0,30,,5886,15,,,0,70,,5895,15,,,0,30,,5902,15,,,0,70,,5881,15,,,0,30,,5887,15,,,0,70,,5896,15,,,0,30,,5903,15,,,0,70,,5882,15,,,0,30,,5888,15,,,0,70,,5897,15,,,0,30,,5904,15,,,0,70,,5889,15,,,0,30,,5910,15,0,5 2 13 14,0,70,,5905,15,,,0,100,,5890,15,,,0,100,,5906,15,,,0,94,,5907,15,0,5 2 13 14,0,100,,5909,15,0,5 2 13 14,0
2029,'1817',616,,9443,15,,,0,30,,9451,15,,,0,68,,9462,15,,,0,28,,9457,15,,,0,70,,9444,15,,,0,30,,9452,15,,,0,70,,9463,15,,,0,30,,9458,15,,,0,70,,9445,15,,,0,30,,9453,15,,,0,70,,9464,15,,,0,30,,9459,15,,,0,70,,9446,15,,,0,30,,9454,15,,,0,70,,9465,15,,,0,30,,9460,15,,,0,70,,9447,15,,,0,30,,9455,15,,,0,70,,9466,15,,,0,30,,9461,15,,,0,70,,9448,15,,,0,30,,9456,15,,,0,70,,9467,15,,,0,28,,9471,15,0,5 2 13 14,0,72,,9449,15,,,0,28,,9470,15,0,5 2 13 14,0,72,,9468,15,,,0,100,,9450,15,,,0,100,,9469,15,,,0,100,,9442,15,,,0,93,,9472,15,0,5 2 13 14,0,102,,9473,15,0,5 2 13 14,0
14000001019,'1796',2436,,24895,46,,,0,70,,24892,46,,,0,30,,24893,46,,,0,70,,24894,46,,,0,30,,24891,46,,,0
14000001019,'1797',2436,,24900,46,,,0,70,,24896,46,,,0,30,,24899,46,,,0,70,,24898,46,,,0,30,,24897,46,,,0
14000001019,'1798',2436,,24904,46,,,0,70,,24903,46,,,0,30,,24901,46,,,0,70,,24905,46,,,0,30,,24902,46,,,0
14000001019,'1799',2436,,24909,46,,,0,70,,24908,46,,,0,30,,24906,46,,,0,70,,24910,46,,,0,30,,24907,46,,,0
14000001019,'1800',2436,,24914,46,,,0,70,,24913,46,,,0,30,,24911,46,,,0,70,,24915,46,,,0,30,,24912,46,,,0
14000001019,'1816',2536,,9276,46,,,0
14000001019,'1817',2436,,19136,46,,,0,70,,19135,46,,,0,30,,13721,46,,,0,70,,19137,46,,,0,30,,19134,46,,,0
14000001019,'1824',2436,,19145,46,,,0,70,,19142,46,,,0,100,,19144,46,,,0,30,,19143,46,,,0
