15029,'1838',726,,36977,35,,,0,98,,45082,35,,,0,100,,36974,35,,,0,100,,36975,35,,,0,101,,45083,35,,,0,100,,36972,35,,,0,100,,36969,35,,,0,102,,45081,35,,,0,100,,36971,35,,,0,100,,36968,35,,,0,99,,45080,35,,,0,99,,36966,35,,,0,100,,36967,35,,,0,100,,45079,35,,,0
15029,'1865',652,,36995,35,,,0,69,,36996,35,,,0,34,,36997,35,,,0,71,,45086,35,,,0,33,,36999,35,,,0,70,,37000,35,,,0,25,,37001,35,,,0,70,,37002,35,,,0,30,,37003,35,,,0,70,,45087,35,,,0,30,,45088,35,,,0,70,,42575,35,,,0,30,,45089,35,,,0,70,,45090,35,,,0,30,,42576,35,,,0,70,,37010,35,,,0,32,,45091,35,,,0,75,,37012,35,,,0,72,,37013,35,,,0,30,,45092,35,,,0,69,,45093,35,,,0,23,,37016,35,,,0,29,,37017,35,,,0,69,,37018,35,,,0,27,,45094,35,,,0,70,,37020,35,,,0,30,,45095,35,,,0,70,,45096,35,,,0,30,,37023,35,,,0,100,,45098,35,,,0,97,,45097,35,,,0
15029,'1866',731,,37029,35,,,0,93,,37030,35,,,0,100,,45100,35,,,0,100,,37032,35,,,0,101,,37033,35,,,0,100,,45101,35,,,0,100,,37035,35,,,0,104,,37036,35,,,0,100,,45102,35,,,0,99,,37038,35,,,0,98,,37039,35,,,0,99,,45103,35,,,0,100,,37026,35,,,0,100,,37027,35,,,0
15029,'1867',726,,37054,35,,,0,98,,45107,35,,,0,100,,37051,35,,,0,100,,37052,35,,,0,101,,45108,35,,,0,100,,37049,35,,,0,100,,37046,35,,,0,102,,45106,35,,,0,100,,37048,35,,,0,100,,37045,35,,,0,99,,45105,35,,,0,99,,37043,35,,,0,100,,37044,35,,,0,100,,45104,35,,,0
15029,'1873',731,,30423,35,,,0,93,,30424,35,,,0,200,,30426,35,,,0,101,,30427,35,,,0,200,,30429,35,,,0,104,,30430,35,,,0,199,,30432,35,,,0,98,,30433,35,,,0,199,,30420,35,,,0,100,,30421,35,,,0
15029,'1878',726,,30448,35,,,0,198,,30445,35,,,0,100,,30446,35,,,0,201,,30443,35,,,0,100,,30440,35,,,0,202,,30442,35,,,0,100,,30439,35,,,0,198,,30437,35,,,0,100,,30438,35,,,0
15029,'1881',826,,36979,35,,,0,298,,36980,35,,,0,30,,36981,35,,,0,100,,36983,35,,,0,70,,36984,35,,,0,132,,36986,35,,,0,177,,36987,35,,,0,69,,36988,35,,,0,148,,30508,35,,,0,100,,36989,35,,,0,70,,42580,35,,,0,130,,36992,35,,,0,97,,36991,35,,,0
15029,'1882',652,,30484,35,,,0,69,,30485,35,,,0,34,,30486,35,,,0,104,,30488,35,,,0,70,,30489,35,,,0,25,,30490,35,,,0,70,,30491,35,,,0,30,,30492,35,,,0,170,,42578,35,,,0,130,,42579,35,,,0,70,,30499,35,,,0,107,,30501,35,,,0,72,,30502,35,,,0,122,,30505,35,,,0,29,,30506,35,,,0,69,,30507,35,,,0,97,,30509,35,,,0,130,,30512,35,,,0
15029,'1886',826,,45111,35,,,0,298,,45112,35,,,0,30,,45113,35,,,0,100,,45114,35,,,0,70,,45115,35,,,0,132,,45116,35,,,0,177,,45117,35,,,0,69,,45118,35,,,0,148,,45119,35,,,0,100,,45120,35,,,0,70,,45121,35,,,0,130,,45123,35,,,0,97,,45122,35,,,0
15029,'1887',924,,45125,35,,,0,301,,45126,35,,,0,304,,45127,35,,,0,296,,45128,35,,,0
15029,'1888',824,,45132,35,,,0,301,,45133,35,,,0,302,,45131,35,,,0,299,,45130,35,,,0,299,,45129,35,,,0
