13019,'1800',807,,30039,12,,,0,100,,30040,12,,,0,100,,30041,12,,,0,101,,30042,12,,,0,100,,30043,12,,,0,100,,36656,12,,,0,100,,30045,12,,,0,100,,30046,12,,,0,100,,30047,12,,,0,99,,30048,12,,,0,100,,30049,12,,,0,100,,30050,12,,,0,99,,36657,12,,,0,100,,36658,12,,,0,100,,36655,12,,,0
13019,'1838',807,,36660,12,,,0,100,,36661,12,,,0,100,,36662,12,,,0,101,,36663,12,,,0,100,,36664,12,,,0,100,,36665,12,,,0,100,,36666,12,,,0,100,,36667,12,,,0,100,,36668,12,,,0,99,,36669,12,,,0,100,,36670,12,,,0,100,,36671,12,,,0,99,,36672,12,,,0,100,,36673,12,,,0,100,,36659,12,,,0
13019,'1850',617,,30099,12,,,0,30,,30100,12,,,0,70,,30101,12,,,0,30,,30102,12,,,0,96,,30103,12,,,0,100,,30104,12,,,0,100,,30105,12,,,0,100,,30106,12,,,0,100,,30107,12,,,0,100,,30108,12,,,0,70,,30109,12,,,0,31,,30110,12,,,0,70,,30111,12,,,0,31,,30121,12,,,0,70,,30112,12,,,0,30,,30122,12,,,0,70,,30113,12,,,0,30,,30120,12,,,0,99,,30114,12,,,0,100,,30119,12,,,0,99,,30118,12,,,0,98,,30117,12,,,0,100,,30116,12,,,0
13019,'1859',706,,30068,12,,,0,402,,30072,12,,,0,200,,30074,12,,,0,100,,30075,12,,,0,499,,30080,12,,,0,199,,30082,12,,,0,200,,30083,12,,,0
13019,'1861',807,,30085,12,,,0,100,,30086,12,,,0,100,,30087,12,,,0,101,,30088,12,,,0,100,,30089,12,,,0,200,,30091,12,,,0,100,,30092,12,,,0,100,,30093,12,,,0,99,,30094,12,,,0,100,,30095,12,,,0,100,,30096,12,,,0
13019,'1862',807,,36674,12,,,0,100,,36675,12,,,0,100,,36676,12,,,0,201,,36677,12,,,0,300,,36678,12,,,0,100,,36679,12,,,0,99,,36680,12,,,0,100,,36681,12,,,0,199,,36682,12,,,0
13019,'1863',1308,,36684,12,,,0,698,,36685,12,,,0,100,,36686,12,,,0,100,,36683,12,,,0
13019,'1864',617,,30123,12,,,0,30,,30124,12,,,0,70,,30125,12,,,0,30,,30126,12,,,0,96,,30127,12,,,0,100,,30128,12,,,0,100,,36687,12,,,0,100,,30130,12,,,0,100,,36688,12,,,0,100,,36689,12,,,0,70,,36690,12,,,0,31,,36691,12,,,0,70,,30135,12,,,0,31,,36697,12,,,0,70,,36692,12,,,0,30,,36698,12,,,0,70,,36693,12,,,0,30,,30144,12,,,0,99,,36694,12,,,0,100,,30143,12,,,0,99,,30142,12,,,0,98,,30141,12,,,0,100,,36696,12,,,0
13019,'1865',617,,36699,12,,,0,30,,36700,12,,,0,70,,36701,12,,,0,30,,36702,12,,,0,96,,36703,12,,,0,100,,36704,12,,,0,100,,36705,12,,,0,100,,36706,12,,,0,100,,36707,12,,,0,100,,36708,12,,,0,70,,36709,12,,,0,31,,36710,12,,,0,70,,36711,12,,,0,31,,36721,12,,,0,70,,36712,12,,,0,30,,36722,12,,,0,70,,36713,12,,,0,30,,36720,12,,,0,99,,36714,12,,,0,100,,36719,12,,,0,99,,36718,12,,,0,98,,36717,12,,,0,100,,36716,12,,,0
13019,'1866',706,,36723,12,,,0,101,,36724,12,,,0,100,,36725,12,,,0,100,,36726,12,,,0,101,,36727,12,,,0,100,,36728,12,,,0,100,,36729,12,,,0,100,,36730,12,,,0,100,,36731,12,,,0,100,,36732,12,,,0,99,,36733,12,,,0,100,,36734,12,,,0,100,,36735,12,,,0,99,,36736,12,,,0,100,,36737,12,,,0,200,,36738,12,,,0
13019,'1867',807,,36740,12,,,0,100,,36741,12,,,0,100,,36742,12,,,0,101,,36743,12,,,0,100,,36744,12,,,0,100,,36745,12,,,0,100,,36746,12,,,0,100,,36747,12,,,0,100,,36748,12,,,0,99,,36749,12,,,0,100,,36750,12,,,0,100,,36751,12,,,0,99,,36752,12,,,0,100,,36753,12,,,0,100,,36739,12,,,0
