15019,'1838',712,,45028,9,,,0,100,,36883,9,,,0,100,,36886,9,,,0,100,,45027,9,,,0,100,,36881,9,,,0,100,,36879,9,,,0,100,,45026,9,,,0,100,,36880,9,,,0,100,,36877,9,,,0,100,,45025,9,,,0,100,,36875,9,,,0,100,,36876,9,,,0,100,,45024,9,,,0,100,,36887,9,,,0
15019,'1865',637,,36905,9,,,0,70,,45029,9,,,0,32,,36907,9,,,0,70,,36908,9,,,0,28,,36909,9,,,0,70,,36910,9,,,0,30,,36911,9,,,0,70,,45030,9,,,0,30,,45031,9,,,0,70,,42569,9,,,0,30,,45032,9,,,0,70,,45033,9,,,0,30,,42570,9,,,0,70,,36918,9,,,0,30,,45034,9,,,0,70,,36920,9,,,0,31,,36921,9,,,0,70,,45035,9,,,0,30,,45036,9,,,0,70,,36924,9,,,0,29,,36925,9,,,0,70,,36926,9,,,0,30,,45037,9,,,0,70,,36928,9,,,0,30,,45038,9,,,0,70,,45039,9,,,0,30,,36931,9,,,0,100,,45040,9,,,0,99,,45041,9,,,0,100,,45042,9,0,5 2 6 7,0
15019,'1866',712,,36935,9,,,0,100,,45043,9,,,0,100,,36937,9,,,0,100,,36938,9,,,0,100,,45044,9,,,0,100,,36940,9,,,0,100,,36941,9,,,0,100,,45045,9,,,0,100,,36943,9,,,0,100,,36944,9,,,0,100,,45046,9,,,0,100,,36946,9,,,0,100,,36947,9,,,0,100,,45047,9,,,0
15019,'1867',712,,45053,9,,,0,100,,36959,9,,,0,100,,36962,9,,,0,100,,45052,9,,,0,100,,36957,9,,,0,100,,36955,9,,,0,100,,45051,9,,,0,100,,36956,9,,,0,100,,36953,9,,,0,100,,45050,9,,,0,100,,36951,9,,,0,100,,36952,9,,,0,100,,45049,9,,,0,100,,36963,9,,,0
15019,'1873',712,,30301,9,,,0,200,,30303,9,,,0,100,,30304,9,,,0,200,,30306,9,,,0,100,,30307,9,,,0,200,,30309,9,,,0,100,,30310,9,,,0,200,,30312,9,,,0,100,,30313,9,,,0
15019,'1878',812,,30325,9,,,0,100,,30328,9,,,0,200,,30323,9,,,0,100,,30321,9,,,0,200,,30322,9,,,0,100,,30319,9,,,0,200,,30317,9,,,0,100,,30318,9,,,0,200,,30329,9,,,0
15019,'1881',707,,36889,9,,,0,300,,36890,9,,,0,30,,36891,9,,,0,100,,36893,9,,,0,70,,36894,9,,,0,130,,36896,9,,,0,171,,36897,9,,,0,30,,36898,9,,,0,199,,30384,9,,,0,100,,36899,9,,,0,70,,42574,9,,,0,130,,36901,9,,,0,99,,36902,9,,,0,100,,36903,9,0,5 2 6 7,0
15019,'1882',637,,30362,9,,,0,102,,30364,9,,,0,70,,30365,9,,,0,28,,30366,9,,,0,70,,30367,9,,,0,30,,30368,9,,,0,170,,42572,9,,,0,130,,42573,9,,,0,70,,30375,9,,,0,100,,30377,9,,,0,31,,30378,9,,,0,170,,30381,9,,,0,29,,30382,9,,,0,70,,30383,9,,,0,100,,30385,9,,,0,130,,30388,9,,,0
15019,'1886',707,,45054,9,,,0,300,,45055,9,,,0,30,,45056,9,,,0,100,,45057,9,,,0,70,,45058,9,,,0,130,,45059,9,,,0,171,,45060,9,,,0,30,,45061,9,,,0,199,,45062,9,,,0,100,,45063,9,,,0,70,,45064,9,,,0,130,,45065,9,,,0,99,,45066,9,,,0,100,,45067,9,0,5 2 6 7,0
15019,'1887',812,,45068,9,,,0,300,,45069,9,,,0,300,,45070,9,,,0,300,,45071,9,,,0,300,,45072,9,,,0
15019,'1888',712,,45078,9,,,0,300,,45077,9,,,0,300,,45076,9,,,0,300,,45075,9,,,0,300,,45074,9,,,0
