16019,'1838',753,,42581,9,,,0,101,,42584,9,,,0,100,,42594,9,,,0,100,,42593,9,,,0,100,,42582,9,,,0,100,,42585,9,,,0,100,,42587,9,,,0,100,,42590,9,,,0,100,,42589,9,,,0,100,,42583,9,,,0,100,,42591,9,,,0,100,,42592,9,,,0,99,,42588,9,,,0,100,,42586,9,,,0,100,,42595,9,,,0
16019,'1865',624,,42599,9,,,0,30,,42600,9,,,0,70,,42601,9,,,0,30,,42602,9,,,0,70,,42603,9,,,0,30,,42604,9,,,0,70,,42605,9,,,0,30,,42606,9,,,0,70,,42607,9,,,0,30,,42608,9,,,0,70,,42609,9,,,0,30,,42610,9,,,0,70,,42611,9,,,0,30,,42612,9,,,0,70,,42613,9,,,0,30,,42614,9,,,0,70,,42615,9,,,0,30,,42616,9,,,0,70,,42617,9,,,0,30,,42618,9,,,0,70,,42619,9,,,0,30,,42620,9,,,0,70,,42621,9,,,0,30,,42622,9,,,0,70,,42623,9,,,0,30,,42624,9,,,0,70,,42625,9,,,0,30,,42626,9,,,0,70,,42627,9,,,0,30,,42628,9,,,0,70,,42596,9,,,0,30,,42597,9,,,0,70,,42598,9,,,0
16019,'1866',623,,42652,9,,,0,30,,42648,9,,,0,70,,42656,9,,,0,30,,42640,9,,,0,71,,42654,9,,,0,30,,42635,9,,,0,70,,42633,9,,,0,30,,42630,9,,,0,70,,42641,9,,,0,30,,42651,9,,,0,70,,42645,9,,,0,30,,42653,9,,,0,70,,42637,9,,,0,30,,42655,9,,,0,70,,42632,9,,,0,30,,42643,9,,,0,70,,42642,9,,,0,30,,42646,9,,,0,70,,42647,9,,,0,30,,42631,9,,,0,70,,42639,9,,,0,30,,42649,9,,,0,70,,42634,9,,,0,30,,42638,9,,,0,70,,42644,9,,,0,30,,42658,9,,,0,70,,42650,9,,,0,29,,42657,9,,,0,70,,42636,9,,,0,30,,42660,9,,,0,100,,42659,9,,,0,70,,42629,9,,,0
16019,'1867',753,,42661,9,,,0,101,,42664,9,,,0,100,,42674,9,,,0,100,,42673,9,,,0,100,,42662,9,,,0,100,,42665,9,,,0,100,,42667,9,,,0,100,,42670,9,,,0,100,,42669,9,,,0,100,,42663,9,,,0,100,,42671,9,,,0,100,,42672,9,,,0,99,,42668,9,,,0,100,,42666,9,,,0,100,,42675,9,,,0
16019,'1876',624,,42679,9,,,0,30,,42680,9,,,0,70,,42681,9,,,0,30,,42682,9,,,0,70,,42683,9,,,0,30,,42684,9,,,0,70,,42685,9,,,0,30,,42686,9,,,0,70,,42687,9,,,0,30,,42688,9,,,0,70,,42689,9,,,0,30,,42690,9,,,0,70,,42691,9,,,0,30,,42692,9,,,0,70,,42693,9,,,0,30,,42694,9,,,0,70,,42695,9,,,0,30,,42696,9,,,0,70,,42697,9,,,0,30,,42698,9,,,0,70,,42699,9,,,0,30,,42700,9,,,0,70,,42701,9,,,0,30,,42702,9,,,0,70,,42703,9,,,0,30,,42704,9,,,0,70,,42705,9,,,0,30,,42706,9,,,0,70,,42707,9,,,0,30,,42708,9,,,0,70,,42676,9,,,0,30,,42677,9,,,0,70,,42678,9,,,0
16019,'1877',623,,42732,9,,,0,30,,42728,9,,,0,70,,42736,9,,,0,30,,42720,9,,,0,71,,42734,9,,,0,30,,42715,9,,,0,70,,42713,9,,,0,30,,42710,9,,,0,70,,42721,9,,,0,30,,42731,9,,,0,70,,42725,9,,,0,30,,42733,9,,,0,70,,42717,9,,,0,30,,42735,9,,,0,70,,42712,9,,,0,30,,42723,9,,,0,70,,42722,9,,,0,30,,42726,9,,,0,70,,42727,9,,,0,30,,42711,9,,,0,70,,42719,9,,,0,30,,42729,9,,,0,70,,42714,9,,,0,30,,42718,9,,,0,70,,42724,9,,,0,30,,42738,9,,,0,70,,42730,9,,,0,29,,42737,9,,,0,70,,42716,9,,,0,30,,42740,9,,,0,100,,42739,9,,,0,70,,42709,9,,,0
16019,'1878',753,,42741,9,,,0,101,,42744,9,,,0,100,,42754,9,,,0,100,,42753,9,,,0,100,,42742,9,,,0,100,,42745,9,,,0,100,,42747,9,,,0,100,,42750,9,,,0,100,,42749,9,,,0,100,,42743,9,,,0,100,,42751,9,,,0,100,,42752,9,,,0,99,,42748,9,,,0,100,,42746,9,,,0,100,,42755,9,,,0
14000001029,'1838',555,,42007,39,0,18 7,0,1855,,43961,39,,,0,30,,42005,39,,,0,70,,42006,39,,,0,30,,43962,39,,,0,70,,42004,39,,,0,30,,42002,39,,,0
14000001029,'1857',456,,34808,39,0,18 7,0,1984,,24920,39,,,0,70,,42015,39,,,0,100,,24921,39,,,0,30,,42014,39,,,0
14000001029,'1865',456,,42016,39,0,18 7,0,102,,43963,39,0,18 7,0,1852,,43965,39,,,0,30,,42020,39,,,0,70,,42023,39,,,0,30,,43964,39,,,0,70,,42021,39,,,0,30,,42022,39,,,0
14000001029,'1866',555,,42028,39,0,18 7,0,1855,,42030,39,,,0,30,,42025,39,,,0,70,,42024,39,,,0,30,,42026,39,,,0,70,,42029,39,,,0,30,,42027,39,,,0
14000001029,'1867',555,,42037,39,0,18 7,0,1855,,43966,39,,,0,30,,42035,39,,,0,70,,42036,39,,,0,30,,43967,39,,,0,70,,42034,39,,,0,30,,42032,39,,,0
14000001029,'1871',558,,42011,39,0,18 7,0,1852,,42013,39,,,0,130,,42012,39,,,0
14000001029,'1873',555,,34793,39,0,18 7,0,1855,,34794,39,,,0,30,,24925,39,,,0,70,,34790,39,,,0,30,,34791,39,,,0,70,,24929,39,,,0,30,,34792,39,,,0
14000001029,'1874',2410,,42008,39,,,0,130,,42009,39,,,0
14000001029,'1875',555,,42010,39,0,18 7,0,1885,,24935,39,,,0,70,,34798,39,,,0,100,,24934,39,,,0,30,,34796,39,,,0
14000001029,'1876',558,,43968,39,0,18 7,0,1852,,43970,39,,,0,130,,43969,39,,,0
14000001029,'1878',2410,,43971,39,,,0,130,,43972,39,,,0
