1029,'1800',556,,28457,6,,,0,98,,28458,6,,,0,100,,28459,6,,,0,100,,28460,6,,,0,100,,28461,6,,,0,100,,28462,6,,,0,100,,28463,6,,,0,100,,28464,6,,,0,100,,28465,6,,,0,100,,28466,6,,,0,100,,28467,6,,,0,100,,28468,6,,,0,100,,28469,6,,,0,100,,28470,6,,,0,100,,28471,6,,,0,100,,28472,6,,,0,100,,28473,6,,,0,100,,28474,6,,,0
1029,'1838',556,,34957,6,,,0,98,,34958,6,,,0,100,,34959,6,,,0,100,,34960,6,,,0,100,,34961,6,,,0,100,,34962,6,,,0,100,,34963,6,,,0,100,,34964,6,,,0,100,,34965,6,,,0,100,,34966,6,,,0,100,,34967,6,,,0,100,,34968,6,,,0,100,,34969,6,,,0,100,,34970,6,,,0,100,,34971,6,,,0,100,,34972,6,,,0,100,,34973,6,,,0,100,,34974,6,,,0
1029,'1850',553,,28555,6,,,0,71,,28556,6,,,0,26,,28576,6,,,0,68,,28552,6,,,0,30,,28547,6,,,0,70,,28580,6,,,0,30,,28550,6,,,0,72,,28557,6,,,0,30,,28575,6,,,0,70,,28554,6,,,0,30,,28546,6,,,0,70,,28579,6,,,0,30,,28551,6,,,0,70,,28558,6,,,0,30,,28574,6,,,0,70,,28553,6,,,0,30,,28548,6,,,0,70,,28577,6,,,0,32,,28549,6,,,0,70,,28559,6,,,0,30,,28573,6,,,0,69,,28562,6,,,0,30,,28561,6,,,0,70,,28560,6,,,0,33,,28566,6,,,0,70,,28565,6,,,0,30,,28564,6,,,0,70,,28563,6,,,0,30,,28578,6,,,0,70,,28572,6,,,0,30,,28571,6,,,0,70,,28570,6,,,0,30,,28569,6,,,0,70,,28568,6,,,0,25,,28567,6,,,0
1029,'1859',556,,28498,6,,,0,68,,28510,6,,,0,30,,28517,6,,,0,70,,28505,6,,,0,30,,28526,6,,,0,70,,28514,6,,,0,30,,28497,6,,,0,70,,28509,6,,,0,30,,28520,6,,,0,70,,28504,6,,,0,30,,28527,6,,,0,70,,28513,6,,,0,30,,28496,6,,,0,70,,28508,6,,,0,30,,28519,6,,,0,70,,28503,6,,,0,30,,28499,6,,,0,70,,28512,6,,,0,30,,28495,6,,,0,70,,28507,6,,,0,30,,28515,6,,,0,70,,28502,6,,,0,30,,28524,6,,,0,70,,28511,6,,,0,30,,28494,6,,,0,70,,28506,6,,,0,30,,28518,6,,,0,70,,28500,6,,,0,30,,28522,6,,,0,70,,28521,6,,,0,30,,28493,6,,,0,70,,28501,6,,,0,30,,28516,6,,,0,70,,28525,6,,,0,30,,28523,6,,,0
1029,'1861',556,,28528,6,,,0,98,,28529,6,,,0,100,,28530,6,,,0,100,,28531,6,,,0,100,,28532,6,,,0,100,,28533,6,,,0,100,,28534,6,,,0,100,,28535,6,,,0,100,,28536,6,,,0,100,,28537,6,,,0,100,,28538,6,,,0,100,,28539,6,,,0,100,,28540,6,,,0,100,,28541,6,,,0,100,,28542,6,,,0,100,,28543,6,,,0,100,,28544,6,,,0,100,,28545,6,,,0
1029,'1864',553,,34984,6,,,0,71,,28591,6,,,0,26,,35004,6,,,0,68,,34981,6,,,0,30,,34976,6,,,0,70,,35008,6,,,0,30,,34979,6,,,0,72,,34985,6,,,0,30,,35003,6,,,0,70,,34983,6,,,0,30,,34975,6,,,0,70,,35007,6,,,0,30,,34980,6,,,0,70,,34986,6,,,0,30,,35002,6,,,0,70,,34982,6,,,0,30,,34977,6,,,0,70,,35005,6,,,0,32,,34978,6,,,0,70,,34987,6,,,0,30,,35001,6,,,0,69,,34990,6,,,0,30,,34989,6,,,0,70,,34988,6,,,0,33,,34994,6,,,0,70,,34993,6,,,0,30,,34992,6,,,0,70,,34991,6,,,0,30,,35006,6,,,0,70,,35000,6,,,0,30,,34999,6,,,0,70,,34998,6,,,0,30,,34997,6,,,0,70,,34996,6,,,0,25,,34995,6,,,0
1029,'1865',553,,35018,6,,,0,71,,35019,6,,,0,26,,35039,6,,,0,68,,35015,6,,,0,30,,35010,6,,,0,70,,35043,6,,,0,30,,35013,6,,,0,72,,35020,6,,,0,30,,35038,6,,,0,70,,35017,6,,,0,30,,35009,6,,,0,70,,35042,6,,,0,30,,35014,6,,,0,70,,35021,6,,,0,30,,35037,6,,,0,70,,35016,6,,,0,30,,35011,6,,,0,70,,35040,6,,,0,32,,35012,6,,,0,70,,35022,6,,,0,30,,35036,6,,,0,69,,35025,6,,,0,30,,35024,6,,,0,70,,35023,6,,,0,33,,35029,6,,,0,70,,35028,6,,,0,30,,35027,6,,,0,70,,35026,6,,,0,30,,35041,6,,,0,70,,35035,6,,,0,30,,35034,6,,,0,70,,35033,6,,,0,30,,35032,6,,,0,70,,35031,6,,,0,25,,35030,6,,,0
1029,'1866',556,,35049,6,,,0,68,,35061,6,,,0,30,,35068,6,,,0,70,,35056,6,,,0,30,,35077,6,,,0,70,,35065,6,,,0,30,,35048,6,,,0,70,,35060,6,,,0,30,,35071,6,,,0,70,,35055,6,,,0,30,,35078,6,,,0,70,,35064,6,,,0,30,,35047,6,,,0,70,,35059,6,,,0,30,,35070,6,,,0,70,,35054,6,,,0,30,,35050,6,,,0,70,,35063,6,,,0,30,,35046,6,,,0,70,,35058,6,,,0,30,,35066,6,,,0,70,,35053,6,,,0,30,,35075,6,,,0,70,,35062,6,,,0,30,,35045,6,,,0,70,,35057,6,,,0,30,,35069,6,,,0,70,,35051,6,,,0,30,,35073,6,,,0,70,,35072,6,,,0,30,,35044,6,,,0,70,,35052,6,,,0,30,,35067,6,,,0,70,,35076,6,,,0,30,,35074,6,,,0
1029,'1867',556,,35079,6,,,0,98,,35080,6,,,0,100,,35081,6,,,0,100,,35082,6,,,0,100,,35083,6,,,0,100,,35084,6,,,0,100,,35085,6,,,0,100,,35086,6,,,0,100,,35087,6,,,0,100,,35088,6,,,0,100,,35089,6,,,0,100,,35090,6,,,0,100,,35091,6,,,0,100,,35092,6,,,0,100,,35093,6,,,0,100,,35094,6,,,0,100,,35095,6,,,0,100,,35096,6,,,0
2029,'1800',607,,19696,5,,,0,30,,19704,5,,,0,67,,19715,5,,,0,28,,19710,5,,,0,70,,19697,5,,,0,30,,19705,5,,,0,70,,19716,5,,,0,30,,19711,5,,,0,70,,19698,5,,,0,30,,19706,5,,,0,70,,19717,5,,,0,30,,19712,5,,,0,70,,19699,5,,,0,30,,19707,5,,,0,70,,19718,5,,,0,30,,19713,5,,,0,70,,19700,5,,,0,30,,19708,5,,,0,70,,19719,5,,,0,30,,19714,5,,,0,70,,19701,5,,,0,30,,19709,5,,,0,70,,19720,5,,,0,29,,19724,5,0,5 2 13 14,0,71,,19702,5,,,0,29,,19723,5,0,5 2 13 14,0,71,,19721,5,,,0,100,,19703,5,,,0,100,,19722,5,,,0,100,,19695,5,,,0,54,,19725,5,0,5 2 13 14,0,101,,19726,5,0,5 2 13 14,0
2029,'1838',607,,35220,5,,,0,30,,35228,5,,,0,67,,35239,5,,,0,28,,35234,5,,,0,70,,35221,5,,,0,30,,35229,5,,,0,70,,35240,5,,,0,30,,35235,5,,,0,70,,35222,5,,,0,30,,35230,5,,,0,70,,35241,5,,,0,30,,35236,5,,,0,70,,35223,5,,,0,30,,35231,5,,,0,70,,35242,5,,,0,30,,35237,5,,,0,70,,35224,5,,,0,30,,35232,5,,,0,70,,35243,5,,,0,30,,35238,5,,,0,70,,35225,5,,,0,30,,35233,5,,,0,70,,35244,5,,,0,29,,35248,5,0,5 2 13 14,0,71,,35226,5,,,0,29,,35247,5,0,5 2 13 14,0,71,,35245,5,,,0,100,,35227,5,,,0,100,,35246,5,,,0,100,,35219,5,,,0,54,,35249,5,0,5 2 13 14,0,101,,35250,5,0,5 2 13 14,0
2029,'1850',537,,28649,5,,,0,70,,28650,5,,,0,30,,28651,5,,,0,65,,28652,5,,,0,28,,28653,5,,,0,70,,28654,5,,,0,32,,28655,5,,,0,70,,28656,5,,,0,30,,28657,5,,,0,70,,28658,5,,,0,30,,28659,5,,,0,70,,28660,5,,,0,30,,28661,5,,,0,70,,28662,5,,,0,30,,28663,5,,,0,70,,28664,5,,,0,30,,28665,5,,,0,70,,28666,5,,,0,30,,28667,5,,,0,70,,28668,5,,,0,30,,28669,5,,,0,70,,28670,5,,,0,31,,28671,5,,,0,72,,28672,5,,,0,27,,28673,5,,,0,70,,28674,5,,,0,30,,28678,5,,,0,70,,28679,5,,,0,29,,28682,5,0,5 2 13 14,0,71,,28680,5,,,0,100,,28681,5,,,0,100,,28677,5,,,0,99,,28676,5,0,5 2 13 14,0,56,,28683,5,0,5 2 13 14,0
2029,'1857',537,,19562,5,,,0,70,,19563,5,,,0,30,,19564,5,,,0,65,,19565,5,,,0,28,,19566,5,,,0,70,,19567,5,,,0,32,,19568,5,,,0,70,,19569,5,,,0,30,,19570,5,,,0,70,,19571,5,,,0,30,,19572,5,,,0,70,,19573,5,,,0,30,,19574,5,,,0,70,,19575,5,,,0,30,,19576,5,,,0,70,,19577,5,,,0,30,,19578,5,,,0,70,,19579,5,,,0,30,,19580,5,,,0,70,,19581,5,,,0,30,,19582,5,,,0,70,,19583,5,,,0,31,,19584,5,,,0,72,,19585,5,,,0,27,,19586,5,,,0,70,,19587,5,,,0,30,,19591,5,,,0,70,,19592,5,,,0,29,,19595,5,0,5 2 13 14,0,71,,19593,5,,,0,100,,19594,5,,,0,100,,19590,5,,,0,99,,19589,5,0,5 2 13 14,0,56,,19596,5,0,5 2 13 14,0
2029,'1859',537,,19628,5,0,5 2 15 16 17,0,70,,19611,5,,,0,30,,19618,5,,,0,65,,19597,5,,,0,30,,19603,5,,,0,70,,19612,5,,,0,30,,19619,5,,,0,70,,19598,5,,,0,30,,19604,5,,,0,70,,19613,5,,,0,30,,19620,5,,,0,70,,19599,5,,,0,30,,19605,5,,,0,70,,19614,5,,,0,30,,19621,5,,,0,70,,19600,5,,,0,30,,19606,5,,,0,70,,19615,5,,,0,30,,19622,5,,,0,70,,19601,5,,,0,30,,19607,5,,,0,70,,19616,5,,,0,30,,19623,5,,,0,70,,19602,5,,,0,30,,19608,5,,,0,70,,19617,5,,,0,30,,19624,5,,,0,70,,19609,5,,,0,31,,19630,5,0,5 2 13 14,0,69,,19625,5,,,0,100,,19610,5,,,0,100,,19626,5,,,0,55,,19627,5,0,5 2 13 14,0,99,,19629,5,0,5 2 13 14,0
2029,'1861',607,,19632,5,,,0,30,,19640,5,,,0,67,,19651,5,,,0,28,,19646,5,,,0,70,,19633,5,,,0,30,,19641,5,,,0,70,,19652,5,,,0,30,,19647,5,,,0,70,,19634,5,,,0,30,,19642,5,,,0,70,,19653,5,,,0,30,,19648,5,,,0,70,,19635,5,,,0,30,,19643,5,,,0,70,,19654,5,,,0,30,,19649,5,,,0,70,,19636,5,,,0,30,,19644,5,,,0,70,,19655,5,,,0,30,,19650,5,,,0,70,,19637,5,,,0,30,,19645,5,,,0,70,,19656,5,,,0,29,,19660,5,0,5 2 13 14,0,71,,19638,5,,,0,29,,19659,5,0,5 2 13 14,0,71,,19657,5,,,0,100,,19639,5,,,0,100,,19658,5,,,0,100,,19631,5,,,0,54,,19661,5,0,5 2 13 14,0,101,,19662,5,0,5 2 13 14,0
2029,'1865',537,,35251,5,,,0,70,,35252,5,,,0,30,,35253,5,,,0,65,,35254,5,,,0,28,,35255,5,,,0,70,,35256,5,,,0,32,,35257,5,,,0,70,,35258,5,,,0,30,,35259,5,,,0,70,,35260,5,,,0,30,,35261,5,,,0,70,,35262,5,,,0,30,,35263,5,,,0,70,,35264,5,,,0,30,,35265,5,,,0,70,,35266,5,,,0,30,,35267,5,,,0,70,,35268,5,,,0,30,,35269,5,,,0,70,,35270,5,,,0,30,,35271,5,,,0,70,,35272,5,,,0,31,,35273,5,,,0,72,,35274,5,,,0,27,,35275,5,,,0,70,,35276,5,,,0,30,,35280,5,,,0,70,,35281,5,,,0,29,,35284,5,0,5 2 13 14,0,71,,35282,5,,,0,100,,35283,5,,,0,100,,35279,5,,,0,99,,35278,5,0,5 2 13 14,0,56,,35285,5,0,5 2 13 14,0
2029,'1866',537,,35317,5,0,5 2 15 16 17,0,70,,35300,5,,,0,30,,35307,5,,,0,65,,35286,5,,,0,30,,35292,5,,,0,70,,35301,5,,,0,30,,35308,5,,,0,70,,35287,5,,,0,30,,35293,5,,,0,70,,35302,5,,,0,30,,35309,5,,,0,70,,35288,5,,,0,30,,35294,5,,,0,70,,35303,5,,,0,30,,35310,5,,,0,70,,35289,5,,,0,30,,35295,5,,,0,70,,35304,5,,,0,30,,35311,5,,,0,70,,35290,5,,,0,30,,35296,5,,,0,70,,35305,5,,,0,30,,35312,5,,,0,70,,35291,5,,,0,30,,35297,5,,,0,70,,35306,5,,,0,30,,35313,5,,,0,70,,35298,5,,,0,31,,35319,5,0,5 2 13 14,0,69,,35314,5,,,0,100,,35299,5,,,0,100,,35315,5,,,0,55,,35316,5,0,5 2 13 14,0,99,,35318,5,0,5 2 13 14,0
2029,'1867',607,,35321,5,,,0,30,,35329,5,,,0,67,,35340,5,,,0,28,,35335,5,,,0,70,,35322,5,,,0,30,,35330,5,,,0,70,,35341,5,,,0,30,,35336,5,,,0,70,,35323,5,,,0,30,,35331,5,,,0,70,,35342,5,,,0,30,,35337,5,,,0,70,,35324,5,,,0,30,,35332,5,,,0,70,,35343,5,,,0,30,,35338,5,,,0,70,,35325,5,,,0,30,,35333,5,,,0,70,,35344,5,,,0,30,,35339,5,,,0,70,,35326,5,,,0,30,,35334,5,,,0,70,,35345,5,,,0,29,,35349,5,0,5 2 13 14,0,71,,35327,5,,,0,29,,35348,5,0,5 2 13 14,0,71,,35346,5,,,0,100,,35328,5,,,0,100,,35347,5,,,0,100,,35320,5,,,0,54,,35350,5,0,5 2 13 14,0,101,,35351,5,0,5 2 13 14,0
