2029,'1838',1741,,35248,16,4,,0,100,,35247,16,4,,0,465,,35249,16,4,,0
2029,'1865',1941,,35284,16,4,,0,370,,35278,16,4,,0
2029,'1866',1943,,35319,16,4,,0,364,,35316,16,4,,0
2029,'1867',1741,,35349,16,4,,0,100,,35348,16,4,,0,465,,35350,16,4,,0
2029,'1873',1943,,19630,16,4,,0,364,,19627,16,4,,0
2029,'1878',1741,,19660,16,4,,0,100,,19659,16,4,,0,465,,19661,16,4,,0
2029,'1882',1941,,19595,16,4,,0,370,,19589,16,4,,0
20007019,'1838',944,,48439,12,4,,0,100,,41918,12,4,,0,100,,41919,12,4,,0,100,,41920,12,4,,0,100,,48440,12,4,,0,101,,41922,12,4,,0,100,,41923,12,4,,0,99,,41924,12,4,,0,100,,41925,12,4,,0,100,,41926,12,4,,0,100,,41927,12,4,,0,198,,48441,12,4,,0,170,,43937,12,4,,0
20007019,'1865',2042,,48443,12,4,,0,100,,48444,12,4,,0,100,,41946,12,4,,0,200,,48445,12,4,,0
20007019,'1866',2042,,48447,12,4,,0,100,,48448,12,4,,0
20007019,'1867',944,,48449,12,4,,0,100,,41956,12,4,,0,100,,41957,12,4,,0,100,,41958,12,4,,0,100,,48450,12,4,,0,101,,41960,12,4,,0,100,,41961,12,4,,0,99,,41962,12,4,,0,100,,41963,12,4,,0,100,,41964,12,4,,0,100,,41965,12,4,,0,198,,48451,12,4,,0,170,,43942,12,4,,0
20007019,'1878',1044,,34729,12,4,,0,100,,34730,12,4,,0,100,,34731,12,4,,0,201,,34733,12,4,,0,100,,34734,12,4,,0,99,,34735,12,4,,0,100,,34736,12,4,,0,100,,34737,12,4,,0,100,,34738,12,4,,0,368,,43947,12,4,,0
20007019,'1881',2042,,41939,12,4,,0,100,,41940,12,4,,0,300,,41941,12,4,,0
20007019,'1882',2242,,34752,12,4,,0
20007019,'1886',2042,,48453,12,4,,0,100,,48454,12,4,,0,300,,48455,12,4,,0
20007019,'1887',2042,,48457,12,4,,0,100,,48458,12,4,,0
20007019,'1888',944,,48459,12,4,,0,400,,48460,12,4,,0,798,,48461,12,4,,0
