1029,'1796',603,,19297,19,,,0,31,,19298,19,,,0,67,,19318,19,,,0,29,,19294,19,,,0,70,,19289,19,,,0,30,,19322,19,,,0,70,,19292,19,,,0,31,,19299,19,,,0,70,,19317,19,,,0,30,,19296,19,,,0,70,,19288,19,,,0,30,,19321,19,,,0,70,,19293,19,,,0,29,,19300,19,,,0,70,,19316,19,,,0,30,,19295,19,,,0,71,,19290,19,,,0,30,,19319,19,,,0,72,,19291,19,,,0,30,,19301,19,,,0,70,,19315,19,,,0,29,,19304,19,,,0,70,,19303,19,,,0,29,,19302,19,,,0,73,,19308,19,,,0,30,,19307,19,,,0,70,,19306,19,,,0,30,,19305,19,,,0,69,,19320,19,,,0,30,,19314,19,,,0,70,,19313,19,,,0,30,,19312,19,,,0,70,,19311,19,,,0,30,,19310,19,,,0,25,,19309,19,,,0
1029,'1797',605,,19328,19,,,0,28,,19340,19,,,0,70,,19347,19,,,0,30,,19335,19,,,0,70,,19356,19,,,0,30,,19344,19,,,0,70,,19327,19,,,0,31,,19339,19,,,0,70,,19350,19,,,0,30,,19334,19,,,0,70,,19357,19,,,0,30,,19343,19,,,0,70,,19326,19,,,0,30,,19338,19,,,0,70,,19349,19,,,0,30,,19333,19,,,0,70,,19329,19,,,0,30,,19342,19,,,0,70,,19325,19,,,0,30,,19337,19,,,0,69,,19345,19,,,0,30,,19332,19,,,0,70,,19354,19,,,0,30,,19341,19,,,0,70,,19324,19,,,0,30,,19336,19,,,0,70,,19348,19,,,0,30,,19330,19,,,0,70,,19352,19,,,0,30,,19351,19,,,0,70,,19323,19,,,0,30,,19331,19,,,0,68,,19346,19,,,0,30,,19355,19,,,0,70,,19353,19,,,0
1029,'1798',605,,19358,19,,,0,98,,19359,19,,,0,100,,19360,19,,,0,100,,19361,19,,,0,101,,19362,19,,,0,100,,19363,19,,,0,100,,19364,19,,,0,100,,19365,19,,,0,100,,19366,19,,,0,100,,19367,19,,,0,99,,19368,19,,,0,100,,19369,19,,,0,100,,19370,19,,,0,100,,19371,19,,,0,100,,19372,19,,,0,100,,19373,19,,,0,98,,19374,19,,,0,100,,19375,19,,,0
1029,'1799',605,,19376,19,,,0,98,,19377,19,,,0,100,,19378,19,,,0,100,,19379,19,,,0,101,,19380,19,,,0,100,,19381,19,,,0,100,,19382,19,,,0,100,,19383,19,,,0,100,,19384,19,,,0,100,,19385,19,,,0,99,,19386,19,,,0,100,,19387,19,,,0,100,,19388,19,,,0,100,,19389,19,,,0,100,,19390,19,,,0,100,,19391,19,,,0,98,,19392,19,,,0,100,,19393,19,,,0
1029,'1800',605,,19394,19,,,0,98,,19395,19,,,0,100,,19396,19,,,0,100,,19397,19,,,0,101,,19398,19,,,0,100,,19399,19,,,0,100,,19400,19,,,0,100,,19401,19,,,0,100,,19402,19,,,0,100,,19403,19,,,0,99,,19404,19,,,0,100,,19405,19,,,0,100,,19406,19,,,0,100,,19407,19,,,0,100,,19408,19,,,0,100,,19409,19,,,0,98,,19410,19,,,0,100,,19411,19,,,0
1029,'1817',605,,16625,19,,,0,98,,16626,19,,,0,100,,16627,19,,,0,100,,16628,19,,,0,101,,16629,19,,,0,100,,16630,19,,,0,100,,16631,19,,,0,100,,16632,19,,,0,100,,16633,19,,,0,100,,16634,19,,,0,99,,16635,19,,,0,100,,16636,19,,,0,100,,16637,19,,,0,100,,16638,19,,,0,100,,16639,19,,,0,100,,16640,19,,,0,98,,16641,19,,,0,100,,16642,19,,,0
1029,'1824',605,,16682,19,,,0,28,,16694,19,,,0,70,,16701,19,,,0,30,,16689,19,,,0,70,,16710,19,,,0,30,,16698,19,,,0,70,,16681,19,,,0,31,,16693,19,,,0,70,,16704,19,,,0,30,,16688,19,,,0,70,,16711,19,,,0,30,,16697,19,,,0,70,,16680,19,,,0,30,,16692,19,,,0,70,,16703,19,,,0,30,,16687,19,,,0,70,,16683,19,,,0,30,,16696,19,,,0,70,,16679,19,,,0,30,,16691,19,,,0,69,,16699,19,,,0,30,,16686,19,,,0,70,,16708,19,,,0,30,,16695,19,,,0,70,,16678,19,,,0,30,,16690,19,,,0,70,,16702,19,,,0,30,,16684,19,,,0,70,,16706,19,,,0,30,,16705,19,,,0,70,,16677,19,,,0,30,,16685,19,,,0,68,,16700,19,,,0,30,,16709,19,,,0,70,,16707,19,,,0
22019,'1796',554,,21710,5,0,19 2 24 1 25 26,0,66,,21712,5,0,19 2 24 1 25 26,0,26,,21681,5,0,19 2 24 1 25 26,0,70,,21682,5,0,19 2 24 1 25 26,0,1398,,21709,5,0,19 2 24 1 25 26,0
22019,'1797',618,,21732,5,0,19 2 24 1 25 26,0,24,,21737,5,0,19 2 24 1 25 26,0,70,,21733,5,0,19 2 24 1 25 26,0,30,,21738,5,0,19 2 24 1 25 26,0,70,,21734,5,0,19 2 24 1 25 26,0,933,,21739,5,0,19 2 24 1 25 26,0,70,,21735,5,0,19 2 24 1 25 26,0,30,,21740,5,0,19 2 24 1 25 26,0,69,,21731,5,0,19 2 24 1 25 26,0,30,,21741,5,0,19 2 24 1 25 26,0,69,,21736,5,0,19 2 24 1 25 26,0,30,,21742,5,0,19 2 24 1 25 26,0,70,,21743,5,0,19 2 24 1 25 26,0
22019,'1798',646,,21753,5,0,19 2 24 1 25 26,0,94,,21754,5,0,19 2 24 1 25 26,0,1000,,21755,5,0,19 2 24 1 25 26,0,100,,21756,5,0,19 2 24 1 25 26,0,100,,21757,5,0,19 2 24 1 25 26,0,108,,21758,5,0,19 2 24 1 25 26,0
22019,'1799',646,,21768,5,0,19 2 24 1 25 26,0,94,,21769,5,0,19 2 24 1 25 26,0,1000,,21770,5,0,19 2 24 1 25 26,0,100,,21771,5,0,19 2 24 1 25 26,0,100,,21772,5,0,19 2 24 1 25 26,0,108,,21773,5,0,19 2 24 1 25 26,0
22019,'1800',646,,21783,5,0,19 2 24 1 25 26,0,94,,21784,5,0,19 2 24 1 25 26,0,1000,,21785,5,0,19 2 24 1 25 26,0,100,,21786,5,0,19 2 24 1 25 26,0,100,,21787,5,0,19 2 24 1 25 26,0,108,,21788,5,0,19 2 24 1 25 26,0
22019,'1816',618,,11255,5,0,19 2 24 1 25 26,0,24,,11259,5,0,19 2 24 1 25 26,0,70,,11343,5,0,19 2 24 1 25 26,0,30,,11260,5,0,19 2 24 1 25 26,0,70,,11256,5,0,19 2 24 1 25 26,0,933,,11344,5,0,19 2 24 1 25 26,0,70,,11257,5,0,19 2 24 1 25 26,0,30,,11261,5,0,19 2 24 1 25 26,0,69,,11342,5,0,19 2 24 1 25 26,0,30,,11262,5,0,19 2 24 1 25 26,0,69,,11258,5,0,19 2 24 1 25 26,0,30,,11345,5,0,19 2 24 1 25 26,0,70,,11263,5,0,19 2 24 1 25 26,0
22019,'1817',646,,17730,5,0,19 2 24 1 25 26,0,94,,17731,5,0,19 2 24 1 25 26,0,1000,,11276,5,0,19 2 24 1 25 26,0,100,,17732,5,0,19 2 24 1 25 26,0,100,,11278,5,0,19 2 24 1 25 26,0,108,,17733,5,0,19 2 24 1 25 26,0
