4019,'1817',801,,16736,8,,,0,30,,16737,8,,,0,70,,16734,8,,,0,30,,16738,8,,,0,70,,16735,8,,,0,30,,16719,8,,,0,70,,16723,8,,,0,30,,16727,8,,,0,69,,16730,8,,,0,31,,16715,8,,,0,69,,16718,8,,,0,30,,16722,8,,,0,70,,16726,8,,,0,30,,16728,8,,,0,70,,16714,8,,,0,30,,16717,8,,,0,70,,16721,8,,,0,30,,16725,8,,,0,70,,16729,8,,,0,31,,16713,8,,,0,70,,16716,8,,,0,30,,16720,8,,,0,70,,16724,8,,,0,30,,16733,8,,,0,70,,16739,8,,,0,30,,16731,8,,,0,70,,16740,8,,,0,30,,16732,8,,,0
4019,'1820',631,,13830,7,,,0,70,,13856,7,,,0,30,,13831,7,,,0,27,,13832,7,,,0,76,,13833,7,,,0,24,,13834,7,,,0,76,,13835,7,,,0,67,,13836,7,,,0,28,,13837,7,,,0,30,,13838,7,,,0,70,,13839,7,,,0,72,,13840,7,,,0,30,,13841,7,,,0,70,,13842,7,,,0,30,,13843,7,,,0,70,,13844,7,,,0,30,,13845,7,,,0,74,,13846,7,,,0,30,,13847,7,,,0,71,,13848,7,,,0,24,,13849,7,,,0,75,,13850,7,,,0,23,,13851,7,,,0,76,,13852,7,,,0,22,,13853,7,,,0,75,,13854,7,,,0,30,,13855,7,,,0,70,,13824,7,,,0,30,,13825,7,,,0,70,,13826,7,,,0,30,,13827,7,,,0,70,,13828,7,,,0,30,,13829,7,,,0
4019,'1823',631,,16747,8,,,0,70,,16773,8,,,0,30,,16748,8,,,0,27,,16749,8,,,0,76,,16750,8,,,0,24,,16751,8,,,0,76,,16752,8,,,0,67,,16753,8,,,0,28,,16754,8,,,0,30,,16755,8,,,0,70,,16756,8,,,0,72,,16757,8,,,0,30,,16758,8,,,0,70,,16759,8,,,0,30,,16760,8,,,0,70,,16761,8,,,0,30,,16762,8,,,0,74,,16763,8,,,0,30,,16764,8,,,0,71,,16765,8,,,0,24,,16766,8,,,0,75,,16767,8,,,0,23,,16768,8,,,0,76,,16769,8,,,0,22,,16770,8,,,0,75,,16771,8,,,0,30,,16772,8,,,0,70,,16741,8,,,0,30,,16742,8,,,0,70,,16743,8,,,0,30,,16744,8,,,0,70,,16745,8,,,0,30,,16746,8,,,0
4019,'1824',701,,16805,8,,,0,30,,16781,8,,,0,70,,16775,8,,,0,30,,16785,8,,,0,70,,16796,8,,,0,30,,16791,8,,,0,70,,16779,8,,,0,30,,16801,8,,,0,70,,16778,8,,,0,30,,16798,8,,,0,69,,16793,8,,,0,31,,16786,8,,,0,69,,16799,8,,,0,30,,16802,8,,,0,70,,16777,8,,,0,31,,16788,8,,,0,70,,16776,8,,,0,30,,16782,8,,,0,70,,16800,8,,,0,30,,16797,8,,,0,70,,16794,8,,,0,30,,16783,8,,,0,70,,16803,8,,,0,30,,16804,8,,,0,70,,16774,8,,,0,30,,16789,8,,,0,70,,16787,8,,,0,30,,16795,8,,,0,70,,16780,8,,,0,30,,16790,8,,,0,70,,16784,8,,,0,30,,16792,8,,,0
11029,'1816',1339,,10361,26,,,0,200,,10363,26,,,0,100,,10364,26,,,0
11029,'1817',836,,17214,26,,,0,100,,17215,26,,,0,103,,17216,26,,,0,100,,17217,26,,,0,100,,17218,26,,,0,100,,17219,26,,,0,100,,17220,26,,,0,100,,17221,26,,,0,100,,17222,26,,,0,97,,17223,26,,,0,99,,17224,26,,,0,101,,17225,26,,,0,95,,10330,26,,,0
11029,'1820',636,,14382,19,,,0,200,,14374,26,,,0,100,,14375,26,,,0,100,,14376,26,,,0,200,,14377,26,,,0,199,,14378,26,,,0,100,,10348,26,,,0,200,,10350,26,,,0,101,,14379,26,,,0,100,,14380,26,,,0,100,,14381,26,,,0,95,,14373,26,,,0
11029,'1821',736,,10340,26,,,0,400,,10344,26,,,0,200,,10346,26,,,0,299,,10349,26,,,0
11029,'1823',636,,17237,19,,,0,200,,17227,26,,,0,100,,17228,26,,,0,100,,17229,26,,,0,200,,17230,26,,,0,199,,17231,26,,,0,100,,17232,26,,,0,200,,17233,26,,,0,101,,17234,26,,,0,100,,17235,26,,,0,100,,17236,26,,,0,95,,17226,26,,,0
11029,'1824',636,,17238,19,,,0,98,,17249,26,,,0,102,,17239,26,,,0,100,,17240,26,,,0,100,,17241,26,,,0,103,,17242,26,,,0,100,,17243,26,,,0,200,,17244,26,,,0,297,,17245,26,,,0,100,,17246,26,,,0,99,,17247,26,,,0,101,,17248,26,,,0
