4019,'1794',750,,9497,5,,,0,70,,9498,5,,,0,30,,9495,5,,,0,70,,9499,5,,,0,30,,9496,5,,,0,71,,9480,5,,,0,30,,9484,5,,,0,70,,9488,5,,,0,30,,9491,5,,,0,70,,9476,5,,,0,30,,9479,5,,,0,70,,9483,5,,,0,30,,9487,5,,,0,70,,9489,5,,,0,30,,9475,5,,,0,70,,9478,5,,,0,30,,9482,5,,,0,70,,9486,5,,,0,30,,9490,5,,,0,70,,9474,5,,,0,30,,9477,5,,,0,70,,9481,5,,,0,30,,9485,5,,,0,70,,9494,5,,,0,30,,9500,5,,,0,70,,9492,5,,,0,30,,9501,5,,,0,70,,9493,5,,,0
4019,'1805',650,,6007,5,,,0,70,,5983,5,,,0,30,,5977,5,,,0,70,,5987,5,,,0,30,,5998,5,,,0,70,,5993,5,,,0,30,,5981,5,,,0,71,,6003,5,,,0,30,,5980,5,,,0,70,,6000,5,,,0,30,,5995,5,,,0,70,,5988,5,,,0,30,,6001,5,,,0,70,,6004,5,,,0,30,,5979,5,,,0,70,,5990,5,,,0,30,,5978,5,,,0,70,,5984,5,,,0,30,,6002,5,,,0,70,,5999,5,,,0,30,,5996,5,,,0,70,,5985,5,,,0,30,,6005,5,,,0,70,,6006,5,,,0,30,,5976,5,,,0,70,,5991,5,,,0,30,,5989,5,,,0,70,,5997,5,,,0,30,,5982,5,,,0,70,,5992,5,,,0,30,,5986,5,,,0,70,,5994,5,,,0
4019,'1806',750,,6031,5,,,0,70,,9512,5,,,0,30,,6029,5,,,0,70,,6033,5,,,0,30,,9511,5,,,0,71,,6014,5,,,0,30,,9507,5,,,0,70,,9509,5,,,0,30,,6025,5,,,0,70,,9503,5,,,0,30,,6013,5,,,0,70,,9506,5,,,0,30,,6021,5,,,0,70,,9510,5,,,0,30,,6009,5,,,0,70,,9504,5,,,0,30,,6016,5,,,0,70,,9508,5,,,0,30,,6024,5,,,0,70,,9502,5,,,0,30,,6011,5,,,0,70,,9505,5,,,0,30,,6019,5,,,0,70,,6028,5,,,0,30,,9513,5,,,0,70,,6026,5,,,0,30,,6035,5,,,0,70,,6027,5,,,0
4019,'1807',620,,9520,5,,,0,30,,9546,5,,,0,71,,9521,5,,,0,27,,9522,5,,,0,76,,9523,5,,,0,24,,9524,5,,,0,76,,9525,5,,,0,27,,9526,5,,,0,70,,9527,5,,,0,30,,9528,5,,,0,70,,9529,5,,,0,31,,9530,5,,,0,70,,9531,5,,,0,30,,9532,5,,,0,70,,9533,5,,,0,30,,9534,5,,,0,70,,9535,5,,,0,32,,9536,5,,,0,70,,9537,5,,,0,31,,9538,5,,,0,64,,9539,5,,,0,36,,9540,5,,,0,64,,9541,5,,,0,36,,9542,5,,,0,61,,9543,5,,,0,35,,9544,5,,,0,70,,9545,5,,,0,30,,9514,5,,,0,70,,9515,5,,,0,30,,9516,5,,,0,70,,9517,5,,,0,30,,9518,5,,,0,70,,9519,5,,,0
4019,'1808',650,,9578,5,,,0,70,,9554,5,,,0,30,,9548,5,,,0,70,,9558,5,,,0,30,,9569,5,,,0,70,,9564,5,,,0,30,,9552,5,,,0,71,,9574,5,,,0,30,,9551,5,,,0,70,,9571,5,,,0,30,,9566,5,,,0,70,,9559,5,,,0,30,,9572,5,,,0,70,,9575,5,,,0,30,,9550,5,,,0,70,,9561,5,,,0,30,,9549,5,,,0,70,,9555,5,,,0,30,,9573,5,,,0,70,,9570,5,,,0,30,,9567,5,,,0,70,,9556,5,,,0,30,,9576,5,,,0,70,,9577,5,,,0,30,,9547,5,,,0,70,,9562,5,,,0,30,,9560,5,,,0,70,,9568,5,,,0,30,,9553,5,,,0,70,,9563,5,,,0,30,,9557,5,,,0,70,,9565,5,,,0
4019,'1809',750,,9602,5,,,0,70,,9603,5,,,0,30,,9600,5,,,0,70,,9604,5,,,0,30,,9601,5,,,0,71,,9585,5,,,0,30,,9589,5,,,0,70,,9593,5,,,0,30,,9596,5,,,0,70,,9581,5,,,0,30,,9584,5,,,0,70,,9588,5,,,0,30,,9592,5,,,0,70,,9594,5,,,0,30,,9580,5,,,0,70,,9583,5,,,0,30,,9587,5,,,0,70,,9591,5,,,0,30,,9595,5,,,0,70,,9579,5,,,0,30,,9582,5,,,0,70,,9586,5,,,0,30,,9590,5,,,0,70,,9599,5,,,0,30,,9605,5,,,0,70,,9597,5,,,0,30,,9606,5,,,0,70,,9598,5,,,0
502019,'1794',633,,12079,3,,,0,70,,12065,3,,,0,30,,12082,3,,,0,70,,12096,3,,,0,31,,12076,3,,,0,70,,12095,3,,,0,30,,12078,3,,,0,70,,12094,3,,,0,30,,12073,3,,,0,70,,12093,3,,,0,30,,12068,3,,,0,70,,12092,3,,,0,30,,12071,3,,,0,70,,12090,3,,,0,30,,12069,3,,,0,70,,12091,3,,,0,30,,12072,3,,,0,70,,12089,3,,,0,30,,12066,3,,,0,70,,12088,3,,,0,30,,12070,3,,,0,70,,12087,3,,,0,30,,12067,3,,,0,70,,12086,3,,,0,30,,12080,3,,,0,70,,12085,3,,,0,30,,12081,3,,,0,70,,12084,3,,,0,30,,12074,3,,,0,70,,12098,3,,,0,30,,12083,3,,,0,70,,12099,3,,,0,30,,12077,3,,,0,69,,12097,3,,,0,30,,12075,3,,,0
502019,'1805',633,,7947,3,,,0,70,,7954,3,,,0,30,,7946,3,,,0,70,,7955,3,,,0,31,,7945,3,,,0,70,,7956,3,,,0,30,,7944,3,,,0,70,,7957,3,,,0,30,,7965,3,,,0,70,,7958,3,,,0,30,,7966,3,,,0,70,,7959,3,,,0,30,,7967,3,,,0,70,,7960,3,,,0,30,,7968,3,,,0,71,,7961,3,,,0,30,,7969,3,,,0,70,,7962,3,,,0,30,,7970,3,,,0,69,,7963,3,,,0,30,,7971,3,,,0,70,,7964,3,,,0,30,,7972,3,,,0,70,,7948,3,,,0,30,,7973,3,,,0,70,,7950,3,,,0,100,,7949,3,,,0,30,,7943,3,,,0,70,,7951,3,,,0,30,,7942,3,,,0,70,,7952,3,,,0,30,,7941,3,,,0,70,,7953,3,,,0,30,,7940,3,,,0
502019,'1806',633,,7988,3,,,0,70,,7974,3,,,0,30,,7991,3,,,0,70,,8005,3,,,0,31,,7985,3,,,0,70,,8004,3,,,0,30,,7987,3,,,0,70,,8003,3,,,0,30,,7982,3,,,0,70,,8002,3,,,0,30,,7977,3,,,0,70,,8001,3,,,0,30,,7980,3,,,0,70,,7999,3,,,0,30,,7978,3,,,0,70,,8000,3,,,0,30,,7981,3,,,0,70,,7998,3,,,0,30,,7975,3,,,0,70,,7997,3,,,0,30,,7979,3,,,0,70,,7996,3,,,0,30,,7976,3,,,0,70,,7995,3,,,0,30,,7989,3,,,0,70,,7994,3,,,0,30,,12100,3,,,0,70,,7993,3,,,0,30,,7983,3,,,0,70,,8007,3,,,0,30,,7992,3,,,0,70,,8008,3,,,0,30,,7986,3,,,0,69,,8006,3,,,0,30,,7984,3,,,0
502019,'1807',603,,12101,3,,,0,30,,12102,3,,,0,25,,12142,3,,,0,50,,12103,3,,,0,26,,12104,3,,,0,24,,12105,3,,,0,52,,12106,3,,,0,24,,12107,3,,,0,24,,12108,3,,,0,52,,12109,3,,,0,24,,12110,3,,,0,70,,12111,3,,,0,30,,12112,3,,,0,70,,12113,3,,,0,30,,12114,3,,,0,71,,12115,3,,,0,30,,12116,3,,,0,70,,12117,3,,,0,30,,12118,3,,,0,70,,12119,3,,,0,32,,12120,3,,,0,70,,12121,3,,,0,30,,12122,3,,,0,68,,12123,3,,,0,24,,12124,3,,,0,12,,12125,3,,,0,64,,12126,3,,,0,6,,12143,3,,,0,17,,12127,3,,,0,12,,12128,3,,,0,64,,12129,3,,,0,22,,12130,3,,,0,12,,12131,3,,,0,66,,12132,3,,,0,30,,12133,3,,,0,70,,12134,3,,,0,30,,12135,3,,,0,70,,12136,3,,,0,30,,12137,3,,,0,70,,12138,3,,,0,30,,12139,3,,,0,69,,12140,3,,,0,30,,12141,3,,,0
502019,'1808',633,,12151,3,,,0,70,,12158,3,,,0,30,,12150,3,,,0,70,,12159,3,,,0,31,,12149,3,,,0,70,,12160,3,,,0,30,,12148,3,,,0,70,,12161,3,,,0,30,,12169,3,,,0,70,,12162,3,,,0,30,,12170,3,,,0,70,,12163,3,,,0,30,,12171,3,,,0,70,,12164,3,,,0,30,,12172,3,,,0,71,,12165,3,,,0,30,,12173,3,,,0,70,,12166,3,,,0,30,,12174,3,,,0,69,,12167,3,,,0,30,,12175,3,,,0,70,,12168,3,,,0,30,,12176,3,,,0,70,,12152,3,,,0,30,,12177,3,,,0,70,,12154,3,,,0,100,,12153,3,,,0,30,,12147,3,,,0,70,,12155,3,,,0,30,,12146,3,,,0,70,,12156,3,,,0,30,,12145,3,,,0,70,,12157,3,,,0,30,,12144,3,,,0
502019,'1809',633,,12192,3,,,0,70,,12178,3,,,0,30,,12195,3,,,0,70,,12209,3,,,0,31,,12189,3,,,0,70,,12208,3,,,0,30,,12191,3,,,0,70,,12207,3,,,0,30,,12186,3,,,0,70,,12206,3,,,0,30,,12181,3,,,0,70,,12205,3,,,0,30,,12184,3,,,0,70,,12203,3,,,0,30,,12182,3,,,0,70,,12204,3,,,0,30,,12185,3,,,0,70,,12202,3,,,0,30,,12179,3,,,0,70,,12201,3,,,0,30,,12183,3,,,0,70,,12200,3,,,0,30,,12180,3,,,0,70,,12199,3,,,0,30,,12193,3,,,0,70,,12198,3,,,0,30,,12194,3,,,0,70,,12197,3,,,0,30,,12187,3,,,0,70,,12211,3,,,0,30,,12196,3,,,0,70,,12212,3,,,0,30,,12190,3,,,0,69,,12210,3,,,0,30,,12188,3,,,0
