2029,'1838',625,,35220,25,,,0,30,,35228,25,,,0,68,,35239,25,,,0,30,,35234,25,,,0,70,,35221,25,,,0,30,,35229,25,,,0,69,,35240,25,,,0,30,,35235,25,,,0,70,,35222,25,,,0,30,,35230,25,,,0,70,,35241,25,,,0,30,,35236,25,,,0,70,,35223,25,,,0,30,,35231,25,,,0,70,,35242,25,,,0,30,,35237,25,,,0,70,,35224,25,,,0,30,,35232,25,,,0,70,,35243,25,,,0,30,,35238,25,,,0,70,,35225,25,,,0,30,,35233,25,,,0,70,,35244,25,,,0,100,,35226,25,,,0,100,,35245,25,,,0,100,,35227,25,,,0,100,,35246,25,,,0,100,,35219,25,,,0
2029,'1857',528,,19588,10,,,0,27,,19562,25,,,0,70,,19563,25,,,0,30,,19564,25,,,0,68,,19565,25,,,0,30,,19566,25,,,0,70,,19567,25,,,0,30,,19568,25,,,0,69,,19569,25,,,0,30,,19570,25,,,0,70,,19571,25,,,0,30,,19572,25,,,0,70,,19573,25,,,0,30,,19574,25,,,0,70,,19575,25,,,0,30,,19576,25,,,0,70,,19577,25,,,0,30,,19578,25,,,0,70,,19579,25,,,0,30,,19580,25,,,0,70,,19581,25,,,0,30,,19582,25,,,0,70,,19583,25,,,0,31,,19584,25,,,0,70,,19585,25,,,0,29,,19586,25,,,0,70,,19587,25,,,0,30,,19591,25,,,0,70,,19592,25,,,0,100,,19593,25,,,0,100,,19594,25,,,0,100,,19590,25,,,0
2029,'1865',528,,35277,10,,,0,27,,35251,25,,,0,70,,35252,25,,,0,30,,35253,25,,,0,68,,35254,25,,,0,30,,35255,25,,,0,70,,35256,25,,,0,30,,35257,25,,,0,69,,35258,25,,,0,30,,35259,25,,,0,70,,35260,25,,,0,30,,35261,25,,,0,70,,35262,25,,,0,30,,35263,25,,,0,70,,35264,25,,,0,30,,35265,25,,,0,70,,35266,25,,,0,30,,35267,25,,,0,70,,35268,25,,,0,30,,35269,25,,,0,70,,35270,25,,,0,30,,35271,25,,,0,70,,35272,25,,,0,31,,35273,25,,,0,70,,35274,25,,,0,29,,35275,25,,,0,70,,35276,25,,,0,30,,35280,25,,,0,70,,35281,25,,,0,100,,35282,25,,,0,100,,35283,25,,,0,100,,35279,25,,,0
2029,'1866',555,,35317,25,0,5 2 15 16 17,0,70,,35300,25,,,0,30,,35307,25,,,0,68,,35286,25,,,0,30,,35292,25,,,0,70,,35301,25,,,0,30,,35308,25,,,0,69,,35287,25,,,0,30,,35293,25,,,0,70,,35302,25,,,0,30,,35309,25,,,0,70,,35288,25,,,0,30,,35294,25,,,0,70,,35303,25,,,0,30,,35310,25,,,0,70,,35289,25,,,0,30,,35295,25,,,0,70,,35304,25,,,0,30,,35311,25,,,0,70,,35290,25,,,0,30,,35296,25,,,0,70,,35305,25,,,0,30,,35312,25,,,0,70,,35291,25,,,0,30,,35297,25,,,0,70,,35306,25,,,0,30,,35313,25,,,0,70,,35298,25,,,0,100,,35314,25,,,0,100,,35299,25,,,0,100,,35315,25,,,0
2029,'1867',625,,35321,25,,,0,30,,35329,25,,,0,68,,35340,25,,,0,30,,35335,25,,,0,70,,35322,25,,,0,30,,35330,25,,,0,69,,35341,25,,,0,30,,35336,25,,,0,70,,35323,25,,,0,30,,35331,25,,,0,70,,35342,25,,,0,30,,35337,25,,,0,70,,35324,25,,,0,30,,35332,25,,,0,70,,35343,25,,,0,30,,35338,25,,,0,70,,35325,25,,,0,30,,35333,25,,,0,70,,35344,25,,,0,30,,35339,25,,,0,70,,35326,25,,,0,30,,35334,25,,,0,70,,35345,25,,,0,100,,35327,25,,,0,100,,35346,25,,,0,100,,35328,25,,,0,100,,35347,25,,,0,100,,35320,25,,,0
2029,'1873',555,,19628,25,0,5 2 15 16 17,0,70,,19611,25,,,0,30,,19618,25,,,0,68,,19597,25,,,0,30,,19603,25,,,0,70,,19612,25,,,0,30,,19619,25,,,0,69,,19598,25,,,0,30,,19604,25,,,0,70,,19613,25,,,0,30,,19620,25,,,0,70,,19599,25,,,0,30,,19605,25,,,0,70,,19614,25,,,0,30,,19621,25,,,0,70,,19600,25,,,0,30,,19606,25,,,0,70,,19615,25,,,0,30,,19622,25,,,0,70,,19601,25,,,0,30,,19607,25,,,0,70,,19616,25,,,0,30,,19623,25,,,0,70,,19602,25,,,0,30,,19608,25,,,0,70,,19617,25,,,0,30,,19624,25,,,0,70,,19609,25,,,0,100,,19625,25,,,0,100,,19610,25,,,0,100,,19626,25,,,0
2029,'1875',625,,19632,25,,,0,30,,19640,25,,,0,68,,19651,25,,,0,30,,19646,25,,,0,70,,19633,25,,,0,30,,19641,25,,,0,69,,19652,25,,,0,30,,19647,25,,,0,70,,19634,25,,,0,30,,19642,25,,,0,70,,19653,25,,,0,30,,19648,25,,,0,70,,19635,25,,,0,30,,19643,25,,,0,70,,19654,25,,,0,30,,19649,25,,,0,70,,19636,25,,,0,30,,19644,25,,,0,70,,19655,25,,,0,30,,19650,25,,,0,70,,19637,25,,,0,30,,19645,25,,,0,70,,19656,25,,,0,100,,19638,25,,,0,100,,19657,25,,,0,100,,19639,25,,,0,100,,19658,25,,,0,100,,19631,25,,,0
20002019,'1838',1007,,41905,10,,,0
20002019,'1867',1007,,41907,10,,,0
20002019,'1875',1007,,41906,10,,,0
14000001029,'1838',536,,42007,10,0,18 7,0,1812,,43961,10,,,0,68,,42005,10,,,0,30,,42006,10,,,0,70,,43962,10,,,0,30,,42004,10,,,0,70,,42002,10,,,0
14000001029,'1857',434,,34808,10,0,18 7,0,1982,,24920,10,,,0,30,,42015,10,,,0,100,,24921,10,,,0,70,,42014,10,,,0
14000001029,'1865',434,,42016,10,0,18 7,0,102,,43963,10,0,18 7,0,1812,,43965,10,,,0,68,,42020,10,,,0,30,,42023,10,,,0,70,,43964,10,,,0,30,,42021,10,,,0,70,,42022,10,,,0
14000001029,'1866',536,,42028,10,0,18 7,0,1812,,42030,10,,,0,68,,42025,10,,,0,30,,42024,10,,,0,70,,42026,10,,,0,30,,42029,10,,,0,70,,42027,10,,,0
14000001029,'1867',536,,42037,10,0,18 7,0,1812,,43966,10,,,0,68,,42035,10,,,0,30,,42036,10,,,0,70,,43967,10,,,0,30,,42034,10,,,0,70,,42032,10,,,0
14000001029,'1871',536,,42011,10,0,18 7,0,1812,,42013,10,,,0,168,,42012,10,,,0
14000001029,'1873',536,,34793,10,0,18 7,0,1812,,34794,10,,,0,68,,24925,10,,,0,30,,34790,10,,,0,70,,34791,10,,,0,30,,24929,10,,,0,70,,34792,10,,,0
14000001029,'1874',2348,,42008,10,,,0,168,,42009,10,,,0
14000001029,'1875',536,,42010,10,0,18 7,0,1880,,24935,10,,,0,30,,34798,10,,,0,100,,24934,10,,,0,70,,34796,10,,,0
14000001029,'1876',536,,43968,10,0,18 7,0,1812,,43970,10,,,0,168,,43969,10,,,0
14000001029,'1878',2348,,43971,10,,,0,168,,43972,10,,,0
