13019,'1800',759,,30039,4,,,0,100,,30040,4,,,0,100,,30041,4,,,0,100,,30042,4,,,0,100,,30043,4,,,0,100,,36656,4,,,0,100,,30045,4,,,0,100,,30046,4,,,0,100,,30047,4,,,0,100,,30048,4,,,0,100,,30049,4,,,0,100,,30050,4,,,0,99,,36657,4,,,0,100,,36658,4,,,0,100,,36655,4,,,0
13019,'1838',759,,36660,4,,,0,100,,36661,4,,,0,100,,36662,4,,,0,100,,36663,4,,,0,100,,36664,4,,,0,100,,36665,4,,,0,100,,36666,4,,,0,100,,36667,4,,,0,100,,36668,4,,,0,100,,36669,4,,,0,100,,36670,4,,,0,100,,36671,4,,,0,99,,36672,4,,,0,100,,36673,4,,,0,100,,36659,4,,,0
13019,'1850',610,,30099,4,,,0,30,,30100,4,,,0,69,,30101,4,,,0,30,,30102,4,,,0,96,,30103,4,,,0,100,,30104,4,,,0,100,,30105,4,,,0,100,,30106,4,,,0,100,,30107,4,,,0,100,,30108,4,,,0,69,,30109,4,,,0,31,,30110,4,,,0,70,,30111,4,,,0,31,,30121,4,,,0,70,,30112,4,,,0,30,,30122,4,,,0,70,,30113,4,,,0,30,,30120,4,,,0,100,,30114,4,,,0,100,,30119,4,,,0,99,,30118,4,,,0,98,,30117,4,,,0,100,,30116,4,,,0
13019,'1859',658,,30068,4,,,0,401,,30072,4,,,0,200,,30074,4,,,0,100,,30075,4,,,0,500,,30080,4,,,0,199,,30082,4,,,0,200,,30083,4,,,0
13019,'1861',759,,30085,4,,,0,100,,30086,4,,,0,100,,30087,4,,,0,100,,30088,4,,,0,100,,30089,4,,,0,200,,30091,4,,,0,100,,30092,4,,,0,100,,30093,4,,,0,100,,30094,4,,,0,100,,30095,4,,,0,100,,30096,4,,,0
13019,'1862',759,,36674,4,,,0,100,,36675,4,,,0,100,,36676,4,,,0,200,,36677,4,,,0,300,,36678,4,,,0,100,,36679,4,,,0,100,,36680,4,,,0,100,,36681,4,,,0,199,,36682,4,,,0
13019,'1863',1259,,36684,4,,,0,699,,36685,4,,,0,100,,36686,4,,,0,100,,36683,4,,,0
13019,'1864',610,,30123,4,,,0,30,,30124,4,,,0,69,,30125,4,,,0,30,,30126,4,,,0,96,,30127,4,,,0,100,,30128,4,,,0,100,,36687,4,,,0,100,,30130,4,,,0,100,,36688,4,,,0,100,,36689,4,,,0,69,,36690,4,,,0,31,,36691,4,,,0,70,,30135,4,,,0,31,,36697,4,,,0,70,,36692,4,,,0,30,,36698,4,,,0,70,,36693,4,,,0,30,,30144,4,,,0,100,,36694,4,,,0,100,,30143,4,,,0,99,,30142,4,,,0,98,,30141,4,,,0,100,,36696,4,,,0
13019,'1865',610,,36699,4,,,0,30,,36700,4,,,0,69,,36701,4,,,0,30,,36702,4,,,0,96,,36703,4,,,0,100,,36704,4,,,0,100,,36705,4,,,0,100,,36706,4,,,0,100,,36707,4,,,0,100,,36708,4,,,0,69,,36709,4,,,0,31,,36710,4,,,0,70,,36711,4,,,0,31,,36721,4,,,0,70,,36712,4,,,0,30,,36722,4,,,0,70,,36713,4,,,0,30,,36720,4,,,0,100,,36714,4,,,0,100,,36719,4,,,0,99,,36718,4,,,0,98,,36717,4,,,0,100,,36716,4,,,0
13019,'1866',658,,36723,4,,,0,101,,36724,4,,,0,100,,36725,4,,,0,100,,36726,4,,,0,100,,36727,4,,,0,100,,36728,4,,,0,100,,36729,4,,,0,100,,36730,4,,,0,100,,36731,4,,,0,100,,36732,4,,,0,100,,36733,4,,,0,100,,36734,4,,,0,100,,36735,4,,,0,99,,36736,4,,,0,100,,36737,4,,,0,200,,36738,4,,,0
13019,'1867',759,,36740,4,,,0,100,,36741,4,,,0,100,,36742,4,,,0,100,,36743,4,,,0,100,,36744,4,,,0,100,,36745,4,,,0,100,,36746,4,,,0,100,,36747,4,,,0,100,,36748,4,,,0,100,,36749,4,,,0,100,,36750,4,,,0,100,,36751,4,,,0,99,,36752,4,,,0,100,,36753,4,,,0,100,,36739,4,,,0
