16019,'1799',1009,,21266,28,,,0,701,,21255,28,,,0,398,,21258,28,,,0
16019,'1800',807,,25891,28,,,0,102,,25893,28,,,0,100,,21281,28,,,0,100,,25901,28,,,0,100,,25892,28,,,0,101,,25894,28,,,0,100,,25895,28,,,0,101,,25898,28,,,0,100,,25897,28,,,0,99,,21270,28,,,0,99,,25899,28,,,0,100,,25900,28,,,0,99,,25896,28,,,0,100,,21273,28,,,0,100,,25902,28,,,0
16019,'1829',641,,21176,28,,,0,70,,21177,28,,,0,30,,21178,28,,,0,70,,21179,28,,,0,30,,21180,28,,,0,70,,21181,28,,,0,30,,21182,28,,,0,100,,21184,28,,,0,70,,21185,28,,,0,130,,21188,28,,,0,70,,21189,28,,,0,30,,21190,28,,,0,70,,21191,28,,,0,32,,21192,28,,,0,70,,21193,28,,,0,28,,21194,28,,,0,70,,21195,28,,,0,30,,21196,28,,,0,270,,21201,28,,,0,30,,21202,28,,,0,168,,21205,28,,,0,129,,21175,28,,,0
16019,'1831',637,,21229,28,,,0,70,,21225,28,,,0,30,,21233,28,,,0,70,,21217,28,,,0,31,,21231,28,,,0,71,,21212,28,,,0,30,,21210,28,,,0,70,,21207,28,,,0,30,,21218,28,,,0,70,,21228,28,,,0,30,,21222,28,,,0,70,,21230,28,,,0,31,,21214,28,,,0,70,,21232,28,,,0,30,,21209,28,,,0,70,,21220,28,,,0,31,,21219,28,,,0,70,,21223,28,,,0,30,,21224,28,,,0,70,,21208,28,,,0,29,,21216,28,,,0,70,,21226,28,,,0,29,,21211,28,,,0,70,,21215,28,,,0,30,,21221,28,,,0,70,,21235,28,,,0,30,,21227,28,,,0,69,,21234,28,,,0,30,,21213,28,,,0,70,,21237,28,,,0,100,,21236,28,,,0,30,,21206,28,,,0
16019,'1832',807,,21238,28,,,0,102,,21241,28,,,0,200,,21250,28,,,0,100,,21239,28,,,0,101,,21242,28,,,0,100,,21244,28,,,0,101,,21247,28,,,0,100,,21246,28,,,0,198,,21248,28,,,0,100,,21249,28,,,0,99,,21245,28,,,0,200,,21252,28,,,0
16019,'1833',1009,,21251,28,,,0,701,,21240,28,,,0,398,,21243,28,,,0
16019,'1834',807,,21253,28,,,0,102,,21256,28,,,0,200,,21265,28,,,0,100,,21254,28,,,0,101,,21257,28,,,0,100,,21259,28,,,0,101,,21262,28,,,0,100,,21261,28,,,0,198,,21263,28,,,0,100,,21264,28,,,0,99,,21260,28,,,0,200,,21267,28,,,0
16019,'1835',1011,,25905,28,,,0,130,,25906,28,,,0,70,,25907,28,,,0,500,,25908,28,,,0,30,,25909,28,,,0,70,,25910,28,,,0,30,,25911,28,,,0,168,,25912,28,,,0,30,,25913,28,,,0,99,,25903,28,,,0,70,,25904,28,,,0
16019,'1837',807,,25914,28,,,0,102,,25916,28,,,0,200,,25924,28,,,0,100,,25915,28,,,0,101,,25917,28,,,0,100,,25918,28,,,0,101,,25921,28,,,0,100,,25920,28,,,0,198,,25922,28,,,0,100,,25923,28,,,0,99,,25919,28,,,0,200,,25925,28,,,0
16019,'1838',807,,25926,28,,,0,102,,25928,28,,,0,200,,25936,28,,,0,100,,25927,28,,,0,101,,25929,28,,,0,100,,25930,28,,,0,101,,25933,28,,,0,100,,25932,28,,,0,198,,25934,28,,,0,100,,25935,28,,,0,99,,25931,28,,,0,200,,25937,28,,,0
