15029,'1838',703,,36977,8,,,0,98,,45082,8,,,0,100,,36974,8,,,0,100,,36975,8,,,0,101,,45083,8,,,0,100,,36972,8,,,0,100,,36969,8,,,0,102,,45081,8,,,0,100,,36971,8,,,0,100,,36968,8,,,0,99,,45080,8,,,0,99,,36966,8,,,0,100,,36967,8,,,0,100,,45079,8,,,0
15029,'1865',629,,36995,8,,,0,29,,36996,8,,,0,70,,36997,8,,,0,31,,45086,8,,,0,76,,36999,8,,,0,70,,37000,8,,,0,25,,37001,8,,,0,70,,37002,8,,,0,30,,37003,8,,,0,70,,45087,8,,,0,30,,45088,8,,,0,70,,42575,8,,,0,30,,45089,8,,,0,70,,45090,8,,,0,30,,42576,8,,,0,70,,37010,8,,,0,30,,45091,8,,,0,75,,37012,8,,,0,32,,37013,8,,,0,70,,45092,8,,,0,29,,45093,8,,,0,66,,37016,8,,,0,29,,37017,8,,,0,69,,37018,8,,,0,27,,45094,8,,,0,30,,37020,8,,,0,70,,45095,8,,,0,30,,45096,8,,,0,70,,37023,8,,,0,100,,45098,8,,,0,97,,45097,8,,,0
15029,'1866',708,,37029,8,,,0,93,,37030,8,,,0,100,,45100,8,,,0,100,,37032,8,,,0,101,,37033,8,,,0,100,,45101,8,,,0,100,,37035,8,,,0,103,,37036,8,,,0,100,,45102,8,,,0,100,,37038,8,,,0,98,,37039,8,,,0,99,,45103,8,,,0,100,,37026,8,,,0,100,,37027,8,,,0
15029,'1867',703,,37054,8,,,0,98,,45107,8,,,0,100,,37051,8,,,0,100,,37052,8,,,0,101,,45108,8,,,0,100,,37049,8,,,0,100,,37046,8,,,0,102,,45106,8,,,0,100,,37048,8,,,0,100,,37045,8,,,0,99,,45105,8,,,0,99,,37043,8,,,0,100,,37044,8,,,0,100,,45104,8,,,0
15029,'1873',708,,30423,8,,,0,93,,30424,8,,,0,200,,30426,8,,,0,101,,30427,8,,,0,200,,30429,8,,,0,103,,30430,8,,,0,200,,30432,8,,,0,98,,30433,8,,,0,199,,30420,8,,,0,100,,30421,8,,,0
15029,'1878',703,,30448,8,,,0,198,,30445,8,,,0,100,,30446,8,,,0,201,,30443,8,,,0,100,,30440,8,,,0,202,,30442,8,,,0,100,,30439,8,,,0,198,,30437,8,,,0,100,,30438,8,,,0
15029,'1881',759,,36979,8,,,0,341,,36980,8,,,0,30,,36981,8,,,0,100,,36983,8,,,0,70,,36984,8,,,0,130,,36986,8,,,0,177,,36987,8,,,0,29,,36988,8,,,0,191,,30508,8,,,0,100,,36989,8,,,0,30,,42580,8,,,0,170,,36992,8,,,0,97,,36991,8,,,0
15029,'1882',629,,30484,8,,,0,29,,30485,8,,,0,70,,30486,8,,,0,107,,30488,8,,,0,70,,30489,8,,,0,25,,30490,8,,,0,70,,30491,8,,,0,30,,30492,8,,,0,170,,42578,8,,,0,130,,42579,8,,,0,70,,30499,8,,,0,105,,30501,8,,,0,32,,30502,8,,,0,165,,30505,8,,,0,29,,30506,8,,,0,69,,30507,8,,,0,57,,30509,8,,,0,170,,30512,8,,,0
15029,'1886',759,,45111,8,,,0,341,,45112,8,,,0,30,,45113,8,,,0,100,,45114,8,,,0,70,,45115,8,,,0,130,,45116,8,,,0,177,,45117,8,,,0,29,,45118,8,,,0,191,,45119,8,,,0,100,,45120,8,,,0,30,,45121,8,,,0,170,,45123,8,,,0,97,,45122,8,,,0
15029,'1887',901,,45125,8,,,0,301,,45126,8,,,0,303,,45127,8,,,0,297,,45128,8,,,0
15029,'1888',801,,45132,8,,,0,301,,45133,8,,,0,302,,45131,8,,,0,299,,45130,8,,,0,299,,45129,8,,,0
