16019,'1799',952,,21266,15,,,0,701,,21255,15,,,0,399,,21258,15,,,0
16019,'1800',752,,25891,15,,,0,100,,25893,15,,,0,100,,21281,15,,,0,100,,25901,15,,,0,100,,25892,15,,,0,100,,25894,15,,,0,100,,25895,15,,,0,101,,25898,15,,,0,100,,25897,15,,,0,100,,21270,15,,,0,99,,25899,15,,,0,100,,25900,15,,,0,100,,25896,15,,,0,100,,21273,15,,,0,100,,25902,15,,,0
16019,'1829',623,,21176,15,,,0,30,,21177,15,,,0,70,,21178,15,,,0,30,,21179,15,,,0,70,,21180,15,,,0,30,,21181,15,,,0,70,,21182,15,,,0,100,,21184,15,,,0,30,,21185,15,,,0,170,,21188,15,,,0,30,,21189,15,,,0,70,,21190,15,,,0,30,,21191,15,,,0,70,,21192,15,,,0,30,,21193,15,,,0,70,,21194,15,,,0,30,,21195,15,,,0,70,,21196,15,,,0,230,,21201,15,,,0,70,,21202,15,,,0,130,,21205,15,,,0,170,,21175,15,,,0
16019,'1831',622,,21229,15,,,0,30,,21225,15,,,0,70,,21233,15,,,0,30,,21217,15,,,0,70,,21231,15,,,0,30,,21212,15,,,0,70,,21210,15,,,0,30,,21207,15,,,0,70,,21218,15,,,0,30,,21228,15,,,0,70,,21222,15,,,0,30,,21230,15,,,0,70,,21214,15,,,0,30,,21232,15,,,0,70,,21209,15,,,0,30,,21220,15,,,0,71,,21219,15,,,0,30,,21223,15,,,0,70,,21224,15,,,0,30,,21208,15,,,0,70,,21216,15,,,0,30,,21226,15,,,0,69,,21211,15,,,0,30,,21215,15,,,0,70,,21221,15,,,0,30,,21235,15,,,0,70,,21227,15,,,0,30,,21234,15,,,0,70,,21213,15,,,0,30,,21237,15,,,0,100,,21236,15,,,0,70,,21206,15,,,0
16019,'1832',752,,21238,15,,,0,100,,21241,15,,,0,200,,21250,15,,,0,100,,21239,15,,,0,100,,21242,15,,,0,100,,21244,15,,,0,101,,21247,15,,,0,100,,21246,15,,,0,199,,21248,15,,,0,100,,21249,15,,,0,100,,21245,15,,,0,200,,21252,15,,,0
16019,'1833',952,,21251,15,,,0,701,,21240,15,,,0,399,,21243,15,,,0
16019,'1834',752,,21253,15,,,0,100,,21256,15,,,0,200,,21265,15,,,0,100,,21254,15,,,0,100,,21257,15,,,0,100,,21259,15,,,0,101,,21262,15,,,0,100,,21261,15,,,0,199,,21263,15,,,0,100,,21264,15,,,0,100,,21260,15,,,0,200,,21267,15,,,0
16019,'1835',953,,25905,15,,,0,170,,25906,15,,,0,30,,25907,15,,,0,500,,25908,15,,,0,70,,25909,15,,,0,30,,25910,15,,,0,70,,25911,15,,,0,130,,25912,15,,,0,70,,25913,15,,,0,100,,25903,15,,,0,30,,25904,15,,,0
16019,'1837',752,,25914,15,,,0,100,,25916,15,,,0,200,,25924,15,,,0,100,,25915,15,,,0,100,,25917,15,,,0,100,,25918,15,,,0,101,,25921,15,,,0,100,,25920,15,,,0,199,,25922,15,,,0,100,,25923,15,,,0,100,,25919,15,,,0,200,,25925,15,,,0
16019,'1838',752,,25926,15,,,0,100,,25928,15,,,0,200,,25936,15,,,0,100,,25927,15,,,0,100,,25929,15,,,0,100,,25930,15,,,0,101,,25933,15,,,0,100,,25932,15,,,0,199,,25934,15,,,0,100,,25935,15,,,0,100,,25931,15,,,0,200,,25937,15,,,0
