6029,'1800',835,,29184,5,0,5 2 6 7,0,100,,35820,5,0,5 2 6 7,0,100,,29183,5,0,5 2 6 7,0,100,,35818,5,0,5 2 6 7,0,101,,29182,5,0,5 2 6 7,0,100,,29178,5,0,5 2 6 7,0,100,,29181,5,0,5 2 6 7,0,100,,35821,5,0,5 2 6 7,0,100,,29180,5,0,5 2 6 7,0,100,,29177,5,0,5 2 6 7,0,99,,29179,5,0,5 2 6 7,0,100,,35819,5,0,5 2 6 7,0
6029,'1838',835,,35833,5,0,5 2 6 7,0,100,,35824,5,0,5 2 6 7,0,100,,35832,5,0,5 2 6 7,0,100,,35822,5,0,5 2 6 7,0,101,,35831,5,0,5 2 6 7,0,100,,35827,5,0,5 2 6 7,0,100,,35830,5,0,5 2 6 7,0,100,,35825,5,0,5 2 6 7,0,100,,35829,5,0,5 2 6 7,0,100,,35826,5,0,5 2 6 7,0,99,,35828,5,0,5 2 6 7,0,100,,35823,5,0,5 2 6 7,0
6029,'1850',615,,29242,5,,,0,30,,29243,5,,,0,71,,29244,5,,,0,30,,29245,5,,,0,70,,29246,5,,,0,30,,29247,5,,,0,70,,29248,5,,,0,30,,29249,5,,,0,70,,29250,5,,,0,30,,29251,5,,,0,70,,29252,5,,,0,30,,29253,5,,,0,70,,29254,5,,,0,30,,29255,5,,,0,70,,29256,5,,,0,30,,29257,5,,,0,70,,29258,5,,,0,30,,29259,5,,,0,70,,29260,5,,,0,30,,29261,5,,,0,70,,29262,5,,,0,30,,29263,5,,,0,70,,29264,5,,,0,30,,29265,5,,,0,70,,29266,5,,,0,30,,29267,5,,,0,90,,29239,5,,,0,99,,29241,5,,,0,100,,29238,5,,,0,100,,29240,5,,,0
6029,'1859',610,,29198,5,,,0,30,,29200,5,,,0,65,,29216,5,,,0,30,,29224,5,,,0,70,,29199,5,,,0,100,,29217,5,,,0,30,,29225,5,,,0,71,,29209,5,,,0,30,,29222,5,,,0,70,,29208,5,,,0,30,,29214,5,,,0,70,,29207,5,,,0,30,,29221,5,,,0,70,,29206,5,,,0,30,,29213,5,,,0,70,,29205,5,,,0,30,,29220,5,,,0,70,,29204,5,,,0,30,,29212,5,,,0,70,,29203,5,,,0,30,,29219,5,,,0,70,,29202,5,,,0,30,,29211,5,,,0,70,,29201,5,,,0,30,,29218,5,,,0,69,,29197,5,0,5 2 6 7,0,100,,29223,5,0,5 2 6 7,0,100,,29215,5,0,5 2 6 7,0
6029,'1861',835,,29237,5,0,5 2 6 7,0,200,,29236,5,0,5 2 6 7,0,201,,29235,5,0,5 2 6 7,0,100,,29231,5,0,5 2 6 7,0,100,,29234,5,0,5 2 6 7,0,200,,29233,5,0,5 2 6 7,0,100,,29230,5,0,5 2 6 7,0,99,,29232,5,0,5 2 6 7,0
6029,'1862',835,,35834,5,,,0
6029,'1863',935,,35837,5,0,5 2 6 7,0,200,,35835,5,0,5 2 6 7,0,401,,35838,5,0,5 2 6 7,0,399,,35836,5,0,5 2 6 7,0
6029,'1864',615,,29272,5,,,0,30,,35842,5,,,0,71,,29274,5,,,0,30,,29275,5,,,0,70,,35843,5,,,0,30,,35844,5,,,0,70,,35845,5,,,0,30,,35846,5,,,0,70,,35847,5,,,0,30,,35848,5,,,0,70,,35849,5,,,0,30,,35850,5,,,0,70,,35851,5,,,0,30,,35852,5,,,0,70,,35853,5,,,0,30,,35854,5,,,0,70,,35855,5,,,0,30,,35856,5,,,0,70,,35857,5,,,0,30,,35858,5,,,0,70,,35859,5,,,0,30,,35860,5,,,0,70,,35861,5,,,0,30,,35862,5,,,0,70,,35863,5,,,0,30,,35864,5,,,0,90,,35840,5,,,0,99,,29271,5,,,0,100,,35839,5,,,0,100,,35841,5,,,0
6029,'1865',615,,35869,5,,,0,30,,35870,5,,,0,71,,35871,5,,,0,30,,35872,5,,,0,70,,35873,5,,,0,30,,35874,5,,,0,70,,35875,5,,,0,30,,35876,5,,,0,70,,35877,5,,,0,30,,35878,5,,,0,70,,35879,5,,,0,30,,35880,5,,,0,70,,35881,5,,,0,30,,35882,5,,,0,70,,35883,5,,,0,30,,35884,5,,,0,70,,35885,5,,,0,30,,35886,5,,,0,70,,35887,5,,,0,30,,35888,5,,,0,70,,35889,5,,,0,30,,35890,5,,,0,70,,35891,5,,,0,30,,35892,5,,,0,70,,35893,5,,,0,30,,35894,5,,,0,90,,35866,5,,,0,99,,35868,5,,,0,100,,35865,5,,,0,100,,35867,5,,,0
6029,'1866',610,,35896,5,,,0,30,,35898,5,,,0,65,,35914,5,,,0,30,,35922,5,,,0,70,,35897,5,,,0,30,,35908,5,,,0,70,,35915,5,,,0,30,,35923,5,,,0,71,,35907,5,,,0,30,,35920,5,,,0,70,,35906,5,,,0,30,,35912,5,,,0,70,,35905,5,,,0,30,,35919,5,,,0,70,,35904,5,,,0,30,,35911,5,,,0,70,,35903,5,,,0,30,,35918,5,,,0,70,,35902,5,,,0,30,,35910,5,,,0,70,,35901,5,,,0,30,,35917,5,,,0,70,,35900,5,,,0,30,,35909,5,,,0,70,,35899,5,,,0,30,,35916,5,,,0,69,,35895,5,0,5 2 6 7,0,100,,35921,5,0,5 2 6 7,0,100,,35913,5,0,5 2 6 7,0
6029,'1867',835,,35935,5,0,5 2 6 7,0,100,,35926,5,0,5 2 6 7,0,100,,35934,5,0,5 2 6 7,0,100,,35924,5,0,5 2 6 7,0,101,,35933,5,0,5 2 6 7,0,100,,35929,5,0,5 2 6 7,0,100,,35932,5,0,5 2 6 7,0,100,,35927,5,0,5 2 6 7,0,100,,35931,5,0,5 2 6 7,0,100,,35928,5,0,5 2 6 7,0,99,,35930,5,0,5 2 6 7,0,100,,35925,5,0,5 2 6 7,0
15019,'1800',717,,30284,16,,,0,100,,30282,16,,,0,100,,30285,16,,,0,100,,30283,16,,,0,100,,30280,16,,,0,100,,30278,16,,,0,101,,30281,16,,,0,100,,30279,16,,,0,100,,30276,16,,,0,99,,30277,16,,,0,100,,30274,16,,,0,100,,30275,16,,,0,100,,30273,16,,,0,100,,30286,16,,,0
15019,'1838',717,,36885,16,,,0,100,,36883,16,,,0,100,,36886,16,,,0,100,,36884,16,,,0,100,,36881,16,,,0,100,,36879,16,,,0,101,,36882,16,,,0,100,,36880,16,,,0,100,,36877,16,,,0,99,,36878,16,,,0,100,,36875,16,,,0,100,,36876,16,,,0,100,,36874,16,,,0,100,,36887,16,,,0
15019,'1850',642,,30331,16,,,0,70,,30332,16,,,0,33,,30333,16,,,0,70,,30334,16,,,0,27,,30335,16,,,0,70,,30336,16,,,0,30,,30337,16,,,0,70,,30338,16,,,0,30,,30339,16,,,0,70,,30340,16,,,0,30,,30341,16,,,0,70,,30342,16,,,0,30,,30343,16,,,0,70,,30344,16,,,0,30,,30345,16,,,0,70,,30346,16,,,0,31,,30347,16,,,0,70,,30348,16,,,0,30,,30349,16,,,0,70,,30350,16,,,0,30,,30351,16,,,0,70,,30352,16,,,0,29,,30353,16,,,0,70,,30354,16,,,0,30,,30355,16,,,0,70,,30356,16,,,0,30,,30357,16,,,0,100,,30358,16,,,0,99,,30359,16,,,0,100,,30360,16,0,5 2 6 7,0
15019,'1859',717,,30301,16,,,0,100,,30302,16,,,0,100,,30303,16,,,0,100,,30304,16,,,0,100,,30305,16,,,0,100,,30306,16,,,0,101,,30307,16,,,0,100,,30308,16,,,0,100,,30309,16,,,0,99,,30310,16,,,0,100,,30311,16,,,0,100,,30312,16,,,0,100,,30313,16,,,0,100,,30314,16,,,0
15019,'1861',717,,30327,16,,,0,100,,30325,16,,,0,100,,30328,16,,,0,100,,30326,16,,,0,100,,30323,16,,,0,100,,30321,16,,,0,101,,30324,16,,,0,100,,30322,16,,,0,100,,30319,16,,,0,99,,30320,16,,,0,100,,30317,16,,,0,100,,30318,16,,,0,100,,30316,16,,,0,100,,30329,16,,,0
15019,'1864',642,,30362,16,,,0,70,,36889,16,,,0,33,,30364,16,,,0,70,,30365,16,,,0,27,,30366,16,,,0,70,,30367,16,,,0,30,,30368,16,,,0,70,,36890,16,,,0,30,,36891,16,,,0,70,,36892,16,,,0,30,,36893,16,,,0,70,,36894,16,,,0,30,,36895,16,,,0,70,,30375,16,,,0,30,,36896,16,,,0,70,,30377,16,,,0,31,,30378,16,,,0,70,,36897,16,,,0,30,,36898,16,,,0,70,,30381,16,,,0,30,,30382,16,,,0,70,,30383,16,,,0,29,,30384,16,,,0,70,,30385,16,,,0,30,,36899,16,,,0,70,,36900,16,,,0,30,,30388,16,,,0,100,,36901,16,,,0,99,,36902,16,,,0,100,,36903,16,0,5 2 6 7,0
15019,'1865',642,,36905,16,,,0,70,,36906,16,,,0,33,,36907,16,,,0,70,,36908,16,,,0,27,,36909,16,,,0,70,,36910,16,,,0,30,,36911,16,,,0,70,,36912,16,,,0,30,,36913,16,,,0,70,,36914,16,,,0,30,,36915,16,,,0,70,,36916,16,,,0,30,,36917,16,,,0,70,,36918,16,,,0,30,,36919,16,,,0,70,,36920,16,,,0,31,,36921,16,,,0,70,,36922,16,,,0,30,,36923,16,,,0,70,,36924,16,,,0,30,,36925,16,,,0,70,,36926,16,,,0,29,,36927,16,,,0,70,,36928,16,,,0,30,,36929,16,,,0,70,,36930,16,,,0,30,,36931,16,,,0,100,,36932,16,,,0,99,,36933,16,,,0,100,,36934,16,0,5 2 6 7,0
15019,'1866',717,,36935,16,,,0,100,,36936,16,,,0,100,,36937,16,,,0,100,,36938,16,,,0,100,,36939,16,,,0,100,,36940,16,,,0,101,,36941,16,,,0,100,,36942,16,,,0,100,,36943,16,,,0,99,,36944,16,,,0,100,,36945,16,,,0,100,,36946,16,,,0,100,,36947,16,,,0,100,,36948,16,,,0
15019,'1867',717,,36961,16,,,0,100,,36959,16,,,0,100,,36962,16,,,0,100,,36960,16,,,0,100,,36957,16,,,0,100,,36955,16,,,0,101,,36958,16,,,0,100,,36956,16,,,0,100,,36953,16,,,0,99,,36954,16,,,0,100,,36951,16,,,0,100,,36952,16,,,0,100,,36950,16,,,0,100,,36963,16,,,0
