1029,'1838',613,,34957,32,,,0,98,,34958,32,,,0,100,,34959,32,,,0,101,,34960,32,,,0,101,,34961,32,,,0,100,,34962,32,,,0,100,,34963,32,,,0,100,,34964,32,,,0,100,,34965,32,,,0,100,,34966,32,,,0,99,,34967,32,,,0,100,,34968,32,,,0,100,,34969,32,,,0,100,,34970,32,,,0,100,,34971,32,,,0,100,,34972,32,,,0,97,,34973,32,,,0,100,,34974,32,,,0
1029,'1865',613,,42119,32,,,0,31,,42120,32,,,0,67,,42140,32,,,0,30,,42116,32,,,0,70,,42111,32,,,0,30,,42144,32,,,0,69,,42114,32,,,0,31,,42121,32,,,0,70,,42139,32,,,0,30,,42118,32,,,0,70,,42110,32,,,0,30,,42143,32,,,0,70,,42115,32,,,0,29,,42122,32,,,0,70,,42138,32,,,0,30,,42117,32,,,0,71,,42112,32,,,0,31,,42141,32,,,0,72,,42113,32,,,0,30,,42123,32,,,0,69,,42137,32,,,0,29,,42126,32,,,0,70,,42125,32,,,0,29,,42124,32,,,0,72,,42130,32,,,0,30,,42129,32,,,0,70,,42128,32,,,0,30,,42127,32,,,0,69,,42142,32,,,0,30,,42136,32,,,0,70,,42135,32,,,0,30,,42134,32,,,0,70,,42133,32,,,0,30,,42132,32,,,0,65,,42131,32,,,0
1029,'1866',613,,35049,32,,,0,28,,35061,32,,,0,70,,35068,32,,,0,30,,35056,32,,,0,70,,35077,32,,,0,30,,35065,32,,,0,71,,35048,32,,,0,31,,35060,32,,,0,70,,35071,32,,,0,30,,35055,32,,,0,70,,35078,32,,,0,30,,35064,32,,,0,70,,35047,32,,,0,30,,35059,32,,,0,70,,35070,32,,,0,30,,35054,32,,,0,70,,35050,32,,,0,30,,35063,32,,,0,70,,35046,32,,,0,30,,35058,32,,,0,69,,35066,32,,,0,30,,35053,32,,,0,70,,35075,32,,,0,30,,35062,32,,,0,70,,35045,32,,,0,30,,35057,32,,,0,70,,35069,32,,,0,30,,35051,32,,,0,70,,35073,32,,,0,30,,35072,32,,,0,70,,35044,32,,,0,30,,35052,32,,,0,67,,35067,32,,,0,30,,35076,32,,,0,70,,35074,32,,,0
1029,'1867',613,,35079,32,,,0,98,,35080,32,,,0,100,,35081,32,,,0,101,,35082,32,,,0,101,,35083,32,,,0,100,,35084,32,,,0,100,,35085,32,,,0,100,,35086,32,,,0,100,,35087,32,,,0,100,,35088,32,,,0,99,,35089,32,,,0,100,,35090,32,,,0,100,,35091,32,,,0,100,,35092,32,,,0,100,,35093,32,,,0,100,,35094,32,,,0,97,,35095,32,,,0,100,,35096,32,,,0
1029,'1871',613,,34984,32,,,0,31,,28591,32,,,0,67,,35004,32,,,0,30,,34981,32,,,0,70,,34976,32,,,0,30,,35008,32,,,0,69,,34979,32,,,0,31,,34985,32,,,0,70,,35003,32,,,0,30,,34983,32,,,0,70,,34975,32,,,0,30,,35007,32,,,0,70,,34980,32,,,0,29,,34986,32,,,0,70,,35002,32,,,0,30,,34982,32,,,0,71,,34977,32,,,0,31,,35005,32,,,0,72,,34978,32,,,0,30,,34987,32,,,0,69,,35001,32,,,0,29,,34990,32,,,0,70,,34989,32,,,0,29,,34988,32,,,0,72,,34994,32,,,0,30,,34993,32,,,0,70,,34992,32,,,0,30,,34991,32,,,0,69,,35006,32,,,0,30,,35000,32,,,0,70,,34999,32,,,0,30,,34998,32,,,0,70,,34997,32,,,0,30,,34996,32,,,0,65,,34995,32,,,0
1029,'1873',613,,28498,32,,,0,28,,28510,32,,,0,70,,28517,32,,,0,30,,28505,32,,,0,70,,28526,32,,,0,30,,28514,32,,,0,71,,28497,32,,,0,31,,28509,32,,,0,70,,28520,32,,,0,30,,28504,32,,,0,70,,28527,32,,,0,30,,28513,32,,,0,70,,28496,32,,,0,30,,28508,32,,,0,70,,28519,32,,,0,30,,28503,32,,,0,70,,28499,32,,,0,30,,28512,32,,,0,70,,28495,32,,,0,30,,28507,32,,,0,69,,28515,32,,,0,30,,28502,32,,,0,70,,28524,32,,,0,30,,28511,32,,,0,70,,28494,32,,,0,30,,28506,32,,,0,70,,28518,32,,,0,30,,28500,32,,,0,70,,28522,32,,,0,30,,28521,32,,,0,70,,28493,32,,,0,30,,28501,32,,,0,67,,28516,32,,,0,30,,28525,32,,,0,70,,28523,32,,,0
1029,'1875',613,,28528,32,,,0,98,,28529,32,,,0,100,,28530,32,,,0,101,,28531,32,,,0,101,,28532,32,,,0,100,,28533,32,,,0,100,,28534,32,,,0,100,,28535,32,,,0,100,,28536,32,,,0,100,,28537,32,,,0,99,,28538,32,,,0,100,,28539,32,,,0,100,,28540,32,,,0,100,,28541,32,,,0,100,,28542,32,,,0,100,,28543,32,,,0,97,,28544,32,,,0,100,,28545,32,,,0
1029,'1876',613,,42154,32,,,0,31,,42155,32,,,0,67,,42175,32,,,0,30,,42151,32,,,0,70,,42146,32,,,0,30,,42179,32,,,0,69,,42149,32,,,0,31,,42156,32,,,0,70,,42174,32,,,0,30,,42153,32,,,0,70,,42145,32,,,0,30,,42178,32,,,0,70,,42150,32,,,0,29,,42157,32,,,0,70,,42173,32,,,0,30,,42152,32,,,0,71,,42147,32,,,0,31,,42176,32,,,0,72,,42148,32,,,0,30,,42158,32,,,0,69,,42172,32,,,0,29,,42161,32,,,0,70,,42160,32,,,0,29,,42159,32,,,0,72,,42165,32,,,0,30,,42164,32,,,0,70,,42163,32,,,0,30,,42162,32,,,0,69,,42177,32,,,0,30,,42171,32,,,0,70,,42170,32,,,0,30,,42169,32,,,0,70,,42168,32,,,0,30,,42167,32,,,0,65,,42166,32,,,0
31019,'1838',605,,38211,12,,,0,50,,38194,24,,,0,100,,38195,24,,,0,101,,38196,24,,,0,100,,38197,24,,,0,100,,38198,24,,,0,100,,38199,24,,,0,100,,38200,24,,,0,100,,38201,24,,,0,100,,38202,24,,,0,100,,38203,24,,,0,100,,38204,24,,,0,100,,38205,24,,,0,100,,38206,24,,,0,100,,38207,24,,,0,100,,38208,24,,,0,99,,38209,24,,,0,100,,38210,24,,,0
31019,'1865',605,,43404,12,,,0,26,,43399,12,,,0,25,,43369,24,,,0,72,,43384,24,,,0,29,,43397,24,,,0,70,,43380,24,,,0,30,,43377,24,,,0,69,,43391,24,,,0,30,,43372,24,,,0,72,,43385,24,,,0,28,,43396,24,,,0,70,,43383,24,,,0,30,,43378,24,,,0,70,,43390,24,,,0,30,,43371,24,,,0,70,,43386,24,,,0,30,,43395,24,,,0,70,,43381,24,,,0,30,,43375,24,,,0,71,,43389,24,,,0,30,,43373,24,,,0,70,,43387,24,,,0,30,,43394,24,,,0,69,,43382,24,,,0,30,,43376,24,,,0,70,,43388,24,,,0,30,,43370,24,,,0,70,,43405,24,,,0,30,,43393,24,,,0,100,,43379,24,,,0,100,,43374,24,,,0,100,,43392,24,,,0
31019,'1866',605,,38322,12,,,0,26,,38315,12,,,0,24,,38292,24,,,0,70,,38308,24,,,0,30,,38321,24,,,0,71,,38304,24,,,0,30,,38298,24,,,0,70,,38314,24,,,0,30,,38291,24,,,0,70,,38307,24,,,0,30,,38316,24,,,0,70,,38303,24,,,0,30,,38297,24,,,0,70,,38313,24,,,0,30,,38290,24,,,0,70,,38306,24,,,0,30,,38319,24,,,0,70,,38302,24,,,0,30,,38296,24,,,0,70,,38312,24,,,0,30,,38289,24,,,0,70,,38305,24,,,0,30,,38318,24,,,0,70,,38301,24,,,0,30,,38295,24,,,0,70,,38311,24,,,0,30,,38288,24,,,0,70,,38323,24,,,0,30,,38317,24,,,0,100,,38294,24,,,0,99,,38287,24,,,0,100,,38320,24,,,0
31019,'1867',605,,38341,12,,,0,50,,38324,24,,,0,100,,38325,24,,,0,101,,38326,24,,,0,100,,38327,24,,,0,100,,38328,24,,,0,100,,38329,24,,,0,100,,38330,24,,,0,100,,38331,24,,,0,100,,38332,24,,,0,100,,38333,24,,,0,100,,38334,24,,,0,100,,38335,24,,,0,100,,38336,24,,,0,100,,38337,24,,,0,100,,38338,24,,,0,99,,38339,24,,,0,100,,38340,24,,,0
31019,'1871',605,,38248,12,,,0,26,,38243,12,,,0,25,,38213,24,,,0,72,,38228,24,,,0,29,,38241,24,,,0,70,,38224,24,,,0,30,,38221,24,,,0,69,,38235,24,,,0,30,,38216,24,,,0,72,,38229,24,,,0,28,,38240,24,,,0,70,,38227,24,,,0,30,,38222,24,,,0,70,,38234,24,,,0,30,,38215,24,,,0,70,,38230,24,,,0,30,,38239,24,,,0,70,,38225,24,,,0,30,,38219,24,,,0,71,,38233,24,,,0,30,,38217,24,,,0,70,,38231,24,,,0,30,,38238,24,,,0,69,,38226,24,,,0,30,,38220,24,,,0,70,,38232,24,,,0,30,,38214,24,,,0,70,,38249,24,,,0,30,,38237,24,,,0,100,,38223,24,,,0,100,,38218,24,,,0,100,,38236,24,,,0
31019,'1873',605,,31487,12,,,0,26,,31480,12,,,0,24,,31457,24,,,0,70,,31473,24,,,0,30,,31486,24,,,0,71,,31469,24,,,0,30,,31463,24,,,0,70,,31479,24,,,0,30,,31456,24,,,0,70,,31472,24,,,0,30,,31481,24,,,0,70,,31468,24,,,0,30,,31462,24,,,0,70,,31478,24,,,0,30,,31455,24,,,0,70,,31471,24,,,0,30,,31484,24,,,0,70,,31467,24,,,0,30,,31461,24,,,0,70,,31477,24,,,0,30,,31454,24,,,0,70,,31470,24,,,0,30,,31483,24,,,0,70,,31466,24,,,0,30,,31460,24,,,0,70,,31476,24,,,0,30,,31453,24,,,0,70,,31488,24,,,0,30,,31482,24,,,0,100,,31459,24,,,0,99,,31452,24,,,0,100,,31485,24,,,0
31019,'1875',605,,31506,12,,,0,50,,31489,24,,,0,100,,31490,24,,,0,101,,31491,24,,,0,100,,31492,24,,,0,100,,31493,24,,,0,100,,31494,24,,,0,100,,31495,24,,,0,100,,31496,24,,,0,100,,31497,24,,,0,100,,31498,24,,,0,100,,31499,24,,,0,100,,31500,24,,,0,100,,31501,24,,,0,100,,31502,24,,,0,100,,31503,24,,,0,99,,31504,24,,,0,100,,31505,24,,,0
31019,'1876',605,,43441,12,,,0,26,,43436,12,,,0,25,,43406,24,,,0,72,,43421,24,,,0,29,,43434,24,,,0,70,,43417,24,,,0,30,,43414,24,,,0,69,,43428,24,,,0,30,,43409,24,,,0,72,,43422,24,,,0,28,,43433,24,,,0,70,,43420,24,,,0,30,,43415,24,,,0,70,,43427,24,,,0,30,,43408,24,,,0,70,,43423,24,,,0,30,,43432,24,,,0,70,,43418,24,,,0,30,,43412,24,,,0,71,,43426,24,,,0,30,,43410,24,,,0,70,,43424,24,,,0,30,,43431,24,,,0,69,,43419,24,,,0,30,,43413,24,,,0,70,,43425,24,,,0,30,,43407,24,,,0,70,,43442,24,,,0,30,,43430,24,,,0,100,,43416,24,,,0,100,,43411,24,,,0,100,,43429,24,,,0
