13019,'1800',817,,30039,23,,,0,100,,30040,23,,,0,100,,30041,23,,,0,101,,30042,23,,,0,100,,30043,23,,,0,100,,36656,23,,,0,100,,30045,23,,,0,100,,30046,23,,,0,100,,30047,23,,,0,99,,30048,23,,,0,100,,30049,23,,,0,100,,30050,23,,,0,99,,36657,23,,,0,100,,36658,23,,,0,100,,36655,23,,,0
13019,'1838',817,,36660,23,,,0,100,,36661,23,,,0,100,,36662,23,,,0,101,,36663,23,,,0,100,,36664,23,,,0,100,,36665,23,,,0,100,,36666,23,,,0,100,,36667,23,,,0,100,,36668,23,,,0,99,,36669,23,,,0,100,,36670,23,,,0,100,,36671,23,,,0,99,,36672,23,,,0,100,,36673,23,,,0,100,,36659,23,,,0
13019,'1850',627,,30099,23,,,0,30,,30100,23,,,0,70,,30101,23,,,0,30,,30102,23,,,0,96,,30103,23,,,0,100,,30104,23,,,0,100,,30105,23,,,0,100,,30106,23,,,0,100,,30107,23,,,0,100,,30108,23,,,0,70,,30109,23,,,0,31,,30110,23,,,0,71,,30111,23,,,0,31,,30121,23,,,0,70,,30112,23,,,0,30,,30122,23,,,0,70,,30113,23,,,0,30,,30120,23,,,0,98,,30114,23,,,0,100,,30119,23,,,0,99,,30118,23,,,0,98,,30117,23,,,0,71,,30115,2,,,0,29,,30116,23,,,0
13019,'1859',716,,30068,23,,,0,402,,30072,23,,,0,200,,30074,23,,,0,100,,30075,23,,,0,499,,30080,23,,,0,199,,30082,23,,,0,200,,30083,23,,,0
13019,'1861',817,,30085,23,,,0,100,,30086,23,,,0,100,,30087,23,,,0,101,,30088,23,,,0,100,,30089,23,,,0,200,,30091,23,,,0,100,,30092,23,,,0,100,,30093,23,,,0,99,,30094,23,,,0,100,,30095,23,,,0,100,,30096,23,,,0
13019,'1862',817,,36674,23,,,0,100,,36675,23,,,0,100,,36676,23,,,0,201,,36677,23,,,0,300,,36678,23,,,0,100,,36679,23,,,0,99,,36680,23,,,0,100,,36681,23,,,0,199,,36682,23,,,0
13019,'1863',1318,,36684,23,,,0,698,,36685,23,,,0,100,,36686,23,,,0,100,,36683,23,,,0
13019,'1864',627,,30123,23,,,0,30,,30124,23,,,0,70,,30125,23,,,0,30,,30126,23,,,0,96,,30127,23,,,0,100,,30128,23,,,0,100,,36687,23,,,0,100,,30130,23,,,0,100,,36688,23,,,0,100,,36689,23,,,0,70,,36690,23,,,0,31,,36691,23,,,0,71,,30135,23,,,0,31,,36697,23,,,0,70,,36692,23,,,0,30,,36698,23,,,0,70,,36693,23,,,0,30,,30144,23,,,0,98,,36694,23,,,0,100,,30143,23,,,0,99,,30142,23,,,0,98,,30141,23,,,0,71,,36695,2,,,0,29,,36696,23,,,0
13019,'1865',627,,36699,23,,,0,30,,36700,23,,,0,70,,36701,23,,,0,30,,36702,23,,,0,96,,36703,23,,,0,100,,36704,23,,,0,100,,36705,23,,,0,100,,36706,23,,,0,100,,36707,23,,,0,100,,36708,23,,,0,70,,36709,23,,,0,31,,36710,23,,,0,71,,36711,23,,,0,31,,36721,23,,,0,70,,36712,23,,,0,30,,36722,23,,,0,70,,36713,23,,,0,30,,36720,23,,,0,98,,36714,23,,,0,100,,36719,23,,,0,99,,36718,23,,,0,98,,36717,23,,,0,71,,36715,2,,,0,29,,36716,23,,,0
13019,'1866',716,,36723,23,,,0,101,,36724,23,,,0,100,,36725,23,,,0,100,,36726,23,,,0,101,,36727,23,,,0,100,,36728,23,,,0,100,,36729,23,,,0,100,,36730,23,,,0,100,,36731,23,,,0,100,,36732,23,,,0,99,,36733,23,,,0,100,,36734,23,,,0,100,,36735,23,,,0,99,,36736,23,,,0,100,,36737,23,,,0,200,,36738,23,,,0
13019,'1867',817,,36740,23,,,0,100,,36741,23,,,0,100,,36742,23,,,0,101,,36743,23,,,0,100,,36744,23,,,0,100,,36745,23,,,0,100,,36746,23,,,0,100,,36747,23,,,0,100,,36748,23,,,0,99,,36749,23,,,0,100,,36750,23,,,0,100,,36751,23,,,0,99,,36752,23,,,0,100,,36753,23,,,0,100,,36739,23,,,0
