15029,'1838',730,,36977,42,,,0,98,,45082,42,,,0,101,,36974,42,,,0,100,,36975,42,,,0,101,,45083,42,,,0,100,,36972,42,,,0,100,,36969,42,,,0,102,,45081,42,,,0,100,,36971,42,,,0,100,,36968,42,,,0,99,,45080,42,,,0,99,,36966,42,,,0,100,,36967,42,,,0,100,,45079,42,,,0
15029,'1865',606,,45084,2,,,0,20,,45085,2,,,0,31,,36995,42,,,0,69,,36996,42,,,0,74,,36997,42,,,0,31,,45086,42,,,0,73,,36999,42,,,0,30,,37000,42,,,0,25,,37001,42,,,0,70,,37002,42,,,0,30,,37003,42,,,0,70,,45087,42,,,0,30,,45088,42,,,0,70,,42575,42,,,0,30,,45089,42,,,0,70,,45090,42,,,0,30,,42576,42,,,0,70,,37010,42,,,0,73,,45091,42,,,0,35,,37012,42,,,0,72,,37013,42,,,0,30,,45092,42,,,0,68,,45093,42,,,0,23,,37016,42,,,0,29,,37017,42,,,0,69,,37018,42,,,0,27,,45094,42,,,0,70,,37020,42,,,0,30,,45095,42,,,0,70,,45096,42,,,0,30,,37023,42,,,0,100,,45098,42,,,0,97,,45097,42,,,0
15029,'1866',602,,45099,2,,,0,133,,37029,42,,,0,93,,37030,42,,,0,100,,45100,42,,,0,100,,37032,42,,,0,102,,37033,42,,,0,100,,45101,42,,,0,100,,37035,42,,,0,104,,37036,42,,,0,100,,45102,42,,,0,99,,37038,42,,,0,98,,37039,42,,,0,99,,45103,42,,,0,100,,37026,42,,,0,100,,37027,42,,,0
15029,'1867',730,,37054,42,,,0,98,,45107,42,,,0,101,,37051,42,,,0,100,,37052,42,,,0,101,,45108,42,,,0,100,,37049,42,,,0,100,,37046,42,,,0,102,,45106,42,,,0,100,,37048,42,,,0,100,,37045,42,,,0,99,,45105,42,,,0,99,,37043,42,,,0,100,,37044,42,,,0,100,,45104,42,,,0
15029,'1873',735,,30423,42,,,0,93,,30424,42,,,0,200,,30426,42,,,0,102,,30427,42,,,0,200,,30429,42,,,0,104,,30430,42,,,0,199,,30432,42,,,0,98,,30433,42,,,0,199,,30420,42,,,0,100,,30421,42,,,0
15029,'1878',730,,30448,42,,,0,199,,30445,42,,,0,100,,30446,42,,,0,201,,30443,42,,,0,100,,30440,42,,,0,202,,30442,42,,,0,100,,30439,42,,,0,198,,30437,42,,,0,100,,30438,42,,,0
15029,'1881',606,,30482,2,,,0,20,,36978,2,,,0,205,,36979,42,,,0,298,,36980,42,,,0,30,,36981,42,,,0,100,,36983,42,,,0,70,,36984,42,,,0,173,,36986,42,,,0,137,,36987,42,,,0,68,,36988,42,,,0,148,,30508,42,,,0,100,,36989,42,,,0,70,,42580,42,,,0,130,,36992,42,,,0,97,,36991,42,,,0
15029,'1882',657,,30484,42,,,0,69,,30485,42,,,0,74,,30486,42,,,0,104,,30488,42,,,0,30,,30489,42,,,0,25,,30490,42,,,0,70,,30491,42,,,0,30,,30492,42,,,0,170,,42578,42,,,0,130,,42579,42,,,0,70,,30499,42,,,0,108,,30501,42,,,0,72,,30502,42,,,0,121,,30505,42,,,0,29,,30506,42,,,0,69,,30507,42,,,0,97,,30509,42,,,0,130,,30512,42,,,0
15029,'1886',606,,45109,2,,,0,20,,45110,2,,,0,205,,45111,42,,,0,298,,45112,42,,,0,30,,45113,42,,,0,100,,45114,42,,,0,70,,45115,42,,,0,173,,45116,42,,,0,137,,45117,42,,,0,68,,45118,42,,,0,148,,45119,42,,,0,100,,45120,42,,,0,70,,45121,42,,,0,130,,45123,42,,,0,97,,45122,42,,,0
15029,'1887',602,,45124,2,,,0,326,,45125,42,,,0,302,,45126,42,,,0,304,,45127,42,,,0,296,,45128,42,,,0
15029,'1888',828,,45132,42,,,0,302,,45133,42,,,0,302,,45131,42,,,0,299,,45130,42,,,0,299,,45129,42,,,0
