11019,'1838',852,,36451,5,,,0,100,,42449,5,,,0,103,,42450,5,,,0,100,,36454,5,,,0,100,,42451,5,,,0,100,,42452,5,,,0,100,,36457,5,,,0,100,,42453,5,,,0,100,,42454,5,,,0,97,,36460,5,,,0,100,,36461,5,,,0,100,,42455,5,,,0,95,,42456,5,0,5 2 8 7,0
11019,'1857',652,,29910,5,,,0,101,,29911,5,,,0,99,,29912,5,,,0,200,,29914,5,,,0,100,,36483,5,,,0,101,,36484,5,,,0,100,,36485,5,,,0,100,,36486,5,,,0,200,,36488,5,,,0,100,,36489,5,,,0,99,,36490,5,,,0,100,,29923,5,,,0,195,,29925,5,0,5 2 8 7,0
11019,'1865',652,,36492,5,,,0,101,,36493,5,,,0,99,,36494,5,,,0,100,,42457,5,,,0,100,,36496,5,,,0,100,,36497,5,,,0,101,,36498,5,,,0,100,,36499,5,,,0,100,,36500,5,,,0,100,,42458,5,,,0,100,,36502,5,,,0,100,,36503,5,,,0,99,,36504,5,,,0,100,,36505,5,,,0,100,,42459,5,,,0,95,,36507,5,0,5 2 8 7,0
11019,'1866',652,,36510,5,,,0,100,,36511,5,,,0,100,,36512,5,,,0,100,,36513,5,,,0,100,,36514,5,,,0,103,,36515,5,,,0,100,,36516,5,,,0,100,,36517,5,,,0,100,,36518,5,,,0,100,,36519,5,,,0,100,,36520,5,,,0,97,,36521,5,,,0,100,,36508,5,,,0,100,,36509,5,,,0,100,,36522,5,0,5 2 8 7,0
11019,'1867',852,,36523,5,,,0,100,,42460,5,,,0,103,,42461,5,,,0,100,,36526,5,,,0,100,,42462,5,,,0,100,,42463,5,,,0,100,,36529,5,,,0,100,,42464,5,,,0,100,,42465,5,,,0,97,,36532,5,,,0,100,,36533,5,,,0,100,,42466,5,,,0,95,,42467,5,0,5 2 8 7,0
11019,'1871',952,,36482,5,,,0,601,,36487,5,,,0,499,,36491,5,,,0
11019,'1873',652,,36466,5,,,0,100,,36467,5,,,0,100,,29870,5,,,0,100,,29871,5,,,0,100,,36468,5,,,0,103,,36469,5,,,0,100,,36470,5,,,0,100,,29875,5,,,0,100,,36471,5,,,0,100,,29877,5,,,0,100,,29878,5,,,0,97,,36472,5,,,0,100,,36464,5,,,0,100,,36465,5,,,0,100,,36473,5,0,5 2 8 7,0
11019,'1874',952,,36474,5,,,0,103,,36475,5,,,0,200,,36476,5,,,0,100,,36477,5,,,0,200,,36478,5,,,0,100,,36479,5,,,0,297,,36480,5,,,0,95,,36481,5,0,5 2 8 7,0
11019,'1875',852,,29881,5,,,0,303,,29884,5,,,0,300,,29887,5,,,0,297,,29890,5,,,0,100,,29891,5,,,0
11019,'1876',952,,42468,5,,,0,601,,42469,5,,,0,499,,42470,5,,,0
11019,'1878',952,,42471,5,,,0,103,,42472,5,,,0,200,,42473,5,,,0,100,,42474,5,,,0,200,,42475,5,,,0,100,,42476,5,,,0,297,,42477,5,,,0,95,,42478,5,0,5 2 8 7,0
