14019,'1838',656,,36775,23,,,0,100,,36776,23,,,0,102,,42532,23,,,0,100,,42533,23,,,0,100,,36766,23,,,0,101,,42534,23,,,0,100,,42535,23,,,0,141,,36769,23,,,0,100,,42536,23,,,0,100,,42537,23,,,0,58,,36772,23,,,0,100,,36773,23,,,0,100,,42538,23,,,0,98,,42531,23,,,0,95,,36762,23,,,0
14019,'1857',531,,30271,23,,,0,100,,30270,23,,,0,80,,30241,23,,,0,30,,30254,23,,,0,69,,30242,23,,,0,23,,30255,23,,,0,70,,30243,23,,,0,30,,30256,23,,,0,70,,30244,23,,,0,200,,30246,23,,,0,30,,30259,23,,,0,70,,30247,23,,,0,30,,36803,23,,,0,70,,36796,23,,,0,101,,36797,23,,,0,111,,36798,23,,,0,30,,30263,23,,,0,69,,36799,23,,,0,30,,36806,23,,,0,70,,30252,23,,,0,89,,36800,23,,,0,30,,30266,23,,,0,70,,36809,23,,,0,29,,36808,23,,,0,92,,30268,23,,,0,100,,30269,23,,,0
14019,'1865',531,,36840,23,,,0,100,,36839,23,,,0,80,,36810,23,,,0,30,,36823,23,,,0,69,,36811,23,,,0,23,,36824,23,,,0,70,,36812,23,,,0,30,,36825,23,,,0,70,,36813,23,,,0,30,,42540,23,,,0,70,,42539,23,,,0,30,,42541,23,,,0,70,,36815,23,,,0,30,,36828,23,,,0,70,,36816,23,,,0,30,,36829,23,,,0,70,,36817,23,,,0,30,,42542,23,,,0,71,,36818,23,,,0,31,,42543,23,,,0,80,,36819,23,,,0,30,,36832,23,,,0,69,,36820,23,,,0,30,,36833,23,,,0,70,,36821,23,,,0,19,,42544,23,,,0,70,,36822,23,,,0,30,,36835,23,,,0,70,,36841,23,,,0,29,,36836,23,,,0,92,,36837,23,,,0,100,,36838,23,,,0
14019,'1866',656,,36842,23,,,0,100,,36843,23,,,0,102,,36844,23,,,0,100,,36845,23,,,0,100,,36846,23,,,0,101,,36847,23,,,0,100,,36848,23,,,0,141,,36849,23,,,0,100,,36850,23,,,0,100,,36851,23,,,0,58,,36852,23,,,0,100,,36853,23,,,0,100,,36854,23,,,0,98,,36855,23,,,0,100,,36856,23,,,0,95,,36857,23,,,0,100,,42545,23,,,0
14019,'1867',656,,36872,23,,,0,100,,36873,23,,,0,102,,42547,23,,,0,100,,42548,23,,,0,100,,36863,23,,,0,101,,42549,23,,,0,100,,42550,23,,,0,141,,36866,23,,,0,100,,42551,23,,,0,100,,42552,23,,,0,58,,36869,23,,,0,100,,36870,23,,,0,100,,42553,23,,,0,98,,42546,23,,,0,95,,36859,23,,,0
14019,'1871',1033,,36801,23,,,0,70,,36795,23,,,0,30,,36802,23,,,0,300,,36804,23,,,0,102,,36805,23,,,0,298,,36807,23,,,0
14019,'1873',656,,36777,23,,,0,100,,30178,23,,,0,102,,30179,23,,,0,100,,36778,23,,,0,100,,36779,23,,,0,101,,36780,23,,,0,100,,30183,23,,,0,141,,36781,23,,,0,100,,30185,23,,,0,100,,30186,23,,,0,58,,36782,23,,,0,100,,36783,23,,,0,100,,36784,23,,,0,98,,36785,23,,,0,100,,30191,23,,,0,95,,30192,23,,,0
14019,'1874',858,,36788,23,,,0,100,,36789,23,,,0,201,,36790,23,,,0,100,,36791,23,,,0,241,,36792,23,,,0,100,,36793,23,,,0,258,,36794,23,,,0,98,,36787,23,,,0
14019,'1875',656,,30207,23,,,0,100,,30208,23,,,0,302,,30198,23,,,0,342,,30201,23,,,0,258,,30204,23,,,0,100,,30205,23,,,0,293,,30194,23,,,0
14019,'1876',1033,,42555,23,,,0,70,,42554,23,,,0,30,,42556,23,,,0,300,,42557,23,,,0,102,,42558,23,,,0,298,,42559,23,,,0
14019,'1877',2251,,42560,23,,,0
14019,'1878',858,,42562,23,,,0,100,,42563,23,,,0,201,,42564,23,,,0,100,,42565,23,,,0,241,,42566,23,,,0,100,,42567,23,,,0,258,,42568,23,,,0,98,,42561,23,,,0
