19019,'1800',617,,37443,5,,,0,112,,37433,5,,,0,100,,30818,5,,,0,30,,37437,5,,,0,70,,30807,5,,,0,30,,30811,5,,,0,71,,37455,5,,,0,71,,37453,5,,,0,30,,37454,5,,,0,70,,37435,5,,,0,30,,37456,5,,,0,70,,37434,5,,,0,30,,37457,5,,,0,70,,37447,5,,,0,31,,37449,5,,,0,70,,37439,5,,,0,30,,37441,5,,,0,70,,37444,5,,,0,30,,37446,5,,,0,69,,37436,5,,,0,29,,37438,5,,,0,70,,37450,5,,,0,30,,37440,5,,,0,70,,37442,5,,,0,30,,30802,5,,,0,70,,37448,5,,,0,45,,37445,5,,,0,100,,37451,5,,,0,100,,37452,5,,,0,84,,30829,5,,,0
19019,'1838',617,,37471,5,,,0,112,,37458,5,,,0,100,,37475,5,,,0,30,,37463,5,,,0,70,,37464,5,,,0,30,,37468,5,,,0,71,,37484,5,,,0,71,,37482,5,,,0,30,,37483,5,,,0,70,,37461,5,,,0,30,,37485,5,,,0,70,,37460,5,,,0,30,,37487,5,,,0,70,,37476,5,,,0,31,,37478,5,,,0,70,,37466,5,,,0,30,,37469,5,,,0,70,,37472,5,,,0,30,,37474,5,,,0,69,,37462,5,,,0,29,,37465,5,,,0,70,,37479,5,,,0,30,,37467,5,,,0,70,,37470,5,,,0,30,,37459,5,,,0,70,,37477,5,,,0,45,,37473,5,,,0,100,,37480,5,,,0,100,,37481,5,,,0,84,,37486,5,,,0
19019,'1850',831,,30930,5,,,0,70,,30927,5,,,0,30,,30923,5,,,0,70,,30925,5,,,0,30,,30931,5,,,0,70,,30933,5,,,0,30,,30926,5,,,0,70,,30942,5,,,0,30,,30929,5,,,0,70,,30941,5,,,0,30,,30924,5,,,0,70,,30943,5,,,0,30,,30939,5,,,0,70,,30928,5,,,0,31,,30934,5,,,0,299,,30938,5,,,0,70,,30944,5,,,0,30,,30937,5,,,0,100,,30936,5,,,0,99,,30935,5,,,0,99,,30940,5,,,0,100,,30932,5,,,0
19019,'1859',619,,30891,5,,,0,40,,30875,5,,,0,70,,30865,5,,,0,30,,30886,5,,,0,70,,30877,5,,,0,30,,30867,5,,,0,70,,30862,5,,,0,30,,30884,5,,,0,71,,30885,5,,,0,870,,30870,5,,,0,30,,30889,5,,,0,110,,30887,5,,,0,70,,30874,5,,,0,100,,30878,5,,,0,100,,30873,5,,,0,25,,30890,5,,,0
19019,'1861',829,,30910,5,,,0,100,,30899,5,,,0,30,,30903,5,,,0,971,,30894,5,,,0,399,,30921,5,,,0
19019,'1862',1101,,37496,5,,,0,30,,37491,5,,,0,70,,37490,5,,,0,30,,37498,5,,,0,70,,37495,5,,,0,30,,37500,5,,,0,70,,37503,5,,,0,31,,37501,5,,,0,70,,37489,5,,,0,30,,37488,5,,,0,70,,37492,5,,,0,30,,37497,5,,,0,69,,37494,5,,,0,29,,37493,5,,,0,70,,37499,5,,,0,30,,37502,5,,,0
19019,'1863',617,,37514,5,,,0,112,,37504,5,,,0,130,,37508,5,,,0,171,,37526,5,,,0,71,,37524,5,,,0,30,,37525,5,,,0,70,,37506,5,,,0,30,,37527,5,,,0,70,,37505,5,,,0,30,,37528,5,,,0,70,,37518,5,,,0,31,,37520,5,,,0,70,,37510,5,,,0,30,,37512,5,,,0,70,,37515,5,,,0,30,,37517,5,,,0,69,,37507,5,,,0,29,,37509,5,,,0,70,,37521,5,,,0,30,,37511,5,,,0,70,,37513,5,,,0,100,,37519,5,,,0,45,,37516,5,,,0,100,,37522,5,,,0,100,,37523,5,,,0
19019,'1864',831,,30952,5,,,0,70,,30949,5,,,0,30,,30945,5,,,0,70,,30947,5,,,0,30,,30953,5,,,0,70,,37533,5,,,0,30,,37530,5,,,0,70,,37539,5,,,0,30,,37532,5,,,0,70,,37538,5,,,0,30,,37529,5,,,0,70,,37540,5,,,0,30,,37536,5,,,0,70,,37531,5,,,0,31,,37534,5,,,0,299,,37535,5,,,0,70,,30966,5,,,0,30,,30959,5,,,0,100,,30958,5,,,0,99,,30957,5,,,0,99,,37537,5,,,0,100,,30954,5,,,0
19019,'1865',831,,37548,5,,,0,70,,37545,5,,,0,30,,37541,5,,,0,70,,37543,5,,,0,30,,37549,5,,,0,70,,37551,5,,,0,30,,37544,5,,,0,70,,37560,5,,,0,30,,37547,5,,,0,70,,37559,5,,,0,30,,37542,5,,,0,70,,37561,5,,,0,30,,37557,5,,,0,70,,37546,5,,,0,31,,37552,5,,,0,299,,37556,5,,,0,70,,37562,5,,,0,30,,37555,5,,,0,100,,37554,5,,,0,99,,37553,5,,,0,99,,37558,5,,,0,100,,37550,5,,,0
19019,'1866',619,,37593,5,,,0,40,,37577,5,,,0,70,,37567,5,,,0,30,,37588,5,,,0,70,,37579,5,,,0,30,,37569,5,,,0,70,,37564,5,,,0,30,,37586,5,,,0,71,,37587,5,,,0,71,,37578,5,,,0,30,,37568,5,,,0,70,,37566,5,,,0,30,,37582,5,,,0,70,,37574,5,,,0,30,,37584,5,,,0,70,,37594,5,,,0,31,,37585,5,,,0,70,,37565,5,,,0,30,,37563,5,,,0,70,,37570,5,,,0,30,,37581,5,,,0,69,,37573,5,,,0,29,,37571,5,,,0,70,,37583,5,,,0,30,,37590,5,,,0,70,,37572,5,,,0,30,,37591,5,,,0,110,,37589,5,,,0,70,,37576,5,,,0,100,,37580,5,,,0,100,,37575,5,,,0,25,,37592,5,,,0
19019,'1867',617,,37608,5,,,0,112,,37595,5,,,0,100,,37612,5,,,0,30,,37600,5,,,0,70,,37601,5,,,0,30,,37605,5,,,0,71,,37621,5,,,0,71,,37619,5,,,0,30,,37620,5,,,0,70,,37598,5,,,0,30,,37622,5,,,0,70,,37597,5,,,0,30,,37624,5,,,0,70,,37613,5,,,0,31,,37615,5,,,0,70,,37603,5,,,0,30,,37606,5,,,0,70,,37609,5,,,0,30,,37611,5,,,0,69,,37599,5,,,0,29,,37602,5,,,0,70,,37616,5,,,0,30,,37604,5,,,0,70,,37607,5,,,0,30,,37596,5,,,0,70,,37614,5,,,0,45,,37610,5,,,0,100,,37617,5,,,0,100,,37618,5,,,0,84,,37623,5,,,0
10019029,'1850',619,,34645,12,,,0,30,,34648,12,,,0,70,,34647,12,,,0,30,,34649,12,,,0,803,,34654,12,,,0,70,,34652,12,,,0,30,,34650,12,,,0,70,,34655,12,,,0,28,,34651,12,,,0,250,,34653,12,,,0
10019029,'1864',619,,34656,12,,,0,30,,34659,12,,,0,70,,41888,12,,,0,30,,34660,12,,,0,803,,34665,12,,,0,70,,34663,12,,,0,30,,41889,12,,,0,70,,41892,12,,,0,28,,41890,12,,,0,250,,41891,12,,,0
10019029,'1865',619,,41893,12,,,0,30,,41896,12,,,0,70,,41895,12,,,0,30,,41897,12,,,0,803,,41902,12,,,0,70,,41900,12,,,0,30,,41898,12,,,0,70,,41903,12,,,0,28,,41899,12,,,0,250,,41901,12,,,0
