11029,'1838',818,,44813,14,,,0,100,,44814,14,,,0,104,,44815,14,,,0,100,,44816,14,,,0,100,,44817,14,,,0,100,,44818,14,,,0,100,,44819,14,,,0,100,,44820,14,,,0,100,,44821,14,,,0,98,,44822,14,,,0,100,,36554,14,,,0,99,,44823,14,,,0,100,,42486,14,,,0
11029,'1865',620,,36600,7,,,0,98,,36586,14,,,0,101,,44825,14,,,0,100,,44826,14,,,0,101,,44827,14,,,0,100,,44828,14,,,0,100,,44829,14,,,0,100,,44830,14,,,0,100,,44831,14,,,0,100,,42488,14,,,0,100,,44832,14,,,0,100,,44833,14,,,0,100,,44834,14,,,0,100,,36598,14,,,0,100,,44835,14,,,0,100,,44824,14,,,0
11029,'1866',620,,44836,7,,,0,98,,44847,14,,,0,100,,44837,14,,,0,100,,44838,14,,,0,104,,44839,14,,,0,100,,44840,14,,,0,100,,44841,14,,,0,100,,36607,14,,,0,100,,44842,14,,,0,100,,36609,14,,,0,100,,36610,14,,,0,98,,44843,14,,,0,100,,44844,14,,,0,99,,44845,14,,,0,100,,44846,14,,,0
11029,'1867',818,,44848,14,,,0,100,,44849,14,,,0,104,,44850,14,,,0,100,,44851,14,,,0,100,,44852,14,,,0,100,,44853,14,,,0,100,,44854,14,,,0,100,,44855,14,,,0,100,,44856,14,,,0,98,,44857,14,,,0,100,,36626,14,,,0,99,,44858,14,,,0,100,,42497,14,,,0
11029,'1873',1322,,29958,14,,,0,200,,29960,14,,,0,100,,29961,14,,,0
11029,'1878',1820,,29977,14,,,0,199,,42508,14,,,0
11029,'1881',819,,29998,14,,,0,100,,42498,14,,,0,101,,30000,14,,,0,100,,36576,14,,,0,100,,36577,14,,,0,100,,36578,14,,,0,100,,36579,14,,,0,200,,36581,14,,,0,100,,36582,14,,,0,100,,36583,14,,,0,200,,42500,14,,,0,100,,29996,14,,,0
11029,'1882',620,,30011,7,,,0,98,,29997,14,,,0,802,,42499,14,,,0,400,,30009,14,,,0
11029,'1886',819,,44860,14,,,0,100,,44861,14,,,0,101,,44862,14,,,0,100,,44863,14,,,0,100,,44864,14,,,0,100,,44865,14,,,0,100,,44866,14,,,0,200,,44867,14,,,0,100,,44868,14,,,0,100,,44869,14,,,0,200,,44870,14,,,0,100,,44859,14,,,0
11029,'1887',620,,44871,7,,,0,98,,44882,14,,,0,100,,44872,14,,,0,100,,44873,14,,,0,104,,44874,14,,,0,100,,44875,14,,,0,100,,44876,14,,,0,200,,44877,14,,,0,298,,44878,14,,,0,100,,44879,14,,,0,99,,44880,14,,,0,100,,44881,14,,,0
11029,'1888',818,,44883,14,,,0,100,,44884,14,,,0,104,,44885,14,,,0,100,,44886,14,,,0,100,,44887,14,,,0,100,,44888,14,,,0,100,,44889,14,,,0,100,,44890,14,,,0,100,,44891,14,,,0,98,,44892,14,,,0,199,,44893,14,,,0
