6019,'1796',703,,20032,26,4,,0,29,,20033,26,4,,0,70,,20034,26,4,,0,30,,20035,26,4,,0,70,,20036,26,4,,0,31,,20037,26,4,,0,70,,20038,26,4,,0,30,,20039,26,4,,0,70,,20040,26,4,,0,30,,20041,26,4,,0,70,,20042,26,4,,0,30,,20043,26,4,,0,70,,20044,26,4,,0,30,,20045,26,4,,0,70,,20046,26,4,,0,31,,20047,26,4,,0,73,,20048,26,4,,0,30,,20049,26,4,,0,70,,20050,26,4,,0,30,,20051,26,4,,0,70,,20052,26,4,,0,28,,20053,26,4,,0,67,,20054,26,4,,0,30,,20055,26,4,,0,70,,20056,26,4,,0,27,,20031,26,4,,0,96,,20027,26,4,,0,100,,20029,26,4,,0,100,,20028,26,4,,0,100,,20030,26,4,,0
6019,'1797',657,,20060,26,4,,0,70,,20059,26,4,,0,28,,20079,26,4,,0,70,,20072,26,4,,0,30,,20062,26,4,,0,70,,20071,26,4,,0,30,,20080,26,4,,0,72,,20078,26,4,,0,30,,20070,26,4,,0,70,,20083,26,4,,0,30,,20069,26,4,,0,70,,20077,26,4,,0,30,,20068,26,4,,0,70,,20082,26,4,,0,30,,20067,26,4,,0,70,,20076,26,4,,0,30,,20066,26,4,,0,70,,20081,26,4,,0,30,,20065,26,4,,0,70,,20075,26,4,,0,30,,20064,26,4,,0,70,,20057,26,4,,0,30,,20063,26,4,,0,70,,20074,26,4,,0,30,,20061,26,4,,0,68,,20073,26,4,,0,101,,20084,14,4,,0,100,,20058,14,4,,0
6019,'1798',856,,20091,14,4,,0,100,,20085,14,4,,0,100,,20090,14,4,,0,100,,20095,14,4,,0,101,,20089,14,4,,0,100,,20094,14,4,,0,100,,20088,14,4,,0,100,,20093,14,4,,0,100,,20087,14,4,,0,100,,20092,14,4,,0,99,,20086,14,4,,0,100,,20096,14,4,,0
6019,'1799',856,,20103,14,4,,0,100,,20097,14,4,,0,100,,20102,14,4,,0,100,,20107,14,4,,0,101,,20101,14,4,,0,100,,20106,14,4,,0,100,,20100,14,4,,0,100,,20105,14,4,,0,100,,20099,14,4,,0,100,,20104,14,4,,0,99,,20098,14,4,,0,100,,20108,14,4,,0
6019,'1800',856,,20115,14,4,,0,100,,20109,14,4,,0,100,,20114,14,4,,0,100,,20119,14,4,,0,101,,20113,14,4,,0,100,,20118,14,4,,0,100,,20112,14,4,,0,100,,20117,14,4,,0,100,,20111,14,4,,0,100,,20116,14,4,,0,99,,20110,14,4,,0,100,,20120,14,4,,0
6019,'1816',2025,,9788,14,4,,0
6019,'1824',2125,,16949,14,4,,0
6029,'1796',610,,20125,1,,,0,30,,20126,1,,,0,70,,20127,1,,,0,30,,20128,1,,,0,70,,20129,1,,,0,30,,20130,1,,,0,70,,20131,1,,,0,30,,20132,1,,,0,70,,20133,1,,,0,30,,20134,1,,,0,70,,20135,1,,,0,30,,20136,1,,,0,70,,20137,1,,,0,30,,20138,1,,,0,70,,20139,1,,,0,30,,20140,1,,,0,70,,20141,1,,,0,30,,20142,1,,,0,70,,20143,1,,,0,30,,20144,1,,,0,70,,20145,1,,,0,30,,20146,1,,,0,70,,20147,1,,,0,30,,20148,1,,,0,70,,20149,1,,,0,30,,20150,1,,,0,90,,20122,1,,,0,100,,20124,1,,,0,100,,20121,1,,,0,100,,20123,1,,,0
6029,'1797',605,,20152,1,,,0,30,,20154,1,,,0,65,,20170,1,,,0,30,,20178,1,,,0,70,,20153,1,,,0,30,,20164,1,,,0,70,,20171,1,,,0,30,,20179,1,,,0,70,,20163,1,,,0,30,,20176,1,,,0,70,,20162,1,,,0,30,,20168,1,,,0,70,,20161,1,,,0,30,,20175,1,,,0,70,,20160,1,,,0,30,,20167,1,,,0,70,,20159,1,,,0,30,,20174,1,,,0,70,,20158,1,,,0,30,,20166,1,,,0,70,,20157,1,,,0,30,,20173,1,,,0,70,,20156,1,,,0,30,,20165,1,,,0,70,,20155,1,,,0,30,,20172,1,,,0,70,,20151,1,0,5 2 6 7,0,100,,20177,1,0,5 2 6 7,0,100,,20169,1,0,5 2 6 7,0
6029,'1798',830,,20191,1,0,5 2 6 7,0,100,,20182,1,0,5 2 6 7,0,100,,20190,1,0,5 2 6 7,0,100,,20180,1,0,5 2 6 7,0,100,,20189,1,0,5 2 6 7,0,100,,20185,1,0,5 2 6 7,0,100,,20188,1,0,5 2 6 7,0,100,,20183,1,0,5 2 6 7,0,100,,20187,1,0,5 2 6 7,0,100,,20184,1,0,5 2 6 7,0,100,,20186,1,0,5 2 6 7,0,100,,20181,1,0,5 2 6 7,0
6029,'1799',830,,20203,1,0,5 2 6 7,0,100,,20194,1,0,5 2 6 7,0,100,,20202,1,0,5 2 6 7,0,100,,20192,1,0,5 2 6 7,0,100,,20201,1,0,5 2 6 7,0,100,,20197,1,0,5 2 6 7,0,100,,20200,1,0,5 2 6 7,0,100,,20195,1,0,5 2 6 7,0,100,,20199,1,0,5 2 6 7,0,100,,20196,1,0,5 2 6 7,0,100,,20198,1,0,5 2 6 7,0,100,,20193,1,0,5 2 6 7,0
6029,'1800',830,,20215,1,0,5 2 6 7,0,100,,20206,1,0,5 2 6 7,0,100,,20214,1,0,5 2 6 7,0,100,,20204,1,0,5 2 6 7,0,100,,20213,1,0,5 2 6 7,0,100,,20209,1,0,5 2 6 7,0,100,,20212,1,0,5 2 6 7,0,100,,20207,1,0,5 2 6 7,0,100,,20211,1,0,5 2 6 7,0,100,,20208,1,0,5 2 6 7,0,100,,20210,1,0,5 2 6 7,0,100,,20205,1,0,5 2 6 7,0
6029,'1816',632,,9846,1,,,0,98,,9848,1,,,0,1270,,9872,1,0,5 2 6 7,0
6029,'1824',602,,16990,1,,,0,98,,16991,1,,,0,100,,16992,1,,,0,30,,16993,1,,,0,70,,16994,1,,,0,30,,16995,1,,,0,70,,16996,1,,,0,30,,16997,1,,,0,70,,16998,1,,,0,30,,16999,1,,,0,70,,17000,1,,,0,30,,17001,1,,,0,70,,17002,1,,,0,30,,17003,1,,,0,70,,17004,1,,,0,30,,17005,1,,,0,70,,17006,1,,,0,30,,17007,1,,,0,70,,17008,1,,,0,30,,17009,1,,,0,70,,17010,1,,,0,30,,17011,1,,,0,70,,17012,1,,,0,30,,17013,1,,,0,70,,17014,1,0,5 2 6 7,0,200,,17015,1,0,5 2 6 7,0
11019,'1796',724,,20650,31,4,,0,102,,20651,31,4,,0,100,,20652,31,4,,0,100,,20653,31,4,,0,100,,20654,31,4,,0,101,,20655,31,4,,0,100,,20656,31,4,,0,100,,20657,31,4,,0,100,,20658,31,4,,0,100,,20659,31,4,,0,100,,20660,31,4,,0,97,,20661,31,4,,0,100,,20662,31,4,,0,100,,20663,31,4,,0,98,,20664,31,4,,0
11019,'1797',1923,,20666,31,4,,0,100,,20667,31,4,,0
11019,'1824',1923,,17202,31,4,,0,100,,17203,31,4,,0
15029,'1797',624,,21118,39,4,,0
15029,'1816',624,,10714,39,4,,0
20006019,'1817',830,,19099,1,0,5 2 6 7,0,100,,19100,1,0,5 2 6 7,0,100,,19101,1,0,5 2 6 7,0,100,,19102,1,0,5 2 6 7,0,100,,19103,1,0,5 2 6 7,0,100,,19104,1,0,5 2 6 7,0,100,,19105,1,0,5 2 6 7,0,100,,19106,1,0,5 2 6 7,0,100,,19107,1,0,5 2 6 7,0,100,,19108,1,0,5 2 6 7,0,100,,19109,1,0,5 2 6 7,0,100,,19110,1,0,5 2 6 7,0
