4019,'1794',752,,9497,7,,,0,70,,9498,7,,,0,30,,9495,7,,,0,70,,9499,7,,,0,30,,9496,7,,,0,71,,9480,7,,,0,30,,9484,7,,,0,70,,9488,7,,,0,30,,9491,7,,,0,70,,9476,7,,,0,31,,9479,7,,,0,70,,9483,7,,,0,30,,9487,7,,,0,70,,9489,7,,,0,30,,9475,7,,,0,70,,9478,7,,,0,30,,9482,7,,,0,70,,9486,7,,,0,30,,9490,7,,,0,70,,9474,7,,,0,30,,9477,7,,,0,70,,9481,7,,,0,29,,9485,7,,,0,70,,9494,7,,,0,30,,9500,7,,,0,70,,9492,7,,,0,30,,9501,7,,,0,70,,9493,7,,,0
4019,'1805',652,,6007,7,,,0,70,,5983,7,,,0,30,,5977,7,,,0,70,,5987,7,,,0,30,,5998,7,,,0,70,,5993,7,,,0,30,,5981,7,,,0,71,,6003,7,,,0,30,,5980,7,,,0,70,,6000,7,,,0,30,,5995,7,,,0,70,,5988,7,,,0,31,,6001,7,,,0,70,,6004,7,,,0,30,,5979,7,,,0,70,,5990,7,,,0,30,,5978,7,,,0,70,,5984,7,,,0,30,,6002,7,,,0,70,,5999,7,,,0,30,,5996,7,,,0,70,,5985,7,,,0,30,,6005,7,,,0,70,,6006,7,,,0,29,,5976,7,,,0,70,,5991,7,,,0,30,,5989,7,,,0,70,,5997,7,,,0,30,,5982,7,,,0,70,,5992,7,,,0,30,,5986,7,,,0,70,,5994,7,,,0
4019,'1806',752,,6031,7,,,0,70,,9512,7,,,0,30,,6029,7,,,0,70,,6033,7,,,0,30,,9511,7,,,0,71,,6014,7,,,0,30,,9507,7,,,0,70,,9509,7,,,0,30,,6025,7,,,0,70,,9503,7,,,0,31,,6013,7,,,0,70,,9506,7,,,0,30,,6021,7,,,0,70,,9510,7,,,0,30,,6009,7,,,0,70,,9504,7,,,0,30,,6016,7,,,0,70,,9508,7,,,0,30,,6024,7,,,0,70,,9502,7,,,0,30,,6011,7,,,0,70,,9505,7,,,0,29,,6019,7,,,0,70,,6028,7,,,0,30,,9513,7,,,0,70,,6026,7,,,0,30,,6035,7,,,0,70,,6027,7,,,0
4019,'1807',622,,9520,7,,,0,30,,9546,7,,,0,71,,9521,7,,,0,27,,9522,7,,,0,76,,9523,7,,,0,24,,9524,7,,,0,76,,9525,7,,,0,27,,9526,7,,,0,70,,9527,7,,,0,30,,9528,7,,,0,70,,9529,7,,,0,32,,9530,7,,,0,70,,9531,7,,,0,30,,9532,7,,,0,70,,9533,7,,,0,30,,9534,7,,,0,70,,9535,7,,,0,33,,9536,7,,,0,70,,9537,7,,,0,31,,9538,7,,,0,64,,9539,7,,,0,36,,9540,7,,,0,63,,9541,7,,,0,36,,9542,7,,,0,61,,9543,7,,,0,35,,9544,7,,,0,69,,9545,7,,,0,30,,9514,7,,,0,70,,9515,7,,,0,30,,9516,7,,,0,70,,9517,7,,,0,30,,9518,7,,,0,70,,9519,7,,,0
4019,'1808',652,,9578,7,,,0,70,,9554,7,,,0,30,,9548,7,,,0,70,,9558,7,,,0,30,,9569,7,,,0,70,,9564,7,,,0,30,,9552,7,,,0,71,,9574,7,,,0,30,,9551,7,,,0,70,,9571,7,,,0,30,,9566,7,,,0,70,,9559,7,,,0,31,,9572,7,,,0,70,,9575,7,,,0,30,,9550,7,,,0,70,,9561,7,,,0,30,,9549,7,,,0,70,,9555,7,,,0,30,,9573,7,,,0,70,,9570,7,,,0,30,,9567,7,,,0,70,,9556,7,,,0,30,,9576,7,,,0,70,,9577,7,,,0,29,,9547,7,,,0,70,,9562,7,,,0,30,,9560,7,,,0,70,,9568,7,,,0,30,,9553,7,,,0,70,,9563,7,,,0,30,,9557,7,,,0,70,,9565,7,,,0
4019,'1809',752,,9602,7,,,0,70,,9603,7,,,0,30,,9600,7,,,0,70,,9604,7,,,0,30,,9601,7,,,0,71,,9585,7,,,0,30,,9589,7,,,0,70,,9593,7,,,0,30,,9596,7,,,0,70,,9581,7,,,0,31,,9584,7,,,0,70,,9588,7,,,0,30,,9592,7,,,0,70,,9594,7,,,0,30,,9580,7,,,0,70,,9583,7,,,0,30,,9587,7,,,0,70,,9591,7,,,0,30,,9595,7,,,0,70,,9579,7,,,0,30,,9582,7,,,0,70,,9586,7,,,0,29,,9590,7,,,0,70,,9599,7,,,0,30,,9605,7,,,0,70,,9597,7,,,0,30,,9606,7,,,0,70,,9598,7,,,0
502019,'1794',635,,12079,4,,,0,70,,12065,4,,,0,30,,12082,4,,,0,70,,12096,4,,,0,30,,12076,4,,,0,70,,12095,4,,,0,30,,12078,4,,,0,71,,12094,4,,,0,30,,12073,4,,,0,70,,12093,4,,,0,30,,12068,4,,,0,70,,12092,4,,,0,30,,12071,4,,,0,70,,12090,4,,,0,30,,12069,4,,,0,70,,12091,4,,,0,30,,12072,4,,,0,70,,12089,4,,,0,30,,12066,4,,,0,70,,12088,4,,,0,30,,12070,4,,,0,70,,12087,4,,,0,30,,12067,4,,,0,70,,12086,4,,,0,30,,12080,4,,,0,70,,12085,4,,,0,30,,12081,4,,,0,69,,12084,4,,,0,30,,12074,4,,,0,70,,12098,4,,,0,30,,12083,4,,,0,70,,12099,4,,,0,30,,12077,4,,,0,70,,12097,4,,,0,30,,12075,4,,,0
502019,'1805',635,,7947,4,,,0,70,,7954,4,,,0,30,,7946,4,,,0,70,,7955,4,,,0,31,,7945,4,,,0,70,,7956,4,,,0,30,,7944,4,,,0,70,,7957,4,,,0,30,,7965,4,,,0,70,,7958,4,,,0,30,,7966,4,,,0,70,,7959,4,,,0,30,,7967,4,,,0,70,,7960,4,,,0,30,,7968,4,,,0,71,,7961,4,,,0,30,,7969,4,,,0,70,,7962,4,,,0,30,,7970,4,,,0,69,,7963,4,,,0,30,,7971,4,,,0,70,,7964,4,,,0,30,,7972,4,,,0,70,,7948,4,,,0,30,,7973,4,,,0,70,,7950,4,,,0,99,,7949,4,,,0,30,,7943,4,,,0,70,,7951,4,,,0,30,,7942,4,,,0,70,,7952,4,,,0,30,,7941,4,,,0,70,,7953,4,,,0,30,,7940,4,,,0
502019,'1806',635,,7988,4,,,0,70,,7974,4,,,0,30,,7991,4,,,0,70,,8005,4,,,0,31,,7985,4,,,0,70,,8004,4,,,0,30,,7987,4,,,0,70,,8003,4,,,0,30,,7982,4,,,0,70,,8002,4,,,0,30,,7977,4,,,0,70,,8001,4,,,0,30,,7980,4,,,0,70,,7999,4,,,0,30,,7978,4,,,0,70,,8000,4,,,0,30,,7981,4,,,0,70,,7998,4,,,0,30,,7975,4,,,0,70,,7997,4,,,0,30,,7979,4,,,0,70,,7996,4,,,0,30,,7976,4,,,0,70,,7995,4,,,0,30,,7989,4,,,0,70,,7994,4,,,0,30,,12100,4,,,0,69,,7993,4,,,0,30,,7983,4,,,0,70,,8007,4,,,0,30,,7992,4,,,0,70,,8008,4,,,0,30,,7986,4,,,0,70,,8006,4,,,0,30,,7984,4,,,0
502019,'1807',605,,12101,4,,,0,30,,12102,4,,,0,65,,12142,4,,,0,10,,12103,4,,,0,25,,12104,4,,,0,65,,12105,4,,,0,12,,12106,4,,,0,24,,12107,4,,,0,64,,12108,4,,,0,12,,12109,4,,,0,24,,12110,4,,,0,70,,12111,4,,,0,30,,12112,4,,,0,70,,12113,4,,,0,30,,12114,4,,,0,71,,12115,4,,,0,30,,12116,4,,,0,70,,12117,4,,,0,30,,12118,4,,,0,70,,12119,4,,,0,33,,12120,4,,,0,70,,12121,4,,,0,30,,12122,4,,,0,68,,12123,4,,,0,24,,12124,4,,,0,12,,12125,4,,,0,63,,12126,4,,,0,6,,12143,4,,,0,17,,12127,4,,,0,12,,12128,4,,,0,64,,12129,4,,,0,22,,12130,4,,,0,12,,12131,4,,,0,65,,12132,4,,,0,30,,12133,4,,,0,70,,12134,4,,,0,30,,12135,4,,,0,70,,12136,4,,,0,30,,12137,4,,,0,70,,12138,4,,,0,30,,12139,4,,,0,70,,12140,4,,,0,30,,12141,4,,,0
502019,'1808',635,,12151,4,,,0,70,,12158,4,,,0,30,,12150,4,,,0,70,,12159,4,,,0,30,,12149,4,,,0,70,,12160,4,,,0,30,,12148,4,,,0,71,,12161,4,,,0,30,,12169,4,,,0,70,,12162,4,,,0,30,,12170,4,,,0,70,,12163,4,,,0,30,,12171,4,,,0,70,,12164,4,,,0,30,,12172,4,,,0,71,,12165,4,,,0,30,,12173,4,,,0,70,,12166,4,,,0,30,,12174,4,,,0,69,,12167,4,,,0,30,,12175,4,,,0,70,,12168,4,,,0,30,,12176,4,,,0,70,,12152,4,,,0,30,,12177,4,,,0,70,,12154,4,,,0,99,,12153,4,,,0,30,,12147,4,,,0,70,,12155,4,,,0,30,,12146,4,,,0,70,,12156,4,,,0,30,,12145,4,,,0,70,,12157,4,,,0,30,,12144,4,,,0
502019,'1809',635,,12192,4,,,0,70,,12178,4,,,0,30,,12195,4,,,0,70,,12209,4,,,0,30,,12189,4,,,0,70,,12208,4,,,0,30,,12191,4,,,0,71,,12207,4,,,0,30,,12186,4,,,0,70,,12206,4,,,0,30,,12181,4,,,0,70,,12205,4,,,0,30,,12184,4,,,0,70,,12203,4,,,0,30,,12182,4,,,0,70,,12204,4,,,0,30,,12185,4,,,0,70,,12202,4,,,0,30,,12179,4,,,0,70,,12201,4,,,0,30,,12183,4,,,0,70,,12200,4,,,0,30,,12180,4,,,0,70,,12199,4,,,0,30,,12193,4,,,0,70,,12198,4,,,0,30,,12194,4,,,0,69,,12197,4,,,0,30,,12187,4,,,0,70,,12211,4,,,0,30,,12196,4,,,0,70,,12212,4,,,0,30,,12190,4,,,0,70,,12210,4,,,0,30,,12188,4,,,0
