7019,'1799',619,,20340,3,,,0,30,,20341,3,,,0,98,,20328,22,,,0,101,,20329,22,,,0,100,,20338,22,,,0,73,,20355,7,,,0,28,,20330,22,,,0,100,,20331,22,,,0,100,,20332,22,,,0,100,,20333,22,,,0,101,,20334,22,,,0,100,,20335,22,,,0,99,,20336,22,,,0,73,,20344,7,,,0,27,,20324,22,,,0,99,,20325,22,,,0,99,,20323,22,,,0,99,,20327,22,,,0,72,,20357,7,,,0,28,,20326,22,,,0,70,,20343,3,,,0
7019,'1800',549,,25264,3,,,0,70,,20375,3,,,0,30,,20376,3,,,0,68,,25266,3,,,0,30,,20363,22,,,0,71,,25277,7,,,0,30,,20364,22,,,0,73,,25270,7,,,0,27,,20373,22,,,0,73,,20390,7,,,0,28,,20365,22,,,0,72,,25269,7,,,0,28,,20366,22,,,0,72,,25276,7,,,0,28,,20367,22,,,0,73,,25268,7,,,0,27,,20368,22,,,0,73,,25275,7,,,0,28,,20369,22,,,0,73,,25267,7,,,0,27,,20370,22,,,0,73,,25274,7,,,0,26,,20371,22,,,0,73,,20379,7,,,0,27,,20359,22,,,0,72,,25273,7,,,0,27,,20360,22,,,0,72,,25271,7,,,0,27,,20358,22,,,0,71,,25272,7,,,0,28,,20362,22,,,0,72,,20392,7,,,0,28,,20361,22,,,0,70,,20378,3,,,0,30,,25265,3,,,0
7019,'1829',619,,20250,3,,,0,206,,20220,22,,,0,29,,20228,22,,,0,98,,20229,22,,,0,170,,20223,22,,,0,100,,20224,22,,,0,130,,20233,22,,,0,400,,20235,22,,,0
7019,'1831',647,,20266,22,,,0,100,,20267,22,,,0,101,,20268,22,,,0,100,,20269,22,,,0,101,,20270,22,,,0,100,,20271,22,,,0,100,,20272,22,,,0,100,,20273,22,,,0,101,,20274,22,,,0,100,,20275,22,,,0,99,,20276,22,,,0,100,,20277,22,,,0,99,,20254,22,,,0,99,,20255,22,,,0,99,,20256,22,,,0,70,,20287,3,,,0,30,,20257,22,,,0,72,,20286,7,,,0
7019,'1832',549,,20302,3,,,0,168,,20307,3,,,0,101,,20321,7,,,0,103,,20313,7,,,0,200,,20312,7,,,0,100,,20319,7,,,0,101,,20311,7,,,0,100,,20318,7,,,0,101,,20310,7,,,0,100,,20317,7,,,0,198,,20316,7,,,0,99,,20314,7,,,0,98,,20315,7,,,0,228,,20304,3,,,0
7019,'1833',619,,20305,3,,,0,30,,20306,3,,,0,98,,20293,22,,,0,101,,20294,22,,,0,100,,20303,22,,,0,73,,20320,7,,,0,28,,20295,22,,,0,100,,20296,22,,,0,100,,20297,22,,,0,100,,20298,22,,,0,101,,20299,22,,,0,100,,20300,22,,,0,99,,20301,22,,,0,73,,20309,7,,,0,27,,20289,22,,,0,99,,20290,22,,,0,99,,20288,22,,,0,99,,20292,22,,,0,72,,20322,7,,,0,28,,20291,22,,,0,70,,20308,3,,,0
7019,'1834',549,,20337,3,,,0,168,,20342,3,,,0,101,,20356,7,,,0,103,,20348,7,,,0,200,,20347,7,,,0,100,,20354,7,,,0,101,,20346,7,,,0,100,,20353,7,,,0,101,,20345,7,,,0,100,,20352,7,,,0,198,,20351,7,,,0,99,,20349,7,,,0,98,,20350,7,,,0,228,,20339,3,,,0
7019,'1835',511,,25278,3,,,0,36,,25279,22,,,0,103,,25280,22,,,0,71,,25281,22,,,0,32,,25286,22,,,0,169,,25282,22,,,0,100,,25283,22,,,0,30,,25287,22,,,0,100,,25288,22,,,0,100,,25289,22,,,0,70,,25284,22,,,0,101,,25285,22,,,0,33,,25301,22,,,0,73,,25302,22,,,0,14,,25307,3,,,0,12,,25303,22,,,0,70,,25304,22,,,0,30,,25290,22,,,0,68,,25291,22,,,0,99,,25293,22,,,0,28,,25294,22,,,0,70,,25295,22,,,0,28,,25296,22,,,0,70,,25297,22,,,0,30,,25298,22,,,0,68,,25306,3,,,0,31,,25299,22,,,0,72,,25305,7,,,0,27,,25300,22,,,0,100,,25292,22,,,0
7019,'1836',619,,25323,3,,,0,98,,25309,22,,,0,100,,25310,22,,,0,101,,25311,22,,,0,101,,25312,22,,,0,100,,25313,22,,,0,100,,25314,22,,,0,100,,25315,22,,,0,100,,25316,22,,,0,101,,25318,22,,,0,100,,25317,22,,,0,99,,25319,22,,,0,100,,25322,22,,,0,98,,25320,22,,,0,99,,25321,22,,,0,230,,25308,22,,,0
7019,'1837',549,,25324,3,,,0,168,,25326,3,,,0,101,,25337,7,,,0,103,,25330,7,,,0,200,,25329,7,,,0,100,,25336,7,,,0,101,,25328,7,,,0,100,,25335,7,,,0,101,,25327,7,,,0,100,,25334,7,,,0,198,,25333,7,,,0,99,,25331,7,,,0,98,,25332,7,,,0,228,,25325,3,,,0
7019,'1838',549,,25338,3,,,0,168,,25340,3,,,0,101,,25351,7,,,0,103,,25344,7,,,0,200,,25343,7,,,0,100,,25350,7,,,0,101,,25342,7,,,0,100,,25349,7,,,0,101,,25341,7,,,0,100,,25348,7,,,0,198,,25347,7,,,0,99,,25345,7,,,0,98,,25346,7,,,0,228,,25339,3,,,0
