1029,'1799',559,,19376,12,,,0,98,,19377,12,,,0,100,,19378,12,,,0,100,,19379,12,,,0,101,,19380,12,,,0,100,,19381,12,,,0,100,,19382,12,,,0,100,,19383,12,,,0,100,,19384,12,,,0,100,,19385,12,,,0,99,,19386,12,,,0,100,,19387,12,,,0,100,,19388,12,,,0,100,,19389,12,,,0,100,,19390,12,,,0,100,,19391,12,,,0,99,,19392,12,,,0,100,,19393,12,,,0
1029,'1800',559,,19394,12,,,0,98,,19395,12,,,0,100,,19396,12,,,0,100,,19397,12,,,0,101,,19398,12,,,0,100,,19399,12,,,0,100,,19400,12,,,0,100,,19401,12,,,0,100,,19402,12,,,0,100,,19403,12,,,0,99,,19404,12,,,0,100,,19405,12,,,0,100,,19406,12,,,0,100,,19407,12,,,0,100,,19408,12,,,0,100,,19409,12,,,0,99,,19410,12,,,0,100,,19411,12,,,0
1029,'1829',557,,19297,12,,,0,71,,19298,12,,,0,26,,19318,12,,,0,69,,19294,12,,,0,100,,19322,12,,,0,29,,19292,12,,,0,102,,19317,12,,,0,70,,19296,12,,,0,30,,19288,12,,,0,70,,19321,12,,,0,30,,19293,12,,,0,69,,19300,12,,,0,30,,19316,12,,,0,70,,19295,12,,,0,101,,19319,12,,,0,32,,19291,12,,,0,169,,19304,12,,,0,30,,19303,12,,,0,69,,19302,12,,,0,34,,19308,12,,,0,70,,19307,12,,,0,30,,19306,12,,,0,70,,19305,12,,,0,29,,19320,12,,,0,70,,19314,12,,,0,100,,19312,12,,,0,30,,19311,12,,,0,70,,19310,12,,,0,25,,19309,12,,,0
1029,'1831',559,,19328,12,,,0,68,,19340,12,,,0,30,,19347,12,,,0,70,,19335,12,,,0,30,,19356,12,,,0,70,,19344,12,,,0,30,,19327,12,,,0,71,,19339,12,,,0,30,,19350,12,,,0,70,,19334,12,,,0,30,,19357,12,,,0,70,,19343,12,,,0,30,,19326,12,,,0,70,,19338,12,,,0,30,,19349,12,,,0,70,,19333,12,,,0,30,,19329,12,,,0,70,,19342,12,,,0,30,,19325,12,,,0,70,,19337,12,,,0,29,,19345,12,,,0,70,,19332,12,,,0,30,,19354,12,,,0,70,,19341,12,,,0,30,,19324,12,,,0,70,,19336,12,,,0,30,,19348,12,,,0,70,,19330,12,,,0,30,,19352,12,,,0,70,,19351,12,,,0,30,,19323,12,,,0,70,,19331,12,,,0,29,,19346,12,,,0,70,,19355,12,,,0,30,,19353,12,,,0
1029,'1833',559,,19358,12,,,0,98,,19359,12,,,0,100,,19360,12,,,0,100,,19361,12,,,0,101,,19362,12,,,0,100,,19363,12,,,0,100,,19364,12,,,0,100,,19365,12,,,0,100,,19366,12,,,0,100,,19367,12,,,0,99,,19368,12,,,0,100,,19369,12,,,0,100,,19370,12,,,0,100,,19371,12,,,0,100,,19372,12,,,0,100,,19373,12,,,0,99,,19374,12,,,0,100,,19375,12,,,0
1029,'1835',753,,24959,12,,,0,171,,24961,12,,,0,430,,24960,12,,,0,172,,24962,12,,,0,30,,24964,12,,,0,501,,24963,12,,,0
7019,'1799',737,,20328,14,,,0,101,,20329,14,,,0,100,,20338,14,,,0,101,,20330,14,,,0,100,,20331,14,,,0,100,,20332,14,,,0,100,,20333,14,,,0,101,,20334,14,,,0,100,,20335,14,,,0,99,,20336,14,,,0,100,,20324,14,,,0,99,,20325,14,,,0,99,,20323,14,,,0,100,,20327,14,,,0,100,,20326,14,,,0
7019,'1800',737,,20363,14,,,0,101,,20364,14,,,0,100,,20373,14,,,0,101,,20365,14,,,0,100,,20366,14,,,0,100,,20367,14,,,0,100,,20368,14,,,0,101,,20369,14,,,0,100,,20370,14,,,0,99,,20371,14,,,0,100,,20359,14,,,0,99,,20360,14,,,0,99,,20358,14,,,0,100,,20362,14,,,0,100,,20361,14,,,0
7019,'1829',812,,20220,14,,,0,31,,20228,14,,,0,98,,20229,14,,,0,170,,20223,14,,,0,100,,20224,14,,,0,130,,20233,14,,,0,401,,20235,14,,,0
7019,'1831',638,,20266,14,,,0,99,,20267,14,,,0,101,,20268,14,,,0,100,,20269,14,,,0,101,,20270,14,,,0,100,,20271,14,,,0,100,,20272,14,,,0,100,,20273,14,,,0,101,,20274,14,,,0,100,,20275,14,,,0,99,,20276,14,,,0,100,,20277,14,,,0,99,,20254,14,,,0,99,,20255,14,,,0,100,,20256,14,,,0,100,,20257,14,,,0
7019,'1833',737,,20293,14,,,0,101,,20294,14,,,0,100,,20303,14,,,0,101,,20295,14,,,0,100,,20296,14,,,0,100,,20297,14,,,0,100,,20298,14,,,0,101,,20299,14,,,0,100,,20300,14,,,0,99,,20301,14,,,0,100,,20289,14,,,0,99,,20290,14,,,0,99,,20288,14,,,0,100,,20292,14,,,0,100,,20291,14,,,0
7019,'1835',536,,25279,14,,,0,103,,25280,14,,,0,70,,25281,14,,,0,32,,25286,14,,,0,170,,25282,14,,,0,100,,25283,14,,,0,30,,25287,14,,,0,100,,25288,14,,,0,100,,25289,14,,,0,70,,25284,14,,,0,101,,25285,14,,,0,32,,25301,14,,,0,73,,25302,14,,,0,27,,25303,14,,,0,70,,25304,14,,,0,30,,25290,14,,,0,68,,25291,14,,,0,100,,25293,14,,,0,28,,25294,14,,,0,70,,25295,14,,,0,28,,25296,14,,,0,70,,25297,14,,,0,30,,25298,14,,,0,100,,25299,14,,,0,99,,25300,14,,,0,100,,25292,14,,,0
7019,'1836',707,,25309,14,,,0,100,,25310,14,,,0,101,,25311,14,,,0,101,,25312,14,,,0,100,,25313,14,,,0,100,,25314,14,,,0,100,,25315,14,,,0,100,,25316,14,,,0,101,,25318,14,,,0,100,,25317,14,,,0,99,,25319,14,,,0,100,,25322,14,,,0,98,,25320,14,,,0,100,,25321,14,,,0,230,,25308,14,,,0
