6019,'1829',719,,20033,12,,,0,30,,20034,12,,,0,70,,20035,12,,,0,101,,20037,12,,,0,30,,20038,12,,,0,100,,20040,12,,,0,70,,20041,12,,,0,30,,20042,12,,,0,70,,20043,12,,,0,30,,20044,12,,,0,70,,20045,12,,,0,30,,20046,12,,,0,70,,20047,12,,,0,101,,20049,12,,,0,30,,20050,12,,,0,170,,20053,12,,,0,28,,20054,12,,,0,70,,20055,12,,,0,30,,20056,12,,,0,67,,20031,12,,,0
6019,'1831',645,,20060,12,,,0,70,,20059,12,,,0,28,,20079,12,,,0,70,,20072,12,,,0,30,,20062,12,,,0,100,,20080,12,,,0,171,,20083,12,,,0,30,,20069,12,,,0,170,,20082,12,,,0,30,,20067,12,,,0,70,,20076,12,,,0,130,,20065,12,,,0,70,,20075,12,,,0,130,,20063,12,,,0,70,,20074,12,,,0,30,,20061,12,,,0
6019,'1835',651,,25187,12,,,0,198,,25188,12,,,0,171,,25189,12,,,0,431,,25190,12,,,0,170,,25191,12,,,0,30,,25192,12,,,0,362,,25183,12,,,0,100,,25185,12,,,0,100,,25184,12,,,0,100,,25186,12,,,0
6019,'1836',913,,25199,12,,,0,101,,25202,12,,,0,30,,25198,12,,,0,170,,25201,12,,,0,30,,25197,12,,,0,200,,25196,12,,,0,70,,25203,12,,,0,130,,25195,12,,,0,70,,25193,12,,,0,199,,25200,12,,,0
15029,'1799',717,,21158,24,,,0,98,,21154,24,,,0,100,,21155,24,,,0,100,,21156,24,,,0,101,,21157,24,,,0,100,,21153,24,,,0,100,,21150,24,,,0,102,,21151,24,,,0,100,,21152,24,,,0,100,,21149,24,,,0,99,,21146,24,,,0,99,,21147,24,,,0,100,,21148,24,,,0,100,,21145,24,,,0
15029,'1800',717,,21172,24,,,0,98,,21168,24,,,0,100,,21169,24,,,0,100,,21170,24,,,0,101,,21171,24,,,0,100,,21167,24,,,0,100,,21164,24,,,0,102,,21165,24,,,0,100,,21166,24,,,0,100,,21163,24,,,0,99,,21160,24,,,0,99,,21161,24,,,0,100,,21162,24,,,0,100,,21159,24,,,0
15029,'1829',643,,21085,24,,,0,69,,21086,24,,,0,33,,21087,24,,,0,199,,21091,24,,,0,100,,21093,24,,,0,170,,21096,24,,,0,307,,21102,24,,,0,520,,21113,24,,,0
15029,'1831',722,,21119,24,,,0,93,,21120,24,,,0,100,,21121,24,,,0,100,,21122,24,,,0,101,,21123,24,,,0,100,,21124,24,,,0,100,,21125,24,,,0,103,,21126,24,,,0,100,,21127,24,,,0,100,,21128,24,,,0,98,,21129,24,,,0,99,,21130,24,,,0,100,,21116,24,,,0,100,,21117,24,,,0
15029,'1833',717,,21144,24,,,0,98,,21140,24,,,0,100,,21141,24,,,0,100,,21142,24,,,0,101,,21143,24,,,0,100,,21139,24,,,0,100,,21136,24,,,0,102,,21137,24,,,0,100,,21138,24,,,0,100,,21135,24,,,0,99,,21132,24,,,0,99,,21133,24,,,0,100,,21134,24,,,0,100,,21131,24,,,0
15029,'1835',816,,25868,24,,,0,33,,25869,24,,,0,70,,25870,24,,,0,95,,25871,24,,,0,100,,25872,24,,,0,30,,25873,24,,,0,100,,25874,24,,,0,70,,25875,24,,,0,30,,25876,24,,,0,70,,25877,24,,,0,32,,25878,24,,,0,107,,25879,24,,,0,70,,25880,24,,,0,29,,25881,24,,,0,64,,25882,24,,,0,29,,25883,24,,,0,69,,25884,24,,,0,27,,25885,24,,,0,70,,25886,24,,,0,30,,25887,24,,,0,70,,25888,24,,,0,130,,25890,24,,,0,97,,25889,24,,,0
