2029,'1800',647,,19696,52,,,0,70,,19704,52,,,0,30,,19715,52,,,0,70,,19710,52,,,0,30,,19697,52,,,0,70,,19705,52,,,0,30,,19716,52,,,0,70,,19711,52,,,0,30,,19698,52,,,0,70,,19706,52,,,0,30,,19717,52,,,0,70,,19712,52,,,0,30,,19699,52,,,0,70,,19707,52,,,0,30,,19718,52,,,0,70,,19713,52,,,0,30,,19700,52,,,0,70,,19708,52,,,0,30,,19719,52,,,0,70,,19714,52,,,0,30,,19701,52,,,0,70,,19709,52,,,0,30,,19720,52,,,0,100,,19702,52,,,0,100,,19721,52,,,0,100,,19703,52,,,0,100,,19722,52,,,0,100,,19695,52,,,0
2029,'1838',647,,19664,52,,,0,70,,19672,52,,,0,30,,19683,52,,,0,70,,19678,52,,,0,30,,19665,52,,,0,70,,19673,52,,,0,30,,19684,52,,,0,70,,19679,52,,,0,30,,19666,52,,,0,70,,19674,52,,,0,30,,19685,52,,,0,70,,19680,52,,,0,30,,19667,52,,,0,70,,19675,52,,,0,30,,19686,52,,,0,70,,19681,52,,,0,30,,19668,52,,,0,70,,19676,52,,,0,30,,19687,52,,,0,70,,19682,52,,,0,30,,19669,52,,,0,70,,19677,52,,,0,30,,19688,52,,,0,100,,19670,52,,,0,100,,19689,52,,,0,100,,19671,52,,,0,100,,19690,52,,,0,100,,19663,52,,,0
2029,'1843',549,,19588,37,,,0,67,,19562,52,,,0,31,,19563,52,,,0,70,,19564,52,,,0,30,,19565,52,,,0,70,,19566,52,,,0,30,,19567,52,,,0,70,,19568,52,,,0,30,,19569,52,,,0,70,,19570,52,,,0,30,,19571,52,,,0,70,,19572,52,,,0,30,,19573,52,,,0,70,,19574,52,,,0,30,,19575,52,,,0,70,,19576,52,,,0,30,,19577,52,,,0,70,,19578,52,,,0,30,,19579,52,,,0,70,,19580,52,,,0,30,,19581,52,,,0,70,,19582,52,,,0,30,,19583,52,,,0,70,,19584,52,,,0,31,,19585,52,,,0,69,,19586,52,,,0,30,,19587,52,,,0,70,,19591,52,,,0,30,,19592,52,,,0,100,,19593,52,,,0,100,,19594,52,,,0,100,,19590,52,,,0
2029,'1845',647,,19611,52,,,0,70,,19618,52,,,0,30,,19597,52,,,0,70,,19603,52,,,0,30,,19612,52,,,0,70,,19619,52,,,0,30,,19598,52,,,0,70,,19604,52,,,0,30,,19613,52,,,0,70,,19620,52,,,0,30,,19599,52,,,0,70,,19605,52,,,0,30,,19614,52,,,0,70,,19621,52,,,0,30,,19600,52,,,0,70,,19606,52,,,0,30,,19615,52,,,0,70,,19622,52,,,0,30,,19601,52,,,0,70,,19607,52,,,0,30,,19616,52,,,0,70,,19623,52,,,0,30,,19602,52,,,0,70,,19608,52,,,0,30,,19617,52,,,0,70,,19624,52,,,0,30,,19609,52,,,0,100,,19625,52,,,0,100,,19610,52,,,0,99,,19626,52,,,0
2029,'1847',647,,19632,52,,,0,70,,19640,52,,,0,30,,19651,52,,,0,70,,19646,52,,,0,30,,19633,52,,,0,70,,19641,52,,,0,30,,19652,52,,,0,70,,19647,52,,,0,30,,19634,52,,,0,70,,19642,52,,,0,30,,19653,52,,,0,70,,19648,52,,,0,30,,19635,52,,,0,70,,19643,52,,,0,30,,19654,52,,,0,70,,19649,52,,,0,30,,19636,52,,,0,70,,19644,52,,,0,30,,19655,52,,,0,70,,19650,52,,,0,30,,19637,52,,,0,70,,19645,52,,,0,30,,19656,52,,,0,100,,19638,52,,,0,100,,19657,52,,,0,100,,19639,52,,,0,100,,19658,52,,,0,100,,19631,52,,,0
2029,'1850',549,,28675,37,,,0,67,,28649,52,,,0,31,,28650,52,,,0,70,,28651,52,,,0,30,,28652,52,,,0,70,,28653,52,,,0,30,,28654,52,,,0,70,,28655,52,,,0,30,,28656,52,,,0,70,,28657,52,,,0,30,,28658,52,,,0,70,,28659,52,,,0,30,,28660,52,,,0,70,,28661,52,,,0,30,,28662,52,,,0,70,,28663,52,,,0,30,,28664,52,,,0,70,,28665,52,,,0,30,,28666,52,,,0,70,,28667,52,,,0,30,,28668,52,,,0,70,,28669,52,,,0,30,,28670,52,,,0,70,,28671,52,,,0,31,,28672,52,,,0,69,,28673,52,,,0,30,,28674,52,,,0,70,,28678,52,,,0,30,,28679,52,,,0,100,,28680,52,,,0,100,,28681,52,,,0,100,,28677,52,,,0
31019,'1800',631,,31414,3,,,0,100,,31415,3,,,0,100,,31416,3,,,0,100,,31417,3,,,0,100,,31418,3,,,0,100,,31419,3,,,0,100,,31420,3,,,0,100,,31421,3,,,0,100,,31422,3,,,0,100,,31423,3,,,0,100,,31424,3,,,0,100,,31425,3,,,0,100,,31426,3,,,0,100,,31427,3,,,0,100,,31428,3,,,0,100,,31429,3,,,0,100,,31430,3,,,0,95,,31432,3,0,5 2 8 7,0
31019,'1838',631,,31433,3,,,0,100,,31434,3,,,0,100,,31435,3,,,0,100,,31436,3,,,0,100,,31437,3,,,0,100,,31438,3,,,0,100,,31439,3,,,0,100,,31440,3,,,0,100,,31441,3,,,0,100,,31442,3,,,0,100,,31443,3,,,0,100,,31444,3,,,0,100,,31445,3,,,0,100,,31446,3,,,0,100,,31447,3,,,0,100,,31448,3,,,0,100,,31449,3,,,0,95,,31451,3,0,5 2 8 7,0
31019,'1841',631,,21907,3,,,0,70,,26290,3,,,0,30,,21935,3,,,0,71,,21918,3,,,0,30,,21915,3,,,0,69,,21929,3,,,0,30,,21910,3,,,0,70,,21923,3,,,0,30,,21934,3,,,0,70,,21921,3,,,0,30,,26289,3,,,0,70,,21928,3,,,0,30,,21909,3,,,0,70,,26291,3,,,0,30,,26292,3,,,0,70,,21919,3,,,0,30,,21913,3,,,0,71,,21927,3,,,0,30,,21911,3,,,0,70,,21925,3,,,0,30,,21932,3,,,0,70,,21920,3,,,0,30,,21914,3,,,0,69,,21926,3,,,0,30,,26287,3,,,0,70,,26294,3,,,0,30,,21931,3,,,0,70,,21938,3,0,5 2 8 7,0,30,,21917,3,,,0,70,,21939,3,0,5 2 8 7,0,30,,26288,3,,,0,70,,21941,3,0,5 2 8 7,0,30,,21930,3,,,0,70,,21940,3,0,5 2 8 7,0,25,,21936,3,0,5 2 8 7,0
31019,'1848',631,,31457,3,,,0,70,,31473,3,,,0,30,,31486,3,,,0,70,,31469,3,,,0,30,,31463,3,,,0,70,,31479,3,,,0,30,,31456,3,,,0,70,,31472,3,,,0,30,,31481,3,,,0,70,,31468,3,,,0,30,,31462,3,,,0,70,,31478,3,,,0,30,,31455,3,,,0,70,,31471,3,,,0,30,,31484,3,,,0,70,,31467,3,,,0,30,,31461,3,,,0,70,,31477,3,,,0,30,,31454,3,,,0,70,,31470,3,,,0,30,,31483,3,,,0,70,,31466,3,,,0,30,,31460,3,,,0,70,,31476,3,,,0,30,,31453,3,,,0,70,,31488,3,,,0,30,,31482,3,,,0,70,,31465,3,0,5 2 8 7,0,30,,31459,3,,,0,70,,31475,3,0,5 2 8 7,0,30,,31452,3,,,0,70,,31464,3,0,5 2 8 7,0,30,,31485,3,,,0,70,,31474,3,0,5 2 8 7,0,25,,31458,3,0,5 2 8 7,0
31019,'1849',631,,31489,3,,,0,100,,31490,3,,,0,100,,31491,3,,,0,100,,31492,3,,,0,100,,31493,3,,,0,100,,31494,3,,,0,100,,31495,3,,,0,100,,31496,3,,,0,100,,31497,3,,,0,100,,31498,3,,,0,100,,31499,3,,,0,100,,31500,3,,,0,100,,31501,3,,,0,100,,31502,3,,,0,100,,31503,3,,,0,100,,31504,3,,,0,100,,31505,3,,,0,95,,31507,3,0,5 2 8 7,0
31019,'1850',631,,31508,3,,,0,70,,31523,3,,,0,30,,31536,3,,,0,71,,31519,3,,,0,30,,31516,3,,,0,69,,31530,3,,,0,30,,31511,3,,,0,70,,31524,3,,,0,30,,31535,3,,,0,70,,31522,3,,,0,30,,31517,3,,,0,70,,31529,3,,,0,30,,31510,3,,,0,70,,31525,3,,,0,30,,31534,3,,,0,70,,31520,3,,,0,30,,31514,3,,,0,71,,31528,3,,,0,30,,31512,3,,,0,70,,31526,3,,,0,30,,31533,3,,,0,70,,31521,3,,,0,30,,31515,3,,,0,69,,31527,3,,,0,30,,31509,3,,,0,70,,31544,3,,,0,30,,31532,3,,,0,70,,31539,3,0,5 2 8 7,0,30,,31518,3,,,0,70,,31540,3,0,5 2 8 7,0,30,,31513,3,,,0,70,,31542,3,0,5 2 8 7,0,30,,31531,3,,,0,70,,31541,3,0,5 2 8 7,0,25,,31537,3,0,5 2 8 7,0
31019,'1852',631,,31545,3,,,0,70,,31560,3,,,0,30,,31573,3,,,0,71,,31556,3,,,0,30,,31553,3,,,0,69,,31567,3,,,0,30,,31548,3,,,0,70,,31561,3,,,0,30,,31572,3,,,0,70,,31559,3,,,0,30,,31554,3,,,0,70,,31566,3,,,0,30,,31547,3,,,0,70,,31562,3,,,0,30,,31571,3,,,0,70,,31557,3,,,0,30,,31551,3,,,0,71,,31565,3,,,0,30,,31549,3,,,0,70,,31563,3,,,0,30,,31570,3,,,0,70,,31558,3,,,0,30,,31552,3,,,0,69,,31564,3,,,0,30,,31546,3,,,0,70,,31581,3,,,0,30,,31569,3,,,0,70,,31576,3,0,5 2 8 7,0,30,,31555,3,,,0,70,,31577,3,0,5 2 8 7,0,30,,31550,3,,,0,70,,31579,3,0,5 2 8 7,0,30,,31568,3,,,0,70,,31578,3,0,5 2 8 7,0,25,,31574,3,0,5 2 8 7,0
14000001029,'1800',553,,34784,36,0,18 7,0,1854,,34780,36,,,0,30,,24949,36,,,0,70,,34783,36,,,0,30,,34782,36,,,0,70,,24948,36,,,0,30,,34781,36,,,0
14000001029,'1838',553,,34789,36,0,18 7,0,1854,,34785,36,,,0,30,,24942,36,,,0,70,,34788,36,,,0,30,,34787,36,,,0,70,,24941,36,,,0,30,,34786,36,,,0
14000001029,'1841',453,,24916,36,0,18 7,0,102,,28284,36,0,18 7,0,1852,,28286,36,,,0,100,,28288,36,,,0,30,,28285,36,,,0,100,,28287,36,,,0
14000001029,'1843',2437,,24920,36,,,0,170,,24921,36,,,0
14000001029,'1845',2437,,24925,36,,,0,170,,24929,36,,,0
14000001029,'1847',2437,,24935,36,,,0,170,,24934,36,,,0
14000001029,'1848',553,,34793,36,0,18 7,0,1854,,34794,36,,,0,100,,34790,36,,,0,30,,34791,36,,,0,100,,34792,36,,,0
14000001029,'1849',553,,34799,36,0,18 7,0,1854,,34795,36,,,0,100,,34798,36,,,0,30,,34797,36,,,0,100,,34796,36,,,0
14000001029,'1850',453,,34800,36,0,18 7,0,102,,34801,36,0,18 7,0,1852,,34803,36,,,0,30,,34804,36,,,0,70,,34807,36,,,0,30,,34802,36,,,0,70,,34805,36,,,0,30,,34806,36,,,0
14000001029,'1852',453,,34808,36,0,18 7,0,102,,34809,36,0,18 7,0,1852,,34811,36,,,0,100,,34813,36,,,0,30,,34810,36,,,0,100,,34812,36,,,0
