15029,'1838',736,,36977,52,,,0,98,,45082,52,,,0,101,,36974,52,,,0,100,,36975,52,,,0,102,,45083,52,,,0,100,,36972,52,,,0,100,,36969,52,,,0,102,,45081,52,,,0,100,,36971,52,,,0,99,,36968,52,,,0,99,,45080,52,,,0,99,,36966,52,,,0,100,,36967,52,,,0,100,,45079,52,,,0
15029,'1865',612,,45084,12,,,0,20,,45085,12,,,0,71,,36995,52,,,0,31,,36996,52,,,0,74,,36997,52,,,0,30,,45086,52,,,0,73,,36999,52,,,0,30,,37000,52,,,0,65,,37001,52,,,0,30,,37002,52,,,0,70,,37003,52,,,0,30,,45087,52,,,0,70,,45088,52,,,0,30,,42575,52,,,0,70,,45089,52,,,0,30,,45090,52,,,0,70,,42576,52,,,0,31,,37010,52,,,0,73,,45091,52,,,0,35,,37012,52,,,0,72,,37013,52,,,0,30,,45092,52,,,0,66,,45093,52,,,0,23,,37016,52,,,0,69,,37017,52,,,0,29,,37018,52,,,0,67,,45094,52,,,0,30,,37020,52,,,0,70,,45095,52,,,0,30,,45096,52,,,0,70,,37023,52,,,0,100,,45098,52,,,0,57,,45097,52,,,0
15029,'1866',608,,45099,12,,,0,133,,37029,52,,,0,93,,37030,52,,,0,100,,45100,52,,,0,100,,37032,52,,,0,102,,37033,52,,,0,100,,45101,52,,,0,100,,37035,52,,,0,105,,37036,52,,,0,100,,45102,52,,,0,98,,37038,52,,,0,98,,37039,52,,,0,99,,45103,52,,,0,100,,37026,52,,,0,100,,37027,52,,,0
15029,'1867',736,,37054,52,,,0,98,,45107,52,,,0,101,,37051,52,,,0,100,,37052,52,,,0,102,,45108,52,,,0,100,,37049,52,,,0,100,,37046,52,,,0,102,,45106,52,,,0,100,,37048,52,,,0,99,,37045,52,,,0,99,,45105,52,,,0,99,,37043,52,,,0,100,,37044,52,,,0,100,,45104,52,,,0
15029,'1873',741,,30423,52,,,0,93,,30424,52,,,0,200,,30426,52,,,0,102,,30427,52,,,0,200,,30429,52,,,0,105,,30430,52,,,0,198,,30432,52,,,0,98,,30433,52,,,0,199,,30420,52,,,0,100,,30421,52,,,0
15029,'1878',736,,30448,52,,,0,199,,30445,52,,,0,100,,30446,52,,,0,202,,30443,52,,,0,100,,30440,52,,,0,202,,30442,52,,,0,99,,30439,52,,,0,198,,30437,52,,,0,100,,30438,52,,,0
15029,'1881',612,,30482,12,,,0,20,,36978,12,,,0,206,,36979,52,,,0,298,,36980,52,,,0,70,,36981,52,,,0,100,,36983,52,,,0,30,,36984,52,,,0,174,,36986,52,,,0,137,,36987,52,,,0,66,,36988,52,,,0,188,,30508,52,,,0,100,,36989,52,,,0,30,,42580,52,,,0,170,,36992,52,,,0,57,,36991,52,,,0
15029,'1882',703,,30484,52,,,0,31,,30485,52,,,0,74,,30486,52,,,0,103,,30488,52,,,0,30,,30489,52,,,0,65,,30490,52,,,0,30,,30491,52,,,0,70,,30492,52,,,0,130,,42578,52,,,0,170,,42579,52,,,0,31,,30499,52,,,0,108,,30501,52,,,0,72,,30502,52,,,0,119,,30505,52,,,0,69,,30506,52,,,0,29,,30507,52,,,0,97,,30509,52,,,0,170,,30512,52,,,0
15029,'1886',612,,45109,12,,,0,20,,45110,12,,,0,206,,45111,52,,,0,298,,45112,52,,,0,70,,45113,52,,,0,100,,45114,52,,,0,30,,45115,52,,,0,174,,45116,52,,,0,137,,45117,52,,,0,66,,45118,52,,,0,188,,45119,52,,,0,100,,45120,52,,,0,30,,45121,52,,,0,170,,45123,52,,,0,57,,45122,52,,,0
15029,'1887',608,,45124,12,,,0,326,,45125,52,,,0,302,,45126,52,,,0,305,,45127,52,,,0,295,,45128,52,,,0
15029,'1888',834,,45132,52,,,0,303,,45133,52,,,0,302,,45131,52,,,0,298,,45130,52,,,0,299,,45129,52,,,0
