19019,'1791',1136,,11030,9,,,0,200,,11028,9,,,0,171,,11042,9,,,0,31,,11049,9,,,0
19019,'1794',2150,,11009,9,,,0,100,,10984,9,,,0
19019,'1808',2045,,11082,9,,,0,175,,11080,9,,,0,100,,11078,9,,,0
19019,'1809',622,,14734,9,,,0,112,,14735,9,,,0,100,,14732,9,,,0,70,,14731,9,,,0,30,,14724,9,,,0,70,,14728,9,,,0,31,,14730,9,,,0,70,,14716,9,,,0,30,,14720,9,,,0,70,,14723,9,,,0,30,,14727,9,,,0,70,,14729,9,,,0,30,,14715,9,,,0,70,,14719,9,,,0,31,,14722,9,,,0,71,,14725,9,,,0,30,,14711,9,,,0,70,,14714,9,,,0,30,,14718,9,,,0,69,,14721,9,,,0,29,,14726,9,,,0,70,,14712,9,,,0,30,,14713,9,,,0,70,,14717,9,,,0,30,,14736,9,,,0,70,,14737,9,,,0,45,,14733,9,,,0,100,,11109,9,,,0,100,,11084,9,,,0,84,,14710,9,,,0
19019,'1813',622,,11065,9,,,0,12,,11056,9,,,0,70,,11070,9,,,0,30,,11060,9,,,0,70,,11074,9,,,0,30,,11064,9,,,0,70,,11057,9,,,0,30,,11071,9,,,0,70,,11061,9,,,0,31,,11058,9,,,0,70,,11072,9,,,0,30,,11062,9,,,0,70,,11059,9,,,0,30,,11073,9,,,0,70,,11063,9,,,0,30,,11075,9,,,0,70,,11051,9,,,0,31,,11077,9,,,0,71,,11067,9,,,0,30,,11054,9,,,0,70,,11052,9,,,0,30,,11068,9,,,0,69,,11055,9,,,0,29,,11050,9,,,0,70,,11076,9,,,0,30,,11066,9,,,0,70,,11053,9,,,0,30,,11081,9,,,0,185,,11079,9,,,0,219,,11069,9,,,0
19019,'1814',622,,11008,9,,,0,112,,11010,9,,,0,100,,11006,9,,,0,70,,11005,9,,,0,30,,10998,9,,,0,70,,11002,9,,,0,31,,11004,9,,,0,70,,10990,9,,,0,30,,10994,9,,,0,70,,10997,9,,,0,30,,11001,9,,,0,70,,11003,9,,,0,30,,10989,9,,,0,70,,10993,9,,,0,31,,10996,9,,,0,71,,10999,9,,,0,30,,10985,9,,,0,70,,10988,9,,,0,30,,10992,9,,,0,69,,10995,9,,,0,29,,11000,9,,,0,70,,10986,9,,,0,30,,10987,9,,,0,70,,10991,9,,,0,30,,11011,9,,,0,70,,11012,9,,,0,45,,11007,9,,,0,284,,10983,9,,,0
19019,'1815',835,,14745,9,,,0,71,,14746,9,,,0,29,,14738,9,,,0,70,,14739,9,,,0,30,,14741,9,,,0,70,,14742,9,,,0,101,,14743,9,,,0,30,,14747,9,,,0,70,,14744,9,,,0,100,,14740,9,,,0,30,,14748,9,,,0,400,,14751,9,,,0,70,,14750,9,,,0,30,,14755,9,,,0,100,,14754,9,,,0,99,,14753,9,,,0,99,,14752,9,,,0,99,,14749,9,,,0
19019,'1816',622,,14771,9,,,0,12,,14762,9,,,0,70,,14776,9,,,0,30,,14766,9,,,0,70,,14780,9,,,0,30,,14770,9,,,0,70,,14763,9,,,0,30,,14777,9,,,0,70,,14767,9,,,0,31,,14764,9,,,0,70,,14778,9,,,0,30,,14768,9,,,0,70,,14765,9,,,0,30,,14779,9,,,0,70,,14769,9,,,0,30,,14781,9,,,0,70,,14757,9,,,0,31,,14783,9,,,0,71,,14773,9,,,0,30,,14760,9,,,0,70,,14758,9,,,0,30,,14774,9,,,0,69,,14761,9,,,0,29,,14756,9,,,0,70,,14782,9,,,0,30,,14772,9,,,0,70,,14759,9,,,0,30,,14785,9,,,0,185,,14784,9,,,0,219,,14775,9,,,0
19019,'1817',622,,14810,9,,,0,112,,14811,9,,,0,100,,14808,9,,,0,70,,14807,9,,,0,30,,14800,9,,,0,70,,14804,9,,,0,31,,14806,9,,,0,70,,14792,9,,,0,30,,14796,9,,,0,70,,14799,9,,,0,30,,14803,9,,,0,70,,14805,9,,,0,30,,14791,9,,,0,70,,14795,9,,,0,31,,14798,9,,,0,71,,14801,9,,,0,30,,14787,9,,,0,70,,14790,9,,,0,30,,14794,9,,,0,69,,14797,9,,,0,29,,14802,9,,,0,70,,14788,9,,,0,30,,14789,9,,,0,70,,14793,9,,,0,30,,14812,9,,,0,70,,14813,9,,,0,45,,14809,9,,,0,284,,14786,9,,,0
10019019,'1791',738,,13625,8,,,0,904,,13631,8,,,0
10019019,'1815',612,,16417,8,,,0,26,,16418,8,,,0,70,,16416,8,,,0,100,,16419,8,,,0,804,,16423,8,,,0,100,,16420,8,,,0,30,,16424,8,,,0,67,,16421,8,,,0,210,,16422,8,,,0
