11029,'1838',808,,36544,4,,,0,100,,42479,4,,,0,102,,42480,4,,,0,100,,36547,4,,,0,100,,42481,4,,,0,100,,42482,4,,,0,100,,36550,4,,,0,100,,42483,4,,,0,100,,42484,4,,,0,99,,36553,4,,,0,100,,36554,4,,,0,100,,42485,4,,,0,100,,42486,4,,,0
11029,'1857',708,,29997,4,,,0,101,,29998,4,,,0,200,,30000,4,,,0,100,,36576,4,,,0,100,,36577,4,,,0,100,,36578,4,,,0,99,,36579,4,,,0,200,,36581,4,,,0,100,,36582,4,,,0,101,,36583,4,,,0,100,,30009,4,,,0,200,,29996,4,,,0
11029,'1865',708,,36586,4,,,0,101,,36587,4,,,0,100,,42487,4,,,0,100,,36589,4,,,0,100,,36590,4,,,0,100,,36591,4,,,0,100,,36592,4,,,0,99,,36593,4,,,0,100,,42488,4,,,0,100,,36595,4,,,0,100,,36596,4,,,0,101,,36597,4,,,0,100,,36598,4,,,0,100,,42489,4,,,0,100,,36585,4,,,0
11029,'1866',708,,36615,4,,,0,100,,36602,4,,,0,100,,36603,4,,,0,102,,36604,4,,,0,100,,36605,4,,,0,100,,36606,4,,,0,100,,36607,4,,,0,100,,36608,4,,,0,100,,36609,4,,,0,100,,36610,4,,,0,99,,36611,4,,,0,100,,36612,4,,,0,100,,36613,4,,,0,100,,36614,4,,,0
11029,'1867',808,,36616,4,,,0,100,,42490,4,,,0,102,,42491,4,,,0,100,,36619,4,,,0,100,,42492,4,,,0,100,,42493,4,,,0,100,,36622,4,,,0,100,,42494,4,,,0,100,,42495,4,,,0,99,,36625,4,,,0,100,,36626,4,,,0,100,,42496,4,,,0,100,,42497,4,,,0
11029,'1871',909,,36575,4,,,0,599,,36580,4,,,0,501,,36584,4,,,0
11029,'1873',708,,36566,4,,,0,100,,29953,4,,,0,100,,29954,4,,,0,102,,36558,4,,,0,100,,36559,4,,,0,100,,36560,4,,,0,100,,29958,4,,,0,100,,36561,4,,,0,100,,29960,4,,,0,100,,29961,4,,,0,99,,36562,4,,,0,100,,36563,4,,,0,100,,36564,4,,,0,100,,36565,4,,,0
11029,'1874',908,,36567,4,,,0,102,,36568,4,,,0,200,,36569,4,,,0,100,,36570,4,,,0,200,,36571,4,,,0,100,,36572,4,,,0,299,,36573,4,,,0,100,,36574,4,,,0
11029,'1875',808,,29967,4,,,0,302,,29970,4,,,0,300,,29973,4,,,0,299,,29976,4,,,0,100,,29977,4,,,0
11029,'1876',909,,42498,4,,,0,599,,42499,4,,,0,501,,42500,4,,,0
11029,'1878',908,,42501,4,,,0,102,,42502,4,,,0,200,,42503,4,,,0,100,,42504,4,,,0,200,,42505,4,,,0,100,,42506,4,,,0,299,,42507,4,,,0,100,,42508,4,,,0
