15019,'1800',735,,30284,45,,,0,100,,30282,45,,,0,100,,30285,45,,,0,101,,30283,45,,,0,100,,30280,45,,,0,100,,30278,45,,,0,101,,30281,45,,,0,100,,30279,45,,,0,100,,30276,45,,,0,99,,30277,45,,,0,100,,30274,45,,,0,100,,30275,45,,,0,100,,30273,45,,,0,99,,30286,45,,,0
15019,'1838',735,,36885,45,,,0,100,,36883,45,,,0,100,,36886,45,,,0,101,,36884,45,,,0,100,,36881,45,,,0,100,,36879,45,,,0,101,,36882,45,,,0,100,,36880,45,,,0,100,,36877,45,,,0,99,,36878,45,,,0,100,,36875,45,,,0,100,,36876,45,,,0,100,,36874,45,,,0,99,,36887,45,,,0
15019,'1850',607,,30330,11,0,5 2 6 7,0,94,,30331,45,,,0,30,,30332,45,,,0,76,,30333,45,,,0,30,,30334,45,,,0,65,,30335,45,,,0,30,,30336,45,,,0,70,,30337,45,,,0,30,,30338,45,,,0,70,,30339,45,,,0,30,,30340,45,,,0,70,,30341,45,,,0,30,,30342,45,,,0,70,,30343,45,,,0,30,,30344,45,,,0,70,,30345,45,,,0,31,,30346,45,,,0,72,,30347,45,,,0,30,,30348,45,,,0,70,,30349,45,,,0,30,,30350,45,,,0,69,,30351,45,,,0,29,,30352,45,,,0,68,,30353,45,,,0,30,,30354,45,,,0,70,,30355,45,,,0,30,,30356,45,,,0,70,,30357,45,,,0,100,,30358,45,,,0,58,,30359,45,,,0,100,,30360,45,0,5 2 6 7,0
15019,'1859',735,,30301,45,,,0,100,,30302,45,,,0,100,,30303,45,,,0,101,,30304,45,,,0,100,,30305,45,,,0,100,,30306,45,,,0,102,,30307,45,,,0,100,,30308,45,,,0,100,,30309,45,,,0,98,,30310,45,,,0,100,,30311,45,,,0,100,,30312,45,,,0,100,,30313,45,,,0,99,,30314,45,,,0
15019,'1861',735,,30327,45,,,0,100,,30325,45,,,0,100,,30328,45,,,0,101,,30326,45,,,0,100,,30323,45,,,0,100,,30321,45,,,0,101,,30324,45,,,0,100,,30322,45,,,0,100,,30319,45,,,0,99,,30320,45,,,0,100,,30317,45,,,0,100,,30318,45,,,0,100,,30316,45,,,0,99,,30329,45,,,0
15019,'1862',608,,36888,11,0,5 2 6 7,0
15019,'1864',607,,30361,11,0,5 2 6 7,0,94,,30362,45,,,0,30,,36889,45,,,0,76,,30364,45,,,0,30,,30365,45,,,0,65,,30366,45,,,0,30,,30367,45,,,0,70,,30368,45,,,0,30,,36890,45,,,0,70,,36891,45,,,0,30,,36892,45,,,0,70,,36893,45,,,0,30,,36894,45,,,0,70,,36895,45,,,0,30,,30375,45,,,0,70,,36896,45,,,0,31,,30377,45,,,0,72,,30378,45,,,0,30,,36897,45,,,0,70,,36898,45,,,0,30,,30381,45,,,0,69,,30382,45,,,0,29,,30383,45,,,0,68,,30384,45,,,0,30,,30385,45,,,0,70,,36899,45,,,0,30,,36900,45,,,0,70,,30388,45,,,0,100,,36901,45,,,0,58,,36902,45,,,0,100,,36903,45,0,5 2 6 7,0
15019,'1865',607,,36904,11,0,5 2 6 7,0,94,,36905,45,,,0,30,,36906,45,,,0,76,,36907,45,,,0,30,,36908,45,,,0,65,,36909,45,,,0,30,,36910,45,,,0,70,,36911,45,,,0,30,,36912,45,,,0,70,,36913,45,,,0,30,,36914,45,,,0,70,,36915,45,,,0,30,,36916,45,,,0,70,,36917,45,,,0,30,,36918,45,,,0,70,,36919,45,,,0,31,,36920,45,,,0,72,,36921,45,,,0,30,,36922,45,,,0,70,,36923,45,,,0,30,,36924,45,,,0,69,,36925,45,,,0,29,,36926,45,,,0,68,,36927,45,,,0,30,,36928,45,,,0,70,,36929,45,,,0,30,,36930,45,,,0,70,,36931,45,,,0,100,,36932,45,,,0,58,,36933,45,,,0,100,,36934,45,0,5 2 6 7,0
15019,'1866',608,,36949,11,0,5 2 6 7,0,127,,36935,45,,,0,100,,36936,45,,,0,100,,36937,45,,,0,101,,36938,45,,,0,100,,36939,45,,,0,100,,36940,45,,,0,102,,36941,45,,,0,100,,36942,45,,,0,100,,36943,45,,,0,98,,36944,45,,,0,100,,36945,45,,,0,100,,36946,45,,,0,100,,36947,45,,,0,99,,36948,45,,,0
15019,'1867',735,,36961,45,,,0,100,,36959,45,,,0,100,,36962,45,,,0,101,,36960,45,,,0,100,,36957,45,,,0,100,,36955,45,,,0,101,,36958,45,,,0,100,,36956,45,,,0,100,,36953,45,,,0,99,,36954,45,,,0,100,,36951,45,,,0,100,,36952,45,,,0,100,,36950,45,,,0,99,,36963,45,,,0
