1029,'1796',602,,19297,18,,,0,31,,19298,18,,,0,26,,19318,18,,,0,70,,19294,18,,,0,30,,19289,18,,,0,70,,19322,18,,,0,30,,19292,18,,,0,70,,19299,18,,,0,30,,19317,18,,,0,70,,19296,18,,,0,30,,19288,18,,,0,70,,19321,18,,,0,30,,19293,18,,,0,70,,19300,18,,,0,30,,19316,18,,,0,70,,19295,18,,,0,30,,19290,18,,,0,71,,19319,18,,,0,72,,19291,18,,,0,30,,19301,18,,,0,69,,19315,18,,,0,29,,19304,18,,,0,70,,19303,18,,,0,30,,19302,18,,,0,73,,19308,18,,,0,30,,19307,18,,,0,70,,19306,18,,,0,30,,19305,18,,,0,69,,19320,18,,,0,30,,19314,18,,,0,70,,19313,18,,,0,30,,19312,18,,,0,70,,19311,18,,,0,30,,19310,18,,,0,25,,19309,18,,,0
1029,'1797',604,,19328,18,,,0,28,,19340,18,,,0,70,,19347,18,,,0,30,,19335,18,,,0,70,,19356,18,,,0,30,,19344,18,,,0,70,,19327,18,,,0,31,,19339,18,,,0,70,,19350,18,,,0,30,,19334,18,,,0,70,,19357,18,,,0,30,,19343,18,,,0,70,,19326,18,,,0,30,,19338,18,,,0,70,,19349,18,,,0,30,,19333,18,,,0,70,,19329,18,,,0,30,,19342,18,,,0,70,,19325,18,,,0,30,,19337,18,,,0,69,,19345,18,,,0,30,,19332,18,,,0,70,,19354,18,,,0,30,,19341,18,,,0,70,,19324,18,,,0,30,,19336,18,,,0,70,,19348,18,,,0,30,,19330,18,,,0,70,,19352,18,,,0,30,,19351,18,,,0,70,,19323,18,,,0,30,,19331,18,,,0,69,,19346,18,,,0,30,,19355,18,,,0,70,,19353,18,,,0
1029,'1798',604,,19358,18,,,0,98,,19359,18,,,0,100,,19360,18,,,0,100,,19361,18,,,0,101,,19362,18,,,0,100,,19363,18,,,0,100,,19364,18,,,0,100,,19365,18,,,0,100,,19366,18,,,0,100,,19367,18,,,0,99,,19368,18,,,0,100,,19369,18,,,0,100,,19370,18,,,0,100,,19371,18,,,0,100,,19372,18,,,0,100,,19373,18,,,0,99,,19374,18,,,0,100,,19375,18,,,0
1029,'1799',604,,19376,18,,,0,98,,19377,18,,,0,100,,19378,18,,,0,100,,19379,18,,,0,101,,19380,18,,,0,100,,19381,18,,,0,100,,19382,18,,,0,100,,19383,18,,,0,100,,19384,18,,,0,100,,19385,18,,,0,99,,19386,18,,,0,100,,19387,18,,,0,100,,19388,18,,,0,100,,19389,18,,,0,100,,19390,18,,,0,100,,19391,18,,,0,99,,19392,18,,,0,100,,19393,18,,,0
1029,'1800',604,,19394,18,,,0,98,,19395,18,,,0,100,,19396,18,,,0,100,,19397,18,,,0,101,,19398,18,,,0,100,,19399,18,,,0,100,,19400,18,,,0,100,,19401,18,,,0,100,,19402,18,,,0,100,,19403,18,,,0,99,,19404,18,,,0,100,,19405,18,,,0,100,,19406,18,,,0,100,,19407,18,,,0,100,,19408,18,,,0,100,,19409,18,,,0,99,,19410,18,,,0,100,,19411,18,,,0
1029,'1817',604,,16625,18,,,0,98,,16626,18,,,0,100,,16627,18,,,0,100,,16628,18,,,0,101,,16629,18,,,0,100,,16630,18,,,0,100,,16631,18,,,0,100,,16632,18,,,0,100,,16633,18,,,0,100,,16634,18,,,0,99,,16635,18,,,0,100,,16636,18,,,0,100,,16637,18,,,0,100,,16638,18,,,0,100,,16639,18,,,0,100,,16640,18,,,0,99,,16641,18,,,0,100,,16642,18,,,0
1029,'1824',604,,16682,18,,,0,28,,16694,18,,,0,70,,16701,18,,,0,30,,16689,18,,,0,70,,16710,18,,,0,30,,16698,18,,,0,70,,16681,18,,,0,31,,16693,18,,,0,70,,16704,18,,,0,30,,16688,18,,,0,70,,16711,18,,,0,30,,16697,18,,,0,70,,16680,18,,,0,30,,16692,18,,,0,70,,16703,18,,,0,30,,16687,18,,,0,70,,16683,18,,,0,30,,16696,18,,,0,70,,16679,18,,,0,30,,16691,18,,,0,69,,16699,18,,,0,30,,16686,18,,,0,70,,16708,18,,,0,30,,16695,18,,,0,70,,16678,18,,,0,30,,16690,18,,,0,70,,16702,18,,,0,30,,16684,18,,,0,70,,16706,18,,,0,30,,16705,18,,,0,70,,16677,18,,,0,30,,16685,18,,,0,69,,16700,18,,,0,30,,16709,18,,,0,70,,16707,18,,,0
22019,'1796',553,,21710,4,0,19 2 24 1 25 26,0,66,,21712,4,0,19 2 24 1 25 26,0,27,,21681,4,0,19 2 24 1 25 26,0,70,,21682,4,0,19 2 24 1 25 26,0,32,,21683,4,,,0,70,,21684,4,,,0,30,,21685,4,,,0,69,,21686,4,,,0,30,,21687,4,,,0,70,,21688,4,,,0,30,,21689,4,,,0,70,,21690,4,,,0,30,,21691,4,,,0,70,,21692,4,,,0,30,,21693,4,,,0,71,,21694,4,,,0,30,,21695,4,,,0,70,,21696,4,,,0,32,,21697,4,,,0,70,,21698,4,,,0,28,,21711,4,,,0,70,,21699,4,,,0,30,,21700,4,,,0,69,,21701,4,,,0,30,,21702,4,,,0,69,,21703,4,,,0,30,,21704,4,,,0,70,,21705,4,,,0,30,,21706,4,,,0,68,,21707,4,,,0,30,,21708,4,,,0,69,,21709,4,0,19 2 24 1 25 26,0
22019,'1797',617,,21732,4,0,19 2 24 1 25 26,0,24,,21737,4,0,19 2 24 1 25 26,0,70,,21733,4,0,19 2 24 1 25 26,0,30,,21738,4,0,19 2 24 1 25 26,0,70,,21734,4,0,19 2 24 1 25 26,0,32,,21713,4,,,0,72,,21714,4,,,0,30,,21715,4,,,0,70,,21716,4,,,0,30,,21717,4,,,0,70,,21718,4,,,0,30,,21719,4,,,0,70,,21720,4,,,0,31,,21721,4,,,0,70,,21722,4,,,0,30,,21723,4,,,0,70,,21724,4,,,0,31,,21725,4,,,0,70,,21726,4,,,0,30,,21727,4,,,0,70,,21728,4,,,0,29,,21729,4,,,0,70,,21730,4,,,0,28,,21739,4,0,19 2 24 1 25 26,0,70,,21735,4,0,19 2 24 1 25 26,0,30,,21740,4,0,19 2 24 1 25 26,0,69,,21731,4,0,19 2 24 1 25 26,0,30,,21741,4,0,19 2 24 1 25 26,0,69,,21736,4,0,19 2 24 1 25 26,0,30,,21742,4,0,19 2 24 1 25 26,0,70,,21743,4,0,19 2 24 1 25 26,0
22019,'1798',645,,21753,4,0,19 2 24 1 25 26,0,94,,21754,4,0,19 2 24 1 25 26,0,101,,21751,4,,,0,100,,21752,4,,,0,100,,21745,4,,,0,100,,21750,4,,,0,100,,21746,4,,,0,100,,21747,4,,,0,100,,21744,4,,,0,100,,21748,4,,,0,100,,21749,4,,,0,99,,21755,4,0,19 2 24 1 25 26,0,100,,21756,4,0,19 2 24 1 25 26,0,100,,21757,4,0,19 2 24 1 25 26,0,108,,21758,4,0,19 2 24 1 25 26,0
22019,'1799',645,,21768,4,0,19 2 24 1 25 26,0,94,,21769,4,0,19 2 24 1 25 26,0,101,,21766,4,,,0,100,,21767,4,,,0,100,,21760,4,,,0,100,,21765,4,,,0,100,,21761,4,,,0,100,,21762,4,,,0,100,,21759,4,,,0,100,,21763,4,,,0,100,,21764,4,,,0,99,,21770,4,0,19 2 24 1 25 26,0,100,,21771,4,0,19 2 24 1 25 26,0,100,,21772,4,0,19 2 24 1 25 26,0,108,,21773,4,0,19 2 24 1 25 26,0
22019,'1800',645,,21783,4,0,19 2 24 1 25 26,0,94,,21784,4,0,19 2 24 1 25 26,0,101,,21781,4,,,0,100,,21782,4,,,0,100,,21775,4,,,0,100,,21780,4,,,0,100,,21776,4,,,0,100,,21777,4,,,0,100,,21774,4,,,0,100,,21778,4,,,0,100,,21779,4,,,0,99,,21785,4,0,19 2 24 1 25 26,0,100,,21786,4,0,19 2 24 1 25 26,0,100,,21787,4,0,19 2 24 1 25 26,0,108,,21788,4,0,19 2 24 1 25 26,0
22019,'1816',617,,11255,4,0,19 2 24 1 25 26,0,24,,11259,4,0,19 2 24 1 25 26,0,70,,11343,4,0,19 2 24 1 25 26,0,30,,11260,4,0,19 2 24 1 25 26,0,70,,11256,4,0,19 2 24 1 25 26,0,32,,11336,4,,,0,72,,11243,4,,,0,30,,11244,4,,,0,70,,11337,4,,,0,30,,11245,4,,,0,70,,11246,4,,,0,30,,11338,4,,,0,70,,11247,4,,,0,31,,11248,4,,,0,70,,11339,4,,,0,30,,11249,4,,,0,70,,11250,4,,,0,31,,11340,4,,,0,70,,11251,4,,,0,30,,11252,4,,,0,70,,11341,4,,,0,29,,11253,4,,,0,70,,11254,4,,,0,28,,11344,4,0,19 2 24 1 25 26,0,70,,11257,4,0,19 2 24 1 25 26,0,30,,11261,4,0,19 2 24 1 25 26,0,69,,11342,4,0,19 2 24 1 25 26,0,30,,11262,4,0,19 2 24 1 25 26,0,69,,11258,4,0,19 2 24 1 25 26,0,30,,11345,4,0,19 2 24 1 25 26,0,70,,11263,4,0,19 2 24 1 25 26,0
22019,'1817',645,,17730,4,0,19 2 24 1 25 26,0,94,,17731,4,0,19 2 24 1 25 26,0,101,,17728,4,,,0,100,,17729,4,,,0,100,,17722,4,,,0,100,,17727,4,,,0,100,,17723,4,,,0,100,,17724,4,,,0,100,,17721,4,,,0,100,,17725,4,,,0,100,,17726,4,,,0,99,,11276,4,0,19 2 24 1 25 26,0,100,,17732,4,0,19 2 24 1 25 26,0,100,,11278,4,0,19 2 24 1 25 26,0,108,,17733,4,0,19 2 24 1 25 26,0
