11029,'1838',815,,36544,10,,,0,100,,42479,10,,,0,104,,42480,10,,,0,100,,36547,10,,,0,100,,42481,10,,,0,100,,42482,10,,,0,100,,36550,10,,,0,100,,42483,10,,,0,100,,42484,10,,,0,98,,36553,10,,,0,100,,36554,10,,,0,99,,42485,10,,,0,100,,42486,10,,,0
11029,'1857',617,,30011,3,,,0,98,,29997,10,,,0,101,,29998,10,,,0,201,,30000,10,,,0,100,,36576,10,,,0,100,,36577,10,,,0,100,,36578,10,,,0,100,,36579,10,,,0,200,,36581,10,,,0,100,,36582,10,,,0,100,,36583,10,,,0,100,,30009,10,,,0,200,,29996,10,,,0
11029,'1865',617,,36600,3,,,0,98,,36586,10,,,0,101,,36587,10,,,0,100,,42487,10,,,0,101,,36589,10,,,0,100,,36590,10,,,0,100,,36591,10,,,0,100,,36592,10,,,0,100,,36593,10,,,0,100,,42488,10,,,0,100,,36595,10,,,0,100,,36596,10,,,0,100,,36597,10,,,0,100,,36598,10,,,0,100,,42489,10,,,0,100,,36585,10,,,0
11029,'1866',617,,36601,3,,,0,98,,36615,10,,,0,100,,36602,10,,,0,100,,36603,10,,,0,104,,36604,10,,,0,100,,36605,10,,,0,100,,36606,10,,,0,100,,36607,10,,,0,100,,36608,10,,,0,100,,36609,10,,,0,100,,36610,10,,,0,98,,36611,10,,,0,100,,36612,10,,,0,99,,36613,10,,,0,100,,36614,10,,,0
11029,'1867',815,,36616,10,,,0,100,,42490,10,,,0,104,,42491,10,,,0,100,,36619,10,,,0,100,,42492,10,,,0,100,,42493,10,,,0,100,,36622,10,,,0,100,,42494,10,,,0,100,,42495,10,,,0,98,,36625,10,,,0,100,,36626,10,,,0,99,,42496,10,,,0,100,,42497,10,,,0
11029,'1871',916,,36575,10,,,0,601,,36580,10,,,0,500,,36584,10,,,0
11029,'1873',617,,36557,3,,,0,98,,36566,10,,,0,100,,29953,10,,,0,100,,29954,10,,,0,104,,36558,10,,,0,100,,36559,10,,,0,100,,36560,10,,,0,100,,29958,10,,,0,100,,36561,10,,,0,100,,29960,10,,,0,100,,29961,10,,,0,98,,36562,10,,,0,100,,36563,10,,,0,99,,36564,10,,,0,100,,36565,10,,,0
11029,'1874',915,,36567,10,,,0,104,,36568,10,,,0,200,,36569,10,,,0,100,,36570,10,,,0,200,,36571,10,,,0,100,,36572,10,,,0,297,,36573,10,,,0,100,,36574,10,,,0
11029,'1875',815,,29967,10,,,0,304,,29970,10,,,0,300,,29973,10,,,0,298,,29976,10,,,0,100,,29977,10,,,0
11029,'1876',916,,42498,10,,,0,601,,42499,10,,,0,500,,42500,10,,,0
11029,'1878',915,,42501,10,,,0,104,,42502,10,,,0,200,,42503,10,,,0,100,,42504,10,,,0,200,,42505,10,,,0,100,,42506,10,,,0,297,,42507,10,,,0,100,,42508,10,,,0
