11019,'1800',923,,29840,30,,,0,100,,36443,30,,,0,103,,36444,30,,,0,103,,29843,30,,,0,100,,36445,30,,,0,100,,36446,30,,,0,100,,29846,30,,,0,98,,36447,30,,,0,100,,36448,30,,,0,97,,29849,30,,,0,98,,29850,30,,,0,100,,36449,30,,,0
11019,'1838',923,,36451,30,,,0,100,,36452,30,,,0,103,,36453,30,,,0,103,,36454,30,,,0,100,,36455,30,,,0,100,,36456,30,,,0,100,,36457,30,,,0,98,,36458,30,,,0,100,,36459,30,,,0,97,,36460,30,,,0,98,,36461,30,,,0,100,,36462,30,,,0
11019,'1850',723,,29894,30,,,0,102,,29895,30,,,0,100,,29896,30,,,0,100,,29897,30,,,0,100,,29898,30,,,0,101,,29899,30,,,0,100,,29900,30,,,0,100,,29901,30,,,0,100,,29902,30,,,0,100,,29903,30,,,0,100,,29904,30,,,0,97,,29905,30,,,0,100,,29906,30,,,0,100,,29907,30,,,0,98,,29908,30,,,0
11019,'1859',923,,29870,30,,,0,100,,29871,30,,,0,406,,29875,30,,,0,198,,29877,30,,,0,100,,29878,30,,,0
11019,'1861',923,,29881,30,,,0,306,,29884,30,,,0,300,,29887,30,,,0,295,,29890,30,,,0,98,,29891,30,,,0
11019,'1862',722,,36466,30,,,0,100,,36467,30,,,0,301,,36468,30,,,0,106,,36469,30,,,0,100,,36470,30,,,0,200,,36471,30,,,0,295,,36472,30,,,0,98,,36464,30,,,0,100,,36465,30,,,0
11019,'1863',1023,,36474,30,,,0,103,,36475,30,,,0,203,,36476,30,,,0,100,,36477,30,,,0,198,,36478,30,,,0,100,,36479,30,,,0,295,,36480,30,,,0
11019,'1864',723,,29910,30,,,0,102,,29911,30,,,0,100,,29912,30,,,0,100,,36482,30,,,0,100,,29914,30,,,0,101,,36483,30,,,0,100,,36484,30,,,0,100,,36485,30,,,0,100,,36486,30,,,0,100,,36487,30,,,0,100,,36488,30,,,0,97,,36489,30,,,0,100,,36490,30,,,0,100,,29923,30,,,0,98,,36491,30,,,0
11019,'1865',723,,36492,30,,,0,102,,36493,30,,,0,100,,36494,30,,,0,100,,36495,30,,,0,100,,36496,30,,,0,101,,36497,30,,,0,100,,36498,30,,,0,100,,36499,30,,,0,100,,36500,30,,,0,100,,36501,30,,,0,100,,36502,30,,,0,97,,36503,30,,,0,100,,36504,30,,,0,100,,36505,30,,,0,98,,36506,30,,,0
11019,'1866',722,,36510,30,,,0,100,,36511,30,,,0,101,,36512,30,,,0,100,,36513,30,,,0,100,,36514,30,,,0,106,,36515,30,,,0,100,,36516,30,,,0,100,,36517,30,,,0,100,,36518,30,,,0,98,,36519,30,,,0,100,,36520,30,,,0,97,,36521,30,,,0,98,,36508,30,,,0,100,,36509,30,,,0
11019,'1867',923,,36523,30,,,0,100,,36524,30,,,0,103,,36525,30,,,0,103,,36526,30,,,0,100,,36527,30,,,0,100,,36528,30,,,0,100,,36529,30,,,0,98,,36530,30,,,0,100,,36531,30,,,0,97,,36532,30,,,0,98,,36533,30,,,0,100,,36534,30,,,0
14019,'1800',659,,30160,26,,,0,100,,30161,26,,,0,142,,36755,26,,,0,100,,36756,26,,,0,100,,30151,26,,,0,101,,36757,26,,,0,100,,36758,26,,,0,101,,30154,26,,,0,100,,36759,26,,,0,100,,36760,26,,,0,98,,30157,26,,,0,100,,30158,26,,,0,100,,36761,26,,,0,58,,36754,26,,,0,95,,30147,26,,,0
14019,'1838',659,,36775,26,,,0,100,,36776,26,,,0,142,,36764,26,,,0,100,,36765,26,,,0,100,,36766,26,,,0,101,,36767,26,,,0,100,,36768,26,,,0,101,,36769,26,,,0,100,,36770,26,,,0,100,,36771,26,,,0,98,,36772,26,,,0,100,,36773,26,,,0,100,,36774,26,,,0,58,,36763,26,,,0,95,,36762,26,,,0
14019,'1850',534,,30239,26,,,0,100,,30238,26,,,0,80,,30209,26,,,0,30,,30222,26,,,0,69,,30210,26,,,0,23,,30223,26,,,0,70,,30211,26,,,0,30,,30224,26,,,0,70,,30212,26,,,0,30,,30225,26,,,0,70,,30213,26,,,0,30,,30226,26,,,0,70,,30214,26,,,0,30,,30227,26,,,0,70,,30215,26,,,0,30,,30228,26,,,0,70,,30216,26,,,0,30,,30229,26,,,0,71,,30217,26,,,0,32,,30230,26,,,0,80,,30218,26,,,0,30,,30231,26,,,0,68,,30219,26,,,0,30,,30232,26,,,0,70,,30220,26,,,0,19,,30233,26,,,0,70,,30221,26,,,0,30,,30234,26,,,0,70,,30240,26,,,0,29,,30235,26,,,0,92,,30236,26,,,0,100,,30237,26,,,0
14019,'1859',759,,30178,26,,,0,142,,30179,26,,,0,401,,30183,26,,,0,201,,30185,26,,,0,100,,30186,26,,,0,456,,30191,26,,,0,95,,30192,26,,,0
14019,'1861',659,,30207,26,,,0,100,,30208,26,,,0,342,,30198,26,,,0,302,,30201,26,,,0,298,,30204,26,,,0,100,,30205,26,,,0,253,,30194,26,,,0
14019,'1862',659,,36777,26,,,0,342,,36778,26,,,0,100,,36779,26,,,0,101,,36780,26,,,0,201,,36781,26,,,0,298,,36782,26,,,0,100,,36783,26,,,0,100,,36784,26,,,0,58,,36785,26,,,0,295,,36786,26,,,0
14019,'1863',901,,36788,26,,,0,100,,36789,26,,,0,201,,36790,26,,,0,100,,36791,26,,,0,201,,36792,26,,,0,100,,36793,26,,,0,298,,36794,26,,,0,58,,36787,26,,,0
14019,'1864',534,,30271,26,,,0,100,,30270,26,,,0,80,,30241,26,,,0,30,,30254,26,,,0,69,,30242,26,,,0,23,,30255,26,,,0,70,,30243,26,,,0,30,,30256,26,,,0,70,,30244,26,,,0,30,,36801,26,,,0,70,,36795,26,,,0,30,,36802,26,,,0,70,,30246,26,,,0,30,,30259,26,,,0,70,,30247,26,,,0,30,,36803,26,,,0,70,,36796,26,,,0,30,,36804,26,,,0,71,,36797,26,,,0,32,,36805,26,,,0,80,,36798,26,,,0,30,,30263,26,,,0,68,,36799,26,,,0,30,,36806,26,,,0,70,,30252,26,,,0,19,,36807,26,,,0,70,,36800,26,,,0,30,,30266,26,,,0,70,,36809,26,,,0,29,,36808,26,,,0,92,,30268,26,,,0,100,,30269,26,,,0
14019,'1865',534,,36840,26,,,0,100,,36839,26,,,0,80,,36810,26,,,0,30,,36823,26,,,0,69,,36811,26,,,0,23,,36824,26,,,0,70,,36812,26,,,0,30,,36825,26,,,0,70,,36813,26,,,0,30,,36826,26,,,0,70,,36814,26,,,0,30,,36827,26,,,0,70,,36815,26,,,0,30,,36828,26,,,0,70,,36816,26,,,0,30,,36829,26,,,0,70,,36817,26,,,0,30,,36830,26,,,0,71,,36818,26,,,0,32,,36831,26,,,0,80,,36819,26,,,0,30,,36832,26,,,0,68,,36820,26,,,0,30,,36833,26,,,0,70,,36821,26,,,0,19,,36834,26,,,0,70,,36822,26,,,0,30,,36835,26,,,0,70,,36841,26,,,0,29,,36836,26,,,0,92,,36837,26,,,0,100,,36838,26,,,0
14019,'1866',659,,36842,26,,,0,100,,36843,26,,,0,142,,36844,26,,,0,100,,36845,26,,,0,100,,36846,26,,,0,101,,36847,26,,,0,100,,36848,26,,,0,101,,36849,26,,,0,100,,36850,26,,,0,100,,36851,26,,,0,98,,36852,26,,,0,100,,36853,26,,,0,100,,36854,26,,,0,58,,36855,26,,,0,100,,36856,26,,,0,95,,36857,26,,,0,100,,36858,26,,,0
14019,'1867',659,,36872,26,,,0,100,,36873,26,,,0,142,,36861,26,,,0,100,,36862,26,,,0,100,,36863,26,,,0,101,,36864,26,,,0,100,,36865,26,,,0,101,,36866,26,,,0,100,,36867,26,,,0,100,,36868,26,,,0,98,,36869,26,,,0,100,,36870,26,,,0,100,,36871,26,,,0,58,,36860,26,,,0,95,,36859,26,,,0
