15029,'1838',747,,36977,70,,,0,98,,45082,70,,,0,101,,36974,70,,,0,100,,36975,70,,,0,103,,45083,70,,,0,100,,36972,70,,,0,100,,36969,70,,,0,102,,45081,70,,,0,100,,36971,70,,,0,98,,36968,70,,,0,99,,45080,70,,,0,99,,36966,70,,,0,99,,36967,70,,,0,100,,45079,70,,,0
15029,'1865',624,,45084,30,,,0,20,,45085,30,,,0,71,,36995,70,,,0,32,,36996,70,,,0,74,,36997,70,,,0,30,,45086,70,,,0,73,,36999,70,,,0,30,,37000,70,,,0,65,,37001,70,,,0,30,,37002,70,,,0,70,,37003,70,,,0,30,,45087,70,,,0,70,,45088,70,,,0,30,,42575,70,,,0,70,,45089,70,,,0,30,,45090,70,,,0,70,,42576,70,,,0,33,,37010,70,,,0,73,,45091,70,,,0,75,,37012,70,,,0,32,,37013,70,,,0,68,,45092,70,,,0,25,,45093,70,,,0,23,,37016,70,,,0,69,,37017,70,,,0,29,,37018,70,,,0,67,,45094,70,,,0,30,,37020,70,,,0,70,,45095,70,,,0,30,,45096,70,,,0,70,,37023,70,,,0,98,,45098,70,,,0,97,,45097,70,,,0
15029,'1866',619,,45099,30,,,0,133,,37029,70,,,0,93,,37030,70,,,0,100,,45100,70,,,0,100,,37032,70,,,0,102,,37033,70,,,0,100,,45101,70,,,0,100,,37035,70,,,0,106,,37036,70,,,0,100,,45102,70,,,0,97,,37038,70,,,0,98,,37039,70,,,0,99,,45103,70,,,0,99,,37026,70,,,0,100,,37027,70,,,0
15029,'1867',747,,37054,70,,,0,98,,45107,70,,,0,101,,37051,70,,,0,100,,37052,70,,,0,103,,45108,70,,,0,100,,37049,70,,,0,100,,37046,70,,,0,102,,45106,70,,,0,100,,37048,70,,,0,98,,37045,70,,,0,99,,45105,70,,,0,99,,37043,70,,,0,99,,37044,70,,,0,100,,45104,70,,,0
15029,'1873',752,,30423,70,,,0,93,,30424,70,,,0,200,,30426,70,,,0,102,,30427,70,,,0,200,,30429,70,,,0,106,,30430,70,,,0,197,,30432,70,,,0,98,,30433,70,,,0,198,,30420,70,,,0,100,,30421,70,,,0
15029,'1878',747,,30448,70,,,0,199,,30445,70,,,0,100,,30446,70,,,0,203,,30443,70,,,0,100,,30440,70,,,0,202,,30442,70,,,0,98,,30439,70,,,0,198,,30437,70,,,0,99,,30438,70,,,0
15029,'1881',624,,30482,30,,,0,20,,36978,30,,,0,207,,36979,70,,,0,298,,36980,70,,,0,70,,36981,70,,,0,100,,36983,70,,,0,30,,36984,70,,,0,176,,36986,70,,,0,175,,36987,70,,,0,25,,36988,70,,,0,188,,30508,70,,,0,100,,36989,70,,,0,30,,42580,70,,,0,168,,36992,70,,,0,97,,36991,70,,,0
15029,'1882',715,,30484,70,,,0,32,,30485,70,,,0,74,,30486,70,,,0,103,,30488,70,,,0,30,,30489,70,,,0,65,,30490,70,,,0,30,,30491,70,,,0,70,,30492,70,,,0,130,,42578,70,,,0,170,,42579,70,,,0,33,,30499,70,,,0,148,,30501,70,,,0,32,,30502,70,,,0,116,,30505,70,,,0,69,,30506,70,,,0,29,,30507,70,,,0,97,,30509,70,,,0,170,,30512,70,,,0
15029,'1886',624,,45109,30,,,0,20,,45110,30,,,0,207,,45111,70,,,0,298,,45112,70,,,0,70,,45113,70,,,0,100,,45114,70,,,0,30,,45115,70,,,0,176,,45116,70,,,0,175,,45117,70,,,0,25,,45118,70,,,0,188,,45119,70,,,0,100,,45120,70,,,0,30,,45121,70,,,0,168,,45123,70,,,0,97,,45122,70,,,0
15029,'1887',619,,45124,30,,,0,326,,45125,70,,,0,302,,45126,70,,,0,306,,45127,70,,,0,294,,45128,70,,,0
15029,'1888',845,,45132,70,,,0,304,,45133,70,,,0,302,,45131,70,,,0,297,,45130,70,,,0,298,,45129,70,,,0
