1019,'1799',617,,19252,21,,,0,100,,19253,21,,,0,101,,19254,21,,,0,100,,19255,21,,,0,100,,19256,21,,,0,101,,19257,21,,,0,100,,19258,21,,,0,100,,19259,21,,,0,100,,19260,21,,,0,100,,19261,21,,,0,100,,19262,21,,,0,100,,19263,21,,,0,100,,19264,21,,,0,99,,19265,21,,,0,100,,19266,21,,,0,100,,19267,21,,,0,104,,19268,21,,,0,95,,19269,21,,,0
1019,'1800',617,,19270,21,,,0,100,,19271,21,,,0,101,,19272,21,,,0,100,,19273,21,,,0,100,,19274,21,,,0,101,,19275,21,,,0,100,,19276,21,,,0,100,,19277,21,,,0,100,,19278,21,,,0,100,,19279,21,,,0,100,,19280,21,,,0,100,,19281,21,,,0,100,,19282,21,,,0,99,,19283,21,,,0,100,,19284,21,,,0,100,,19285,21,,,0,104,,19286,21,,,0,95,,19287,21,,,0
1019,'1829',548,,19171,21,,,0,70,,19194,21,,,0,30,,19169,21,,,0,101,,19183,21,,,0,71,,19166,21,,,0,100,,19197,21,,,0,30,,19168,21,,,0,70,,19162,21,,,0,31,,19182,21,,,0,70,,19167,21,,,0,30,,19173,21,,,0,70,,19193,21,,,0,30,,19170,21,,,0,100,,19195,21,,,0,70,,19165,21,,,0,129,,19185,21,,,0,70,,19177,21,,,0,30,,19175,21,,,0,70,,19178,21,,,0,30,,19180,21,,,0,70,,19179,21,,,0,29,,19176,21,,,0,70,,19196,21,,,0,30,,19190,21,,,0,100,,19189,21,,,0,69,,19188,21,,,0,34,,19187,21,,,0,70,,19186,21,,,0,30,,19184,21,,,0
1019,'1831',547,,19209,21,,,0,70,,19223,21,,,0,30,,19208,21,,,0,70,,19228,21,,,0,31,,19218,21,,,0,70,,19202,21,,,0,30,,19224,21,,,0,70,,19226,21,,,0,30,,19207,21,,,0,70,,19229,21,,,0,31,,19217,21,,,0,70,,19201,21,,,0,30,,19212,21,,,0,70,,19222,21,,,0,30,,19206,21,,,0,70,,19230,21,,,0,30,,19216,21,,,0,70,,19200,21,,,0,30,,19211,21,,,0,70,,19221,21,,,0,30,,19205,21,,,0,70,,19231,21,,,0,30,,19215,21,,,0,70,,19199,21,,,0,30,,19210,21,,,0,70,,19220,21,,,0,30,,19203,21,,,0,69,,19232,21,,,0,30,,19213,21,,,0,70,,19198,21,,,0,30,,19204,21,,,0,70,,19219,21,,,0,34,,19214,21,,,0,70,,19233,21,,,0,30,,19227,21,,,0,65,,19225,21,,,0
1019,'1833',617,,19234,21,,,0,100,,19235,21,,,0,101,,19236,21,,,0,100,,19237,21,,,0,100,,19238,21,,,0,101,,19239,21,,,0,100,,19240,21,,,0,100,,19241,21,,,0,100,,19242,21,,,0,100,,19243,21,,,0,100,,19244,21,,,0,100,,19245,21,,,0,100,,19246,21,,,0,99,,19247,21,,,0,100,,19248,21,,,0,100,,19249,21,,,0,104,,19250,21,,,0,95,,19251,21,,,0
1019,'1835',718,,24953,21,,,0,132,,24954,21,,,0,471,,24952,21,,,0,130,,24955,21,,,0,70,,24958,21,,,0,498,,24957,21,,,0,298,,24956,21,,,0
32019,'1799',634,,22132,21,,,0,95,,22133,21,,,0,100,,22134,21,,,0,100,,22135,21,,,0,101,,22136,21,,,0,101,,22137,21,,,0,100,,22138,21,,,0,100,,22139,21,,,0,100,,22140,21,,,0,100,,22141,21,,,0,100,,22142,21,,,0,100,,22143,21,,,0,100,,22144,21,,,0,100,,22145,21,,,0,100,,22146,21,,,0,99,,22147,21,,,0,100,,22148,21,,,0,95,,22150,21,0,5 2 8 7,0
32019,'1800',634,,22151,21,,,0,95,,22152,21,,,0,100,,22153,21,,,0,100,,22154,21,,,0,101,,22155,21,,,0,101,,22156,21,,,0,100,,22157,21,,,0,100,,22158,21,,,0,100,,22159,21,,,0,100,,22160,21,,,0,100,,22161,21,,,0,100,,22162,21,,,0,100,,22163,21,,,0,100,,22164,21,,,0,100,,22165,21,,,0,99,,22166,21,,,0,100,,22167,21,,,0,95,,22169,21,0,5 2 8 7,0
32019,'1829',701,,22062,21,,,0,32,,22041,21,,,0,100,,22067,21,,,0,69,,22051,21,,,0,30,,22049,21,,,0,70,,22061,21,,,0,30,,22039,21,,,0,70,,22055,21,,,0,30,,22066,21,,,0,70,,22053,21,,,0,100,,22060,21,,,0,30,,22042,21,,,0,170,,22052,21,,,0,31,,22045,21,,,0,70,,22059,21,,,0,31,,22038,21,,,0,70,,22056,21,,,0,29,,22064,21,,,0,69,,22050,21,,,0,30,,22047,21,,,0,70,,22058,21,,,0,129,,22063,21,,,0,99,,22044,21,,,0,195,,22073,21,0,5 2 8 7,0
32019,'1831',634,,22087,21,,,0,25,,22104,21,,,0,70,,22081,21,,,0,30,,22098,21,,,0,70,,22105,21,,,0,30,,22093,21,,,0,70,,22086,21,,,0,71,,22103,21,,,0,30,,22080,21,,,0,70,,22097,21,,,0,31,,22108,21,,,0,70,,22092,21,,,0,30,,22085,21,,,0,70,,22102,21,,,0,30,,22079,21,,,0,70,,22096,21,,,0,30,,22107,21,,,0,70,,22091,21,,,0,30,,22084,21,,,0,70,,22101,21,,,0,30,,22078,21,,,0,70,,22095,21,,,0,30,,22109,21,,,0,70,,22090,21,,,0,30,,22083,21,,,0,70,,22099,21,,,0,30,,22077,21,,,0,100,,22106,21,,,0,99,,22082,21,,,0,100,,22076,21,,,0,100,,22110,21,0,5 2 8 7,0
32019,'1833',634,,22113,21,,,0,95,,22114,21,,,0,100,,22115,21,,,0,100,,22116,21,,,0,101,,22117,21,,,0,101,,22118,21,,,0,100,,22119,21,,,0,100,,22120,21,,,0,100,,22121,21,,,0,100,,22122,21,,,0,100,,22123,21,,,0,100,,22124,21,,,0,100,,22125,21,,,0,100,,22126,21,,,0,100,,22127,21,,,0,99,,22128,21,,,0,100,,22129,21,,,0,95,,22131,21,0,5 2 8 7,0
32019,'1835',635,,26297,21,,,0,168,,26300,21,,,0,429,,26298,21,,,0,170,,26299,21,,,0,30,,26301,21,,,0,499,,26296,21,,,0,299,,26295,21,,,0
