4029,'1800',719,,28887,3,,,0,30,,28889,3,,,0,70,,28885,3,,,0,30,,28888,3,,,0,70,,28886,3,,,0,30,,28878,3,,,0,68,,28881,3,,,0,30,,28866,3,,,0,70,,28871,3,,,0,30,,28874,3,,,0,69,,28877,3,,,0,30,,28879,3,,,0,70,,28867,3,,,0,30,,28870,3,,,0,70,,28873,3,,,0,30,,28876,3,,,0,70,,28880,3,,,0,30,,28868,3,,,0,70,,28869,3,,,0,30,,28872,3,,,0,70,,28875,3,,,0,30,,28893,3,,,0,70,,28892,3,,,0,34,,28894,3,,,0,70,,28891,3,,,0,30,,28884,3,,,0,70,,28890,3,,,0,30,,28882,3,,,0,100,,28883,3,,,0
4029,'1838',719,,28916,3,,,0,30,,28918,3,,,0,70,,28914,3,,,0,30,,28917,3,,,0,70,,28915,3,,,0,30,,28907,3,,,0,68,,28910,3,,,0,30,,28895,3,,,0,70,,28900,3,,,0,30,,28903,3,,,0,69,,28906,3,,,0,30,,28908,3,,,0,70,,28896,3,,,0,30,,28899,3,,,0,70,,28902,3,,,0,30,,28905,3,,,0,70,,28909,3,,,0,30,,28897,3,,,0,70,,28898,3,,,0,30,,28901,3,,,0,70,,28904,3,,,0,30,,28922,3,,,0,70,,28921,3,,,0,34,,28923,3,,,0,70,,28920,3,,,0,30,,28913,3,,,0,70,,28919,3,,,0,30,,28911,3,,,0,100,,28912,3,,,0
4029,'1841',619,,25097,3,,,0,30,,25098,3,,,0,71,,19878,3,,,0,24,,25099,3,,,0,76,,25100,3,,,0,24,,19881,3,,,0,71,,25101,3,,,0,30,,25102,3,,,0,70,,25103,3,,,0,30,,19885,3,,,0,70,,19886,3,,,0,31,,25104,3,,,0,70,,25105,3,,,0,30,,25106,3,,,0,70,,19890,3,,,0,30,,25107,3,,,0,70,,19892,3,,,0,35,,25108,3,,,0,65,,25109,3,,,0,36,,19895,3,,,0,64,,25110,3,,,0,36,,25111,3,,,0,64,,25112,3,,,0,36,,25113,3,,,0,67,,25114,3,,,0,29,,25115,3,,,0,70,,25116,3,,,0,30,,25117,3,,,0,71,,25118,3,,,0,30,,25119,3,,,0,70,,25120,3,,,0,30,,25121,3,,,0
4029,'1848',621,,28948,3,,,0,28,,28949,3,,,0,70,,28950,3,,,0,30,,28951,3,,,0,70,,28952,3,,,0,30,,28953,3,,,0,70,,28954,3,,,0,30,,28941,3,,,0,70,,28935,3,,,0,28,,28928,3,,,0,70,,28939,3,,,0,29,,28945,3,,,0,70,,28940,3,,,0,30,,28927,3,,,0,70,,28932,3,,,0,30,,28943,3,,,0,70,,28926,3,,,0,30,,28942,3,,,0,70,,28937,3,,,0,30,,28929,3,,,0,70,,28924,3,,,0,30,,28944,3,,,0,70,,28947,3,,,0,30,,28938,3,,,0,70,,28933,3,,,0,29,,28955,3,,,0,75,,28930,3,,,0,30,,28925,3,,,0,70,,28931,3,,,0,30,,28936,3,,,0,70,,28946,3,,,0,30,,28934,3,,,0
4029,'1849',719,,28977,3,,,0,30,,28979,3,,,0,70,,28975,3,,,0,30,,28978,3,,,0,70,,28976,3,,,0,30,,28968,3,,,0,68,,28971,3,,,0,30,,28956,3,,,0,70,,28961,3,,,0,30,,28964,3,,,0,69,,28967,3,,,0,30,,28969,3,,,0,70,,28957,3,,,0,30,,28960,3,,,0,70,,28963,3,,,0,30,,28966,3,,,0,70,,28970,3,,,0,30,,28958,3,,,0,70,,28959,3,,,0,30,,28962,3,,,0,70,,28965,3,,,0,30,,28983,3,,,0,70,,28982,3,,,0,34,,28984,3,,,0,70,,28981,3,,,0,30,,28974,3,,,0,70,,28980,3,,,0,30,,28972,3,,,0,100,,28973,3,,,0
4029,'1850',619,,28985,3,,,0,30,,28986,3,,,0,71,,28987,3,,,0,25,,28988,3,,,0,76,,28989,3,,,0,24,,28990,3,,,0,71,,28991,3,,,0,30,,28992,3,,,0,70,,28993,3,,,0,30,,28994,3,,,0,70,,28995,3,,,0,30,,28996,3,,,0,70,,28997,3,,,0,30,,28998,3,,,0,70,,28999,3,,,0,30,,29000,3,,,0,70,,29001,3,,,0,35,,29002,3,,,0,65,,29003,3,,,0,36,,29004,3,,,0,64,,29005,3,,,0,36,,29006,3,,,0,64,,29007,3,,,0,36,,29008,3,,,0,67,,29009,3,,,0,29,,29010,3,,,0,70,,29011,3,,,0,30,,29012,3,,,0,72,,29013,3,,,0,30,,29014,3,,,0,70,,29015,3,,,0,30,,29016,3,,,0
4029,'1852',619,,29017,3,,,0,30,,29018,3,,,0,71,,29019,3,,,0,25,,29020,3,,,0,76,,29021,3,,,0,24,,29022,3,,,0,71,,29023,3,,,0,30,,29024,3,,,0,70,,29025,3,,,0,30,,29026,3,,,0,70,,29027,3,,,0,30,,29028,3,,,0,70,,29029,3,,,0,30,,29030,3,,,0,70,,29031,3,,,0,30,,29032,3,,,0,70,,29033,3,,,0,35,,29034,3,,,0,65,,29035,3,,,0,36,,29036,3,,,0,64,,29037,3,,,0,36,,29038,3,,,0,64,,29039,3,,,0,36,,29040,3,,,0,67,,29041,3,,,0,29,,29042,3,,,0,70,,29043,3,,,0,30,,29044,3,,,0,72,,29045,3,,,0,30,,29046,3,,,0,70,,29047,3,,,0,30,,29048,3,,,0
7029,'1800',704,,29514,3,,,0,100,,29515,3,,,0,100,,29516,3,,,0,100,,29517,3,,,0,100,,29518,3,,,0,100,,29519,3,,,0,100,,29520,3,,,0,100,,29521,3,,,0,100,,29522,3,,,0,100,,29523,3,,,0,100,,29524,3,,,0,100,,29525,3,,,0,100,,29526,3,,,0,99,,29527,3,,,0,100,,29513,3,,,0,230,,29528,3,0,13 14,0
7029,'1838',704,,29530,3,,,0,100,,29531,3,,,0,100,,29532,3,,,0,100,,29533,3,,,0,100,,29534,3,,,0,100,,29535,3,,,0,100,,29536,3,,,0,100,,29537,3,,,0,100,,29538,3,,,0,100,,29539,3,,,0,100,,29540,3,,,0,100,,29541,3,,,0,100,,29542,3,,,0,99,,29543,3,,,0,100,,29529,3,,,0,230,,29544,3,0,13 14,0
7029,'1841',504,,25358,3,,,0,100,,25359,3,,,0,30,,25360,3,,,0,70,,25361,3,,,0,30,,20403,3,,,0,70,,20404,3,,,0,30,,25362,3,,,0,70,,20406,3,,,0,30,,25363,3,,,0,70,,25364,3,,,0,30,,20409,3,,,0,70,,25365,3,,,0,30,,20411,3,,,0,70,,25355,3,,,0,30,,25356,3,,,0,70,,20397,3,,,0,31,,25354,3,,,0,70,,25353,3,,,0,30,,25357,3,,,0,70,,25366,3,,,0,30,,25367,3,,,0,70,,25368,3,,,0,29,,25369,3,,,0,70,,20416,3,,,0,30,,25370,3,,,0,70,,25371,3,,,0,30,,25372,3,,,0,70,,25373,3,,,0,30,,25374,3,,,0,70,,25375,3,,,0,100,,25376,3,,,0,100,,25377,3,,,0,100,,25378,3,,,0
7029,'1848',635,,29545,3,,,0,70,,29559,3,,,0,30,,29546,3,,,0,69,,29560,3,,,0,30,,29547,3,,,0,70,,29561,3,,,0,30,,29548,3,,,0,70,,29562,3,,,0,30,,29549,3,,,0,70,,29563,3,,,0,30,,29550,3,,,0,70,,29564,3,,,0,30,,29551,3,,,0,70,,29565,3,,,0,30,,29552,3,,,0,70,,29566,3,,,0,30,,29553,3,,,0,70,,29567,3,,,0,30,,29554,3,,,0,70,,29568,3,,,0,30,,29555,3,,,0,70,,29569,3,,,0,30,,29556,3,,,0,70,,29570,3,,,0,30,,29557,3,,,0,70,,29571,3,,,0,30,,29558,3,,,0,69,,29572,3,,,0,100,,29573,3,,,0,100,,29574,3,,,0,100,,29575,3,,,0,30,,29577,3,0,13 14,0
7029,'1849',704,,29579,3,,,0,100,,29580,3,,,0,100,,29581,3,,,0,100,,29582,3,,,0,100,,29583,3,,,0,100,,29584,3,,,0,100,,29585,3,,,0,100,,29586,3,,,0,100,,29587,3,,,0,100,,29588,3,,,0,100,,29589,3,,,0,100,,29590,3,,,0,100,,29591,3,,,0,99,,29592,3,,,0,100,,29578,3,,,0,230,,29593,3,0,13 14,0
7029,'1850',503,,29600,3,,,0,100,,29601,3,,,0,31,,29602,3,,,0,70,,29603,3,,,0,30,,29604,3,,,0,70,,29605,3,,,0,30,,29606,3,,,0,70,,29607,3,,,0,30,,29608,3,,,0,70,,29609,3,,,0,30,,29610,3,,,0,70,,29611,3,,,0,30,,29612,3,,,0,70,,29596,3,,,0,30,,29597,3,,,0,70,,29598,3,,,0,31,,29595,3,,,0,70,,29594,3,,,0,30,,29599,3,,,0,70,,29613,3,,,0,30,,29614,3,,,0,70,,29615,3,,,0,29,,29616,3,,,0,70,,29617,3,,,0,30,,29618,3,,,0,70,,29619,3,,,0,30,,29620,3,,,0,70,,29621,3,,,0,30,,29622,3,,,0,70,,29623,3,,,0,99,,29624,3,,,0,100,,29625,3,,,0,100,,29626,3,,,0
7029,'1852',503,,29633,3,,,0,100,,29634,3,,,0,31,,29635,3,,,0,70,,29636,3,,,0,30,,29637,3,,,0,70,,29638,3,,,0,30,,29639,3,,,0,70,,29640,3,,,0,30,,29641,3,,,0,70,,29642,3,,,0,30,,29643,3,,,0,70,,29644,3,,,0,30,,29645,3,,,0,70,,29629,3,,,0,30,,29630,3,,,0,70,,29631,3,,,0,31,,29628,3,,,0,70,,29627,3,,,0,30,,29632,3,,,0,70,,29646,3,,,0,30,,29647,3,,,0,70,,29648,3,,,0,29,,29649,3,,,0,70,,29650,3,,,0,30,,29651,3,,,0,70,,29652,3,,,0,30,,29653,3,,,0,70,,29654,3,,,0,30,,29655,3,,,0,70,,29656,3,,,0,99,,29657,3,,,0,100,,29658,3,,,0,100,,29659,3,,,0
13019,'1800',805,,30039,10,,,0,100,,30040,10,,,0,100,,30041,10,,,0,101,,30042,10,,,0,100,,30043,10,,,0,100,,30044,10,,,0,100,,30045,10,,,0,100,,30046,10,,,0,100,,30047,10,,,0,99,,30048,10,,,0,100,,30049,10,,,0,100,,30050,10,,,0,99,,30051,10,,,0,100,,30052,10,,,0,100,,30038,10,,,0
13019,'1838',805,,30054,10,,,0,100,,30055,10,,,0,100,,30056,10,,,0,101,,30057,10,,,0,100,,30058,10,,,0,100,,30059,10,,,0,100,,30060,10,,,0,100,,30061,10,,,0,100,,30062,10,,,0,99,,30063,10,,,0,100,,30064,10,,,0,100,,30065,10,,,0,99,,30066,10,,,0,100,,30067,10,,,0,100,,30053,10,,,0
13019,'1841',616,,25694,10,,,0,30,,25695,10,,,0,69,,25696,10,,,0,30,,25697,10,,,0,96,,25698,10,,,0,100,,25699,10,,,0,100,,25700,10,,,0,100,,25701,10,,,0,100,,25702,10,,,0,100,,25703,10,,,0,70,,25704,10,,,0,31,,25705,10,,,0,70,,25706,10,,,0,31,,25716,10,,,0,70,,25707,10,,,0,30,,25717,10,,,0,70,,25708,10,,,0,30,,25715,10,,,0,99,,25709,10,,,0,100,,25714,10,,,0,99,,25713,10,,,0,98,,25712,10,,,0,100,,25711,10,,,0
13019,'1848',704,,30068,10,,,0,101,,30069,10,,,0,100,,30070,10,,,0,100,,30071,10,,,0,101,,30072,10,,,0,100,,30073,10,,,0,100,,30074,10,,,0,100,,30075,10,,,0,100,,30076,10,,,0,100,,30077,10,,,0,99,,30078,10,,,0,100,,30079,10,,,0,100,,30080,10,,,0,99,,30081,10,,,0,100,,30082,10,,,0,200,,30083,10,,,0
13019,'1849',805,,30085,10,,,0,100,,30086,10,,,0,100,,30087,10,,,0,101,,30088,10,,,0,100,,30089,10,,,0,100,,30090,10,,,0,100,,30091,10,,,0,100,,30092,10,,,0,100,,30093,10,,,0,99,,30094,10,,,0,100,,30095,10,,,0,100,,30096,10,,,0,99,,30097,10,,,0,100,,30098,10,,,0,100,,30084,10,,,0
13019,'1850',615,,30099,10,,,0,30,,30100,10,,,0,70,,30101,10,,,0,30,,30102,10,,,0,96,,30103,10,,,0,100,,30104,10,,,0,100,,30105,10,,,0,100,,30106,10,,,0,100,,30107,10,,,0,100,,30108,10,,,0,70,,30109,10,,,0,31,,30110,10,,,0,70,,30111,10,,,0,31,,30121,10,,,0,70,,30112,10,,,0,30,,30122,10,,,0,70,,30113,10,,,0,30,,30120,10,,,0,99,,30114,10,,,0,100,,30119,10,,,0,99,,30118,10,,,0,98,,30117,10,,,0,100,,30116,10,,,0
13019,'1852',615,,30123,10,,,0,30,,30124,10,,,0,70,,30125,10,,,0,30,,30126,10,,,0,96,,30127,10,,,0,100,,30128,10,,,0,100,,30129,10,,,0,100,,30130,10,,,0,100,,30131,10,,,0,100,,30132,10,,,0,70,,30133,10,,,0,31,,30134,10,,,0,70,,30135,10,,,0,31,,30145,10,,,0,70,,30136,10,,,0,30,,30146,10,,,0,70,,30137,10,,,0,30,,30144,10,,,0,99,,30138,10,,,0,100,,30143,10,,,0,99,,30142,10,,,0,98,,30141,10,,,0,100,,30140,10,,,0
501019,'1800',606,,31767,2,,,0,30,,31781,2,,,0,67,,31766,2,,,0,30,,31780,2,,,0,70,,31769,2,,,0,31,,31782,2,,,0,70,,31770,2,,,0,30,,31779,2,,,0,70,,31758,2,,,0,30,,31771,2,,,0,70,,31757,2,,,0,30,,31772,2,,,0,70,,31760,2,,,0,30,,31773,2,,,0,70,,31756,2,,,0,30,,31778,2,,,0,70,,31755,2,,,0,30,,31777,2,,,0,70,,31754,2,,,0,30,,31774,2,,,0,70,,31753,2,,,0,30,,31776,2,,,0,70,,31759,2,,,0,30,,31775,2,,,0,70,,31768,2,,,0,30,,31783,2,,,0,70,,31765,2,,,0,30,,31786,2,,,0,70,,31764,2,,,0,30,,31752,2,,,0,70,,31763,2,,,0,30,,31784,2,,,0,69,,31762,2,,,0,30,,31785,2,,,0,70,,31761,2,,,0
501019,'1838',606,,31802,2,,,0,30,,31816,2,,,0,67,,31801,2,,,0,30,,31815,2,,,0,70,,31804,2,,,0,31,,31817,2,,,0,70,,31805,2,,,0,30,,31814,2,,,0,70,,31793,2,,,0,30,,31806,2,,,0,70,,31792,2,,,0,30,,31807,2,,,0,70,,31795,2,,,0,30,,31808,2,,,0,70,,31791,2,,,0,30,,31813,2,,,0,70,,31790,2,,,0,30,,31812,2,,,0,70,,31789,2,,,0,30,,31809,2,,,0,70,,31788,2,,,0,30,,31811,2,,,0,70,,31794,2,,,0,30,,31810,2,,,0,70,,31803,2,,,0,30,,31818,2,,,0,70,,31800,2,,,0,30,,31821,2,,,0,70,,31799,2,,,0,30,,31787,2,,,0,70,,31798,2,,,0,30,,31819,2,,,0,69,,31797,2,,,0,30,,31820,2,,,0,70,,31796,2,,,0
501019,'1841',604,,22301,2,,,0,30,,26328,2,,,0,74,,26329,2,,,0,24,,26330,2,,,0,24,,26331,2,,,0,52,,22306,2,,,0,24,,22307,2,,,0,22,,22308,2,,,0,51,,26332,2,,,0,30,,22310,2,,,0,70,,22311,2,,,0,30,,26333,2,,,0,70,,26334,2,,,0,30,,26335,2,,,0,70,,22315,2,,,0,30,,26336,2,,,0,70,,22317,2,,,0,30,,22318,2,,,0,70,,22319,2,,,0,26,,22320,2,,,0,12,,26337,2,,,0,62,,26338,2,,,0,24,,26339,2,,,0,12,,26340,2,,,0,64,,22325,2,,,0,24,,26341,2,,,0,12,,26342,2,,,0,64,,22328,2,,,0,24,,26343,2,,,0,12,,26344,2,,,0,66,,26345,2,,,0,28,,26346,2,,,0,70,,26347,2,,,0,30,,22334,2,,,0,70,,26348,2,,,0,30,,26349,2,,,0,69,,26350,2,,,0,30,,26351,2,,,0,70,,26352,2,,,0,30,,26353,2,,,0,70,,26354,2,,,0
501019,'1848',606,,31831,2,,,0,30,,31834,2,,,0,67,,31830,2,,,0,30,,31833,2,,,0,70,,31829,2,,,0,31,,31835,2,,,0,70,,31828,2,,,0,30,,31832,2,,,0,70,,31841,2,,,0,30,,31851,2,,,0,70,,31842,2,,,0,30,,31852,2,,,0,70,,31843,2,,,0,30,,31853,2,,,0,70,,31844,2,,,0,30,,31854,2,,,0,70,,31845,2,,,0,31,,31855,2,,,0,70,,31846,2,,,0,30,,31856,2,,,0,70,,31847,2,,,0,30,,31849,2,,,0,70,,31848,2,,,0,30,,31850,2,,,0,70,,31827,2,,,0,29,,31840,2,,,0,70,,31826,2,,,0,30,,31838,2,,,0,69,,31825,2,,,0,30,,31839,2,,,0,70,,31824,2,,,0,30,,31836,2,,,0,70,,31823,2,,,0,30,,31837,2,,,0,70,,31822,2,,,0
501019,'1849',606,,31872,2,,,0,30,,31886,2,,,0,67,,31871,2,,,0,30,,31885,2,,,0,70,,31874,2,,,0,31,,31887,2,,,0,70,,31875,2,,,0,30,,31884,2,,,0,70,,31863,2,,,0,30,,31876,2,,,0,70,,31862,2,,,0,30,,31877,2,,,0,70,,31865,2,,,0,30,,31878,2,,,0,70,,31861,2,,,0,30,,31883,2,,,0,70,,31860,2,,,0,30,,31882,2,,,0,70,,31859,2,,,0,30,,31879,2,,,0,70,,31858,2,,,0,30,,31881,2,,,0,70,,31864,2,,,0,30,,31880,2,,,0,70,,31873,2,,,0,30,,31888,2,,,0,70,,31870,2,,,0,30,,31891,2,,,0,70,,31869,2,,,0,30,,31857,2,,,0,70,,31868,2,,,0,30,,31889,2,,,0,69,,31867,2,,,0,30,,31890,2,,,0,70,,31866,2,,,0
501019,'1850',603,,31893,2,,,0,30,,31894,2,,,0,74,,31895,2,,,0,24,,31896,2,,,0,24,,31897,2,,,0,52,,31898,2,,,0,24,,31899,2,,,0,22,,31900,2,,,0,51,,31901,2,,,0,30,,31902,2,,,0,70,,31903,2,,,0,30,,31904,2,,,0,71,,31905,2,,,0,30,,31906,2,,,0,70,,31907,2,,,0,30,,31908,2,,,0,70,,31909,2,,,0,30,,31910,2,,,0,70,,31911,2,,,0,26,,31912,2,,,0,12,,31913,2,,,0,62,,31914,2,,,0,24,,31915,2,,,0,12,,31916,2,,,0,64,,31917,2,,,0,24,,31918,2,,,0,12,,31919,2,,,0,64,,31920,2,,,0,23,,31921,2,,,0,12,,31922,2,,,0,66,,31923,2,,,0,28,,31924,2,,,0,70,,31925,2,,,0,30,,31926,2,,,0,70,,31927,2,,,0,30,,31928,2,,,0,69,,31929,2,,,0,30,,31930,2,,,0,70,,31931,2,,,0,30,,31932,2,,,0,70,,31933,2,,,0
501019,'1852',603,,31935,2,,,0,30,,31936,2,,,0,74,,31937,2,,,0,24,,31938,2,,,0,24,,31939,2,,,0,52,,31940,2,,,0,24,,31941,2,,,0,22,,31942,2,,,0,51,,31943,2,,,0,30,,31944,2,,,0,70,,31945,2,,,0,30,,31946,2,,,0,71,,31947,2,,,0,30,,31948,2,,,0,70,,31949,2,,,0,30,,31950,2,,,0,70,,31951,2,,,0,30,,31952,2,,,0,70,,31953,2,,,0,26,,31954,2,,,0,12,,31955,2,,,0,62,,31956,2,,,0,24,,31957,2,,,0,12,,31958,2,,,0,64,,31959,2,,,0,24,,31960,2,,,0,12,,31961,2,,,0,64,,31962,2,,,0,23,,31963,2,,,0,12,,31964,2,,,0,66,,31965,2,,,0,28,,31966,2,,,0,70,,31967,2,,,0,30,,31968,2,,,0,70,,31969,2,,,0,30,,31970,2,,,0,69,,31971,2,,,0,30,,31972,2,,,0,70,,31973,2,,,0,30,,31974,2,,,0,70,,31975,2,,,0
20007019,'1800',634,,34703,3,,,0,200,,34688,3,,,0,100,,34689,3,,,0,100,,34690,3,,,0,100,,34691,3,,,0,100,,34692,3,,,0,100,,34693,3,,,0,100,,34694,3,,,0,100,,34695,3,,,0,100,,34696,3,,,0,100,,34697,3,,,0,100,,34698,3,,,0,100,,34699,3,,,0,99,,34700,3,,,0,100,,34701,3,,,0,70,,34702,3,,,0,30,,34687,3,,,0,70,,34686,3,,,0
20007019,'1838',634,,34721,3,,,0,200,,34706,3,,,0,100,,34707,3,,,0,100,,34708,3,,,0,100,,34709,3,,,0,100,,34710,3,,,0,100,,34711,3,,,0,100,,34712,3,,,0,100,,34713,3,,,0,100,,34714,3,,,0,100,,34715,3,,,0,100,,34716,3,,,0,100,,34717,3,,,0,99,,34718,3,,,0,100,,34719,3,,,0,70,,34720,3,,,0,30,,34705,3,,,0,70,,34704,3,,,0
20007019,'1841',539,,24812,3,,,0,1494,,28232,3,,,0,100,,28233,3,,,0,100,,28234,3,,,0,100,,28236,3,,,0,100,,28235,3,,,0
20007019,'1848',2033,,34722,3,,,0,100,,34723,3,,,0,100,,34724,3,,,0
20007019,'1849',634,,34742,3,,,0,200,,34727,3,,,0,100,,34728,3,,,0,100,,34729,3,,,0,100,,34730,3,,,0,100,,34731,3,,,0,100,,34732,3,,,0,100,,34733,3,,,0,100,,34734,3,,,0,100,,34735,3,,,0,100,,34736,3,,,0,100,,34737,3,,,0,100,,34738,3,,,0,99,,34739,3,,,0,100,,34740,3,,,0,70,,34741,3,,,0,30,,34726,3,,,0,70,,34725,3,,,0
20007019,'1850',539,,34743,3,,,0,1494,,34744,3,,,0,100,,34745,3,,,0,100,,34746,3,,,0,100,,34748,3,,,0,100,,34747,3,,,0
20007019,'1852',539,,34749,3,,,0,1494,,34750,3,,,0,100,,34751,3,,,0,100,,34752,3,,,0,100,,34754,3,,,0,100,,34753,3,,,0
14000001019,'1800',2358,,34757,5,,,0,70,,34756,5,,,0,30,,24911,5,,,0,70,,34758,5,,,0,30,,34755,5,,,0
14000001019,'1838',2358,,34761,5,,,0,70,,34760,5,,,0,30,,24906,5,,,0,70,,34762,5,,,0,30,,34759,5,,,0
14000001019,'1841',2358,,28276,5,,,0,70,,28274,5,,,0,100,,28275,5,,,0,30,,28273,5,,,0
14000001019,'1843',2458,,24893,5,,,0
14000001019,'1845',2458,,24899,5,,,0
14000001019,'1847',2458,,24901,5,,,0
14000001019,'1848',2358,,34766,5,,,0,70,,34763,5,,,0,100,,34765,5,,,0,30,,34764,5,,,0
14000001019,'1849',2358,,34769,5,,,0,70,,34768,5,,,0,100,,34770,5,,,0,30,,34767,5,,,0
14000001019,'1850',2358,,34775,5,,,0,70,,34772,5,,,0,30,,34773,5,,,0,70,,34774,5,,,0,30,,34771,5,,,0
14000001019,'1852',2358,,34779,5,,,0,70,,34777,5,,,0,100,,34778,5,,,0,30,,34776,5,,,0
