15029,'1838',720,,36977,28,,,0,98,,45082,28,,,0,100,,36974,28,,,0,100,,36975,28,,,0,101,,45083,28,,,0,100,,36972,28,,,0,100,,36969,28,,,0,102,,45081,28,,,0,100,,36971,28,,,0,100,,36968,28,,,0,99,,45080,28,,,0,99,,36966,28,,,0,100,,36967,28,,,0,100,,45079,28,,,0
15029,'1865',646,,36995,28,,,0,69,,36996,28,,,0,34,,36997,28,,,0,71,,45086,28,,,0,33,,36999,28,,,0,70,,37000,28,,,0,25,,37001,28,,,0,70,,37002,28,,,0,30,,37003,28,,,0,70,,45087,28,,,0,30,,45088,28,,,0,70,,42575,28,,,0,30,,45089,28,,,0,70,,45090,28,,,0,30,,42576,28,,,0,70,,37010,28,,,0,32,,45091,28,,,0,75,,37012,28,,,0,32,,37013,28,,,0,70,,45092,28,,,0,29,,45093,28,,,0,63,,37016,28,,,0,29,,37017,28,,,0,69,,37018,28,,,0,27,,45094,28,,,0,70,,37020,28,,,0,30,,45095,28,,,0,70,,45096,28,,,0,30,,37023,28,,,0,100,,45098,28,,,0,97,,45097,28,,,0
15029,'1866',725,,37029,28,,,0,93,,37030,28,,,0,100,,45100,28,,,0,100,,37032,28,,,0,101,,37033,28,,,0,100,,45101,28,,,0,100,,37035,28,,,0,104,,37036,28,,,0,100,,45102,28,,,0,99,,37038,28,,,0,98,,37039,28,,,0,99,,45103,28,,,0,100,,37026,28,,,0,100,,37027,28,,,0
15029,'1867',720,,37054,28,,,0,98,,45107,28,,,0,100,,37051,28,,,0,100,,37052,28,,,0,101,,45108,28,,,0,100,,37049,28,,,0,100,,37046,28,,,0,102,,45106,28,,,0,100,,37048,28,,,0,100,,37045,28,,,0,99,,45105,28,,,0,99,,37043,28,,,0,100,,37044,28,,,0,100,,45104,28,,,0
15029,'1873',725,,30423,28,,,0,93,,30424,28,,,0,200,,30426,28,,,0,101,,30427,28,,,0,200,,30429,28,,,0,104,,30430,28,,,0,199,,30432,28,,,0,98,,30433,28,,,0,199,,30420,28,,,0,100,,30421,28,,,0
15029,'1878',720,,30448,28,,,0,198,,30445,28,,,0,100,,30446,28,,,0,201,,30443,28,,,0,100,,30440,28,,,0,202,,30442,28,,,0,100,,30439,28,,,0,198,,30437,28,,,0,100,,30438,28,,,0
15029,'1881',820,,36979,28,,,0,298,,36980,28,,,0,30,,36981,28,,,0,100,,36983,28,,,0,70,,36984,28,,,0,132,,36986,28,,,0,177,,36987,28,,,0,29,,36988,28,,,0,188,,30508,28,,,0,100,,36989,28,,,0,70,,42580,28,,,0,130,,36992,28,,,0,97,,36991,28,,,0
15029,'1882',646,,30484,28,,,0,69,,30485,28,,,0,34,,30486,28,,,0,104,,30488,28,,,0,70,,30489,28,,,0,25,,30490,28,,,0,70,,30491,28,,,0,30,,30492,28,,,0,170,,42578,28,,,0,130,,42579,28,,,0,70,,30499,28,,,0,107,,30501,28,,,0,32,,30502,28,,,0,162,,30505,28,,,0,29,,30506,28,,,0,69,,30507,28,,,0,97,,30509,28,,,0,130,,30512,28,,,0
15029,'1886',820,,45111,28,,,0,298,,45112,28,,,0,30,,45113,28,,,0,100,,45114,28,,,0,70,,45115,28,,,0,132,,45116,28,,,0,177,,45117,28,,,0,29,,45118,28,,,0,188,,45119,28,,,0,100,,45120,28,,,0,70,,45121,28,,,0,130,,45123,28,,,0,97,,45122,28,,,0
15029,'1887',918,,45125,28,,,0,301,,45126,28,,,0,304,,45127,28,,,0,296,,45128,28,,,0
15029,'1888',818,,45132,28,,,0,301,,45133,28,,,0,302,,45131,28,,,0,299,,45130,28,,,0,299,,45129,28,,,0
