15019,'1838',753,,45028,66,,,0,100,,36883,66,,,0,100,,36886,66,,,0,101,,45027,66,,,0,100,,36881,66,,,0,100,,36879,66,,,0,102,,45026,66,,,0,100,,36880,66,,,0,100,,36877,66,,,0,99,,45025,66,,,0,99,,36875,66,,,0,100,,36876,66,,,0,100,,45024,66,,,0,99,,36887,66,,,0
15019,'1865',719,,36905,66,,,0,31,,45029,66,,,0,76,,36907,66,,,0,30,,36908,66,,,0,65,,36909,66,,,0,30,,36910,66,,,0,70,,36911,66,,,0,30,,45030,66,,,0,70,,45031,66,,,0,30,,42569,66,,,0,70,,45032,66,,,0,30,,45033,66,,,0,70,,42570,66,,,0,30,,36918,66,,,0,70,,45034,66,,,0,34,,36920,66,,,0,72,,36921,66,,,0,30,,45035,66,,,0,69,,45036,66,,,0,28,,36924,66,,,0,69,,36925,66,,,0,29,,36926,66,,,0,67,,45037,66,,,0,30,,36928,66,,,0,70,,45038,66,,,0,30,,45039,66,,,0,70,,36931,66,,,0,100,,45040,66,,,0,98,,45041,66,,,0
15019,'1866',753,,36935,66,,,0,100,,45043,66,,,0,100,,36937,66,,,0,101,,36938,66,,,0,100,,45044,66,,,0,100,,36940,66,,,0,103,,36941,66,,,0,100,,45045,66,,,0,100,,36943,66,,,0,98,,36944,66,,,0,99,,45046,66,,,0,100,,36946,66,,,0,100,,36947,66,,,0,99,,45047,66,,,0
15019,'1867',753,,45053,66,,,0,100,,36959,66,,,0,100,,36962,66,,,0,101,,45052,66,,,0,100,,36957,66,,,0,100,,36955,66,,,0,102,,45051,66,,,0,100,,36956,66,,,0,100,,36953,66,,,0,99,,45050,66,,,0,99,,36951,66,,,0,100,,36952,66,,,0,100,,45049,66,,,0,99,,36963,66,,,0
15019,'1873',753,,30301,66,,,0,200,,30303,66,,,0,101,,30304,66,,,0,200,,30306,66,,,0,103,,30307,66,,,0,200,,30309,66,,,0,98,,30310,66,,,0,199,,30312,66,,,0,100,,30313,66,,,0
15019,'1878',853,,30325,66,,,0,100,,30328,66,,,0,201,,30323,66,,,0,100,,30321,66,,,0,202,,30322,66,,,0,100,,30319,66,,,0,198,,30317,66,,,0,100,,30318,66,,,0,199,,30329,66,,,0
15019,'1881',750,,36889,66,,,0,301,,36890,66,,,0,70,,36891,66,,,0,100,,36893,66,,,0,30,,36894,66,,,0,170,,36896,66,,,0,136,,36897,66,,,0,69,,36898,66,,,0,193,,30384,66,,,0,100,,36899,66,,,0,30,,42574,66,,,0,170,,36901,66,,,0,98,,36902,66,,,0
15019,'1882',719,,30362,66,,,0,107,,30364,66,,,0,30,,30365,66,,,0,65,,30366,66,,,0,30,,30367,66,,,0,70,,30368,66,,,0,130,,42572,66,,,0,170,,42573,66,,,0,30,,30375,66,,,0,104,,30377,66,,,0,72,,30378,66,,,0,127,,30381,66,,,0,69,,30382,66,,,0,29,,30383,66,,,0,97,,30385,66,,,0,170,,30388,66,,,0
15019,'1886',750,,45054,66,,,0,301,,45055,66,,,0,70,,45056,66,,,0,100,,45057,66,,,0,30,,45058,66,,,0,170,,45059,66,,,0,136,,45060,66,,,0,69,,45061,66,,,0,193,,45062,66,,,0,100,,45063,66,,,0,30,,45064,66,,,0,170,,45065,66,,,0,98,,45066,66,,,0
15019,'1887',853,,45068,66,,,0,301,,45069,66,,,0,303,,45070,66,,,0,297,,45071,66,,,0,299,,45072,66,,,0
15019,'1888',753,,45078,66,,,0,301,,45077,66,,,0,302,,45076,66,,,0,299,,45075,66,,,0,299,,45074,66,,,0
