13019,'1800',757,,30039,3,,,0,100,,30040,3,,,0,100,,30041,3,,,0,101,,30042,3,,,0,100,,30043,3,,,0,100,,36656,3,,,0,100,,30045,3,,,0,100,,30046,3,,,0,100,,30047,3,,,0,99,,30048,3,,,0,100,,30049,3,,,0,100,,30050,3,,,0,100,,36657,3,,,0,100,,36658,3,,,0,100,,36655,3,,,0
13019,'1838',757,,36660,3,,,0,100,,36661,3,,,0,100,,36662,3,,,0,101,,36663,3,,,0,100,,36664,3,,,0,100,,36665,3,,,0,100,,36666,3,,,0,100,,36667,3,,,0,100,,36668,3,,,0,99,,36669,3,,,0,100,,36670,3,,,0,100,,36671,3,,,0,100,,36672,3,,,0,100,,36673,3,,,0,100,,36659,3,,,0
13019,'1850',609,,30099,3,,,0,30,,30100,3,,,0,68,,30101,3,,,0,30,,30102,3,,,0,96,,30103,3,,,0,100,,30104,3,,,0,100,,30105,3,,,0,100,,30106,3,,,0,100,,30107,3,,,0,100,,30108,3,,,0,70,,30109,3,,,0,31,,30110,3,,,0,70,,30111,3,,,0,31,,30121,3,,,0,70,,30112,3,,,0,30,,30122,3,,,0,70,,30113,3,,,0,30,,30120,3,,,0,99,,30114,3,,,0,100,,30119,3,,,0,100,,30118,3,,,0,98,,30117,3,,,0,100,,30116,3,,,0
13019,'1859',657,,30068,3,,,0,401,,30072,3,,,0,200,,30074,3,,,0,100,,30075,3,,,0,499,,30080,3,,,0,200,,30082,3,,,0,200,,30083,3,,,0
13019,'1861',757,,30085,3,,,0,100,,30086,3,,,0,100,,30087,3,,,0,101,,30088,3,,,0,100,,30089,3,,,0,200,,30091,3,,,0,100,,30092,3,,,0,100,,30093,3,,,0,99,,30094,3,,,0,100,,30095,3,,,0,100,,30096,3,,,0
13019,'1862',757,,36674,3,,,0,100,,36675,3,,,0,100,,36676,3,,,0,201,,36677,3,,,0,300,,36678,3,,,0,100,,36679,3,,,0,99,,36680,3,,,0,100,,36681,3,,,0,200,,36682,3,,,0
13019,'1863',1258,,36684,3,,,0,699,,36685,3,,,0,100,,36686,3,,,0,100,,36683,3,,,0
13019,'1864',609,,30123,3,,,0,30,,30124,3,,,0,68,,30125,3,,,0,30,,30126,3,,,0,96,,30127,3,,,0,100,,30128,3,,,0,100,,36687,3,,,0,100,,30130,3,,,0,100,,36688,3,,,0,100,,36689,3,,,0,70,,36690,3,,,0,31,,36691,3,,,0,70,,30135,3,,,0,31,,36697,3,,,0,70,,36692,3,,,0,30,,36698,3,,,0,70,,36693,3,,,0,30,,30144,3,,,0,99,,36694,3,,,0,100,,30143,3,,,0,100,,30142,3,,,0,98,,30141,3,,,0,100,,36696,3,,,0
13019,'1865',609,,36699,3,,,0,30,,36700,3,,,0,68,,36701,3,,,0,30,,36702,3,,,0,96,,36703,3,,,0,100,,36704,3,,,0,100,,36705,3,,,0,100,,36706,3,,,0,100,,36707,3,,,0,100,,36708,3,,,0,70,,36709,3,,,0,31,,36710,3,,,0,70,,36711,3,,,0,31,,36721,3,,,0,70,,36712,3,,,0,30,,36722,3,,,0,70,,36713,3,,,0,30,,36720,3,,,0,99,,36714,3,,,0,100,,36719,3,,,0,100,,36718,3,,,0,98,,36717,3,,,0,100,,36716,3,,,0
13019,'1866',657,,36723,3,,,0,100,,36724,3,,,0,100,,36725,3,,,0,100,,36726,3,,,0,101,,36727,3,,,0,100,,36728,3,,,0,100,,36729,3,,,0,100,,36730,3,,,0,100,,36731,3,,,0,100,,36732,3,,,0,99,,36733,3,,,0,100,,36734,3,,,0,100,,36735,3,,,0,100,,36736,3,,,0,100,,36737,3,,,0,200,,36738,3,,,0
13019,'1867',757,,36740,3,,,0,100,,36741,3,,,0,100,,36742,3,,,0,101,,36743,3,,,0,100,,36744,3,,,0,100,,36745,3,,,0,100,,36746,3,,,0,100,,36747,3,,,0,100,,36748,3,,,0,99,,36749,3,,,0,100,,36750,3,,,0,100,,36751,3,,,0,100,,36752,3,,,0,100,,36753,3,,,0,100,,36739,3,,,0
