6029,'1799',1038,,20202,9,0,5 2 6 7,0,201,,20201,9,0,5 2 6 7,0,200,,20200,9,0,5 2 6 7,0,200,,20199,9,0,5 2 6 7,0,199,,20198,9,0,5 2 6 7,0
6029,'1800',838,,25225,9,0,5 2 6 7,0,100,,25221,9,0,5 2 6 7,0,100,,20214,9,0,5 2 6 7,0,100,,25219,9,0,5 2 6 7,0,101,,20213,9,0,5 2 6 7,0,100,,25224,9,0,5 2 6 7,0,100,,20212,9,0,5 2 6 7,0,100,,25222,9,0,5 2 6 7,0,100,,20211,9,0,5 2 6 7,0,100,,25223,9,0,5 2 6 7,0,99,,20210,9,0,5 2 6 7,0,100,,25220,9,0,5 2 6 7,0
6029,'1829',648,,20126,9,,,0,72,,20127,9,,,0,30,,20128,9,,,0,70,,20129,9,,,0,30,,20130,9,,,0,99,,20132,9,,,0,70,,20133,9,,,0,130,,20136,9,,,0,70,,20137,9,,,0,30,,20138,9,,,0,70,,20139,9,,,0,30,,20140,9,,,0,70,,20141,9,,,0,31,,20142,9,,,0,70,,20143,9,,,0,30,,20144,9,,,0,269,,20149,9,,,0,30,,20150,9,,,0
6029,'1831',614,,20152,9,,,0,30,,20154,9,,,0,65,,20170,9,,,0,30,,20178,9,,,0,70,,20153,9,,,0,100,,20171,9,,,0,131,,20176,9,,,0,70,,20162,9,,,0,130,,20175,9,,,0,70,,20160,9,,,0,30,,20167,9,,,0,170,,20158,9,,,0,30,,20166,9,,,0,170,,20156,9,,,0,30,,20165,9,,,0,70,,20155,9,,,0,99,,20151,9,0,5 2 6 7,0
6029,'1832',838,,20191,9,0,5 2 6 7,0,100,,20182,9,0,5 2 6 7,0,200,,20180,9,0,5 2 6 7,0,201,,20185,9,0,5 2 6 7,0,200,,20183,9,0,5 2 6 7,0,200,,20184,9,0,5 2 6 7,0,199,,20181,9,0,5 2 6 7,0
6029,'1833',1038,,20190,9,0,5 2 6 7,0,201,,20189,9,0,5 2 6 7,0,200,,20188,9,0,5 2 6 7,0,200,,20187,9,0,5 2 6 7,0,199,,20186,9,0,5 2 6 7,0
6029,'1834',838,,20203,9,0,5 2 6 7,0,100,,20194,9,0,5 2 6 7,0,200,,20192,9,0,5 2 6 7,0,201,,20197,9,0,5 2 6 7,0,200,,20195,9,0,5 2 6 7,0,200,,20196,9,0,5 2 6 7,0,199,,20193,9,0,5 2 6 7,0
6029,'1835',618,,25230,9,,,0,301,,25231,9,,,0,130,,25232,9,,,0,70,,25233,9,,,0,501,,25234,9,,,0,30,,25235,9,,,0,70,,25236,9,,,0,29,,25237,9,,,0,190,,25227,9,,,0,99,,25229,9,,,0,100,,25226,9,,,0,100,,25228,9,,,0
6029,'1836',839,,25242,9,,,0,100,,25249,9,,,0,71,,25241,9,,,0,130,,25243,9,,,0,70,,25240,9,,,0,200,,25239,9,,,0,30,,25247,9,,,0,170,,25238,9,,,0,30,,25246,9,,,0,200,,25245,9,,,0,169,,25248,9,0,5 2 6 7,0,100,,25244,9,0,5 2 6 7,0
6029,'1837',838,,25256,9,0,5 2 6 7,0,100,,25252,9,0,5 2 6 7,0,200,,25250,9,0,5 2 6 7,0,201,,25255,9,0,5 2 6 7,0,200,,25253,9,0,5 2 6 7,0,200,,25254,9,0,5 2 6 7,0,199,,25251,9,0,5 2 6 7,0
6029,'1838',838,,25263,9,0,5 2 6 7,0,100,,25259,9,0,5 2 6 7,0,200,,25257,9,0,5 2 6 7,0,201,,25262,9,0,5 2 6 7,0,200,,25260,9,0,5 2 6 7,0,200,,25261,9,0,5 2 6 7,0,199,,25258,9,0,5 2 6 7,0
