13019,'1800',821,,30039,27,,,0,100,,30040,27,,,0,100,,30041,27,,,0,101,,30042,27,,,0,101,,30043,27,,,0,100,,36656,27,,,0,100,,30045,27,,,0,100,,30046,27,,,0,100,,30047,27,,,0,98,,30048,27,,,0,100,,30049,27,,,0,100,,30050,27,,,0,99,,36657,27,,,0,100,,36658,27,,,0,100,,36655,27,,,0
13019,'1838',821,,36660,27,,,0,100,,36661,27,,,0,100,,36662,27,,,0,101,,36663,27,,,0,101,,36664,27,,,0,100,,36665,27,,,0,100,,36666,27,,,0,100,,36667,27,,,0,100,,36668,27,,,0,98,,36669,27,,,0,100,,36670,27,,,0,100,,36671,27,,,0,99,,36672,27,,,0,100,,36673,27,,,0,100,,36659,27,,,0
13019,'1850',630,,30099,27,,,0,71,,30100,27,,,0,30,,30101,27,,,0,70,,30102,27,,,0,56,,30103,27,,,0,100,,30104,27,,,0,100,,30105,27,,,0,100,,30106,27,,,0,100,,30107,27,,,0,100,,30108,27,,,0,70,,30109,27,,,0,31,,30110,27,,,0,72,,30111,27,,,0,71,,30121,27,,,0,30,,30112,27,,,0,70,,30122,27,,,0,30,,30113,27,,,0,70,,30120,27,,,0,57,,30114,27,,,0,100,,30119,27,,,0,99,,30118,27,,,0,98,,30117,27,,,0,71,,30115,6,,,0,29,,30116,27,,,0
13019,'1859',720,,30068,27,,,0,402,,30072,27,,,0,201,,30074,27,,,0,100,,30075,27,,,0,498,,30080,27,,,0,199,,30082,27,,,0,200,,30083,27,,,0
13019,'1861',821,,30085,27,,,0,100,,30086,27,,,0,100,,30087,27,,,0,101,,30088,27,,,0,101,,30089,27,,,0,200,,30091,27,,,0,100,,30092,27,,,0,100,,30093,27,,,0,98,,30094,27,,,0,100,,30095,27,,,0,100,,30096,27,,,0
13019,'1862',821,,36674,27,,,0,100,,36675,27,,,0,100,,36676,27,,,0,202,,36677,27,,,0,300,,36678,27,,,0,100,,36679,27,,,0,98,,36680,27,,,0,100,,36681,27,,,0,199,,36682,27,,,0
13019,'1863',1323,,36684,27,,,0,697,,36685,27,,,0,100,,36686,27,,,0,100,,36683,27,,,0
13019,'1864',630,,30123,27,,,0,71,,30124,27,,,0,30,,30125,27,,,0,70,,30126,27,,,0,56,,30127,27,,,0,100,,30128,27,,,0,100,,36687,27,,,0,100,,30130,27,,,0,100,,36688,27,,,0,100,,36689,27,,,0,70,,36690,27,,,0,31,,36691,27,,,0,72,,30135,27,,,0,71,,36697,27,,,0,30,,36692,27,,,0,70,,36698,27,,,0,30,,36693,27,,,0,70,,30144,27,,,0,57,,36694,27,,,0,100,,30143,27,,,0,99,,30142,27,,,0,98,,30141,27,,,0,71,,36695,6,,,0,29,,36696,27,,,0
13019,'1865',630,,36699,27,,,0,71,,36700,27,,,0,30,,36701,27,,,0,70,,36702,27,,,0,56,,36703,27,,,0,100,,36704,27,,,0,100,,36705,27,,,0,100,,36706,27,,,0,100,,36707,27,,,0,100,,36708,27,,,0,70,,36709,27,,,0,31,,36710,27,,,0,72,,36711,27,,,0,71,,36721,27,,,0,30,,36712,27,,,0,70,,36722,27,,,0,30,,36713,27,,,0,70,,36720,27,,,0,57,,36714,27,,,0,100,,36719,27,,,0,99,,36718,27,,,0,98,,36717,27,,,0,71,,36715,6,,,0,29,,36716,27,,,0
13019,'1866',720,,36723,27,,,0,101,,36724,27,,,0,100,,36725,27,,,0,100,,36726,27,,,0,101,,36727,27,,,0,101,,36728,27,,,0,100,,36729,27,,,0,100,,36730,27,,,0,100,,36731,27,,,0,100,,36732,27,,,0,98,,36733,27,,,0,100,,36734,27,,,0,100,,36735,27,,,0,99,,36736,27,,,0,100,,36737,27,,,0,200,,36738,27,,,0
13019,'1867',821,,36740,27,,,0,100,,36741,27,,,0,100,,36742,27,,,0,101,,36743,27,,,0,101,,36744,27,,,0,100,,36745,27,,,0,100,,36746,27,,,0,100,,36747,27,,,0,100,,36748,27,,,0,98,,36749,27,,,0,100,,36750,27,,,0,100,,36751,27,,,0,99,,36752,27,,,0,100,,36753,27,,,0,100,,36739,27,,,0
15029,'1800',750,,30405,77,,,0,98,,30401,77,,,0,102,,30402,77,,,0,100,,30403,77,,,0,103,,30404,77,,,0,100,,30400,77,,,0,100,,30397,77,,,0,102,,30398,77,,,0,100,,30399,77,,,0,98,,30396,77,,,0,99,,30393,77,,,0,99,,30394,77,,,0,99,,30395,77,,,0,100,,30392,77,,,0
15029,'1838',750,,36977,77,,,0,98,,36973,77,,,0,102,,36974,77,,,0,100,,36975,77,,,0,103,,36976,77,,,0,100,,36972,77,,,0,100,,36969,77,,,0,102,,36970,77,,,0,100,,36971,77,,,0,98,,36968,77,,,0,99,,36965,77,,,0,99,,36966,77,,,0,99,,36967,77,,,0,100,,36964,77,,,0
15029,'1850',628,,30449,37,,,0,20,,30450,37,,,0,71,,30451,77,,,0,33,,30452,77,,,0,74,,30453,77,,,0,29,,30454,77,,,0,73,,30455,77,,,0,30,,30456,77,,,0,65,,30457,77,,,0,30,,30458,77,,,0,70,,30459,77,,,0,30,,30460,77,,,0,70,,30461,77,,,0,30,,30462,77,,,0,70,,30463,77,,,0,30,,30464,77,,,0,70,,30465,77,,,0,34,,30466,77,,,0,73,,30467,77,,,0,75,,30468,77,,,0,32,,30469,77,,,0,68,,30470,77,,,0,24,,30471,77,,,0,23,,30472,77,,,0,69,,30473,77,,,0,29,,30474,77,,,0,67,,30475,77,,,0,30,,30476,77,,,0,70,,30477,77,,,0,30,,30478,77,,,0,70,,30479,77,,,0,98,,30481,77,,,0,97,,30480,77,,,0
15029,'1859',622,,30422,37,,,0,133,,30423,77,,,0,93,,30424,77,,,0,100,,30425,77,,,0,100,,30426,77,,,0,103,,30427,77,,,0,100,,30428,77,,,0,100,,30429,77,,,0,106,,30430,77,,,0,100,,30431,77,,,0,97,,30432,77,,,0,98,,30433,77,,,0,99,,30434,77,,,0,99,,30420,77,,,0,100,,30421,77,,,0
15029,'1861',750,,30448,77,,,0,98,,30444,77,,,0,102,,30445,77,,,0,100,,30446,77,,,0,103,,30447,77,,,0,100,,30443,77,,,0,100,,30440,77,,,0,102,,30441,77,,,0,100,,30442,77,,,0,98,,30439,77,,,0,99,,30436,77,,,0,99,,30437,77,,,0,99,,30438,77,,,0,100,,30435,77,,,0
15029,'1864',628,,30482,37,,,0,20,,36978,37,,,0,71,,30484,77,,,0,33,,30485,77,,,0,74,,30486,77,,,0,29,,36979,77,,,0,73,,30488,77,,,0,30,,30489,77,,,0,65,,30490,77,,,0,30,,30491,77,,,0,70,,30492,77,,,0,30,,36980,77,,,0,70,,36981,77,,,0,30,,36982,77,,,0,70,,36983,77,,,0,30,,36984,77,,,0,70,,36985,77,,,0,34,,30499,77,,,0,73,,36986,77,,,0,75,,30501,77,,,0,32,,30502,77,,,0,68,,36987,77,,,0,24,,36988,77,,,0,23,,30505,77,,,0,69,,30506,77,,,0,29,,30507,77,,,0,67,,30508,77,,,0,30,,30509,77,,,0,70,,36989,77,,,0,30,,36990,77,,,0,70,,30512,77,,,0,98,,36992,77,,,0,97,,36991,77,,,0
15029,'1865',628,,36993,37,,,0,20,,36994,37,,,0,71,,36995,77,,,0,33,,36996,77,,,0,74,,36997,77,,,0,29,,36998,77,,,0,73,,36999,77,,,0,30,,37000,77,,,0,65,,37001,77,,,0,30,,37002,77,,,0,70,,37003,77,,,0,30,,37004,77,,,0,70,,37005,77,,,0,30,,37006,77,,,0,70,,37007,77,,,0,30,,37008,77,,,0,70,,37009,77,,,0,34,,37010,77,,,0,73,,37011,77,,,0,75,,37012,77,,,0,32,,37013,77,,,0,68,,37014,77,,,0,24,,37015,77,,,0,23,,37016,77,,,0,69,,37017,77,,,0,29,,37018,77,,,0,67,,37019,77,,,0,30,,37020,77,,,0,70,,37021,77,,,0,30,,37022,77,,,0,70,,37023,77,,,0,98,,37025,77,,,0,97,,37024,77,,,0
15029,'1866',622,,37028,37,,,0,133,,37029,77,,,0,93,,37030,77,,,0,100,,37031,77,,,0,100,,37032,77,,,0,103,,37033,77,,,0,100,,37034,77,,,0,100,,37035,77,,,0,106,,37036,77,,,0,100,,37037,77,,,0,97,,37038,77,,,0,98,,37039,77,,,0,99,,37040,77,,,0,99,,37026,77,,,0,100,,37027,77,,,0
15029,'1867',750,,37054,77,,,0,98,,37050,77,,,0,102,,37051,77,,,0,100,,37052,77,,,0,103,,37053,77,,,0,100,,37049,77,,,0,100,,37046,77,,,0,102,,37047,77,,,0,100,,37048,77,,,0,98,,37045,77,,,0,99,,37042,77,,,0,99,,37043,77,,,0,99,,37044,77,,,0,100,,37041,77,,,0
19019,'1800',625,,37443,14,,,0,112,,37433,14,,,0,100,,30818,14,,,0,70,,37437,14,,,0,30,,30807,14,,,0,70,,30811,14,,,0,31,,37455,14,,,0,71,,37453,14,,,0,30,,37454,14,,,0,70,,37435,14,,,0,30,,37456,14,,,0,70,,37434,14,,,0,30,,37457,14,,,0,70,,37447,14,,,0,31,,37449,14,,,0,71,,37439,14,,,0,30,,37441,14,,,0,70,,37444,14,,,0,30,,37446,14,,,0,68,,37436,14,,,0,29,,37438,14,,,0,70,,37450,14,,,0,30,,37440,14,,,0,70,,37442,14,,,0,30,,30802,14,,,0,70,,37448,14,,,0,45,,37445,14,,,0,100,,37451,14,,,0,100,,37452,14,,,0,84,,30829,14,,,0
19019,'1838',625,,37471,14,,,0,112,,37458,14,,,0,100,,37475,14,,,0,70,,37463,14,,,0,30,,37464,14,,,0,70,,37468,14,,,0,31,,37484,14,,,0,71,,37482,14,,,0,30,,37483,14,,,0,70,,37461,14,,,0,30,,37485,14,,,0,70,,37460,14,,,0,30,,37487,14,,,0,70,,37476,14,,,0,31,,37478,14,,,0,71,,37466,14,,,0,30,,37469,14,,,0,70,,37472,14,,,0,30,,37474,14,,,0,68,,37462,14,,,0,29,,37465,14,,,0,70,,37479,14,,,0,30,,37467,14,,,0,70,,37470,14,,,0,30,,37459,14,,,0,70,,37477,14,,,0,45,,37473,14,,,0,100,,37480,14,,,0,100,,37481,14,,,0,84,,37486,14,,,0
19019,'1850',841,,30930,14,,,0,68,,30927,14,,,0,30,,30923,14,,,0,70,,30925,14,,,0,30,,30931,14,,,0,70,,30933,14,,,0,30,,30926,14,,,0,70,,30942,14,,,0,30,,30929,14,,,0,70,,30941,14,,,0,30,,30924,14,,,0,70,,30943,14,,,0,30,,30939,14,,,0,72,,30928,14,,,0,31,,30934,14,,,0,297,,30938,14,,,0,70,,30944,14,,,0,30,,30937,14,,,0,100,,30936,14,,,0,99,,30935,14,,,0,99,,30940,14,,,0,99,,30932,14,,,0
19019,'1859',627,,30891,14,,,0,80,,30875,14,,,0,30,,30865,14,,,0,70,,30886,14,,,0,30,,30877,14,,,0,70,,30867,14,,,0,30,,30862,14,,,0,70,,30884,14,,,0,31,,30885,14,,,0,870,,30870,14,,,0,30,,30889,14,,,0,110,,30887,14,,,0,70,,30874,14,,,0,100,,30878,14,,,0,100,,30873,14,,,0,25,,30890,14,,,0
19019,'1861',837,,30910,14,,,0,100,,30899,14,,,0,70,,30903,14,,,0,931,,30894,14,,,0,399,,30921,14,,,0
19019,'1862',1109,,37496,14,,,0,30,,37491,14,,,0,70,,37490,14,,,0,30,,37498,14,,,0,70,,37495,14,,,0,30,,37500,14,,,0,70,,37503,14,,,0,31,,37501,14,,,0,71,,37489,14,,,0,30,,37488,14,,,0,70,,37492,14,,,0,30,,37497,14,,,0,68,,37494,14,,,0,29,,37493,14,,,0,70,,37499,14,,,0,30,,37502,14,,,0
19019,'1863',625,,37514,14,,,0,112,,37504,14,,,0,170,,37508,14,,,0,131,,37526,14,,,0,71,,37524,14,,,0,30,,37525,14,,,0,70,,37506,14,,,0,30,,37527,14,,,0,70,,37505,14,,,0,30,,37528,14,,,0,70,,37518,14,,,0,31,,37520,14,,,0,71,,37510,14,,,0,30,,37512,14,,,0,70,,37515,14,,,0,30,,37517,14,,,0,68,,37507,14,,,0,29,,37509,14,,,0,70,,37521,14,,,0,30,,37511,14,,,0,70,,37513,14,,,0,100,,37519,14,,,0,45,,37516,14,,,0,100,,37522,14,,,0,100,,37523,14,,,0
19019,'1864',841,,30952,14,,,0,68,,30949,14,,,0,30,,30945,14,,,0,70,,30947,14,,,0,30,,30953,14,,,0,70,,37533,14,,,0,30,,37530,14,,,0,70,,37539,14,,,0,30,,37532,14,,,0,70,,37538,14,,,0,30,,37529,14,,,0,70,,37540,14,,,0,30,,37536,14,,,0,72,,37531,14,,,0,31,,37534,14,,,0,297,,37535,14,,,0,70,,30966,14,,,0,30,,30959,14,,,0,100,,30958,14,,,0,99,,30957,14,,,0,99,,37537,14,,,0,99,,30954,14,,,0
19019,'1865',841,,37548,14,,,0,68,,37545,14,,,0,30,,37541,14,,,0,70,,37543,14,,,0,30,,37549,14,,,0,70,,37551,14,,,0,30,,37544,14,,,0,70,,37560,14,,,0,30,,37547,14,,,0,70,,37559,14,,,0,30,,37542,14,,,0,70,,37561,14,,,0,30,,37557,14,,,0,72,,37546,14,,,0,31,,37552,14,,,0,297,,37556,14,,,0,70,,37562,14,,,0,30,,37555,14,,,0,100,,37554,14,,,0,99,,37553,14,,,0,99,,37558,14,,,0,99,,37550,14,,,0
19019,'1866',627,,37593,14,,,0,80,,37577,14,,,0,30,,37567,14,,,0,70,,37588,14,,,0,30,,37579,14,,,0,70,,37569,14,,,0,30,,37564,14,,,0,70,,37586,14,,,0,31,,37587,14,,,0,71,,37578,14,,,0,30,,37568,14,,,0,70,,37566,14,,,0,30,,37582,14,,,0,70,,37574,14,,,0,30,,37584,14,,,0,70,,37594,14,,,0,31,,37585,14,,,0,71,,37565,14,,,0,30,,37563,14,,,0,70,,37570,14,,,0,30,,37581,14,,,0,68,,37573,14,,,0,29,,37571,14,,,0,70,,37583,14,,,0,30,,37590,14,,,0,70,,37572,14,,,0,30,,37591,14,,,0,110,,37589,14,,,0,70,,37576,14,,,0,100,,37580,14,,,0,100,,37575,14,,,0,25,,37592,14,,,0
19019,'1867',625,,37608,14,,,0,112,,37595,14,,,0,100,,37612,14,,,0,70,,37600,14,,,0,30,,37601,14,,,0,70,,37605,14,,,0,31,,37621,14,,,0,71,,37619,14,,,0,30,,37620,14,,,0,70,,37598,14,,,0,30,,37622,14,,,0,70,,37597,14,,,0,30,,37624,14,,,0,70,,37613,14,,,0,31,,37615,14,,,0,71,,37603,14,,,0,30,,37606,14,,,0,70,,37609,14,,,0,30,,37611,14,,,0,68,,37599,14,,,0,29,,37602,14,,,0,70,,37616,14,,,0,30,,37604,14,,,0,70,,37607,14,,,0,30,,37596,14,,,0,70,,37614,14,,,0,45,,37610,14,,,0,100,,37617,14,,,0,100,,37618,14,,,0,84,,37623,14,,,0
10019019,'1850',615,,34625,13,,,0,26,,34626,13,,,0,70,,34623,13,,,0,30,,34624,13,,,0,70,,34627,13,,,0,804,,34632,13,,,0,30,,34630,13,,,0,70,,34628,13,,,0,30,,34633,13,,,0,67,,34629,13,,,0,210,,34631,13,,,0
10019019,'1864',615,,41871,13,,,0,26,,34637,13,,,0,70,,34634,13,,,0,30,,41870,13,,,0,70,,34638,13,,,0,804,,34643,13,,,0,30,,34641,13,,,0,70,,41872,13,,,0,30,,41875,13,,,0,67,,41873,13,,,0,210,,41874,13,,,0
10019019,'1865',615,,41878,13,,,0,26,,41879,13,,,0,70,,41876,13,,,0,30,,41877,13,,,0,70,,41880,13,,,0,804,,41885,13,,,0,30,,41883,13,,,0,70,,41881,13,,,0,30,,41886,13,,,0,67,,41882,13,,,0,210,,41884,13,,,0
