15019,'1838',721,,45028,23,,,0,100,,36883,23,,,0,100,,36886,23,,,0,100,,45027,23,,,0,100,,36881,23,,,0,100,,36879,23,,,0,101,,45026,23,,,0,100,,36880,23,,,0,100,,36877,23,,,0,99,,45025,23,,,0,100,,36875,23,,,0,100,,36876,23,,,0,100,,45024,23,,,0,100,,36887,23,,,0
15019,'1865',646,,36905,23,,,0,70,,45029,23,,,0,34,,36907,23,,,0,70,,36908,23,,,0,26,,36909,23,,,0,70,,36910,23,,,0,30,,36911,23,,,0,70,,45030,23,,,0,30,,45031,23,,,0,70,,42569,23,,,0,30,,45032,23,,,0,70,,45033,23,,,0,30,,42570,23,,,0,70,,36918,23,,,0,30,,45034,23,,,0,70,,36920,23,,,0,32,,36921,23,,,0,70,,45035,23,,,0,30,,45036,23,,,0,70,,36924,23,,,0,29,,36925,23,,,0,70,,36926,23,,,0,29,,45037,23,,,0,70,,36928,23,,,0,30,,45038,23,,,0,70,,45039,23,,,0,30,,36931,23,,,0,100,,45040,23,,,0,98,,45041,23,,,0,100,,45042,23,0,5 2 6 7,0
15019,'1866',721,,36935,23,,,0,100,,45043,23,,,0,100,,36937,23,,,0,100,,36938,23,,,0,100,,45044,23,,,0,100,,36940,23,,,0,101,,36941,23,,,0,100,,45045,23,,,0,100,,36943,23,,,0,99,,36944,23,,,0,100,,45046,23,,,0,100,,36946,23,,,0,100,,36947,23,,,0,100,,45047,23,,,0
15019,'1867',721,,45053,23,,,0,100,,36959,23,,,0,100,,36962,23,,,0,100,,45052,23,,,0,100,,36957,23,,,0,100,,36955,23,,,0,101,,45051,23,,,0,100,,36956,23,,,0,100,,36953,23,,,0,99,,45050,23,,,0,100,,36951,23,,,0,100,,36952,23,,,0,100,,45049,23,,,0,100,,36963,23,,,0
15019,'1873',721,,30301,23,,,0,200,,30303,23,,,0,100,,30304,23,,,0,200,,30306,23,,,0,101,,30307,23,,,0,200,,30309,23,,,0,99,,30310,23,,,0,200,,30312,23,,,0,100,,30313,23,,,0
15019,'1878',821,,30325,23,,,0,100,,30328,23,,,0,200,,30323,23,,,0,100,,30321,23,,,0,201,,30322,23,,,0,100,,30319,23,,,0,199,,30317,23,,,0,100,,30318,23,,,0,200,,30329,23,,,0
15019,'1881',716,,36889,23,,,0,300,,36890,23,,,0,30,,36891,23,,,0,100,,36893,23,,,0,70,,36894,23,,,0,130,,36896,23,,,0,172,,36897,23,,,0,30,,36898,23,,,0,198,,30384,23,,,0,100,,36899,23,,,0,70,,42574,23,,,0,130,,36901,23,,,0,98,,36902,23,,,0,100,,36903,23,0,5 2 6 7,0
15019,'1882',646,,30362,23,,,0,104,,30364,23,,,0,70,,30365,23,,,0,26,,30366,23,,,0,70,,30367,23,,,0,30,,30368,23,,,0,170,,42572,23,,,0,130,,42573,23,,,0,70,,30375,23,,,0,100,,30377,23,,,0,32,,30378,23,,,0,170,,30381,23,,,0,29,,30382,23,,,0,70,,30383,23,,,0,99,,30385,23,,,0,130,,30388,23,,,0
15019,'1886',716,,45054,23,,,0,300,,45055,23,,,0,30,,45056,23,,,0,100,,45057,23,,,0,70,,45058,23,,,0,130,,45059,23,,,0,172,,45060,23,,,0,30,,45061,23,,,0,198,,45062,23,,,0,100,,45063,23,,,0,70,,45064,23,,,0,130,,45065,23,,,0,98,,45066,23,,,0,100,,45067,23,0,5 2 6 7,0
15019,'1887',821,,45068,23,,,0,300,,45069,23,,,0,301,,45070,23,,,0,299,,45071,23,,,0,300,,45072,23,,,0
15019,'1888',721,,45078,23,,,0,300,,45077,23,,,0,301,,45076,23,,,0,299,,45075,23,,,0,300,,45074,23,,,0
