1019,'1817',602,,16535,3,,,0,100,,16536,3,,,0,100,,16537,3,,,0,100,,16538,3,,,0,100,,16539,3,,,0,100,,16540,3,,,0,100,,16541,3,,,0,100,,16542,3,,,0,100,,16543,3,,,0,100,,16544,3,,,0,100,,16545,3,,,0,100,,16546,3,,,0,100,,16547,3,,,0,100,,16548,3,,,0,100,,16549,3,,,0,100,,16550,3,,,0,100,,16551,3,,,0,100,,16552,3,,,0
1019,'1820',532,,13768,3,,,0,75,,9355,3,,,0,30,,9331,3,,,0,70,,13765,3,,,0,30,,13774,3,,,0,70,,9328,3,,,0,30,,9334,3,,,0,70,,13780,3,,,0,30,,13767,3,,,0,70,,9324,3,,,0,30,,13773,3,,,0,70,,9329,3,,,0,30,,13769,3,,,0,70,,13779,3,,,0,30,,9332,3,,,0,70,,9325,3,,,0,30,,9356,3,,,0,70,,13766,3,,,0,30,,13770,3,,,0,70,,13778,3,,,0,30,,13775,3,,,0,70,,9338,3,,,0,30,,9305,3,,,0,70,,9339,3,,,0,30,,9341,3,,,0,70,,13771,3,,,0,30,,9337,3,,,0,65,,9357,3,,,0,30,,9351,3,,,0,70,,13777,3,,,0,30,,9350,3,,,0,70,,13776,3,,,0,30,,9348,3,,,0,70,,9347,3,,,0,30,,9345,3,,,0,70,,13772,3,,,0
1019,'1823',532,,16562,3,,,0,75,,16585,3,,,0,30,,16560,3,,,0,70,,16555,3,,,0,30,,16574,3,,,0,70,,16557,3,,,0,30,,16563,3,,,0,70,,16588,3,,,0,30,,16559,3,,,0,70,,16553,3,,,0,30,,16573,3,,,0,70,,16558,3,,,0,30,,16564,3,,,0,70,,16584,3,,,0,30,,16561,3,,,0,70,,16554,3,,,0,30,,16586,3,,,0,70,,16556,3,,,0,30,,16565,3,,,0,70,,16583,3,,,0,30,,16576,3,,,0,70,,16568,3,,,0,30,,16566,3,,,0,70,,16569,3,,,0,30,,16571,3,,,0,70,,16570,3,,,0,30,,16567,3,,,0,65,,16587,3,,,0,30,,16581,3,,,0,70,,16582,3,,,0,30,,16580,3,,,0,70,,16579,3,,,0,30,,16578,3,,,0,70,,16577,3,,,0,30,,16575,3,,,0,70,,16572,3,,,0
1019,'1824',532,,16600,3,,,0,70,,16614,3,,,0,30,,16599,3,,,0,70,,16619,3,,,0,30,,16609,3,,,0,70,,16593,3,,,0,30,,16615,3,,,0,70,,16617,3,,,0,30,,16598,3,,,0,70,,16620,3,,,0,30,,16608,3,,,0,70,,16592,3,,,0,30,,16603,3,,,0,70,,16613,3,,,0,30,,16597,3,,,0,70,,16621,3,,,0,30,,16607,3,,,0,70,,16591,3,,,0,30,,16602,3,,,0,70,,16612,3,,,0,30,,16596,3,,,0,70,,16622,3,,,0,30,,16606,3,,,0,70,,16590,3,,,0,30,,16601,3,,,0,70,,16611,3,,,0,30,,16594,3,,,0,70,,16623,3,,,0,30,,16604,3,,,0,70,,16589,3,,,0,30,,16595,3,,,0,70,,16610,3,,,0,30,,16605,3,,,0,70,,16624,3,,,0,30,,16618,3,,,0,70,,16616,3,,,0
2019,'1816',617,,5782,3,,,0,30,,5789,12,,,0,70,,5798,12,,,0,30,,5805,12,,,0,70,,5783,12,,,0,30,,5790,12,,,0,70,,5799,12,,,0,30,,5806,12,,,0,70,,5784,12,,,0,30,,5791,12,,,0,70,,5800,12,,,0,30,,5807,12,,,0,70,,5785,12,,,0,30,,5792,12,,,0,70,,5801,12,,,0,30,,5808,12,,,0,70,,5786,12,,,0,30,,5793,12,,,0,70,,5802,12,,,0,30,,5809,12,,,0,70,,5787,12,,,0,30,,5794,12,,,0,70,,5803,12,,,0,30,,5810,12,,,0,70,,5788,12,,,0,30,,5795,12,,,0,70,,5804,12,,,0,100,,5796,12,,,0,100,,5811,12,,,0,100,,5797,12,,,0,100,,5812,12,,,0
2019,'1817',647,,9439,12,,,0,70,,9416,12,,,0,30,,9420,12,,,0,70,,9432,12,,,0,30,,9427,12,,,0,70,,9417,12,,,0,30,,9421,12,,,0,70,,9433,12,,,0,30,,9428,12,,,0,70,,9418,12,,,0,30,,9422,12,,,0,70,,9434,12,,,0,30,,9429,12,,,0,70,,9419,12,,,0,30,,9423,12,,,0,70,,9435,12,,,0,30,,9430,12,,,0,70,,9414,12,,,0,30,,9424,12,,,0,70,,9436,12,,,0,30,,9431,12,,,0,70,,9412,12,,,0,30,,9425,12,,,0,70,,9437,12,,,0,100,,9413,12,,,0,100,,9438,12,,,0,100,,9415,12,,,0,100,,9426,12,,,0,99,,9440,12,,,0
2019,'1820',442,,13795,3,0,5 2 13 14,0
2019,'1821',617,,5750,12,,,0,30,,5751,12,,,0,70,,5752,12,,,0,30,,5753,12,,,0,71,,5754,12,,,0,29,,5755,12,,,0,70,,5756,12,,,0,30,,5757,12,,,0,70,,5758,12,,,0,30,,5759,12,,,0,70,,5760,12,,,0,30,,5761,12,,,0,70,,5762,12,,,0,30,,5763,12,,,0,70,,5764,12,,,0,30,,5765,12,,,0,70,,5766,12,,,0,30,,5767,12,,,0,70,,5768,12,,,0,30,,5769,12,,,0,70,,5770,12,,,0,30,,5771,12,,,0,70,,5772,12,,,0,30,,5773,12,,,0,70,,5774,12,,,0,30,,5780,12,,,0,70,,5775,12,,,0,100,,5776,12,,,0,100,,5777,12,,,0,100,,5778,12,,,0,100,,5779,12,,,0
2019,'1823',442,,16712,3,0,5 2 13 14,0
12019,'1820',627,,14414,3,,,0,30,,14417,3,,,0,70,,10398,3,,,0,30,,14418,3,,,0,70,,14413,3,,,0,30,,14416,3,0,5 2 12,0,70,,10392,3,0,5 2 12,0,30,,10393,3,0,5 2 12,0,70,,10383,3,0,5 2 12,0,30,,14407,3,0,5 2 12,0,70,,14408,3,0,5 2 12,0,30,,14409,3,0,5 2 12,0,70,,14410,3,0,5 2 12,0,30,,10388,3,0,5 2 12,0,170,,10391,3,,,0,30,,10401,3,,,0,70,,14412,3,,,0,30,,10399,3,,,0,70,,10395,3,,,0,30,,10400,3,,,0,70,,14411,3,,,0,30,,14415,3,,,0
12019,'1821',1327,,10389,3,0,5 2 12,0,30,,10390,3,0,5 2 12,0
12019,'1823',627,,17267,3,,,0,30,,17270,3,,,0,70,,17263,3,,,0,30,,17271,3,,,0,70,,17262,3,,,0,30,,17269,3,0,5 2 12,0,70,,17257,3,0,5 2 12,0,30,,17258,3,0,5 2 12,0,70,,17250,3,0,5 2 12,0,30,,17251,3,0,5 2 12,0,70,,17252,3,0,5 2 12,0,30,,17253,3,0,5 2 12,0,70,,17254,3,0,5 2 12,0,30,,17255,3,0,5 2 12,0,170,,17256,3,,,0,30,,17266,3,,,0,70,,17261,3,,,0,30,,17264,3,,,0,70,,17260,3,,,0,30,,17265,3,,,0,70,,17259,3,,,0,30,,17268,3,,,0
32019,'1817',622,,17897,2,,,0,95,,17898,2,,,0,100,,17899,2,,,0,100,,17900,2,,,0,100,,17901,2,,,0,101,,17902,2,,,0,100,,17903,2,,,0,100,,17904,2,,,0,100,,17905,2,,,0,100,,17906,2,,,0,100,,17907,2,,,0,100,,17908,2,,,0,100,,17909,2,,,0,100,,17910,2,,,0,100,,17911,2,,,0,99,,17912,2,,,0,100,,17913,2,,,0,95,,17915,2,0,5 2 8 7,0
32019,'1820',622,,15017,2,,,0,26,,15023,2,,,0,70,,11563,2,,,0,30,,11579,2,,,0,70,,15028,2,,,0,30,,15018,2,,,0,70,,11571,2,,,0,30,,15022,2,,,0,70,,11561,2,,,0,30,,15021,2,,,0,70,,15027,2,,,0,30,,11575,2,,,0,70,,11570,2,,,0,30,,11581,2,,,0,70,,15015,2,,,0,30,,15020,2,,,0,69,,15026,2,,,0,30,,15019,2,,,0,71,,11567,2,,,0,30,,11540,2,,,0,70,,11560,2,,,0,30,,11578,2,,,0,70,,15025,2,,,0,30,,11572,2,,,0,70,,11569,2,,,0,30,,11580,2,,,0,70,,15016,2,,,0,100,,15024,2,,,0,99,,11566,2,,,0,100,,15014,2,,,0,95,,15030,2,0,5 2 8 7,0
32019,'1823',622,,17924,2,,,0,26,,17940,2,,,0,70,,17919,2,,,0,30,,17935,2,,,0,70,,17945,2,,,0,30,,17929,2,,,0,70,,17927,2,,,0,30,,17939,2,,,0,70,,17917,2,,,0,30,,17933,2,,,0,70,,17944,2,,,0,30,,17931,2,,,0,70,,17926,2,,,0,30,,17938,2,,,0,70,,17920,2,,,0,30,,17932,2,,,0,69,,17943,2,,,0,30,,17930,2,,,0,71,,17923,2,,,0,30,,17937,2,,,0,70,,17916,2,,,0,30,,17934,2,,,0,70,,17942,2,,,0,30,,17928,2,,,0,70,,17925,2,,,0,30,,17936,2,,,0,70,,17921,2,,,0,100,,17941,2,,,0,99,,17922,2,,,0,100,,17918,2,,,0,95,,17951,2,0,5 2 8 7,0
32019,'1824',622,,17965,2,,,0,25,,17982,2,,,0,70,,17959,2,,,0,30,,17976,2,,,0,70,,17983,2,,,0,30,,17971,2,,,0,70,,17964,2,,,0,30,,17981,2,,,0,70,,17958,2,,,0,30,,17975,2,,,0,71,,17986,2,,,0,30,,17970,2,,,0,70,,17963,2,,,0,30,,17980,2,,,0,70,,17957,2,,,0,30,,17974,2,,,0,70,,17985,2,,,0,30,,17969,2,,,0,70,,17962,2,,,0,30,,17979,2,,,0,70,,17956,2,,,0,30,,17973,2,,,0,70,,17987,2,,,0,30,,17968,2,,,0,70,,17961,2,,,0,30,,17977,2,,,0,70,,17955,2,,,0,100,,17984,2,,,0,99,,17960,2,,,0,100,,17954,2,,,0,100,,17988,2,0,5 2 8 7,0
14000001019,'1816',2512,,9276,19,,,0
14000001019,'1817',2412,,19136,19,,,0,30,,19135,19,,,0,70,,13721,19,,,0,30,,19137,19,,,0,70,,19134,19,,,0
14000001019,'1820',2412,,16506,19,,,0,30,,16504,19,,,0,100,,16505,19,,,0,70,,16503,19,,,0
14000001019,'1821',2512,,9270,19,,,0
14000001019,'1823',2412,,19141,19,,,0,30,,19139,19,,,0,100,,19140,19,,,0,70,,19138,19,,,0
14000001019,'1824',2412,,19145,19,,,0,30,,19142,19,,,0,100,,19144,19,,,0,70,,19143,19,,,0
