15019,'1800',738,,30284,48,,,0,100,,30282,48,,,0,100,,30285,48,,,0,101,,30283,48,,,0,100,,30280,48,,,0,100,,30278,48,,,0,101,,30281,48,,,0,100,,30279,48,,,0,100,,30276,48,,,0,99,,30277,48,,,0,100,,30274,48,,,0,100,,30275,48,,,0,100,,30273,48,,,0,99,,30286,48,,,0
15019,'1838',738,,36885,48,,,0,100,,36883,48,,,0,100,,36886,48,,,0,101,,36884,48,,,0,100,,36881,48,,,0,100,,36879,48,,,0,101,,36882,48,,,0,100,,36880,48,,,0,100,,36877,48,,,0,99,,36878,48,,,0,100,,36875,48,,,0,100,,36876,48,,,0,100,,36874,48,,,0,99,,36887,48,,,0
15019,'1850',610,,30330,14,0,5 2 6 7,0,94,,30331,48,,,0,30,,30332,48,,,0,76,,30333,48,,,0,31,,30334,48,,,0,65,,30335,48,,,0,30,,30336,48,,,0,70,,30337,48,,,0,30,,30338,48,,,0,70,,30339,48,,,0,30,,30340,48,,,0,70,,30341,48,,,0,30,,30342,48,,,0,70,,30343,48,,,0,30,,30344,48,,,0,70,,30345,48,,,0,30,,30346,48,,,0,72,,30347,48,,,0,30,,30348,48,,,0,70,,30349,48,,,0,30,,30350,48,,,0,69,,30351,48,,,0,30,,30352,48,,,0,67,,30353,48,,,0,30,,30354,48,,,0,70,,30355,48,,,0,30,,30356,48,,,0,70,,30357,48,,,0,100,,30358,48,,,0,98,,30359,48,,,0,100,,30360,48,0,5 2 6 7,0
15019,'1859',738,,30301,48,,,0,100,,30302,48,,,0,100,,30303,48,,,0,101,,30304,48,,,0,100,,30305,48,,,0,100,,30306,48,,,0,102,,30307,48,,,0,100,,30308,48,,,0,100,,30309,48,,,0,98,,30310,48,,,0,100,,30311,48,,,0,100,,30312,48,,,0,100,,30313,48,,,0,99,,30314,48,,,0
15019,'1861',738,,30327,48,,,0,100,,30325,48,,,0,100,,30328,48,,,0,101,,30326,48,,,0,100,,30323,48,,,0,100,,30321,48,,,0,101,,30324,48,,,0,100,,30322,48,,,0,100,,30319,48,,,0,99,,30320,48,,,0,100,,30317,48,,,0,100,,30318,48,,,0,100,,30316,48,,,0,99,,30329,48,,,0
15019,'1862',611,,36888,14,0,5 2 6 7,0
15019,'1864',610,,30361,14,0,5 2 6 7,0,94,,30362,48,,,0,30,,36889,48,,,0,76,,30364,48,,,0,31,,30365,48,,,0,65,,30366,48,,,0,30,,30367,48,,,0,70,,30368,48,,,0,30,,36890,48,,,0,70,,36891,48,,,0,30,,36892,48,,,0,70,,36893,48,,,0,30,,36894,48,,,0,70,,36895,48,,,0,30,,30375,48,,,0,70,,36896,48,,,0,30,,30377,48,,,0,72,,30378,48,,,0,30,,36897,48,,,0,70,,36898,48,,,0,30,,30381,48,,,0,69,,30382,48,,,0,30,,30383,48,,,0,67,,30384,48,,,0,30,,30385,48,,,0,70,,36899,48,,,0,30,,36900,48,,,0,70,,30388,48,,,0,100,,36901,48,,,0,98,,36902,48,,,0,100,,36903,48,0,5 2 6 7,0
15019,'1865',610,,36904,14,0,5 2 6 7,0,94,,36905,48,,,0,30,,36906,48,,,0,76,,36907,48,,,0,31,,36908,48,,,0,65,,36909,48,,,0,30,,36910,48,,,0,70,,36911,48,,,0,30,,36912,48,,,0,70,,36913,48,,,0,30,,36914,48,,,0,70,,36915,48,,,0,30,,36916,48,,,0,70,,36917,48,,,0,30,,36918,48,,,0,70,,36919,48,,,0,30,,36920,48,,,0,72,,36921,48,,,0,30,,36922,48,,,0,70,,36923,48,,,0,30,,36924,48,,,0,69,,36925,48,,,0,30,,36926,48,,,0,67,,36927,48,,,0,30,,36928,48,,,0,70,,36929,48,,,0,30,,36930,48,,,0,70,,36931,48,,,0,100,,36932,48,,,0,98,,36933,48,,,0,100,,36934,48,0,5 2 6 7,0
15019,'1866',611,,36949,14,0,5 2 6 7,0,127,,36935,48,,,0,100,,36936,48,,,0,100,,36937,48,,,0,101,,36938,48,,,0,100,,36939,48,,,0,100,,36940,48,,,0,102,,36941,48,,,0,100,,36942,48,,,0,100,,36943,48,,,0,98,,36944,48,,,0,100,,36945,48,,,0,100,,36946,48,,,0,100,,36947,48,,,0,99,,36948,48,,,0
15019,'1867',738,,36961,48,,,0,100,,36959,48,,,0,100,,36962,48,,,0,101,,36960,48,,,0,100,,36957,48,,,0,100,,36955,48,,,0,101,,36958,48,,,0,100,,36956,48,,,0,100,,36953,48,,,0,99,,36954,48,,,0,100,,36951,48,,,0,100,,36952,48,,,0,100,,36950,48,,,0,99,,36963,48,,,0
