15029,'1838',745,,36977,67,,,0,98,,45082,67,,,0,101,,36974,67,,,0,100,,36975,67,,,0,103,,45083,67,,,0,100,,36972,67,,,0,100,,36969,67,,,0,102,,45081,67,,,0,100,,36971,67,,,0,98,,36968,67,,,0,99,,45080,67,,,0,99,,36966,67,,,0,100,,36967,67,,,0,100,,45079,67,,,0
15029,'1865',622,,45084,27,,,0,20,,45085,27,,,0,71,,36995,67,,,0,32,,36996,67,,,0,74,,36997,67,,,0,29,,45086,67,,,0,73,,36999,67,,,0,30,,37000,67,,,0,65,,37001,67,,,0,30,,37002,67,,,0,70,,37003,67,,,0,30,,45087,67,,,0,70,,45088,67,,,0,30,,42575,67,,,0,70,,45089,67,,,0,30,,45090,67,,,0,70,,42576,67,,,0,33,,37010,67,,,0,73,,45091,67,,,0,35,,37012,67,,,0,72,,37013,67,,,0,29,,45092,67,,,0,65,,45093,67,,,0,23,,37016,67,,,0,69,,37017,67,,,0,29,,37018,67,,,0,67,,45094,67,,,0,30,,37020,67,,,0,70,,45095,67,,,0,30,,45096,67,,,0,70,,37023,67,,,0,99,,45098,67,,,0,97,,45097,67,,,0
15029,'1866',617,,45099,27,,,0,133,,37029,67,,,0,93,,37030,67,,,0,100,,45100,67,,,0,100,,37032,67,,,0,102,,37033,67,,,0,100,,45101,67,,,0,100,,37035,67,,,0,106,,37036,67,,,0,100,,45102,67,,,0,97,,37038,67,,,0,98,,37039,67,,,0,99,,45103,67,,,0,100,,37026,67,,,0,100,,37027,67,,,0
15029,'1867',745,,37054,67,,,0,98,,45107,67,,,0,101,,37051,67,,,0,100,,37052,67,,,0,103,,45108,67,,,0,100,,37049,67,,,0,100,,37046,67,,,0,102,,45106,67,,,0,100,,37048,67,,,0,98,,37045,67,,,0,99,,45105,67,,,0,99,,37043,67,,,0,100,,37044,67,,,0,100,,45104,67,,,0
15029,'1873',750,,30423,67,,,0,93,,30424,67,,,0,200,,30426,67,,,0,102,,30427,67,,,0,200,,30429,67,,,0,106,,30430,67,,,0,197,,30432,67,,,0,98,,30433,67,,,0,199,,30420,67,,,0,100,,30421,67,,,0
15029,'1878',745,,30448,67,,,0,199,,30445,67,,,0,100,,30446,67,,,0,203,,30443,67,,,0,100,,30440,67,,,0,202,,30442,67,,,0,98,,30439,67,,,0,198,,30437,67,,,0,100,,30438,67,,,0
15029,'1881',622,,30482,27,,,0,20,,36978,27,,,0,206,,36979,67,,,0,298,,36980,67,,,0,70,,36981,67,,,0,100,,36983,67,,,0,30,,36984,67,,,0,176,,36986,67,,,0,136,,36987,67,,,0,65,,36988,67,,,0,188,,30508,67,,,0,100,,36989,67,,,0,30,,42580,67,,,0,169,,36992,67,,,0,97,,36991,67,,,0
15029,'1882',713,,30484,67,,,0,32,,30485,67,,,0,74,,30486,67,,,0,102,,30488,67,,,0,30,,30489,67,,,0,65,,30490,67,,,0,30,,30491,67,,,0,70,,30492,67,,,0,130,,42578,67,,,0,170,,42579,67,,,0,33,,30499,67,,,0,108,,30501,67,,,0,72,,30502,67,,,0,117,,30505,67,,,0,69,,30506,67,,,0,29,,30507,67,,,0,97,,30509,67,,,0,170,,30512,67,,,0
15029,'1886',622,,45109,27,,,0,20,,45110,27,,,0,206,,45111,67,,,0,298,,45112,67,,,0,70,,45113,67,,,0,100,,45114,67,,,0,30,,45115,67,,,0,176,,45116,67,,,0,136,,45117,67,,,0,65,,45118,67,,,0,188,,45119,67,,,0,100,,45120,67,,,0,30,,45121,67,,,0,169,,45123,67,,,0,97,,45122,67,,,0
15029,'1887',617,,45124,27,,,0,326,,45125,67,,,0,302,,45126,67,,,0,306,,45127,67,,,0,294,,45128,67,,,0
15029,'1888',843,,45132,67,,,0,304,,45133,67,,,0,302,,45131,67,,,0,297,,45130,67,,,0,299,,45129,67,,,0
