1019,'1800',610,,28295,12,,,0,100,,28296,12,,,0,100,,28297,12,,,0,100,,28298,12,,,0,100,,28299,12,,,0,100,,28300,12,,,0,100,,28301,12,,,0,100,,28302,12,,,0,100,,28303,12,,,0,100,,28304,12,,,0,100,,28305,12,,,0,100,,28306,12,,,0,100,,28307,12,,,0,100,,28308,12,,,0,100,,28309,12,,,0,100,,28310,12,,,0,100,,28311,12,,,0,100,,28312,12,,,0
1019,'1838',610,,34814,12,,,0,100,,34815,12,,,0,100,,34816,12,,,0,100,,34817,12,,,0,100,,34818,12,,,0,100,,34819,12,,,0,100,,34820,12,,,0,100,,34821,12,,,0,100,,34822,12,,,0,100,,34823,12,,,0,100,,34824,12,,,0,100,,34825,12,,,0,100,,34826,12,,,0,100,,34827,12,,,0,100,,34828,12,,,0,100,,34829,12,,,0,100,,34830,12,,,0,100,,34831,12,,,0
1019,'1850',540,,28394,12,,,0,70,,28417,12,,,0,30,,28392,12,,,0,70,,28387,12,,,0,30,,28406,12,,,0,71,,28389,12,,,0,30,,28395,12,,,0,70,,28420,12,,,0,30,,28391,12,,,0,70,,28385,12,,,0,31,,28405,12,,,0,70,,28390,12,,,0,30,,28396,12,,,0,70,,28416,12,,,0,30,,28393,12,,,0,70,,28386,12,,,0,30,,28418,12,,,0,70,,28388,12,,,0,30,,28397,12,,,0,70,,28415,12,,,0,29,,28408,12,,,0,70,,28400,12,,,0,30,,28398,12,,,0,70,,28401,12,,,0,30,,28403,12,,,0,70,,28402,12,,,0,29,,28399,12,,,0,70,,28419,12,,,0,30,,28413,12,,,0,70,,28414,12,,,0,30,,28412,12,,,0,70,,28411,12,,,0,30,,28410,12,,,0,70,,28409,12,,,0,30,,28407,12,,,0,70,,28404,12,,,0
1019,'1859',540,,28342,12,,,0,70,,28356,12,,,0,30,,28341,12,,,0,70,,28361,12,,,0,30,,28351,12,,,0,70,,28335,12,,,0,30,,28357,12,,,0,70,,28359,12,,,0,30,,28340,12,,,0,70,,28362,12,,,0,30,,28350,12,,,0,70,,28334,12,,,0,30,,28345,12,,,0,70,,28355,12,,,0,30,,28339,12,,,0,70,,28363,12,,,0,30,,28349,12,,,0,70,,28333,12,,,0,30,,28344,12,,,0,70,,28354,12,,,0,30,,28338,12,,,0,70,,28364,12,,,0,30,,28348,12,,,0,70,,28332,12,,,0,30,,28343,12,,,0,70,,28353,12,,,0,30,,28336,12,,,0,70,,28365,12,,,0,30,,28346,12,,,0,70,,28331,12,,,0,30,,28337,12,,,0,70,,28352,12,,,0,30,,28347,12,,,0,70,,28366,12,,,0,30,,28360,12,,,0,70,,28358,12,,,0
1019,'1861',610,,28367,12,,,0,100,,28368,12,,,0,100,,28369,12,,,0,100,,28370,12,,,0,100,,28371,12,,,0,100,,28372,12,,,0,100,,28373,12,,,0,100,,28374,12,,,0,100,,28375,12,,,0,100,,28376,12,,,0,100,,28377,12,,,0,100,,28378,12,,,0,100,,28379,12,,,0,100,,28380,12,,,0,100,,28381,12,,,0,100,,28382,12,,,0,100,,28383,12,,,0,100,,28384,12,,,0
1019,'1864',540,,28430,12,,,0,70,,34863,12,,,0,30,,34839,12,,,0,70,,34834,12,,,0,30,,34852,12,,,0,71,,34836,12,,,0,30,,34841,12,,,0,70,,34866,12,,,0,30,,34838,12,,,0,70,,34832,12,,,0,31,,34851,12,,,0,70,,34837,12,,,0,30,,34842,12,,,0,70,,34862,12,,,0,30,,34840,12,,,0,70,,34833,12,,,0,30,,34864,12,,,0,70,,34835,12,,,0,30,,34843,12,,,0,70,,34861,12,,,0,29,,34854,12,,,0,70,,34846,12,,,0,30,,34844,12,,,0,70,,34847,12,,,0,30,,34849,12,,,0,70,,34848,12,,,0,29,,34845,12,,,0,70,,34865,12,,,0,30,,34859,12,,,0,70,,34860,12,,,0,30,,34858,12,,,0,70,,34857,12,,,0,30,,34856,12,,,0,70,,34855,12,,,0,30,,34853,12,,,0,70,,34850,12,,,0
1019,'1865',540,,34876,12,,,0,70,,34899,12,,,0,30,,34874,12,,,0,70,,34869,12,,,0,30,,34888,12,,,0,71,,34871,12,,,0,30,,34877,12,,,0,70,,34902,12,,,0,30,,34873,12,,,0,70,,34867,12,,,0,31,,34887,12,,,0,70,,34872,12,,,0,30,,34878,12,,,0,70,,34898,12,,,0,30,,34875,12,,,0,70,,34868,12,,,0,30,,34900,12,,,0,70,,34870,12,,,0,30,,34879,12,,,0,70,,34897,12,,,0,29,,34890,12,,,0,70,,34882,12,,,0,30,,34880,12,,,0,70,,34883,12,,,0,30,,34885,12,,,0,70,,34884,12,,,0,29,,34881,12,,,0,70,,34901,12,,,0,30,,34895,12,,,0,70,,34896,12,,,0,30,,34894,12,,,0,70,,34893,12,,,0,30,,34892,12,,,0,70,,34891,12,,,0,30,,34889,12,,,0,70,,34886,12,,,0
1019,'1866',540,,34914,12,,,0,70,,34928,12,,,0,30,,34913,12,,,0,70,,34933,12,,,0,30,,34923,12,,,0,70,,34907,12,,,0,30,,34929,12,,,0,70,,34931,12,,,0,30,,34912,12,,,0,70,,34934,12,,,0,30,,34922,12,,,0,70,,34906,12,,,0,30,,34917,12,,,0,70,,34927,12,,,0,30,,34911,12,,,0,70,,34935,12,,,0,30,,34921,12,,,0,70,,34905,12,,,0,30,,34916,12,,,0,70,,34926,12,,,0,30,,34910,12,,,0,70,,34936,12,,,0,30,,34920,12,,,0,70,,34904,12,,,0,30,,34915,12,,,0,70,,34925,12,,,0,30,,34908,12,,,0,70,,34937,12,,,0,30,,34918,12,,,0,70,,34903,12,,,0,30,,34909,12,,,0,70,,34924,12,,,0,30,,34919,12,,,0,70,,34938,12,,,0,30,,34932,12,,,0,70,,34930,12,,,0
1019,'1867',610,,34939,12,,,0,100,,34940,12,,,0,100,,34941,12,,,0,100,,34942,12,,,0,100,,34943,12,,,0,100,,34944,12,,,0,100,,34945,12,,,0,100,,34946,12,,,0,100,,34947,12,,,0,100,,34948,12,,,0,100,,34949,12,,,0,100,,34950,12,,,0,100,,34951,12,,,0,100,,34952,12,,,0,100,,34953,12,,,0,100,,34954,12,,,0,100,,34955,12,,,0,100,,34956,12,,,0
2019,'1800',655,,19560,21,,,0,70,,19537,21,,,0,30,,19541,21,,,0,70,,19553,21,,,0,30,,19548,21,,,0,70,,19538,21,,,0,30,,19542,21,,,0,70,,19554,21,,,0,30,,19549,21,,,0,70,,19539,21,,,0,30,,19543,21,,,0,70,,19555,21,,,0,30,,19550,21,,,0,70,,19540,21,,,0,30,,19544,21,,,0,70,,19556,21,,,0,30,,19551,21,,,0,70,,19535,21,,,0,30,,19545,21,,,0,70,,19557,21,,,0,30,,19552,21,,,0,70,,19533,21,,,0,30,,19546,21,,,0,70,,19558,21,,,0,100,,19534,21,,,0,100,,19559,21,,,0,100,,19536,21,,,0,100,,19547,21,,,0,99,,19561,21,,,0
2019,'1838',655,,35124,21,,,0,70,,35101,21,,,0,30,,35105,21,,,0,70,,35117,21,,,0,30,,35112,21,,,0,70,,35102,21,,,0,30,,35106,21,,,0,70,,35118,21,,,0,30,,35113,21,,,0,70,,35103,21,,,0,30,,35107,21,,,0,70,,35119,21,,,0,30,,35114,21,,,0,70,,35104,21,,,0,30,,35108,21,,,0,70,,35120,21,,,0,30,,35115,21,,,0,70,,35099,21,,,0,30,,35109,21,,,0,70,,35121,21,,,0,30,,35116,21,,,0,70,,35097,21,,,0,30,,35110,21,,,0,70,,35122,21,,,0,100,,35098,21,,,0,100,,35123,21,,,0,100,,35100,21,,,0,100,,35111,21,,,0,99,,35125,21,,,0
2019,'1850',450,,28647,12,0,5 2 13 14,0,175,,28616,21,,,0,30,,28617,21,,,0,70,,28618,21,,,0,30,,28619,21,,,0,71,,28620,21,,,0,29,,28621,21,,,0,70,,28622,21,,,0,30,,28623,21,,,0,70,,28624,21,,,0,30,,28625,21,,,0,70,,28626,21,,,0,30,,28627,21,,,0,70,,28628,21,,,0,30,,28629,21,,,0,70,,28630,21,,,0,30,,28631,21,,,0,70,,28632,21,,,0,30,,28633,21,,,0,70,,28634,21,,,0,30,,28635,21,,,0,70,,28636,21,,,0,30,,28637,21,,,0,70,,28638,21,,,0,30,,28639,21,,,0,70,,28640,21,,,0,30,,28646,21,,,0,70,,28641,21,,,0,100,,28642,21,,,0,100,,28643,21,,,0,100,,28644,21,,,0,100,,28645,21,,,0
2019,'1857',625,,19412,21,,,0,30,,19413,21,,,0,70,,19414,21,,,0,30,,19415,21,,,0,71,,19416,21,,,0,29,,19417,21,,,0,70,,19418,21,,,0,30,,19419,21,,,0,70,,19420,21,,,0,30,,19421,21,,,0,70,,19422,21,,,0,30,,19423,21,,,0,70,,19424,21,,,0,30,,19425,21,,,0,70,,19426,21,,,0,30,,19427,21,,,0,70,,19428,21,,,0,30,,19429,21,,,0,70,,19430,21,,,0,30,,19431,21,,,0,70,,19432,21,,,0,30,,19433,21,,,0,70,,19434,21,,,0,30,,19435,21,,,0,70,,19436,21,,,0,30,,19442,21,,,0,70,,19437,21,,,0,100,,19438,21,,,0,100,,19439,21,,,0,100,,19440,21,,,0,100,,19441,21,,,0
2019,'1859',625,,19444,12,,,0,30,,19451,21,,,0,70,,19460,21,,,0,30,,19467,21,,,0,70,,19445,21,,,0,30,,19452,21,,,0,70,,19461,21,,,0,30,,19468,21,,,0,70,,19446,21,,,0,30,,19453,21,,,0,70,,19462,21,,,0,30,,19469,21,,,0,70,,19447,21,,,0,30,,19454,21,,,0,70,,19463,21,,,0,30,,19470,21,,,0,70,,19448,21,,,0,30,,19455,21,,,0,70,,19464,21,,,0,30,,19471,21,,,0,70,,19449,21,,,0,30,,19456,21,,,0,70,,19465,21,,,0,30,,19472,21,,,0,70,,19450,21,,,0,30,,19457,21,,,0,70,,19466,21,,,0,100,,19458,21,,,0,100,,19473,21,,,0,100,,19459,21,,,0,100,,19474,21,,,0
2019,'1861',655,,19502,21,,,0,70,,19479,21,,,0,30,,19483,21,,,0,70,,19495,21,,,0,30,,19490,21,,,0,70,,19480,21,,,0,30,,19484,21,,,0,70,,19496,21,,,0,30,,19491,21,,,0,70,,19481,21,,,0,30,,19485,21,,,0,70,,19497,21,,,0,30,,19492,21,,,0,70,,19482,21,,,0,30,,19486,21,,,0,70,,19498,21,,,0,30,,19493,21,,,0,70,,19477,21,,,0,30,,19487,21,,,0,70,,19499,21,,,0,30,,19494,21,,,0,70,,19475,21,,,0,30,,19488,21,,,0,70,,19500,21,,,0,100,,19476,21,,,0,100,,19501,21,,,0,100,,19478,21,,,0,100,,19489,21,,,0,99,,19503,21,,,0
2019,'1864',450,,35126,12,0,5 2 13 14,0
2019,'1865',450,,35158,12,0,5 2 13 14,0,175,,35127,21,,,0,30,,35128,21,,,0,70,,35129,21,,,0,30,,35130,21,,,0,71,,35131,21,,,0,29,,35132,21,,,0,70,,35133,21,,,0,30,,35134,21,,,0,70,,35135,21,,,0,30,,35136,21,,,0,70,,35137,21,,,0,30,,35138,21,,,0,70,,35139,21,,,0,30,,35140,21,,,0,70,,35141,21,,,0,30,,35142,21,,,0,70,,35143,21,,,0,30,,35144,21,,,0,70,,35145,21,,,0,30,,35146,21,,,0,70,,35147,21,,,0,30,,35148,21,,,0,70,,35149,21,,,0,30,,35150,21,,,0,70,,35151,21,,,0,30,,35157,21,,,0,70,,35152,21,,,0,100,,35153,21,,,0,100,,35154,21,,,0,100,,35155,21,,,0,100,,35156,21,,,0
2019,'1866',625,,35159,12,,,0,30,,35166,21,,,0,70,,35175,21,,,0,30,,35182,21,,,0,70,,35160,21,,,0,30,,35167,21,,,0,70,,35176,21,,,0,30,,35183,21,,,0,70,,35161,21,,,0,30,,35168,21,,,0,70,,35177,21,,,0,30,,35184,21,,,0,70,,35162,21,,,0,30,,35169,21,,,0,70,,35178,21,,,0,30,,35185,21,,,0,70,,35163,21,,,0,30,,35170,21,,,0,70,,35179,21,,,0,30,,35186,21,,,0,70,,35164,21,,,0,30,,35171,21,,,0,70,,35180,21,,,0,30,,35187,21,,,0,70,,35165,21,,,0,30,,35172,21,,,0,70,,35181,21,,,0,100,,35173,21,,,0,100,,35188,21,,,0,100,,35174,21,,,0,100,,35189,21,,,0
2019,'1867',655,,35217,21,,,0,70,,35194,21,,,0,30,,35198,21,,,0,70,,35210,21,,,0,30,,35205,21,,,0,70,,35195,21,,,0,30,,35199,21,,,0,70,,35211,21,,,0,30,,35206,21,,,0,70,,35196,21,,,0,30,,35200,21,,,0,70,,35212,21,,,0,30,,35207,21,,,0,70,,35197,21,,,0,30,,35201,21,,,0,70,,35213,21,,,0,30,,35208,21,,,0,70,,35192,21,,,0,30,,35202,21,,,0,70,,35214,21,,,0,30,,35209,21,,,0,70,,35190,21,,,0,30,,35203,21,,,0,70,,35215,21,,,0,100,,35191,21,,,0,100,,35216,21,,,0,100,,35193,21,,,0,100,,35204,21,,,0,99,,35218,21,,,0
14000001019,'1800',2419,,34757,28,,,0,30,,41971,28,,,0,70,,24911,28,,,0,30,,34758,28,,,0,70,,41970,28,,,0
14000001019,'1838',2419,,41975,28,,,0,30,,41974,28,,,0,70,,41972,28,,,0,30,,41976,28,,,0,70,,41973,28,,,0
14000001019,'1850',2419,,34775,28,,,0,30,,34772,28,,,0,70,,34773,28,,,0,30,,34774,28,,,0,70,,34771,28,,,0
14000001019,'1857',2519,,24893,28,,,0
14000001019,'1859',2419,,34766,28,,,0,30,,34763,28,,,0,70,,24899,28,,,0,30,,34765,28,,,0,70,,34764,28,,,0
14000001019,'1861',2419,,34769,28,,,0,100,,24901,28,,,0,30,,34770,28,,,0
14000001019,'1863',2449,,41978,28,,,0,170,,41977,28,,,0
14000001019,'1864',2419,,41982,28,,,0,30,,41980,28,,,0,100,,41981,28,,,0,70,,41979,28,,,0
14000001019,'1865',2419,,41987,28,,,0,30,,41984,28,,,0,70,,41985,28,,,0,30,,41986,28,,,0,70,,41983,28,,,0
14000001019,'1866',2419,,41992,28,,,0,30,,41988,28,,,0,70,,41991,28,,,0,30,,41990,28,,,0,70,,41989,28,,,0
14000001019,'1867',2419,,41996,28,,,0,30,,41995,28,,,0,70,,41993,28,,,0,30,,41997,28,,,0,70,,41994,28,,,0
