6029,'1829',653,,20126,15,,,0,72,,20127,15,,,0,30,,20128,15,,,0,70,,20129,15,,,0,30,,20130,15,,,0,99,,20132,15,,,0,70,,20133,15,,,0,130,,20136,15,,,0,70,,20137,15,,,0,30,,20138,15,,,0,70,,20139,15,,,0,30,,20140,15,,,0,70,,20141,15,,,0,32,,20142,15,,,0,70,,20143,15,,,0,30,,20144,15,,,0,268,,20149,15,,,0,30,,20150,15,,,0
6029,'1831',620,,20152,15,,,0,30,,20154,15,,,0,65,,20170,15,,,0,30,,20178,15,,,0,70,,20153,15,,,0,100,,20171,15,,,0,131,,20176,15,,,0,70,,20162,15,,,0,130,,20175,15,,,0,70,,20160,15,,,0,30,,20167,15,,,0,170,,20158,15,,,0,30,,20166,15,,,0,170,,20156,15,,,0,30,,20165,15,,,0,70,,20155,15,,,0
6029,'1835',623,,25230,15,,,0,301,,25231,15,,,0,130,,25232,15,,,0,70,,25233,15,,,0,502,,25234,15,,,0,30,,25235,15,,,0,70,,25236,15,,,0,28,,25237,15,,,0,190,,25227,15,,,0,98,,25229,15,,,0,100,,25226,15,,,0,100,,25228,15,,,0
6029,'1836',845,,25242,15,,,0,100,,25249,15,,,0,71,,25241,15,,,0,130,,25243,15,,,0,70,,25240,15,,,0,200,,25239,15,,,0,30,,25247,15,,,0,170,,25238,15,,,0,30,,25246,15,,,0,200,,25245,15,,,0
15019,'1799',743,,21066,54,,,0,100,,21064,54,,,0,100,,21067,54,,,0,101,,21065,54,,,0,100,,21062,54,,,0,100,,21060,54,,,0,101,,21063,54,,,0,100,,21061,54,,,0,100,,21058,54,,,0,99,,21059,54,,,0,100,,21056,54,,,0,100,,21057,54,,,0,100,,21055,54,,,0,99,,21068,54,,,0
15019,'1800',743,,21080,54,,,0,100,,21078,54,,,0,100,,21081,54,,,0,101,,21079,54,,,0,100,,21076,54,,,0,100,,21074,54,,,0,101,,21077,54,,,0,100,,21075,54,,,0,100,,21072,54,,,0,99,,21073,54,,,0,100,,21070,54,,,0,100,,21071,54,,,0,100,,21069,54,,,0,99,,21082,54,,,0
15019,'1829',709,,20996,54,,,0,202,,21000,54,,,0,100,,21002,54,,,0,130,,21005,54,,,0,301,,21011,54,,,0,567,,21022,54,,,0
15019,'1831',743,,21026,54,,,0,100,,21027,54,,,0,100,,21028,54,,,0,101,,21029,54,,,0,100,,21030,54,,,0,100,,21031,54,,,0,102,,21032,54,,,0,100,,21033,54,,,0,100,,21034,54,,,0,98,,21035,54,,,0,100,,21036,54,,,0,100,,21037,54,,,0,100,,21038,54,,,0,99,,21039,54,,,0
15019,'1833',743,,21052,54,,,0,100,,21050,54,,,0,100,,21053,54,,,0,101,,21051,54,,,0,100,,21048,54,,,0,100,,21046,54,,,0,101,,21049,54,,,0,100,,21047,54,,,0,100,,21044,54,,,0,99,,21045,54,,,0,100,,21042,54,,,0,100,,21043,54,,,0,100,,21041,54,,,0,99,,21054,54,,,0
15019,'1835',739,,25841,54,,,0,76,,25842,54,,,0,31,,25843,54,,,0,95,,25844,54,,,0,100,,25845,54,,,0,70,,25846,54,,,0,100,,25847,54,,,0,30,,25848,54,,,0,70,,25849,54,,,0,30,,25850,54,,,0,70,,25851,54,,,0,103,,25852,54,,,0,30,,25853,54,,,0,70,,25854,54,,,0,30,,25855,54,,,0,69,,25856,54,,,0,29,,25857,54,,,0,67,,25858,54,,,0,30,,25859,54,,,0,70,,25860,54,,,0,30,,25861,54,,,0,170,,25862,54,,,0,98,,25863,54,,,0
