6029,'1838',841,,35833,14,4,,0,100,,44416,14,4,,0,100,,44424,14,4,,0,100,,44414,14,4,,0,102,,44423,14,4,,0,100,,44419,14,4,,0,100,,44422,14,4,,0,100,,44417,14,4,,0,100,,44421,14,4,,0,100,,44418,14,4,,0,98,,44420,14,4,,0,100,,44415,14,4,,0
6029,'1865',622,,35869,14,,,0,30,,42302,14,,,0,72,,42303,14,,,0,30,,42304,14,,,0,70,,42305,14,,,0,30,,42306,14,,,0,69,,44428,14,,,0,30,,42308,14,,,0,70,,42309,14,,,0,30,,44429,14,,,0,70,,42311,14,,,0,30,,42312,14,,,0,70,,42313,14,,,0,30,,42314,14,,,0,70,,42315,14,,,0,30,,44430,14,,,0,70,,42317,14,,,0,32,,42318,14,,,0,70,,42319,14,,,0,30,,42320,14,,,0,70,,42321,14,,,0,30,,44431,14,,,0,70,,42323,14,,,0,28,,42324,14,,,0,70,,42325,14,,,0,30,,42326,14,,,0,90,,44426,14,,,0,98,,35868,14,,,0,100,,44425,14,,,0,100,,44427,14,,,0
6029,'1866',619,,44433,14,,,0,30,,35898,14,,,0,65,,44450,14,,,0,30,,35922,14,,,0,70,,44434,14,,,0,30,,44444,14,,,0,70,,44451,14,,,0,30,,44457,14,,,0,71,,44443,14,,,0,30,,44456,14,,,0,70,,44442,14,,,0,30,,44448,14,,,0,70,,44441,14,,,0,30,,44455,14,,,0,70,,44440,14,,,0,30,,44447,14,,,0,70,,44439,14,,,0,30,,44454,14,,,0,70,,44438,14,,,0,30,,44446,14,,,0,70,,44437,14,,,0,30,,44453,14,,,0,70,,44436,14,,,0,30,,44445,14,,,0,70,,44435,14,,,0,30,,44452,14,,,0,69,,44432,14,4,,0,100,,35921,14,4,,0,100,,44449,14,4,,0
6029,'1867',841,,35935,14,4,,0,100,,44460,14,4,,0,100,,44468,14,4,,0,100,,44458,14,4,,0,102,,44467,14,4,,0,100,,44463,14,4,,0,100,,44466,14,4,,0,100,,44461,14,4,,0,100,,44465,14,4,,0,100,,44462,14,4,,0,98,,44464,14,4,,0,100,,44459,14,4,,0
6029,'1873',649,,29200,14,,,0,95,,29224,14,,,0,1270,,29223,14,4,,0
6029,'1878',841,,29237,14,4,,0
6029,'1881',923,,42334,14,,,0,130,,42337,14,,,0,300,,42343,14,,,0,302,,42349,14,,,0,288,,35840,14,,,0,198,,42327,14,,,0,100,,42328,14,,,0
6029,'1882',622,,29272,14,,,0,30,,42329,14,,,0,72,,42330,14,,,0,30,,42331,14,,,0,70,,42332,14,,,0,30,,42333,14,,,0,99,,42335,14,,,0,70,,42336,14,,,0,100,,42338,14,,,0,30,,42339,14,,,0,70,,42340,14,,,0,30,,42341,14,,,0,70,,42342,14,,,0,100,,42344,14,,,0,32,,42345,14,,,0,70,,42346,14,,,0,30,,42347,14,,,0,70,,42348,14,,,0,100,,42350,14,,,0,28,,42351,14,,,0,70,,42352,14,,,0,30,,42353,14,,,0,188,,29271,14,,,0
6029,'1886',923,,44472,14,,,0,130,,44473,14,,,0,300,,44474,14,,,0,302,,44475,14,,,0,288,,44470,14,,,0,198,,44469,14,,,0,100,,44471,14,,,0
6029,'1887',619,,44477,14,,,0,95,,44494,14,,,0,100,,44478,14,,,0,30,,44488,14,,,0,70,,44495,14,,,0,30,,44501,14,,,0,71,,44487,14,,,0,30,,44500,14,,,0,70,,44486,14,,,0,30,,44492,14,,,0,70,,44485,14,,,0,30,,44499,14,,,0,70,,44484,14,,,0,30,,44491,14,,,0,70,,44483,14,,,0,30,,44498,14,,,0,70,,44482,14,,,0,30,,44490,14,,,0,70,,44481,14,,,0,30,,44497,14,,,0,70,,44480,14,,,0,30,,44489,14,,,0,70,,44479,14,,,0,30,,44496,14,,,0,69,,44476,14,4,,0,200,,44493,14,4,,0
6029,'1888',941,,44504,14,4,,0,100,,44512,14,4,,0,100,,44502,14,4,,0,102,,44511,14,4,,0,100,,44507,14,4,,0,100,,44510,14,4,,0,100,,44505,14,4,,0,100,,44509,14,4,,0,100,,44506,14,4,,0,98,,44508,14,4,,0,100,,44503,14,4,,0
11029,'1838',812,,44813,7,,,0,100,,44814,7,,,0,104,,44815,7,,,0,100,,44816,7,,,0,100,,44817,7,,,0,100,,44818,7,,,0,100,,44819,7,,,0,100,,44820,7,,,0,100,,44821,7,,,0,98,,44822,7,,,0,100,,36554,7,,,0,99,,44823,7,,,0,100,,42486,7,,,0
11029,'1865',712,,36586,7,,,0,101,,44825,7,,,0,100,,44826,7,,,0,101,,44827,7,,,0,100,,44828,7,,,0,100,,44829,7,,,0,100,,44830,7,,,0,100,,44831,7,,,0,100,,42488,7,,,0,100,,44832,7,,,0,100,,44833,7,,,0,100,,44834,7,,,0,100,,36598,7,,,0,100,,44835,7,,,0,100,,44824,7,,,0
11029,'1866',712,,44847,7,,,0,100,,44837,7,,,0,100,,44838,7,,,0,104,,44839,7,,,0,100,,44840,7,,,0,100,,44841,7,,,0,100,,36607,7,,,0,100,,44842,7,,,0,100,,36609,7,,,0,100,,36610,7,,,0,98,,44843,7,,,0,100,,44844,7,,,0,99,,44845,7,,,0,100,,44846,7,,,0
11029,'1867',812,,44848,7,,,0,100,,44849,7,,,0,104,,44850,7,,,0,100,,44851,7,,,0,100,,44852,7,,,0,100,,44853,7,,,0,100,,44854,7,,,0,100,,44855,7,,,0,100,,44856,7,,,0,98,,44857,7,,,0,100,,36626,7,,,0,99,,44858,7,,,0,100,,42497,7,,,0
11029,'1873',1316,,29958,7,,,0,200,,29960,7,,,0,100,,29961,7,,,0
11029,'1878',1814,,29977,7,,,0,199,,42508,7,,,0
11029,'1881',813,,29998,7,,,0,100,,42498,7,,,0,101,,30000,7,,,0,100,,36576,7,,,0,100,,36577,7,,,0,100,,36578,7,,,0,100,,36579,7,,,0,200,,36581,7,,,0,100,,36582,7,,,0,100,,36583,7,,,0,200,,42500,7,,,0,100,,29996,7,,,0
11029,'1882',712,,29997,7,,,0,802,,42499,7,,,0,400,,30009,7,,,0
11029,'1886',813,,44860,7,,,0,100,,44861,7,,,0,101,,44862,7,,,0,100,,44863,7,,,0,100,,44864,7,,,0,100,,44865,7,,,0,100,,44866,7,,,0,200,,44867,7,,,0,100,,44868,7,,,0,100,,44869,7,,,0,200,,44870,7,,,0,100,,44859,7,,,0
11029,'1887',712,,44882,7,,,0,100,,44872,7,,,0,100,,44873,7,,,0,104,,44874,7,,,0,100,,44875,7,,,0,100,,44876,7,,,0,200,,44877,7,,,0,298,,44878,7,,,0,100,,44879,7,,,0,99,,44880,7,,,0,100,,44881,7,,,0
11029,'1888',812,,44883,7,,,0,100,,44884,7,,,0,104,,44885,7,,,0,100,,44886,7,,,0,100,,44887,7,,,0,100,,44888,7,,,0,100,,44889,7,,,0,100,,44890,7,,,0,100,,44891,7,,,0,98,,44892,7,,,0,199,,44893,7,,,0
15019,'1838',741,,45028,52,,,0,100,,36883,52,,,0,100,,36886,52,,,0,101,,45027,52,,,0,100,,36881,52,,,0,100,,36879,52,,,0,101,,45026,52,,,0,100,,36880,52,,,0,100,,36877,52,,,0,99,,45025,52,,,0,100,,36875,52,,,0,100,,36876,52,,,0,100,,45024,52,,,0,99,,36887,52,,,0
15019,'1865',613,,36904,18,0,5 2 6 7,0,94,,36905,52,,,0,30,,45029,52,,,0,76,,36907,52,,,0,31,,36908,52,,,0,65,,36909,52,,,0,30,,36910,52,,,0,70,,36911,52,,,0,30,,45030,52,,,0,70,,45031,52,,,0,30,,42569,52,,,0,70,,45032,52,,,0,30,,45033,52,,,0,70,,42570,52,,,0,30,,36918,52,,,0,70,,45034,52,,,0,31,,36920,52,,,0,72,,36921,52,,,0,30,,45035,52,,,0,70,,45036,52,,,0,30,,36924,52,,,0,69,,36925,52,,,0,29,,36926,52,,,0,67,,45037,52,,,0,30,,36928,52,,,0,70,,45038,52,,,0,30,,45039,52,,,0,70,,36931,52,,,0,100,,45040,52,,,0,98,,45041,52,,,0,100,,45042,52,0,5 2 6 7,0
15019,'1866',614,,45048,18,0,5 2 6 7,0,127,,36935,52,,,0,100,,45043,52,,,0,100,,36937,52,,,0,101,,36938,52,,,0,100,,45044,52,,,0,100,,36940,52,,,0,102,,36941,52,,,0,100,,45045,52,,,0,100,,36943,52,,,0,98,,36944,52,,,0,100,,45046,52,,,0,100,,36946,52,,,0,100,,36947,52,,,0,99,,45047,52,,,0
15019,'1867',741,,45053,52,,,0,100,,36959,52,,,0,100,,36962,52,,,0,101,,45052,52,,,0,100,,36957,52,,,0,100,,36955,52,,,0,101,,45051,52,,,0,100,,36956,52,,,0,100,,36953,52,,,0,99,,45050,52,,,0,100,,36951,52,,,0,100,,36952,52,,,0,100,,45049,52,,,0,99,,36963,52,,,0
15019,'1873',741,,30301,52,,,0,200,,30303,52,,,0,101,,30304,52,,,0,200,,30306,52,,,0,102,,30307,52,,,0,200,,30309,52,,,0,98,,30310,52,,,0,200,,30312,52,,,0,100,,30313,52,,,0
15019,'1878',841,,30325,52,,,0,100,,30328,52,,,0,201,,30323,52,,,0,100,,30321,52,,,0,201,,30322,52,,,0,100,,30319,52,,,0,199,,30317,52,,,0,100,,30318,52,,,0,199,,30329,52,,,0
15019,'1881',737,,36889,52,,,0,302,,36890,52,,,0,70,,36891,52,,,0,100,,36893,52,,,0,30,,36894,52,,,0,170,,36896,52,,,0,133,,36897,52,,,0,70,,36898,52,,,0,195,,30384,52,,,0,100,,36899,52,,,0,30,,42574,52,,,0,170,,36901,52,,,0,98,,36902,52,,,0,100,,36903,52,0,5 2 6 7,0
15019,'1882',613,,30361,18,0,5 2 6 7,0,94,,30362,52,,,0,106,,30364,52,,,0,31,,30365,52,,,0,65,,30366,52,,,0,30,,30367,52,,,0,70,,30368,52,,,0,130,,42572,52,,,0,170,,42573,52,,,0,30,,30375,52,,,0,101,,30377,52,,,0,72,,30378,52,,,0,130,,30381,52,,,0,69,,30382,52,,,0,29,,30383,52,,,0,97,,30385,52,,,0,170,,30388,52,,,0
15019,'1886',737,,45054,52,,,0,302,,45055,52,,,0,70,,45056,52,,,0,100,,45057,52,,,0,30,,45058,52,,,0,170,,45059,52,,,0,133,,45060,52,,,0,70,,45061,52,,,0,195,,45062,52,,,0,100,,45063,52,,,0,30,,45064,52,,,0,170,,45065,52,,,0,98,,45066,52,,,0,100,,45067,52,0,5 2 6 7,0
15019,'1887',614,,45073,18,0,5 2 6 7,0,227,,45068,52,,,0,301,,45069,52,,,0,302,,45070,52,,,0,298,,45071,52,,,0,299,,45072,52,,,0
15019,'1888',741,,45078,52,,,0,301,,45077,52,,,0,301,,45076,52,,,0,299,,45075,52,,,0,300,,45074,52,,,0
