31019,'1799',618,,22017,32,4,,0,90,,22000,44,4,,0,101,,22001,44,4,,0,101,,22002,44,4,,0,100,,22003,44,4,,0,100,,22004,44,4,,0,101,,22005,44,4,,0,100,,22006,44,4,,0,100,,22007,44,4,,0,100,,22008,44,4,,0,100,,22009,44,4,,0,100,,22010,44,4,,0,100,,22011,44,4,,0,100,,22012,44,4,,0,100,,22013,44,4,,0,99,,22014,44,4,,0,98,,22015,44,4,,0,99,,22016,44,4,,0
31019,'1800',618,,22036,32,4,,0,90,,22019,44,4,,0,101,,22020,44,4,,0,101,,22021,44,4,,0,100,,22022,44,4,,0,100,,22023,44,4,,0,101,,22024,44,4,,0,100,,22025,44,4,,0,100,,22026,44,4,,0,100,,22027,44,4,,0,100,,22028,44,4,,0,100,,22029,44,4,,0,100,,22030,44,4,,0,100,,22031,44,4,,0,100,,22032,44,4,,0,99,,22033,44,4,,0,98,,22034,44,4,,0,99,,22035,44,4,,0
31019,'1829',645,,21937,32,4,,0,67,,21907,44,4,,0,103,,21935,44,4,,0,30,,21918,44,4,,0,67,,21915,44,4,,0,29,,21929,44,4,,0,70,,21910,44,4,,0,32,,21923,44,4,,0,68,,21934,44,4,,0,30,,21921,44,4,,0,100,,21928,44,4,,0,70,,21909,44,4,,0,131,,21919,44,4,,0,71,,21913,44,4,,0,31,,21927,44,4,,0,70,,21911,44,4,,0,30,,21925,44,4,,0,69,,21932,44,4,,0,29,,21920,44,4,,0,69,,21914,44,4,,0,30,,21926,44,4,,0,170,,21931,44,4,,0,100,,21917,44,4,,0,197,,21930,44,4,,0
31019,'1831',618,,21979,32,4,,0,26,,21972,32,4,,0,64,,21949,44,4,,0,30,,21965,44,4,,0,71,,21978,44,4,,0,31,,21961,44,4,,0,70,,21955,44,4,,0,30,,21971,44,4,,0,70,,21948,44,4,,0,30,,21964,44,4,,0,70,,21973,44,4,,0,31,,21960,44,4,,0,70,,21954,44,4,,0,30,,21970,44,4,,0,70,,21947,44,4,,0,30,,21963,44,4,,0,70,,21976,44,4,,0,30,,21959,44,4,,0,70,,21953,44,4,,0,30,,21969,44,4,,0,70,,21946,44,4,,0,30,,21962,44,4,,0,70,,21975,44,4,,0,30,,21958,44,4,,0,70,,21952,44,4,,0,30,,21968,44,4,,0,70,,21945,44,4,,0,30,,21980,44,4,,0,70,,21974,44,4,,0,99,,21951,44,4,,0,98,,21944,44,4,,0,99,,21977,44,4,,0
31019,'1833',618,,21998,32,4,,0,90,,21981,44,4,,0,101,,21982,44,4,,0,101,,21983,44,4,,0,100,,21984,44,4,,0,100,,21985,44,4,,0,101,,21986,44,4,,0,100,,21987,44,4,,0,100,,21988,44,4,,0,100,,21989,44,4,,0,100,,21990,44,4,,0,100,,21991,44,4,,0,100,,21992,44,4,,0,100,,21993,44,4,,0,100,,21994,44,4,,0,99,,21995,44,4,,0,98,,21996,44,4,,0,99,,21997,44,4,,0
31019,'1835',619,,26293,32,4,,0,126,,26290,44,4,,0,466,,26289,44,4,,0,130,,26291,44,4,,0,71,,26292,44,4,,0,499,,26287,44,4,,0,30,,26294,44,4,,0,267,,26288,44,4,,0
32019,'1799',620,,22132,1,,,0,95,,22133,1,,,0,100,,22134,1,,,0,100,,22135,1,,,0,100,,22136,1,,,0,100,,22137,1,,,0,100,,22138,1,,,0,100,,22139,1,,,0,100,,22140,1,,,0,100,,22141,1,,,0,100,,22142,1,,,0,100,,22143,1,,,0,100,,22144,1,,,0,100,,22145,1,,,0,100,,22146,1,,,0,100,,22147,1,,,0,100,,22148,1,,,0,95,,22150,1,0,5 2 8 7,0
32019,'1800',620,,22151,1,,,0,95,,22152,1,,,0,100,,22153,1,,,0,100,,22154,1,,,0,100,,22155,1,,,0,100,,22156,1,,,0,100,,22157,1,,,0,100,,22158,1,,,0,100,,22159,1,,,0,100,,22160,1,,,0,100,,22161,1,,,0,100,,22162,1,,,0,100,,22163,1,,,0,100,,22164,1,,,0,100,,22165,1,,,0,100,,22166,1,,,0,100,,22167,1,,,0,95,,22169,1,0,5 2 8 7,0
32019,'1829',646,,22062,1,,,0,69,,22041,1,,,0,100,,22067,1,,,0,30,,22051,1,,,0,70,,22049,1,,,0,30,,22061,1,,,0,70,,22039,1,,,0,30,,22055,1,,,0,70,,22066,1,,,0,30,,22053,1,,,0,100,,22060,1,,,0,70,,22042,1,,,0,129,,22052,1,,,0,71,,22045,1,,,0,30,,22059,1,,,0,70,,22038,1,,,0,30,,22056,1,,,0,70,,22064,1,,,0,30,,22050,1,,,0,70,,22047,1,,,0,30,,22058,1,,,0,170,,22063,1,,,0,100,,22044,1,,,0,195,,22073,1,0,5 2 8 7,0
32019,'1831',620,,22087,1,,,0,25,,22104,1,,,0,70,,22081,1,,,0,30,,22098,1,,,0,70,,22105,1,,,0,30,,22093,1,,,0,70,,22086,1,,,0,30,,22103,1,,,0,70,,22080,1,,,0,30,,22097,1,,,0,70,,22108,1,,,0,30,,22092,1,,,0,70,,22085,1,,,0,30,,22102,1,,,0,70,,22079,1,,,0,30,,22096,1,,,0,70,,22107,1,,,0,30,,22091,1,,,0,70,,22084,1,,,0,30,,22101,1,,,0,70,,22078,1,,,0,30,,22095,1,,,0,70,,22109,1,,,0,30,,22090,1,,,0,70,,22083,1,,,0,30,,22099,1,,,0,70,,22077,1,,,0,100,,22106,1,,,0,100,,22082,1,,,0,100,,22076,1,,,0,100,,22110,1,0,5 2 8 7,0
32019,'1833',620,,22113,1,,,0,95,,22114,1,,,0,100,,22115,1,,,0,100,,22116,1,,,0,100,,22117,1,,,0,100,,22118,1,,,0,100,,22119,1,,,0,100,,22120,1,,,0,100,,22121,1,,,0,100,,22122,1,,,0,100,,22123,1,,,0,100,,22124,1,,,0,100,,22125,1,,,0,100,,22126,1,,,0,100,,22127,1,,,0,100,,22128,1,,,0,100,,22129,1,,,0,95,,22131,1,0,5 2 8 7,0
32019,'1835',620,,26297,1,,,0,125,,26300,1,,,0,470,,26298,1,,,0,130,,26299,1,,,0,69,,26301,1,,,0,501,,26296,1,,,0,300,,26295,1,,,0
