1019,'1800',613,,28295,15,,,0,100,,28296,15,,,0,100,,28297,15,,,0,100,,28298,15,,,0,100,,28299,15,,,0,100,,28300,15,,,0,100,,28301,15,,,0,100,,28302,15,,,0,100,,28303,15,,,0,100,,28304,15,,,0,100,,28305,15,,,0,100,,28306,15,,,0,100,,28307,15,,,0,100,,28308,15,,,0,100,,28309,15,,,0,100,,28310,15,,,0,100,,28311,15,,,0,100,,28312,15,,,0
1019,'1838',613,,34814,15,,,0,100,,34815,15,,,0,100,,34816,15,,,0,100,,34817,15,,,0,100,,34818,15,,,0,100,,34819,15,,,0,100,,34820,15,,,0,100,,34821,15,,,0,100,,34822,15,,,0,100,,34823,15,,,0,100,,34824,15,,,0,100,,34825,15,,,0,100,,34826,15,,,0,100,,34827,15,,,0,100,,34828,15,,,0,100,,34829,15,,,0,100,,34830,15,,,0,100,,34831,15,,,0
1019,'1850',543,,28394,15,,,0,70,,28417,15,,,0,30,,28392,15,,,0,70,,28387,15,,,0,30,,28406,15,,,0,71,,28389,15,,,0,30,,28395,15,,,0,70,,28420,15,,,0,30,,28391,15,,,0,70,,28385,15,,,0,31,,28405,15,,,0,70,,28390,15,,,0,30,,28396,15,,,0,70,,28416,15,,,0,30,,28393,15,,,0,70,,28386,15,,,0,30,,28418,15,,,0,70,,28388,15,,,0,30,,28397,15,,,0,70,,28415,15,,,0,29,,28408,15,,,0,70,,28400,15,,,0,30,,28398,15,,,0,70,,28401,15,,,0,30,,28403,15,,,0,70,,28402,15,,,0,29,,28399,15,,,0,70,,28419,15,,,0,30,,28413,15,,,0,70,,28414,15,,,0,30,,28412,15,,,0,70,,28411,15,,,0,30,,28410,15,,,0,70,,28409,15,,,0,30,,28407,15,,,0,70,,28404,15,,,0
1019,'1859',543,,28342,15,,,0,70,,28356,15,,,0,30,,28341,15,,,0,70,,28361,15,,,0,30,,28351,15,,,0,70,,28335,15,,,0,30,,28357,15,,,0,70,,28359,15,,,0,30,,28340,15,,,0,70,,28362,15,,,0,30,,28350,15,,,0,70,,28334,15,,,0,30,,28345,15,,,0,70,,28355,15,,,0,30,,28339,15,,,0,70,,28363,15,,,0,30,,28349,15,,,0,70,,28333,15,,,0,30,,28344,15,,,0,70,,28354,15,,,0,30,,28338,15,,,0,70,,28364,15,,,0,30,,28348,15,,,0,70,,28332,15,,,0,30,,28343,15,,,0,70,,28353,15,,,0,30,,28336,15,,,0,70,,28365,15,,,0,30,,28346,15,,,0,70,,28331,15,,,0,30,,28337,15,,,0,70,,28352,15,,,0,30,,28347,15,,,0,70,,28366,15,,,0,30,,28360,15,,,0,70,,28358,15,,,0
1019,'1861',613,,28367,15,,,0,100,,28368,15,,,0,100,,28369,15,,,0,100,,28370,15,,,0,100,,28371,15,,,0,100,,28372,15,,,0,100,,28373,15,,,0,100,,28374,15,,,0,100,,28375,15,,,0,100,,28376,15,,,0,100,,28377,15,,,0,100,,28378,15,,,0,100,,28379,15,,,0,100,,28380,15,,,0,100,,28381,15,,,0,100,,28382,15,,,0,100,,28383,15,,,0,100,,28384,15,,,0
1019,'1864',543,,28430,15,,,0,70,,34863,15,,,0,30,,34839,15,,,0,70,,34834,15,,,0,30,,34852,15,,,0,71,,34836,15,,,0,30,,34841,15,,,0,70,,34866,15,,,0,30,,34838,15,,,0,70,,34832,15,,,0,31,,34851,15,,,0,70,,34837,15,,,0,30,,34842,15,,,0,70,,34862,15,,,0,30,,34840,15,,,0,70,,34833,15,,,0,30,,34864,15,,,0,70,,34835,15,,,0,30,,34843,15,,,0,70,,34861,15,,,0,29,,34854,15,,,0,70,,34846,15,,,0,30,,34844,15,,,0,70,,34847,15,,,0,30,,34849,15,,,0,70,,34848,15,,,0,29,,34845,15,,,0,70,,34865,15,,,0,30,,34859,15,,,0,70,,34860,15,,,0,30,,34858,15,,,0,70,,34857,15,,,0,30,,34856,15,,,0,70,,34855,15,,,0,30,,34853,15,,,0,70,,34850,15,,,0
1019,'1865',543,,34876,15,,,0,70,,34899,15,,,0,30,,34874,15,,,0,70,,34869,15,,,0,30,,34888,15,,,0,71,,34871,15,,,0,30,,34877,15,,,0,70,,34902,15,,,0,30,,34873,15,,,0,70,,34867,15,,,0,31,,34887,15,,,0,70,,34872,15,,,0,30,,34878,15,,,0,70,,34898,15,,,0,30,,34875,15,,,0,70,,34868,15,,,0,30,,34900,15,,,0,70,,34870,15,,,0,30,,34879,15,,,0,70,,34897,15,,,0,29,,34890,15,,,0,70,,34882,15,,,0,30,,34880,15,,,0,70,,34883,15,,,0,30,,34885,15,,,0,70,,34884,15,,,0,29,,34881,15,,,0,70,,34901,15,,,0,30,,34895,15,,,0,70,,34896,15,,,0,30,,34894,15,,,0,70,,34893,15,,,0,30,,34892,15,,,0,70,,34891,15,,,0,30,,34889,15,,,0,70,,34886,15,,,0
1019,'1866',543,,34914,15,,,0,70,,34928,15,,,0,30,,34913,15,,,0,70,,34933,15,,,0,30,,34923,15,,,0,70,,34907,15,,,0,30,,34929,15,,,0,70,,34931,15,,,0,30,,34912,15,,,0,70,,34934,15,,,0,30,,34922,15,,,0,70,,34906,15,,,0,30,,34917,15,,,0,70,,34927,15,,,0,30,,34911,15,,,0,70,,34935,15,,,0,30,,34921,15,,,0,70,,34905,15,,,0,30,,34916,15,,,0,70,,34926,15,,,0,30,,34910,15,,,0,70,,34936,15,,,0,30,,34920,15,,,0,70,,34904,15,,,0,30,,34915,15,,,0,70,,34925,15,,,0,30,,34908,15,,,0,70,,34937,15,,,0,30,,34918,15,,,0,70,,34903,15,,,0,30,,34909,15,,,0,70,,34924,15,,,0,30,,34919,15,,,0,70,,34938,15,,,0,30,,34932,15,,,0,70,,34930,15,,,0
1019,'1867',613,,34939,15,,,0,100,,34940,15,,,0,100,,34941,15,,,0,100,,34942,15,,,0,100,,34943,15,,,0,100,,34944,15,,,0,100,,34945,15,,,0,100,,34946,15,,,0,100,,34947,15,,,0,100,,34948,15,,,0,100,,34949,15,,,0,100,,34950,15,,,0,100,,34951,15,,,0,100,,34952,15,,,0,100,,34953,15,,,0,100,,34954,15,,,0,100,,34955,15,,,0,100,,34956,15,,,0
2019,'1800',658,,19560,24,,,0,70,,19537,24,,,0,30,,19541,24,,,0,70,,19553,24,,,0,30,,19548,24,,,0,70,,19538,24,,,0,30,,19542,24,,,0,70,,19554,24,,,0,30,,19549,24,,,0,70,,19539,24,,,0,30,,19543,24,,,0,70,,19555,24,,,0,30,,19550,24,,,0,70,,19540,24,,,0,30,,19544,24,,,0,70,,19556,24,,,0,30,,19551,24,,,0,70,,19535,24,,,0,30,,19545,24,,,0,70,,19557,24,,,0,30,,19552,24,,,0,70,,19533,24,,,0,30,,19546,24,,,0,70,,19558,24,,,0,100,,19534,24,,,0,100,,19559,24,,,0,100,,19536,24,,,0,100,,19547,24,,,0,99,,19561,24,,,0
2019,'1838',658,,35124,24,,,0,70,,35101,24,,,0,30,,35105,24,,,0,70,,35117,24,,,0,30,,35112,24,,,0,70,,35102,24,,,0,30,,35106,24,,,0,70,,35118,24,,,0,30,,35113,24,,,0,70,,35103,24,,,0,30,,35107,24,,,0,70,,35119,24,,,0,30,,35114,24,,,0,70,,35104,24,,,0,30,,35108,24,,,0,70,,35120,24,,,0,30,,35115,24,,,0,70,,35099,24,,,0,30,,35109,24,,,0,70,,35121,24,,,0,30,,35116,24,,,0,70,,35097,24,,,0,30,,35110,24,,,0,70,,35122,24,,,0,100,,35098,24,,,0,100,,35123,24,,,0,100,,35100,24,,,0,100,,35111,24,,,0,99,,35125,24,,,0
2019,'1850',453,,28647,15,0,5 2 13 14,0,175,,28616,24,,,0,30,,28617,24,,,0,70,,28618,24,,,0,30,,28619,24,,,0,71,,28620,24,,,0,29,,28621,24,,,0,70,,28622,24,,,0,30,,28623,24,,,0,70,,28624,24,,,0,30,,28625,24,,,0,70,,28626,24,,,0,30,,28627,24,,,0,70,,28628,24,,,0,30,,28629,24,,,0,70,,28630,24,,,0,30,,28631,24,,,0,70,,28632,24,,,0,30,,28633,24,,,0,70,,28634,24,,,0,30,,28635,24,,,0,70,,28636,24,,,0,30,,28637,24,,,0,70,,28638,24,,,0,30,,28639,24,,,0,70,,28640,24,,,0,30,,28646,24,,,0,70,,28641,24,,,0,100,,28642,24,,,0,100,,28643,24,,,0,100,,28644,24,,,0,100,,28645,24,,,0
2019,'1857',628,,19412,24,,,0,30,,19413,24,,,0,70,,19414,24,,,0,30,,19415,24,,,0,71,,19416,24,,,0,29,,19417,24,,,0,70,,19418,24,,,0,30,,19419,24,,,0,70,,19420,24,,,0,30,,19421,24,,,0,70,,19422,24,,,0,30,,19423,24,,,0,70,,19424,24,,,0,30,,19425,24,,,0,70,,19426,24,,,0,30,,19427,24,,,0,70,,19428,24,,,0,30,,19429,24,,,0,70,,19430,24,,,0,30,,19431,24,,,0,70,,19432,24,,,0,30,,19433,24,,,0,70,,19434,24,,,0,30,,19435,24,,,0,70,,19436,24,,,0,30,,19442,24,,,0,70,,19437,24,,,0,100,,19438,24,,,0,100,,19439,24,,,0,100,,19440,24,,,0,100,,19441,24,,,0
2019,'1859',628,,19444,15,,,0,30,,19451,24,,,0,70,,19460,24,,,0,30,,19467,24,,,0,70,,19445,24,,,0,30,,19452,24,,,0,70,,19461,24,,,0,30,,19468,24,,,0,70,,19446,24,,,0,30,,19453,24,,,0,70,,19462,24,,,0,30,,19469,24,,,0,70,,19447,24,,,0,30,,19454,24,,,0,70,,19463,24,,,0,30,,19470,24,,,0,70,,19448,24,,,0,30,,19455,24,,,0,70,,19464,24,,,0,30,,19471,24,,,0,70,,19449,24,,,0,30,,19456,24,,,0,70,,19465,24,,,0,30,,19472,24,,,0,70,,19450,24,,,0,30,,19457,24,,,0,70,,19466,24,,,0,100,,19458,24,,,0,100,,19473,24,,,0,100,,19459,24,,,0,100,,19474,24,,,0
2019,'1861',658,,19502,24,,,0,70,,19479,24,,,0,30,,19483,24,,,0,70,,19495,24,,,0,30,,19490,24,,,0,70,,19480,24,,,0,30,,19484,24,,,0,70,,19496,24,,,0,30,,19491,24,,,0,70,,19481,24,,,0,30,,19485,24,,,0,70,,19497,24,,,0,30,,19492,24,,,0,70,,19482,24,,,0,30,,19486,24,,,0,70,,19498,24,,,0,30,,19493,24,,,0,70,,19477,24,,,0,30,,19487,24,,,0,70,,19499,24,,,0,30,,19494,24,,,0,70,,19475,24,,,0,30,,19488,24,,,0,70,,19500,24,,,0,100,,19476,24,,,0,100,,19501,24,,,0,100,,19478,24,,,0,100,,19489,24,,,0,99,,19503,24,,,0
2019,'1864',453,,35126,15,0,5 2 13 14,0
2019,'1865',453,,35158,15,0,5 2 13 14,0,175,,35127,24,,,0,30,,35128,24,,,0,70,,35129,24,,,0,30,,35130,24,,,0,71,,35131,24,,,0,29,,35132,24,,,0,70,,35133,24,,,0,30,,35134,24,,,0,70,,35135,24,,,0,30,,35136,24,,,0,70,,35137,24,,,0,30,,35138,24,,,0,70,,35139,24,,,0,30,,35140,24,,,0,70,,35141,24,,,0,30,,35142,24,,,0,70,,35143,24,,,0,30,,35144,24,,,0,70,,35145,24,,,0,30,,35146,24,,,0,70,,35147,24,,,0,30,,35148,24,,,0,70,,35149,24,,,0,30,,35150,24,,,0,70,,35151,24,,,0,30,,35157,24,,,0,70,,35152,24,,,0,100,,35153,24,,,0,100,,35154,24,,,0,100,,35155,24,,,0,100,,35156,24,,,0
2019,'1866',628,,35159,15,,,0,30,,35166,24,,,0,70,,35175,24,,,0,30,,35182,24,,,0,70,,35160,24,,,0,30,,35167,24,,,0,70,,35176,24,,,0,30,,35183,24,,,0,70,,35161,24,,,0,30,,35168,24,,,0,70,,35177,24,,,0,30,,35184,24,,,0,70,,35162,24,,,0,30,,35169,24,,,0,70,,35178,24,,,0,30,,35185,24,,,0,70,,35163,24,,,0,30,,35170,24,,,0,70,,35179,24,,,0,30,,35186,24,,,0,70,,35164,24,,,0,30,,35171,24,,,0,70,,35180,24,,,0,30,,35187,24,,,0,70,,35165,24,,,0,30,,35172,24,,,0,70,,35181,24,,,0,100,,35173,24,,,0,100,,35188,24,,,0,100,,35174,24,,,0,100,,35189,24,,,0
2019,'1867',658,,35217,24,,,0,70,,35194,24,,,0,30,,35198,24,,,0,70,,35210,24,,,0,30,,35205,24,,,0,70,,35195,24,,,0,30,,35199,24,,,0,70,,35211,24,,,0,30,,35206,24,,,0,70,,35196,24,,,0,30,,35200,24,,,0,70,,35212,24,,,0,30,,35207,24,,,0,70,,35197,24,,,0,30,,35201,24,,,0,70,,35213,24,,,0,30,,35208,24,,,0,70,,35192,24,,,0,30,,35202,24,,,0,70,,35214,24,,,0,30,,35209,24,,,0,70,,35190,24,,,0,30,,35203,24,,,0,70,,35215,24,,,0,100,,35191,24,,,0,100,,35216,24,,,0,100,,35193,24,,,0,100,,35204,24,,,0,99,,35218,24,,,0
14000001019,'1800',2422,,34757,31,,,0,30,,41971,31,,,0,70,,24911,31,,,0,30,,34758,31,,,0,70,,41970,31,,,0
14000001019,'1838',2422,,41975,31,,,0,30,,41974,31,,,0,70,,41972,31,,,0,30,,41976,31,,,0,70,,41973,31,,,0
14000001019,'1850',2422,,34775,31,,,0,30,,34772,31,,,0,70,,34773,31,,,0,30,,34774,31,,,0,70,,34771,31,,,0
14000001019,'1857',2522,,24893,31,,,0
14000001019,'1859',2422,,34766,31,,,0,30,,34763,31,,,0,70,,24899,31,,,0,30,,34765,31,,,0,70,,34764,31,,,0
14000001019,'1861',2422,,34769,31,,,0,100,,24901,31,,,0,30,,34770,31,,,0
14000001019,'1863',2452,,41978,31,,,0,170,,41977,31,,,0
14000001019,'1864',2422,,41982,31,,,0,30,,41980,31,,,0,100,,41981,31,,,0,70,,41979,31,,,0
14000001019,'1865',2422,,41987,31,,,0,30,,41984,31,,,0,70,,41985,31,,,0,30,,41986,31,,,0,70,,41983,31,,,0
14000001019,'1866',2422,,41992,31,,,0,30,,41988,31,,,0,70,,41991,31,,,0,30,,41990,31,,,0,70,,41989,31,,,0
14000001019,'1867',2422,,41996,31,,,0,30,,41995,31,,,0,70,,41993,31,,,0,30,,41997,31,,,0,70,,41994,31,,,0
