2029,'1796',521,,19588,2,,,0,27,,19562,17,,,0,70,,19563,17,,,0,30,,19564,17,,,0,68,,19565,17,,,0,30,,19566,17,,,0,70,,19567,17,,,0,30,,19568,17,,,0,70,,19569,17,,,0,30,,19570,17,,,0,70,,19571,17,,,0,30,,19572,17,,,0,70,,19573,17,,,0,30,,19574,17,,,0,70,,19575,17,,,0,30,,19576,17,,,0,70,,19577,17,,,0,30,,19578,17,,,0,70,,19579,17,,,0,30,,19580,17,,,0,70,,19581,17,,,0,30,,19582,17,,,0,70,,19583,17,,,0,30,,19584,17,,,0,71,,19585,17,,,0,29,,19586,17,,,0,70,,19587,17,,,0,30,,19591,17,,,0,70,,19592,17,,,0,100,,19593,17,,,0,100,,19594,17,,,0,100,,19590,17,,,0
2029,'1797',548,,19628,17,0,5 2 15 16 17,0,70,,19611,17,,,0,30,,19618,17,,,0,68,,19597,17,,,0,30,,19603,17,,,0,70,,19612,17,,,0,30,,19619,17,,,0,70,,19598,17,,,0,30,,19604,17,,,0,70,,19613,17,,,0,30,,19620,17,,,0,70,,19599,17,,,0,30,,19605,17,,,0,70,,19614,17,,,0,30,,19621,17,,,0,70,,19600,17,,,0,30,,19606,17,,,0,70,,19615,17,,,0,30,,19622,17,,,0,70,,19601,17,,,0,30,,19607,17,,,0,70,,19616,17,,,0,30,,19623,17,,,0,70,,19602,17,,,0,30,,19608,17,,,0,70,,19617,17,,,0,30,,19624,17,,,0,70,,19609,17,,,0,100,,19625,17,,,0,100,,19610,17,,,0,100,,19626,17,,,0
2029,'1798',618,,19632,17,,,0,30,,19640,17,,,0,68,,19651,17,,,0,30,,19646,17,,,0,70,,19633,17,,,0,30,,19641,17,,,0,70,,19652,17,,,0,30,,19647,17,,,0,70,,19634,17,,,0,30,,19642,17,,,0,70,,19653,17,,,0,30,,19648,17,,,0,70,,19635,17,,,0,30,,19643,17,,,0,70,,19654,17,,,0,30,,19649,17,,,0,70,,19636,17,,,0,30,,19644,17,,,0,70,,19655,17,,,0,30,,19650,17,,,0,70,,19637,17,,,0,30,,19645,17,,,0,70,,19656,17,,,0,100,,19638,17,,,0,100,,19657,17,,,0,100,,19639,17,,,0,100,,19658,17,,,0,100,,19631,17,,,0
2029,'1799',618,,19664,17,,,0,30,,19672,17,,,0,68,,19683,17,,,0,30,,19678,17,,,0,70,,19665,17,,,0,30,,19673,17,,,0,70,,19684,17,,,0,30,,19679,17,,,0,70,,19666,17,,,0,30,,19674,17,,,0,70,,19685,17,,,0,30,,19680,17,,,0,70,,19667,17,,,0,30,,19675,17,,,0,70,,19686,17,,,0,30,,19681,17,,,0,70,,19668,17,,,0,30,,19676,17,,,0,70,,19687,17,,,0,30,,19682,17,,,0,70,,19669,17,,,0,30,,19677,17,,,0,70,,19688,17,,,0,100,,19670,17,,,0,100,,19689,17,,,0,100,,19671,17,,,0,100,,19690,17,,,0,100,,19663,17,,,0
2029,'1800',618,,19696,17,,,0,30,,19704,17,,,0,68,,19715,17,,,0,30,,19710,17,,,0,70,,19697,17,,,0,30,,19705,17,,,0,70,,19716,17,,,0,30,,19711,17,,,0,70,,19698,17,,,0,30,,19706,17,,,0,70,,19717,17,,,0,30,,19712,17,,,0,70,,19699,17,,,0,30,,19707,17,,,0,70,,19718,17,,,0,30,,19713,17,,,0,70,,19700,17,,,0,30,,19708,17,,,0,70,,19719,17,,,0,30,,19714,17,,,0,70,,19701,17,,,0,30,,19709,17,,,0,70,,19720,17,,,0,100,,19702,17,,,0,100,,19721,17,,,0,100,,19703,17,,,0,100,,19722,17,,,0,100,,19695,17,,,0
2029,'1816',548,,5908,17,0,5 2 15 16 17,0,70,,5891,17,,,0,30,,5898,17,,,0,68,,5877,17,,,0,30,,5883,17,,,0,70,,5892,17,,,0,30,,5899,17,,,0,70,,5878,17,,,0,30,,5884,17,,,0,70,,5893,17,,,0,30,,5900,17,,,0,70,,5879,17,,,0,30,,5885,17,,,0,70,,5894,17,,,0,30,,5901,17,,,0,70,,5880,17,,,0,30,,5886,17,,,0,70,,5895,17,,,0,30,,5902,17,,,0,70,,5881,17,,,0,30,,5887,17,,,0,70,,5896,17,,,0,30,,5903,17,,,0,70,,5882,17,,,0,30,,5888,17,,,0,70,,5897,17,,,0,30,,5904,17,,,0,70,,5889,17,,,0,100,,5905,17,,,0,100,,5890,17,,,0,100,,5906,17,,,0
2029,'1817',618,,9443,17,,,0,30,,9451,17,,,0,68,,9462,17,,,0,30,,9457,17,,,0,70,,9444,17,,,0,30,,9452,17,,,0,70,,9463,17,,,0,30,,9458,17,,,0,70,,9445,17,,,0,30,,9453,17,,,0,70,,9464,17,,,0,30,,9459,17,,,0,70,,9446,17,,,0,30,,9454,17,,,0,70,,9465,17,,,0,30,,9460,17,,,0,70,,9447,17,,,0,30,,9455,17,,,0,70,,9466,17,,,0,30,,9461,17,,,0,70,,9448,17,,,0,30,,9456,17,,,0,70,,9467,17,,,0,100,,9449,17,,,0,100,,9468,17,,,0,100,,9450,17,,,0,100,,9469,17,,,0,100,,9442,17,,,0
7029,'1796',513,,20399,13,,,0,103,,20400,13,,,0,28,,20401,13,,,0,72,,20402,13,,,0,30,,20403,13,,,0,70,,20404,13,,,0,30,,20405,13,,,0,70,,20406,13,,,0,30,,20407,13,,,0,70,,20408,13,,,0,30,,20409,13,,,0,70,,20410,13,,,0,30,,20411,13,,,0,70,,20395,13,,,0,30,,20396,13,,,0,70,,20397,13,,,0,31,,20394,13,,,0,70,,20393,13,,,0,30,,20398,13,,,0,70,,20412,13,,,0,30,,20413,13,,,0,70,,20414,13,,,0,29,,20415,13,,,0,70,,20416,13,,,0,30,,20417,13,,,0,70,,20418,13,,,0,30,,20419,13,,,0,70,,20420,13,,,0,30,,20421,13,,,0,69,,20422,13,,,0,101,,20423,13,,,0,100,,20424,13,,,0,100,,20425,13,,,0
7029,'1797',617,,20457,2,,,0,29,,20426,13,,,0,70,,20440,13,,,0,30,,20427,13,,,0,69,,20441,13,,,0,30,,20428,13,,,0,70,,20442,13,,,0,30,,20429,13,,,0,70,,20443,13,,,0,30,,20430,13,,,0,70,,20444,13,,,0,30,,20431,13,,,0,70,,20445,13,,,0,30,,20432,13,,,0,70,,20446,13,,,0,30,,20433,13,,,0,71,,20447,13,,,0,30,,20434,13,,,0,70,,20448,13,,,0,30,,20435,13,,,0,69,,20449,13,,,0,30,,20436,13,,,0,70,,20450,13,,,0,30,,20437,13,,,0,70,,20451,13,,,0,30,,20438,13,,,0,70,,20452,13,,,0,30,,20439,13,,,0,71,,20453,13,,,0,100,,20454,13,,,0,100,,20455,13,,,0,100,,20456,13,,,0
7029,'1798',716,,20460,13,,,0,99,,20461,13,,,0,100,,20462,13,,,0,100,,20463,13,,,0,100,,20464,13,,,0,100,,20465,13,,,0,100,,20466,13,,,0,101,,20467,13,,,0,100,,20468,13,,,0,99,,20469,13,,,0,100,,20470,13,,,0,100,,20471,13,,,0,100,,20472,13,,,0,101,,20473,13,,,0,100,,20459,13,,,0
7029,'1799',716,,20476,13,,,0,99,,20477,13,,,0,100,,20478,13,,,0,100,,20479,13,,,0,100,,20480,13,,,0,100,,20481,13,,,0,100,,20482,13,,,0,101,,20483,13,,,0,100,,20484,13,,,0,99,,20485,13,,,0,100,,20486,13,,,0,100,,20487,13,,,0,100,,20488,13,,,0,101,,20489,13,,,0,100,,20475,13,,,0
7029,'1800',716,,20492,13,,,0,99,,20493,13,,,0,100,,20494,13,,,0,100,,20495,13,,,0,100,,20496,13,,,0,100,,20497,13,,,0,100,,20498,13,,,0,101,,20499,13,,,0,100,,20500,13,,,0,99,,20501,13,,,0,100,,20502,13,,,0,100,,20503,13,,,0,100,,20504,13,,,0,101,,20505,13,,,0,100,,20491,13,,,0
7029,'1816',617,,10116,2,,,0,298,,10101,13,,,0,230,,10090,13,,,0,70,,10104,13,,,0,130,,10092,13,,,0,101,,10093,13,,,0,70,,10107,13,,,0,299,,10110,13,,,0,301,,10113,13,,,0,100,,10114,13,,,0,100,,10115,13,,,0
7029,'1817',716,,10035,13,,,0,99,,10036,13,,,0,100,,17091,13,,,0,100,,10038,13,,,0,100,,10039,13,,,0,100,,17092,13,,,0,100,,10041,13,,,0,101,,10042,13,,,0,100,,17093,13,,,0,99,,10044,13,,,0,100,,10045,13,,,0,100,,17094,13,,,0,100,,10047,13,,,0,101,,10048,13,,,0,100,,17090,13,,,0
7029,'1824',646,,17122,13,,,0,70,,17133,13,,,0,30,,17123,13,,,0,69,,17134,13,,,0,30,,17124,13,,,0,100,,17125,13,,,0,70,,17135,13,,,0,30,,17126,13,,,0,70,,17136,13,,,0,130,,17127,13,,,0,70,,17137,13,,,0,101,,17138,13,,,0,130,,17128,13,,,0,69,,17139,13,,,0,30,,17129,13,,,0,70,,17140,13,,,0,30,,17130,13,,,0,100,,17131,13,,,0,70,,17141,13,,,0,30,,17132,13,,,0,71,,17142,13,,,0
20002019,'1798',1001,,24809,2,,,0
20002019,'1799',1001,,24810,2,,,0
20002019,'1800',1001,,24811,2,,,0
20002019,'1817',1001,,19098,2,,,0
14000001029,'1796',429,,24916,2,0,18 7,0,102,,24917,2,0,18 7,0,1812,,24919,2,,,0,68,,24920,2,,,0,30,,24923,2,,,0,70,,24918,2,,,0,30,,24921,2,,,0,70,,24922,2,,,0
14000001029,'1797',531,,24928,2,0,18 7,0,1812,,24930,2,,,0,68,,24925,2,,,0,30,,24924,2,,,0,70,,24926,2,,,0,30,,24929,2,,,0,70,,24927,2,,,0
14000001029,'1798',531,,24937,2,0,18 7,0,1812,,24931,2,,,0,68,,24935,2,,,0,30,,24936,2,,,0,70,,24933,2,,,0,30,,24934,2,,,0,70,,24932,2,,,0
14000001029,'1799',531,,24944,2,0,18 7,0,1812,,24938,2,,,0,68,,24942,2,,,0,30,,24943,2,,,0,70,,24940,2,,,0,30,,24941,2,,,0,70,,24939,2,,,0
14000001029,'1800',531,,24951,2,0,18 7,0,1812,,24945,2,,,0,68,,24949,2,,,0,30,,24950,2,,,0,70,,24947,2,,,0,30,,24948,2,,,0,70,,24946,2,,,0
14000001029,'1816',2411,,9292,2,,,0,130,,9296,2,,,0
14000001029,'1817',531,,19150,2,0,18 7,0,1812,,19146,2,,,0,68,,13744,2,,,0,30,,19149,2,,,0,70,,19148,2,,,0,30,,13743,2,,,0,70,,19147,2,,,0
14000001029,'1824',531,,19160,2,0,18 7,0,1812,,19161,2,,,0,98,,19157,2,,,0,70,,19158,2,,,0,100,,19159,2,,,0
