14019,'1796',513,,20931,3,,,0,100,,20930,3,,,0,40,,20901,3,,,0,70,,20914,3,,,0,28,,20902,3,,,0,62,,20915,3,,,0,30,,20903,3,,,0,70,,20916,3,,,0,30,,20904,3,,,0,70,,20917,3,,,0,30,,20905,3,,,0,70,,20918,3,,,0,30,,20906,3,,,0,70,,20919,3,,,0,30,,20907,3,,,0,70,,20920,3,,,0,30,,20908,3,,,0,70,,20921,3,,,0,30,,20909,3,,,0,70,,20922,3,,,0,40,,20910,3,,,0,70,,20923,3,,,0,30,,20911,3,,,0,70,,20924,3,,,0,30,,20912,3,,,0,60,,20925,3,,,0,30,,20913,3,,,0,70,,20926,3,,,0,30,,20932,3,,,0,70,,20927,3,,,0,92,,20928,3,,,0,100,,20929,3,,,0
14019,'1797',638,,20933,3,,,0,100,,20934,3,,,0,100,,20935,3,,,0,100,,20936,3,,,0,100,,20937,3,,,0,100,,20938,3,,,0,100,,20939,3,,,0,100,,20940,3,,,0,100,,20941,3,,,0,100,,20942,3,,,0,100,,20943,3,,,0,100,,20944,3,,,0,100,,20945,3,,,0,100,,20946,3,,,0,100,,20947,3,,,0,95,,20948,3,,,0,100,,20949,3,,,0
14019,'1798',638,,20963,3,,,0,100,,20964,3,,,0,100,,20952,3,,,0,100,,20953,3,,,0,100,,20954,3,,,0,100,,20955,3,,,0,100,,20956,3,,,0,100,,20957,3,,,0,100,,20958,3,,,0,100,,20959,3,,,0,100,,20960,3,,,0,100,,20961,3,,,0,100,,20962,3,,,0,100,,20951,3,,,0,95,,20950,3,,,0
14019,'1799',638,,20978,3,,,0,100,,20979,3,,,0,100,,20967,3,,,0,100,,20968,3,,,0,100,,20969,3,,,0,100,,20970,3,,,0,100,,20971,3,,,0,100,,20972,3,,,0,100,,20973,3,,,0,100,,20974,3,,,0,100,,20975,3,,,0,100,,20976,3,,,0,100,,20977,3,,,0,100,,20966,3,,,0,95,,20965,3,,,0
14019,'1800',638,,20993,3,,,0,100,,20994,3,,,0,100,,20982,3,,,0,100,,20983,3,,,0,100,,20984,3,,,0,100,,20985,3,,,0,100,,20986,3,,,0,100,,20987,3,,,0,100,,20988,3,,,0,100,,20989,3,,,0,100,,20990,3,,,0,100,,20991,3,,,0,100,,20992,3,,,0,100,,20981,3,,,0,95,,20980,3,,,0
14019,'1816',1238,,10565,4,,,0,200,,10567,4,,,0,100,,10568,4,,,0,600,,10574,4,,,0,100,,10575,4,,,0
14019,'1817',638,,10516,4,,,0,100,,17355,4,,,0,100,,17344,4,,,0,100,,17345,4,,,0,100,,17346,4,,,0,100,,17347,4,,,0,100,,17348,4,,,0,100,,17349,4,,,0,100,,17350,4,,,0,100,,17351,4,,,0,100,,17352,4,,,0,100,,17353,4,,,0,100,,17354,4,,,0,100,,10504,4,,,0,100,,17343,4,,,0
14019,'1824',638,,17384,4,,,0,100,,17385,4,,,0,100,,17386,4,,,0,100,,17387,4,,,0,100,,17388,4,,,0,100,,17389,4,,,0,200,,17390,4,,,0,300,,17391,4,,,0,100,,17392,4,,,0,100,,17393,4,,,0,100,,17394,4,,,0,100,,17395,4,,,0
15019,'1796',633,,20996,3,,,0,70,,20997,3,,,0,30,,20998,3,,,0,70,,20999,3,,,0,30,,21000,3,,,0,70,,21001,3,,,0,30,,21002,3,,,0,70,,21003,3,,,0,30,,21004,3,,,0,70,,21005,3,,,0,30,,21006,3,,,0,70,,21007,3,,,0,30,,21008,3,,,0,70,,21009,3,,,0,30,,21010,3,,,0,70,,21011,3,,,0,30,,21012,3,,,0,70,,21013,3,,,0,30,,21014,3,,,0,70,,21015,3,,,0,30,,21016,3,,,0,70,,21017,3,,,0,30,,21018,3,,,0,70,,21019,3,,,0,30,,21020,3,,,0,70,,21021,3,,,0,30,,21022,3,,,0,100,,21023,3,,,0,99,,21024,3,,,0,100,,21025,3,0,5 2 6 7,0
15019,'1797',708,,21026,3,,,0,100,,21027,3,,,0,100,,21028,3,,,0,100,,21029,3,,,0,100,,21030,3,,,0,100,,21031,3,,,0,100,,21032,3,,,0,100,,21033,3,,,0,100,,21034,3,,,0,100,,21035,3,,,0,100,,21036,3,,,0,100,,21037,3,,,0,100,,21038,3,,,0,100,,21039,3,,,0
15019,'1798',708,,21052,3,,,0,100,,21050,3,,,0,100,,21053,3,,,0,100,,21051,3,,,0,100,,21048,3,,,0,100,,21046,3,,,0,100,,21049,3,,,0,100,,21047,3,,,0,100,,21044,3,,,0,100,,21045,3,,,0,100,,21042,3,,,0,100,,21043,3,,,0,100,,21041,3,,,0,100,,21054,3,,,0
15019,'1799',708,,21066,3,,,0,100,,21064,3,,,0,100,,21067,3,,,0,100,,21065,3,,,0,100,,21062,3,,,0,100,,21060,3,,,0,100,,21063,3,,,0,100,,21061,3,,,0,100,,21058,3,,,0,100,,21059,3,,,0,100,,21056,3,,,0,100,,21057,3,,,0,100,,21055,3,,,0,100,,21068,3,,,0
15019,'1800',708,,21080,3,,,0,100,,21078,3,,,0,100,,21081,3,,,0,100,,21079,3,,,0,100,,21076,3,,,0,100,,21074,3,,,0,100,,21077,3,,,0,100,,21075,3,,,0,100,,21072,3,,,0,100,,21073,3,,,0,100,,21070,3,,,0,100,,21071,3,,,0,100,,21069,3,,,0,100,,21082,3,,,0
15019,'1816',708,,10636,3,,,0,300,,10639,3,,,0,300,,10642,3,,,0,300,,10645,3,,,0,300,,10648,3,,,0
15019,'1817',708,,17400,3,,,0,100,,10600,3,,,0,100,,10603,3,,,0,100,,17399,3,,,0,100,,10598,3,,,0,100,,10596,3,,,0,100,,17398,3,,,0,100,,10597,3,,,0,100,,10594,3,,,0,100,,17397,3,,,0,100,,10592,3,,,0,100,,10593,3,,,0,100,,17396,3,,,0,100,,10604,3,,,0
15019,'1824',808,,17428,3,,,0,100,,17429,3,,,0,200,,17430,3,,,0,100,,17431,3,,,0,200,,17432,3,,,0,100,,17433,3,,,0,200,,17434,3,,,0,100,,17435,3,,,0,200,,17436,3,,,0
19029,'1796',823,,21545,3,,,0,30,,21547,3,,,0,70,,21538,3,,,0,30,,21537,3,,,0,70,,21542,3,,,0,30,,21543,3,,,0,70,,21540,3,,,0,30,,21544,3,,,0,70,,21546,3,,,0,30,,21548,3,,,0,70,,21539,3,,,0,30,,21541,3,,,0,70,,21549,3,,,0,30,,21551,3,,,0,71,,21558,3,,,0,299,,21553,3,,,0,30,,21552,3,,,0,70,,21557,3,,,0,100,,21556,3,,,0,100,,21555,3,,,0,100,,21554,3,,,0,100,,21550,3,,,0
19029,'1797',613,,21583,3,,,0,40,,21584,3,,,0,70,,21577,3,,,0,30,,21561,3,,,0,70,,21579,3,,,0,30,,21578,3,,,0,70,,21559,3,,,0,30,,21573,3,,,0,70,,21580,3,,,0,30,,21566,3,,,0,70,,21576,3,,,0,30,,21565,3,,,0,70,,21575,3,,,0,30,,21571,3,,,0,70,,21582,3,,,0,30,,21590,3,,,0,71,,21569,3,,,0,30,,21564,3,,,0,70,,21568,3,,,0,30,,21574,3,,,0,70,,21570,3,,,0,30,,21581,3,,,0,69,,21562,3,,,0,30,,21572,3,,,0,70,,21567,3,,,0,30,,21560,3,,,0,70,,21585,3,,,0,110,,21589,3,,,0,70,,21586,3,,,0,100,,21587,3,,,0,100,,21588,3,,,0,25,,21563,3,,,0
19029,'1798',611,,21615,3,,,0,112,,21616,3,,,0,100,,21614,3,,,0,30,,21612,3,,,0,70,,21607,3,,,0,30,,21610,3,,,0,70,,21595,3,,,0,30,,21599,3,,,0,70,,21603,3,,,0,30,,21606,3,,,0,70,,21608,3,,,0,30,,21593,3,,,0,70,,21598,3,,,0,30,,21602,3,,,0,71,,21605,3,,,0,30,,21609,3,,,0,70,,21592,3,,,0,30,,21597,3,,,0,70,,21601,3,,,0,30,,21604,3,,,0,69,,21611,3,,,0,30,,21594,3,,,0,70,,21596,3,,,0,30,,21600,3,,,0,70,,21617,3,,,0,30,,21620,3,,,0,85,,21618,3,,,0,100,,21619,3,,,0,100,,21613,3,,,0,85,,21591,3,,,0
19029,'1799',611,,21645,3,,,0,112,,21646,3,,,0,100,,21644,3,,,0,30,,21642,3,,,0,70,,21637,3,,,0,30,,21640,3,,,0,70,,21625,3,,,0,30,,21629,3,,,0,70,,21633,3,,,0,30,,21636,3,,,0,70,,21638,3,,,0,30,,21623,3,,,0,70,,21628,3,,,0,30,,21632,3,,,0,71,,21635,3,,,0,30,,21639,3,,,0,70,,21622,3,,,0,30,,21627,3,,,0,70,,21631,3,,,0,30,,21634,3,,,0,69,,21641,3,,,0,30,,21624,3,,,0,70,,21626,3,,,0,30,,21630,3,,,0,70,,21647,3,,,0,30,,21650,3,,,0,85,,21648,3,,,0,100,,21649,3,,,0,100,,21643,3,,,0,85,,21621,3,,,0
19029,'1800',611,,21675,3,,,0,112,,21676,3,,,0,100,,21674,3,,,0,30,,21672,3,,,0,70,,21667,3,,,0,30,,21670,3,,,0,70,,21655,3,,,0,30,,21659,3,,,0,70,,21663,3,,,0,30,,21666,3,,,0,70,,21668,3,,,0,30,,21653,3,,,0,70,,21658,3,,,0,30,,21662,3,,,0,71,,21665,3,,,0,30,,21669,3,,,0,70,,21652,3,,,0,30,,21657,3,,,0,70,,21661,3,,,0,30,,21664,3,,,0,69,,21671,3,,,0,30,,21654,3,,,0,70,,21656,3,,,0,30,,21660,3,,,0,70,,21677,3,,,0,30,,21680,3,,,0,85,,21678,3,,,0,100,,21679,3,,,0,100,,21673,3,,,0,85,,21651,3,,,0
19029,'1816',2033,,11212,3,,,0,175,,11210,3,,,0,100,,11211,3,,,0
19029,'1817',611,,17666,3,,,0,112,,17667,3,,,0,100,,17665,3,,,0,30,,17664,3,,,0,70,,17659,3,,,0,30,,17662,3,,,0,70,,17647,3,,,0,30,,17651,3,,,0,70,,17655,3,,,0,30,,17658,3,,,0,70,,17660,3,,,0,30,,17645,3,,,0,70,,17650,3,,,0,30,,17654,3,,,0,71,,17657,3,,,0,30,,17661,3,,,0,70,,17644,3,,,0,30,,17649,3,,,0,70,,17653,3,,,0,30,,17656,3,,,0,69,,17663,3,,,0,30,,17646,3,,,0,70,,17648,3,,,0,30,,17652,3,,,0,70,,17668,3,,,0,30,,17670,3,,,0,85,,17669,3,,,0,100,,11141,3,,,0,100,,11135,3,,,0,85,,17643,3,,,0
19029,'1824',611,,17716,3,,,0,12,,17717,3,,,0,30,,17718,3,,,0,70,,17710,3,,,0,30,,17693,3,,,0,70,,17712,3,,,0,30,,17711,3,,,0,70,,17691,3,,,0,30,,17706,3,,,0,70,,17713,3,,,0,30,,17698,3,,,0,70,,17709,3,,,0,30,,17697,3,,,0,70,,17708,3,,,0,30,,17704,3,,,0,70,,17715,3,,,0,30,,17700,3,,,0,71,,17702,3,,,0,30,,17696,3,,,0,70,,17701,3,,,0,30,,17707,3,,,0,70,,17703,3,,,0,30,,17714,3,,,0,69,,17694,3,,,0,30,,17705,3,,,0,70,,17699,3,,,0,30,,17692,3,,,0,70,,17719,3,,,0,185,,17720,3,,,0,220,,17695,3,,,0
10019029,'1796',613,,24782,3,,,0,30,,24785,3,,,0,70,,24784,3,,,0,30,,24786,3,,,0,801,,24791,3,,,0,70,,24789,3,,,0,30,,24787,3,,,0,70,,24792,3,,,0,29,,24788,3,,,0,210,,24790,3,,,0
14000001019,'1796',2353,,24895,1,,,0,70,,24892,1,,,0,30,,24893,1,,,0,70,,24894,1,,,0,30,,24891,1,,,0
14000001019,'1797',2353,,24900,1,,,0,70,,24896,1,,,0,30,,24899,1,,,0,70,,24898,1,,,0,30,,24897,1,,,0
14000001019,'1798',2353,,24904,1,,,0,70,,24903,1,,,0,30,,24901,1,,,0,70,,24905,1,,,0,30,,24902,1,,,0
14000001019,'1799',2353,,24909,1,,,0,70,,24908,1,,,0,30,,24906,1,,,0,70,,24910,1,,,0,30,,24907,1,,,0
14000001019,'1800',2353,,24914,1,,,0,70,,24913,1,,,0,30,,24911,1,,,0,70,,24915,1,,,0,30,,24912,1,,,0
14000001019,'1816',2453,,9276,1,,,0
14000001019,'1817',2353,,19136,1,,,0,70,,19135,1,,,0,30,,13721,1,,,0,70,,19137,1,,,0,30,,19134,1,,,0
14000001019,'1824',2353,,19145,1,,,0,70,,19142,1,,,0,100,,19144,1,,,0,30,,19143,1,,,0
14000001029,'1796',2422,,24919,50,4,,0,30,,24920,50,4,,0,70,,24923,50,4,,0,30,,24918,50,4,,0,70,,24921,50,4,,0,30,,24922,50,4,,0
14000001029,'1797',2422,,24930,50,4,,0,30,,24925,50,4,,0,70,,24924,50,4,,0,30,,24926,50,4,,0,70,,24929,50,4,,0,30,,24927,50,4,,0
14000001029,'1798',2422,,24931,50,4,,0,30,,24935,50,4,,0,70,,24936,50,4,,0,30,,24933,50,4,,0,70,,24934,50,4,,0,30,,24932,50,4,,0
14000001029,'1799',2422,,24938,50,4,,0,30,,24942,50,4,,0,70,,24943,50,4,,0,30,,24940,50,4,,0,70,,24941,50,4,,0,30,,24939,50,4,,0
14000001029,'1800',2422,,24945,50,4,,0,30,,24949,50,4,,0,70,,24950,50,4,,0,30,,24947,50,4,,0,70,,24948,50,4,,0,30,,24946,50,4,,0
14000001029,'1816',2452,,9292,50,4,,0,170,,9296,50,4,,0
14000001029,'1817',2422,,19146,50,4,,0,30,,13744,50,4,,0,70,,19149,50,4,,0,30,,19148,50,4,,0,70,,13743,50,4,,0,30,,19147,50,4,,0
14000001029,'1824',2422,,19161,50,4,,0,100,,19157,50,4,,0,30,,19158,50,4,,0,100,,19159,50,4,,0
