15029,'1838',740,,36977,59,,,0,98,,45082,59,,,0,101,,36974,59,,,0,100,,36975,59,,,0,102,,45083,59,,,0,100,,36972,59,,,0,100,,36969,59,,,0,102,,45081,59,,,0,100,,36971,59,,,0,99,,36968,59,,,0,99,,45080,59,,,0,99,,36966,59,,,0,100,,36967,59,,,0,100,,45079,59,,,0
15029,'1865',617,,45084,19,,,0,20,,45085,19,,,0,71,,36995,59,,,0,31,,36996,59,,,0,74,,36997,59,,,0,30,,45086,59,,,0,73,,36999,59,,,0,30,,37000,59,,,0,65,,37001,59,,,0,30,,37002,59,,,0,70,,37003,59,,,0,30,,45087,59,,,0,70,,45088,59,,,0,30,,42575,59,,,0,70,,45089,59,,,0,30,,45090,59,,,0,70,,42576,59,,,0,32,,37010,59,,,0,73,,45091,59,,,0,35,,37012,59,,,0,72,,37013,59,,,0,29,,45092,59,,,0,66,,45093,59,,,0,23,,37016,59,,,0,69,,37017,59,,,0,29,,37018,59,,,0,67,,45094,59,,,0,30,,37020,59,,,0,70,,45095,59,,,0,30,,45096,59,,,0,70,,37023,59,,,0,99,,45098,59,,,0,97,,45097,59,,,0
15029,'1866',612,,45099,19,,,0,133,,37029,59,,,0,93,,37030,59,,,0,100,,45100,59,,,0,100,,37032,59,,,0,102,,37033,59,,,0,100,,45101,59,,,0,100,,37035,59,,,0,105,,37036,59,,,0,100,,45102,59,,,0,98,,37038,59,,,0,98,,37039,59,,,0,99,,45103,59,,,0,100,,37026,59,,,0,100,,37027,59,,,0
15029,'1867',740,,37054,59,,,0,98,,45107,59,,,0,101,,37051,59,,,0,100,,37052,59,,,0,102,,45108,59,,,0,100,,37049,59,,,0,100,,37046,59,,,0,102,,45106,59,,,0,100,,37048,59,,,0,99,,37045,59,,,0,99,,45105,59,,,0,99,,37043,59,,,0,100,,37044,59,,,0,100,,45104,59,,,0
15029,'1873',745,,30423,59,,,0,93,,30424,59,,,0,200,,30426,59,,,0,102,,30427,59,,,0,200,,30429,59,,,0,105,,30430,59,,,0,198,,30432,59,,,0,98,,30433,59,,,0,199,,30420,59,,,0,100,,30421,59,,,0
15029,'1878',740,,30448,59,,,0,199,,30445,59,,,0,100,,30446,59,,,0,202,,30443,59,,,0,100,,30440,59,,,0,202,,30442,59,,,0,99,,30439,59,,,0,198,,30437,59,,,0,100,,30438,59,,,0
15029,'1881',617,,30482,19,,,0,20,,36978,19,,,0,206,,36979,59,,,0,298,,36980,59,,,0,70,,36981,59,,,0,100,,36983,59,,,0,30,,36984,59,,,0,175,,36986,59,,,0,136,,36987,59,,,0,66,,36988,59,,,0,188,,30508,59,,,0,100,,36989,59,,,0,30,,42580,59,,,0,169,,36992,59,,,0,97,,36991,59,,,0
15029,'1882',708,,30484,59,,,0,31,,30485,59,,,0,74,,30486,59,,,0,103,,30488,59,,,0,30,,30489,59,,,0,65,,30490,59,,,0,30,,30491,59,,,0,70,,30492,59,,,0,130,,42578,59,,,0,170,,42579,59,,,0,32,,30499,59,,,0,108,,30501,59,,,0,72,,30502,59,,,0,118,,30505,59,,,0,69,,30506,59,,,0,29,,30507,59,,,0,97,,30509,59,,,0,170,,30512,59,,,0
15029,'1886',617,,45109,19,,,0,20,,45110,19,,,0,206,,45111,59,,,0,298,,45112,59,,,0,70,,45113,59,,,0,100,,45114,59,,,0,30,,45115,59,,,0,175,,45116,59,,,0,136,,45117,59,,,0,66,,45118,59,,,0,188,,45119,59,,,0,100,,45120,59,,,0,30,,45121,59,,,0,169,,45123,59,,,0,97,,45122,59,,,0
15029,'1887',612,,45124,19,,,0,326,,45125,59,,,0,302,,45126,59,,,0,305,,45127,59,,,0,295,,45128,59,,,0
15029,'1888',838,,45132,59,,,0,303,,45133,59,,,0,302,,45131,59,,,0,298,,45130,59,,,0,299,,45129,59,,,0
