15029,'1838',706,,36977,12,,,0,98,,45082,12,,,0,100,,36974,12,,,0,100,,36975,12,,,0,101,,45083,12,,,0,100,,36972,12,,,0,100,,36969,12,,,0,102,,45081,12,,,0,100,,36971,12,,,0,100,,36968,12,,,0,99,,45080,12,,,0,99,,36966,12,,,0,100,,36967,12,,,0,100,,45079,12,,,0
15029,'1865',632,,36995,12,,,0,69,,36996,12,,,0,31,,36997,12,,,0,71,,45086,12,,,0,35,,36999,12,,,0,70,,37000,12,,,0,25,,37001,12,,,0,70,,37002,12,,,0,30,,37003,12,,,0,70,,45087,12,,,0,30,,45088,12,,,0,70,,42575,12,,,0,30,,45089,12,,,0,70,,45090,12,,,0,30,,42576,12,,,0,70,,37010,12,,,0,30,,45091,12,,,0,75,,37012,12,,,0,32,,37013,12,,,0,70,,45092,12,,,0,29,,45093,12,,,0,66,,37016,12,,,0,29,,37017,12,,,0,69,,37018,12,,,0,27,,45094,12,,,0,70,,37020,12,,,0,30,,45095,12,,,0,70,,45096,12,,,0,30,,37023,12,,,0,100,,45098,12,,,0,97,,45097,12,,,0
15029,'1866',711,,37029,12,,,0,93,,37030,12,,,0,100,,45100,12,,,0,100,,37032,12,,,0,101,,37033,12,,,0,100,,45101,12,,,0,100,,37035,12,,,0,103,,37036,12,,,0,100,,45102,12,,,0,100,,37038,12,,,0,98,,37039,12,,,0,99,,45103,12,,,0,100,,37026,12,,,0,100,,37027,12,,,0
15029,'1867',706,,37054,12,,,0,98,,45107,12,,,0,100,,37051,12,,,0,100,,37052,12,,,0,101,,45108,12,,,0,100,,37049,12,,,0,100,,37046,12,,,0,102,,45106,12,,,0,100,,37048,12,,,0,100,,37045,12,,,0,99,,45105,12,,,0,99,,37043,12,,,0,100,,37044,12,,,0,100,,45104,12,,,0
15029,'1873',711,,30423,12,,,0,93,,30424,12,,,0,200,,30426,12,,,0,101,,30427,12,,,0,200,,30429,12,,,0,103,,30430,12,,,0,200,,30432,12,,,0,98,,30433,12,,,0,199,,30420,12,,,0,100,,30421,12,,,0
15029,'1878',706,,30448,12,,,0,198,,30445,12,,,0,100,,30446,12,,,0,201,,30443,12,,,0,100,,30440,12,,,0,202,,30442,12,,,0,100,,30439,12,,,0,198,,30437,12,,,0,100,,30438,12,,,0
15029,'1881',803,,36979,12,,,0,300,,36980,12,,,0,30,,36981,12,,,0,100,,36983,12,,,0,70,,36984,12,,,0,130,,36986,12,,,0,177,,36987,12,,,0,29,,36988,12,,,0,191,,30508,12,,,0,100,,36989,12,,,0,70,,42580,12,,,0,130,,36992,12,,,0,97,,36991,12,,,0
15029,'1882',632,,30484,12,,,0,69,,30485,12,,,0,31,,30486,12,,,0,106,,30488,12,,,0,70,,30489,12,,,0,25,,30490,12,,,0,70,,30491,12,,,0,30,,30492,12,,,0,170,,42578,12,,,0,130,,42579,12,,,0,70,,30499,12,,,0,105,,30501,12,,,0,32,,30502,12,,,0,165,,30505,12,,,0,29,,30506,12,,,0,69,,30507,12,,,0,97,,30509,12,,,0,130,,30512,12,,,0
15029,'1886',803,,45111,12,,,0,300,,45112,12,,,0,30,,45113,12,,,0,100,,45114,12,,,0,70,,45115,12,,,0,130,,45116,12,,,0,177,,45117,12,,,0,29,,45118,12,,,0,191,,45119,12,,,0,100,,45120,12,,,0,70,,45121,12,,,0,130,,45123,12,,,0,97,,45122,12,,,0
15029,'1887',904,,45125,12,,,0,301,,45126,12,,,0,303,,45127,12,,,0,297,,45128,12,,,0
15029,'1888',804,,45132,12,,,0,301,,45133,12,,,0,302,,45131,12,,,0,299,,45130,12,,,0,299,,45129,12,,,0
