15019,'1800',732,,30284,39,,,0,100,,30282,39,,,0,100,,30285,39,,,0,101,,30283,39,,,0,100,,30280,39,,,0,100,,30278,39,,,0,101,,30281,39,,,0,100,,30279,39,,,0,100,,30276,39,,,0,99,,30277,39,,,0,100,,30274,39,,,0,100,,30275,39,,,0,100,,30273,39,,,0,99,,30286,39,,,0
15019,'1838',732,,36885,39,,,0,100,,36883,39,,,0,100,,36886,39,,,0,101,,36884,39,,,0,100,,36881,39,,,0,100,,36879,39,,,0,101,,36882,39,,,0,100,,36880,39,,,0,100,,36877,39,,,0,99,,36878,39,,,0,100,,36875,39,,,0,100,,36876,39,,,0,100,,36874,39,,,0,99,,36887,39,,,0
15019,'1850',603,,30330,5,0,5 2 6 7,0,54,,30331,39,,,0,70,,30332,39,,,0,76,,30333,39,,,0,30,,30334,39,,,0,25,,30335,39,,,0,70,,30336,39,,,0,30,,30337,39,,,0,70,,30338,39,,,0,30,,30339,39,,,0,70,,30340,39,,,0,30,,30341,39,,,0,70,,30342,39,,,0,30,,30343,39,,,0,70,,30344,39,,,0,30,,30345,39,,,0,70,,30346,39,,,0,72,,30347,39,,,0,30,,30348,39,,,0,70,,30349,39,,,0,30,,30350,39,,,0,29,,30351,39,,,0,70,,30352,39,,,0,28,,30353,39,,,0,70,,30354,39,,,0,30,,30355,39,,,0,70,,30356,39,,,0,30,,30357,39,,,0,100,,30358,39,,,0,98,,30359,39,,,0,100,,30360,39,0,5 2 6 7,0
15019,'1859',732,,30301,39,,,0,100,,30302,39,,,0,100,,30303,39,,,0,101,,30304,39,,,0,100,,30305,39,,,0,100,,30306,39,,,0,101,,30307,39,,,0,100,,30308,39,,,0,100,,30309,39,,,0,99,,30310,39,,,0,100,,30311,39,,,0,100,,30312,39,,,0,100,,30313,39,,,0,99,,30314,39,,,0
15019,'1861',732,,30327,39,,,0,100,,30325,39,,,0,100,,30328,39,,,0,101,,30326,39,,,0,100,,30323,39,,,0,100,,30321,39,,,0,101,,30324,39,,,0,100,,30322,39,,,0,100,,30319,39,,,0,99,,30320,39,,,0,100,,30317,39,,,0,100,,30318,39,,,0,100,,30316,39,,,0,99,,30329,39,,,0
15019,'1862',605,,36888,5,0,5 2 6 7,0
15019,'1864',603,,30361,5,0,5 2 6 7,0,54,,30362,39,,,0,70,,36889,39,,,0,76,,30364,39,,,0,30,,30365,39,,,0,25,,30366,39,,,0,70,,30367,39,,,0,30,,30368,39,,,0,70,,36890,39,,,0,30,,36891,39,,,0,70,,36892,39,,,0,30,,36893,39,,,0,70,,36894,39,,,0,30,,36895,39,,,0,70,,30375,39,,,0,30,,36896,39,,,0,70,,30377,39,,,0,72,,30378,39,,,0,30,,36897,39,,,0,70,,36898,39,,,0,30,,30381,39,,,0,29,,30382,39,,,0,70,,30383,39,,,0,28,,30384,39,,,0,70,,30385,39,,,0,30,,36899,39,,,0,70,,36900,39,,,0,30,,30388,39,,,0,100,,36901,39,,,0,98,,36902,39,,,0,100,,36903,39,0,5 2 6 7,0
15019,'1865',603,,36904,5,0,5 2 6 7,0,54,,36905,39,,,0,70,,36906,39,,,0,76,,36907,39,,,0,30,,36908,39,,,0,25,,36909,39,,,0,70,,36910,39,,,0,30,,36911,39,,,0,70,,36912,39,,,0,30,,36913,39,,,0,70,,36914,39,,,0,30,,36915,39,,,0,70,,36916,39,,,0,30,,36917,39,,,0,70,,36918,39,,,0,30,,36919,39,,,0,70,,36920,39,,,0,72,,36921,39,,,0,30,,36922,39,,,0,70,,36923,39,,,0,30,,36924,39,,,0,29,,36925,39,,,0,70,,36926,39,,,0,28,,36927,39,,,0,70,,36928,39,,,0,30,,36929,39,,,0,70,,36930,39,,,0,30,,36931,39,,,0,100,,36932,39,,,0,98,,36933,39,,,0,100,,36934,39,0,5 2 6 7,0
15019,'1866',605,,36949,5,0,5 2 6 7,0,127,,36935,39,,,0,100,,36936,39,,,0,100,,36937,39,,,0,101,,36938,39,,,0,100,,36939,39,,,0,100,,36940,39,,,0,101,,36941,39,,,0,100,,36942,39,,,0,100,,36943,39,,,0,99,,36944,39,,,0,100,,36945,39,,,0,100,,36946,39,,,0,100,,36947,39,,,0,99,,36948,39,,,0
15019,'1867',732,,36961,39,,,0,100,,36959,39,,,0,100,,36962,39,,,0,101,,36960,39,,,0,100,,36957,39,,,0,100,,36955,39,,,0,101,,36958,39,,,0,100,,36956,39,,,0,100,,36953,39,,,0,99,,36954,39,,,0,100,,36951,39,,,0,100,,36952,39,,,0,100,,36950,39,,,0,99,,36963,39,,,0
