7019,'1838',730,,35957,1,,,0,101,,35958,1,,,0,100,,44517,1,,,0,100,,35959,1,,,0,100,,35960,1,,,0,100,,44515,1,,,0,100,,35962,1,,,0,101,,35963,1,,,0,100,,44516,1,,,0,99,,35965,1,,,0,100,,35953,1,,,0,99,,44513,1,,,0,100,,35952,1,,,0,100,,35956,1,,,0,100,,44514,1,,,0
7019,'1865',528,,44531,1,,,0,103,,44532,1,,,0,70,,44533,1,,,0,32,,36047,1,,,0,70,,36040,1,,,0,32,,36048,1,,,0,68,,44534,1,,,0,30,,42371,1,,,0,70,,42370,1,,,0,30,,42372,1,,,0,70,,36043,1,,,0,30,,36051,1,,,0,70,,36044,1,,,0,30,,44537,1,,,0,70,,44535,1,,,0,30,,42373,1,,,0,71,,44536,1,,,0,30,,44543,1,,,0,73,,42376,1,,,0,28,,36068,1,,,0,70,,44544,1,,,0,30,,44538,1,,,0,68,,44539,1,,,0,30,,42374,1,,,0,70,,44540,1,,,0,28,,36059,1,,,0,70,,36060,1,,,0,30,,44541,1,,,0,70,,44542,1,,,0,30,,36063,1,,,0,100,,36064,1,,,0,99,,36065,1,,,0,100,,42375,1,,,0
7019,'1866',631,,36086,1,,,0,69,,44548,1,,,0,30,,44553,1,,,0,70,,36080,1,,,0,31,,36088,1,,,0,70,,44549,1,,,0,30,,36089,1,,,0,70,,44550,1,,,0,30,,44554,1,,,0,70,,44551,1,,,0,30,,36091,1,,,0,70,,36084,1,,,0,30,,36092,1,,,0,70,,44552,1,,,0,30,,44555,1,,,0,70,,36098,1,,,0,31,,36094,1,,,0,70,,36100,1,,,0,30,,36095,1,,,0,70,,44557,1,,,0,29,,44556,1,,,0,70,,44558,1,,,0,30,,36097,1,,,0,70,,44561,1,,,0,29,,36074,1,,,0,70,,44559,1,,,0,30,,44547,1,,,0,70,,44560,1,,,0,30,,36076,1,,,0,100,,36077,1,,,0,100,,36078,1,,,0
7019,'1867',730,,36113,1,,,0,101,,36114,1,,,0,100,,44568,1,,,0,100,,36115,1,,,0,100,,36116,1,,,0,100,,44566,1,,,0,100,,36118,1,,,0,101,,36119,1,,,0,100,,44567,1,,,0,99,,36121,1,,,0,100,,36109,1,,,0,99,,44564,1,,,0,100,,36108,1,,,0,100,,36112,1,,,0,100,,44565,1,,,0
7019,'1873',631,,29380,1,,,0,169,,29374,1,,,0,31,,29382,1,,,0,100,,29383,1,,,0,200,,29385,1,,,0,70,,29378,1,,,0,30,,29386,1,,,0,170,,29392,1,,,0,31,,29388,1,,,0,70,,29394,1,,,0,30,,29389,1,,,0,199,,29391,1,,,0,99,,29368,1,,,0,200,,29370,1,,,0,100,,29371,1,,,0,100,,29372,1,,,0
7019,'1878',730,,29407,1,,,0,101,,29408,1,,,0,200,,29409,1,,,0,100,,29410,1,,,0,200,,29412,1,,,0,101,,29413,1,,,0,199,,29415,1,,,0,100,,29403,1,,,0,199,,29402,1,,,0,100,,29406,1,,,0
7019,'1881',528,,36014,1,,,0,103,,36015,1,,,0,70,,29478,1,,,0,202,,36016,1,,,0,330,,36022,1,,,0,70,,36018,1,,,0,101,,36019,1,,,0,30,,36030,1,,,0,171,,36032,1,,,0,30,,36024,1,,,0,68,,36026,1,,,0,100,,36028,1,,,0,128,,36029,1,,,0,70,,29501,1,,,0
7019,'1882',733,,29486,1,,,0,70,,29479,1,,,0,32,,29487,1,,,0,98,,42396,1,,,0,70,,42395,1,,,0,30,,42397,1,,,0,70,,29482,1,,,0,30,,29490,1,,,0,70,,29483,1,,,0,130,,42398,1,,,0,174,,42401,1,,,0,28,,29507,1,,,0,198,,42399,1,,,0,98,,29498,1,,,0,70,,29499,1,,,0,130,,29502,1,,,0,100,,29503,1,,,0,99,,29504,1,,,0,100,,42400,1,,,0
7019,'1886',528,,44582,1,,,0,103,,44583,1,,,0,70,,44584,1,,,0,202,,44585,1,,,0,330,,44588,1,,,0,70,,44586,1,,,0,101,,44587,1,,,0,30,,44594,1,,,0,171,,44595,1,,,0,30,,44589,1,,,0,68,,44590,1,,,0,100,,44591,1,,,0,128,,44592,1,,,0,70,,44593,1,,,0
7019,'1887',700,,44599,1,,,0,30,,44604,1,,,0,171,,44600,1,,,0,100,,44601,1,,,0,30,,44605,1,,,0,70,,44602,1,,,0,200,,44603,1,,,0,30,,44606,1,,,0,271,,44608,1,,,0,29,,44607,1,,,0,70,,44609,1,,,0,100,,44612,1,,,0,99,,44610,1,,,0,30,,44598,1,,,0,70,,44611,1,,,0
7019,'1888',931,,44619,1,,,0,300,,44617,1,,,0,301,,44618,1,,,0,298,,44615,1,,,0,300,,44616,1,,,0
7029,'1838',730,,36145,34,4,,0,101,,36146,34,4,,0,100,,44633,34,4,,0,100,,36148,34,4,,0,100,,36149,34,4,,0,100,,44634,34,4,,0,100,,36151,34,4,,0,101,,36152,34,4,,0,100,,44635,34,4,,0,99,,36154,34,4,,0,100,,36155,34,4,,0,99,,44636,34,4,,0,100,,36157,34,4,,0,100,,36158,34,4,,0,100,,44632,34,4,,0
7029,'1865',528,,44642,34,4,,0,103,,44643,34,4,,0,70,,44644,34,4,,0,32,,36198,34,4,,0,70,,36199,34,4,,0,32,,36200,34,4,,0,68,,44645,34,4,,0,30,,42423,34,4,,0,70,,42424,34,4,,0,30,,42425,34,4,,0,70,,36205,34,4,,0,30,,36206,34,4,,0,70,,36207,34,4,,0,30,,44640,34,4,,0,70,,44641,34,4,,0,30,,42421,34,4,,0,71,,44639,34,4,,0,30,,44638,34,4,,0,73,,42422,34,4,,0,28,,36208,34,4,,0,70,,44646,34,4,,0,30,,44647,34,4,,0,68,,44648,34,4,,0,30,,42426,34,4,,0,68,,44649,34,4,,0,30,,36214,34,4,,0,70,,36215,34,4,,0,30,,44650,34,4,,0,70,,44651,34,4,,0,30,,36218,34,4,,0,100,,36219,34,4,,0,99,,36220,34,4,,0,100,,42427,34,4,,0
7029,'1866',631,,36253,23,4,,0,69,,44652,34,4,,0,30,,44662,34,4,,0,70,,36223,34,4,,0,31,,36237,34,4,,0,70,,44653,34,4,,0,30,,36238,34,4,,0,70,,44654,34,4,,0,30,,44663,34,4,,0,70,,44655,34,4,,0,30,,36240,34,4,,0,70,,36227,34,4,,0,30,,36241,34,4,,0,70,,44656,34,4,,0,30,,44664,34,4,,0,70,,36229,34,4,,0,31,,36243,34,4,,0,70,,36230,34,4,,0,30,,36244,34,4,,0,70,,44657,34,4,,0,29,,44665,34,4,,0,70,,44658,34,4,,0,30,,36246,34,4,,0,70,,44659,34,4,,0,29,,36247,34,4,,0,70,,44660,34,4,,0,30,,44666,34,4,,0,70,,44661,34,4,,0,30,,36249,34,4,,0,100,,36250,34,4,,0,100,,36251,34,4,,0,100,,42428,34,4,,0
7029,'1867',730,,36256,34,4,,0,101,,36257,34,4,,0,100,,44669,34,4,,0,100,,36259,34,4,,0,100,,36260,34,4,,0,100,,44670,34,4,,0,100,,36262,34,4,,0,101,,36263,34,4,,0,100,,44671,34,4,,0,99,,36265,34,4,,0,100,,36266,34,4,,0,99,,44672,34,4,,0,100,,36268,34,4,,0,100,,36269,34,4,,0,100,,44668,34,4,,0
7029,'1873',631,,29576,23,4,,0,169,,29546,34,4,,0,31,,29560,34,4,,0,100,,29561,34,4,,0,200,,29563,34,4,,0,70,,29550,34,4,,0,30,,29564,34,4,,0,170,,29552,34,4,,0,31,,29566,34,4,,0,70,,29553,34,4,,0,30,,29567,34,4,,0,199,,29569,34,4,,0,99,,29570,34,4,,0,200,,29572,34,4,,0,100,,29573,34,4,,0,100,,29574,34,4,,0,100,,42437,34,4,,0
7029,'1878',730,,29579,34,4,,0,101,,29580,34,4,,0,200,,29582,34,4,,0,100,,29583,34,4,,0,200,,29585,34,4,,0,101,,29586,34,4,,0,199,,29588,34,4,,0,100,,29589,34,4,,0,199,,29591,34,4,,0,100,,29592,34,4,,0
7029,'1881',528,,36176,34,4,,0,103,,36177,34,4,,0,70,,29635,34,4,,0,202,,36178,34,4,,0,330,,36172,34,4,,0,70,,36173,34,4,,0,101,,36171,34,4,,0,30,,36170,34,4,,0,171,,36182,34,4,,0,30,,36183,34,4,,0,68,,36184,34,4,,0,98,,36186,34,4,,0,130,,36187,34,4,,0,70,,29655,34,4,,0
7029,'1882',733,,29636,34,4,,0,70,,29637,34,4,,0,32,,29638,34,4,,0,98,,42432,34,4,,0,70,,42433,34,4,,0,30,,42434,34,4,,0,70,,29643,34,4,,0,30,,29644,34,4,,0,70,,29645,34,4,,0,130,,42430,34,4,,0,174,,42431,34,4,,0,28,,29646,34,4,,0,198,,42435,34,4,,0,98,,29652,34,4,,0,70,,29653,34,4,,0,130,,29656,34,4,,0,100,,29657,34,4,,0,99,,29658,34,4,,0,100,,42436,34,4,,0
7029,'1886',528,,44678,34,4,,0,103,,44679,34,4,,0,70,,44680,34,4,,0,202,,44681,34,4,,0,330,,44676,34,4,,0,70,,44677,34,4,,0,101,,44675,34,4,,0,30,,44674,34,4,,0,171,,44682,34,4,,0,30,,44683,34,4,,0,68,,44684,34,4,,0,98,,44685,34,4,,0,130,,44686,34,4,,0,70,,44687,34,4,,0
7029,'1887',700,,44688,34,4,,0,30,,44698,34,4,,0,171,,44689,34,4,,0,100,,44690,34,4,,0,30,,44699,34,4,,0,70,,44691,34,4,,0,200,,44692,34,4,,0,30,,44700,34,4,,0,271,,44693,34,4,,0,29,,44701,34,4,,0,70,,44694,34,4,,0,100,,44695,34,4,,0,99,,44696,34,4,,0,30,,44702,34,4,,0,70,,44697,34,4,,0
7029,'1888',931,,44705,34,4,,0,300,,44706,34,4,,0,301,,44707,34,4,,0,298,,44708,34,4,,0,300,,44704,34,4,,0
