6029,'1838',840,,35833,12,0,5 2 6 7,0,100,,35824,12,0,5 2 6 7,0,100,,35832,12,0,5 2 6 7,0,100,,35822,12,0,5 2 6 7,0,102,,35831,12,0,5 2 6 7,0,100,,35827,12,0,5 2 6 7,0,100,,35830,12,0,5 2 6 7,0,100,,35825,12,0,5 2 6 7,0,100,,35829,12,0,5 2 6 7,0,100,,35826,12,0,5 2 6 7,0,98,,35828,12,0,5 2 6 7,0,100,,35823,12,0,5 2 6 7,0
6029,'1857',621,,29272,12,,,0,1321,,35840,12,,,0,98,,29271,12,,,0
6029,'1865',621,,35869,12,,,0,30,,42302,12,,,0,71,,42303,12,,,0,30,,42304,12,,,0,70,,42305,12,,,0,30,,42306,12,,,0,70,,42307,12,,,0,30,,42308,12,,,0,70,,42309,12,,,0,30,,42310,12,,,0,70,,42311,12,,,0,30,,42312,12,,,0,70,,42313,12,,,0,30,,42314,12,,,0,70,,42315,12,,,0,30,,42316,12,,,0,70,,42317,12,,,0,31,,42318,12,,,0,70,,42319,12,,,0,30,,42320,12,,,0,70,,42321,12,,,0,30,,42322,12,,,0,70,,42323,12,,,0,29,,42324,12,,,0,70,,42325,12,,,0,30,,42326,12,,,0,90,,35866,12,,,0,98,,35868,12,,,0,100,,42300,12,,,0,100,,42301,12,,,0
6029,'1866',617,,35896,12,,,0,30,,35898,12,,,0,65,,35914,12,,,0,30,,35922,12,,,0,70,,35897,12,,,0,30,,35908,12,,,0,70,,35915,12,,,0,30,,35923,12,,,0,71,,35907,12,,,0,30,,35920,12,,,0,70,,35906,12,,,0,30,,35912,12,,,0,70,,35905,12,,,0,30,,35919,12,,,0,70,,35904,12,,,0,30,,35911,12,,,0,70,,35903,12,,,0,30,,35918,12,,,0,70,,35902,12,,,0,30,,35910,12,,,0,70,,35901,12,,,0,30,,35917,12,,,0,70,,35900,12,,,0,30,,35909,12,,,0,70,,35899,12,,,0,30,,35916,12,,,0,69,,35895,12,0,5 2 6 7,0,100,,35921,12,0,5 2 6 7,0,100,,35913,12,0,5 2 6 7,0
6029,'1867',840,,35935,12,0,5 2 6 7,0,100,,35926,12,0,5 2 6 7,0,100,,35934,12,0,5 2 6 7,0,100,,35924,12,0,5 2 6 7,0,102,,35933,12,0,5 2 6 7,0,100,,35929,12,0,5 2 6 7,0,100,,35932,12,0,5 2 6 7,0,100,,35927,12,0,5 2 6 7,0,100,,35931,12,0,5 2 6 7,0,100,,35928,12,0,5 2 6 7,0,98,,35930,12,0,5 2 6 7,0,100,,35925,12,0,5 2 6 7,0
6029,'1871',651,,35842,12,,,0,71,,29274,12,,,0,30,,29275,12,,,0,70,,35843,12,,,0,30,,35844,12,,,0,70,,35845,12,,,0,30,,35846,12,,,0,70,,35847,12,,,0,30,,35848,12,,,0,70,,35849,12,,,0,30,,35850,12,,,0,70,,35851,12,,,0,30,,35852,12,,,0,70,,35853,12,,,0,30,,35854,12,,,0,70,,35855,12,,,0,31,,35856,12,,,0,70,,35857,12,,,0,30,,35858,12,,,0,70,,35859,12,,,0,30,,35860,12,,,0,70,,35861,12,,,0,29,,35862,12,,,0,70,,35863,12,,,0,30,,35864,12,,,0,288,,35839,12,,,0,100,,35841,12,,,0
6029,'1873',617,,29198,12,,,0,30,,29200,12,,,0,65,,29216,12,,,0,30,,29224,12,,,0,70,,29199,12,,,0,30,,35834,12,,,0,70,,29217,12,,,0,30,,29225,12,,,0,71,,29209,12,,,0,30,,29222,12,,,0,70,,29208,12,,,0,30,,29214,12,,,0,70,,29207,12,,,0,30,,29221,12,,,0,70,,29206,12,,,0,30,,29213,12,,,0,70,,29205,12,,,0,30,,29220,12,,,0,70,,29204,12,,,0,30,,29212,12,,,0,70,,29203,12,,,0,30,,29219,12,,,0,70,,29202,12,,,0,30,,29211,12,,,0,70,,29201,12,,,0,30,,29218,12,,,0,69,,29197,12,0,5 2 6 7,0,100,,29223,12,0,5 2 6 7,0,100,,29215,12,0,5 2 6 7,0
6029,'1875',840,,29237,12,0,5 2 6 7,0,100,,35837,12,0,5 2 6 7,0,100,,29236,12,0,5 2 6 7,0,100,,35835,12,0,5 2 6 7,0,102,,29235,12,0,5 2 6 7,0,100,,29231,12,0,5 2 6 7,0,100,,29234,12,0,5 2 6 7,0,100,,35838,12,0,5 2 6 7,0,100,,29233,12,0,5 2 6 7,0,100,,29230,12,0,5 2 6 7,0,98,,29232,12,0,5 2 6 7,0,100,,35836,12,0,5 2 6 7,0
6029,'1876',651,,42329,12,,,0,71,,42330,12,,,0,30,,42331,12,,,0,70,,42332,12,,,0,30,,42333,12,,,0,70,,42334,12,,,0,30,,42335,12,,,0,70,,42336,12,,,0,30,,42337,12,,,0,70,,42338,12,,,0,30,,42339,12,,,0,70,,42340,12,,,0,30,,42341,12,,,0,70,,42342,12,,,0,30,,42343,12,,,0,70,,42344,12,,,0,31,,42345,12,,,0,70,,42346,12,,,0,30,,42347,12,,,0,70,,42348,12,,,0,30,,42349,12,,,0,70,,42350,12,,,0,29,,42351,12,,,0,70,,42352,12,,,0,30,,42353,12,,,0,288,,42327,12,,,0,100,,42328,12,,,0
702029,'1838',625,,41001,3,0,9 10,0,23,,43858,3,0,9 10,0,70,,43864,3,0,9 10,0,30,,40999,3,0,9 10,0,55,,41020,3,0,5 2 11 2 12,0,15,,43857,3,0,9 10,0,15,,41032,3,0,5 2 11 2 12,0,15,,43863,3,0,9 10,0,55,,41013,3,0,5 2 11 2 12,0,15,,40990,3,0,9 10,0,15,,41018,3,0,5 2 11 2 12,0,15,,43856,3,0,9 10,0,55,,41027,3,0,5 2 11 2 12,0,16,,41008,3,0,9 10,0,15,,41028,3,0,5 2 11 2 12,0,15,,43860,3,0,9 10,0,55,,41019,3,0,5 2 11 2 12,0,15,,40986,3,0,9 10,0,15,,41038,3,0,5 2 11 2 12,0,15,,43866,3,0,9 10,0,55,,41016,3,0,5 2 11 2 12,0,15,,40997,3,0,9 10,0,15,,41030,3,0,5 2 11 2 12,0,15,,40985,3,0,9 10,0,55,,41039,3,0,5 2 11 2 12,0,15,,43865,3,0,9 10,0,15,,41022,3,0,5 2 11 2 12,0,15,,40996,3,0,9 10,0,55,,41025,3,0,5 2 11 2 12,0,15,,43855,3,0,9 10,0,15,,41037,3,0,5 2 11 2 12,0,15,,41005,3,0,9 10,0,55,,41017,3,0,5 2 11 2 12,0,15,,43859,3,0,9 10,0,15,,41026,3,0,5 2 11 2 12,0,15,,40983,3,0,9 10,0,55,,41035,3,0,5 2 11 2 12,0,15,,43867,3,0,9 10,0,15,,41015,3,0,5 2 11 2 12,0,15,,40991,3,0,9 10,0,55,,41031,3,0,5 2 11 2 12,0,15,,43854,3,0,9 10,0,15,,41033,3,0,5 2 11 2 12,0,15,,41007,3,0,9 10,0,54,,41023,3,0,5 2 11 2 12,0,15,,43862,3,0,9 10,0,15,,41029,3,0,5 2 11 2 12,0,15,,43853,3,0,9 10,0,55,,41034,3,0,5 2 11 2 12,0,15,,41009,3,0,9 10,0,15,,41021,3,0,5 2 11 2 12,0,15,,43861,3,0,9 10,0,55,,41024,3,0,5 2 11 2 12,0,15,,43852,3,0,9 10,0,15,,41036,3,0,5 2 11 2 12,0,15,,41006,3,0,9 10,0,55,,41014,3,0,5 2 11 2 12,0,15,,40998,3,0,9 10,0,30,,43851,3,0,9 10,0,70,,41010,3,0,9 10,0,30,,40994,3,0,9 10,0,65,,43868,3,0,9 10,0,30,,41040,3,0,5 2 11 2 12,0
702029,'1857',608,,41168,3,0,9 10,0,20,,41169,3,0,9 10,0,30,,41225,3,0,9 10,0,56,,41170,3,0,9 10,0,35,,41172,3,0,9 10,0,55,,41173,3,0,9 10,0,15,,41223,3,0,9 10,0,15,,41201,3,0,5 2 11 2 12,0,15,,41224,3,0,9 10,0,55,,41202,3,0,5 2 11 2 12,0,15,,41174,3,0,9 10,0,15,,41203,3,0,5 2 11 2 12,0,15,,41175,3,0,9 10,0,55,,41204,3,0,5 2 11 2 12,0,15,,41231,3,0,9 10,0,15,,41205,3,0,5 2 11 2 12,0,15,,41176,3,0,9 10,0,55,,41206,3,0,5 2 11 2 12,0,15,,41177,3,0,9 10,0,15,,41207,3,0,5 2 11 2 12,0,15,,41178,3,0,9 10,0,55,,41208,3,0,5 2 11 2 12,0,15,,41179,3,0,9 10,0,15,,41209,3,0,5 2 11 2 12,0,70,,41210,3,0,5 2 11 2 12,0,15,,41181,3,0,9 10,0,15,,41211,3,0,5 2 11 2 12,0,15,,41182,3,0,9 10,0,55,,41212,3,0,5 2 11 2 12,0,15,,41183,3,0,9 10,0,15,,41227,3,0,9 10,0,15,,41213,3,0,5 2 11 2 12,0,55,,41184,3,0,9 10,0,30,,41185,3,0,9 10,0,15,,41214,3,0,5 2 11 2 12,0,55,,41187,3,0,9 10,0,15,,41186,3,0,9 10,0,15,,41229,3,0,9 10,0,15,,41230,3,0,5 2 11 2 12,0,55,,41188,3,0,9 10,0,15,,41189,3,0,9 10,0,15,,41215,3,0,5 2 11 2 12,0,15,,41190,3,0,9 10,0,54,,41216,3,0,5 2 11 2 12,0,15,,41232,3,0,9 10,0,15,,41217,3,0,5 2 11 2 12,0,15,,41191,3,0,9 10,0,55,,41218,3,0,5 2 11 2 12,0,15,,41192,3,0,9 10,0,15,,41219,3,0,5 2 11 2 12,0,15,,41193,3,0,9 10,0,55,,41220,3,0,5 2 11 2 12,0,15,,41194,3,0,9 10,0,15,,41221,3,0,5 2 11 2 12,0,15,,41195,3,0,9 10,0,70,,41196,3,0,9 10,0,30,,41197,3,0,9 10,0,70,,41198,3,0,9 10,0,30,,41199,3,0,9 10,0,65,,41226,3,0,9 10,0,30,,41200,3,0,5 2 11 2 12,0
702029,'1865',608,,41233,3,0,9 10,0,20,,41234,3,0,9 10,0,30,,41290,3,0,9 10,0,56,,41235,3,0,9 10,0,15,,43869,3,0,9 10,0,20,,41237,3,0,9 10,0,55,,41238,3,0,9 10,0,15,,41288,3,0,9 10,0,15,,41266,3,0,5 2 11 2 12,0,15,,41289,3,0,9 10,0,55,,41267,3,0,5 2 11 2 12,0,15,,41239,3,0,9 10,0,15,,41268,3,0,5 2 11 2 12,0,15,,41240,3,0,9 10,0,55,,41269,3,0,5 2 11 2 12,0,15,,41296,3,0,9 10,0,15,,41270,3,0,5 2 11 2 12,0,15,,41241,3,0,9 10,0,55,,41271,3,0,5 2 11 2 12,0,15,,41242,3,0,9 10,0,15,,41272,3,0,5 2 11 2 12,0,15,,41243,3,0,9 10,0,55,,41273,3,0,5 2 11 2 12,0,15,,41244,3,0,9 10,0,15,,41274,3,0,5 2 11 2 12,0,15,,43870,3,0,9 10,0,55,,41275,3,0,5 2 11 2 12,0,15,,41246,3,0,9 10,0,15,,41276,3,0,5 2 11 2 12,0,15,,41247,3,0,9 10,0,55,,41277,3,0,5 2 11 2 12,0,15,,41248,3,0,9 10,0,15,,41292,3,0,9 10,0,15,,41278,3,0,5 2 11 2 12,0,55,,41249,3,0,9 10,0,15,,43872,3,0,9 10,0,15,,41250,3,0,9 10,0,15,,41279,3,0,5 2 11 2 12,0,55,,41252,3,0,9 10,0,15,,41251,3,0,9 10,0,15,,41294,3,0,9 10,0,15,,41295,3,0,5 2 11 2 12,0,55,,41253,3,0,9 10,0,15,,41254,3,0,9 10,0,15,,41280,3,0,5 2 11 2 12,0,15,,41255,3,0,9 10,0,54,,41281,3,0,5 2 11 2 12,0,15,,41297,3,0,9 10,0,15,,41282,3,0,5 2 11 2 12,0,15,,41256,3,0,9 10,0,55,,41283,3,0,5 2 11 2 12,0,15,,41257,3,0,9 10,0,15,,41284,3,0,5 2 11 2 12,0,15,,41258,3,0,9 10,0,55,,41285,3,0,5 2 11 2 12,0,15,,41259,3,0,9 10,0,15,,41286,3,0,5 2 11 2 12,0,15,,41260,3,0,9 10,0,55,,43871,3,0,5 2 11 2 12,0,15,,41261,3,0,9 10,0,30,,41262,3,0,9 10,0,70,,41263,3,0,9 10,0,30,,41264,3,0,9 10,0,65,,41291,3,0,9 10,0,30,,41265,3,0,5 2 11 2 12,0
702029,'1866',625,,41330,3,0,9 10,0,23,,41298,3,0,9 10,0,70,,41307,3,0,9 10,0,30,,41315,3,0,9 10,0,55,,41357,3,0,5 2 11 2 12,0,15,,41323,3,0,9 10,0,15,,41351,3,0,5 2 11 2 12,0,15,,41299,3,0,9 10,0,55,,41352,3,0,5 2 11 2 12,0,15,,41308,3,0,9 10,0,15,,41353,3,0,5 2 11 2 12,0,15,,41316,3,0,9 10,0,55,,41342,3,0,5 2 11 2 12,0,16,,41324,3,0,9 10,0,15,,41336,3,0,5 2 11 2 12,0,15,,41300,3,0,9 10,0,55,,41348,3,0,5 2 11 2 12,0,15,,41309,3,0,9 10,0,15,,41340,3,0,5 2 11 2 12,0,15,,41317,3,0,9 10,0,55,,41331,3,0,5 2 11 2 12,0,15,,41325,3,0,9 10,0,15,,41347,3,0,5 2 11 2 12,0,15,,41301,3,0,9 10,0,55,,41341,3,0,5 2 11 2 12,0,15,,41310,3,0,9 10,0,15,,41334,3,0,5 2 11 2 12,0,15,,41318,3,0,9 10,0,55,,41346,3,0,5 2 11 2 12,0,15,,41360,3,0,9 10,0,15,,41339,3,0,5 2 11 2 12,0,15,,41302,3,0,9 10,0,55,,41333,3,0,5 2 11 2 12,0,15,,41311,3,0,9 10,0,15,,41345,3,0,5 2 11 2 12,0,15,,41319,3,0,9 10,0,55,,41337,3,0,5 2 11 2 12,0,15,,41326,3,0,9 10,0,15,,41332,3,0,5 2 11 2 12,0,15,,41303,3,0,9 10,0,55,,41344,3,0,5 2 11 2 12,0,15,,41312,3,0,9 10,0,15,,41338,3,0,5 2 11 2 12,0,15,,41320,3,0,9 10,0,54,,41335,3,0,5 2 11 2 12,0,15,,41327,3,0,9 10,0,15,,41343,3,0,5 2 11 2 12,0,15,,41304,3,0,9 10,0,55,,41349,3,0,5 2 11 2 12,0,15,,41313,3,0,9 10,0,15,,41350,3,0,5 2 11 2 12,0,15,,41321,3,0,9 10,0,55,,41354,3,0,5 2 11 2 12,0,15,,41328,3,0,9 10,0,15,,41355,3,0,5 2 11 2 12,0,15,,41305,3,0,9 10,0,55,,41356,3,0,5 2 11 2 12,0,15,,41314,3,0,9 10,0,30,,41322,3,0,9 10,0,70,,41329,3,0,9 10,0,30,,41306,3,0,9 10,0,65,,41359,3,0,9 10,0,30,,41358,3,0,5 2 11 2 12,0
702029,'1867',625,,41383,3,0,9 10,0,23,,43880,3,0,9 10,0,70,,43886,3,0,9 10,0,30,,41381,3,0,9 10,0,55,,41402,3,0,5 2 11 2 12,0,15,,43879,3,0,9 10,0,15,,41414,3,0,5 2 11 2 12,0,15,,43885,3,0,9 10,0,55,,41395,3,0,5 2 11 2 12,0,15,,41372,3,0,9 10,0,15,,41400,3,0,5 2 11 2 12,0,15,,43878,3,0,9 10,0,55,,41409,3,0,5 2 11 2 12,0,16,,41390,3,0,9 10,0,15,,41410,3,0,5 2 11 2 12,0,15,,43882,3,0,9 10,0,55,,41401,3,0,5 2 11 2 12,0,15,,41368,3,0,9 10,0,15,,41420,3,0,5 2 11 2 12,0,15,,43888,3,0,9 10,0,55,,41398,3,0,5 2 11 2 12,0,15,,41379,3,0,9 10,0,15,,41412,3,0,5 2 11 2 12,0,15,,41367,3,0,9 10,0,55,,41421,3,0,5 2 11 2 12,0,15,,43887,3,0,9 10,0,15,,41404,3,0,5 2 11 2 12,0,15,,41378,3,0,9 10,0,55,,41407,3,0,5 2 11 2 12,0,15,,43877,3,0,9 10,0,15,,41419,3,0,5 2 11 2 12,0,15,,41387,3,0,9 10,0,55,,41399,3,0,5 2 11 2 12,0,15,,43881,3,0,9 10,0,15,,41408,3,0,5 2 11 2 12,0,15,,41365,3,0,9 10,0,55,,41417,3,0,5 2 11 2 12,0,15,,43889,3,0,9 10,0,15,,41397,3,0,5 2 11 2 12,0,15,,41373,3,0,9 10,0,55,,41413,3,0,5 2 11 2 12,0,15,,43876,3,0,9 10,0,15,,41415,3,0,5 2 11 2 12,0,15,,41389,3,0,9 10,0,54,,41405,3,0,5 2 11 2 12,0,15,,43884,3,0,9 10,0,15,,41411,3,0,5 2 11 2 12,0,15,,43875,3,0,9 10,0,55,,41416,3,0,5 2 11 2 12,0,15,,41391,3,0,9 10,0,15,,41403,3,0,5 2 11 2 12,0,15,,43883,3,0,9 10,0,55,,41406,3,0,5 2 11 2 12,0,15,,43874,3,0,9 10,0,15,,41418,3,0,5 2 11 2 12,0,15,,41388,3,0,9 10,0,55,,41396,3,0,5 2 11 2 12,0,15,,41380,3,0,9 10,0,30,,43873,3,0,9 10,0,70,,41392,3,0,9 10,0,30,,41376,3,0,9 10,0,65,,43890,3,0,9 10,0,30,,41422,3,0,5 2 11 2 12,0
702029,'1871',729,,41171,3,0,9 10,0,520,,41180,3,0,9 10,0,270,,41228,3,0,9 10,0,584,,41222,3,0,5 2 11 2 12,0
702029,'1873',625,,41074,3,0,9 10,0,23,,41042,3,0,9 10,0,70,,41051,3,0,9 10,0,30,,41059,3,0,9 10,0,55,,41101,3,0,5 2 11 2 12,0,15,,41067,3,0,9 10,0,15,,41095,3,0,5 2 11 2 12,0,15,,41043,3,0,9 10,0,55,,41096,3,0,5 2 11 2 12,0,15,,41052,3,0,9 10,0,15,,41097,3,0,5 2 11 2 12,0,15,,41060,3,0,9 10,0,55,,41086,3,0,5 2 11 2 12,0,16,,41068,3,0,9 10,0,15,,41080,3,0,5 2 11 2 12,0,15,,41044,3,0,9 10,0,55,,41092,3,0,5 2 11 2 12,0,15,,41053,3,0,9 10,0,15,,41084,3,0,5 2 11 2 12,0,15,,41061,3,0,9 10,0,55,,41075,3,0,5 2 11 2 12,0,15,,41069,3,0,9 10,0,15,,41091,3,0,5 2 11 2 12,0,15,,41045,3,0,9 10,0,55,,41085,3,0,5 2 11 2 12,0,15,,41054,3,0,9 10,0,15,,41078,3,0,5 2 11 2 12,0,15,,41062,3,0,9 10,0,55,,41090,3,0,5 2 11 2 12,0,15,,41104,3,0,9 10,0,15,,41083,3,0,5 2 11 2 12,0,15,,41046,3,0,9 10,0,55,,41077,3,0,5 2 11 2 12,0,15,,41055,3,0,9 10,0,15,,41089,3,0,5 2 11 2 12,0,15,,41063,3,0,9 10,0,55,,41081,3,0,5 2 11 2 12,0,15,,41070,3,0,9 10,0,15,,41076,3,0,5 2 11 2 12,0,15,,41047,3,0,9 10,0,55,,41088,3,0,5 2 11 2 12,0,15,,41056,3,0,9 10,0,15,,41082,3,0,5 2 11 2 12,0,15,,41064,3,0,9 10,0,54,,41079,3,0,5 2 11 2 12,0,15,,41071,3,0,9 10,0,15,,41087,3,0,5 2 11 2 12,0,15,,41048,3,0,9 10,0,55,,41093,3,0,5 2 11 2 12,0,15,,41057,3,0,9 10,0,15,,41094,3,0,5 2 11 2 12,0,15,,41065,3,0,9 10,0,55,,41098,3,0,5 2 11 2 12,0,15,,41072,3,0,9 10,0,15,,41099,3,0,5 2 11 2 12,0,15,,41049,3,0,9 10,0,55,,41100,3,0,5 2 11 2 12,0,15,,41058,3,0,9 10,0,30,,41066,3,0,9 10,0,70,,41073,3,0,9 10,0,30,,41050,3,0,9 10,0,65,,41103,3,0,9 10,0,30,,41102,3,0,5 2 11 2 12,0
702029,'1874',648,,41115,3,0,9 10,0,70,,41129,3,0,9 10,0,100,,41114,3,0,9 10,0,30,,41128,3,0,9 10,0,100,,41113,3,0,9 10,0,101,,41119,3,0,9 10,0,100,,41137,3,0,9 10,0,170,,41130,3,0,9 10,0,100,,41110,3,0,9 10,0,100,,41118,3,0,9 10,0,100,,41138,3,0,9 10,0,100,,41108,3,0,9 10,0,99,,41126,3,0,9 10,0,30,,41107,3,0,9 10,0,100,,41121,3,0,9 10,0,70,,41106,3,0,9 10,0,130,,41105,3,0,9 10,0,165,,41167,3,0,9 10,0
702029,'1875',625,,41127,3,0,9 10,0,123,,41125,3,0,9 10,0,55,,41146,3,0,5 2 11 2 12,0,30,,41158,3,0,5 2 11 2 12,0,70,,41139,3,0,5 2 11 2 12,0,15,,41116,3,0,9 10,0,15,,41144,3,0,5 2 11 2 12,0,70,,41153,3,0,5 2 11 2 12,0,16,,41134,3,0,9 10,0,15,,41154,3,0,5 2 11 2 12,0,70,,41145,3,0,5 2 11 2 12,0,15,,41112,3,0,9 10,0,15,,41164,3,0,5 2 11 2 12,0,70,,41142,3,0,5 2 11 2 12,0,15,,41123,3,0,9 10,0,15,,41156,3,0,5 2 11 2 12,0,15,,41111,3,0,9 10,0,55,,41165,3,0,5 2 11 2 12,0,30,,41148,3,0,5 2 11 2 12,0,15,,41122,3,0,9 10,0,55,,41151,3,0,5 2 11 2 12,0,30,,41163,3,0,5 2 11 2 12,0,15,,41131,3,0,9 10,0,55,,41143,3,0,5 2 11 2 12,0,30,,41152,3,0,5 2 11 2 12,0,15,,41109,3,0,9 10,0,55,,41161,3,0,5 2 11 2 12,0,30,,41141,3,0,5 2 11 2 12,0,15,,41117,3,0,9 10,0,55,,41157,3,0,5 2 11 2 12,0,30,,41159,3,0,5 2 11 2 12,0,15,,41133,3,0,9 10,0,54,,41149,3,0,5 2 11 2 12,0,30,,41155,3,0,5 2 11 2 12,0,70,,41160,3,0,5 2 11 2 12,0,15,,41135,3,0,9 10,0,15,,41147,3,0,5 2 11 2 12,0,70,,41150,3,0,5 2 11 2 12,0,30,,41162,3,0,5 2 11 2 12,0,15,,41132,3,0,9 10,0,55,,41140,3,0,5 2 11 2 12,0,15,,41124,3,0,9 10,0,100,,41136,3,0,9 10,0,30,,41120,3,0,9 10,0,95,,41166,3,0,5 2 11 2 12,0
702029,'1876',729,,43891,3,0,9 10,0,520,,43892,3,0,9 10,0,270,,43894,3,0,9 10,0,584,,43893,3,0,5 2 11 2 12,0
702029,'1878',648,,43902,3,0,9 10,0,70,,43908,3,0,9 10,0,100,,43901,3,0,9 10,0,30,,43907,3,0,9 10,0,100,,43900,3,0,9 10,0,101,,43904,3,0,9 10,0,100,,43910,3,0,9 10,0,170,,43909,3,0,9 10,0,100,,43899,3,0,9 10,0,100,,43903,3,0,9 10,0,100,,43911,3,0,9 10,0,100,,43898,3,0,9 10,0,99,,43906,3,0,9 10,0,30,,43897,3,0,9 10,0,100,,43905,3,0,9 10,0,70,,43896,3,0,9 10,0,130,,43895,3,0,9 10,0,165,,43912,3,0,9 10,0
