15019,'1838',748,,45028,60,,,0,100,,36883,60,,,0,100,,36886,60,,,0,101,,45027,60,,,0,100,,36881,60,,,0,100,,36879,60,,,0,101,,45026,60,,,0,100,,36880,60,,,0,100,,36877,60,,,0,99,,45025,60,,,0,100,,36875,60,,,0,100,,36876,60,,,0,100,,45024,60,,,0,99,,36887,60,,,0
15019,'1865',714,,36905,60,,,0,30,,45029,60,,,0,76,,36907,60,,,0,31,,36908,60,,,0,65,,36909,60,,,0,30,,36910,60,,,0,70,,36911,60,,,0,30,,45030,60,,,0,70,,45031,60,,,0,30,,42569,60,,,0,70,,45032,60,,,0,30,,45033,60,,,0,70,,42570,60,,,0,30,,36918,60,,,0,70,,45034,60,,,0,32,,36920,60,,,0,72,,36921,60,,,0,30,,45035,60,,,0,70,,45036,60,,,0,29,,36924,60,,,0,69,,36925,60,,,0,29,,36926,60,,,0,67,,45037,60,,,0,30,,36928,60,,,0,70,,45038,60,,,0,30,,45039,60,,,0,70,,36931,60,,,0,100,,45040,60,,,0,98,,45041,60,,,0
15019,'1866',748,,36935,60,,,0,100,,45043,60,,,0,100,,36937,60,,,0,101,,36938,60,,,0,100,,45044,60,,,0,100,,36940,60,,,0,102,,36941,60,,,0,100,,45045,60,,,0,100,,36943,60,,,0,98,,36944,60,,,0,100,,45046,60,,,0,100,,36946,60,,,0,100,,36947,60,,,0,99,,45047,60,,,0
15019,'1867',748,,45053,60,,,0,100,,36959,60,,,0,100,,36962,60,,,0,101,,45052,60,,,0,100,,36957,60,,,0,100,,36955,60,,,0,101,,45051,60,,,0,100,,36956,60,,,0,100,,36953,60,,,0,99,,45050,60,,,0,100,,36951,60,,,0,100,,36952,60,,,0,100,,45049,60,,,0,99,,36963,60,,,0
15019,'1873',748,,30301,60,,,0,200,,30303,60,,,0,101,,30304,60,,,0,200,,30306,60,,,0,102,,30307,60,,,0,200,,30309,60,,,0,98,,30310,60,,,0,200,,30312,60,,,0,100,,30313,60,,,0
15019,'1878',848,,30325,60,,,0,100,,30328,60,,,0,201,,30323,60,,,0,100,,30321,60,,,0,201,,30322,60,,,0,100,,30319,60,,,0,199,,30317,60,,,0,100,,30318,60,,,0,199,,30329,60,,,0
15019,'1881',744,,36889,60,,,0,302,,36890,60,,,0,70,,36891,60,,,0,100,,36893,60,,,0,30,,36894,60,,,0,170,,36896,60,,,0,134,,36897,60,,,0,70,,36898,60,,,0,194,,30384,60,,,0,100,,36899,60,,,0,30,,42574,60,,,0,170,,36901,60,,,0,98,,36902,60,,,0
15019,'1882',714,,30362,60,,,0,106,,30364,60,,,0,31,,30365,60,,,0,65,,30366,60,,,0,30,,30367,60,,,0,70,,30368,60,,,0,130,,42572,60,,,0,170,,42573,60,,,0,30,,30375,60,,,0,102,,30377,60,,,0,72,,30378,60,,,0,129,,30381,60,,,0,69,,30382,60,,,0,29,,30383,60,,,0,97,,30385,60,,,0,170,,30388,60,,,0
15019,'1886',744,,45054,60,,,0,302,,45055,60,,,0,70,,45056,60,,,0,100,,45057,60,,,0,30,,45058,60,,,0,170,,45059,60,,,0,134,,45060,60,,,0,70,,45061,60,,,0,194,,45062,60,,,0,100,,45063,60,,,0,30,,45064,60,,,0,170,,45065,60,,,0,98,,45066,60,,,0
15019,'1887',848,,45068,60,,,0,301,,45069,60,,,0,302,,45070,60,,,0,298,,45071,60,,,0,299,,45072,60,,,0
15019,'1888',748,,45078,60,,,0,301,,45077,60,,,0,301,,45076,60,,,0,299,,45075,60,,,0,300,,45074,60,,,0
