15019,'1838',751,,45028,63,,,0,100,,36883,63,,,0,100,,36886,63,,,0,101,,45027,63,,,0,100,,36881,63,,,0,100,,36879,63,,,0,101,,45026,63,,,0,100,,36880,63,,,0,100,,36877,63,,,0,99,,45025,63,,,0,100,,36875,63,,,0,100,,36876,63,,,0,100,,45024,63,,,0,99,,36887,63,,,0
15019,'1865',717,,36905,63,,,0,30,,45029,63,,,0,76,,36907,63,,,0,31,,36908,63,,,0,65,,36909,63,,,0,30,,36910,63,,,0,70,,36911,63,,,0,30,,45030,63,,,0,70,,45031,63,,,0,30,,42569,63,,,0,70,,45032,63,,,0,30,,45033,63,,,0,70,,42570,63,,,0,30,,36918,63,,,0,70,,45034,63,,,0,33,,36920,63,,,0,72,,36921,63,,,0,30,,45035,63,,,0,69,,45036,63,,,0,29,,36924,63,,,0,69,,36925,63,,,0,29,,36926,63,,,0,67,,45037,63,,,0,30,,36928,63,,,0,70,,45038,63,,,0,30,,45039,63,,,0,70,,36931,63,,,0,100,,45040,63,,,0,97,,45041,63,,,0
15019,'1866',751,,36935,63,,,0,100,,45043,63,,,0,100,,36937,63,,,0,101,,36938,63,,,0,100,,45044,63,,,0,100,,36940,63,,,0,102,,36941,63,,,0,100,,45045,63,,,0,100,,36943,63,,,0,98,,36944,63,,,0,100,,45046,63,,,0,100,,36946,63,,,0,100,,36947,63,,,0,99,,45047,63,,,0
15019,'1867',751,,45053,63,,,0,100,,36959,63,,,0,100,,36962,63,,,0,101,,45052,63,,,0,100,,36957,63,,,0,100,,36955,63,,,0,101,,45051,63,,,0,100,,36956,63,,,0,100,,36953,63,,,0,99,,45050,63,,,0,100,,36951,63,,,0,100,,36952,63,,,0,100,,45049,63,,,0,99,,36963,63,,,0
15019,'1873',751,,30301,63,,,0,200,,30303,63,,,0,101,,30304,63,,,0,200,,30306,63,,,0,102,,30307,63,,,0,200,,30309,63,,,0,98,,30310,63,,,0,200,,30312,63,,,0,100,,30313,63,,,0
15019,'1878',851,,30325,63,,,0,100,,30328,63,,,0,201,,30323,63,,,0,100,,30321,63,,,0,201,,30322,63,,,0,100,,30319,63,,,0,199,,30317,63,,,0,100,,30318,63,,,0,199,,30329,63,,,0
15019,'1881',747,,36889,63,,,0,302,,36890,63,,,0,70,,36891,63,,,0,100,,36893,63,,,0,30,,36894,63,,,0,170,,36896,63,,,0,135,,36897,63,,,0,69,,36898,63,,,0,194,,30384,63,,,0,100,,36899,63,,,0,30,,42574,63,,,0,170,,36901,63,,,0,97,,36902,63,,,0
15019,'1882',717,,30362,63,,,0,106,,30364,63,,,0,31,,30365,63,,,0,65,,30366,63,,,0,30,,30367,63,,,0,70,,30368,63,,,0,130,,42572,63,,,0,170,,42573,63,,,0,30,,30375,63,,,0,103,,30377,63,,,0,72,,30378,63,,,0,128,,30381,63,,,0,69,,30382,63,,,0,29,,30383,63,,,0,97,,30385,63,,,0,170,,30388,63,,,0
15019,'1886',747,,45054,63,,,0,302,,45055,63,,,0,70,,45056,63,,,0,100,,45057,63,,,0,30,,45058,63,,,0,170,,45059,63,,,0,135,,45060,63,,,0,69,,45061,63,,,0,194,,45062,63,,,0,100,,45063,63,,,0,30,,45064,63,,,0,170,,45065,63,,,0,97,,45066,63,,,0
15019,'1887',851,,45068,63,,,0,301,,45069,63,,,0,302,,45070,63,,,0,298,,45071,63,,,0,299,,45072,63,,,0
15019,'1888',751,,45078,63,,,0,301,,45077,63,,,0,301,,45076,63,,,0,299,,45075,63,,,0,300,,45074,63,,,0
