13019,'1838',814,,36660,21,,,0,100,,44894,21,,,0,100,,36662,21,,,0,101,,36663,21,,,0,100,,36664,21,,,0,100,,44895,21,,,0,100,,36666,21,,,0,100,,36667,21,,,0,100,,36668,21,,,0,99,,36669,21,,,0,100,,36670,21,,,0,100,,36671,21,,,0,99,,42510,21,,,0,100,,44896,21,,,0,100,,42509,21,,,0
13019,'1865',624,,36699,21,,,0,30,,36700,21,,,0,70,,36701,21,,,0,30,,44897,21,,,0,96,,36703,21,,,0,100,,44898,21,,,0,100,,44899,21,,,0,100,,44900,21,,,0,100,,44901,21,,,0,100,,44902,21,,,0,70,,42512,21,,,0,31,,42513,21,,,0,71,,44903,21,,,0,31,,42517,21,,,0,70,,44904,21,,,0,30,,42518,21,,,0,70,,42515,21,,,0,30,,36720,21,,,0,98,,44905,21,,,0,100,,36719,21,,,0,99,,44907,21,,,0,98,,36717,21,,,0,100,,42516,21,,,0
13019,'1866',713,,36723,21,,,0,101,,44908,21,,,0,100,,44909,21,,,0,100,,44910,21,,,0,101,,36727,21,,,0,100,,44911,21,,,0,100,,36729,21,,,0,100,,36730,21,,,0,100,,44912,21,,,0,100,,44913,21,,,0,99,,44914,21,,,0,100,,44915,21,,,0,100,,44916,21,,,0,99,,44917,21,,,0,100,,36737,21,,,0,200,,44918,21,,,0
13019,'1867',814,,36740,21,,,0,100,,44919,21,,,0,100,,36742,21,,,0,101,,36743,21,,,0,100,,36744,21,,,0,100,,44920,21,,,0,100,,36746,21,,,0,100,,36747,21,,,0,100,,36748,21,,,0,99,,36749,21,,,0,100,,36750,21,,,0,100,,36751,21,,,0,99,,42520,21,,,0,100,,44921,21,,,0,100,,42519,21,,,0
13019,'1873',713,,30068,21,,,0,402,,30072,21,,,0,200,,30074,21,,,0,100,,30075,21,,,0,698,,30082,21,,,0
13019,'1878',814,,30085,21,,,0,200,,30087,21,,,0,101,,30088,21,,,0,100,,30089,21,,,0,200,,30091,21,,,0,100,,30092,21,,,0,100,,30093,21,,,0,99,,30094,21,,,0,100,,30095,21,,,0,100,,30096,21,,,0,99,,42530,21,,,0,200,,42529,21,,,0
13019,'1881',754,,30126,21,,,0,196,,30128,21,,,0,100,,42521,21,,,0,100,,30130,21,,,0,100,,36688,21,,,0,100,,36689,21,,,0,172,,30135,21,,,0,101,,42524,21,,,0,228,,36694,21,,,0,199,,30142,21,,,0
13019,'1882',624,,30123,21,,,0,30,,30124,21,,,0,70,,30125,21,,,0,126,,30127,21,,,0,570,,42522,21,,,0,31,,42523,21,,,0,102,,42527,21,,,0,100,,42528,21,,,0,70,,42525,21,,,0,30,,30144,21,,,0,198,,30143,21,,,0,197,,30141,21,,,0,100,,42526,21,,,0
13019,'1886',754,,44922,21,,,0,196,,44923,21,,,0,100,,44924,21,,,0,100,,44925,21,,,0,100,,44926,21,,,0,100,,44927,21,,,0,172,,44928,21,,,0,101,,44929,21,,,0,228,,44930,21,,,0,199,,44932,21,,,0
13019,'1887',814,,44933,21,,,0,100,,44934,21,,,0,100,,44935,21,,,0,201,,44936,21,,,0,300,,44937,21,,,0,100,,44938,21,,,0,99,,44939,21,,,0,100,,44940,21,,,0,100,,44941,21,,,0,99,,44942,21,,,0,300,,44943,21,,,0
13019,'1888',914,,44944,21,,,0,401,,44945,21,,,0,798,,44946,21,,,0
