16019,'1838',802,,45134,15,,,0,102,,45136,15,,,0,100,,42594,15,,,0,100,,45142,15,,,0,100,,45135,15,,,0,100,,45137,15,,,0,100,,45138,15,,,0,101,,45140,15,,,0,100,,45139,15,,,0,100,,42583,15,,,0,99,,45141,15,,,0,100,,42592,15,,,0,99,,42588,15,,,0,100,,42586,15,,,0,100,,42595,15,,,0
16019,'1865',635,,42599,15,,,0,70,,42600,15,,,0,30,,42601,15,,,0,70,,42602,15,,,0,30,,42603,15,,,0,70,,42604,15,,,0,30,,42605,15,,,0,70,,45144,15,,,0,30,,42607,15,,,0,70,,42608,15,,,0,30,,45145,15,,,0,70,,42610,15,,,0,30,,42611,15,,,0,70,,42612,15,,,0,30,,42613,15,,,0,70,,42614,15,,,0,31,,45146,15,,,0,70,,42616,15,,,0,29,,42617,15,,,0,70,,42618,15,,,0,30,,42619,15,,,0,70,,42620,15,,,0,30,,45147,15,,,0,70,,42622,15,,,0,30,,42623,15,,,0,70,,42624,15,,,0,30,,42625,15,,,0,69,,45148,15,,,0,30,,42627,15,,,0,70,,42628,15,,,0,30,,45143,15,,,0,70,,42597,15,,,0,30,,42598,15,,,0
16019,'1866',632,,42652,15,,,0,70,,42648,15,,,0,30,,42656,15,,,0,70,,42640,15,,,0,31,,42654,15,,,0,71,,42635,15,,,0,30,,42633,15,,,0,70,,42630,15,,,0,30,,42641,15,,,0,70,,42651,15,,,0,30,,42645,15,,,0,70,,42653,15,,,0,30,,42637,15,,,0,70,,42655,15,,,0,30,,42632,15,,,0,70,,42643,15,,,0,31,,42642,15,,,0,70,,42646,15,,,0,30,,42647,15,,,0,70,,42631,15,,,0,30,,42639,15,,,0,70,,42649,15,,,0,29,,42634,15,,,0,70,,42638,15,,,0,30,,42644,15,,,0,70,,42658,15,,,0,30,,42650,15,,,0,69,,42657,15,,,0,30,,42636,15,,,0,70,,42660,15,,,0,100,,42659,15,,,0,30,,42629,15,,,0
16019,'1867',802,,45149,15,,,0,102,,45151,15,,,0,100,,42674,15,,,0,100,,45157,15,,,0,100,,45150,15,,,0,100,,45152,15,,,0,100,,45153,15,,,0,101,,45155,15,,,0,100,,45154,15,,,0,100,,42663,15,,,0,99,,45156,15,,,0,100,,42672,15,,,0,99,,42668,15,,,0,100,,42666,15,,,0,100,,42675,15,,,0
16019,'1873',632,,42732,15,,,0,70,,42728,15,,,0,30,,42736,15,,,0,70,,42720,15,,,0,31,,42734,15,,,0,71,,42715,15,,,0,30,,42713,15,,,0,70,,42710,15,,,0,30,,42721,15,,,0,70,,42731,15,,,0,30,,42725,15,,,0,70,,42733,15,,,0,30,,42717,15,,,0,70,,42735,15,,,0,30,,42712,15,,,0,70,,42723,15,,,0,31,,42722,15,,,0,70,,42726,15,,,0,30,,42727,15,,,0,70,,42711,15,,,0,30,,42719,15,,,0,70,,42729,15,,,0,29,,42714,15,,,0,70,,42718,15,,,0,30,,42724,15,,,0,70,,42738,15,,,0,30,,42730,15,,,0,69,,42737,15,,,0,30,,42716,15,,,0,70,,42740,15,,,0,100,,42739,15,,,0,30,,42709,15,,,0
16019,'1878',1004,,42754,15,,,0,701,,42743,15,,,0,199,,42752,15,,,0,99,,42748,15,,,0,100,,42746,15,,,0,100,,42755,15,,,0
16019,'1881',1005,,42686,15,,,0,130,,42689,15,,,0,301,,42695,15,,,0,299,,42701,15,,,0,269,,42706,15,,,0,130,,42676,15,,,0
16019,'1882',635,,42679,15,,,0,70,,42680,15,,,0,30,,42681,15,,,0,70,,42682,15,,,0,30,,42683,15,,,0,70,,42684,15,,,0,30,,42685,15,,,0,100,,42687,15,,,0,70,,42688,15,,,0,100,,42690,15,,,0,30,,42691,15,,,0,70,,42692,15,,,0,30,,42693,15,,,0,70,,42694,15,,,0,101,,42696,15,,,0,29,,42697,15,,,0,70,,42698,15,,,0,30,,42699,15,,,0,70,,42700,15,,,0,100,,42702,15,,,0,30,,42703,15,,,0,70,,42704,15,,,0,30,,42705,15,,,0,99,,42707,15,,,0,70,,42708,15,,,0,100,,42677,15,,,0,30,,42678,15,,,0
16019,'1886',1005,,45159,15,,,0,130,,45160,15,,,0,301,,45161,15,,,0,299,,45162,15,,,0,269,,45163,15,,,0,130,,45158,15,,,0
16019,'1888',802,,45164,15,,,0,102,,45166,15,,,0,200,,45172,15,,,0,100,,45165,15,,,0,100,,45167,15,,,0,100,,45168,15,,,0,101,,45170,15,,,0,100,,45169,15,,,0,199,,45171,15,,,0
