31019,'1838',614,,38211,28,,,0,90,,38194,40,,,0,101,,38195,40,,,0,101,,38196,40,,,0,100,,38197,40,,,0,100,,38198,40,,,0,101,,38199,40,,,0,100,,38200,40,,,0,100,,38201,40,,,0,100,,38202,40,,,0,100,,38203,40,,,0,100,,38204,40,,,0,100,,38205,40,,,0,100,,38206,40,,,0,100,,38207,40,,,0,99,,38208,40,,,0,98,,38209,40,,,0,100,,38210,40,,,0
31019,'1865',615,,43404,28,,,0,26,,43399,28,,,0,66,,43369,40,,,0,33,,43384,40,,,0,70,,43397,40,,,0,30,,43380,40,,,0,68,,43377,40,,,0,29,,43391,40,,,0,70,,43372,40,,,0,32,,43385,40,,,0,68,,43396,40,,,0,30,,43383,40,,,0,70,,43378,40,,,0,30,,43390,40,,,0,70,,43371,40,,,0,30,,43386,40,,,0,71,,43395,40,,,0,30,,43381,40,,,0,70,,43375,40,,,0,31,,43389,40,,,0,70,,43373,40,,,0,30,,43387,40,,,0,70,,43394,40,,,0,29,,43382,40,,,0,69,,43376,40,,,0,30,,43388,40,,,0,70,,43370,40,,,0,30,,43405,40,,,0,70,,43393,40,,,0,100,,43379,40,,,0,98,,43374,40,,,0,100,,43392,40,,,0
31019,'1866',614,,38322,28,,,0,26,,38315,28,,,0,64,,38292,40,,,0,30,,38308,40,,,0,71,,38321,40,,,0,31,,38304,40,,,0,70,,38298,40,,,0,30,,38314,40,,,0,70,,38291,40,,,0,30,,38307,40,,,0,70,,38316,40,,,0,31,,38303,40,,,0,70,,38297,40,,,0,30,,38313,40,,,0,70,,38290,40,,,0,30,,38306,40,,,0,70,,38319,40,,,0,30,,38302,40,,,0,70,,38296,40,,,0,30,,38312,40,,,0,70,,38289,40,,,0,30,,38305,40,,,0,70,,38318,40,,,0,30,,38301,40,,,0,70,,38295,40,,,0,30,,38311,40,,,0,70,,38288,40,,,0,30,,38323,40,,,0,70,,38317,40,,,0,99,,38294,40,,,0,98,,38287,40,,,0,100,,38320,40,,,0
31019,'1867',614,,38341,28,,,0,90,,38324,40,,,0,101,,38325,40,,,0,101,,38326,40,,,0,100,,38327,40,,,0,100,,38328,40,,,0,101,,38329,40,,,0,100,,38330,40,,,0,100,,38331,40,,,0,100,,38332,40,,,0,100,,38333,40,,,0,100,,38334,40,,,0,100,,38335,40,,,0,100,,38336,40,,,0,100,,38337,40,,,0,99,,38338,40,,,0,98,,38339,40,,,0,100,,38340,40,,,0
31019,'1871',615,,38248,28,,,0,26,,38243,28,,,0,66,,38213,40,,,0,33,,38228,40,,,0,70,,38241,40,,,0,30,,38224,40,,,0,68,,38221,40,,,0,29,,38235,40,,,0,70,,38216,40,,,0,32,,38229,40,,,0,68,,38240,40,,,0,30,,38227,40,,,0,70,,38222,40,,,0,30,,38234,40,,,0,70,,38215,40,,,0,30,,38230,40,,,0,71,,38239,40,,,0,30,,38225,40,,,0,70,,38219,40,,,0,31,,38233,40,,,0,70,,38217,40,,,0,30,,38231,40,,,0,70,,38238,40,,,0,29,,38226,40,,,0,69,,38220,40,,,0,30,,38232,40,,,0,70,,38214,40,,,0,30,,38249,40,,,0,70,,38237,40,,,0,100,,38223,40,,,0,98,,38218,40,,,0,100,,38236,40,,,0
31019,'1873',614,,31487,28,,,0,26,,31480,28,,,0,64,,31457,40,,,0,30,,31473,40,,,0,71,,31486,40,,,0,31,,31469,40,,,0,70,,31463,40,,,0,30,,31479,40,,,0,70,,31456,40,,,0,30,,31472,40,,,0,70,,31481,40,,,0,31,,31468,40,,,0,70,,31462,40,,,0,30,,31478,40,,,0,70,,31455,40,,,0,30,,31471,40,,,0,70,,31484,40,,,0,30,,31467,40,,,0,70,,31461,40,,,0,30,,31477,40,,,0,70,,31454,40,,,0,30,,31470,40,,,0,70,,31483,40,,,0,30,,31466,40,,,0,70,,31460,40,,,0,30,,31476,40,,,0,70,,31453,40,,,0,30,,31488,40,,,0,70,,31482,40,,,0,99,,31459,40,,,0,98,,31452,40,,,0,100,,31485,40,,,0
31019,'1875',614,,31506,28,,,0,90,,31489,40,,,0,101,,31490,40,,,0,101,,31491,40,,,0,100,,31492,40,,,0,100,,31493,40,,,0,101,,31494,40,,,0,100,,31495,40,,,0,100,,31496,40,,,0,100,,31497,40,,,0,100,,31498,40,,,0,100,,31499,40,,,0,100,,31500,40,,,0,100,,31501,40,,,0,100,,31502,40,,,0,99,,31503,40,,,0,98,,31504,40,,,0,100,,31505,40,,,0
31019,'1876',615,,43441,28,,,0,26,,43436,28,,,0,66,,43406,40,,,0,33,,43421,40,,,0,70,,43434,40,,,0,30,,43417,40,,,0,68,,43414,40,,,0,29,,43428,40,,,0,70,,43409,40,,,0,32,,43422,40,,,0,68,,43433,40,,,0,30,,43420,40,,,0,70,,43415,40,,,0,30,,43427,40,,,0,70,,43408,40,,,0,30,,43423,40,,,0,71,,43432,40,,,0,30,,43418,40,,,0,70,,43412,40,,,0,31,,43426,40,,,0,70,,43410,40,,,0,30,,43424,40,,,0,70,,43431,40,,,0,29,,43419,40,,,0,69,,43413,40,,,0,30,,43425,40,,,0,70,,43407,40,,,0,30,,43442,40,,,0,70,,43430,40,,,0,100,,43416,40,,,0,98,,43411,40,,,0,100,,43429,40,,,0
501029,'1838',632,,38793,4,,,0,70,,38804,4,,,0,30,,38792,4,,,0,70,,38803,4,,,0,30,,38791,4,,,0,70,,38806,4,,,0,30,,38794,4,,,0,75,,38802,4,,,0,15,,38822,4,,,0,15,,38783,4,,,0,15,,38826,4,,,0,55,,43560,4,,,0,15,,38828,4,,,0,15,,38784,4,,,0,15,,38815,4,,,0,55,,43561,4,,,0,15,,38818,4,,,0,15,,38778,4,,,0,15,,38821,4,,,0,55,,38801,4,,,0,15,,38824,4,,,0,15,,38779,4,,,0,15,,38829,4,,,0,55,,43564,4,,,0,15,,38814,4,,,0,15,,38781,4,,,0,15,,38817,4,,,0,55,,43562,4,,,0,16,,38820,4,,,0,15,,38777,4,,,0,15,,38825,4,,,0,55,,38797,4,,,0,15,,38827,4,,,0,15,,38782,4,,,0,15,,38813,4,,,0,55,,43563,4,,,0,15,,38816,4,,,0,15,,38780,4,,,0,15,,38819,4,,,0,55,,43566,4,,,0,30,,38790,4,,,0,69,,38812,4,,,0,15,,38823,4,,,0,10,,38789,4,,,0,70,,38808,4,,,0,30,,38788,4,,,0,70,,43567,4,,,0,30,,43559,4,,,0,70,,43568,4,,,0,30,,38786,4,,,0,70,,43565,4,,,0,25,,38785,4,,,0
501029,'1857',537,,32272,4,,,0,95,,32273,4,,,0,70,,32275,4,,,0,20,,32276,4,,,0,15,,32277,4,,,0,17,,32278,4,,,0,52,,38856,4,,,0,13,,32280,4,,,0,5,,32338,4,,,0,5,,32281,4,,,0,11,,32282,4,,,0,15,,32283,4,,,0,52,,32284,4,,,0,15,,32285,4,,,0,15,,32286,4,,,0,15,,38857,4,,,0,55,,32288,4,,,0,15,,32289,4,,,0,15,,32290,4,,,0,15,,32291,4,,,0,55,,32292,4,,,0,30,,32294,4,,,0,15,,32295,4,,,0,55,,32296,4,,,0,15,,32297,4,,,0,30,,32299,4,,,0,55,,32300,4,,,0,15,,32301,4,,,0,15,,32302,4,,,0,71,,32304,4,,,0,15,,32305,4,,,0,31,,32271,4,,,0,58,,38888,4,,,0,6,,38862,4,,,0,24,,38864,4,,,0,12,,38865,4,,,0,52,,38866,4,,,0,6,,38889,4,,,0,6,,38867,4,,,0,23,,32314,4,,,0,11,,38869,4,,,0,52,,32316,4,,,0,12,,38870,4,,,0,36,,38873,4,,,0,52,,38874,4,,,0,12,,32322,4,,,0,12,,38875,4,,,0,12,,32324,4,,,0,12,,38876,4,,,0,55,,38877,4,,,0,15,,38878,4,,,0,115,,38881,4,,,0,70,,38882,4,,,0,25,,38883,4,,,0,70,,38884,4,,,0,30,,38885,4,,,0,70,,38886,4,,,0,26,,38887,4,,,0
501029,'1865',537,,38894,4,,,0,95,,38895,4,,,0,10,,43581,4,,,0,10,,43570,4,,,0,50,,38897,4,,,0,20,,38898,4,,,0,15,,38899,4,,,0,17,,38900,4,,,0,52,,38901,4,,,0,13,,38902,4,,,0,5,,38960,4,,,0,5,,38903,4,,,0,11,,38904,4,,,0,15,,38905,4,,,0,52,,38906,4,,,0,15,,38907,4,,,0,15,,38908,4,,,0,15,,38909,4,,,0,55,,38910,4,,,0,15,,38911,4,,,0,15,,38912,4,,,0,15,,38913,4,,,0,55,,38914,4,,,0,15,,43571,4,,,0,15,,38916,4,,,0,15,,38917,4,,,0,55,,38918,4,,,0,15,,38919,4,,,0,15,,43572,4,,,0,15,,38921,4,,,0,55,,38922,4,,,0,15,,38923,4,,,0,15,,38924,4,,,0,15,,43573,4,,,0,56,,38926,4,,,0,15,,38927,4,,,0,16,,43569,4,,,0,15,,38893,4,,,0,52,,43574,4,,,0,6,,38959,4,,,0,6,,38929,4,,,0,12,,43575,4,,,0,12,,38931,4,,,0,12,,38932,4,,,0,52,,38933,4,,,0,6,,38962,4,,,0,6,,38934,4,,,0,12,,43576,4,,,0,11,,38936,4,,,0,11,,38937,4,,,0,52,,38938,4,,,0,12,,38939,4,,,0,12,,43577,4,,,0,12,,43578,4,,,0,12,,38942,4,,,0,52,,38943,4,,,0,12,,38944,4,,,0,12,,38945,4,,,0,12,,38946,4,,,0,12,,38947,4,,,0,55,,38948,4,,,0,15,,38949,4,,,0,15,,43579,4,,,0,70,,43580,4,,,0,30,,38952,4,,,0,70,,38953,4,,,0,25,,38954,4,,,0,70,,38955,4,,,0,30,,38956,4,,,0,70,,38957,4,,,0,26,,38958,4,,,0
501029,'1866',632,,38975,4,,,0,75,,38980,4,,,0,15,,39015,4,,,0,15,,38974,4,,,0,70,,38981,4,,,0,30,,38973,4,,,0,70,,38979,4,,,0,30,,38972,4,,,0,15,,38965,4,,,0,55,,38978,4,,,0,15,,38977,4,,,0,15,,38990,4,,,0,15,,38999,4,,,0,55,,39016,4,,,0,15,,39008,4,,,0,15,,38991,4,,,0,15,,39000,4,,,0,55,,39017,4,,,0,15,,39009,4,,,0,15,,38992,4,,,0,15,,39001,4,,,0,55,,39018,4,,,0,15,,39010,4,,,0,15,,38993,4,,,0,15,,39002,4,,,0,55,,39019,4,,,0,15,,39011,4,,,0,15,,38994,4,,,0,15,,39003,4,,,0,55,,39020,4,,,0,16,,39012,4,,,0,15,,38995,4,,,0,15,,39004,4,,,0,55,,39021,4,,,0,15,,39013,4,,,0,15,,38996,4,,,0,15,,39005,4,,,0,55,,38998,4,,,0,15,,39014,4,,,0,15,,38997,4,,,0,15,,39006,4,,,0,55,,38987,4,,,0,15,,38989,4,,,0,15,,38971,4,,,0,14,,39007,4,,,0,55,,38988,4,,,0,15,,39023,4,,,0,15,,38970,4,,,0,70,,38985,4,,,0,25,,38969,4,,,0,70,,38986,4,,,0,30,,38968,4,,,0,70,,38984,4,,,0,30,,38967,4,,,0,70,,38983,4,,,0,25,,38966,4,,,0
501029,'1867',632,,39041,4,,,0,70,,39052,4,,,0,30,,39040,4,,,0,70,,39051,4,,,0,30,,39039,4,,,0,70,,39054,4,,,0,30,,39042,4,,,0,75,,39050,4,,,0,15,,39070,4,,,0,15,,39031,4,,,0,15,,39074,4,,,0,55,,43584,4,,,0,15,,39076,4,,,0,15,,39032,4,,,0,15,,39063,4,,,0,55,,43585,4,,,0,15,,39066,4,,,0,15,,39026,4,,,0,15,,39069,4,,,0,55,,39049,4,,,0,15,,39072,4,,,0,15,,39027,4,,,0,15,,39077,4,,,0,55,,43588,4,,,0,15,,39062,4,,,0,15,,39029,4,,,0,15,,39065,4,,,0,55,,43586,4,,,0,16,,39068,4,,,0,15,,39025,4,,,0,15,,39073,4,,,0,55,,39045,4,,,0,15,,39075,4,,,0,15,,39030,4,,,0,15,,39061,4,,,0,55,,43587,4,,,0,15,,39064,4,,,0,15,,39028,4,,,0,15,,39067,4,,,0,55,,43590,4,,,0,30,,39038,4,,,0,69,,39060,4,,,0,15,,39071,4,,,0,10,,39037,4,,,0,70,,39056,4,,,0,30,,39036,4,,,0,70,,43591,4,,,0,30,,43583,4,,,0,70,,43592,4,,,0,30,,39034,4,,,0,70,,43589,4,,,0,25,,39033,4,,,0
501029,'1871',642,,32339,4,,,0,10,,38855,4,,,0,470,,38858,4,,,0,115,,38859,4,,,0,115,,38860,4,,,0,87,,38854,4,,,0,67,,38861,4,,,0,24,,38863,4,,,0,100,,38868,4,,,0,98,,38871,4,,,0,12,,38872,4,,,0,197,,38879,4,,,0,70,,38880,4,,,0
501029,'1873',632,,32094,4,,,0,75,,38833,4,,,0,15,,38836,4,,,0,15,,32093,4,,,0,70,,38834,4,,,0,30,,32092,4,,,0,70,,38832,4,,,0,30,,38830,4,,,0,15,,32084,4,,,0,55,,38831,4,,,0,15,,32096,4,,,0,15,,32109,4,,,0,15,,32118,4,,,0,55,,32135,4,,,0,15,,32127,4,,,0,15,,32110,4,,,0,15,,32119,4,,,0,55,,32136,4,,,0,15,,32128,4,,,0,15,,32111,4,,,0,15,,32120,4,,,0,55,,32137,4,,,0,15,,32129,4,,,0,15,,32112,4,,,0,15,,32121,4,,,0,55,,32138,4,,,0,15,,32130,4,,,0,15,,32113,4,,,0,15,,32122,4,,,0,55,,32139,4,,,0,16,,32131,4,,,0,15,,32114,4,,,0,15,,32123,4,,,0,55,,32140,4,,,0,15,,32132,4,,,0,15,,32115,4,,,0,15,,32124,4,,,0,55,,32117,4,,,0,15,,32133,4,,,0,15,,32116,4,,,0,15,,32125,4,,,0,55,,32106,4,,,0,15,,32108,4,,,0,15,,32090,4,,,0,14,,32126,4,,,0,55,,32107,4,,,0,15,,32142,4,,,0,15,,32089,4,,,0,70,,32104,4,,,0,25,,32088,4,,,0,70,,32105,4,,,0,30,,32087,4,,,0,70,,32103,4,,,0,30,,32086,4,,,0,70,,32102,4,,,0,25,,32085,4,,,0
501029,'1874',1107,,38842,4,,,0,100,,38843,4,,,0,200,,38846,4,,,0,100,,38844,4,,,0,201,,38845,4,,,0,100,,38848,4,,,0,294,,38849,4,,,0,30,,38840,4,,,0,70,,38850,4,,,0,100,,38847,4,,,0
501029,'1875',632,,32160,4,,,0,70,,32171,4,,,0,30,,32159,4,,,0,70,,32170,4,,,0,30,,32158,4,,,0,70,,32173,4,,,0,30,,32161,4,,,0,75,,32169,4,,,0,15,,32189,4,,,0,15,,38839,4,,,0,15,,32193,4,,,0,70,,38852,4,,,0,15,,32151,4,,,0,15,,32182,4,,,0,70,,32185,4,,,0,15,,38837,4,,,0,15,,32188,4,,,0,55,,32168,4,,,0,15,,32191,4,,,0,15,,32146,4,,,0,15,,38853,4,,,0,70,,32181,4,,,0,15,,32148,4,,,0,15,,32184,4,,,0,71,,32187,4,,,0,15,,32144,4,,,0,15,,32192,4,,,0,55,,32164,4,,,0,15,,32194,4,,,0,15,,38838,4,,,0,15,,32180,4,,,0,70,,32183,4,,,0,15,,32147,4,,,0,15,,38851,4,,,0,85,,32157,4,,,0,69,,32179,4,,,0,15,,32190,4,,,0,10,,32156,4,,,0,70,,32175,4,,,0,30,,38841,4,,,0,200,,32153,4,,,0,95,,32152,4,,,0
501029,'1876',642,,43605,4,,,0,10,,43594,4,,,0,470,,43595,4,,,0,115,,43596,4,,,0,115,,43597,4,,,0,87,,43593,4,,,0,67,,43598,4,,,0,24,,43599,4,,,0,100,,43600,4,,,0,98,,43601,4,,,0,12,,43602,4,,,0,197,,43603,4,,,0,70,,43604,4,,,0
501029,'1878',1107,,43608,4,,,0,100,,43609,4,,,0,200,,43612,4,,,0,100,,43610,4,,,0,201,,43611,4,,,0,100,,43614,4,,,0,294,,43615,4,,,0,30,,43607,4,,,0,70,,43616,4,,,0,100,,43613,4,,,0
