14000001029,'1838',557,,48495,41,0,18 7,0,1855,,48491,41,,,0,30,,42005,41,,,0,70,,48494,41,,,0,30,,48493,41,,,0,70,,42004,41,,,0,30,,48492,41,,,0
14000001029,'1865',458,,42016,41,0,18 7,0,142,,48496,41,0,18 7,0,1812,,48498,41,,,0,30,,42020,41,,,0,70,,48500,41,,,0,30,,48497,41,,,0,70,,42021,41,,,0,30,,48499,41,,,0
14000001029,'1866',557,,42028,41,0,18 7,0,1855,,48504,41,,,0,30,,42025,41,,,0,70,,48501,41,,,0,30,,48502,41,,,0,70,,42029,41,,,0,30,,48503,41,,,0
14000001029,'1867',557,,48509,41,0,18 7,0,1855,,48505,41,,,0,30,,42035,41,,,0,70,,48508,41,,,0,30,,48507,41,,,0,70,,42034,41,,,0,30,,48506,41,,,0
14000001029,'1873',557,,34793,41,0,18 7,0,1885,,24925,41,,,0,170,,24929,41,,,0
14000001029,'1878',2442,,24935,41,,,0,170,,24934,41,,,0
14000001029,'1881',600,,43968,41,0,18 7,0,1812,,43970,41,,,0,100,,42015,41,,,0,30,,43969,41,,,0,100,,42014,41,,,0
14000001029,'1882',458,,34808,41,0,18 7,0,1984,,24920,41,,,0,170,,24921,41,,,0
14000001029,'1886',600,,48510,41,0,18 7,0,1812,,48512,41,,,0,100,,48514,41,,,0,30,,48511,41,,,0,100,,48513,41,,,0
14000001029,'1887',2412,,48518,41,,,0,100,,48515,41,,,0,30,,48516,41,,,0,100,,48517,41,,,0
14000001029,'1888',557,,48523,41,0,18 7,0,1855,,48519,41,,,0,100,,48522,41,,,0,30,,48521,41,,,0,100,,48520,41,,,0
