15019,'1800',733,,30284,41,,,0,100,,30282,41,,,0,100,,30285,41,,,0,101,,30283,41,,,0,100,,30280,41,,,0,100,,30278,41,,,0,101,,30281,41,,,0,100,,30279,41,,,0,100,,30276,41,,,0,99,,30277,41,,,0,100,,30274,41,,,0,100,,30275,41,,,0,100,,30273,41,,,0,99,,30286,41,,,0
15019,'1838',733,,36885,41,,,0,100,,36883,41,,,0,100,,36886,41,,,0,101,,36884,41,,,0,100,,36881,41,,,0,100,,36879,41,,,0,101,,36882,41,,,0,100,,36880,41,,,0,100,,36877,41,,,0,99,,36878,41,,,0,100,,36875,41,,,0,100,,36876,41,,,0,100,,36874,41,,,0,99,,36887,41,,,0
15019,'1850',604,,30330,7,0,5 2 6 7,0,54,,30331,41,,,0,70,,30332,41,,,0,76,,30333,41,,,0,31,,30334,41,,,0,65,,30335,41,,,0,30,,30336,41,,,0,70,,30337,41,,,0,30,,30338,41,,,0,70,,30339,41,,,0,30,,30340,41,,,0,70,,30341,41,,,0,30,,30342,41,,,0,70,,30343,41,,,0,30,,30344,41,,,0,70,,30345,41,,,0,30,,30346,41,,,0,72,,30347,41,,,0,30,,30348,41,,,0,70,,30349,41,,,0,30,,30350,41,,,0,69,,30351,41,,,0,30,,30352,41,,,0,27,,30353,41,,,0,70,,30354,41,,,0,30,,30355,41,,,0,70,,30356,41,,,0,30,,30357,41,,,0,100,,30358,41,,,0,98,,30359,41,,,0,100,,30360,41,0,5 2 6 7,0
15019,'1859',733,,30301,41,,,0,100,,30302,41,,,0,100,,30303,41,,,0,101,,30304,41,,,0,100,,30305,41,,,0,100,,30306,41,,,0,101,,30307,41,,,0,100,,30308,41,,,0,100,,30309,41,,,0,99,,30310,41,,,0,100,,30311,41,,,0,100,,30312,41,,,0,100,,30313,41,,,0,99,,30314,41,,,0
15019,'1861',733,,30327,41,,,0,100,,30325,41,,,0,100,,30328,41,,,0,101,,30326,41,,,0,100,,30323,41,,,0,100,,30321,41,,,0,101,,30324,41,,,0,100,,30322,41,,,0,100,,30319,41,,,0,99,,30320,41,,,0,100,,30317,41,,,0,100,,30318,41,,,0,100,,30316,41,,,0,99,,30329,41,,,0
15019,'1862',606,,36888,7,0,5 2 6 7,0
15019,'1864',604,,30361,7,0,5 2 6 7,0,54,,30362,41,,,0,70,,36889,41,,,0,76,,30364,41,,,0,31,,30365,41,,,0,65,,30366,41,,,0,30,,30367,41,,,0,70,,30368,41,,,0,30,,36890,41,,,0,70,,36891,41,,,0,30,,36892,41,,,0,70,,36893,41,,,0,30,,36894,41,,,0,70,,36895,41,,,0,30,,30375,41,,,0,70,,36896,41,,,0,30,,30377,41,,,0,72,,30378,41,,,0,30,,36897,41,,,0,70,,36898,41,,,0,30,,30381,41,,,0,69,,30382,41,,,0,30,,30383,41,,,0,27,,30384,41,,,0,70,,30385,41,,,0,30,,36899,41,,,0,70,,36900,41,,,0,30,,30388,41,,,0,100,,36901,41,,,0,98,,36902,41,,,0,100,,36903,41,0,5 2 6 7,0
15019,'1865',604,,36904,7,0,5 2 6 7,0,54,,36905,41,,,0,70,,36906,41,,,0,76,,36907,41,,,0,31,,36908,41,,,0,65,,36909,41,,,0,30,,36910,41,,,0,70,,36911,41,,,0,30,,36912,41,,,0,70,,36913,41,,,0,30,,36914,41,,,0,70,,36915,41,,,0,30,,36916,41,,,0,70,,36917,41,,,0,30,,36918,41,,,0,70,,36919,41,,,0,30,,36920,41,,,0,72,,36921,41,,,0,30,,36922,41,,,0,70,,36923,41,,,0,30,,36924,41,,,0,69,,36925,41,,,0,30,,36926,41,,,0,27,,36927,41,,,0,70,,36928,41,,,0,30,,36929,41,,,0,70,,36930,41,,,0,30,,36931,41,,,0,100,,36932,41,,,0,98,,36933,41,,,0,100,,36934,41,0,5 2 6 7,0
15019,'1866',606,,36949,7,0,5 2 6 7,0,127,,36935,41,,,0,100,,36936,41,,,0,100,,36937,41,,,0,101,,36938,41,,,0,100,,36939,41,,,0,100,,36940,41,,,0,101,,36941,41,,,0,100,,36942,41,,,0,100,,36943,41,,,0,99,,36944,41,,,0,100,,36945,41,,,0,100,,36946,41,,,0,100,,36947,41,,,0,99,,36948,41,,,0
15019,'1867',733,,36961,41,,,0,100,,36959,41,,,0,100,,36962,41,,,0,101,,36960,41,,,0,100,,36957,41,,,0,100,,36955,41,,,0,101,,36958,41,,,0,100,,36956,41,,,0,100,,36953,41,,,0,99,,36954,41,,,0,100,,36951,41,,,0,100,,36952,41,,,0,100,,36950,41,,,0,99,,36963,41,,,0
