32019,'1800',625,,31582,7,,,0,95,,31583,7,,,0,100,,31584,7,,,0,100,,31585,7,,,0,100,,31586,7,,,0,101,,31587,7,,,0,100,,31588,7,,,0,100,,31589,7,,,0,100,,31590,7,,,0,100,,31591,7,,,0,100,,31592,7,,,0,100,,31593,7,,,0,100,,31594,7,,,0,100,,31595,7,,,0,100,,31596,7,,,0,99,,31597,7,,,0,100,,31598,7,,,0,95,,31600,7,0,5 2 8 7,0
32019,'1838',625,,38343,7,,,0,95,,38344,7,,,0,100,,38345,7,,,0,100,,38346,7,,,0,100,,38347,7,,,0,101,,38348,7,,,0,100,,38349,7,,,0,100,,38350,7,,,0,100,,38351,7,,,0,100,,38352,7,,,0,100,,38353,7,,,0,100,,38354,7,,,0,100,,38355,7,,,0,100,,38356,7,,,0,100,,38357,7,,,0,99,,38358,7,,,0,100,,38359,7,,,0,95,,38361,7,0,5 2 8 7,0
32019,'1850',625,,31684,7,,,0,26,,31700,7,,,0,70,,31679,7,,,0,30,,31695,7,,,0,70,,31705,7,,,0,30,,31689,7,,,0,70,,31687,7,,,0,30,,31699,7,,,0,70,,31677,7,,,0,30,,31693,7,,,0,70,,31704,7,,,0,30,,31691,7,,,0,70,,31686,7,,,0,30,,31698,7,,,0,70,,31680,7,,,0,30,,31692,7,,,0,69,,31703,7,,,0,30,,31690,7,,,0,71,,31683,7,,,0,30,,31697,7,,,0,71,,31676,7,,,0,30,,31694,7,,,0,69,,31702,7,,,0,30,,31688,7,,,0,70,,31685,7,,,0,30,,31696,7,,,0,70,,31681,7,,,0,100,,31701,7,,,0,99,,31682,7,,,0,100,,31678,7,,,0,95,,31711,7,0,5 2 8 7,0
32019,'1859',625,,31631,7,,,0,25,,31648,7,,,0,70,,31625,7,,,0,30,,31642,7,,,0,70,,31649,7,,,0,30,,31637,7,,,0,70,,31630,7,,,0,30,,31647,7,,,0,70,,31624,7,,,0,30,,31641,7,,,0,71,,31652,7,,,0,30,,31636,7,,,0,70,,31629,7,,,0,30,,31646,7,,,0,70,,31623,7,,,0,30,,31640,7,,,0,70,,31651,7,,,0,30,,31635,7,,,0,70,,31628,7,,,0,30,,31645,7,,,0,70,,31622,7,,,0,30,,31639,7,,,0,70,,31653,7,,,0,30,,31634,7,,,0,70,,31627,7,,,0,30,,31643,7,,,0,70,,31621,7,,,0,100,,31650,7,,,0,99,,31626,7,,,0,100,,31620,7,,,0,100,,31654,7,0,5 2 8 7,0
32019,'1861',625,,31657,7,,,0,95,,31658,7,,,0,100,,31659,7,,,0,100,,31660,7,,,0,100,,31661,7,,,0,101,,31662,7,,,0,100,,31663,7,,,0,100,,31664,7,,,0,100,,31665,7,,,0,100,,31666,7,,,0,100,,31667,7,,,0,100,,31668,7,,,0,100,,31669,7,,,0,100,,31670,7,,,0,100,,31671,7,,,0,99,,31672,7,,,0,100,,31673,7,,,0,95,,31675,7,0,5 2 8 7,0
32019,'1864',625,,38370,7,,,0,26,,38386,7,,,0,70,,38365,7,,,0,30,,38381,7,,,0,70,,38391,7,,,0,30,,38375,7,,,0,70,,38373,7,,,0,30,,38385,7,,,0,70,,38363,7,,,0,30,,38379,7,,,0,70,,38390,7,,,0,30,,38377,7,,,0,70,,38372,7,,,0,30,,38384,7,,,0,70,,38366,7,,,0,30,,38378,7,,,0,69,,38389,7,,,0,30,,38376,7,,,0,71,,38369,7,,,0,30,,38383,7,,,0,71,,38362,7,,,0,30,,38380,7,,,0,69,,38388,7,,,0,30,,38374,7,,,0,70,,38371,7,,,0,30,,38382,7,,,0,70,,38367,7,,,0,100,,38387,7,,,0,99,,38368,7,,,0,100,,38364,7,,,0,95,,38397,7,0,5 2 8 7,0
32019,'1865',625,,38407,7,,,0,26,,38423,7,,,0,70,,38402,7,,,0,30,,38418,7,,,0,70,,38428,7,,,0,30,,38412,7,,,0,70,,38410,7,,,0,30,,38422,7,,,0,70,,38400,7,,,0,30,,38416,7,,,0,70,,38427,7,,,0,30,,38414,7,,,0,70,,38409,7,,,0,30,,38421,7,,,0,70,,38403,7,,,0,30,,38415,7,,,0,69,,38426,7,,,0,30,,38413,7,,,0,71,,38406,7,,,0,30,,38420,7,,,0,71,,38399,7,,,0,30,,38417,7,,,0,69,,38425,7,,,0,30,,38411,7,,,0,70,,38408,7,,,0,30,,38419,7,,,0,70,,38404,7,,,0,100,,38424,7,,,0,99,,38405,7,,,0,100,,38401,7,,,0,95,,38434,7,0,5 2 8 7,0
32019,'1866',625,,38448,7,,,0,25,,38465,7,,,0,70,,38442,7,,,0,30,,38459,7,,,0,70,,38466,7,,,0,30,,38454,7,,,0,70,,38447,7,,,0,30,,38464,7,,,0,70,,38441,7,,,0,30,,38458,7,,,0,71,,38469,7,,,0,30,,38453,7,,,0,70,,38446,7,,,0,30,,38463,7,,,0,70,,38440,7,,,0,30,,38457,7,,,0,70,,38468,7,,,0,30,,38452,7,,,0,70,,38445,7,,,0,30,,38462,7,,,0,70,,38439,7,,,0,30,,38456,7,,,0,70,,38470,7,,,0,30,,38451,7,,,0,70,,38444,7,,,0,30,,38460,7,,,0,70,,38438,7,,,0,100,,38467,7,,,0,99,,38443,7,,,0,100,,38437,7,,,0,100,,38471,7,0,5 2 8 7,0
32019,'1867',625,,38474,7,,,0,95,,38475,7,,,0,100,,38476,7,,,0,100,,38477,7,,,0,100,,38478,7,,,0,101,,38479,7,,,0,100,,38480,7,,,0,100,,38481,7,,,0,100,,38482,7,,,0,100,,38483,7,,,0,100,,38484,7,,,0,100,,38485,7,,,0,100,,38486,7,,,0,100,,38487,7,,,0,100,,38488,7,,,0,99,,38489,7,,,0,100,,38490,7,,,0,95,,38492,7,0,5 2 8 7,0
502029,'1800',624,,32586,14,,,0,28,,39259,14,,,0,65,,32577,14,,,0,30,,39266,14,,,0,71,,32582,14,,,0,30,,39265,14,,,0,72,,32580,14,,,0,30,,32600,14,,,0,70,,32569,14,,,0,30,,39264,14,,,0,55,,39275,14,,,0,15,,32570,14,,,0,16,,39277,14,,,0,15,,32598,14,,,0,55,,39280,14,,,0,15,,39260,14,,,0,15,,39269,14,,,0,15,,32597,14,,,0,55,,39272,14,,,0,15,,32572,14,,,0,15,,39274,14,,,0,15,,32596,14,,,0,55,,39278,14,,,0,16,,32573,14,,,0,15,,39279,14,,,0,15,,39263,14,,,0,55,,39268,14,,,0,15,,32574,14,,,0,15,,39271,14,,,0,15,,32594,14,,,0,55,,39273,14,,,0,14,,32575,14,,,0,14,,39276,14,,,0,15,,32593,14,,,0,55,,39281,14,,,0,15,,32576,14,,,0,15,,39267,14,,,0,15,,32592,14,,,0,55,,39270,14,,,0,15,,32585,14,,,0,30,,39262,14,,,0,70,,39261,14,,,0,30,,32590,14,,,0,70,,32578,14,,,0,30,,32589,14,,,0,70,,32579,14,,,0,30,,32587,14,,,0,68,,32584,14,,,0,30,,32588,14,,,0,70,,32581,14,,,0
502029,'1838',624,,39300,14,,,0,28,,39282,14,,,0,65,,39291,14,,,0,30,,39316,14,,,0,71,,39296,14,,,0,30,,39315,14,,,0,72,,39294,14,,,0,30,,39314,14,,,0,70,,39283,14,,,0,30,,39313,14,,,0,55,,39325,14,,,0,15,,39284,14,,,0,16,,39327,14,,,0,15,,39312,14,,,0,55,,39330,14,,,0,15,,39285,14,,,0,15,,39319,14,,,0,15,,39311,14,,,0,55,,39322,14,,,0,15,,39286,14,,,0,15,,39324,14,,,0,15,,39310,14,,,0,55,,39328,14,,,0,16,,39287,14,,,0,15,,39329,14,,,0,15,,39309,14,,,0,55,,39318,14,,,0,15,,39288,14,,,0,15,,39321,14,,,0,15,,39308,14,,,0,55,,39323,14,,,0,14,,39289,14,,,0,14,,39326,14,,,0,15,,39307,14,,,0,55,,39331,14,,,0,15,,39290,14,,,0,15,,39317,14,,,0,15,,39306,14,,,0,55,,39320,14,,,0,15,,39299,14,,,0,30,,39305,14,,,0,70,,39297,14,,,0,30,,39304,14,,,0,70,,39292,14,,,0,30,,39303,14,,,0,70,,39293,14,,,0,30,,39301,14,,,0,68,,39298,14,,,0,30,,39302,14,,,0,70,,39295,14,,,0
502029,'1850',549,,32772,14,,,0,55,,32773,14,,,0,15,,32774,14,,,0,17,,32775,14,,,0,7,,32776,14,,,0,8,,32777,14,,,0,56,,32778,14,,,0,13,,32779,14,,,0,13,,32780,14,,,0,12,,32781,14,,,0,7,,32782,14,,,0,6,,32783,14,,,0,52,,32784,14,,,0,6,,32785,14,,,0,6,,32786,14,,,0,12,,32787,14,,,0,12,,32788,14,,,0,12,,32789,14,,,0,51,,32790,14,,,0,13,,32791,14,,,0,14,,32792,14,,,0,15,,32793,14,,,0,55,,32794,14,,,0,15,,32795,14,,,0,15,,32796,14,,,0,16,,32797,14,,,0,55,,32798,14,,,0,15,,32799,14,,,0,16,,32800,14,,,0,15,,32801,14,,,0,55,,32802,14,,,0,15,,32803,14,,,0,15,,32804,14,,,0,15,,32805,14,,,0,55,,32806,14,,,0,15,,32807,14,,,0,15,,32808,14,,,0,15,,32809,14,,,0,55,,32810,14,,,0,15,,32811,14,,,0,16,,32812,14,,,0,15,,32813,14,,,0,55,,32814,14,,,0,15,,32815,14,,,0,15,,32816,14,,,0,12,,32817,14,,,0,52,,32818,14,,,0,12,,32819,14,,,0,12,,32820,14,,,0,12,,32821,14,,,0,12,,32822,14,,,0,52,,32823,14,,,0,12,,32824,14,,,0,11,,32825,14,,,0,11,,32826,14,,,0,12,,32827,14,,,0,52,,32828,14,,,0,11,,32829,14,,,0,12,,32830,14,,,0,12,,32831,14,,,0,15,,32832,14,,,0,55,,32842,14,,,0,14,,32833,14,,,0,29,,32834,14,,,0,70,,32835,14,,,0,30,,32836,14,,,0,70,,32837,14,,,0,30,,32838,14,,,0,70,,32839,14,,,0,30,,32840,14,,,0,70,,32841,14,,,0
502029,'1859',622,,32675,14,,,0,15,,32721,14,,,0,15,,32682,14,,,0,70,,32674,14,,,0,30,,32683,14,,,0,66,,32673,14,,,0,30,,32684,14,,,0,72,,32672,14,,,0,30,,32685,14,,,0,70,,32712,14,,,0,30,,32704,14,,,0,70,,32713,14,,,0,31,,32705,14,,,0,70,,32714,14,,,0,30,,32706,14,,,0,70,,32715,14,,,0,30,,32707,14,,,0,71,,32716,14,,,0,30,,32708,14,,,0,70,,32717,14,,,0,30,,32709,14,,,0,69,,32718,14,,,0,29,,32710,14,,,0,70,,32719,14,,,0,30,,32677,14,,,0,55,,32694,14,,,0,15,,32711,14,,,0,30,,32678,14,,,0,100,,32679,14,,,0,70,,32671,14,,,0,30,,32680,14,,,0,70,,32670,14,,,0,30,,32676,14,,,0,68,,32669,14,,,0,30,,32681,14,,,0,70,,32668,14,,,0
502029,'1861',624,,32740,14,,,0,93,,32731,14,,,0,101,,32736,14,,,0,102,,32734,14,,,0,30,,32754,14,,,0,70,,32723,14,,,0,100,,32724,14,,,0,31,,32752,14,,,0,100,,32751,14,,,0,70,,32726,14,,,0,30,,32750,14,,,0,71,,32727,14,,,0,100,,32728,14,,,0,30,,32748,14,,,0,69,,32729,14,,,0,29,,32747,14,,,0,70,,32730,14,,,0,30,,32746,14,,,0,70,,32739,14,,,0,130,,32744,14,,,0,70,,32732,14,,,0,30,,32743,14,,,0,70,,32733,14,,,0,30,,32741,14,,,0,68,,32738,14,,,0,30,,32742,14,,,0,70,,32735,14,,,0
502029,'1862',1005,,39332,14,,,0,30,,39340,14,,,0,70,,39333,14,,,0,31,,39341,14,,,0,70,,39334,14,,,0,30,,39342,14,,,0,70,,39335,14,,,0,30,,39343,14,,,0,70,,39336,14,,,0,31,,39344,14,,,0,70,,39337,14,,,0,30,,39345,14,,,0,70,,39338,14,,,0,28,,39346,14,,,0,70,,39339,14,,,0,30,,39347,14,,,0,100,,39348,14,,,0,70,,39349,14,,,0
502029,'1863',652,,39350,14,,,0,95,,39357,14,,,0,101,,39356,14,,,0,202,,39355,14,,,0,55,,39366,14,,,0,31,,39368,14,,,0,70,,39371,14,,,0,15,,39351,14,,,0,15,,39360,14,,,0,70,,39363,14,,,0,30,,39365,14,,,0,70,,39369,14,,,0,31,,39370,14,,,0,15,,39354,14,,,0,55,,39359,14,,,0,30,,39362,14,,,0,70,,39364,14,,,0,28,,39367,14,,,0,70,,39372,14,,,0,30,,39358,14,,,0,70,,39361,14,,,0,45,,39353,14,,,0,70,,39352,14,,,0
502029,'1864',549,,39373,14,,,0,55,,32844,14,,,0,15,,32845,14,,,0,17,,32846,14,,,0,7,,39374,14,,,0,8,,39375,14,,,0,56,,39376,14,,,0,13,,39377,14,,,0,13,,32851,14,,,0,12,,32852,14,,,0,7,,32853,14,,,0,6,,39378,14,,,0,52,,32855,14,,,0,6,,39379,14,,,0,6,,39380,14,,,0,12,,32858,14,,,0,12,,32859,14,,,0,12,,39381,14,,,0,51,,39382,14,,,0,13,,32862,14,,,0,14,,32863,14,,,0,15,,32864,14,,,0,55,,39383,14,,,0,15,,39384,14,,,0,15,,32867,14,,,0,16,,39385,14,,,0,55,,32869,14,,,0,15,,39386,14,,,0,16,,39387,14,,,0,15,,32872,14,,,0,55,,39388,14,,,0,15,,32874,14,,,0,15,,32875,14,,,0,15,,32876,14,,,0,55,,32877,14,,,0,15,,39389,14,,,0,15,,32879,14,,,0,15,,32880,14,,,0,55,,39390,14,,,0,15,,32882,14,,,0,16,,39391,14,,,0,15,,32884,14,,,0,55,,32885,14,,,0,15,,32886,14,,,0,15,,32887,14,,,0,12,,32888,14,,,0,52,,32889,14,,,0,12,,39392,14,,,0,12,,39393,14,,,0,12,,32892,14,,,0,12,,32893,14,,,0,52,,32894,14,,,0,12,,32895,14,,,0,11,,32896,14,,,0,11,,39394,14,,,0,12,,39395,14,,,0,52,,39396,14,,,0,11,,32900,14,,,0,12,,39397,14,,,0,12,,32902,14,,,0,15,,39398,14,,,0,55,,32913,14,,,0,14,,32904,14,,,0,29,,39399,14,,,0,70,,32906,14,,,0,30,,39400,14,,,0,70,,32908,14,,,0,30,,32909,14,,,0,70,,32910,14,,,0,30,,32911,14,,,0,70,,32912,14,,,0
502029,'1865',549,,39401,14,,,0,55,,39402,14,,,0,15,,39403,14,,,0,17,,39404,14,,,0,7,,39405,14,,,0,8,,39406,14,,,0,56,,39407,14,,,0,13,,39408,14,,,0,13,,39409,14,,,0,12,,39410,14,,,0,7,,39411,14,,,0,6,,39412,14,,,0,52,,39413,14,,,0,6,,39414,14,,,0,6,,39415,14,,,0,12,,39416,14,,,0,12,,39417,14,,,0,12,,39418,14,,,0,51,,39419,14,,,0,13,,39420,14,,,0,14,,39421,14,,,0,15,,39422,14,,,0,55,,39423,14,,,0,15,,39424,14,,,0,15,,39425,14,,,0,16,,39426,14,,,0,55,,39427,14,,,0,15,,39428,14,,,0,16,,39429,14,,,0,15,,39430,14,,,0,55,,39431,14,,,0,15,,39432,14,,,0,15,,39433,14,,,0,15,,39434,14,,,0,55,,39435,14,,,0,15,,39436,14,,,0,15,,39437,14,,,0,15,,39438,14,,,0,55,,39439,14,,,0,15,,39440,14,,,0,16,,39441,14,,,0,15,,39442,14,,,0,55,,39443,14,,,0,15,,39444,14,,,0,15,,39445,14,,,0,12,,39446,14,,,0,52,,39447,14,,,0,12,,39448,14,,,0,12,,39449,14,,,0,12,,39450,14,,,0,12,,39451,14,,,0,52,,39452,14,,,0,12,,39453,14,,,0,11,,39454,14,,,0,11,,39455,14,,,0,12,,39456,14,,,0,52,,39457,14,,,0,11,,39458,14,,,0,12,,39459,14,,,0,12,,39460,14,,,0,15,,39461,14,,,0,55,,39471,14,,,0,14,,39462,14,,,0,29,,39463,14,,,0,70,,39464,14,,,0,30,,39465,14,,,0,70,,39466,14,,,0,30,,39467,14,,,0,70,,39468,14,,,0,30,,39469,14,,,0,70,,39470,14,,,0
502029,'1866',622,,39479,14,,,0,15,,39525,14,,,0,15,,39486,14,,,0,70,,39478,14,,,0,30,,39487,14,,,0,66,,39477,14,,,0,30,,39488,14,,,0,72,,39476,14,,,0,30,,39489,14,,,0,55,,39490,14,,,0,15,,39516,14,,,0,15,,39499,14,,,0,15,,39508,14,,,0,55,,39491,14,,,0,15,,39517,14,,,0,16,,39500,14,,,0,15,,39509,14,,,0,55,,39492,14,,,0,15,,39518,14,,,0,15,,39501,14,,,0,15,,39510,14,,,0,55,,39493,14,,,0,15,,39519,14,,,0,15,,39502,14,,,0,15,,39511,14,,,0,55,,39494,14,,,0,16,,39520,14,,,0,15,,39503,14,,,0,15,,39512,14,,,0,55,,39495,14,,,0,15,,39521,14,,,0,15,,39504,14,,,0,15,,39513,14,,,0,55,,39496,14,,,0,14,,39522,14,,,0,14,,39505,14,,,0,15,,39514,14,,,0,55,,39497,14,,,0,15,,39523,14,,,0,15,,39506,14,,,0,15,,39481,14,,,0,55,,39498,14,,,0,15,,39515,14,,,0,15,,39507,14,,,0,15,,39482,14,,,0,55,,39524,14,,,0,45,,39483,14,,,0,70,,39475,14,,,0,30,,39484,14,,,0,70,,39474,14,,,0,30,,39480,14,,,0,68,,39473,14,,,0,30,,39485,14,,,0,70,,39472,14,,,0
502029,'1867',624,,39544,14,,,0,28,,39526,14,,,0,65,,39535,14,,,0,30,,39560,14,,,0,71,,39540,14,,,0,30,,39559,14,,,0,72,,39538,14,,,0,30,,39558,14,,,0,70,,39527,14,,,0,30,,39557,14,,,0,55,,39569,14,,,0,15,,39528,14,,,0,16,,39571,14,,,0,15,,39556,14,,,0,55,,39574,14,,,0,15,,39529,14,,,0,15,,39563,14,,,0,15,,39555,14,,,0,55,,39566,14,,,0,15,,39530,14,,,0,15,,39568,14,,,0,15,,39554,14,,,0,55,,39572,14,,,0,16,,39531,14,,,0,15,,39573,14,,,0,15,,39553,14,,,0,55,,39562,14,,,0,15,,39532,14,,,0,15,,39565,14,,,0,15,,39552,14,,,0,55,,39567,14,,,0,14,,39533,14,,,0,14,,39570,14,,,0,15,,39551,14,,,0,55,,39575,14,,,0,15,,39534,14,,,0,15,,39561,14,,,0,15,,39550,14,,,0,55,,39564,14,,,0,15,,39543,14,,,0,30,,39549,14,,,0,70,,39541,14,,,0,30,,39548,14,,,0,70,,39536,14,,,0,30,,39547,14,,,0,70,,39537,14,,,0,30,,39545,14,,,0,68,,39542,14,,,0,30,,39546,14,,,0,70,,39539,14,,,0
