15029,'1838',739,,36977,57,,,0,98,,45082,57,,,0,101,,36974,57,,,0,100,,36975,57,,,0,102,,45083,57,,,0,100,,36972,57,,,0,100,,36969,57,,,0,102,,45081,57,,,0,100,,36971,57,,,0,99,,36968,57,,,0,99,,45080,57,,,0,99,,36966,57,,,0,100,,36967,57,,,0,100,,45079,57,,,0
15029,'1865',616,,45084,17,,,0,20,,45085,17,,,0,71,,36995,57,,,0,30,,36996,57,,,0,74,,36997,57,,,0,31,,45086,57,,,0,73,,36999,57,,,0,30,,37000,57,,,0,65,,37001,57,,,0,30,,37002,57,,,0,70,,37003,57,,,0,30,,45087,57,,,0,70,,45088,57,,,0,30,,42575,57,,,0,70,,45089,57,,,0,30,,45090,57,,,0,70,,42576,57,,,0,31,,37010,57,,,0,73,,45091,57,,,0,35,,37012,57,,,0,72,,37013,57,,,0,29,,45092,57,,,0,67,,45093,57,,,0,23,,37016,57,,,0,69,,37017,57,,,0,29,,37018,57,,,0,67,,45094,57,,,0,30,,37020,57,,,0,70,,45095,57,,,0,30,,45096,57,,,0,70,,37023,57,,,0,99,,45098,57,,,0,97,,45097,57,,,0
15029,'1866',611,,45099,17,,,0,133,,37029,57,,,0,93,,37030,57,,,0,100,,45100,57,,,0,100,,37032,57,,,0,102,,37033,57,,,0,100,,45101,57,,,0,100,,37035,57,,,0,105,,37036,57,,,0,100,,45102,57,,,0,98,,37038,57,,,0,98,,37039,57,,,0,99,,45103,57,,,0,100,,37026,57,,,0,100,,37027,57,,,0
15029,'1867',739,,37054,57,,,0,98,,45107,57,,,0,101,,37051,57,,,0,100,,37052,57,,,0,102,,45108,57,,,0,100,,37049,57,,,0,100,,37046,57,,,0,102,,45106,57,,,0,100,,37048,57,,,0,99,,37045,57,,,0,99,,45105,57,,,0,99,,37043,57,,,0,100,,37044,57,,,0,100,,45104,57,,,0
15029,'1873',744,,30423,57,,,0,93,,30424,57,,,0,200,,30426,57,,,0,102,,30427,57,,,0,200,,30429,57,,,0,105,,30430,57,,,0,198,,30432,57,,,0,98,,30433,57,,,0,199,,30420,57,,,0,100,,30421,57,,,0
15029,'1878',739,,30448,57,,,0,199,,30445,57,,,0,100,,30446,57,,,0,202,,30443,57,,,0,100,,30440,57,,,0,202,,30442,57,,,0,99,,30439,57,,,0,198,,30437,57,,,0,100,,30438,57,,,0
15029,'1881',616,,30482,17,,,0,20,,36978,17,,,0,206,,36979,57,,,0,298,,36980,57,,,0,70,,36981,57,,,0,100,,36983,57,,,0,30,,36984,57,,,0,174,,36986,57,,,0,136,,36987,57,,,0,67,,36988,57,,,0,188,,30508,57,,,0,100,,36989,57,,,0,30,,42580,57,,,0,169,,36992,57,,,0,97,,36991,57,,,0
15029,'1882',707,,30484,57,,,0,30,,30485,57,,,0,74,,30486,57,,,0,104,,30488,57,,,0,30,,30489,57,,,0,65,,30490,57,,,0,30,,30491,57,,,0,70,,30492,57,,,0,130,,42578,57,,,0,170,,42579,57,,,0,31,,30499,57,,,0,108,,30501,57,,,0,72,,30502,57,,,0,119,,30505,57,,,0,69,,30506,57,,,0,29,,30507,57,,,0,97,,30509,57,,,0,170,,30512,57,,,0
15029,'1886',616,,45109,17,,,0,20,,45110,17,,,0,206,,45111,57,,,0,298,,45112,57,,,0,70,,45113,57,,,0,100,,45114,57,,,0,30,,45115,57,,,0,174,,45116,57,,,0,136,,45117,57,,,0,67,,45118,57,,,0,188,,45119,57,,,0,100,,45120,57,,,0,30,,45121,57,,,0,169,,45123,57,,,0,97,,45122,57,,,0
15029,'1887',611,,45124,17,,,0,326,,45125,57,,,0,302,,45126,57,,,0,305,,45127,57,,,0,295,,45128,57,,,0
15029,'1888',837,,45132,57,,,0,303,,45133,57,,,0,302,,45131,57,,,0,298,,45130,57,,,0,299,,45129,57,,,0
