15019,'1838',719,,45028,20,,,0,100,,36883,20,,,0,100,,36886,20,,,0,100,,45027,20,,,0,100,,36881,20,,,0,100,,36879,20,,,0,101,,45026,20,,,0,100,,36880,20,,,0,100,,36877,20,,,0,99,,45025,20,,,0,100,,36875,20,,,0,100,,36876,20,,,0,100,,45024,20,,,0,100,,36887,20,,,0
15019,'1865',644,,36905,20,,,0,70,,45029,20,,,0,33,,36907,20,,,0,70,,36908,20,,,0,27,,36909,20,,,0,70,,36910,20,,,0,30,,36911,20,,,0,70,,45030,20,,,0,30,,45031,20,,,0,70,,42569,20,,,0,30,,45032,20,,,0,70,,45033,20,,,0,30,,42570,20,,,0,70,,36918,20,,,0,30,,45034,20,,,0,70,,36920,20,,,0,32,,36921,20,,,0,70,,45035,20,,,0,30,,45036,20,,,0,70,,36924,20,,,0,29,,36925,20,,,0,70,,36926,20,,,0,29,,45037,20,,,0,70,,36928,20,,,0,30,,45038,20,,,0,70,,45039,20,,,0,30,,36931,20,,,0,100,,45040,20,,,0,99,,45041,20,,,0,100,,45042,20,0,5 2 6 7,0
15019,'1866',719,,36935,20,,,0,100,,45043,20,,,0,100,,36937,20,,,0,100,,36938,20,,,0,100,,45044,20,,,0,100,,36940,20,,,0,101,,36941,20,,,0,100,,45045,20,,,0,100,,36943,20,,,0,99,,36944,20,,,0,100,,45046,20,,,0,100,,36946,20,,,0,100,,36947,20,,,0,100,,45047,20,,,0
15019,'1867',719,,45053,20,,,0,100,,36959,20,,,0,100,,36962,20,,,0,100,,45052,20,,,0,100,,36957,20,,,0,100,,36955,20,,,0,101,,45051,20,,,0,100,,36956,20,,,0,100,,36953,20,,,0,99,,45050,20,,,0,100,,36951,20,,,0,100,,36952,20,,,0,100,,45049,20,,,0,100,,36963,20,,,0
15019,'1873',719,,30301,20,,,0,200,,30303,20,,,0,100,,30304,20,,,0,200,,30306,20,,,0,101,,30307,20,,,0,200,,30309,20,,,0,99,,30310,20,,,0,200,,30312,20,,,0,100,,30313,20,,,0
15019,'1878',819,,30325,20,,,0,100,,30328,20,,,0,200,,30323,20,,,0,100,,30321,20,,,0,201,,30322,20,,,0,100,,30319,20,,,0,199,,30317,20,,,0,100,,30318,20,,,0,200,,30329,20,,,0
15019,'1881',714,,36889,20,,,0,300,,36890,20,,,0,30,,36891,20,,,0,100,,36893,20,,,0,70,,36894,20,,,0,130,,36896,20,,,0,172,,36897,20,,,0,30,,36898,20,,,0,198,,30384,20,,,0,100,,36899,20,,,0,70,,42574,20,,,0,130,,36901,20,,,0,99,,36902,20,,,0,100,,36903,20,0,5 2 6 7,0
15019,'1882',644,,30362,20,,,0,103,,30364,20,,,0,70,,30365,20,,,0,27,,30366,20,,,0,70,,30367,20,,,0,30,,30368,20,,,0,170,,42572,20,,,0,130,,42573,20,,,0,70,,30375,20,,,0,100,,30377,20,,,0,32,,30378,20,,,0,170,,30381,20,,,0,29,,30382,20,,,0,70,,30383,20,,,0,99,,30385,20,,,0,130,,30388,20,,,0
15019,'1886',714,,45054,20,,,0,300,,45055,20,,,0,30,,45056,20,,,0,100,,45057,20,,,0,70,,45058,20,,,0,130,,45059,20,,,0,172,,45060,20,,,0,30,,45061,20,,,0,198,,45062,20,,,0,100,,45063,20,,,0,70,,45064,20,,,0,130,,45065,20,,,0,99,,45066,20,,,0,100,,45067,20,0,5 2 6 7,0
15019,'1887',819,,45068,20,,,0,300,,45069,20,,,0,301,,45070,20,,,0,299,,45071,20,,,0,300,,45072,20,,,0
15019,'1888',719,,45078,20,,,0,300,,45077,20,,,0,301,,45076,20,,,0,299,,45075,20,,,0,300,,45074,20,,,0
