14019,'1799',649,,20978,15,,,0
14019,'1800',649,,20993,15,,,0,100,,25777,15,,,0,101,,25766,15,,,0,100,,25767,15,,,0,100,,25768,15,,,0,100,,25769,15,,,0,100,,25770,15,,,0,101,,25771,15,,,0,100,,25772,15,,,0,100,,25773,15,,,0,99,,25774,15,,,0,100,,25775,15,,,0,100,,25776,15,,,0,99,,25765,15,,,0,95,,25764,15,,,0
14019,'1829',524,,20931,15,,,0,100,,20930,15,,,0,80,,20901,15,,,0,30,,20914,15,,,0,68,,20902,15,,,0,53,,20903,15,,,0,70,,20916,15,,,0,30,,20904,15,,,0,70,,20917,15,,,0,130,,20906,15,,,0,100,,20907,15,,,0,170,,20921,15,,,0,101,,20922,15,,,0,299,,20925,15,,,0
14019,'1831',2244,,20949,15,,,0
14019,'1832',749,,20964,15,,,0,101,,20952,15,,,0,100,,20953,15,,,0,100,,20954,15,,,0,100,,20955,15,,,0,100,,20956,15,,,0,101,,20957,15,,,0,100,,20958,15,,,0,100,,20959,15,,,0,99,,20960,15,,,0,100,,20961,15,,,0,100,,20962,15,,,0,99,,20951,15,,,0,95,,20950,15,,,0
14019,'1833',649,,20963,15,,,0
14019,'1834',749,,20979,15,,,0,101,,20967,15,,,0,100,,20968,15,,,0,100,,20969,15,,,0,100,,20970,15,,,0,100,,20971,15,,,0,101,,20972,15,,,0,100,,20973,15,,,0,100,,20974,15,,,0,99,,20975,15,,,0,100,,20976,15,,,0,100,,20977,15,,,0,99,,20966,15,,,0,95,,20965,15,,,0
14019,'1835',825,,25785,15,,,0,230,,25778,15,,,0,70,,25786,15,,,0,100,,25787,15,,,0,100,,25788,15,,,0,30,,25779,15,,,0,100,,25780,15,,,0,151,,25781,15,,,0,30,,25789,15,,,0,70,,25782,15,,,0,30,,25790,15,,,0,70,,25783,15,,,0,49,,25784,15,,,0,70,,25791,15,,,0,30,,25795,15,,,0,69,,25792,15,,,0,92,,25793,15,,,0,100,,25794,15,,,0
14019,'1836',649,,25796,15,,,0,100,,25797,15,,,0,101,,25798,15,,,0,100,,25799,15,,,0,100,,25800,15,,,0,100,,25801,15,,,0,100,,25802,15,,,0,101,,25803,15,,,0,100,,25804,15,,,0,100,,25805,15,,,0,99,,25806,15,,,0,100,,25807,15,,,0,100,,25808,15,,,0,99,,25809,15,,,0,100,,25810,15,,,0,95,,25811,15,,,0
14019,'1837',749,,25825,15,,,0,101,,25814,15,,,0,100,,25815,15,,,0,100,,25816,15,,,0,100,,25817,15,,,0,100,,25818,15,,,0,101,,25819,15,,,0,100,,25820,15,,,0,100,,25821,15,,,0,99,,25822,15,,,0,100,,25823,15,,,0,100,,25824,15,,,0,99,,25813,15,,,0,95,,25812,15,,,0
14019,'1838',749,,25839,15,,,0,101,,25828,15,,,0,100,,25829,15,,,0,100,,25830,15,,,0,100,,25831,15,,,0,100,,25832,15,,,0,101,,25833,15,,,0,100,,25834,15,,,0,100,,25835,15,,,0,99,,25836,15,,,0,100,,25837,15,,,0,100,,25838,15,,,0,99,,25827,15,,,0,95,,25826,15,,,0
