1019,'1790',623,,5644,31,,,0,100,,5645,31,,,0,101,,5646,31,,,0,100,,5647,31,,,0,100,,5648,31,,,0,101,,5649,31,,,0,100,,5650,31,,,0,100,,5651,31,,,0,100,,5652,31,,,0,100,,5653,31,,,0,100,,5654,31,,,0,100,,5655,31,,,0,100,,5656,31,,,0,99,,5657,31,,,0,100,,5658,31,,,0,100,,5659,31,,,0,104,,5660,31,,,0,95,,5661,31,,,0
1019,'1791',629,,9355,31,,,0,30,,9331,31,,,0,172,,9328,31,,,0,70,,9334,31,,,0,130,,9324,31,,,0,101,,9329,31,,,0,170,,9332,31,,,0,30,,9325,31,,,0,70,,9356,31,,,0,231,,9338,31,,,0,69,,9305,31,,,0,29,,9339,31,,,0,70,,9341,31,,,0,99,,9337,31,,,0,25,,9357,31,,,0,30,,9351,31,,,0,100,,9350,31,,,0,103,,9348,31,,,0,70,,9347,31,,,0,30,,9345,31,,,0
1019,'1794',623,,9306,31,,,0,100,,9307,31,,,0,101,,9308,31,,,0,100,,9309,31,,,0,100,,9310,31,,,0,101,,9311,31,,,0,100,,9312,31,,,0,100,,9313,31,,,0,100,,9314,31,,,0,100,,9315,31,,,0,100,,9316,31,,,0,100,,9317,31,,,0,100,,9318,31,,,0,99,,9319,31,,,0,100,,9320,31,,,0,100,,9321,31,,,0,104,,9322,31,,,0,95,,9323,31,,,0
1019,'1808',553,,5619,31,,,0,70,,5633,31,,,0,30,,5618,31,,,0,70,,5638,31,,,0,31,,5628,31,,,0,70,,5612,31,,,0,30,,5634,31,,,0,70,,5636,31,,,0,30,,5617,31,,,0,70,,5639,31,,,0,31,,5627,31,,,0,70,,5611,31,,,0,30,,5622,31,,,0,70,,5632,31,,,0,30,,5616,31,,,0,70,,5640,31,,,0,30,,5626,31,,,0,70,,5610,31,,,0,30,,5621,31,,,0,70,,5631,31,,,0,30,,5615,31,,,0,70,,5641,31,,,0,30,,5625,31,,,0,70,,5609,31,,,0,30,,5620,31,,,0,70,,5630,31,,,0,30,,5613,31,,,0,69,,5642,31,,,0,30,,5623,31,,,0,70,,5608,31,,,0,30,,5614,31,,,0,70,,5629,31,,,0,34,,5624,31,,,0,70,,5643,31,,,0,30,,5637,31,,,0,65,,5635,31,,,0
1019,'1815',554,,13768,31,,,0,175,,13765,31,,,0,71,,13774,31,,,0,131,,13780,31,,,0,70,,13767,31,,,0,101,,13773,31,,,0,100,,13769,31,,,0,30,,13779,31,,,0,202,,13766,31,,,0,70,,13770,31,,,0,30,,13778,31,,,0,69,,13775,31,,,0,228,,13771,31,,,0,194,,13777,31,,,0,99,,13776,31,,,0,199,,13772,31,,,0
22029,'1790',2315,,7411,10,0,19 2 20 21,0,30,,7410,10,0,19 2 20 21,0
22029,'1791',646,,11427,10,0,19 2 20 21,0,72,,11428,10,0,19 2 20 21,0,30,,11429,10,0,19 2 20 21,0,73,,11430,10,0,19 2 20 21,0,30,,11431,10,0,19 2 20 21,0,70,,11432,10,,,0,128,,11434,10,,,0,70,,11439,10,,,0,130,,11436,10,,,0,101,,11440,10,,,0,170,,11443,10,,,0,31,,11444,10,,,0,70,,11445,10,,,0,226,,11450,10,,,0,70,,11382,10,,,0,125,,11453,10,,,0,69,,11454,10,,,0,198,,11456,10,0,19 2 20 21,0,35,,11457,10,0,19 2 20 21,0
22029,'1794',1811,,11397,10,0,19 2 20 21,0,199,,11395,10,0,19 2 20 21,0,305,,11398,10,0,19 2 20 21,0,30,,11399,10,0,19 2 20 21,0
22029,'1808',613,,11466,10,0,19 2 20 21,0,30,,11373,10,0,19 2 20 21,0,67,,11377,10,0,19 2 20 21,0,30,,11464,10,0,19 2 20 21,0,71,,11378,10,0,19 2 20 21,0,30,,11361,10,,,0,70,,11458,10,,,0,30,,11362,10,,,0,70,,11363,10,,,0,30,,11459,10,,,0,70,,11364,10,,,0,30,,11365,10,,,0,70,,11460,10,,,0,31,,11366,10,,,0,70,,11367,10,,,0,31,,11461,10,,,0,69,,11368,10,,,0,31,,11369,10,,,0,70,,11462,10,,,0,30,,11370,10,,,0,70,,11371,10,,,0,29,,11463,10,,,0,69,,11372,10,,,0,31,,11374,10,0,19 2 20 21,0,69,,11467,10,0,19 2 20 21,0,30,,11375,10,0,19 2 20 21,0,70,,11379,10,0,19 2 20 21,0,29,,11465,10,0,19 2 20 21,0,70,,11380,10,0,19 2 20 21,0,30,,11376,10,0,19 2 20 21,0,67,,11468,10,0,19 2 20 21,0,33,,11381,10,0,19 2 20 21,0,175,,7394,10,0,19 2 20 21,0,30,,7393,10,0,19 2 20 21,0
22029,'1809',714,,14969,10,0,19 2 20 21,0,97,,14958,10,,,0,100,,14959,10,,,0,100,,14960,10,,,0,100,,14961,10,,,0,100,,14962,10,,,0,101,,14963,10,,,0,100,,14964,10,,,0,100,,14965,10,,,0,100,,14966,10,,,0,99,,14967,10,,,0,100,,11483,10,0,19 2 20 21,0,100,,14968,10,0,19 2 20 21,0,99,,11481,10,0,19 2 20 21,0,100,,14970,10,0,19 2 20 21,0
22029,'1814',714,,11394,10,0,19 2 20 21,0,97,,11383,10,,,0,100,,11384,10,,,0,100,,11385,10,,,0,100,,11386,10,,,0,100,,11387,10,,,0,101,,11388,10,,,0,100,,11389,10,,,0,100,,11390,10,,,0,100,,11391,10,,,0,99,,11392,10,,,0,200,,11393,10,0,19 2 20 21,0,199,,11396,10,0,19 2 20 21,0
22029,'1815',949,,14972,10,,,0,70,,14975,10,,,0,130,,14973,10,,,0,70,,14971,10,,,0,100,,14974,10,,,0,101,,14976,10,,,0,30,,14977,10,,,0,201,,14978,10,,,0,69,,14979,10,,,0,30,,14980,10,,,0,70,,14981,10,,,0,127,,14982,10,,,0,65,,14983,10,,,0,127,,14984,10,0,19 2 20 21,0
22029,'1817',714,,14996,10,0,19 2 20 21,0,97,,14985,10,,,0,100,,14986,10,,,0,100,,14987,10,,,0,100,,14988,10,,,0,100,,14989,10,,,0,101,,14990,10,,,0,100,,14991,10,,,0,100,,14992,10,,,0,100,,14993,10,,,0,99,,14994,10,,,0,200,,14995,10,0,19 2 20 21,0,199,,14997,10,0,19 2 20 21,0
