14019,'1838',639,,36775,4,,,0,100,,44957,4,,,0,100,,44947,4,,,0,100,,44948,4,,,0,100,,44949,4,,,0,100,,44950,4,,,0,100,,44951,4,,,0,100,,44952,4,,,0,100,,44953,4,,,0,100,,44954,4,,,0,100,,44955,4,,,0,100,,36773,4,,,0,100,,44956,4,,,0,100,,42531,4,,,0,95,,36762,4,,,0
14019,'1865',514,,36840,4,,,0,100,,36839,4,,,0,40,,36810,4,,,0,70,,36823,4,,,0,28,,36811,4,,,0,62,,36824,4,,,0,30,,36812,4,,,0,70,,36825,4,,,0,30,,44958,4,,,0,70,,42540,4,,,0,30,,42539,4,,,0,70,,42541,4,,,0,30,,36815,4,,,0,70,,36828,4,,,0,30,,36816,4,,,0,70,,44964,4,,,0,30,,44959,4,,,0,70,,42542,4,,,0,30,,44960,4,,,0,70,,42543,4,,,0,40,,44961,4,,,0,70,,36832,4,,,0,30,,44962,4,,,0,70,,44965,4,,,0,30,,36821,4,,,0,60,,42544,4,,,0,30,,44963,4,,,0,70,,44966,4,,,0,30,,44968,4,,,0,70,,44967,4,,,0,92,,36837,4,,,0,100,,36838,4,,,0
14019,'1866',639,,44969,4,,,0,100,,44970,4,,,0,100,,36844,4,,,0,100,,44971,4,,,0,100,,44972,4,,,0,100,,44973,4,,,0,100,,36848,4,,,0,100,,44974,4,,,0,100,,36850,4,,,0,100,,36851,4,,,0,100,,44975,4,,,0,100,,44976,4,,,0,100,,44977,4,,,0,100,,44978,4,,,0,100,,44979,4,,,0,95,,36857,4,,,0,100,,42545,4,,,0
14019,'1867',639,,36872,4,,,0,100,,44990,4,,,0,100,,44980,4,,,0,100,,44981,4,,,0,100,,44982,4,,,0,100,,44983,4,,,0,100,,44984,4,,,0,100,,44985,4,,,0,100,,44986,4,,,0,100,,44987,4,,,0,100,,44988,4,,,0,100,,36870,4,,,0,100,,44989,4,,,0,100,,42546,4,,,0,95,,36859,4,,,0
14019,'1873',839,,30179,4,,,0,400,,30183,4,,,0,200,,30185,4,,,0,100,,30186,4,,,0,595,,30192,4,,,0,100,,42560,4,,,0
14019,'1878',639,,30207,4,,,0,1100,,30205,4,,,0,200,,42561,4,,,0,95,,30194,4,,,0
14019,'1881',944,,30244,4,,,0,370,,36803,4,,,0,30,,36796,4,,,0,100,,36797,4,,,0,110,,36798,4,,,0,100,,36799,4,,,0,70,,36806,4,,,0,120,,36800,4,,,0,70,,30266,4,,,0,30,,36809,4,,,0,70,,36808,4,,,0
14019,'1882',514,,30271,4,,,0,100,,30270,4,,,0,40,,30241,4,,,0,70,,30254,4,,,0,28,,30242,4,,,0,62,,30255,4,,,0,30,,30243,4,,,0,70,,30256,4,,,0,100,,42555,4,,,0,30,,42554,4,,,0,70,,42556,4,,,0,30,,30246,4,,,0,70,,30259,4,,,0,30,,30247,4,,,0,170,,42557,4,,,0,100,,42558,4,,,0,110,,30263,4,,,0,130,,30252,4,,,0,60,,42559,4,,,0,292,,30268,4,,,0,100,,30269,4,,,0
14019,'1886',944,,44991,4,,,0,370,,44997,4,,,0,30,,44992,4,,,0,100,,44993,4,,,0,110,,44994,4,,,0,100,,44995,4,,,0,70,,44998,4,,,0,120,,44996,4,,,0,70,,44999,4,,,0,30,,45001,4,,,0,70,,45000,4,,,0
14019,'1887',639,,45002,4,,,0,100,,45003,4,,,0,200,,45004,4,,,0,100,,45005,4,,,0,100,,45006,4,,,0,200,,45007,4,,,0,300,,45008,4,,,0,100,,45009,4,,,0,100,,45010,4,,,0,100,,45011,4,,,0,100,,45012,4,,,0
14019,'1888',739,,45023,4,,,0,100,,45013,4,,,0,100,,45014,4,,,0,100,,45015,4,,,0,100,,45016,4,,,0,100,,45017,4,,,0,100,,45018,4,,,0,100,,45019,4,,,0,100,,45020,4,,,0,100,,45021,4,,,0,200,,45022,4,,,0
14000001019,'1838',2353,,48465,2,,,0,70,,48464,2,,,0,30,,41972,2,,,0,70,,48466,2,,,0,30,,48463,2,,,0
14000001019,'1865',2353,,48470,2,,,0,70,,48468,2,,,0,30,,41985,2,,,0,70,,48469,2,,,0,30,,48467,2,,,0
14000001019,'1866',2353,,48474,2,,,0,70,,48471,2,,,0,30,,41991,2,,,0,70,,48473,2,,,0,30,,48472,2,,,0
14000001019,'1867',2353,,48477,2,,,0,70,,48476,2,,,0,30,,41993,2,,,0,70,,48478,2,,,0,30,,48475,2,,,0
14000001019,'1873',2453,,24899,2,,,0
14000001019,'1878',2453,,24901,2,,,0
14000001019,'1881',2353,,41982,2,,,0,70,,43958,2,,,0,100,,41981,2,,,0,30,,43957,2,,,0
14000001019,'1882',2453,,24893,2,,,0
14000001019,'1886',2353,,48482,2,,,0,70,,48480,2,,,0,100,,48481,2,,,0,30,,48479,2,,,0
14000001019,'1887',2353,,48486,2,,,0,70,,48483,2,,,0,100,,48485,2,,,0,30,,48484,2,,,0
14000001019,'1888',2353,,48489,2,,,0,70,,48488,2,,,0,100,,48490,2,,,0,30,,48487,2,,,0
