7019,'1838',553,,35966,6,,,0,70,,35969,6,,,0,30,,35970,6,,,0,68,,35971,6,,,0,30,,35957,25,,,0,71,,42368,10,,,0,30,,35958,25,,,0,73,,42360,10,,,0,27,,35967,25,,,0,74,,42367,10,,,0,28,,35959,25,,,0,72,,42359,10,,,0,28,,35960,25,,,0,72,,42366,10,,,0,28,,35961,25,,,0,73,,42358,10,,,0,27,,35962,25,,,0,73,,42365,10,,,0,28,,35963,25,,,0,73,,42357,10,,,0,27,,35964,25,,,0,73,,42364,10,,,0,26,,35965,25,,,0,73,,42356,10,,,0,27,,35953,25,,,0,72,,42363,10,,,0,27,,35954,25,,,0,71,,42361,10,,,0,27,,35952,25,,,0,71,,42362,10,,,0,28,,35956,25,,,0,72,,42369,10,,,0,28,,35955,25,,,0,70,,42355,6,,,0,30,,42354,6,,,0
7019,'1857',515,,36013,6,,,0,36,,36014,25,,,0,72,,29509,6,,,0,31,,36015,25,,,0,71,,29478,25,,,0,32,,29486,25,,,0,72,,29479,25,,,0,29,,29487,25,,,0,68,,36016,25,,,0,201,,29482,25,,,0,30,,29490,25,,,0,70,,29483,25,,,0,30,,36022,25,,,0,70,,36018,25,,,0,102,,36019,25,,,0,73,,36030,25,,,0,47,,36035,6,,,0,52,,29507,25,,,0,30,,36032,25,,,0,70,,36024,25,,,0,28,,36026,25,,,0,97,,36028,25,,,0,28,,29498,25,,,0,70,,29499,25,,,0,28,,36029,25,,,0,70,,29501,25,,,0,30,,29502,25,,,0,68,,36034,6,,,0,31,,29503,25,,,0,99,,29504,25,,,0
7019,'1865',515,,36036,6,,,0,36,,36037,25,,,0,72,,36070,6,,,0,31,,36038,25,,,0,71,,36039,25,,,0,32,,36047,25,,,0,72,,36040,25,,,0,29,,36048,25,,,0,68,,36041,25,,,0,30,,42371,25,,,0,71,,42370,25,,,0,30,,42372,25,,,0,70,,36043,25,,,0,30,,36051,25,,,0,70,,36044,25,,,0,30,,36052,25,,,0,70,,36045,25,,,0,30,,42373,25,,,0,72,,36046,25,,,0,73,,36066,25,,,0,33,,42376,25,,,0,14,,36073,6,,,0,52,,36068,25,,,0,30,,36069,25,,,0,70,,36054,25,,,0,28,,36056,25,,,0,27,,42374,25,,,0,70,,36058,25,,,0,28,,36059,25,,,0,70,,36060,25,,,0,28,,36061,25,,,0,70,,36062,25,,,0,30,,36063,25,,,0,68,,36072,6,,,0,31,,36064,25,,,0,71,,42377,10,,,0,28,,36065,25,,,0,100,,42375,25,,,0
7019,'1866',623,,36105,6,,,0,28,,36086,25,,,0,70,,36079,25,,,0,30,,36087,25,,,0,70,,36080,25,,,0,31,,36088,25,,,0,70,,36081,25,,,0,30,,36089,25,,,0,72,,36082,25,,,0,30,,36090,25,,,0,70,,36083,25,,,0,30,,36091,25,,,0,70,,36084,25,,,0,30,,36092,25,,,0,70,,36085,25,,,0,30,,36093,25,,,0,70,,36098,25,,,0,31,,36094,25,,,0,70,,36100,25,,,0,30,,36095,25,,,0,70,,36099,25,,,0,29,,36096,25,,,0,70,,36101,25,,,0,30,,36097,25,,,0,70,,36104,25,,,0,29,,36074,25,,,0,68,,36102,25,,,0,30,,36075,25,,,0,69,,36103,25,,,0,30,,36076,25,,,0,70,,36107,6,,,0,30,,36077,25,,,0,72,,42378,10,,,0,28,,36078,25,,,0
7019,'1867',553,,36122,6,,,0,70,,36125,6,,,0,30,,36126,6,,,0,68,,36127,6,,,0,30,,36113,25,,,0,71,,42393,10,,,0,30,,36114,25,,,0,73,,42385,10,,,0,27,,36123,25,,,0,74,,42392,10,,,0,28,,36115,25,,,0,72,,42384,10,,,0,28,,36116,25,,,0,72,,42391,10,,,0,28,,36117,25,,,0,73,,42383,10,,,0,27,,36118,25,,,0,73,,42390,10,,,0,28,,36119,25,,,0,73,,42382,10,,,0,27,,36120,25,,,0,73,,42389,10,,,0,26,,36121,25,,,0,73,,42381,10,,,0,27,,36109,25,,,0,72,,42388,10,,,0,27,,36110,25,,,0,71,,42386,10,,,0,27,,36108,25,,,0,71,,42387,10,,,0,28,,36112,25,,,0,72,,42394,10,,,0,28,,36111,25,,,0,70,,42380,6,,,0,30,,42379,6,,,0
7019,'1871',956,,36020,25,,,0,71,,36017,25,,,0,30,,36021,25,,,0,300,,36023,25,,,0,178,,36031,25,,,0,221,,36025,25,,,0,466,,36033,10,,,0,128,,36027,25,,,0
7019,'1873',623,,35995,6,,,0,28,,29380,25,,,0,70,,29373,25,,,0,30,,29381,25,,,0,70,,29374,25,,,0,31,,29382,25,,,0,70,,35987,25,,,0,30,,29383,25,,,0,72,,35988,25,,,0,30,,29384,25,,,0,70,,35989,25,,,0,30,,29385,25,,,0,70,,29378,25,,,0,30,,29386,25,,,0,70,,35990,25,,,0,30,,29387,25,,,0,70,,29392,25,,,0,31,,29388,25,,,0,70,,29394,25,,,0,30,,29389,25,,,0,70,,35991,25,,,0,29,,29390,25,,,0,70,,35992,25,,,0,30,,29391,25,,,0,70,,35994,25,,,0,29,,29368,25,,,0,68,,35993,25,,,0,30,,29369,25,,,0,69,,29397,25,,,0,30,,29370,25,,,0,70,,29401,6,,,0,30,,29371,25,,,0,100,,29372,25,,,0
7019,'1874',822,,36011,10,,,0,103,,36003,10,,,0,101,,36010,10,,,0,100,,36002,10,,,0,100,,36009,10,,,0,101,,36001,10,,,0,100,,36008,10,,,0,101,,36000,10,,,0,100,,36007,10,,,0,99,,35999,10,,,0,99,,36006,10,,,0,98,,36004,10,,,0,98,,36005,10,,,0,100,,36012,10,,,0,98,,35998,6,,,0,30,,35997,6,,,0
7019,'1875',553,,29416,6,,,0,70,,29419,6,,,0,30,,29420,6,,,0,68,,29421,6,,,0,30,,29407,25,,,0,101,,29408,25,,,0,100,,29417,25,,,0,102,,29409,25,,,0,100,,29410,25,,,0,100,,29411,25,,,0,100,,29412,25,,,0,101,,29413,25,,,0,100,,29414,25,,,0,99,,29415,25,,,0,100,,29403,25,,,0,99,,29404,25,,,0,98,,29402,25,,,0,99,,29406,25,,,0,100,,29405,25,,,0
7019,'1876',956,,42396,25,,,0,71,,42395,25,,,0,30,,42397,25,,,0,300,,42398,25,,,0,178,,42401,25,,,0,221,,42399,25,,,0,466,,42402,10,,,0,128,,42400,25,,,0
7019,'1877',2222,,42403,10,,,0
7019,'1878',822,,42418,10,,,0,103,,42410,10,,,0,101,,42417,10,,,0,100,,42409,10,,,0,100,,42416,10,,,0,101,,42408,10,,,0,100,,42415,10,,,0,101,,42407,10,,,0,100,,42414,10,,,0,99,,42406,10,,,0,99,,42413,10,,,0,98,,42411,10,,,0,98,,42412,10,,,0,100,,42419,10,,,0,98,,42405,6,,,0,30,,42404,6,,,0
