15029,'1838',730,,36977,41,,,0,98,,45082,41,,,0,100,,36974,41,,,0,100,,36975,41,,,0,101,,45083,41,,,0,100,,36972,41,,,0,100,,36969,41,,,0,102,,45081,41,,,0,100,,36971,41,,,0,100,,36968,41,,,0,99,,45080,41,,,0,99,,36966,41,,,0,100,,36967,41,,,0,100,,45079,41,,,0
15029,'1865',605,,45084,1,,,0,20,,45085,1,,,0,31,,36995,41,,,0,69,,36996,41,,,0,34,,36997,41,,,0,71,,45086,41,,,0,73,,36999,41,,,0,30,,37000,41,,,0,25,,37001,41,,,0,70,,37002,41,,,0,30,,37003,41,,,0,70,,45087,41,,,0,30,,45088,41,,,0,70,,42575,41,,,0,30,,45089,41,,,0,70,,45090,41,,,0,30,,42576,41,,,0,70,,37010,41,,,0,73,,45091,41,,,0,35,,37012,41,,,0,72,,37013,41,,,0,30,,45092,41,,,0,68,,45093,41,,,0,23,,37016,41,,,0,29,,37017,41,,,0,69,,37018,41,,,0,27,,45094,41,,,0,70,,37020,41,,,0,30,,45095,41,,,0,70,,45096,41,,,0,30,,37023,41,,,0,100,,45098,41,,,0,97,,45097,41,,,0
15029,'1866',602,,45099,1,,,0,133,,37029,41,,,0,93,,37030,41,,,0,100,,45100,41,,,0,100,,37032,41,,,0,101,,37033,41,,,0,100,,45101,41,,,0,100,,37035,41,,,0,104,,37036,41,,,0,100,,45102,41,,,0,99,,37038,41,,,0,98,,37039,41,,,0,99,,45103,41,,,0,100,,37026,41,,,0,100,,37027,41,,,0
15029,'1867',730,,37054,41,,,0,98,,45107,41,,,0,100,,37051,41,,,0,100,,37052,41,,,0,101,,45108,41,,,0,100,,37049,41,,,0,100,,37046,41,,,0,102,,45106,41,,,0,100,,37048,41,,,0,100,,37045,41,,,0,99,,45105,41,,,0,99,,37043,41,,,0,100,,37044,41,,,0,100,,45104,41,,,0
15029,'1873',735,,30423,41,,,0,93,,30424,41,,,0,200,,30426,41,,,0,101,,30427,41,,,0,200,,30429,41,,,0,104,,30430,41,,,0,199,,30432,41,,,0,98,,30433,41,,,0,199,,30420,41,,,0,100,,30421,41,,,0
15029,'1878',730,,30448,41,,,0,198,,30445,41,,,0,100,,30446,41,,,0,201,,30443,41,,,0,100,,30440,41,,,0,202,,30442,41,,,0,100,,30439,41,,,0,198,,30437,41,,,0,100,,30438,41,,,0
15029,'1881',605,,30482,1,,,0,20,,36978,1,,,0,205,,36979,41,,,0,298,,36980,41,,,0,30,,36981,41,,,0,100,,36983,41,,,0,70,,36984,41,,,0,173,,36986,41,,,0,137,,36987,41,,,0,68,,36988,41,,,0,148,,30508,41,,,0,100,,36989,41,,,0,70,,42580,41,,,0,130,,36992,41,,,0,97,,36991,41,,,0
15029,'1882',656,,30484,41,,,0,69,,30485,41,,,0,34,,30486,41,,,0,144,,30488,41,,,0,30,,30489,41,,,0,25,,30490,41,,,0,70,,30491,41,,,0,30,,30492,41,,,0,170,,42578,41,,,0,130,,42579,41,,,0,70,,30499,41,,,0,108,,30501,41,,,0,72,,30502,41,,,0,121,,30505,41,,,0,29,,30506,41,,,0,69,,30507,41,,,0,97,,30509,41,,,0,130,,30512,41,,,0
15029,'1886',605,,45109,1,,,0,20,,45110,1,,,0,205,,45111,41,,,0,298,,45112,41,,,0,30,,45113,41,,,0,100,,45114,41,,,0,70,,45115,41,,,0,173,,45116,41,,,0,137,,45117,41,,,0,68,,45118,41,,,0,148,,45119,41,,,0,100,,45120,41,,,0,70,,45121,41,,,0,130,,45123,41,,,0,97,,45122,41,,,0
15029,'1887',602,,45124,1,,,0,326,,45125,41,,,0,301,,45126,41,,,0,304,,45127,41,,,0,296,,45128,41,,,0
15029,'1888',828,,45132,41,,,0,301,,45133,41,,,0,302,,45131,41,,,0,299,,45130,41,,,0,299,,45129,41,,,0
