15029,'1838',737,,36977,53,,,0,98,,45082,53,,,0,101,,36974,53,,,0,100,,36975,53,,,0,101,,45083,53,,,0,100,,36972,53,,,0,100,,36969,53,,,0,102,,45081,53,,,0,100,,36971,53,,,0,100,,36968,53,,,0,99,,45080,53,,,0,99,,36966,53,,,0,99,,36967,53,,,0,100,,45079,53,,,0
15029,'1865',613,,45084,13,,,0,20,,45085,13,,,0,71,,36995,53,,,0,30,,36996,53,,,0,74,,36997,53,,,0,31,,45086,53,,,0,73,,36999,53,,,0,30,,37000,53,,,0,65,,37001,53,,,0,30,,37002,53,,,0,70,,37003,53,,,0,30,,45087,53,,,0,70,,45088,53,,,0,30,,42575,53,,,0,70,,45089,53,,,0,30,,45090,53,,,0,70,,42576,53,,,0,31,,37010,53,,,0,73,,45091,53,,,0,35,,37012,53,,,0,72,,37013,53,,,0,29,,45092,53,,,0,67,,45093,53,,,0,23,,37016,53,,,0,69,,37017,53,,,0,29,,37018,53,,,0,67,,45094,53,,,0,30,,37020,53,,,0,70,,45095,53,,,0,30,,45096,53,,,0,70,,37023,53,,,0,99,,45098,53,,,0,57,,45097,53,,,0
15029,'1866',609,,45099,13,,,0,133,,37029,53,,,0,93,,37030,53,,,0,100,,45100,53,,,0,100,,37032,53,,,0,102,,37033,53,,,0,100,,45101,53,,,0,100,,37035,53,,,0,104,,37036,53,,,0,100,,45102,53,,,0,99,,37038,53,,,0,98,,37039,53,,,0,99,,45103,53,,,0,99,,37026,53,,,0,100,,37027,53,,,0
15029,'1867',737,,37054,53,,,0,98,,45107,53,,,0,101,,37051,53,,,0,100,,37052,53,,,0,101,,45108,53,,,0,100,,37049,53,,,0,100,,37046,53,,,0,102,,45106,53,,,0,100,,37048,53,,,0,100,,37045,53,,,0,99,,45105,53,,,0,99,,37043,53,,,0,99,,37044,53,,,0,100,,45104,53,,,0
15029,'1873',742,,30423,53,,,0,93,,30424,53,,,0,200,,30426,53,,,0,102,,30427,53,,,0,200,,30429,53,,,0,104,,30430,53,,,0,199,,30432,53,,,0,98,,30433,53,,,0,198,,30420,53,,,0,100,,30421,53,,,0
15029,'1878',737,,30448,53,,,0,199,,30445,53,,,0,100,,30446,53,,,0,201,,30443,53,,,0,100,,30440,53,,,0,202,,30442,53,,,0,100,,30439,53,,,0,198,,30437,53,,,0,99,,30438,53,,,0
15029,'1881',613,,30482,13,,,0,20,,36978,13,,,0,206,,36979,53,,,0,298,,36980,53,,,0,70,,36981,53,,,0,100,,36983,53,,,0,30,,36984,53,,,0,174,,36986,53,,,0,136,,36987,53,,,0,67,,36988,53,,,0,188,,30508,53,,,0,100,,36989,53,,,0,30,,42580,53,,,0,169,,36992,53,,,0,57,,36991,53,,,0
15029,'1882',704,,30484,53,,,0,30,,30485,53,,,0,74,,30486,53,,,0,104,,30488,53,,,0,30,,30489,53,,,0,65,,30490,53,,,0,30,,30491,53,,,0,70,,30492,53,,,0,130,,42578,53,,,0,170,,42579,53,,,0,31,,30499,53,,,0,108,,30501,53,,,0,72,,30502,53,,,0,119,,30505,53,,,0,69,,30506,53,,,0,29,,30507,53,,,0,97,,30509,53,,,0,170,,30512,53,,,0
15029,'1886',613,,45109,13,,,0,20,,45110,13,,,0,206,,45111,53,,,0,298,,45112,53,,,0,70,,45113,53,,,0,100,,45114,53,,,0,30,,45115,53,,,0,174,,45116,53,,,0,136,,45117,53,,,0,67,,45118,53,,,0,188,,45119,53,,,0,100,,45120,53,,,0,30,,45121,53,,,0,169,,45123,53,,,0,57,,45122,53,,,0
15029,'1887',609,,45124,13,,,0,326,,45125,53,,,0,302,,45126,53,,,0,304,,45127,53,,,0,296,,45128,53,,,0
15029,'1888',835,,45132,53,,,0,302,,45133,53,,,0,302,,45131,53,,,0,299,,45130,53,,,0,298,,45129,53,,,0
