2019,'1838',723,,35124,44,,,0,30,,35101,44,,,0,70,,35105,44,,,0,30,,35117,44,,,0,70,,35112,44,,,0,30,,35102,44,,,0,70,,35106,44,,,0,30,,35118,44,,,0,70,,35113,44,,,0,30,,35103,44,,,0,70,,35107,44,,,0,30,,35119,44,,,0,70,,35114,44,,,0,30,,35104,44,,,0,70,,35108,44,,,0,30,,35120,44,,,0,70,,35115,44,,,0,30,,35099,44,,,0,70,,35109,44,,,0,30,,35121,44,,,0,70,,35116,44,,,0,30,,35097,44,,,0,70,,35110,44,,,0,30,,35122,44,,,0,100,,35098,44,,,0,101,,35123,44,,,0,100,,35100,44,,,0,95,,35111,44,,,0,100,,35125,44,,,0
2019,'1865',653,,35127,44,,,0,68,,35128,44,,,0,29,,35129,44,,,0,73,,35130,44,,,0,31,,35131,44,,,0,69,,35132,44,,,0,30,,35133,44,,,0,70,,35134,44,,,0,30,,35135,44,,,0,70,,35136,44,,,0,30,,35137,44,,,0,70,,35138,44,,,0,30,,35139,44,,,0,70,,35140,44,,,0,30,,35141,44,,,0,70,,35142,44,,,0,29,,35143,44,,,0,70,,35144,44,,,0,30,,35145,44,,,0,71,,35146,44,,,0,32,,35147,44,,,0,67,,35148,44,,,0,31,,35149,44,,,0,70,,35150,44,,,0,30,,35151,44,,,0,70,,35157,44,,,0,30,,35152,44,,,0,100,,35153,44,,,0,100,,35154,44,,,0,100,,35155,44,,,0,97,,35156,44,,,0
2019,'1866',653,,35159,35,,,0,70,,35166,44,,,0,30,,35175,44,,,0,70,,35182,44,,,0,30,,35160,44,,,0,70,,35167,44,,,0,30,,35176,44,,,0,70,,35183,44,,,0,30,,35161,44,,,0,70,,35168,44,,,0,30,,35177,44,,,0,70,,35184,44,,,0,30,,35162,44,,,0,70,,35169,44,,,0,30,,35178,44,,,0,70,,35185,44,,,0,30,,35163,44,,,0,70,,35170,44,,,0,30,,35179,44,,,0,70,,35186,44,,,0,30,,35164,44,,,0,70,,35171,44,,,0,30,,35180,44,,,0,70,,35187,44,,,0,30,,35165,44,,,0,70,,35172,44,,,0,30,,35181,44,,,0,100,,35173,44,,,0,100,,35188,44,,,0,97,,35174,44,,,0,99,,35189,44,,,0
2019,'1867',723,,35217,44,,,0,30,,35194,44,,,0,70,,35198,44,,,0,30,,35210,44,,,0,70,,35205,44,,,0,30,,35195,44,,,0,70,,35199,44,,,0,30,,35211,44,,,0,70,,35206,44,,,0,30,,35196,44,,,0,70,,35200,44,,,0,30,,35212,44,,,0,70,,35207,44,,,0,30,,35197,44,,,0,70,,35201,44,,,0,30,,35213,44,,,0,70,,35208,44,,,0,30,,35192,44,,,0,70,,35202,44,,,0,30,,35214,44,,,0,70,,35209,44,,,0,30,,35190,44,,,0,70,,35203,44,,,0,30,,35215,44,,,0,100,,35191,44,,,0,101,,35216,44,,,0,100,,35193,44,,,0,95,,35204,44,,,0,100,,35218,44,,,0
2019,'1873',653,,19444,35,,,0,70,,19451,44,,,0,30,,19460,44,,,0,70,,19467,44,,,0,30,,19445,44,,,0,70,,19452,44,,,0,30,,19461,44,,,0,70,,19468,44,,,0,30,,19446,44,,,0,70,,19453,44,,,0,30,,19462,44,,,0,70,,19469,44,,,0,30,,19447,44,,,0,70,,19454,44,,,0,30,,19463,44,,,0,70,,19470,44,,,0,30,,19448,44,,,0,70,,19455,44,,,0,30,,19464,44,,,0,70,,19471,44,,,0,30,,19449,44,,,0,70,,19456,44,,,0,30,,19465,44,,,0,70,,19472,44,,,0,30,,19450,44,,,0,70,,19457,44,,,0,30,,19466,44,,,0,100,,19458,44,,,0,100,,19473,44,,,0,97,,19459,44,,,0,99,,19474,44,,,0
2019,'1878',723,,19502,44,,,0,30,,19479,44,,,0,70,,19483,44,,,0,30,,19495,44,,,0,70,,19490,44,,,0,30,,19480,44,,,0,70,,19484,44,,,0,30,,19496,44,,,0,70,,19491,44,,,0,30,,19481,44,,,0,70,,19485,44,,,0,30,,19497,44,,,0,70,,19492,44,,,0,30,,19482,44,,,0,70,,19486,44,,,0,30,,19498,44,,,0,70,,19493,44,,,0,30,,19477,44,,,0,70,,19487,44,,,0,30,,19499,44,,,0,70,,19494,44,,,0,30,,19475,44,,,0,70,,19488,44,,,0,30,,19500,44,,,0,100,,19476,44,,,0,101,,19501,44,,,0,100,,19478,44,,,0,95,,19489,44,,,0,100,,19503,44,,,0
2019,'1882',653,,19412,44,,,0,68,,19413,44,,,0,29,,19414,44,,,0,73,,19415,44,,,0,31,,19416,44,,,0,69,,19417,44,,,0,30,,19418,44,,,0,70,,19419,44,,,0,30,,19420,44,,,0,70,,19421,44,,,0,30,,19422,44,,,0,70,,19423,44,,,0,30,,19424,44,,,0,70,,19425,44,,,0,30,,19426,44,,,0,70,,19427,44,,,0,29,,19428,44,,,0,70,,19429,44,,,0,30,,19430,44,,,0,71,,19431,44,,,0,32,,19432,44,,,0,67,,19433,44,,,0,31,,19434,44,,,0,70,,19435,44,,,0,30,,19436,44,,,0,70,,19442,44,,,0,30,,19437,44,,,0,100,,19438,44,,,0,100,,19439,44,,,0,100,,19440,44,,,0,97,,19441,44,,,0
7019,'1838',734,,35957,9,,,0,101,,35958,9,,,0,100,,44517,9,,,0,101,,35959,9,,,0,100,,35960,9,,,0,100,,44515,9,,,0,100,,35962,9,,,0,101,,35963,9,,,0,100,,44516,9,,,0,99,,35965,9,,,0,100,,35953,9,,,0,99,,44513,9,,,0,99,,35952,9,,,0,100,,35956,9,,,0,100,,44514,9,,,0
7019,'1865',533,,44531,9,,,0,103,,44532,9,,,0,70,,44533,9,,,0,32,,36047,9,,,0,70,,36040,9,,,0,32,,36048,9,,,0,68,,44534,9,,,0,30,,42371,9,,,0,70,,42370,9,,,0,30,,42372,9,,,0,70,,36043,9,,,0,30,,36051,9,,,0,70,,36044,9,,,0,30,,44537,9,,,0,70,,44535,9,,,0,30,,42373,9,,,0,71,,44536,9,,,0,31,,44543,9,,,0,73,,42376,9,,,0,28,,36068,9,,,0,70,,44544,9,,,0,30,,44538,9,,,0,68,,44539,9,,,0,30,,42374,9,,,0,70,,44540,9,,,0,28,,36059,9,,,0,70,,36060,9,,,0,28,,44541,9,,,0,70,,44542,9,,,0,30,,36063,9,,,0,100,,36064,9,,,0,99,,36065,9,,,0,100,,42375,9,,,0
7019,'1866',635,,36086,9,,,0,69,,44548,9,,,0,30,,44553,9,,,0,70,,36080,9,,,0,31,,36088,9,,,0,70,,44549,9,,,0,30,,36089,9,,,0,71,,44550,9,,,0,30,,44554,9,,,0,70,,44551,9,,,0,30,,36091,9,,,0,70,,36084,9,,,0,30,,36092,9,,,0,70,,44552,9,,,0,30,,44555,9,,,0,70,,36098,9,,,0,31,,36094,9,,,0,70,,36100,9,,,0,30,,36095,9,,,0,70,,44557,9,,,0,29,,44556,9,,,0,70,,44558,9,,,0,30,,36097,9,,,0,70,,44561,9,,,0,29,,36074,9,,,0,69,,44559,9,,,0,30,,44547,9,,,0,70,,44560,9,,,0,30,,36076,9,,,0,100,,36077,9,,,0,100,,36078,9,,,0
7019,'1867',734,,36113,9,,,0,101,,36114,9,,,0,100,,44568,9,,,0,101,,36115,9,,,0,100,,36116,9,,,0,100,,44566,9,,,0,100,,36118,9,,,0,101,,36119,9,,,0,100,,44567,9,,,0,99,,36121,9,,,0,100,,36109,9,,,0,99,,44564,9,,,0,99,,36108,9,,,0,100,,36112,9,,,0,100,,44565,9,,,0
7019,'1873',635,,29380,9,,,0,169,,29374,9,,,0,31,,29382,9,,,0,100,,29383,9,,,0,201,,29385,9,,,0,70,,29378,9,,,0,30,,29386,9,,,0,170,,29392,9,,,0,31,,29388,9,,,0,70,,29394,9,,,0,30,,29389,9,,,0,199,,29391,9,,,0,99,,29368,9,,,0,199,,29370,9,,,0,100,,29371,9,,,0,100,,29372,9,,,0
7019,'1878',734,,29407,9,,,0,101,,29408,9,,,0,201,,29409,9,,,0,100,,29410,9,,,0,200,,29412,9,,,0,101,,29413,9,,,0,199,,29415,9,,,0,100,,29403,9,,,0,198,,29402,9,,,0,100,,29406,9,,,0
7019,'1881',533,,36014,9,,,0,103,,36015,9,,,0,70,,29478,9,,,0,202,,36016,9,,,0,330,,36022,9,,,0,70,,36018,9,,,0,101,,36019,9,,,0,31,,36030,9,,,0,171,,36032,9,,,0,30,,36024,9,,,0,68,,36026,9,,,0,100,,36028,9,,,0,126,,36029,9,,,0,70,,29501,9,,,0
7019,'1882',738,,29486,9,,,0,70,,29479,9,,,0,32,,29487,9,,,0,98,,42396,9,,,0,70,,42395,9,,,0,30,,42397,9,,,0,70,,29482,9,,,0,30,,29490,9,,,0,70,,29483,9,,,0,130,,42398,9,,,0,175,,42401,9,,,0,28,,29507,9,,,0,198,,42399,9,,,0,98,,29498,9,,,0,70,,29499,9,,,0,128,,29502,9,,,0,100,,29503,9,,,0,99,,29504,9,,,0,100,,42400,9,,,0
7019,'1886',533,,44582,9,,,0,103,,44583,9,,,0,70,,44584,9,,,0,202,,44585,9,,,0,330,,44588,9,,,0,70,,44586,9,,,0,101,,44587,9,,,0,31,,44594,9,,,0,171,,44595,9,,,0,30,,44589,9,,,0,68,,44590,9,,,0,100,,44591,9,,,0,126,,44592,9,,,0,70,,44593,9,,,0
7019,'1887',704,,44599,9,,,0,30,,44604,9,,,0,171,,44600,9,,,0,101,,44601,9,,,0,30,,44605,9,,,0,70,,44602,9,,,0,200,,44603,9,,,0,30,,44606,9,,,0,271,,44608,9,,,0,29,,44607,9,,,0,70,,44609,9,,,0,100,,44612,9,,,0,98,,44610,9,,,0,30,,44598,9,,,0,70,,44611,9,,,0
7019,'1888',935,,44619,9,,,0,301,,44617,9,,,0,301,,44618,9,,,0,298,,44615,9,,,0,299,,44616,9,,,0
