502029,'1799',947,,23165,12,,,0,155,,23176,12,,,0,46,,23163,12,,,0,200,,23161,12,,,0,201,,23159,12,,,0,198,,23157,12,,,0,55,,23171,12,,,0,145,,23155,12,,,0,70,,23143,12,,,0,30,,23154,12,,,0,70,,23144,12,,,0,30,,23152,12,,,0,68,,23149,12,,,0,30,,23153,12,,,0,70,,23146,12,,,0
502029,'1800',622,,26740,12,,,0,28,,26726,12,,,0,65,,26735,12,,,0,30,,26747,12,,,0,70,,26737,12,,,0,30,,26746,12,,,0,72,,26736,12,,,0,30,,23215,12,,,0,70,,26727,12,,,0,30,,26745,12,,,0,55,,23226,12,,,0,15,,26728,12,,,0,16,,26756,12,,,0,15,,23213,12,,,0,55,,26759,12,,,0,15,,26729,12,,,0,15,,26750,12,,,0,15,,26744,12,,,0,55,,26752,12,,,0,15,,26730,12,,,0,15,,26754,12,,,0,15,,23211,12,,,0,55,,26757,12,,,0,16,,26731,12,,,0,15,,26758,12,,,0,15,,26743,12,,,0,55,,26749,12,,,0,15,,26732,12,,,0,15,,26751,12,,,0,15,,23209,12,,,0,55,,26753,12,,,0,14,,26733,12,,,0,14,,26755,12,,,0,15,,26742,12,,,0,55,,26760,12,,,0,15,,26734,12,,,0,15,,26748,12,,,0,15,,23207,12,,,0,55,,23221,12,,,0,15,,26739,12,,,0,30,,26741,12,,,0,70,,26738,12,,,0,30,,23205,12,,,0,70,,23193,12,,,0,30,,23204,12,,,0,70,,23194,12,,,0,30,,23202,12,,,0,68,,23199,12,,,0,30,,23203,12,,,0,70,,23196,12,,,0
502029,'1829',601,,22959,12,,,0,32,,22961,12,,,0,71,,22964,12,,,0,25,,22966,12,,,0,13,,22967,12,,,0,7,,22968,12,,,0,58,,22970,12,,,0,12,,22972,12,,,0,24,,22974,12,,,0,76,,22977,12,,,0,14,,22978,12,,,0,100,,22982,12,,,0,71,,22984,12,,,0,115,,22989,12,,,0,30,,22991,12,,,0,257,,23000,12,,,0,106,,23005,12,,,0,534,,23024,12,,,0,100,,23026,12,,,0
502029,'1831',650,,23043,12,,,0,70,,23035,12,,,0,30,,23044,12,,,0,65,,23034,12,,,0,30,,23045,12,,,0,72,,23033,12,,,0,30,,23046,12,,,0,70,,23073,12,,,0,131,,23066,12,,,0,70,,23075,12,,,0,30,,23067,12,,,0,171,,23077,12,,,0,30,,23069,12,,,0,169,,23079,12,,,0,29,,23071,12,,,0,70,,23080,12,,,0,85,,23055,12,,,0,45,,23039,12,,,0,100,,23040,12,,,0,100,,23041,12,,,0,100,,23037,12,,,0,98,,23042,12,,,0
502029,'1832',622,,23101,12,,,0,28,,23083,12,,,0,65,,23092,12,,,0,30,,23117,12,,,0,70,,23097,12,,,0,30,,23116,12,,,0,72,,23095,12,,,0,100,,23084,12,,,0,30,,23114,12,,,0,70,,23085,12,,,0,16,,23128,12,,,0,70,,23131,12,,,0,15,,23086,12,,,0,15,,23120,12,,,0,15,,23112,12,,,0,55,,23123,12,,,0,15,,23087,12,,,0,15,,23125,12,,,0,70,,23129,12,,,0,16,,23088,12,,,0,15,,23130,12,,,0,15,,23110,12,,,0,55,,23119,12,,,0,15,,23089,12,,,0,15,,23122,12,,,0,70,,23124,12,,,0,14,,23090,12,,,0,14,,23127,12,,,0,15,,23108,12,,,0,55,,23132,12,,,0,15,,23091,12,,,0,15,,23118,12,,,0,85,,23100,12,,,0,30,,23106,12,,,0,70,,23098,12,,,0
502029,'1833',947,,23115,12,,,0,155,,23126,12,,,0,46,,23113,12,,,0,200,,23111,12,,,0,201,,23109,12,,,0,198,,23107,12,,,0,55,,23121,12,,,0,145,,23105,12,,,0,70,,23093,12,,,0,30,,23104,12,,,0,70,,23094,12,,,0,30,,23102,12,,,0,68,,23099,12,,,0,30,,23103,12,,,0,70,,23096,12,,,0
502029,'1834',622,,23151,12,,,0,28,,23133,12,,,0,65,,23142,12,,,0,30,,23167,12,,,0,70,,23147,12,,,0,30,,23166,12,,,0,72,,23145,12,,,0,100,,23134,12,,,0,30,,23164,12,,,0,70,,23135,12,,,0,16,,23178,12,,,0,70,,23181,12,,,0,15,,23136,12,,,0,15,,23170,12,,,0,15,,23162,12,,,0,55,,23173,12,,,0,15,,23137,12,,,0,15,,23175,12,,,0,70,,23179,12,,,0,16,,23138,12,,,0,15,,23180,12,,,0,15,,23160,12,,,0,55,,23169,12,,,0,15,,23139,12,,,0,15,,23172,12,,,0,70,,23174,12,,,0,14,,23140,12,,,0,14,,23177,12,,,0,15,,23158,12,,,0,55,,23182,12,,,0,15,,23141,12,,,0,15,,23168,12,,,0,85,,23150,12,,,0,30,,23156,12,,,0,70,,23148,12,,,0
502029,'1835',546,,26761,12,,,0,70,,26762,12,,,0,24,,26763,12,,,0,8,,26764,12,,,0,68,,26765,12,,,0,39,,26766,12,,,0,58,,26767,12,,,0,18,,26768,12,,,0,24,,26769,12,,,0,50,,26770,12,,,0,43,,26771,12,,,0,55,,26772,12,,,0,15,,26773,12,,,0,31,,26774,12,,,0,70,,26775,12,,,0,15,,26776,12,,,0,15,,26777,12,,,0,55,,26778,12,,,0,30,,26779,12,,,0,70,,26780,12,,,0,15,,26781,12,,,0,15,,26782,12,,,0,15,,26783,12,,,0,55,,26784,12,,,0,15,,26785,12,,,0,16,,26786,12,,,0,16,,26787,12,,,0,70,,26788,12,,,0,15,,26789,12,,,0,12,,26790,12,,,0,52,,26791,12,,,0,24,,26792,12,,,0,11,,26793,12,,,0,12,,26794,12,,,0,12,,26795,12,,,0,52,,26796,12,,,0,11,,26797,12,,,0,12,,26798,12,,,0,12,,26799,12,,,0,12,,26800,12,,,0,51,,26801,12,,,0,12,,26802,12,,,0,12,,26803,12,,,0,15,,26804,12,,,0,55,,26812,12,,,0,14,,26805,12,,,0,29,,26806,12,,,0,70,,26807,12,,,0,30,,26808,12,,,0,70,,26809,12,,,0,100,,26810,12,,,0,100,,26811,12,,,0
502029,'1836',620,,26817,12,,,0,15,,26844,12,,,0,367,,26819,12,,,0,30,,26827,12,,,0,15,,26836,12,,,0,55,,26820,12,,,0,15,,26840,12,,,0,16,,26828,12,,,0,70,,26821,12,,,0,30,,26829,12,,,0,70,,26822,12,,,0,15,,26841,12,,,0,15,,26830,12,,,0,15,,26837,12,,,0,55,,26823,12,,,0,31,,26831,12,,,0,70,,26824,12,,,0,15,,26842,12,,,0,15,,26832,12,,,0,15,,26838,12,,,0,55,,26825,12,,,0,28,,26833,12,,,0,70,,26826,12,,,0,30,,26834,12,,,0,15,,26818,12,,,0,70,,26839,12,,,0,15,,26835,12,,,0,70,,26843,12,,,0,115,,26816,12,,,0,100,,26815,12,,,0,98,,26814,12,,,0,100,,26813,12,,,0
502029,'1837',622,,26859,12,,,0,28,,26845,12,,,0,65,,26854,12,,,0,30,,26866,12,,,0,70,,26856,12,,,0,30,,26865,12,,,0,72,,26855,12,,,0,100,,26846,12,,,0,30,,26864,12,,,0,70,,26847,12,,,0,16,,26875,12,,,0,70,,26878,12,,,0,15,,26848,12,,,0,15,,26869,12,,,0,15,,26863,12,,,0,55,,26871,12,,,0,15,,26849,12,,,0,15,,26873,12,,,0,70,,26876,12,,,0,16,,26850,12,,,0,15,,26877,12,,,0,15,,26862,12,,,0,55,,26868,12,,,0,15,,26851,12,,,0,15,,26870,12,,,0,70,,26872,12,,,0,14,,26852,12,,,0,14,,26874,12,,,0,15,,26861,12,,,0,55,,26879,12,,,0,15,,26853,12,,,0,15,,26867,12,,,0,85,,26858,12,,,0,30,,26860,12,,,0,70,,26857,12,,,0
502029,'1838',622,,26894,12,,,0,28,,26880,12,,,0,65,,26889,12,,,0,30,,26901,12,,,0,70,,26891,12,,,0,30,,26900,12,,,0,72,,26890,12,,,0,100,,26881,12,,,0,30,,26899,12,,,0,70,,26882,12,,,0,16,,26910,12,,,0,70,,26913,12,,,0,15,,26883,12,,,0,15,,26904,12,,,0,15,,26898,12,,,0,55,,26906,12,,,0,15,,26884,12,,,0,15,,26908,12,,,0,70,,26911,12,,,0,16,,26885,12,,,0,15,,26912,12,,,0,15,,26897,12,,,0,55,,26903,12,,,0,15,,26886,12,,,0,15,,26905,12,,,0,70,,26907,12,,,0,14,,26887,12,,,0,14,,26909,12,,,0,15,,26896,12,,,0,55,,26914,12,,,0,15,,26888,12,,,0,15,,26902,12,,,0,85,,26893,12,,,0,30,,26895,12,,,0,70,,26892,12,,,0
