15019,'1838',723,,45028,27,,,0,100,,36883,27,,,0,100,,36886,27,,,0,100,,45027,27,,,0,100,,36881,27,,,0,100,,36879,27,,,0,101,,45026,27,,,0,100,,36880,27,,,0,100,,36877,27,,,0,99,,45025,27,,,0,100,,36875,27,,,0,100,,36876,27,,,0,100,,45024,27,,,0,100,,36887,27,,,0
15019,'1865',648,,36905,27,,,0,70,,45029,27,,,0,34,,36907,27,,,0,70,,36908,27,,,0,26,,36909,27,,,0,70,,36910,27,,,0,30,,36911,27,,,0,70,,45030,27,,,0,30,,45031,27,,,0,70,,42569,27,,,0,30,,45032,27,,,0,70,,45033,27,,,0,30,,42570,27,,,0,70,,36918,27,,,0,30,,45034,27,,,0,70,,36920,27,,,0,32,,36921,27,,,0,70,,45035,27,,,0,30,,45036,27,,,0,70,,36924,27,,,0,29,,36925,27,,,0,70,,36926,27,,,0,29,,45037,27,,,0,70,,36928,27,,,0,30,,45038,27,,,0,70,,45039,27,,,0,30,,36931,27,,,0,100,,45040,27,,,0,98,,45041,27,,,0,100,,45042,27,0,5 2 6 7,0
15019,'1866',723,,36935,27,,,0,100,,45043,27,,,0,100,,36937,27,,,0,100,,36938,27,,,0,100,,45044,27,,,0,100,,36940,27,,,0,101,,36941,27,,,0,100,,45045,27,,,0,100,,36943,27,,,0,99,,36944,27,,,0,100,,45046,27,,,0,100,,36946,27,,,0,100,,36947,27,,,0,100,,45047,27,,,0
15019,'1867',723,,45053,27,,,0,100,,36959,27,,,0,100,,36962,27,,,0,100,,45052,27,,,0,100,,36957,27,,,0,100,,36955,27,,,0,101,,45051,27,,,0,100,,36956,27,,,0,100,,36953,27,,,0,99,,45050,27,,,0,100,,36951,27,,,0,100,,36952,27,,,0,100,,45049,27,,,0,100,,36963,27,,,0
15019,'1873',723,,30301,27,,,0,200,,30303,27,,,0,100,,30304,27,,,0,200,,30306,27,,,0,101,,30307,27,,,0,200,,30309,27,,,0,99,,30310,27,,,0,200,,30312,27,,,0,100,,30313,27,,,0
15019,'1878',823,,30325,27,,,0,100,,30328,27,,,0,200,,30323,27,,,0,100,,30321,27,,,0,201,,30322,27,,,0,100,,30319,27,,,0,199,,30317,27,,,0,100,,30318,27,,,0,200,,30329,27,,,0
15019,'1881',718,,36889,27,,,0,300,,36890,27,,,0,30,,36891,27,,,0,100,,36893,27,,,0,70,,36894,27,,,0,130,,36896,27,,,0,172,,36897,27,,,0,30,,36898,27,,,0,198,,30384,27,,,0,100,,36899,27,,,0,70,,42574,27,,,0,130,,36901,27,,,0,98,,36902,27,,,0,100,,36903,27,0,5 2 6 7,0
15019,'1882',648,,30362,27,,,0,104,,30364,27,,,0,70,,30365,27,,,0,26,,30366,27,,,0,70,,30367,27,,,0,30,,30368,27,,,0,170,,42572,27,,,0,130,,42573,27,,,0,70,,30375,27,,,0,100,,30377,27,,,0,32,,30378,27,,,0,170,,30381,27,,,0,29,,30382,27,,,0,70,,30383,27,,,0,99,,30385,27,,,0,130,,30388,27,,,0
15019,'1886',718,,45054,27,,,0,300,,45055,27,,,0,30,,45056,27,,,0,100,,45057,27,,,0,70,,45058,27,,,0,130,,45059,27,,,0,172,,45060,27,,,0,30,,45061,27,,,0,198,,45062,27,,,0,100,,45063,27,,,0,70,,45064,27,,,0,130,,45065,27,,,0,98,,45066,27,,,0,100,,45067,27,0,5 2 6 7,0
15019,'1887',823,,45068,27,,,0,300,,45069,27,,,0,301,,45070,27,,,0,299,,45071,27,,,0,300,,45072,27,,,0
15019,'1888',723,,45078,27,,,0,300,,45077,27,,,0,301,,45076,27,,,0,299,,45075,27,,,0,300,,45074,27,,,0
