1029,'1799',610,,19376,26,,,0,98,,19377,26,,,0,100,,19378,26,,,0,100,,19379,26,,,0,101,,19380,26,,,0,100,,19381,26,,,0,100,,19382,26,,,0,100,,19383,26,,,0,100,,19384,26,,,0,100,,19385,26,,,0,99,,19386,26,,,0,100,,19387,26,,,0,100,,19388,26,,,0,100,,19389,26,,,0,100,,19390,26,,,0,100,,19391,26,,,0,98,,19392,26,,,0,100,,19393,26,,,0
1029,'1800',610,,19394,26,,,0,98,,19395,26,,,0,100,,19396,26,,,0,100,,19397,26,,,0,101,,19398,26,,,0,100,,19399,26,,,0,100,,19400,26,,,0,100,,19401,26,,,0,100,,19402,26,,,0,100,,19403,26,,,0,99,,19404,26,,,0,100,,19405,26,,,0,100,,19406,26,,,0,100,,19407,26,,,0,100,,19408,26,,,0,100,,19409,26,,,0,98,,19410,26,,,0,100,,19411,26,,,0
1029,'1829',609,,19297,26,,,0,31,,19298,26,,,0,67,,19318,26,,,0,30,,19294,26,,,0,100,,19322,26,,,0,69,,19292,26,,,0,101,,19317,26,,,0,30,,19296,26,,,0,70,,19288,26,,,0,30,,19321,26,,,0,70,,19293,26,,,0,29,,19300,26,,,0,70,,19316,26,,,0,30,,19295,26,,,0,101,,19319,26,,,0,72,,19291,26,,,0,129,,19304,26,,,0,70,,19303,26,,,0,29,,19302,26,,,0,72,,19308,26,,,0,30,,19307,26,,,0,70,,19306,26,,,0,30,,19305,26,,,0,69,,19320,26,,,0,30,,19314,26,,,0,100,,19312,26,,,0,70,,19311,26,,,0,30,,19310,26,,,0,65,,19309,26,,,0
1029,'1831',610,,19328,26,,,0,28,,19340,26,,,0,70,,19347,26,,,0,30,,19335,26,,,0,70,,19356,26,,,0,30,,19344,26,,,0,70,,19327,26,,,0,31,,19339,26,,,0,70,,19350,26,,,0,30,,19334,26,,,0,70,,19357,26,,,0,30,,19343,26,,,0,70,,19326,26,,,0,30,,19338,26,,,0,70,,19349,26,,,0,30,,19333,26,,,0,70,,19329,26,,,0,30,,19342,26,,,0,70,,19325,26,,,0,30,,19337,26,,,0,69,,19345,26,,,0,30,,19332,26,,,0,70,,19354,26,,,0,30,,19341,26,,,0,70,,19324,26,,,0,30,,19336,26,,,0,70,,19348,26,,,0,30,,19330,26,,,0,70,,19352,26,,,0,30,,19351,26,,,0,70,,19323,26,,,0,30,,19331,26,,,0,68,,19346,26,,,0,30,,19355,26,,,0,70,,19353,26,,,0
1029,'1833',610,,19358,26,,,0,98,,19359,26,,,0,100,,19360,26,,,0,100,,19361,26,,,0,101,,19362,26,,,0,100,,19363,26,,,0,100,,19364,26,,,0,100,,19365,26,,,0,100,,19366,26,,,0,100,,19367,26,,,0,99,,19368,26,,,0,100,,19369,26,,,0,100,,19370,26,,,0,100,,19371,26,,,0,100,,19372,26,,,0,100,,19373,26,,,0,98,,19374,26,,,0,100,,19375,26,,,0
1029,'1835',807,,24959,26,,,0,130,,24961,26,,,0,470,,24960,26,,,0,132,,24962,26,,,0,70,,24964,26,,,0,499,,24963,26,,,0
801019,'1800',753,,27931,7,0,12,0,70,,27927,7,0,12,0,30,,27935,7,0,12,0,70,,27924,7,0,12,0,30,,27919,7,0,12,0,70,,27929,7,0,12,0,30,,27942,7,0,12,0,70,,27933,7,0,12,0,30,,27930,7,0,12,0,70,,27939,7,0,12,0,30,,27925,7,0,12,0,70,,27936,7,0,12,0,30,,27938,7,0,12,0,70,,27934,7,0,12,0,30,,27921,7,0,12,0,70,,27940,7,0,12,0,30,,27926,7,0,12,0,70,,27922,7,0,12,0,30,,27937,7,0,12,0,70,,27920,7,0,12,0,30,,27923,7,0,12,0,70,,27941,7,0,12,0,30,,27918,7,0,12,0,71,,27928,7,0,12,0,30,,27943,7,0,12,0,70,,27932,7,0,12,0
801019,'1829',558,,24510,7,0,12,0,70,,24518,7,0,12,0,20,,24514,7,0,12,0,180,,24519,7,0,12,0
801019,'1832',753,,24562,7,0,12,0,70,,24558,7,0,12,0,30,,24566,7,0,12,0,70,,24555,7,0,12,0,30,,24550,7,0,12,0,70,,24560,7,0,12,0,30,,24573,7,0,12,0,70,,24564,7,0,12,0,30,,24561,7,0,12,0,70,,24570,7,0,12,0,30,,24556,7,0,12,0,70,,24567,7,0,12,0,30,,24569,7,0,12,0,70,,24565,7,0,12,0,30,,24552,7,0,12,0,70,,24571,7,0,12,0,30,,24557,7,0,12,0,70,,24553,7,0,12,0,30,,24568,7,0,12,0,70,,24551,7,0,12,0,30,,24554,7,0,12,0,70,,24572,7,0,12,0,30,,24549,7,0,12,0,71,,24559,7,0,12,0,30,,24574,7,0,12,0,70,,24563,7,0,12,0
801019,'1834',753,,24588,7,0,12,0,70,,24584,7,0,12,0,30,,24592,7,0,12,0,70,,24581,7,0,12,0,30,,24576,7,0,12,0,70,,24586,7,0,12,0,30,,24599,7,0,12,0,70,,24590,7,0,12,0,30,,24587,7,0,12,0,70,,24596,7,0,12,0,30,,24582,7,0,12,0,70,,24593,7,0,12,0,30,,24595,7,0,12,0,70,,24591,7,0,12,0,30,,24578,7,0,12,0,70,,24597,7,0,12,0,30,,24583,7,0,12,0,70,,24579,7,0,12,0,30,,24594,7,0,12,0,70,,24577,7,0,12,0,30,,24580,7,0,12,0,70,,24598,7,0,12,0,30,,24575,7,0,12,0,71,,24585,7,0,12,0,30,,24600,7,0,12,0,70,,24589,7,0,12,0
801019,'1835',714,,27966,7,0,12,0,15,,27968,7,0,12,0,19,,27965,7,0,12,0,60,,27967,7,0,12,0,45,,27944,7,0,12,0,71,,27945,7,0,12,0,30,,27946,7,0,12,0,70,,27947,7,0,12,0,30,,27948,7,0,12,0,70,,27949,7,0,12,0,30,,27950,7,0,12,0,70,,27951,7,0,12,0,30,,27952,7,0,12,0,70,,27953,7,0,12,0,30,,27954,7,0,12,0,70,,27955,7,0,12,0,30,,27969,7,0,12,0,70,,27972,7,0,12,0,25,,27956,7,0,12,0,60,,27957,7,0,12,0,20,,27973,7,0,12,0,20,,27958,7,0,12,0,60,,27959,7,0,12,0,20,,27974,7,0,12,0,20,,27960,7,0,12,0,59,,27971,7,0,12,0,20,,27970,7,0,12,0,25,,27961,7,0,12,0,70,,27962,7,0,12,0,30,,27963,7,0,12,0,70,,27964,7,0,12,0
801019,'1836',753,,27995,7,0,12,0,70,,27996,7,0,12,0,30,,27997,7,0,12,0,70,,27983,7,0,12,0,30,,27982,7,0,12,0,70,,27981,7,0,12,0,30,,27992,7,0,12,0,70,,27986,7,0,12,0,30,,27991,7,0,12,0,70,,27990,7,0,12,0,30,,27989,7,0,12,0,70,,27988,7,0,12,0,30,,27977,7,0,12,0,70,,27985,7,0,12,0,30,,27994,7,0,12,0,70,,27979,7,0,12,0,30,,27975,7,0,12,0,70,,27976,7,0,12,0,30,,27978,7,0,12,0,70,,27980,7,0,12,0,30,,27993,7,0,12,0,70,,27987,7,0,12,0,30,,27984,7,0,12,0,71,,27998,7,0,12,0,30,,27999,7,0,12,0,70,,28000,7,0,12,0
801019,'1837',753,,28014,7,0,12,0,70,,28010,7,0,12,0,30,,28018,7,0,12,0,70,,28007,7,0,12,0,30,,28002,7,0,12,0,70,,28012,7,0,12,0,30,,28025,7,0,12,0,70,,28016,7,0,12,0,30,,28013,7,0,12,0,70,,28022,7,0,12,0,30,,28008,7,0,12,0,70,,28019,7,0,12,0,30,,28021,7,0,12,0,70,,28017,7,0,12,0,30,,28004,7,0,12,0,70,,28023,7,0,12,0,30,,28009,7,0,12,0,70,,28005,7,0,12,0,30,,28020,7,0,12,0,70,,28003,7,0,12,0,30,,28006,7,0,12,0,70,,28024,7,0,12,0,30,,28001,7,0,12,0,71,,28011,7,0,12,0,30,,28026,7,0,12,0,70,,28015,7,0,12,0
801019,'1838',753,,28040,7,0,12,0,70,,28036,7,0,12,0,30,,28044,7,0,12,0,70,,28033,7,0,12,0,30,,28028,7,0,12,0,70,,28038,7,0,12,0,30,,28051,7,0,12,0,70,,28042,7,0,12,0,30,,28039,7,0,12,0,70,,28048,7,0,12,0,30,,28034,7,0,12,0,70,,28045,7,0,12,0,30,,28047,7,0,12,0,70,,28043,7,0,12,0,30,,28030,7,0,12,0,70,,28049,7,0,12,0,30,,28035,7,0,12,0,70,,28031,7,0,12,0,30,,28046,7,0,12,0,70,,28029,7,0,12,0,30,,28032,7,0,12,0,70,,28050,7,0,12,0,30,,28027,7,0,12,0,71,,28037,7,0,12,0,30,,28052,7,0,12,0,70,,28041,7,0,12,0
