1019,'1800',617,,28295,19,,,0,100,,28296,19,,,0,101,,28297,19,,,0,100,,28298,19,,,0,100,,28299,19,,,0,100,,28300,19,,,0,100,,28301,19,,,0,100,,28302,19,,,0,100,,28303,19,,,0,100,,28304,19,,,0,100,,28305,19,,,0,100,,28306,19,,,0,100,,28307,19,,,0,100,,28308,19,,,0,100,,28309,19,,,0,100,,28310,19,,,0,103,,28311,19,,,0,95,,28312,19,,,0
1019,'1838',617,,34814,19,,,0,100,,34815,19,,,0,101,,34816,19,,,0,100,,34817,19,,,0,100,,34818,19,,,0,100,,34819,19,,,0,100,,34820,19,,,0,100,,34821,19,,,0,100,,34822,19,,,0,100,,34823,19,,,0,100,,34824,19,,,0,100,,34825,19,,,0,100,,34826,19,,,0,100,,34827,19,,,0,100,,34828,19,,,0,100,,34829,19,,,0,103,,34830,19,,,0,95,,34831,19,,,0
1019,'1850',547,,28394,19,,,0,70,,28417,19,,,0,30,,28392,19,,,0,70,,28387,19,,,0,31,,28406,19,,,0,71,,28389,19,,,0,30,,28395,19,,,0,70,,28420,19,,,0,30,,28391,19,,,0,70,,28385,19,,,0,31,,28405,19,,,0,70,,28390,19,,,0,30,,28396,19,,,0,70,,28416,19,,,0,30,,28393,19,,,0,70,,28386,19,,,0,30,,28418,19,,,0,70,,28388,19,,,0,30,,28397,19,,,0,70,,28415,19,,,0,29,,28408,19,,,0,70,,28400,19,,,0,30,,28398,19,,,0,70,,28401,19,,,0,30,,28403,19,,,0,70,,28402,19,,,0,29,,28399,19,,,0,70,,28419,19,,,0,30,,28413,19,,,0,70,,28414,19,,,0,30,,28412,19,,,0,70,,28411,19,,,0,34,,28410,19,,,0,70,,28409,19,,,0,30,,28407,19,,,0,65,,28404,19,,,0
1019,'1859',547,,28342,19,,,0,70,,28356,19,,,0,30,,28341,19,,,0,70,,28361,19,,,0,31,,28351,19,,,0,70,,28335,19,,,0,30,,28357,19,,,0,70,,28359,19,,,0,30,,28340,19,,,0,70,,28362,19,,,0,30,,28350,19,,,0,70,,28334,19,,,0,30,,28345,19,,,0,70,,28355,19,,,0,30,,28339,19,,,0,70,,28363,19,,,0,30,,28349,19,,,0,70,,28333,19,,,0,30,,28344,19,,,0,70,,28354,19,,,0,30,,28338,19,,,0,70,,28364,19,,,0,30,,28348,19,,,0,70,,28332,19,,,0,30,,28343,19,,,0,70,,28353,19,,,0,30,,28336,19,,,0,70,,28365,19,,,0,30,,28346,19,,,0,70,,28331,19,,,0,30,,28337,19,,,0,70,,28352,19,,,0,34,,28347,19,,,0,69,,28366,19,,,0,30,,28360,19,,,0,65,,28358,19,,,0
1019,'1861',617,,28367,19,,,0,100,,28368,19,,,0,101,,28369,19,,,0,100,,28370,19,,,0,100,,28371,19,,,0,100,,28372,19,,,0,100,,28373,19,,,0,100,,28374,19,,,0,100,,28375,19,,,0,100,,28376,19,,,0,100,,28377,19,,,0,100,,28378,19,,,0,100,,28379,19,,,0,100,,28380,19,,,0,100,,28381,19,,,0,100,,28382,19,,,0,103,,28383,19,,,0,95,,28384,19,,,0
1019,'1864',547,,28430,19,,,0,70,,34863,19,,,0,30,,34839,19,,,0,70,,34834,19,,,0,31,,34852,19,,,0,71,,34836,19,,,0,30,,34841,19,,,0,70,,34866,19,,,0,30,,34838,19,,,0,70,,34832,19,,,0,31,,34851,19,,,0,70,,34837,19,,,0,30,,34842,19,,,0,70,,34862,19,,,0,30,,34840,19,,,0,70,,34833,19,,,0,30,,34864,19,,,0,70,,34835,19,,,0,30,,34843,19,,,0,70,,34861,19,,,0,29,,34854,19,,,0,70,,34846,19,,,0,30,,34844,19,,,0,70,,34847,19,,,0,30,,34849,19,,,0,70,,34848,19,,,0,29,,34845,19,,,0,70,,34865,19,,,0,30,,34859,19,,,0,70,,34860,19,,,0,30,,34858,19,,,0,70,,34857,19,,,0,34,,34856,19,,,0,70,,34855,19,,,0,30,,34853,19,,,0,65,,34850,19,,,0
1019,'1865',547,,34876,19,,,0,70,,34899,19,,,0,30,,34874,19,,,0,70,,34869,19,,,0,31,,34888,19,,,0,71,,34871,19,,,0,30,,34877,19,,,0,70,,34902,19,,,0,30,,34873,19,,,0,70,,34867,19,,,0,31,,34887,19,,,0,70,,34872,19,,,0,30,,34878,19,,,0,70,,34898,19,,,0,30,,34875,19,,,0,70,,34868,19,,,0,30,,34900,19,,,0,70,,34870,19,,,0,30,,34879,19,,,0,70,,34897,19,,,0,29,,34890,19,,,0,70,,34882,19,,,0,30,,34880,19,,,0,70,,34883,19,,,0,30,,34885,19,,,0,70,,34884,19,,,0,29,,34881,19,,,0,70,,34901,19,,,0,30,,34895,19,,,0,70,,34896,19,,,0,30,,34894,19,,,0,70,,34893,19,,,0,34,,34892,19,,,0,70,,34891,19,,,0,30,,34889,19,,,0,65,,34886,19,,,0
1019,'1866',547,,34914,19,,,0,70,,34928,19,,,0,30,,34913,19,,,0,70,,34933,19,,,0,31,,34923,19,,,0,70,,34907,19,,,0,30,,34929,19,,,0,70,,34931,19,,,0,30,,34912,19,,,0,70,,34934,19,,,0,30,,34922,19,,,0,70,,34906,19,,,0,30,,34917,19,,,0,70,,34927,19,,,0,30,,34911,19,,,0,70,,34935,19,,,0,30,,34921,19,,,0,70,,34905,19,,,0,30,,34916,19,,,0,70,,34926,19,,,0,30,,34910,19,,,0,70,,34936,19,,,0,30,,34920,19,,,0,70,,34904,19,,,0,30,,34915,19,,,0,70,,34925,19,,,0,30,,34908,19,,,0,70,,34937,19,,,0,30,,34918,19,,,0,70,,34903,19,,,0,30,,34909,19,,,0,70,,34924,19,,,0,34,,34919,19,,,0,69,,34938,19,,,0,30,,34932,19,,,0,65,,34930,19,,,0
1019,'1867',617,,34939,19,,,0,100,,34940,19,,,0,101,,34941,19,,,0,100,,34942,19,,,0,100,,34943,19,,,0,100,,34944,19,,,0,100,,34945,19,,,0,100,,34946,19,,,0,100,,34947,19,,,0,100,,34948,19,,,0,100,,34949,19,,,0,100,,34950,19,,,0,100,,34951,19,,,0,100,,34952,19,,,0,100,,34953,19,,,0,100,,34954,19,,,0,103,,34955,19,,,0,95,,34956,19,,,0
32019,'1800',634,,31582,19,,,0,95,,31583,19,,,0,100,,31584,19,,,0,100,,31585,19,,,0,100,,31586,19,,,0,101,,31587,19,,,0,100,,31588,19,,,0,100,,31589,19,,,0,100,,31590,19,,,0,100,,31591,19,,,0,100,,31592,19,,,0,100,,31593,19,,,0,100,,31594,19,,,0,100,,31595,19,,,0,100,,31596,19,,,0,99,,31597,19,,,0,100,,31598,19,,,0,95,,31600,19,0,5 2 8 7,0
32019,'1838',634,,38343,19,,,0,95,,38344,19,,,0,100,,38345,19,,,0,100,,38346,19,,,0,100,,38347,19,,,0,101,,38348,19,,,0,100,,38349,19,,,0,100,,38350,19,,,0,100,,38351,19,,,0,100,,38352,19,,,0,100,,38353,19,,,0,100,,38354,19,,,0,100,,38355,19,,,0,100,,38356,19,,,0,100,,38357,19,,,0,99,,38358,19,,,0,100,,38359,19,,,0,95,,38361,19,0,5 2 8 7,0
32019,'1850',634,,31684,19,,,0,66,,31700,19,,,0,31,,31679,19,,,0,70,,31695,19,,,0,30,,31705,19,,,0,70,,31689,19,,,0,30,,31687,19,,,0,70,,31699,19,,,0,30,,31677,19,,,0,70,,31693,19,,,0,30,,31704,19,,,0,70,,31691,19,,,0,30,,31686,19,,,0,70,,31698,19,,,0,30,,31680,19,,,0,70,,31692,19,,,0,30,,31703,19,,,0,70,,31690,19,,,0,31,,31683,19,,,0,70,,31697,19,,,0,31,,31676,19,,,0,69,,31694,19,,,0,29,,31702,19,,,0,70,,31688,19,,,0,30,,31685,19,,,0,70,,31696,19,,,0,29,,31681,19,,,0,100,,31701,19,,,0,99,,31682,19,,,0,100,,31678,19,,,0,95,,31711,19,0,5 2 8 7,0
32019,'1859',634,,31631,19,,,0,25,,31648,19,,,0,70,,31625,19,,,0,30,,31642,19,,,0,70,,31649,19,,,0,30,,31637,19,,,0,70,,31630,19,,,0,30,,31647,19,,,0,70,,31624,19,,,0,30,,31641,19,,,0,71,,31652,19,,,0,70,,31636,19,,,0,30,,31629,19,,,0,70,,31646,19,,,0,30,,31623,19,,,0,70,,31640,19,,,0,30,,31651,19,,,0,70,,31635,19,,,0,30,,31628,19,,,0,70,,31645,19,,,0,30,,31622,19,,,0,70,,31639,19,,,0,30,,31653,19,,,0,70,,31634,19,,,0,30,,31627,19,,,0,70,,31643,19,,,0,30,,31621,19,,,0,100,,31650,19,,,0,99,,31626,19,,,0,100,,31620,19,,,0,100,,31654,19,0,5 2 8 7,0
32019,'1861',634,,31657,19,,,0,95,,31658,19,,,0,100,,31659,19,,,0,100,,31660,19,,,0,100,,31661,19,,,0,101,,31662,19,,,0,100,,31663,19,,,0,100,,31664,19,,,0,100,,31665,19,,,0,100,,31666,19,,,0,100,,31667,19,,,0,100,,31668,19,,,0,100,,31669,19,,,0,100,,31670,19,,,0,100,,31671,19,,,0,99,,31672,19,,,0,100,,31673,19,,,0,95,,31675,19,0,5 2 8 7,0
32019,'1864',634,,38370,19,,,0,66,,38386,19,,,0,31,,38365,19,,,0,70,,38381,19,,,0,30,,38391,19,,,0,70,,38375,19,,,0,30,,38373,19,,,0,70,,38385,19,,,0,30,,38363,19,,,0,70,,38379,19,,,0,30,,38390,19,,,0,70,,38377,19,,,0,30,,38372,19,,,0,70,,38384,19,,,0,30,,38366,19,,,0,70,,38378,19,,,0,30,,38389,19,,,0,70,,38376,19,,,0,31,,38369,19,,,0,70,,38383,19,,,0,31,,38362,19,,,0,69,,38380,19,,,0,29,,38388,19,,,0,70,,38374,19,,,0,30,,38371,19,,,0,70,,38382,19,,,0,29,,38367,19,,,0,100,,38387,19,,,0,99,,38368,19,,,0,100,,38364,19,,,0,95,,38397,19,0,5 2 8 7,0
32019,'1865',634,,38407,19,,,0,66,,38423,19,,,0,31,,38402,19,,,0,70,,38418,19,,,0,30,,38428,19,,,0,70,,38412,19,,,0,30,,38410,19,,,0,70,,38422,19,,,0,30,,38400,19,,,0,70,,38416,19,,,0,30,,38427,19,,,0,70,,38414,19,,,0,30,,38409,19,,,0,70,,38421,19,,,0,30,,38403,19,,,0,70,,38415,19,,,0,30,,38426,19,,,0,70,,38413,19,,,0,31,,38406,19,,,0,70,,38420,19,,,0,31,,38399,19,,,0,69,,38417,19,,,0,29,,38425,19,,,0,70,,38411,19,,,0,30,,38408,19,,,0,70,,38419,19,,,0,29,,38404,19,,,0,100,,38424,19,,,0,99,,38405,19,,,0,100,,38401,19,,,0,95,,38434,19,0,5 2 8 7,0
32019,'1866',634,,38448,19,,,0,25,,38465,19,,,0,70,,38442,19,,,0,30,,38459,19,,,0,70,,38466,19,,,0,30,,38454,19,,,0,70,,38447,19,,,0,30,,38464,19,,,0,70,,38441,19,,,0,30,,38458,19,,,0,71,,38469,19,,,0,70,,38453,19,,,0,30,,38446,19,,,0,70,,38463,19,,,0,30,,38440,19,,,0,70,,38457,19,,,0,30,,38468,19,,,0,70,,38452,19,,,0,30,,38445,19,,,0,70,,38462,19,,,0,30,,38439,19,,,0,70,,38456,19,,,0,30,,38470,19,,,0,70,,38451,19,,,0,30,,38444,19,,,0,70,,38460,19,,,0,30,,38438,19,,,0,100,,38467,19,,,0,99,,38443,19,,,0,100,,38437,19,,,0,100,,38471,19,0,5 2 8 7,0
32019,'1867',634,,38474,19,,,0,95,,38475,19,,,0,100,,38476,19,,,0,100,,38477,19,,,0,100,,38478,19,,,0,101,,38479,19,,,0,100,,38480,19,,,0,100,,38481,19,,,0,100,,38482,19,,,0,100,,38483,19,,,0,100,,38484,19,,,0,100,,38485,19,,,0,100,,38486,19,,,0,100,,38487,19,,,0,100,,38488,19,,,0,99,,38489,19,,,0,100,,38490,19,,,0,95,,38492,19,0,5 2 8 7,0
