6019,'1816',721,,9775,23,,,0,100,,9776,23,,,0,1202,,9788,11,,,0
6019,'1817',853,,16906,11,,,0,100,,16907,11,,,0,100,,16908,11,,,0,102,,16909,11,,,0,100,,16910,11,,,0,100,,16904,11,,,0,100,,16900,11,,,0,99,,16903,11,,,0,100,,16902,11,,,0,99,,16905,11,,,0,100,,16899,11,,,0,100,,16901,11,,,0
6019,'1820',737,,14056,23,,,0,17,,14058,23,,,0,70,,9763,23,,,0,129,,9745,23,,,0,70,,9747,23,,,0,30,,14066,23,,,0,71,,14054,23,,,0,30,,9774,23,,,0,70,,9769,23,,,0,30,,14063,23,,,0,70,,14064,23,,,0,30,,9765,23,,,0,70,,14062,23,,,0,76,,9756,23,,,0,27,,14061,23,,,0,30,,14055,23,,,0,72,,9754,23,,,0,30,,9757,23,,,0,71,,9752,23,,,0,25,,14060,23,,,0,67,,14057,23,,,0,30,,14051,23,,,0,70,,14059,23,,,0,99,,14052,23,,,0,100,,14053,23,,,0,100,,14067,23,,,0,100,,14065,23,,,0
6019,'1821',659,,9760,23,,,0,194,,9751,23,,,0,70,,9762,23,,,0
6019,'1823',737,,16920,23,,,0,17,,16924,23,,,0,70,,16926,23,,,0,129,,16911,23,,,0,70,,16913,23,,,0,30,,16935,23,,,0,71,,16916,23,,,0,30,,16937,23,,,0,70,,16932,23,,,0,30,,16931,23,,,0,70,,16933,23,,,0,30,,16928,23,,,0,70,,16930,23,,,0,76,,16921,23,,,0,27,,16929,23,,,0,30,,16918,23,,,0,72,,16919,23,,,0,30,,16922,23,,,0,71,,16917,23,,,0,25,,16927,23,,,0,67,,16923,23,,,0,30,,16912,23,,,0,70,,16925,23,,,0,99,,16914,23,,,0,100,,16915,23,,,0,100,,16936,23,,,0,100,,16934,23,,,0
6019,'1824',651,,16950,23,,,0,100,,16951,23,,,0,100,,16952,23,,,0,70,,16938,23,,,0,30,,16953,23,,,0,70,,16939,23,,,0,30,,16954,23,,,0,72,,16940,23,,,0,30,,16955,23,,,0,70,,16941,23,,,0,32,,16956,23,,,0,70,,16942,23,,,0,30,,16957,23,,,0,70,,16943,23,,,0,30,,16958,23,,,0,69,,16944,23,,,0,30,,16959,23,,,0,70,,16945,23,,,0,30,,16960,23,,,0,69,,16946,23,,,0,28,,16961,23,,,0,70,,16947,23,,,0,30,,16962,23,,,0,70,,16948,23,,,0,202,,16949,11,,,0
501029,'1817',600,,18103,3,,,0,30,,18132,3,,,0,22,,18120,15,,,0,70,,18131,15,,,0,30,,18119,15,,,0,70,,18130,15,,,0,30,,18118,15,,,0,70,,18133,15,,,0,31,,18121,15,,,0,75,,18129,15,,,0,15,,18149,15,,,0,15,,18110,15,,,0,55,,18153,15,,,0,15,,18122,15,,,0,15,,18155,15,,,0,15,,18111,15,,,0,55,,18142,15,,,0,15,,18123,15,,,0,15,,18145,15,,,0,15,,18105,15,,,0,55,,18148,15,,,0,15,,18128,15,,,0,15,,18151,15,,,0,15,,18106,15,,,0,55,,18156,15,,,0,15,,18127,15,,,0,15,,18141,15,,,0,15,,18108,15,,,0,55,,18144,15,,,0,15,,18125,15,,,0,16,,18147,15,,,0,15,,18104,15,,,0,55,,18152,15,,,0,15,,18124,15,,,0,15,,18154,15,,,0,15,,18109,15,,,0,55,,18140,15,,,0,14,,18126,15,,,0,15,,18143,15,,,0,15,,18107,15,,,0,55,,18146,15,,,0,15,,18136,15,,,0,30,,18117,15,,,0,69,,18139,15,,,0,15,,18150,15,,,0,10,,18116,15,,,0,69,,18135,15,,,0,30,,18115,15,,,0,70,,18137,15,,,0,30,,18114,15,,,0,70,,18138,15,,,0,30,,18113,15,,,0,70,,18134,15,,,0,25,,18112,15,,,0
501029,'1820',556,,15235,15,,,0,99,,15236,15,,,0,50,,15301,15,,,0,10,,15237,15,,,0,10,,15238,15,,,0,20,,15239,15,,,0,55,,15240,15,,,0,17,,15241,15,,,0,12,,15242,15,,,0,13,,15243,15,,,0,5,,15300,15,,,0,5,,15244,15,,,0,51,,15245,15,,,0,14,,15246,15,,,0,11,,15247,15,,,0,15,,15248,15,,,0,15,,15249,15,,,0,55,,15250,15,,,0,15,,15251,15,,,0,15,,15252,15,,,0,15,,15253,15,,,0,56,,15254,15,,,0,16,,15255,15,,,0,15,,15256,15,,,0,55,,15257,15,,,0,15,,15258,15,,,0,15,,15259,15,,,0,15,,15260,15,,,0,55,,15261,15,,,0,15,,15262,15,,,0,15,,15263,15,,,0,15,,15264,15,,,0,11,,15303,3,,,0,44,,15265,15,,,0,16,,15266,15,,,0,16,,15267,15,,,0,16,,15268,15,,,0,8,,15304,3,,,0,48,,15233,15,,,0,15,,15234,15,,,0,12,,15269,15,,,0,12,,15270,15,,,0,12,,15271,15,,,0,52,,15272,15,,,0,12,,15273,15,,,0,12,,15274,15,,,0,6,,15302,15,,,0,6,,15275,15,,,0,12,,15276,15,,,0,51,,15277,15,,,0,11,,15278,15,,,0,12,,15279,15,,,0,10,,15280,15,,,0,11,,15281,15,,,0,51,,15282,15,,,0,12,,15283,15,,,0,12,,15284,15,,,0,12,,15285,15,,,0,12,,15286,15,,,0,52,,15287,15,,,0,12,,15288,15,,,0,15,,15289,15,,,0,15,,15290,15,,,0,15,,15291,15,,,0,70,,15292,15,,,0,30,,15293,15,,,0,68,,15294,15,,,0,25,,15295,15,,,0,70,,15296,15,,,0,30,,15297,15,,,0,70,,15298,15,,,0,25,,15299,15,,,0
501029,'1821',1537,,11946,15,,,0
501029,'1823',556,,18159,15,,,0,99,,18160,15,,,0,50,,18225,15,,,0,10,,18161,15,,,0,10,,18162,15,,,0,20,,18163,15,,,0,55,,18164,15,,,0,17,,18165,15,,,0,12,,18166,15,,,0,13,,18167,15,,,0,5,,18224,15,,,0,5,,18168,15,,,0,51,,18169,15,,,0,14,,18170,15,,,0,11,,18171,15,,,0,15,,18172,15,,,0,15,,18173,15,,,0,55,,18174,15,,,0,15,,18175,15,,,0,15,,18176,15,,,0,15,,18177,15,,,0,56,,18178,15,,,0,16,,18179,15,,,0,15,,18180,15,,,0,55,,18181,15,,,0,15,,18182,15,,,0,15,,18183,15,,,0,15,,18184,15,,,0,55,,18185,15,,,0,15,,18186,15,,,0,15,,18187,15,,,0,15,,18188,15,,,0,11,,18227,3,,,0,44,,18189,15,,,0,16,,18190,15,,,0,16,,18191,15,,,0,16,,18192,15,,,0,8,,18228,3,,,0,48,,18157,15,,,0,15,,18158,15,,,0,12,,18193,15,,,0,12,,18194,15,,,0,12,,18195,15,,,0,52,,18196,15,,,0,12,,18197,15,,,0,12,,18198,15,,,0,6,,18226,15,,,0,6,,18199,15,,,0,12,,18200,15,,,0,51,,18201,15,,,0,11,,18202,15,,,0,12,,18203,15,,,0,10,,18204,15,,,0,11,,18205,15,,,0,51,,18206,15,,,0,12,,18207,15,,,0,12,,18208,15,,,0,12,,18209,15,,,0,12,,18210,15,,,0,52,,18211,15,,,0,12,,18212,15,,,0,15,,18213,15,,,0,15,,18214,15,,,0,15,,18215,15,,,0,70,,18216,15,,,0,30,,18217,15,,,0,68,,18218,15,,,0,25,,18219,15,,,0,70,,18220,15,,,0,30,,18221,15,,,0,70,,18222,15,,,0,25,,18223,15,,,0
501029,'1824',600,,18240,3,,,0,30,,18246,3,,,0,22,,18239,15,,,0,75,,18244,15,,,0,15,,18279,15,,,0,15,,18238,15,,,0,70,,18245,15,,,0,30,,18237,15,,,0,70,,18243,15,,,0,31,,18236,15,,,0,55,,18229,15,,,0,15,,18242,15,,,0,15,,18241,15,,,0,15,,18254,15,,,0,55,,18263,15,,,0,15,,18280,15,,,0,15,,18272,15,,,0,15,,18255,15,,,0,55,,18264,15,,,0,15,,18281,15,,,0,15,,18273,15,,,0,15,,18256,15,,,0,55,,18265,15,,,0,15,,18282,15,,,0,15,,18274,15,,,0,15,,18257,15,,,0,55,,18266,15,,,0,15,,18283,15,,,0,15,,18275,15,,,0,15,,18258,15,,,0,55,,18267,15,,,0,15,,18284,15,,,0,16,,18276,15,,,0,15,,18259,15,,,0,55,,18268,15,,,0,15,,18285,15,,,0,15,,18277,15,,,0,15,,18260,15,,,0,55,,18269,15,,,0,14,,18262,15,,,0,15,,18278,15,,,0,15,,18261,15,,,0,55,,18270,15,,,0,15,,18251,15,,,0,15,,18253,15,,,0,15,,18235,15,,,0,54,,18271,15,,,0,15,,18252,15,,,0,15,,18287,15,,,0,15,,18234,15,,,0,69,,18249,15,,,0,25,,18233,15,,,0,70,,18250,15,,,0,30,,18232,15,,,0,70,,18248,15,,,0,30,,18231,15,,,0,70,,18247,15,,,0,25,,18230,15,,,0
