15019,'1838',728,,45028,33,,,0,100,,36883,33,,,0,100,,36886,33,,,0,101,,45027,33,,,0,100,,36881,33,,,0,100,,36879,33,,,0,101,,45026,33,,,0,100,,36880,33,,,0,100,,36877,33,,,0,99,,45025,33,,,0,100,,36875,33,,,0,100,,36876,33,,,0,100,,45024,33,,,0,99,,36887,33,,,0
15019,'1865',653,,36905,33,,,0,70,,45029,33,,,0,36,,36907,33,,,0,70,,36908,33,,,0,25,,36909,33,,,0,70,,36910,33,,,0,30,,36911,33,,,0,70,,45030,33,,,0,30,,45031,33,,,0,70,,42569,33,,,0,30,,45032,33,,,0,70,,45033,33,,,0,30,,42570,33,,,0,70,,36918,33,,,0,30,,45034,33,,,0,70,,36920,33,,,0,32,,36921,33,,,0,70,,45035,33,,,0,30,,45036,33,,,0,70,,36924,33,,,0,29,,36925,33,,,0,70,,36926,33,,,0,28,,45037,33,,,0,70,,36928,33,,,0,30,,45038,33,,,0,70,,45039,33,,,0,30,,36931,33,,,0,100,,45040,33,,,0,98,,45041,33,,,0,100,,45042,33,0,5 2 6 7,0
15019,'1866',728,,36935,33,,,0,100,,45043,33,,,0,100,,36937,33,,,0,101,,36938,33,,,0,100,,45044,33,,,0,100,,36940,33,,,0,101,,36941,33,,,0,100,,45045,33,,,0,100,,36943,33,,,0,99,,36944,33,,,0,100,,45046,33,,,0,100,,36946,33,,,0,100,,36947,33,,,0,99,,45047,33,,,0
15019,'1867',728,,45053,33,,,0,100,,36959,33,,,0,100,,36962,33,,,0,101,,45052,33,,,0,100,,36957,33,,,0,100,,36955,33,,,0,101,,45051,33,,,0,100,,36956,33,,,0,100,,36953,33,,,0,99,,45050,33,,,0,100,,36951,33,,,0,100,,36952,33,,,0,100,,45049,33,,,0,99,,36963,33,,,0
15019,'1873',728,,30301,33,,,0,200,,30303,33,,,0,101,,30304,33,,,0,200,,30306,33,,,0,101,,30307,33,,,0,200,,30309,33,,,0,99,,30310,33,,,0,200,,30312,33,,,0,100,,30313,33,,,0
15019,'1878',828,,30325,33,,,0,100,,30328,33,,,0,201,,30323,33,,,0,100,,30321,33,,,0,201,,30322,33,,,0,100,,30319,33,,,0,199,,30317,33,,,0,100,,30318,33,,,0,199,,30329,33,,,0
15019,'1881',723,,36889,33,,,0,301,,36890,33,,,0,30,,36891,33,,,0,100,,36893,33,,,0,70,,36894,33,,,0,130,,36896,33,,,0,172,,36897,33,,,0,30,,36898,33,,,0,197,,30384,33,,,0,100,,36899,33,,,0,70,,42574,33,,,0,130,,36901,33,,,0,98,,36902,33,,,0,100,,36903,33,0,5 2 6 7,0
15019,'1882',653,,30362,33,,,0,106,,30364,33,,,0,70,,30365,33,,,0,25,,30366,33,,,0,70,,30367,33,,,0,30,,30368,33,,,0,170,,42572,33,,,0,130,,42573,33,,,0,70,,30375,33,,,0,100,,30377,33,,,0,32,,30378,33,,,0,170,,30381,33,,,0,29,,30382,33,,,0,70,,30383,33,,,0,98,,30385,33,,,0,130,,30388,33,,,0
15019,'1886',723,,45054,33,,,0,301,,45055,33,,,0,30,,45056,33,,,0,100,,45057,33,,,0,70,,45058,33,,,0,130,,45059,33,,,0,172,,45060,33,,,0,30,,45061,33,,,0,197,,45062,33,,,0,100,,45063,33,,,0,70,,45064,33,,,0,130,,45065,33,,,0,98,,45066,33,,,0,100,,45067,33,0,5 2 6 7,0
15019,'1887',828,,45068,33,,,0,301,,45069,33,,,0,301,,45070,33,,,0,299,,45071,33,,,0,299,,45072,33,,,0
15019,'1888',728,,45078,33,,,0,301,,45077,33,,,0,301,,45076,33,,,0,299,,45075,33,,,0,300,,45074,33,,,0
