11019,'1800',850,,29840,3,,,0,100,,36443,3,,,0,103,,36444,3,,,0,100,,29843,3,,,0,100,,36445,3,,,0,100,,36446,3,,,0,100,,29846,3,,,0,100,,36447,3,,,0,100,,36448,3,,,0,97,,29849,3,,,0,100,,29850,3,,,0,100,,36449,3,,,0,95,,36450,3,0,5 2 8 7,0
11019,'1838',850,,36451,3,,,0,100,,36452,3,,,0,103,,36453,3,,,0,100,,36454,3,,,0,100,,36455,3,,,0,100,,36456,3,,,0,100,,36457,3,,,0,100,,36458,3,,,0,100,,36459,3,,,0,97,,36460,3,,,0,100,,36461,3,,,0,100,,36462,3,,,0,95,,36463,3,0,5 2 8 7,0
11019,'1850',650,,29894,3,,,0,101,,29895,3,,,0,99,,29896,3,,,0,100,,29897,3,,,0,100,,29898,3,,,0,100,,29899,3,,,0,100,,29900,3,,,0,100,,29901,3,,,0,100,,29902,3,,,0,100,,29903,3,,,0,100,,29904,3,,,0,100,,29905,3,,,0,100,,29906,3,,,0,100,,29907,3,,,0,100,,29908,3,,,0,95,,29909,3,0,5 2 8 7,0
11019,'1859',850,,29870,3,,,0,100,,29871,3,,,0,403,,29875,3,,,0,200,,29877,3,,,0,100,,29878,3,,,0
11019,'1861',850,,29881,3,,,0,303,,29884,3,,,0,300,,29887,3,,,0,297,,29890,3,,,0,100,,29891,3,,,0
11019,'1862',650,,36466,3,,,0,100,,36467,3,,,0,300,,36468,3,,,0,103,,36469,3,,,0,100,,36470,3,,,0,200,,36471,3,,,0,297,,36472,3,,,0,100,,36464,3,,,0,100,,36465,3,,,0,100,,36473,3,0,5 2 8 7,0
11019,'1863',950,,36474,3,,,0,103,,36475,3,,,0,200,,36476,3,,,0,100,,36477,3,,,0,200,,36478,3,,,0,100,,36479,3,,,0,297,,36480,3,,,0,95,,36481,3,0,5 2 8 7,0
11019,'1864',650,,29910,3,,,0,101,,29911,3,,,0,99,,29912,3,,,0,100,,36482,3,,,0,100,,29914,3,,,0,100,,36483,3,,,0,100,,36484,3,,,0,100,,36485,3,,,0,100,,36486,3,,,0,100,,36487,3,,,0,100,,36488,3,,,0,100,,36489,3,,,0,100,,36490,3,,,0,100,,29923,3,,,0,100,,36491,3,,,0,95,,29925,3,0,5 2 8 7,0
11019,'1865',650,,36492,3,,,0,101,,36493,3,,,0,99,,36494,3,,,0,100,,36495,3,,,0,100,,36496,3,,,0,100,,36497,3,,,0,100,,36498,3,,,0,100,,36499,3,,,0,100,,36500,3,,,0,100,,36501,3,,,0,100,,36502,3,,,0,100,,36503,3,,,0,100,,36504,3,,,0,100,,36505,3,,,0,100,,36506,3,,,0,95,,36507,3,0,5 2 8 7,0
11019,'1866',650,,36510,3,,,0,100,,36511,3,,,0,100,,36512,3,,,0,100,,36513,3,,,0,100,,36514,3,,,0,103,,36515,3,,,0,100,,36516,3,,,0,100,,36517,3,,,0,100,,36518,3,,,0,100,,36519,3,,,0,100,,36520,3,,,0,97,,36521,3,,,0,100,,36508,3,,,0,100,,36509,3,,,0,100,,36522,3,0,5 2 8 7,0
11019,'1867',850,,36523,3,,,0,100,,36524,3,,,0,103,,36525,3,,,0,100,,36526,3,,,0,100,,36527,3,,,0,100,,36528,3,,,0,100,,36529,3,,,0,100,,36530,3,,,0,100,,36531,3,,,0,97,,36532,3,,,0,100,,36533,3,,,0,100,,36534,3,,,0,95,,36535,3,0,5 2 8 7,0
