15029,'1838',725,,36977,34,,,0,98,,45082,34,,,0,100,,36974,34,,,0,100,,36975,34,,,0,101,,45083,34,,,0,100,,36972,34,,,0,100,,36969,34,,,0,102,,45081,34,,,0,100,,36971,34,,,0,100,,36968,34,,,0,99,,45080,34,,,0,99,,36966,34,,,0,100,,36967,34,,,0,100,,45079,34,,,0
15029,'1865',651,,36995,34,,,0,69,,36996,34,,,0,34,,36997,34,,,0,71,,45086,34,,,0,33,,36999,34,,,0,70,,37000,34,,,0,25,,37001,34,,,0,70,,37002,34,,,0,30,,37003,34,,,0,70,,45087,34,,,0,30,,45088,34,,,0,70,,42575,34,,,0,30,,45089,34,,,0,70,,45090,34,,,0,30,,42576,34,,,0,70,,37010,34,,,0,32,,45091,34,,,0,75,,37012,34,,,0,72,,37013,34,,,0,30,,45092,34,,,0,69,,45093,34,,,0,23,,37016,34,,,0,29,,37017,34,,,0,69,,37018,34,,,0,27,,45094,34,,,0,70,,37020,34,,,0,30,,45095,34,,,0,70,,45096,34,,,0,30,,37023,34,,,0,100,,45098,34,,,0,97,,45097,34,,,0
15029,'1866',730,,37029,34,,,0,93,,37030,34,,,0,100,,45100,34,,,0,100,,37032,34,,,0,101,,37033,34,,,0,100,,45101,34,,,0,100,,37035,34,,,0,104,,37036,34,,,0,100,,45102,34,,,0,99,,37038,34,,,0,98,,37039,34,,,0,99,,45103,34,,,0,100,,37026,34,,,0,100,,37027,34,,,0
15029,'1867',725,,37054,34,,,0,98,,45107,34,,,0,100,,37051,34,,,0,100,,37052,34,,,0,101,,45108,34,,,0,100,,37049,34,,,0,100,,37046,34,,,0,102,,45106,34,,,0,100,,37048,34,,,0,100,,37045,34,,,0,99,,45105,34,,,0,99,,37043,34,,,0,100,,37044,34,,,0,100,,45104,34,,,0
15029,'1873',730,,30423,34,,,0,93,,30424,34,,,0,200,,30426,34,,,0,101,,30427,34,,,0,200,,30429,34,,,0,104,,30430,34,,,0,199,,30432,34,,,0,98,,30433,34,,,0,199,,30420,34,,,0,100,,30421,34,,,0
15029,'1878',725,,30448,34,,,0,198,,30445,34,,,0,100,,30446,34,,,0,201,,30443,34,,,0,100,,30440,34,,,0,202,,30442,34,,,0,100,,30439,34,,,0,198,,30437,34,,,0,100,,30438,34,,,0
15029,'1881',825,,36979,34,,,0,298,,36980,34,,,0,30,,36981,34,,,0,100,,36983,34,,,0,70,,36984,34,,,0,132,,36986,34,,,0,177,,36987,34,,,0,69,,36988,34,,,0,148,,30508,34,,,0,100,,36989,34,,,0,70,,42580,34,,,0,130,,36992,34,,,0,97,,36991,34,,,0
15029,'1882',651,,30484,34,,,0,69,,30485,34,,,0,34,,30486,34,,,0,104,,30488,34,,,0,70,,30489,34,,,0,25,,30490,34,,,0,70,,30491,34,,,0,30,,30492,34,,,0,170,,42578,34,,,0,130,,42579,34,,,0,70,,30499,34,,,0,107,,30501,34,,,0,72,,30502,34,,,0,122,,30505,34,,,0,29,,30506,34,,,0,69,,30507,34,,,0,97,,30509,34,,,0,130,,30512,34,,,0
15029,'1886',825,,45111,34,,,0,298,,45112,34,,,0,30,,45113,34,,,0,100,,45114,34,,,0,70,,45115,34,,,0,132,,45116,34,,,0,177,,45117,34,,,0,69,,45118,34,,,0,148,,45119,34,,,0,100,,45120,34,,,0,70,,45121,34,,,0,130,,45123,34,,,0,97,,45122,34,,,0
15029,'1887',923,,45125,34,,,0,301,,45126,34,,,0,304,,45127,34,,,0,296,,45128,34,,,0
15029,'1888',823,,45132,34,,,0,301,,45133,34,,,0,302,,45131,34,,,0,299,,45130,34,,,0,299,,45129,34,,,0
