22029,'1838',813,,45551,13,,,0,100,,43199,13,,,0,100,,45552,13,,,0,100,,45553,13,,,0,100,,45554,13,,,0,101,,45555,13,,,0,100,,45556,13,,,0,100,,45557,13,,,0,100,,43206,13,,,0,99,,45558,13,,,0
22029,'1865',924,,45561,13,,,0,27,,43220,13,,,0,70,,43225,13,,,0,30,,45562,13,,,0,70,,43226,13,,,0,30,,43222,13,,,0,70,,45560,13,,,0,30,,43223,13,,,0,70,,43224,13,,,0,31,,43227,13,,,0,70,,43228,13,,,0,30,,43229,13,,,0,70,,45563,13,,,0,32,,43231,13,,,0,70,,43232,13,,,0,30,,43233,13,,,0,68,,43234,13,,,0,30,,43235,13,,,0,70,,45564,13,,,0,27,,43237,13,,,0,70,,43238,13,,,0,30,,43239,13,,,0,65,,43240,13,,,0,30,,45565,13,,,0,69,,43242,13,,,0
22029,'1866',843,,43244,13,,,0,70,,43245,13,,,0,30,,43246,13,,,0,70,,43247,13,,,0,30,,43248,13,,,0,70,,43249,13,,,0,30,,43250,13,,,0,70,,43251,13,,,0,31,,43252,13,,,0,70,,43253,13,,,0,31,,43254,13,,,0,69,,43255,13,,,0,31,,43256,13,,,0,70,,43257,13,,,0,30,,43258,13,,,0,70,,43259,13,,,0,29,,43260,13,,,0,69,,43261,13,,,0
22029,'1867',813,,45566,13,,,0,100,,43277,13,,,0,100,,45567,13,,,0,100,,45568,13,,,0,100,,45569,13,,,0,101,,45570,13,,,0,100,,45571,13,,,0,100,,45572,13,,,0,100,,43284,13,,,0,99,,45573,13,,,0
22029,'1873',843,,43322,13,,,0,70,,43323,13,,,0,30,,43324,13,,,0,70,,43325,13,,,0,30,,43326,13,,,0,70,,43327,13,,,0,30,,43328,13,,,0,70,,43329,13,,,0,31,,43330,13,,,0,70,,43331,13,,,0,31,,43332,13,,,0,69,,43333,13,,,0,31,,43334,13,,,0,70,,43335,13,,,0,30,,43336,13,,,0,70,,43337,13,,,0,29,,43338,13,,,0,69,,43339,13,,,0
22029,'1878',913,,43355,13,,,0,701,,43362,13,,,0
22029,'1881',924,,43297,13,,,0,127,,43299,13,,,0,170,,43291,13,,,0,301,,43308,13,,,0,300,,43314,13,,,0,222,,43319,13,,,0
22029,'1882',951,,43298,13,,,0,70,,43303,13,,,0,100,,43304,13,,,0,30,,43300,13,,,0,100,,43301,13,,,0,70,,43302,13,,,0,31,,43305,13,,,0,70,,43306,13,,,0,30,,43307,13,,,0,102,,43309,13,,,0,70,,43310,13,,,0,30,,43311,13,,,0,68,,43312,13,,,0,30,,43313,13,,,0,97,,43315,13,,,0,70,,43316,13,,,0,30,,43317,13,,,0,65,,43318,13,,,0,99,,43320,13,,,0
22029,'1886',924,,45576,13,,,0,127,,45577,13,,,0,170,,45575,13,,,0,301,,45578,13,,,0,300,,45579,13,,,0,222,,45580,13,,,0
22029,'1888',813,,45581,13,,,0,200,,45582,13,,,0,100,,45583,13,,,0,100,,45584,13,,,0,101,,45585,13,,,0,100,,45586,13,,,0,100,,45587,13,,,0,199,,45588,13,,,0
