14019,'1800',646,,30160,10,,,0,100,,30161,10,,,0,101,,36755,10,,,0,100,,36756,10,,,0,100,,30151,10,,,0,100,,36757,10,,,0,100,,36758,10,,,0,101,,30154,10,,,0,100,,36759,10,,,0,100,,36760,10,,,0,99,,30157,10,,,0,100,,30158,10,,,0,100,,36761,10,,,0,99,,36754,10,,,0,95,,30147,10,,,0
14019,'1838',646,,36775,10,,,0,100,,36776,10,,,0,101,,36764,10,,,0,100,,36765,10,,,0,100,,36766,10,,,0,100,,36767,10,,,0,100,,36768,10,,,0,101,,36769,10,,,0,100,,36770,10,,,0,100,,36771,10,,,0,99,,36772,10,,,0,100,,36773,10,,,0,100,,36774,10,,,0,99,,36763,10,,,0,95,,36762,10,,,0
14019,'1850',521,,30239,10,,,0,100,,30238,10,,,0,80,,30209,10,,,0,30,,30222,10,,,0,28,,30210,10,,,0,63,,30223,10,,,0,30,,30211,10,,,0,70,,30224,10,,,0,30,,30212,10,,,0,70,,30225,10,,,0,30,,30213,10,,,0,70,,30226,10,,,0,30,,30214,10,,,0,70,,30227,10,,,0,30,,30215,10,,,0,70,,30228,10,,,0,30,,30216,10,,,0,70,,30229,10,,,0,30,,30217,10,,,0,71,,30230,10,,,0,80,,30218,10,,,0,30,,30231,10,,,0,70,,30219,10,,,0,30,,30232,10,,,0,70,,30220,10,,,0,19,,30233,10,,,0,30,,30221,10,,,0,70,,30234,10,,,0,30,,30240,10,,,0,69,,30235,10,,,0,92,,30236,10,,,0,100,,30237,10,,,0
14019,'1859',746,,30178,10,,,0,101,,30179,10,,,0,400,,30183,10,,,0,201,,30185,10,,,0,100,,30186,10,,,0,498,,30191,10,,,0,95,,30192,10,,,0
14019,'1861',646,,30207,10,,,0,100,,30208,10,,,0,301,,30198,10,,,0,301,,30201,10,,,0,299,,30204,10,,,0,100,,30205,10,,,0,294,,30194,10,,,0
14019,'1862',646,,36777,10,,,0,301,,36778,10,,,0,100,,36779,10,,,0,100,,36780,10,,,0,201,,36781,10,,,0,299,,36782,10,,,0,100,,36783,10,,,0,100,,36784,10,,,0,99,,36785,10,,,0,295,,36786,10,,,0
14019,'1863',847,,36788,10,,,0,100,,36789,10,,,0,200,,36790,10,,,0,100,,36791,10,,,0,201,,36792,10,,,0,100,,36793,10,,,0,299,,36794,10,,,0,99,,36787,10,,,0
14019,'1864',521,,30271,10,,,0,100,,30270,10,,,0,80,,30241,10,,,0,30,,30254,10,,,0,28,,30242,10,,,0,63,,30255,10,,,0,30,,30243,10,,,0,70,,30256,10,,,0,30,,30244,10,,,0,70,,36801,10,,,0,30,,36795,10,,,0,70,,36802,10,,,0,30,,30246,10,,,0,70,,30259,10,,,0,30,,30247,10,,,0,70,,36803,10,,,0,30,,36796,10,,,0,70,,36804,10,,,0,30,,36797,10,,,0,71,,36805,10,,,0,80,,36798,10,,,0,30,,30263,10,,,0,70,,36799,10,,,0,30,,36806,10,,,0,70,,30252,10,,,0,19,,36807,10,,,0,30,,36800,10,,,0,70,,30266,10,,,0,30,,36809,10,,,0,69,,36808,10,,,0,92,,30268,10,,,0,100,,30269,10,,,0
14019,'1865',521,,36840,10,,,0,100,,36839,10,,,0,80,,36810,10,,,0,30,,36823,10,,,0,28,,36811,10,,,0,63,,36824,10,,,0,30,,36812,10,,,0,70,,36825,10,,,0,30,,36813,10,,,0,70,,36826,10,,,0,30,,36814,10,,,0,70,,36827,10,,,0,30,,36815,10,,,0,70,,36828,10,,,0,30,,36816,10,,,0,70,,36829,10,,,0,30,,36817,10,,,0,70,,36830,10,,,0,30,,36818,10,,,0,71,,36831,10,,,0,80,,36819,10,,,0,30,,36832,10,,,0,70,,36820,10,,,0,30,,36833,10,,,0,70,,36821,10,,,0,19,,36834,10,,,0,30,,36822,10,,,0,70,,36835,10,,,0,30,,36841,10,,,0,69,,36836,10,,,0,92,,36837,10,,,0,100,,36838,10,,,0
14019,'1866',646,,36842,10,,,0,100,,36843,10,,,0,101,,36844,10,,,0,100,,36845,10,,,0,100,,36846,10,,,0,100,,36847,10,,,0,100,,36848,10,,,0,101,,36849,10,,,0,100,,36850,10,,,0,100,,36851,10,,,0,99,,36852,10,,,0,100,,36853,10,,,0,100,,36854,10,,,0,99,,36855,10,,,0,100,,36856,10,,,0,95,,36857,10,,,0,100,,36858,10,,,0
14019,'1867',646,,36872,10,,,0,100,,36873,10,,,0,101,,36861,10,,,0,100,,36862,10,,,0,100,,36863,10,,,0,100,,36864,10,,,0,100,,36865,10,,,0,101,,36866,10,,,0,100,,36867,10,,,0,100,,36868,10,,,0,99,,36869,10,,,0,100,,36870,10,,,0,100,,36871,10,,,0,99,,36860,10,,,0,95,,36859,10,,,0
