1019,'1796',546,,19171,18,,,0,70,,19194,18,,,0,30,,19169,18,,,0,70,,19164,18,,,0,31,,19183,18,,,0,71,,19166,18,,,0,30,,19172,18,,,0,70,,19197,18,,,0,30,,19168,18,,,0,70,,19162,18,,,0,31,,19182,18,,,0,70,,19167,18,,,0,30,,19173,18,,,0,70,,19193,18,,,0,30,,19170,18,,,0,70,,19163,18,,,0,30,,19195,18,,,0,70,,19165,18,,,0,30,,19174,18,,,0,70,,19192,18,,,0,29,,19185,18,,,0,70,,19177,18,,,0,30,,19175,18,,,0,70,,19178,18,,,0,30,,19180,18,,,0,70,,19179,18,,,0,29,,19176,18,,,0,70,,19196,18,,,0,30,,19190,18,,,0,70,,19191,18,,,0,30,,19189,18,,,0,70,,19188,18,,,0,34,,19187,18,,,0,70,,19186,18,,,0,30,,19184,18,,,0,65,,19181,18,,,0
1019,'1797',546,,19209,18,,,0,70,,19223,18,,,0,30,,19208,18,,,0,70,,19228,18,,,0,31,,19218,18,,,0,70,,19202,18,,,0,30,,19224,18,,,0,70,,19226,18,,,0,30,,19207,18,,,0,70,,19229,18,,,0,30,,19217,18,,,0,70,,19201,18,,,0,30,,19212,18,,,0,70,,19222,18,,,0,30,,19206,18,,,0,70,,19230,18,,,0,30,,19216,18,,,0,70,,19200,18,,,0,30,,19211,18,,,0,70,,19221,18,,,0,30,,19205,18,,,0,70,,19231,18,,,0,30,,19215,18,,,0,70,,19199,18,,,0,30,,19210,18,,,0,70,,19220,18,,,0,30,,19203,18,,,0,70,,19232,18,,,0,30,,19213,18,,,0,70,,19198,18,,,0,30,,19204,18,,,0,70,,19219,18,,,0,34,,19214,18,,,0,70,,19233,18,,,0,30,,19227,18,,,0,65,,19225,18,,,0
1019,'1798',616,,19234,18,,,0,100,,19235,18,,,0,101,,19236,18,,,0,100,,19237,18,,,0,100,,19238,18,,,0,100,,19239,18,,,0,100,,19240,18,,,0,100,,19241,18,,,0,100,,19242,18,,,0,100,,19243,18,,,0,100,,19244,18,,,0,100,,19245,18,,,0,100,,19246,18,,,0,100,,19247,18,,,0,100,,19248,18,,,0,100,,19249,18,,,0,104,,19250,18,,,0,95,,19251,18,,,0
1019,'1799',616,,19252,18,,,0,100,,19253,18,,,0,101,,19254,18,,,0,100,,19255,18,,,0,100,,19256,18,,,0,100,,19257,18,,,0,100,,19258,18,,,0,100,,19259,18,,,0,100,,19260,18,,,0,100,,19261,18,,,0,100,,19262,18,,,0,100,,19263,18,,,0,100,,19264,18,,,0,100,,19265,18,,,0,100,,19266,18,,,0,100,,19267,18,,,0,104,,19268,18,,,0,95,,19269,18,,,0
1019,'1800',616,,19270,18,,,0,100,,19271,18,,,0,101,,19272,18,,,0,100,,19273,18,,,0,100,,19274,18,,,0,100,,19275,18,,,0,100,,19276,18,,,0,100,,19277,18,,,0,100,,19278,18,,,0,100,,19279,18,,,0,100,,19280,18,,,0,100,,19281,18,,,0,100,,19282,18,,,0,100,,19283,18,,,0,100,,19284,18,,,0,100,,19285,18,,,0,104,,19286,18,,,0,95,,19287,18,,,0
1019,'1817',616,,16535,18,,,0,100,,16536,18,,,0,101,,16537,18,,,0,100,,16538,18,,,0,100,,16539,18,,,0,100,,16540,18,,,0,100,,16541,18,,,0,100,,16542,18,,,0,100,,16543,18,,,0,100,,16544,18,,,0,100,,16545,18,,,0,100,,16546,18,,,0,100,,16547,18,,,0,100,,16548,18,,,0,100,,16549,18,,,0,100,,16550,18,,,0,104,,16551,18,,,0,95,,16552,18,,,0
1019,'1824',546,,16600,18,,,0,70,,16614,18,,,0,30,,16599,18,,,0,70,,16619,18,,,0,31,,16609,18,,,0,70,,16593,18,,,0,30,,16615,18,,,0,70,,16617,18,,,0,30,,16598,18,,,0,70,,16620,18,,,0,30,,16608,18,,,0,70,,16592,18,,,0,30,,16603,18,,,0,70,,16613,18,,,0,30,,16597,18,,,0,70,,16621,18,,,0,30,,16607,18,,,0,70,,16591,18,,,0,30,,16602,18,,,0,70,,16612,18,,,0,30,,16596,18,,,0,70,,16622,18,,,0,30,,16606,18,,,0,70,,16590,18,,,0,30,,16601,18,,,0,70,,16611,18,,,0,30,,16594,18,,,0,70,,16623,18,,,0,30,,16604,18,,,0,70,,16589,18,,,0,30,,16595,18,,,0,70,,16610,18,,,0,34,,16605,18,,,0,70,,16624,18,,,0,30,,16618,18,,,0,65,,16616,18,,,0
32019,'1796',633,,22046,18,,,0,26,,22062,18,,,0,71,,22041,18,,,0,70,,22057,18,,,0,30,,22067,18,,,0,70,,22051,18,,,0,30,,22049,18,,,0,70,,22061,18,,,0,30,,22039,18,,,0,70,,22055,18,,,0,30,,22066,18,,,0,70,,22053,18,,,0,30,,22048,18,,,0,70,,22060,18,,,0,30,,22042,18,,,0,70,,22054,18,,,0,30,,22065,18,,,0,70,,22052,18,,,0,31,,22045,18,,,0,70,,22059,18,,,0,31,,22038,18,,,0,69,,22056,18,,,0,29,,22064,18,,,0,70,,22050,18,,,0,30,,22047,18,,,0,70,,22058,18,,,0,29,,22043,18,,,0,100,,22063,18,,,0,99,,22044,18,,,0,100,,22040,18,,,0,95,,22073,18,0,5 2 8 7,0
32019,'1797',633,,22087,18,,,0,25,,22104,18,,,0,70,,22081,18,,,0,30,,22098,18,,,0,70,,22105,18,,,0,30,,22093,18,,,0,70,,22086,18,,,0,30,,22103,18,,,0,70,,22080,18,,,0,30,,22097,18,,,0,71,,22108,18,,,0,30,,22092,18,,,0,70,,22085,18,,,0,30,,22102,18,,,0,70,,22079,18,,,0,30,,22096,18,,,0,70,,22107,18,,,0,30,,22091,18,,,0,70,,22084,18,,,0,30,,22101,18,,,0,70,,22078,18,,,0,30,,22095,18,,,0,70,,22109,18,,,0,30,,22090,18,,,0,70,,22083,18,,,0,30,,22099,18,,,0,70,,22077,18,,,0,100,,22106,18,,,0,99,,22082,18,,,0,100,,22076,18,,,0,100,,22110,18,0,5 2 8 7,0
32019,'1798',633,,22113,18,,,0,95,,22114,18,,,0,100,,22115,18,,,0,100,,22116,18,,,0,100,,22117,18,,,0,101,,22118,18,,,0,100,,22119,18,,,0,100,,22120,18,,,0,100,,22121,18,,,0,100,,22122,18,,,0,100,,22123,18,,,0,100,,22124,18,,,0,100,,22125,18,,,0,100,,22126,18,,,0,100,,22127,18,,,0,99,,22128,18,,,0,100,,22129,18,,,0,95,,22131,18,0,5 2 8 7,0
32019,'1799',633,,22132,18,,,0,95,,22133,18,,,0,100,,22134,18,,,0,100,,22135,18,,,0,100,,22136,18,,,0,101,,22137,18,,,0,100,,22138,18,,,0,100,,22139,18,,,0,100,,22140,18,,,0,100,,22141,18,,,0,100,,22142,18,,,0,100,,22143,18,,,0,100,,22144,18,,,0,100,,22145,18,,,0,100,,22146,18,,,0,99,,22147,18,,,0,100,,22148,18,,,0,95,,22150,18,0,5 2 8 7,0
32019,'1800',633,,22151,18,,,0,95,,22152,18,,,0,100,,22153,18,,,0,100,,22154,18,,,0,100,,22155,18,,,0,101,,22156,18,,,0,100,,22157,18,,,0,100,,22158,18,,,0,100,,22159,18,,,0,100,,22160,18,,,0,100,,22161,18,,,0,100,,22162,18,,,0,100,,22163,18,,,0,100,,22164,18,,,0,100,,22165,18,,,0,99,,22166,18,,,0,100,,22167,18,,,0,95,,22169,18,0,5 2 8 7,0
32019,'1817',633,,17897,18,,,0,95,,17898,18,,,0,100,,17899,18,,,0,100,,17900,18,,,0,100,,17901,18,,,0,101,,17902,18,,,0,100,,17903,18,,,0,100,,17904,18,,,0,100,,17905,18,,,0,100,,17906,18,,,0,100,,17907,18,,,0,100,,17908,18,,,0,100,,17909,18,,,0,100,,17910,18,,,0,100,,17911,18,,,0,99,,17912,18,,,0,100,,17913,18,,,0,95,,17915,18,0,5 2 8 7,0
32019,'1824',633,,17965,18,,,0,25,,17982,18,,,0,70,,17959,18,,,0,30,,17976,18,,,0,70,,17983,18,,,0,30,,17971,18,,,0,70,,17964,18,,,0,30,,17981,18,,,0,70,,17958,18,,,0,30,,17975,18,,,0,71,,17986,18,,,0,30,,17970,18,,,0,70,,17963,18,,,0,30,,17980,18,,,0,70,,17957,18,,,0,30,,17974,18,,,0,70,,17985,18,,,0,30,,17969,18,,,0,70,,17962,18,,,0,30,,17979,18,,,0,70,,17956,18,,,0,30,,17973,18,,,0,70,,17987,18,,,0,30,,17968,18,,,0,70,,17961,18,,,0,30,,17977,18,,,0,70,,17955,18,,,0,100,,17984,18,,,0,99,,17960,18,,,0,100,,17954,18,,,0,100,,17988,18,0,5 2 8 7,0
