15019,'1838',749,,45028,62,,,0,100,,36883,62,,,0,100,,36886,62,,,0,101,,45027,62,,,0,100,,36881,62,,,0,100,,36879,62,,,0,102,,45026,62,,,0,100,,36880,62,,,0,100,,36877,62,,,0,99,,45025,62,,,0,99,,36875,62,,,0,100,,36876,62,,,0,100,,45024,62,,,0,99,,36887,62,,,0
15019,'1865',715,,36905,62,,,0,31,,45029,62,,,0,76,,36907,62,,,0,30,,36908,62,,,0,65,,36909,62,,,0,30,,36910,62,,,0,70,,36911,62,,,0,30,,45030,62,,,0,70,,45031,62,,,0,30,,42569,62,,,0,70,,45032,62,,,0,30,,45033,62,,,0,70,,42570,62,,,0,30,,36918,62,,,0,70,,45034,62,,,0,33,,36920,62,,,0,72,,36921,62,,,0,30,,45035,62,,,0,69,,45036,62,,,0,29,,36924,62,,,0,69,,36925,62,,,0,29,,36926,62,,,0,67,,45037,62,,,0,30,,36928,62,,,0,70,,45038,62,,,0,30,,45039,62,,,0,70,,36931,62,,,0,100,,45040,62,,,0,98,,45041,62,,,0
15019,'1866',749,,36935,62,,,0,100,,45043,62,,,0,100,,36937,62,,,0,101,,36938,62,,,0,100,,45044,62,,,0,100,,36940,62,,,0,103,,36941,62,,,0,100,,45045,62,,,0,100,,36943,62,,,0,98,,36944,62,,,0,99,,45046,62,,,0,100,,36946,62,,,0,100,,36947,62,,,0,99,,45047,62,,,0
15019,'1867',749,,45053,62,,,0,100,,36959,62,,,0,100,,36962,62,,,0,101,,45052,62,,,0,100,,36957,62,,,0,100,,36955,62,,,0,102,,45051,62,,,0,100,,36956,62,,,0,100,,36953,62,,,0,99,,45050,62,,,0,99,,36951,62,,,0,100,,36952,62,,,0,100,,45049,62,,,0,99,,36963,62,,,0
15019,'1873',749,,30301,62,,,0,200,,30303,62,,,0,101,,30304,62,,,0,200,,30306,62,,,0,103,,30307,62,,,0,200,,30309,62,,,0,98,,30310,62,,,0,199,,30312,62,,,0,100,,30313,62,,,0
15019,'1878',849,,30325,62,,,0,100,,30328,62,,,0,201,,30323,62,,,0,100,,30321,62,,,0,202,,30322,62,,,0,100,,30319,62,,,0,198,,30317,62,,,0,100,,30318,62,,,0,199,,30329,62,,,0
15019,'1881',746,,36889,62,,,0,301,,36890,62,,,0,70,,36891,62,,,0,100,,36893,62,,,0,30,,36894,62,,,0,170,,36896,62,,,0,135,,36897,62,,,0,69,,36898,62,,,0,194,,30384,62,,,0,100,,36899,62,,,0,30,,42574,62,,,0,170,,36901,62,,,0,98,,36902,62,,,0
15019,'1882',715,,30362,62,,,0,107,,30364,62,,,0,30,,30365,62,,,0,65,,30366,62,,,0,30,,30367,62,,,0,70,,30368,62,,,0,130,,42572,62,,,0,170,,42573,62,,,0,30,,30375,62,,,0,103,,30377,62,,,0,72,,30378,62,,,0,128,,30381,62,,,0,69,,30382,62,,,0,29,,30383,62,,,0,97,,30385,62,,,0,170,,30388,62,,,0
15019,'1886',746,,45054,62,,,0,301,,45055,62,,,0,70,,45056,62,,,0,100,,45057,62,,,0,30,,45058,62,,,0,170,,45059,62,,,0,135,,45060,62,,,0,69,,45061,62,,,0,194,,45062,62,,,0,100,,45063,62,,,0,30,,45064,62,,,0,170,,45065,62,,,0,98,,45066,62,,,0
15019,'1887',849,,45068,62,,,0,301,,45069,62,,,0,303,,45070,62,,,0,297,,45071,62,,,0,299,,45072,62,,,0
15019,'1888',749,,45078,62,,,0,301,,45077,62,,,0,302,,45076,62,,,0,299,,45075,62,,,0,299,,45074,62,,,0
