501029,'1799',704,,22696,5,,,0,100,,22695,5,,,0,100,,22698,5,,,0,150,,22718,5,,,0,85,,22676,5,,,0,115,,22713,5,,,0,85,,22671,5,,,0,115,,22709,5,,,0,86,,22669,5,,,0,115,,22705,5,,,0,85,,22672,5,,,0,184,,22715,5,,,0,10,,22681,5,,,0,300,,22678,5,,,0,95,,22677,5,,,0
501029,'1800',634,,26431,5,,,0,70,,22750,5,,,0,30,,26430,5,,,0,70,,22749,5,,,0,30,,26429,5,,,0,70,,22752,5,,,0,30,,26432,5,,,0,75,,26440,5,,,0,15,,26453,5,,,0,15,,26425,5,,,0,15,,22772,5,,,0,55,,26433,5,,,0,15,,26457,5,,,0,15,,22730,5,,,0,15,,26448,5,,,0,55,,26434,5,,,0,15,,26450,5,,,0,15,,26422,5,,,0,15,,22767,5,,,0,55,,26439,5,,,0,15,,26454,5,,,0,15,,22725,5,,,0,15,,26458,5,,,0,55,,26438,5,,,0,15,,26447,5,,,0,15,,26423,5,,,0,15,,22763,5,,,0,55,,26436,5,,,0,16,,26452,5,,,0,15,,22723,5,,,0,15,,26455,5,,,0,55,,26435,5,,,0,15,,26456,5,,,0,15,,26424,5,,,0,15,,22759,5,,,0,55,,26437,5,,,0,15,,26449,5,,,0,15,,22726,5,,,0,15,,26451,5,,,0,55,,26443,5,,,0,30,,26428,5,,,0,69,,26446,5,,,0,15,,22769,5,,,0,10,,22735,5,,,0,70,,26442,5,,,0,30,,26427,5,,,0,70,,26444,5,,,0,30,,26426,5,,,0,70,,26445,5,,,0,30,,22732,5,,,0,70,,26441,5,,,0,25,,22731,5,,,0
501029,'1829',539,,22484,5,,,0,95,,22485,5,,,0,10,,22551,5,,,0,112,,22490,5,,,0,86,,22494,5,,,0,67,,22496,5,,,0,15,,22497,5,,,0,85,,22500,5,,,0,30,,22502,5,,,0,85,,22505,5,,,0,30,,22507,5,,,0,85,,22510,5,,,0,100,,22514,5,,,0,16,,22515,5,,,0,56,,22516,5,,,0,30,,22482,5,,,0,15,,22483,5,,,0,52,,22518,5,,,0,124,,22525,5,,,0,12,,22526,5,,,0,98,,22531,5,,,0,267,,22541,5,,,0
501029,'1831',1039,,22580,5,,,0,15,,22589,5,,,0,70,,22598,5,,,0,30,,22590,5,,,0,55,,22607,5,,,0,30,,22582,5,,,0,85,,22600,5,,,0,30,,22592,5,,,0,55,,22609,5,,,0,30,,22584,5,,,0,70,,22610,5,,,0,16,,22602,5,,,0,30,,22594,5,,,0,70,,22603,5,,,0,15,,22586,5,,,0,70,,22588,5,,,0,45,,22596,5,,,0,70,,22579,5,,,0,15,,22561,5,,,0,69,,22578,5,,,0,30,,22560,5,,,0,70,,22575,5,,,0,25,,22559,5,,,0,70,,22576,5,,,0,30,,22558,5,,,0,70,,22574,5,,,0,30,,22557,5,,,0,70,,22573,5,,,0,25,,22556,5,,,0
501029,'1832',634,,22631,5,,,0,100,,22630,5,,,0,100,,22629,5,,,0,100,,22632,5,,,0,75,,22640,5,,,0,15,,22660,5,,,0,15,,22621,5,,,0,70,,22633,5,,,0,15,,22666,5,,,0,30,,22653,5,,,0,55,,22634,5,,,0,15,,22656,5,,,0,15,,22616,5,,,0,70,,22639,5,,,0,15,,22662,5,,,0,30,,22667,5,,,0,55,,22638,5,,,0,15,,22652,5,,,0,15,,22619,5,,,0,70,,22636,5,,,0,16,,22658,5,,,0,30,,22663,5,,,0,55,,22635,5,,,0,15,,22665,5,,,0,15,,22620,5,,,0,70,,22637,5,,,0,15,,22654,5,,,0,30,,22657,5,,,0,55,,22647,5,,,0,30,,22628,5,,,0,69,,22650,5,,,0,95,,22646,5,,,0,30,,22626,5,,,0,70,,22648,5,,,0,30,,22625,5,,,0,70,,22649,5,,,0,100,,22645,5,,,0
501029,'1833',704,,22642,5,,,0,100,,22641,5,,,0,100,,22644,5,,,0,150,,22664,5,,,0,85,,22622,5,,,0,115,,22659,5,,,0,85,,22617,5,,,0,115,,22655,5,,,0,86,,22615,5,,,0,115,,22651,5,,,0,85,,22618,5,,,0,184,,22661,5,,,0,10,,22627,5,,,0,300,,22624,5,,,0,95,,22623,5,,,0
501029,'1834',634,,22685,5,,,0,100,,22684,5,,,0,100,,22683,5,,,0,100,,22686,5,,,0,75,,22694,5,,,0,15,,22714,5,,,0,15,,22675,5,,,0,70,,22687,5,,,0,15,,22720,5,,,0,30,,22707,5,,,0,55,,22688,5,,,0,15,,22710,5,,,0,15,,22670,5,,,0,70,,22693,5,,,0,15,,22716,5,,,0,30,,22721,5,,,0,55,,22692,5,,,0,15,,22706,5,,,0,15,,22673,5,,,0,70,,22690,5,,,0,16,,22712,5,,,0,30,,22717,5,,,0,55,,22689,5,,,0,15,,22719,5,,,0,15,,22674,5,,,0,70,,22691,5,,,0,15,,22708,5,,,0,30,,22711,5,,,0,55,,22701,5,,,0,30,,22682,5,,,0,69,,22704,5,,,0,95,,22700,5,,,0,30,,22680,5,,,0,70,,22702,5,,,0,30,,22679,5,,,0,70,,22703,5,,,0,100,,22699,5,,,0
501029,'1835',654,,26459,5,,,0,50,,26460,5,,,0,20,,26461,5,,,0,15,,26462,5,,,0,69,,26463,5,,,0,13,,26464,5,,,0,5,,26506,5,,,0,5,,26465,5,,,0,26,,26466,5,,,0,82,,26467,5,,,0,15,,26468,5,,,0,70,,26469,5,,,0,30,,26470,5,,,0,55,,26471,5,,,0,30,,26472,5,,,0,70,,26473,5,,,0,15,,26474,5,,,0,30,,26475,5,,,0,55,,26476,5,,,0,15,,26477,5,,,0,102,,26478,5,,,0,88,,26505,5,,,0,6,,26479,5,,,0,12,,26480,5,,,0,12,,26481,5,,,0,12,,26482,5,,,0,52,,26483,5,,,0,6,,26507,5,,,0,6,,26484,5,,,0,35,,26485,5,,,0,52,,26486,5,,,0,11,,26487,5,,,0,12,,26488,5,,,0,24,,26489,5,,,0,52,,26490,5,,,0,12,,26491,5,,,0,12,,26492,5,,,0,12,,26493,5,,,0,12,,26494,5,,,0,55,,26495,5,,,0,15,,26496,5,,,0,15,,26497,5,,,0,100,,26498,5,,,0,70,,26499,5,,,0,25,,26500,5,,,0,70,,26501,5,,,0,30,,26502,5,,,0,70,,26503,5,,,0,26,,26504,5,,,0
501029,'1836',634,,26513,5,,,0,75,,26518,5,,,0,15,,26533,5,,,0,15,,26512,5,,,0,70,,26519,5,,,0,30,,26511,5,,,0,70,,26517,5,,,0,30,,26510,5,,,0,15,,26509,5,,,0,55,,26516,5,,,0,15,,26515,5,,,0,85,,26534,5,,,0,30,,26522,5,,,0,85,,26530,5,,,0,30,,26526,5,,,0,55,,26535,5,,,0,30,,26523,5,,,0,85,,26531,5,,,0,30,,26527,5,,,0,86,,26524,5,,,0,70,,26536,5,,,0,45,,26528,5,,,0,70,,26532,5,,,0,15,,26525,5,,,0,70,,26521,5,,,0,44,,26529,5,,,0,70,,26537,5,,,0
501029,'1837',634,,26548,5,,,0,100,,26547,5,,,0,100,,26546,5,,,0,100,,26549,5,,,0,75,,26557,5,,,0,15,,26570,5,,,0,15,,26542,5,,,0,70,,26550,5,,,0,15,,26574,5,,,0,30,,26565,5,,,0,55,,26551,5,,,0,15,,26567,5,,,0,15,,26539,5,,,0,70,,26556,5,,,0,15,,26571,5,,,0,30,,26575,5,,,0,55,,26555,5,,,0,15,,26564,5,,,0,15,,26540,5,,,0,70,,26553,5,,,0,16,,26569,5,,,0,30,,26572,5,,,0,55,,26552,5,,,0,15,,26573,5,,,0,15,,26541,5,,,0,70,,26554,5,,,0,15,,26566,5,,,0,30,,26568,5,,,0,55,,26560,5,,,0,30,,26545,5,,,0,69,,26563,5,,,0,95,,26559,5,,,0,30,,26544,5,,,0,70,,26561,5,,,0,30,,26543,5,,,0,70,,26562,5,,,0,100,,26558,5,,,0
501029,'1838',634,,26586,5,,,0,100,,26585,5,,,0,100,,26584,5,,,0,100,,26587,5,,,0,75,,26595,5,,,0,15,,26608,5,,,0,15,,26580,5,,,0,70,,26588,5,,,0,15,,26612,5,,,0,30,,26603,5,,,0,55,,26589,5,,,0,15,,26605,5,,,0,15,,26577,5,,,0,70,,26594,5,,,0,15,,26609,5,,,0,30,,26613,5,,,0,55,,26593,5,,,0,15,,26602,5,,,0,15,,26578,5,,,0,70,,26591,5,,,0,16,,26607,5,,,0,30,,26610,5,,,0,55,,26590,5,,,0,15,,26611,5,,,0,15,,26579,5,,,0,70,,26592,5,,,0,15,,26604,5,,,0,30,,26606,5,,,0,55,,26598,5,,,0,30,,26583,5,,,0,69,,26601,5,,,0,95,,26597,5,,,0,30,,26582,5,,,0,70,,26599,5,,,0,30,,26581,5,,,0,70,,26600,5,,,0,100,,26596,5,,,0
