6019,'1838',851,,35710,8,,,0,100,,44313,8,,,0,100,,44318,8,,,0,100,,44322,8,,,0,101,,44317,8,,,0,100,,44321,8,,,0,100,,44316,8,,,0,100,,44320,8,,,0,100,,44315,8,,,0,100,,44319,8,,,0,99,,44314,8,,,0,100,,44323,8,,,0
6019,'1865',658,,35753,20,,,0,69,,42249,20,,,0,30,,42250,20,,,0,70,,42251,20,,,0,30,,44328,20,,,0,71,,42253,20,,,0,30,,42254,20,,,0,70,,44329,20,,,0,30,,42256,20,,,0,70,,42257,20,,,0,30,,42258,20,,,0,70,,42259,20,,,0,30,,42260,20,,,0,70,,44330,20,,,0,30,,42262,20,,,0,70,,42263,20,,,0,72,,44331,20,,,0,30,,42265,20,,,0,70,,42266,20,,,0,30,,44332,20,,,0,70,,42268,20,,,0,30,,42269,20,,,0,27,,42270,20,,,0,70,,42271,20,,,0,30,,42272,20,,,0,67,,44327,20,,,0,96,,44324,20,,,0,100,,35750,20,,,0,100,,44325,20,,,0,100,,44326,20,,,0
6019,'1866',652,,44335,20,,,0,70,,35780,20,,,0,28,,44353,20,,,0,70,,35793,20,,,0,30,,44337,20,,,0,70,,44346,20,,,0,30,,44354,20,,,0,72,,44352,20,,,0,30,,44345,20,,,0,70,,44357,20,,,0,30,,44344,20,,,0,70,,44351,20,,,0,30,,44343,20,,,0,70,,44356,20,,,0,30,,44342,20,,,0,70,,44350,20,,,0,30,,44341,20,,,0,70,,44355,20,,,0,30,,44340,20,,,0,70,,44349,20,,,0,30,,44339,20,,,0,70,,44333,20,,,0,30,,44338,20,,,0,70,,44348,20,,,0,30,,44336,20,,,0,68,,44347,20,,,0,101,,35805,8,,,0,100,,44334,8,,,0
6019,'1867',851,,35812,8,,,0,100,,44358,8,,,0,100,,44363,8,,,0,100,,44367,8,,,0,101,,44362,8,,,0,100,,44366,8,,,0,100,,44361,8,,,0,100,,44365,8,,,0,100,,44360,8,,,0,100,,44364,8,,,0,99,,44359,8,,,0,100,,44368,8,,,0
6019,'1873',722,,29075,20,,,0,98,,29088,20,,,0,1201,,29100,8,,,0
6019,'1878',851,,29107,8,,,0
6019,'1881',857,,42279,20,,,0,171,,42282,20,,,0,300,,42288,20,,,0,172,,42291,20,,,0,130,,42294,20,,,0,294,,42275,20,,,0,96,,35721,20,,,0,200,,42273,20,,,0,100,,42274,20,,,0
6019,'1882',658,,29148,20,,,0,69,,42276,20,,,0,30,,42277,20,,,0,70,,42278,20,,,0,101,,42280,20,,,0,30,,42281,20,,,0,100,,42283,20,,,0,70,,42284,20,,,0,30,,42285,20,,,0,70,,42286,20,,,0,30,,42287,20,,,0,100,,42289,20,,,0,70,,42290,20,,,0,102,,42292,20,,,0,70,,42293,20,,,0,100,,42295,20,,,0,30,,42296,20,,,0,27,,42297,20,,,0,70,,42298,20,,,0,30,,42299,20,,,0,263,,29145,20,,,0
6019,'1886',857,,44373,20,,,0,171,,44374,20,,,0,300,,44375,20,,,0,172,,44376,20,,,0,130,,44377,20,,,0,294,,44372,20,,,0,96,,44369,20,,,0,200,,44370,20,,,0,100,,44371,20,,,0
6019,'1887',652,,44380,20,,,0,98,,44398,20,,,0,100,,44382,20,,,0,70,,44391,20,,,0,30,,44399,20,,,0,72,,44397,20,,,0,30,,44390,20,,,0,70,,44402,20,,,0,30,,44389,20,,,0,70,,44396,20,,,0,30,,44388,20,,,0,70,,44401,20,,,0,30,,44387,20,,,0,70,,44395,20,,,0,30,,44386,20,,,0,70,,44400,20,,,0,30,,44385,20,,,0,70,,44394,20,,,0,30,,44384,20,,,0,70,,44378,20,,,0,30,,44383,20,,,0,70,,44393,20,,,0,30,,44381,20,,,0,68,,44392,20,,,0,201,,44379,8,,,0
6019,'1888',951,,44403,8,,,0,100,,44408,8,,,0,100,,44412,8,,,0,101,,44407,8,,,0,100,,44411,8,,,0,100,,44406,8,,,0,100,,44410,8,,,0,100,,44405,8,,,0,100,,44409,8,,,0,99,,44404,8,,,0,100,,44413,8,,,0
15029,'1838',741,,36977,61,,,0,98,,45082,61,,,0,101,,36974,61,,,0,100,,36975,61,,,0,102,,45083,61,,,0,100,,36972,61,,,0,100,,36969,61,,,0,102,,45081,61,,,0,100,,36971,61,,,0,99,,36968,61,,,0,99,,45080,61,,,0,99,,36966,61,,,0,100,,36967,61,,,0,100,,45079,61,,,0
15029,'1865',618,,45084,21,,,0,20,,45085,21,,,0,71,,36995,61,,,0,31,,36996,61,,,0,74,,36997,61,,,0,30,,45086,61,,,0,73,,36999,61,,,0,30,,37000,61,,,0,65,,37001,61,,,0,30,,37002,61,,,0,70,,37003,61,,,0,30,,45087,61,,,0,70,,45088,61,,,0,30,,42575,61,,,0,70,,45089,61,,,0,30,,45090,61,,,0,70,,42576,61,,,0,32,,37010,61,,,0,73,,45091,61,,,0,35,,37012,61,,,0,72,,37013,61,,,0,29,,45092,61,,,0,66,,45093,61,,,0,23,,37016,61,,,0,69,,37017,61,,,0,29,,37018,61,,,0,67,,45094,61,,,0,30,,37020,61,,,0,70,,45095,61,,,0,30,,45096,61,,,0,70,,37023,61,,,0,99,,45098,61,,,0,97,,45097,61,,,0
15029,'1866',613,,45099,21,,,0,133,,37029,61,,,0,93,,37030,61,,,0,100,,45100,61,,,0,100,,37032,61,,,0,102,,37033,61,,,0,100,,45101,61,,,0,100,,37035,61,,,0,105,,37036,61,,,0,100,,45102,61,,,0,98,,37038,61,,,0,98,,37039,61,,,0,99,,45103,61,,,0,100,,37026,61,,,0,100,,37027,61,,,0
15029,'1867',741,,37054,61,,,0,98,,45107,61,,,0,101,,37051,61,,,0,100,,37052,61,,,0,102,,45108,61,,,0,100,,37049,61,,,0,100,,37046,61,,,0,102,,45106,61,,,0,100,,37048,61,,,0,99,,37045,61,,,0,99,,45105,61,,,0,99,,37043,61,,,0,100,,37044,61,,,0,100,,45104,61,,,0
15029,'1873',746,,30423,61,,,0,93,,30424,61,,,0,200,,30426,61,,,0,102,,30427,61,,,0,200,,30429,61,,,0,105,,30430,61,,,0,198,,30432,61,,,0,98,,30433,61,,,0,199,,30420,61,,,0,100,,30421,61,,,0
15029,'1878',741,,30448,61,,,0,199,,30445,61,,,0,100,,30446,61,,,0,202,,30443,61,,,0,100,,30440,61,,,0,202,,30442,61,,,0,99,,30439,61,,,0,198,,30437,61,,,0,100,,30438,61,,,0
15029,'1881',618,,30482,21,,,0,20,,36978,21,,,0,206,,36979,61,,,0,298,,36980,61,,,0,70,,36981,61,,,0,100,,36983,61,,,0,30,,36984,61,,,0,175,,36986,61,,,0,136,,36987,61,,,0,66,,36988,61,,,0,188,,30508,61,,,0,100,,36989,61,,,0,30,,42580,61,,,0,169,,36992,61,,,0,97,,36991,61,,,0
15029,'1882',709,,30484,61,,,0,31,,30485,61,,,0,74,,30486,61,,,0,103,,30488,61,,,0,30,,30489,61,,,0,65,,30490,61,,,0,30,,30491,61,,,0,70,,30492,61,,,0,130,,42578,61,,,0,170,,42579,61,,,0,32,,30499,61,,,0,108,,30501,61,,,0,72,,30502,61,,,0,118,,30505,61,,,0,69,,30506,61,,,0,29,,30507,61,,,0,97,,30509,61,,,0,170,,30512,61,,,0
15029,'1886',618,,45109,21,,,0,20,,45110,21,,,0,206,,45111,61,,,0,298,,45112,61,,,0,70,,45113,61,,,0,100,,45114,61,,,0,30,,45115,61,,,0,175,,45116,61,,,0,136,,45117,61,,,0,66,,45118,61,,,0,188,,45119,61,,,0,100,,45120,61,,,0,30,,45121,61,,,0,169,,45123,61,,,0,97,,45122,61,,,0
15029,'1887',613,,45124,21,,,0,326,,45125,61,,,0,302,,45126,61,,,0,305,,45127,61,,,0,295,,45128,61,,,0
15029,'1888',839,,45132,61,,,0,303,,45133,61,,,0,302,,45131,61,,,0,298,,45130,61,,,0,299,,45129,61,,,0
501029,'1838',558,,45858,1,,,0,70,,45885,1,,,0,22,,45874,13,,,0,70,,45884,13,,,0,30,,45873,13,,,0,70,,45883,13,,,0,30,,45872,13,,,0,70,,45886,13,,,0,30,,38794,13,,,0,75,,45882,13,,,0,15,,38822,13,,,0,15,,45865,13,,,0,55,,45898,13,,,0,15,,45875,13,,,0,15,,45899,13,,,0,15,,45866,13,,,0,55,,45893,13,,,0,15,,45876,13,,,0,15,,38818,13,,,0,15,,45860,13,,,0,55,,45896,13,,,0,15,,45881,13,,,0,15,,38824,13,,,0,15,,45861,13,,,0,55,,45900,13,,,0,15,,45880,13,,,0,15,,38814,13,,,0,15,,45863,13,,,0,55,,45894,13,,,0,15,,45878,13,,,0,16,,38820,13,,,0,15,,45859,13,,,0,55,,45897,13,,,0,15,,45877,13,,,0,15,,38827,13,,,0,15,,45864,13,,,0,55,,45892,13,,,0,15,,45879,13,,,0,15,,38816,13,,,0,15,,45862,13,,,0,55,,45895,13,,,0,15,,45888,13,,,0,30,,45871,13,,,0,69,,45891,13,,,0,15,,38823,13,,,0,10,,45870,13,,,0,69,,38808,13,,,0,30,,45869,13,,,0,70,,45889,13,,,0,30,,43559,13,,,0,70,,45890,13,,,0,30,,45868,13,,,0,70,,45887,13,,,0,25,,45867,13,,,0
501029,'1865',554,,45902,13,,,0,98,,45903,13,,,0,50,,43581,13,,,0,10,,45904,13,,,0,10,,45905,13,,,0,20,,45906,13,,,0,15,,45907,13,,,0,57,,38900,13,,,0,12,,45908,13,,,0,13,,38902,13,,,0,5,,38960,13,,,0,5,,45909,13,,,0,51,,45910,13,,,0,14,,45911,13,,,0,11,,45912,13,,,0,15,,38907,13,,,0,15,,45913,13,,,0,55,,45914,13,,,0,15,,45915,13,,,0,15,,38911,13,,,0,15,,45916,13,,,0,56,,45917,13,,,0,16,,45918,13,,,0,15,,43571,13,,,0,15,,38916,13,,,0,55,,45919,13,,,0,15,,45920,13,,,0,15,,45921,13,,,0,15,,43572,13,,,0,55,,45922,13,,,0,15,,45923,13,,,0,15,,45924,13,,,0,12,,43582,1,,,0,3,,45925,13,,,0,56,,43573,13,,,0,16,,45926,13,,,0,16,,45927,13,,,0,9,,45958,1,,,0,46,,43569,13,,,0,15,,45901,13,,,0,12,,43574,13,,,0,6,,45956,13,,,0,6,,45928,13,,,0,12,,45929,13,,,0,52,,45930,13,,,0,12,,45931,13,,,0,12,,45932,13,,,0,6,,45957,13,,,0,6,,45933,13,,,0,12,,43576,13,,,0,52,,45934,13,,,0,11,,45935,13,,,0,12,,45936,13,,,0,10,,45937,13,,,0,11,,45938,13,,,0,11,,43578,13,,,0,52,,45939,13,,,0,12,,45940,13,,,0,12,,45941,13,,,0,12,,45942,13,,,0,12,,45943,13,,,0,52,,45944,13,,,0,15,,45945,13,,,0,15,,45946,13,,,0,15,,45947,13,,,0,70,,45948,13,,,0,30,,45949,13,,,0,69,,45950,13,,,0,25,,45951,13,,,0,70,,45952,13,,,0,30,,45953,13,,,0,70,,45954,13,,,0,26,,45955,13,,,0
501029,'1866',558,,45970,1,,,0,70,,45976,1,,,0,22,,45969,13,,,0,75,,45974,13,,,0,15,,46009,13,,,0,15,,45968,13,,,0,70,,45975,13,,,0,30,,45967,13,,,0,70,,45973,13,,,0,30,,45966,13,,,0,55,,45959,13,,,0,15,,45972,13,,,0,15,,45971,13,,,0,15,,45984,13,,,0,55,,45993,13,,,0,15,,46010,13,,,0,15,,46002,13,,,0,15,,45985,13,,,0,55,,45994,13,,,0,15,,46011,13,,,0,15,,46003,13,,,0,15,,45986,13,,,0,55,,45995,13,,,0,15,,46012,13,,,0,15,,46004,13,,,0,15,,45987,13,,,0,55,,45996,13,,,0,15,,46013,13,,,0,15,,46005,13,,,0,15,,45988,13,,,0,55,,45997,13,,,0,15,,46014,13,,,0,16,,46006,13,,,0,15,,45989,13,,,0,55,,45998,13,,,0,15,,46015,13,,,0,15,,46007,13,,,0,15,,45990,13,,,0,55,,45999,13,,,0,15,,45992,13,,,0,15,,46008,13,,,0,15,,45991,13,,,0,55,,46000,13,,,0,15,,45981,13,,,0,15,,45983,13,,,0,15,,45965,13,,,0,54,,46001,13,,,0,15,,45982,13,,,0,15,,46016,13,,,0,15,,45964,13,,,0,69,,45979,13,,,0,25,,45963,13,,,0,70,,45980,13,,,0,30,,45962,13,,,0,70,,45978,13,,,0,30,,45961,13,,,0,70,,45977,13,,,0,25,,45960,13,,,0
501029,'1867',558,,46017,1,,,0,70,,46044,1,,,0,22,,46033,13,,,0,70,,46043,13,,,0,30,,46032,13,,,0,70,,46042,13,,,0,30,,46031,13,,,0,70,,46045,13,,,0,30,,39042,13,,,0,75,,46041,13,,,0,15,,39070,13,,,0,15,,46024,13,,,0,55,,46057,13,,,0,15,,46034,13,,,0,15,,46058,13,,,0,15,,46025,13,,,0,55,,46052,13,,,0,15,,46035,13,,,0,15,,39066,13,,,0,15,,46019,13,,,0,55,,46055,13,,,0,15,,46040,13,,,0,15,,39072,13,,,0,15,,46020,13,,,0,55,,46059,13,,,0,15,,46039,13,,,0,15,,39062,13,,,0,15,,46022,13,,,0,55,,46053,13,,,0,15,,46037,13,,,0,16,,39068,13,,,0,15,,46018,13,,,0,55,,46056,13,,,0,15,,46036,13,,,0,15,,39075,13,,,0,15,,46023,13,,,0,55,,46051,13,,,0,15,,46038,13,,,0,15,,39064,13,,,0,15,,46021,13,,,0,55,,46054,13,,,0,15,,46047,13,,,0,30,,46030,13,,,0,69,,46050,13,,,0,15,,39071,13,,,0,10,,46029,13,,,0,69,,39056,13,,,0,30,,46028,13,,,0,70,,46048,13,,,0,30,,43583,13,,,0,70,,46049,13,,,0,30,,46027,13,,,0,70,,46046,13,,,0,25,,46026,13,,,0
501029,'1878',950,,32161,13,,,0,90,,32189,13,,,0,200,,32185,13,,,0,100,,32191,13,,,0,100,,32181,13,,,0,101,,32187,13,,,0,100,,32194,13,,,0,100,,32183,13,,,0,199,,32190,13,,,0,79,,32175,13,,,0,130,,43607,13,,,0
501029,'1881',554,,32272,13,,,0,98,,32273,13,,,0,60,,43594,13,,,0,10,,32275,13,,,0,20,,32276,13,,,0,15,,32277,13,,,0,69,,38856,13,,,0,23,,32281,13,,,0,51,,32282,13,,,0,14,,32283,13,,,0,11,,32284,13,,,0,30,,32286,13,,,0,55,,38857,13,,,0,15,,32288,13,,,0,30,,32290,13,,,0,56,,32291,13,,,0,16,,32292,13,,,0,85,,32295,13,,,0,15,,32296,13,,,0,15,,32297,13,,,0,70,,32299,13,,,0,15,,32300,13,,,0,15,,32301,13,,,0,15,,32302,13,,,0,72,,32304,13,,,0,16,,32305,13,,,0,9,,38891,1,,,0,61,,32271,13,,,0,18,,38888,13,,,0,6,,38862,13,,,0,12,,43599,13,,,0,52,,38864,13,,,0,12,,38865,13,,,0,12,,38866,13,,,0,6,,38889,13,,,0,6,,38867,13,,,0,64,,32314,13,,,0,11,,38869,13,,,0,12,,32316,13,,,0,10,,38870,13,,,0,11,,43601,13,,,0,63,,38873,13,,,0,12,,38874,13,,,0,12,,32322,13,,,0,12,,38875,13,,,0,12,,32324,13,,,0,52,,38876,13,,,0,15,,38877,13,,,0,15,,38878,13,,,0,15,,43603,13,,,0,70,,43604,13,,,0,30,,38881,13,,,0,69,,38882,13,,,0,25,,38883,13,,,0,70,,38884,13,,,0,30,,38885,13,,,0,70,,38886,13,,,0,26,,38887,13,,,0
501029,'1882',702,,43605,13,,,0,112,,32278,13,,,0,25,,32280,13,,,0,5,,32338,13,,,0,96,,32285,13,,,0,100,,32289,13,,,0,102,,43595,13,,,0,15,,32294,13,,,0,100,,43596,13,,,0,97,,43606,1,,,0,59,,43597,13,,,0,87,,43593,13,,,0,27,,43598,13,,,0,124,,43600,13,,,0,107,,43602,13,,,0
501029,'1886',554,,46061,13,,,0,98,,46062,13,,,0,60,,46063,13,,,0,10,,46064,13,,,0,20,,46065,13,,,0,15,,46066,13,,,0,69,,46067,13,,,0,23,,46068,13,,,0,51,,46069,13,,,0,14,,46070,13,,,0,11,,46071,13,,,0,30,,46072,13,,,0,55,,46073,13,,,0,15,,46074,13,,,0,30,,46075,13,,,0,56,,46076,13,,,0,16,,46077,13,,,0,85,,46078,13,,,0,15,,46079,13,,,0,15,,46080,13,,,0,70,,46081,13,,,0,15,,46082,13,,,0,15,,46083,13,,,0,15,,46084,13,,,0,72,,46085,13,,,0,16,,46086,13,,,0,9,,46117,1,,,0,61,,46060,13,,,0,18,,46115,13,,,0,6,,46087,13,,,0,12,,46088,13,,,0,52,,46089,13,,,0,12,,46090,13,,,0,12,,46091,13,,,0,6,,46116,13,,,0,6,,46092,13,,,0,64,,46093,13,,,0,11,,46094,13,,,0,12,,46095,13,,,0,10,,46096,13,,,0,11,,46097,13,,,0,63,,46098,13,,,0,12,,46099,13,,,0,12,,46100,13,,,0,12,,46101,13,,,0,12,,46102,13,,,0,52,,46103,13,,,0,15,,46104,13,,,0,15,,46105,13,,,0,15,,46106,13,,,0,70,,46107,13,,,0,30,,46108,13,,,0,69,,46109,13,,,0,25,,46110,13,,,0,70,,46111,13,,,0,30,,46112,13,,,0,70,,46113,13,,,0,26,,46114,13,,,0
501029,'1887',558,,46129,1,,,0,70,,46135,1,,,0,22,,46128,13,,,0,75,,46133,13,,,0,15,,46168,13,,,0,15,,46127,13,,,0,70,,46134,13,,,0,30,,46126,13,,,0,70,,46132,13,,,0,30,,46125,13,,,0,55,,46118,13,,,0,15,,46131,13,,,0,15,,46130,13,,,0,15,,46143,13,,,0,55,,46152,13,,,0,15,,46169,13,,,0,15,,46161,13,,,0,15,,46144,13,,,0,55,,46153,13,,,0,15,,46170,13,,,0,15,,46162,13,,,0,15,,46145,13,,,0,55,,46154,13,,,0,15,,46171,13,,,0,15,,46163,13,,,0,15,,46146,13,,,0,55,,46155,13,,,0,15,,46172,13,,,0,15,,46164,13,,,0,15,,46147,13,,,0,55,,46156,13,,,0,15,,46173,13,,,0,16,,46165,13,,,0,15,,46148,13,,,0,55,,46157,13,,,0,15,,46174,13,,,0,15,,46166,13,,,0,15,,46149,13,,,0,55,,46158,13,,,0,15,,46151,13,,,0,15,,46167,13,,,0,15,,46150,13,,,0,55,,46159,13,,,0,15,,46140,13,,,0,15,,46142,13,,,0,15,,46124,13,,,0,54,,46160,13,,,0,15,,46141,13,,,0,15,,46175,13,,,0,15,,46123,13,,,0,69,,46138,13,,,0,25,,46122,13,,,0,70,,46139,13,,,0,30,,46121,13,,,0,70,,46137,13,,,0,30,,46120,13,,,0,70,,46136,13,,,0,25,,46119,13,,,0
501029,'1888',558,,46176,1,,,0,70,,46203,1,,,0,22,,46192,13,,,0,70,,46202,13,,,0,30,,46191,13,,,0,70,,46201,13,,,0,30,,46190,13,,,0,70,,46204,13,,,0,105,,46200,13,,,0,30,,46183,13,,,0,55,,46216,13,,,0,15,,46193,13,,,0,15,,46217,13,,,0,15,,46184,13,,,0,55,,46211,13,,,0,15,,46194,13,,,0,30,,46178,13,,,0,55,,46214,13,,,0,15,,46199,13,,,0,30,,46179,13,,,0,55,,46218,13,,,0,15,,46198,13,,,0,30,,46181,13,,,0,55,,46212,13,,,0,15,,46196,13,,,0,31,,46177,13,,,0,55,,46215,13,,,0,15,,46195,13,,,0,30,,46182,13,,,0,55,,46210,13,,,0,15,,46197,13,,,0,30,,46180,13,,,0,55,,46213,13,,,0,15,,46206,13,,,0,30,,46189,13,,,0,69,,46209,13,,,0,25,,46188,13,,,0,99,,46187,13,,,0,70,,46207,13,,,0,100,,46208,13,,,0,30,,46186,13,,,0,70,,46205,13,,,0,25,,46185,13,,,0
