1019,'1799',626,,19252,34,,,0,100,,19253,34,,,0,101,,19254,34,,,0,100,,19255,34,,,0,100,,19256,34,,,0,101,,19257,34,,,0,100,,19258,34,,,0,100,,19259,34,,,0,100,,19260,34,,,0,100,,19261,34,,,0,100,,19262,34,,,0,100,,19263,34,,,0,100,,19264,34,,,0,99,,19265,34,,,0,100,,19266,34,,,0,100,,19267,34,,,0,103,,19268,34,,,0,95,,19269,34,,,0
1019,'1800',626,,19270,34,,,0,100,,19271,34,,,0,101,,19272,34,,,0,100,,19273,34,,,0,100,,19274,34,,,0,101,,19275,34,,,0,100,,19276,34,,,0,100,,19277,34,,,0,100,,19278,34,,,0,100,,19279,34,,,0,100,,19280,34,,,0,100,,19281,34,,,0,100,,19282,34,,,0,99,,19283,34,,,0,100,,19284,34,,,0,100,,19285,34,,,0,103,,19286,34,,,0,95,,19287,34,,,0
1019,'1829',557,,19171,34,,,0,70,,19194,34,,,0,30,,19169,34,,,0,102,,19183,34,,,0,71,,19166,34,,,0,99,,19197,34,,,0,30,,19168,34,,,0,70,,19162,34,,,0,71,,19182,34,,,0,30,,19167,34,,,0,70,,19173,34,,,0,30,,19193,34,,,0,70,,19170,34,,,0,101,,19195,34,,,0,31,,19165,34,,,0,169,,19185,34,,,0,30,,19177,34,,,0,70,,19175,34,,,0,29,,19178,34,,,0,70,,19180,34,,,0,29,,19179,34,,,0,29,,19176,34,,,0,70,,19196,34,,,0,30,,19190,34,,,0,100,,19189,34,,,0,69,,19188,34,,,0,74,,19187,34,,,0,30,,19186,34,,,0,70,,19184,34,,,0
1019,'1831',556,,19209,34,,,0,70,,19223,34,,,0,30,,19208,34,,,0,70,,19228,34,,,0,31,,19218,34,,,0,70,,19202,34,,,0,30,,19224,34,,,0,70,,19226,34,,,0,30,,19207,34,,,0,70,,19229,34,,,0,31,,19217,34,,,0,70,,19201,34,,,0,30,,19212,34,,,0,70,,19222,34,,,0,30,,19206,34,,,0,70,,19230,34,,,0,30,,19216,34,,,0,70,,19200,34,,,0,30,,19211,34,,,0,70,,19221,34,,,0,30,,19205,34,,,0,70,,19231,34,,,0,30,,19215,34,,,0,70,,19199,34,,,0,30,,19210,34,,,0,70,,19220,34,,,0,30,,19203,34,,,0,69,,19232,34,,,0,30,,19213,34,,,0,70,,19198,34,,,0,30,,19204,34,,,0,70,,19219,34,,,0,74,,19214,34,,,0,29,,19233,34,,,0,70,,19227,34,,,0,25,,19225,34,,,0
1019,'1833',626,,19234,34,,,0,100,,19235,34,,,0,101,,19236,34,,,0,100,,19237,34,,,0,100,,19238,34,,,0,101,,19239,34,,,0,100,,19240,34,,,0,100,,19241,34,,,0,100,,19242,34,,,0,100,,19243,34,,,0,100,,19244,34,,,0,100,,19245,34,,,0,100,,19246,34,,,0,99,,19247,34,,,0,100,,19248,34,,,0,100,,19249,34,,,0,103,,19250,34,,,0,95,,19251,34,,,0
1019,'1835',728,,24953,34,,,0,172,,24954,34,,,0,431,,24952,34,,,0,171,,24955,34,,,0,30,,24958,34,,,0,496,,24957,34,,,0,298,,24956,34,,,0
22029,'1799',914,,21874,15,,,0,701,,21881,15,,,0,398,,21885,13,0,19 2 20 21,0,305,,21889,13,0,19 2 20 21,0,30,,21888,13,0,19 2 20 21,0
22029,'1800',717,,26251,13,0,19 2 20 21,0,97,,26242,15,,,0,100,,21891,15,,,0,100,,26243,15,,,0,100,,26244,15,,,0,100,,26245,15,,,0,101,,26246,15,,,0,100,,26247,15,,,0,100,,26248,15,,,0,100,,21898,15,,,0,99,,26249,15,,,0,100,,26253,13,0,19 2 20 21,0,100,,26250,13,0,19 2 20 21,0,99,,21902,13,0,19 2 20 21,0,100,,26252,13,0,19 2 20 21,0,205,,21906,13,0,19 2 20 21,0,30,,21905,13,0,19 2 20 21,0
22029,'1829',649,,21790,13,0,19 2 20 21,0,72,,21791,13,0,19 2 20 21,0,30,,21792,13,0,19 2 20 21,0,73,,21793,13,0,19 2 20 21,0,30,,21794,13,0,19 2 20 21,0,71,,21795,15,,,0,28,,21796,15,,,0,70,,21801,15,,,0,100,,21802,15,,,0,30,,21798,15,,,0,170,,21800,15,,,0,31,,21803,15,,,0,70,,21804,15,,,0,30,,21805,15,,,0,70,,21806,15,,,0,31,,21807,15,,,0,70,,21808,15,,,0,30,,21809,15,,,0,68,,21810,15,,,0,228,,21815,15,,,0,65,,21816,15,,,0,126,,21819,13,0,19 2 20 21,0,170,,21820,13,0,19 2 20 21,0,35,,21821,13,0,19 2 20 21,0
22029,'1831',616,,21846,13,0,19 2 20 21,0,30,,21840,13,0,19 2 20 21,0,67,,21847,13,0,19 2 20 21,0,30,,21841,13,0,19 2 20 21,0,71,,21848,13,0,19 2 20 21,0,30,,21822,15,,,0,70,,21823,15,,,0,30,,21824,15,,,0,70,,21825,15,,,0,30,,21826,15,,,0,70,,21827,15,,,0,30,,21828,15,,,0,70,,21829,15,,,0,31,,21830,15,,,0,70,,21831,15,,,0,31,,21832,15,,,0,69,,21833,15,,,0,31,,21834,15,,,0,70,,21835,15,,,0,30,,21836,15,,,0,70,,21837,15,,,0,29,,21838,15,,,0,69,,21839,15,,,0,31,,21842,13,0,19 2 20 21,0,69,,21849,13,0,19 2 20 21,0,30,,21843,13,0,19 2 20 21,0,70,,21850,13,0,19 2 20 21,0,29,,21844,13,0,19 2 20 21,0,70,,21851,13,0,19 2 20 21,0,30,,21845,13,0,19 2 20 21,0,67,,21852,13,0,19 2 20 21,0,33,,21853,13,0,19 2 20 21,0,175,,21855,13,0,19 2 20 21,0,30,,21854,13,0,19 2 20 21,0
22029,'1832',717,,21867,13,0,19 2 20 21,0,97,,21856,15,,,0,200,,21858,15,,,0,100,,21859,15,,,0,100,,21860,15,,,0,101,,21861,15,,,0,100,,21862,15,,,0,100,,21863,15,,,0,199,,21865,15,,,0,100,,21870,13,0,19 2 20 21,0,100,,21866,13,0,19 2 20 21,0,199,,21869,13,0,19 2 20 21,0
22029,'1833',914,,21857,15,,,0,701,,21864,15,,,0,398,,21868,13,0,19 2 20 21,0,305,,21872,13,0,19 2 20 21,0,30,,21871,13,0,19 2 20 21,0
22029,'1834',717,,21884,13,0,19 2 20 21,0,97,,21873,15,,,0,200,,21875,15,,,0,100,,21876,15,,,0,100,,21877,15,,,0,101,,21878,15,,,0,100,,21879,15,,,0,100,,21880,15,,,0,199,,21882,15,,,0,100,,21887,13,0,19 2 20 21,0,100,,21883,13,0,19 2 20 21,0,199,,21886,13,0,19 2 20 21,0
22029,'1835',1053,,26255,15,,,0,170,,26254,15,,,0,30,,26256,15,,,0,500,,26257,15,,,0,70,,26258,15,,,0,28,,26259,15,,,0,70,,26260,15,,,0,125,,26261,15,,,0,69,,26262,15,,,0
22029,'1837',717,,26272,13,0,19 2 20 21,0,97,,26263,15,,,0,200,,26264,15,,,0,100,,26265,15,,,0,100,,26266,15,,,0,101,,26267,15,,,0,100,,26268,15,,,0,100,,26269,15,,,0,199,,26270,15,,,0,100,,26274,13,0,19 2 20 21,0,100,,26271,13,0,19 2 20 21,0,199,,26273,13,0,19 2 20 21,0
22029,'1838',717,,26284,13,0,19 2 20 21,0,97,,26275,15,,,0,200,,26276,15,,,0,100,,26277,15,,,0,100,,26278,15,,,0,101,,26279,15,,,0,100,,26280,15,,,0,100,,26281,15,,,0,199,,26282,15,,,0,100,,26286,13,0,19 2 20 21,0,100,,26283,13,0,19 2 20 21,0,199,,26285,13,0,19 2 20 21,0
