14019,'1838',655,,36775,22,,,0,100,,44957,22,,,0,101,,44947,22,,,0,100,,44948,22,,,0,100,,44949,22,,,0,101,,44950,22,,,0,100,,44951,22,,,0,101,,44952,22,,,0,100,,44953,22,,,0,100,,44954,22,,,0,98,,44955,22,,,0,100,,36773,22,,,0,100,,44956,22,,,0,99,,42531,22,,,0,95,,36762,22,,,0
14019,'1865',530,,36840,22,,,0,100,,36839,22,,,0,80,,36810,22,,,0,30,,36823,22,,,0,68,,36811,22,,,0,23,,36824,22,,,0,70,,36812,22,,,0,30,,36825,22,,,0,70,,44958,22,,,0,30,,42540,22,,,0,70,,42539,22,,,0,30,,42541,22,,,0,70,,36815,22,,,0,30,,36828,22,,,0,70,,36816,22,,,0,30,,44964,22,,,0,70,,44959,22,,,0,30,,42542,22,,,0,71,,44960,22,,,0,31,,42543,22,,,0,80,,44961,22,,,0,30,,36832,22,,,0,69,,44962,22,,,0,30,,44965,22,,,0,70,,36821,22,,,0,19,,42544,22,,,0,70,,44963,22,,,0,30,,44966,22,,,0,70,,44968,22,,,0,29,,44967,22,,,0,92,,36837,22,,,0,100,,36838,22,,,0
14019,'1866',655,,44969,22,,,0,100,,44970,22,,,0,101,,36844,22,,,0,100,,44971,22,,,0,100,,44972,22,,,0,101,,44973,22,,,0,100,,36848,22,,,0,101,,44974,22,,,0,100,,36850,22,,,0,100,,36851,22,,,0,98,,44975,22,,,0,100,,44976,22,,,0,100,,44977,22,,,0,99,,44978,22,,,0,100,,44979,22,,,0,95,,36857,22,,,0,100,,42545,22,,,0
14019,'1867',655,,36872,22,,,0,100,,44990,22,,,0,101,,44980,22,,,0,100,,44981,22,,,0,100,,44982,22,,,0,101,,44983,22,,,0,100,,44984,22,,,0,101,,44985,22,,,0,100,,44986,22,,,0,100,,44987,22,,,0,98,,44988,22,,,0,100,,36870,22,,,0,100,,44989,22,,,0,99,,42546,22,,,0,95,,36859,22,,,0
14019,'1873',856,,30179,22,,,0,401,,30183,22,,,0,201,,30185,22,,,0,100,,30186,22,,,0,592,,30192,22,,,0,100,,42560,22,,,0
14019,'1878',655,,30207,22,,,0,1101,,30205,22,,,0,199,,42561,22,,,0,95,,30194,22,,,0
14019,'1881',1001,,30244,22,,,0,330,,36803,22,,,0,70,,36796,22,,,0,101,,36797,22,,,0,111,,36798,22,,,0,99,,36799,22,,,0,30,,36806,22,,,0,159,,36800,22,,,0,30,,30266,22,,,0,70,,36809,22,,,0,29,,36808,22,,,0
14019,'1882',530,,30271,22,,,0,100,,30270,22,,,0,80,,30241,22,,,0,30,,30254,22,,,0,68,,30242,22,,,0,23,,30255,22,,,0,70,,30243,22,,,0,30,,30256,22,,,0,100,,42555,22,,,0,70,,42554,22,,,0,30,,42556,22,,,0,70,,30246,22,,,0,30,,30259,22,,,0,70,,30247,22,,,0,130,,42557,22,,,0,102,,42558,22,,,0,110,,30263,22,,,0,169,,30252,22,,,0,19,,42559,22,,,0,291,,30268,22,,,0,100,,30269,22,,,0
14019,'1886',1001,,44991,22,,,0,330,,44997,22,,,0,70,,44992,22,,,0,101,,44993,22,,,0,111,,44994,22,,,0,99,,44995,22,,,0,30,,44998,22,,,0,159,,44996,22,,,0,30,,44999,22,,,0,70,,45001,22,,,0,29,,45000,22,,,0
14019,'1887',655,,45002,22,,,0,100,,45003,22,,,0,201,,45004,22,,,0,100,,45005,22,,,0,101,,45006,22,,,0,201,,45007,22,,,0,298,,45008,22,,,0,100,,45009,22,,,0,100,,45010,22,,,0,99,,45011,22,,,0,100,,45012,22,,,0
14019,'1888',755,,45023,22,,,0,101,,45013,22,,,0,100,,45014,22,,,0,100,,45015,22,,,0,101,,45016,22,,,0,100,,45017,22,,,0,101,,45018,22,,,0,100,,45019,22,,,0,100,,45020,22,,,0,98,,45021,22,,,0,200,,45022,22,,,0
