16019,'1838',755,,42581,10,,,0,101,,42584,10,,,0,100,,42594,10,,,0,100,,42593,10,,,0,100,,42582,10,,,0,100,,42585,10,,,0,100,,42587,10,,,0,101,,42590,10,,,0,100,,42589,10,,,0,100,,42583,10,,,0,99,,42591,10,,,0,100,,42592,10,,,0,99,,42588,10,,,0,100,,42586,10,,,0,100,,42595,10,,,0
16019,'1865',627,,42599,10,,,0,30,,42600,10,,,0,70,,42601,10,,,0,30,,42602,10,,,0,70,,42603,10,,,0,30,,42604,10,,,0,70,,42605,10,,,0,30,,42606,10,,,0,70,,42607,10,,,0,30,,42608,10,,,0,70,,42609,10,,,0,30,,42610,10,,,0,70,,42611,10,,,0,30,,42612,10,,,0,70,,42613,10,,,0,30,,42614,10,,,0,70,,42615,10,,,0,30,,42616,10,,,0,70,,42617,10,,,0,30,,42618,10,,,0,70,,42619,10,,,0,30,,42620,10,,,0,70,,42621,10,,,0,30,,42622,10,,,0,70,,42623,10,,,0,30,,42624,10,,,0,70,,42625,10,,,0,30,,42626,10,,,0,70,,42627,10,,,0,30,,42628,10,,,0,70,,42596,10,,,0,30,,42597,10,,,0,70,,42598,10,,,0
16019,'1866',625,,42652,10,,,0,30,,42648,10,,,0,70,,42656,10,,,0,30,,42640,10,,,0,71,,42654,10,,,0,30,,42635,10,,,0,70,,42633,10,,,0,30,,42630,10,,,0,70,,42641,10,,,0,30,,42651,10,,,0,70,,42645,10,,,0,30,,42653,10,,,0,70,,42637,10,,,0,30,,42655,10,,,0,70,,42632,10,,,0,30,,42643,10,,,0,71,,42642,10,,,0,30,,42646,10,,,0,70,,42647,10,,,0,30,,42631,10,,,0,70,,42639,10,,,0,30,,42649,10,,,0,69,,42634,10,,,0,30,,42638,10,,,0,70,,42644,10,,,0,30,,42658,10,,,0,70,,42650,10,,,0,29,,42657,10,,,0,70,,42636,10,,,0,30,,42660,10,,,0,100,,42659,10,,,0,70,,42629,10,,,0
16019,'1867',755,,42661,10,,,0,101,,42664,10,,,0,100,,42674,10,,,0,100,,42673,10,,,0,100,,42662,10,,,0,100,,42665,10,,,0,100,,42667,10,,,0,101,,42670,10,,,0,100,,42669,10,,,0,100,,42663,10,,,0,99,,42671,10,,,0,100,,42672,10,,,0,99,,42668,10,,,0,100,,42666,10,,,0,100,,42675,10,,,0
16019,'1871',627,,37135,19,,,0,30,,37136,19,,,0,70,,37137,19,,,0,30,,30631,19,,,0,70,,30632,19,,,0,30,,37138,19,,,0,70,,37139,19,,,0,30,,37140,19,,,0,70,,37141,19,,,0,30,,37142,19,,,0,70,,37143,19,,,0,30,,37144,19,,,0,70,,37145,19,,,0,30,,37146,19,,,0,70,,37147,19,,,0,30,,37148,19,,,0,70,,37149,19,,,0,30,,37150,19,,,0,70,,37151,19,,,0,30,,37152,19,,,0,70,,37153,19,,,0,30,,37154,19,,,0,70,,37155,19,,,0,30,,37156,19,,,0,70,,37157,19,,,0,30,,37158,19,,,0,70,,37159,19,,,0,30,,37160,19,,,0,70,,37161,19,,,0,30,,37162,19,,,0,70,,37132,19,,,0,30,,37133,19,,,0,70,,37134,19,,,0
16019,'1874',756,,37117,19,,,0,100,,37120,19,,,0,100,,37130,19,,,0,100,,37129,19,,,0,100,,37118,19,,,0,100,,37121,19,,,0,100,,37123,19,,,0,101,,37126,19,,,0,100,,37125,19,,,0,100,,37119,19,,,0,99,,37127,19,,,0,100,,37128,19,,,0,100,,37124,19,,,0,100,,37122,19,,,0,100,,37131,19,,,0
16019,'1876',627,,42679,10,,,0,30,,42680,10,,,0,70,,42681,10,,,0,30,,42682,10,,,0,70,,42683,10,,,0,30,,42684,10,,,0,70,,42685,10,,,0,30,,42686,10,,,0,70,,42687,10,,,0,30,,42688,10,,,0,70,,42689,10,,,0,30,,42690,10,,,0,70,,42691,10,,,0,30,,42692,10,,,0,70,,42693,10,,,0,30,,42694,10,,,0,70,,42695,10,,,0,30,,42696,10,,,0,70,,42697,10,,,0,30,,42698,10,,,0,70,,42699,10,,,0,30,,42700,10,,,0,70,,42701,10,,,0,30,,42702,10,,,0,70,,42703,10,,,0,30,,42704,10,,,0,70,,42705,10,,,0,30,,42706,10,,,0,70,,42707,10,,,0,30,,42708,10,,,0,70,,42676,10,,,0,30,,42677,10,,,0,70,,42678,10,,,0
16019,'1877',625,,42732,10,,,0,30,,42728,10,,,0,70,,42736,10,,,0,30,,42720,10,,,0,71,,42734,10,,,0,30,,42715,10,,,0,70,,42713,10,,,0,30,,42710,10,,,0,70,,42721,10,,,0,30,,42731,10,,,0,70,,42725,10,,,0,30,,42733,10,,,0,70,,42717,10,,,0,30,,42735,10,,,0,70,,42712,10,,,0,30,,42723,10,,,0,71,,42722,10,,,0,30,,42726,10,,,0,70,,42727,10,,,0,30,,42711,10,,,0,70,,42719,10,,,0,30,,42729,10,,,0,69,,42714,10,,,0,30,,42718,10,,,0,70,,42724,10,,,0,30,,42738,10,,,0,70,,42730,10,,,0,29,,42737,10,,,0,70,,42716,10,,,0,30,,42740,10,,,0,100,,42739,10,,,0,70,,42709,10,,,0
16019,'1878',755,,42741,10,,,0,101,,42744,10,,,0,100,,42754,10,,,0,100,,42753,10,,,0,100,,42742,10,,,0,100,,42745,10,,,0,100,,42747,10,,,0,101,,42750,10,,,0,100,,42749,10,,,0,100,,42743,10,,,0,99,,42751,10,,,0,100,,42752,10,,,0,99,,42748,10,,,0,100,,42746,10,,,0,100,,42755,10,,,0
14000001029,'1838',556,,42007,40,0,18 7,0,1855,,43961,40,,,0,30,,42005,40,,,0,70,,42006,40,,,0,30,,43962,40,,,0,70,,42004,40,,,0,30,,42002,40,,,0
14000001029,'1857',457,,34808,40,0,18 7,0,1984,,24920,40,,,0,70,,42015,40,,,0,100,,24921,40,,,0,30,,42014,40,,,0
14000001029,'1865',457,,42016,40,0,18 7,0,102,,43963,40,0,18 7,0,1852,,43965,40,,,0,30,,42020,40,,,0,70,,42023,40,,,0,30,,43964,40,,,0,70,,42021,40,,,0,30,,42022,40,,,0
14000001029,'1866',556,,42028,40,0,18 7,0,1855,,42030,40,,,0,30,,42025,40,,,0,70,,42024,40,,,0,30,,42026,40,,,0,70,,42029,40,,,0,30,,42027,40,,,0
14000001029,'1867',556,,42037,40,0,18 7,0,1855,,43966,40,,,0,30,,42035,40,,,0,70,,42036,40,,,0,30,,43967,40,,,0,70,,42034,40,,,0,30,,42032,40,,,0
14000001029,'1871',559,,42011,40,0,18 7,0,1852,,42013,40,,,0,130,,42012,40,,,0
14000001029,'1873',556,,34793,40,0,18 7,0,1855,,34794,40,,,0,30,,24925,40,,,0,70,,34790,40,,,0,30,,34791,40,,,0,70,,24929,40,,,0,30,,34792,40,,,0
14000001029,'1874',2411,,42008,40,,,0,130,,42009,40,,,0
14000001029,'1875',556,,42010,40,0,18 7,0,1885,,24935,40,,,0,70,,34798,40,,,0,100,,24934,40,,,0,30,,34796,40,,,0
14000001029,'1876',559,,43968,40,0,18 7,0,1852,,43970,40,,,0,130,,43969,40,,,0
14000001029,'1878',2411,,43971,40,,,0,130,,43972,40,,,0
