15019,'1838',734,,45028,43,,,0,100,,36883,43,,,0,100,,36886,43,,,0,101,,45027,43,,,0,100,,36881,43,,,0,100,,36879,43,,,0,101,,45026,43,,,0,100,,36880,43,,,0,100,,36877,43,,,0,99,,45025,43,,,0,100,,36875,43,,,0,100,,36876,43,,,0,100,,45024,43,,,0,99,,36887,43,,,0
15019,'1865',606,,36904,9,0,5 2 6 7,0,94,,36905,43,,,0,30,,45029,43,,,0,76,,36907,43,,,0,30,,36908,43,,,0,65,,36909,43,,,0,30,,36910,43,,,0,70,,36911,43,,,0,30,,45030,43,,,0,70,,45031,43,,,0,30,,42569,43,,,0,70,,45032,43,,,0,30,,45033,43,,,0,70,,42570,43,,,0,30,,36918,43,,,0,70,,45034,43,,,0,31,,36920,43,,,0,72,,36921,43,,,0,30,,45035,43,,,0,70,,45036,43,,,0,30,,36924,43,,,0,69,,36925,43,,,0,29,,36926,43,,,0,68,,45037,43,,,0,30,,36928,43,,,0,70,,45038,43,,,0,30,,45039,43,,,0,70,,36931,43,,,0,100,,45040,43,,,0,58,,45041,43,,,0,100,,45042,43,0,5 2 6 7,0
15019,'1866',607,,45048,9,0,5 2 6 7,0,127,,36935,43,,,0,100,,45043,43,,,0,100,,36937,43,,,0,101,,36938,43,,,0,100,,45044,43,,,0,100,,36940,43,,,0,102,,36941,43,,,0,100,,45045,43,,,0,100,,36943,43,,,0,98,,36944,43,,,0,100,,45046,43,,,0,100,,36946,43,,,0,100,,36947,43,,,0,99,,45047,43,,,0
15019,'1867',734,,45053,43,,,0,100,,36959,43,,,0,100,,36962,43,,,0,101,,45052,43,,,0,100,,36957,43,,,0,100,,36955,43,,,0,101,,45051,43,,,0,100,,36956,43,,,0,100,,36953,43,,,0,99,,45050,43,,,0,100,,36951,43,,,0,100,,36952,43,,,0,100,,45049,43,,,0,99,,36963,43,,,0
15019,'1873',734,,30301,43,,,0,200,,30303,43,,,0,101,,30304,43,,,0,200,,30306,43,,,0,102,,30307,43,,,0,200,,30309,43,,,0,98,,30310,43,,,0,200,,30312,43,,,0,100,,30313,43,,,0
15019,'1878',834,,30325,43,,,0,100,,30328,43,,,0,201,,30323,43,,,0,100,,30321,43,,,0,201,,30322,43,,,0,100,,30319,43,,,0,199,,30317,43,,,0,100,,30318,43,,,0,199,,30329,43,,,0
15019,'1881',730,,36889,43,,,0,301,,36890,43,,,0,70,,36891,43,,,0,100,,36893,43,,,0,30,,36894,43,,,0,170,,36896,43,,,0,133,,36897,43,,,0,70,,36898,43,,,0,196,,30384,43,,,0,100,,36899,43,,,0,30,,42574,43,,,0,170,,36901,43,,,0,58,,36902,43,,,0,100,,36903,43,0,5 2 6 7,0
15019,'1882',606,,30361,9,0,5 2 6 7,0,94,,30362,43,,,0,106,,30364,43,,,0,30,,30365,43,,,0,65,,30366,43,,,0,30,,30367,43,,,0,70,,30368,43,,,0,130,,42572,43,,,0,170,,42573,43,,,0,30,,30375,43,,,0,101,,30377,43,,,0,72,,30378,43,,,0,130,,30381,43,,,0,69,,30382,43,,,0,29,,30383,43,,,0,98,,30385,43,,,0,170,,30388,43,,,0
15019,'1886',730,,45054,43,,,0,301,,45055,43,,,0,70,,45056,43,,,0,100,,45057,43,,,0,30,,45058,43,,,0,170,,45059,43,,,0,133,,45060,43,,,0,70,,45061,43,,,0,196,,45062,43,,,0,100,,45063,43,,,0,30,,45064,43,,,0,170,,45065,43,,,0,58,,45066,43,,,0,100,,45067,43,0,5 2 6 7,0
15019,'1887',607,,45073,9,0,5 2 6 7,0,227,,45068,43,,,0,301,,45069,43,,,0,302,,45070,43,,,0,298,,45071,43,,,0,299,,45072,43,,,0
15019,'1888',734,,45078,43,,,0,301,,45077,43,,,0,301,,45076,43,,,0,299,,45075,43,,,0,300,,45074,43,,,0
