60019,'1800',620,,22207,7,,,0,30,,22216,7,,,0,70,,22206,7,,,0,30,,22217,7,,,0,71,,22205,7,,,0,29,,22218,7,,,0,71,,22208,7,,,0,30,,22219,7,,,0,70,,22204,7,,,0,30,,22220,7,,,0,70,,22225,7,,,0,30,,22221,7,,,0,70,,22222,7,,,0,30,,22223,7,,,0,70,,22228,7,,,0,30,,22215,7,,,0,70,,22226,7,,,0,30,,22235,7,,,0,70,,22212,7,,,0,30,,22232,7,,,0,70,,22210,7,,,0,30,,22231,7,,,0,70,,22227,7,,,0,30,,22234,7,,,0,70,,22213,7,,,0,30,,22230,7,,,0,70,,22209,7,,,0,30,,22229,7,,,0,70,,22211,7,,,0,30,,22214,7,,,0,69,,22203,7,,,0
60019,'1847',620,,22174,7,,,0,30,,22183,7,,,0,70,,22173,7,,,0,30,,22184,7,,,0,71,,22172,7,,,0,29,,22185,7,,,0,71,,22175,7,,,0,30,,22186,7,,,0,70,,22171,7,,,0,30,,22187,7,,,0,70,,22192,7,,,0,30,,22188,7,,,0,70,,22189,7,,,0,30,,22190,7,,,0,70,,22195,7,,,0,30,,22182,7,,,0,70,,22193,7,,,0,30,,22202,7,,,0,70,,22179,7,,,0,30,,22199,7,,,0,70,,22177,7,,,0,30,,22198,7,,,0,70,,22194,7,,,0,30,,22201,7,,,0,70,,22180,7,,,0,30,,22197,7,,,0,70,,22176,7,,,0,30,,22196,7,,,0,70,,22178,7,,,0,30,,22181,7,,,0,69,,22170,7,,,0
601019,'1800',2151,,23359,3,,,0,70,,23358,3,,,0,30,,23357,10,,,0
601019,'1838',622,,23324,10,,,0,30,,23327,10,,,0,70,,23351,10,,,0,30,,23336,10,,,0,70,,23354,10,,,0,30,,23322,10,,,0,70,,23329,10,,,0,30,,23349,10,,,0,70,,23352,10,,,0,30,,23323,10,,,0,70,,23335,10,,,0,30,,23353,10,,,0,71,,23348,10,,,0,30,,23326,10,,,0,70,,23338,10,,,0,30,,23344,10,,,0,70,,23341,10,,,0,30,,23331,10,,,0,70,,23330,10,,,0,30,,23325,10,,,0,69,,23345,10,,,0,30,,23334,10,,,0,70,,23347,10,,,0,30,,23343,10,,,0,70,,23328,10,,,0,30,,23350,10,,,0,69,,23342,10,,,0,30,,23356,10,,,0,70,,23339,10,,,0,30,,23355,10,,,0,70,,23332,10,,,0,30,,23333,10,,,0,70,,23340,10,,,0,30,,23337,10,,,0
601019,'1841',619,,23261,10,,,0,281,,23273,10,,,0,100,,23279,10,,,0,59,,23274,10,,,0,100,,23282,10,,,0,100,,23275,10,,,0,100,,23281,10,,,0,545,,23244,10,,,0
601019,'1843',639,,23253,10,,,0,291,,23278,10,,,0,99,,23276,10,,,0,100,,23280,10,,,0,100,,23277,10,,,0,100,,23283,10,,,0,90,,23241,10,,,0,400,,23235,10,,,0,30,,23236,10,,,0,70,,23242,10,,,0,29,,23239,10,,,0,70,,23240,10,,,0,30,,23234,10,,,0,70,,23237,10,,,0,30,,23233,10,,,0,70,,23238,10,,,0,33,,23243,10,,,0
601019,'1845',622,,23300,10,,,0,30,,23318,10,,,0,70,,23299,10,,,0,30,,23317,10,,,0,70,,23298,10,,,0,30,,23316,10,,,0,70,,23297,10,,,0,30,,23315,10,,,0,70,,23295,10,,,0,30,,23313,10,,,0,70,,23296,10,,,0,30,,23314,10,,,0,71,,23294,10,,,0,30,,23312,10,,,0,70,,23285,10,,,0,30,,23311,10,,,0,70,,23293,10,,,0,30,,23310,10,,,0,70,,23291,10,,,0,30,,23309,10,,,0,69,,23286,10,,,0,30,,23307,10,,,0,70,,23288,10,,,0,30,,23308,10,,,0,70,,23292,10,,,0,30,,23306,10,,,0,69,,23287,10,,,0,30,,23305,10,,,0,70,,23290,10,,,0,30,,23304,10,,,0,70,,23289,10,,,0,30,,23303,10,,,0,70,,23284,10,,,0,30,,23302,10,,,0
601019,'1847',2151,,23321,3,,,0,70,,23320,3,,,0,30,,23319,10,,,0
601019,'1850',619,,32942,10,,,0,20,,32934,10,,,0,261,,32954,10,,,0,30,,32959,10,,,0,70,,32960,10,,,0,29,,32957,10,,,0,30,,32955,10,,,0,70,,32961,10,,,0,30,,32963,10,,,0,70,,32958,10,,,0,30,,32956,10,,,0,70,,32964,10,,,0,30,,32962,10,,,0,60,,32922,10,,,0,400,,32916,10,,,0,30,,32917,10,,,0,55,,32925,10,,,0,15,,32923,10,,,0,29,,32920,10,,,0,70,,32921,10,,,0,30,,32915,10,,,0,70,,32918,10,,,0,30,,32914,10,,,0,70,,32919,10,,,0,33,,32924,10,,,0
601019,'1852',619,,32973,10,,,0,281,,32978,10,,,0,100,,32981,10,,,0,59,,32979,10,,,0,100,,32983,10,,,0,100,,32980,10,,,0,100,,32982,10,,,0,545,,32965,10,,,0
