16029,'1799',939,,21364,28,,,0,702,,21369,28,,,0,402,,21371,28,,,0
16029,'1800',743,,25940,28,,,0,99,,25941,28,,,0,97,,21379,28,,,0,104,,25945,28,,,0,98,,25948,28,,,0,100,,25944,28,,,0,101,,25946,28,,,0,100,,25938,28,,,0,100,,25939,28,,,0,99,,21384,28,,,0,99,,25942,28,,,0,101,,25947,28,,,0,100,,25943,28,,,0,102,,21386,28,,,0,98,,25949,28,,,0
16029,'1829',613,,21283,28,,,0,30,,21284,28,,,0,73,,21285,28,,,0,37,,21286,28,,,0,70,,21287,28,,,0,32,,21288,28,,,0,70,,21289,28,,,0,29,,21290,28,,,0,67,,21291,28,,,0,30,,21292,28,,,0,100,,21294,28,,,0,70,,21295,28,,,0,130,,21298,28,,,0,71,,21299,28,,,0,32,,21300,28,,,0,71,,21301,28,,,0,29,,21302,28,,,0,72,,21303,28,,,0,30,,21304,28,,,0,69,,21305,28,,,0,28,,21306,28,,,0,266,,21310,28,,,0,24,,21311,28,,,0,169,,21314,28,,,0
16029,'1831',612,,21323,28,,,0,27,,21338,28,,,0,70,,21331,28,,,0,30,,21316,28,,,0,70,,21324,28,,,0,30,,21339,28,,,0,70,,21332,28,,,0,30,,21317,28,,,0,71,,21325,28,,,0,30,,21340,28,,,0,70,,21333,28,,,0,31,,21318,28,,,0,70,,21326,28,,,0,30,,21341,28,,,0,71,,21334,28,,,0,30,,21319,28,,,0,71,,21327,28,,,0,29,,21342,28,,,0,71,,21335,28,,,0,30,,21320,28,,,0,69,,21328,28,,,0,30,,21343,28,,,0,69,,21336,28,,,0,29,,21321,28,,,0,71,,21329,28,,,0,30,,21344,28,,,0,70,,21337,28,,,0,30,,21322,28,,,0,69,,21330,28,,,0,31,,21345,28,,,0,97,,21346,28,,,0,73,,21347,28,,,0
16029,'1832',743,,21351,28,,,0,99,,21352,28,,,0,201,,21358,28,,,0,98,,21361,28,,,0,100,,21357,28,,,0,101,,21359,28,,,0,100,,21348,28,,,0,100,,21350,28,,,0,198,,21353,28,,,0,101,,21360,28,,,0,100,,21355,28,,,0,200,,21362,28,,,0
16029,'1833',939,,21349,28,,,0,702,,21354,28,,,0,402,,21356,28,,,0
16029,'1834',743,,21366,28,,,0,99,,21367,28,,,0,201,,21373,28,,,0,98,,21376,28,,,0,100,,21372,28,,,0,101,,21374,28,,,0,100,,21363,28,,,0,100,,21365,28,,,0,198,,21368,28,,,0,101,,21375,28,,,0,100,,21370,28,,,0,200,,21377,28,,,0
16029,'1835',1121,,25950,28,,,0,130,,25951,28,,,0,70,,25952,28,,,0,501,,25953,28,,,0,30,,25958,28,,,0,67,,25954,28,,,0,30,,25955,28,,,0,164,,25956,28,,,0,29,,25957,28,,,0
16029,'1837',743,,25961,28,,,0,99,,25962,28,,,0,201,,25966,28,,,0,98,,25969,28,,,0,100,,25965,28,,,0,101,,25967,28,,,0,100,,25959,28,,,0,100,,25960,28,,,0,198,,25963,28,,,0,101,,25968,28,,,0,100,,25964,28,,,0,200,,25970,28,,,0
16029,'1838',743,,25973,28,,,0,99,,25974,28,,,0,201,,25978,28,,,0,98,,25981,28,,,0,100,,25977,28,,,0,101,,25979,28,,,0,100,,25971,28,,,0,100,,25972,28,,,0,198,,25975,28,,,0,101,,25980,28,,,0,100,,25976,28,,,0,200,,25982,28,,,0
