11019,'1791',817,,10275,24,,,0,400,,10279,24,,,0,200,,10281,24,,,0,200,,10283,24,,,0,100,,10284,24,,,0,99,,10285,24,,,0
11019,'1808',1420,,10299,24,,,0,199,,10301,24,,,0,100,,10302,24,,,0
11019,'1809',916,,14315,24,,,0,100,,14316,24,,,0,103,,14317,24,,,0,101,,14318,24,,,0,100,,14319,24,,,0,100,,14320,24,,,0,100,,14321,24,,,0,99,,14322,24,,,0,100,,14323,24,,,0,97,,14324,24,,,0,99,,14325,24,,,0,100,,14326,24,,,0
11019,'1813',715,,10292,24,,,0,100,,10293,24,,,0,101,,10294,24,,,0,100,,10295,24,,,0,100,,10296,24,,,0,104,,10297,24,,,0,100,,10298,24,,,0,200,,10300,24,,,0,296,,10303,24,,,0,99,,10290,24,,,0,100,,10291,24,,,0
11019,'1814',916,,10253,24,,,0,100,,10254,24,,,0,103,,10255,24,,,0,101,,10256,24,,,0,100,,10257,24,,,0,100,,10258,24,,,0,100,,10259,24,,,0,99,,10260,24,,,0,100,,10261,24,,,0,97,,10262,24,,,0,99,,10263,24,,,0,100,,10264,24,,,0
11019,'1815',716,,14327,24,,,0,201,,14328,24,,,0,100,,14329,24,,,0,100,,14330,24,,,0,200,,14331,24,,,0,200,,14332,24,,,0,399,,14333,24,,,0,100,,14334,24,,,0,98,,14335,24,,,0
11019,'1816',715,,14339,24,,,0,100,,14340,24,,,0,101,,14341,24,,,0,100,,14342,24,,,0,100,,14343,24,,,0,104,,14344,24,,,0,100,,14345,24,,,0,200,,14346,24,,,0,296,,14347,24,,,0,99,,14337,24,,,0,100,,14338,24,,,0
11019,'1817',916,,14349,24,,,0,100,,14350,24,,,0,103,,14351,24,,,0,101,,14352,24,,,0,100,,14353,24,,,0,100,,14354,24,,,0,100,,14355,24,,,0,99,,14356,24,,,0,100,,14357,24,,,0,97,,14358,24,,,0,99,,14359,24,,,0,100,,14360,24,,,0
701019,'1791',610,,12655,15,,,0,90,,12657,15,,,0,33,,12659,15,,,0,15,,12660,15,,,0,55,,12661,15,,,0,30,,12663,15,,,0,70,,12665,15,,,0,15,,12666,15,,,0,15,,12667,15,,,0,100,,12670,15,,,0,15,,12671,15,,,0,55,,12672,15,,,0,100,,12676,15,,,0,100,,12680,15,,,0,234,,12689,15,,,0,183,,12695,15,,,0,14,,12696,15,,,0,98,,12700,15,,,0,69,,12702,15,,,0,99,,12706,15,,,0,30,,12708,15,,,0,100,,12711,15,,,0,70,,12712,15,,,0,100,,12714,15,,,0
701019,'1794',815,,12552,15,,,0,100,,12536,15,,,0,30,,12553,15,,,0,55,,12615,15,,,0,45,,12537,15,,,0,71,,12532,15,,,0,32,,12540,15,,,0,55,,12594,15,,,0,15,,12535,15,,,0,30,,12547,15,,,0,55,,12612,15,,,0,15,,12538,15,,,0,15,,12590,15,,,0,15,,12543,15,,,0,70,,12546,15,,,0,30,,12533,15,,,0,70,,12545,15,,,0,30,,12549,15,,,0,70,,12530,15,,,0,30,,12531,15,,,0,70,,12548,15,,,0,30,,12529,15,,,0,69,,12544,15,,,0,29,,12550,15,,,0,70,,12541,15,,,0,30,,12542,15,,,0,70,,12551,15,,,0,29,,12539,15,,,0
701019,'1808',630,,12831,15,,,0,100,,12776,15,,,0,70,,12788,15,,,0,45,,12835,15,,,0,55,,12766,15,,,0,15,,12836,15,,,0,15,,12777,15,,,0,85,,12846,15,,,0,15,,12801,15,,,0,15,,12841,15,,,0,103,,12842,15,,,0,55,,12790,15,,,0,15,,12845,15,,,0,100,,12856,15,,,0,30,,12855,15,,,0,100,,12853,15,,,0,70,,12852,15,,,0,100,,12851,15,,,0,30,,12850,15,,,0,100,,12848,15,,,0,69,,12847,15,,,0,99,,12832,15,,,0,30,,12837,15,,,0,99,,12839,15,,,0
701019,'1809',630,,15831,15,,,0,70,,15864,15,,,0,30,,15849,15,,,0,70,,15830,15,,,0,15,,12885,15,,,0,15,,15867,15,,,0,15,,15808,15,,,0,55,,15838,15,,,0,15,,12869,15,,,0,15,,15827,15,,,0,15,,12886,15,,,0,55,,12948,15,,,0,15,,15807,15,,,0,15,,15847,15,,,0,15,,12870,15,,,0,55,,15826,15,,,0,16,,12865,15,,,0,17,,15860,15,,,0,15,,12873,15,,,0,55,,12927,15,,,0,15,,12868,15,,,0,15,,15823,15,,,0,15,,12880,15,,,0,55,,12945,15,,,0,15,,12871,15,,,0,15,,12923,15,,,0,15,,12876,15,,,0,55,,15821,15,,,0,15,,12879,15,,,0,15,,15868,15,,,0,15,,12866,15,,,0,55,,15843,15,,,0,15,,12878,15,,,0,15,,15819,15,,,0,15,,12882,15,,,0,55,,15863,15,,,0,15,,12863,15,,,0,15,,15848,15,,,0,15,,12864,15,,,0,55,,15817,15,,,0,15,,12881,15,,,0,15,,15857,15,,,0,15,,12862,15,,,0,55,,15840,15,,,0,14,,12877,15,,,0,14,,15816,15,,,0,15,,12883,15,,,0,55,,15856,15,,,0,15,,12874,15,,,0,15,,15841,15,,,0,15,,12875,15,,,0,55,,15814,15,,,0,15,,12884,15,,,0,14,,15869,15,,,0,15,,12872,15,,,0,55,,15839,15,,,0,30,,15811,15,,,0,70,,15865,15,,,0,30,,15835,15,,,0,70,,15809,15,,,0,29,,15870,15,,,0,25,,15872,15,,,0,65,,15871,15,,,0
701019,'1813',700,,12796,15,,,0,115,,12834,15,,,0,15,,12800,15,,,0,115,,12843,15,,,0,55,,12789,15,,,0,100,,12767,15,,,0,16,,12844,15,,,0,17,,12778,15,,,0,100,,12802,15,,,0,15,,12857,15,,,0,55,,12768,15,,,0,30,,12779,15,,,0,70,,12791,15,,,0,15,,12854,15,,,0,15,,12803,15,,,0,70,,12769,15,,,0,30,,12780,15,,,0,15,,12858,15,,,0,55,,12792,15,,,0,30,,12804,15,,,0,70,,12770,15,,,0,15,,12849,15,,,0,15,,12781,15,,,0,70,,12793,15,,,0,28,,12805,15,,,0,15,,12859,15,,,0,55,,12771,15,,,0,30,,12782,15,,,0,70,,12794,15,,,0,15,,12838,15,,,0,14,,12806,15,,,0,70,,12772,15,,,0,30,,12783,15,,,0,70,,12795,15,,,0,30,,12807,15,,,0,70,,12827,15,,,0,29,,12830,15,,,0,25,,12840,15,,,0,65,,12833,15,,,0
701019,'1814',630,,12576,15,,,0,70,,12617,15,,,0,30,,12598,15,,,0,70,,12575,15,,,0,30,,12620,15,,,0,15,,12534,15,,,0,55,,12585,15,,,0,30,,12572,15,,,0,85,,12528,15,,,0,15,,12596,15,,,0,70,,12571,15,,,0,33,,12611,15,,,0,100,,12568,15,,,0,170,,12566,15,,,0,30,,12621,15,,,0,70,,12591,15,,,0,30,,12564,15,,,0,70,,12616,15,,,0,30,,12597,15,,,0,70,,12562,15,,,0,30,,12608,15,,,0,70,,12587,15,,,0,28,,12561,15,,,0,70,,12607,15,,,0,30,,12588,15,,,0,70,,12559,15,,,0,29,,12622,15,,,0,70,,12586,15,,,0,30,,12556,15,,,0,70,,12618,15,,,0,30,,12581,15,,,0,70,,12554,15,,,0,29,,12623,15,,,0,25,,12625,15,,,0,65,,12624,15,,,0
701019,'1815',642,,15874,15,,,0,73,,15875,15,,,0,103,,15876,15,,,0,30,,15877,15,,,0,100,,15878,15,,,0,70,,15879,15,,,0,100,,15880,15,,,0,15,,15881,15,,,0,15,,15882,15,,,0,70,,15883,15,,,0,15,,15884,15,,,0,15,,15885,15,,,0,70,,15886,15,,,0,15,,15887,15,,,0,15,,15888,15,,,0,55,,15889,15,,,0,15,,15890,15,,,0,15,,15891,15,,,0,17,,15892,15,,,0,57,,15893,15,,,0,15,,15933,15,,,0,30,,15894,15,,,0,55,,15895,15,,,0,15,,15896,15,,,0,15,,15934,15,,,0,15,,15897,15,,,0,55,,15898,15,,,0,42,,15899,15,,,0,54,,15900,15,,,0,14,,15901,15,,,0,30,,15902,15,,,0,68,,15903,15,,,0,15,,15904,15,,,0,15,,15905,15,,,0,70,,15906,15,,,0,30,,15907,15,,,0,55,,15908,15,,,0,130,,15909,15,,,0,100,,15910,15,,,0,25,,15911,15,,,0,65,,15912,15,,,0
701019,'1816',700,,15967,15,,,0,115,,15995,15,,,0,15,,15971,15,,,0,115,,15998,15,,,0,55,,15961,15,,,0,100,,15942,15,,,0,16,,15999,15,,,0,17,,15951,15,,,0,100,,15972,15,,,0,15,,16002,15,,,0,55,,15943,15,,,0,30,,15952,15,,,0,70,,15962,15,,,0,15,,16001,15,,,0,15,,15973,15,,,0,70,,15944,15,,,0,30,,15953,15,,,0,15,,16003,15,,,0,55,,15963,15,,,0,30,,15974,15,,,0,70,,15945,15,,,0,15,,16000,15,,,0,15,,15954,15,,,0,70,,15964,15,,,0,28,,15975,15,,,0,15,,16004,15,,,0,55,,15946,15,,,0,30,,15955,15,,,0,70,,15965,15,,,0,15,,15996,15,,,0,14,,15976,15,,,0,70,,15947,15,,,0,30,,15956,15,,,0,70,,15966,15,,,0,30,,15977,15,,,0,70,,15991,15,,,0,29,,15993,15,,,0,25,,15997,15,,,0,65,,15994,15,,,0
701019,'1817',630,,16030,15,,,0,70,,16063,15,,,0,30,,16048,15,,,0,70,,16029,15,,,0,30,,16066,15,,,0,15,,16007,15,,,0,55,,16037,15,,,0,30,,16026,15,,,0,85,,16006,15,,,0,15,,16046,15,,,0,70,,16025,15,,,0,33,,16059,15,,,0,100,,16022,15,,,0,170,,16020,15,,,0,30,,16067,15,,,0,70,,16042,15,,,0,30,,16018,15,,,0,70,,16062,15,,,0,30,,16047,15,,,0,70,,16016,15,,,0,30,,16056,15,,,0,70,,16039,15,,,0,28,,16015,15,,,0,70,,16055,15,,,0,30,,16040,15,,,0,70,,16013,15,,,0,29,,16068,15,,,0,70,,16038,15,,,0,30,,16010,15,,,0,70,,16064,15,,,0,30,,16034,15,,,0,70,,16008,15,,,0,29,,16069,15,,,0,25,,16071,15,,,0,65,,16070,15,,,0
