1029,'1817',621,,16625,42,,,0,100,,16626,42,,,0,100,,16627,42,,,0,100,,16628,42,,,0,100,,16629,42,,,0,100,,16630,42,,,0,100,,16631,42,,,0,100,,16632,42,,,0,100,,16633,42,,,0,100,,16634,42,,,0,100,,16635,42,,,0,100,,16636,42,,,0,100,,16637,42,,,0,100,,16638,42,,,0,100,,16639,42,,,0,100,,16640,42,,,0,100,,16641,42,,,0,95,,16642,42,,,0
1029,'1820',621,,9387,42,,,0,105,,9407,42,,,0,30,,9384,42,,,0,71,,13781,42,,,0,30,,13794,42,,,0,69,,9382,42,,,0,30,,9389,42,,,0,71,,13792,42,,,0,30,,13783,42,,,0,70,,9378,42,,,0,30,,13793,42,,,0,70,,9383,42,,,0,30,,13784,42,,,0,70,,13791,42,,,0,30,,9385,42,,,0,70,,9380,42,,,0,30,,9408,42,,,0,70,,13782,42,,,0,30,,13785,42,,,0,70,,13790,42,,,0,30,,13786,42,,,0,70,,9392,42,,,0,30,,9359,42,,,0,64,,9397,42,,,0,30,,9396,42,,,0,70,,13787,42,,,0,30,,9394,42,,,0,70,,9409,42,,,0,30,,9403,42,,,0,70,,13789,42,,,0,30,,9401,42,,,0,70,,13788,42,,,0,30,,9399,42,,,0,65,,9398,42,,,0
1029,'1821',656,,9388,42,,,0
1029,'1823',621,,16652,42,,,0,105,,16672,42,,,0,30,,16649,42,,,0,71,,16644,42,,,0,30,,16676,42,,,0,69,,16647,42,,,0,30,,16653,42,,,0,71,,16671,42,,,0,30,,16651,42,,,0,70,,16643,42,,,0,30,,16675,42,,,0,70,,16648,42,,,0,30,,16654,42,,,0,70,,16670,42,,,0,30,,16650,42,,,0,70,,16645,42,,,0,30,,16673,42,,,0,70,,16646,42,,,0,30,,16655,42,,,0,70,,16669,42,,,0,30,,16658,42,,,0,70,,16657,42,,,0,30,,16656,42,,,0,64,,16662,42,,,0,30,,16661,42,,,0,70,,16660,42,,,0,30,,16659,42,,,0,70,,16674,42,,,0,30,,16668,42,,,0,70,,16667,42,,,0,30,,16666,42,,,0,70,,16665,42,,,0,30,,16664,42,,,0,65,,16663,42,,,0
1029,'1824',621,,16682,42,,,0,30,,16694,42,,,0,70,,16701,42,,,0,30,,16689,42,,,0,70,,16710,42,,,0,30,,16698,42,,,0,69,,16681,42,,,0,31,,16693,42,,,0,70,,16704,42,,,0,30,,16688,42,,,0,70,,16711,42,,,0,30,,16697,42,,,0,70,,16680,42,,,0,30,,16692,42,,,0,70,,16703,42,,,0,30,,16687,42,,,0,70,,16683,42,,,0,30,,16696,42,,,0,70,,16679,42,,,0,30,,16691,42,,,0,70,,16699,42,,,0,30,,16686,42,,,0,70,,16708,42,,,0,30,,16695,42,,,0,70,,16678,42,,,0,30,,16690,42,,,0,70,,16702,42,,,0,30,,16684,42,,,0,70,,16706,42,,,0,30,,16705,42,,,0,70,,16677,42,,,0,30,,16685,42,,,0,70,,16700,42,,,0,30,,16709,42,,,0,65,,16707,42,,,0
2029,'1816',606,,5908,39,0,5 2 15 16 17,0,30,,5891,39,,,0,70,,5898,39,,,0,30,,5877,39,,,0,70,,5883,39,,,0,30,,5892,39,,,0,70,,5899,39,,,0,30,,5878,39,,,0,70,,5884,39,,,0,30,,5893,39,,,0,70,,5900,39,,,0,30,,5879,39,,,0,70,,5885,39,,,0,30,,5894,39,,,0,70,,5901,39,,,0,30,,5880,39,,,0,70,,5886,39,,,0,30,,5895,39,,,0,70,,5902,39,,,0,30,,5881,39,,,0,70,,5887,39,,,0,30,,5896,39,,,0,70,,5903,39,,,0,30,,5882,39,,,0,70,,5888,39,,,0,30,,5897,39,,,0,70,,5904,39,,,0,30,,5889,39,,,0,100,,5905,39,,,0,100,,5890,39,,,0,100,,5906,39,,,0
2029,'1817',636,,9443,39,,,0,70,,9451,39,,,0,30,,9462,39,,,0,70,,9457,39,,,0,30,,9444,39,,,0,70,,9452,39,,,0,30,,9463,39,,,0,70,,9458,39,,,0,30,,9445,39,,,0,70,,9453,39,,,0,30,,9464,39,,,0,70,,9459,39,,,0,30,,9446,39,,,0,70,,9454,39,,,0,30,,9465,39,,,0,70,,9460,39,,,0,30,,9447,39,,,0,70,,9455,39,,,0,30,,9466,39,,,0,70,,9461,39,,,0,30,,9448,39,,,0,70,,9456,39,,,0,30,,9467,39,,,0,100,,9449,39,,,0,100,,9468,39,,,0,100,,9450,39,,,0,100,,9469,39,,,0,100,,9442,39,,,0
2029,'1821',539,,5868,24,,,0,67,,5842,39,,,0,30,,5843,39,,,0,70,,5844,39,,,0,30,,5845,39,,,0,70,,5846,39,,,0,30,,5847,39,,,0,70,,5848,39,,,0,30,,5849,39,,,0,70,,5850,39,,,0,30,,5851,39,,,0,70,,5852,39,,,0,30,,5853,39,,,0,70,,5854,39,,,0,30,,5855,39,,,0,70,,5856,39,,,0,30,,5857,39,,,0,70,,5858,39,,,0,30,,5859,39,,,0,70,,5860,39,,,0,30,,5861,39,,,0,70,,5862,39,,,0,30,,5863,39,,,0,70,,5864,39,,,0,31,,5865,39,,,0,69,,5866,39,,,0,30,,5867,39,,,0,70,,5871,39,,,0,30,,5872,39,,,0,100,,5873,39,,,0,100,,5874,39,,,0,100,,5870,39,,,0
12029,'1820',645,,10421,18,,,0,70,,14429,18,,,0,31,,14425,18,,,0,70,,10429,18,,,0,30,,14426,18,,,0,70,,10408,9,,,0,30,,14419,9,,,0,70,,14420,9,,,0,30,,10411,9,,,0,70,,10412,9,,,0,30,,10413,9,,,0,70,,14421,9,,,0,30,,14422,9,,,0,70,,14423,9,,,0,30,,14424,9,,,0,70,,10418,9,,,0,30,,10407,18,,,0,71,,10427,18,,,0,30,,10419,18,,,0,70,,14428,18,,,0,30,,10420,18,,,0,70,,10430,18,,,0,30,,10424,18,,,0,69,,14427,18,,,0
12029,'1823',645,,17285,18,,,0,70,,17293,18,,,0,31,,17286,18,,,0,70,,17294,18,,,0,30,,17287,18,,,0,70,,17272,9,,,0,30,,17273,9,,,0,70,,17274,9,,,0,30,,17275,9,,,0,70,,17276,9,,,0,30,,17277,9,,,0,70,,17278,9,,,0,30,,17279,9,,,0,70,,17280,9,,,0,30,,17281,9,,,0,70,,17282,9,,,0,30,,17289,18,,,0,71,,17292,18,,,0,30,,17283,18,,,0,70,,17291,18,,,0,30,,17284,18,,,0,70,,17295,18,,,0,30,,17288,18,,,0,69,,17290,18,,,0
14000001029,'1816',2428,,9292,23,,,0,130,,9296,23,,,0
14000001029,'1817',545,,19150,23,0,18 7,0,1813,,19146,23,,,0,70,,13744,23,,,0,30,,19149,23,,,0,70,,19148,23,,,0,30,,13743,23,,,0,70,,19147,23,,,0
14000001029,'1820',444,,13749,23,0,18 7,0,102,,16520,23,0,18 7,0,1812,,16522,23,,,0,100,,16524,23,,,0,70,,16521,23,,,0,100,,16523,23,,,0
14000001029,'1821',2428,,9287,23,,,0,130,,9288,23,,,0
14000001029,'1823',444,,19151,23,0,18 7,0,102,,19152,23,0,18 7,0,1812,,19154,23,,,0,100,,19156,23,,,0,70,,19153,23,,,0,100,,19155,23,,,0
14000001029,'1824',545,,19160,23,0,18 7,0,1813,,19161,23,,,0,100,,19157,23,,,0,70,,19158,23,,,0,100,,19159,23,,,0
