15019,'1838',710,,45028,6,,,0,100,,36883,6,,,0,100,,36886,6,,,0,100,,45027,6,,,0,100,,36881,6,,,0,100,,36879,6,,,0,100,,45026,6,,,0,100,,36880,6,,,0,100,,36877,6,,,0,100,,45025,6,,,0,100,,36875,6,,,0,100,,36876,6,,,0,100,,45024,6,,,0,100,,36887,6,,,0
15019,'1865',635,,36905,6,,,0,70,,45029,6,,,0,31,,36907,6,,,0,70,,36908,6,,,0,29,,36909,6,,,0,70,,36910,6,,,0,30,,36911,6,,,0,70,,45030,6,,,0,30,,45031,6,,,0,70,,42569,6,,,0,30,,45032,6,,,0,70,,45033,6,,,0,30,,42570,6,,,0,70,,36918,6,,,0,30,,45034,6,,,0,70,,36920,6,,,0,31,,36921,6,,,0,70,,45035,6,,,0,30,,45036,6,,,0,70,,36924,6,,,0,29,,36925,6,,,0,70,,36926,6,,,0,30,,45037,6,,,0,70,,36928,6,,,0,30,,45038,6,,,0,70,,45039,6,,,0,30,,36931,6,,,0,100,,45040,6,,,0,100,,45041,6,,,0,100,,45042,6,0,5 2 6 7,0
15019,'1866',710,,36935,6,,,0,100,,45043,6,,,0,100,,36937,6,,,0,100,,36938,6,,,0,100,,45044,6,,,0,100,,36940,6,,,0,100,,36941,6,,,0,100,,45045,6,,,0,100,,36943,6,,,0,100,,36944,6,,,0,100,,45046,6,,,0,100,,36946,6,,,0,100,,36947,6,,,0,100,,45047,6,,,0
15019,'1867',710,,45053,6,,,0,100,,36959,6,,,0,100,,36962,6,,,0,100,,45052,6,,,0,100,,36957,6,,,0,100,,36955,6,,,0,100,,45051,6,,,0,100,,36956,6,,,0,100,,36953,6,,,0,100,,45050,6,,,0,100,,36951,6,,,0,100,,36952,6,,,0,100,,45049,6,,,0,100,,36963,6,,,0
15019,'1873',710,,30301,6,,,0,200,,30303,6,,,0,100,,30304,6,,,0,200,,30306,6,,,0,100,,30307,6,,,0,200,,30309,6,,,0,100,,30310,6,,,0,200,,30312,6,,,0,100,,30313,6,,,0
15019,'1878',810,,30325,6,,,0,100,,30328,6,,,0,200,,30323,6,,,0,100,,30321,6,,,0,200,,30322,6,,,0,100,,30319,6,,,0,200,,30317,6,,,0,100,,30318,6,,,0,200,,30329,6,,,0
15019,'1881',705,,36889,6,,,0,300,,36890,6,,,0,30,,36891,6,,,0,100,,36893,6,,,0,70,,36894,6,,,0,130,,36896,6,,,0,171,,36897,6,,,0,30,,36898,6,,,0,199,,30384,6,,,0,100,,36899,6,,,0,70,,42574,6,,,0,130,,36901,6,,,0,100,,36902,6,,,0,100,,36903,6,0,5 2 6 7,0
15019,'1882',635,,30362,6,,,0,101,,30364,6,,,0,70,,30365,6,,,0,29,,30366,6,,,0,70,,30367,6,,,0,30,,30368,6,,,0,170,,42572,6,,,0,130,,42573,6,,,0,70,,30375,6,,,0,100,,30377,6,,,0,31,,30378,6,,,0,170,,30381,6,,,0,29,,30382,6,,,0,70,,30383,6,,,0,100,,30385,6,,,0,130,,30388,6,,,0
15019,'1886',705,,45054,6,,,0,300,,45055,6,,,0,30,,45056,6,,,0,100,,45057,6,,,0,70,,45058,6,,,0,130,,45059,6,,,0,171,,45060,6,,,0,30,,45061,6,,,0,199,,45062,6,,,0,100,,45063,6,,,0,70,,45064,6,,,0,130,,45065,6,,,0,100,,45066,6,,,0,100,,45067,6,0,5 2 6 7,0
15019,'1887',810,,45068,6,,,0,300,,45069,6,,,0,300,,45070,6,,,0,300,,45071,6,,,0,300,,45072,6,,,0
15019,'1888',710,,45078,6,,,0,300,,45077,6,,,0,300,,45076,6,,,0,300,,45075,6,,,0,300,,45074,6,,,0
