4029,'1805',618,,6092,2,,,0,28,,6093,2,,,0,70,,6094,2,,,0,30,,6095,2,,,0,70,,6096,2,,,0,30,,6097,2,,,0,69,,6098,2,,,0,30,,6085,2,,,0,70,,6079,2,,,0,28,,6072,2,,,0,70,,6083,2,,,0,28,,6089,2,,,0,70,,6084,2,,,0,30,,6071,2,,,0,70,,6076,2,,,0,30,,6087,2,,,0,70,,6070,2,,,0,30,,6086,2,,,0,70,,6081,2,,,0,30,,6073,2,,,0,70,,6068,2,,,0,30,,6088,2,,,0,70,,6091,2,,,0,30,,6082,2,,,0,70,,6077,2,,,0,30,,6099,2,,,0,75,,6074,2,,,0,30,,6069,2,,,0,70,,6075,2,,,0,30,,6080,2,,,0,70,,6090,2,,,0,30,,6078,2,,,0
4029,'1806',716,,6121,2,,,0,30,,9637,2,,,0,70,,6119,2,,,0,30,,6122,2,,,0,69,,9636,2,,,0,30,,6112,2,,,0,68,,6115,2,,,0,30,,6100,2,,,0,70,,6105,2,,,0,30,,6108,2,,,0,68,,6111,2,,,0,30,,6113,2,,,0,70,,6101,2,,,0,30,,6104,2,,,0,70,,6107,2,,,0,30,,6110,2,,,0,70,,6114,2,,,0,30,,6102,2,,,0,70,,6103,2,,,0,30,,6106,2,,,0,70,,6109,2,,,0,30,,9639,2,,,0,70,,6126,2,,,0,35,,6128,2,,,0,70,,9638,2,,,0,30,,6118,2,,,0,70,,6124,2,,,0,30,,6116,2,,,0,100,,6117,2,,,0
6029,'1805',603,,6229,2,,,0,30,,6230,2,,,0,68,,6231,2,,,0,30,,6232,2,,,0,70,,6233,2,,,0,30,,6234,2,,,0,70,,6235,2,,,0,30,,6236,2,,,0,70,,6237,2,,,0,30,,6238,2,,,0,70,,6239,2,,,0,30,,6240,2,,,0,70,,6241,2,,,0,30,,6242,2,,,0,70,,6243,2,,,0,30,,6244,2,,,0,70,,6245,2,,,0,30,,6246,2,,,0,70,,6247,2,,,0,30,,6248,2,,,0,70,,6249,2,,,0,30,,6250,2,,,0,70,,6251,2,,,0,30,,6252,2,,,0,70,,6253,2,,,0,30,,6254,2,,,0,70,,6255,2,0,5 2 6 7,0,100,,6256,2,0,5 2 6 7,0,100,,6257,2,0,5 2 6 7,0
7029,'1805',632,,6399,2,,,0,70,,6413,2,,,0,30,,6400,2,,,0,69,,6414,2,,,0,30,,6401,2,,,0,70,,6415,2,,,0,30,,6402,2,,,0,70,,6416,2,,,0,30,,6403,2,,,0,70,,6417,2,,,0,30,,6404,2,,,0,70,,6418,2,,,0,30,,6405,2,,,0,70,,6419,2,,,0,30,,6406,2,,,0,70,,6420,2,,,0,30,,6407,2,,,0,70,,6421,2,,,0,30,,6408,2,,,0,70,,6422,2,,,0,30,,6409,2,,,0,70,,6423,2,,,0,30,,6410,2,,,0,70,,6424,2,,,0,30,,6411,2,,,0,70,,6425,2,,,0,30,,6412,2,,,0,70,,6426,2,,,0,100,,6427,2,,,0,100,,6428,2,,,0,100,,10050,2,,,0,30,,6431,2,0,13 14,0
7029,'1806',701,,6433,2,,,0,100,,6434,2,,,0,100,,6435,2,,,0,100,,6436,2,,,0,100,,6437,2,,,0,100,,6438,2,,,0,100,,6439,2,,,0,100,,6440,2,,,0,100,,6441,2,,,0,100,,6442,2,,,0,100,,6443,2,,,0,100,,6444,2,,,0,100,,6445,2,,,0,100,,6446,2,,,0,100,,6432,2,,,0,230,,10051,2,0,13 14,0
14019,'1794',636,,10516,2,,,0,100,,10517,2,,,0,100,,10505,2,,,0,100,,10506,2,,,0,100,,10507,2,,,0,100,,10508,2,,,0,100,,10509,2,,,0,100,,10510,2,,,0,100,,10511,2,,,0,100,,10512,2,,,0,100,,10513,2,,,0,100,,10514,2,,,0,100,,10515,2,,,0,100,,10504,2,,,0,100,,10503,2,,,0
14019,'1805',636,,6766,2,,,0,100,,6767,2,,,0,100,,6768,2,,,0,100,,6769,2,,,0,100,,6770,2,,,0,100,,6771,2,,,0,100,,6772,2,,,0,100,,6773,2,,,0,100,,6774,2,,,0,100,,6775,2,,,0,100,,6776,2,,,0,100,,6777,2,,,0,100,,6778,2,,,0,100,,6779,2,,,0,100,,6780,2,,,0,100,,6781,2,,,0,100,,10518,2,,,0
14019,'1806',636,,6796,2,,,0,100,,6797,2,,,0,100,,10520,2,,,0,100,,10521,2,,,0,100,,6787,2,,,0,100,,10522,2,,,0,100,,10523,2,,,0,100,,6790,2,,,0,100,,10524,2,,,0,100,,10525,2,,,0,100,,6793,2,,,0,100,,6794,2,,,0,100,,10526,2,,,0,100,,10519,2,,,0,100,,6783,2,,,0
14019,'1807',511,,10557,2,,,0,100,,10556,2,,,0,40,,10527,2,,,0,70,,10540,2,,,0,28,,10528,2,,,0,62,,10541,2,,,0,30,,10529,2,,,0,70,,10542,2,,,0,30,,10530,2,,,0,70,,10543,2,,,0,30,,10531,2,,,0,70,,10544,2,,,0,30,,10532,2,,,0,70,,10545,2,,,0,30,,10533,2,,,0,70,,10546,2,,,0,30,,10534,2,,,0,70,,10547,2,,,0,30,,10535,2,,,0,70,,10548,2,,,0,40,,10536,2,,,0,70,,10549,2,,,0,30,,10537,2,,,0,70,,10550,2,,,0,30,,10538,2,,,0,60,,10551,2,,,0,30,,10539,2,,,0,70,,10552,2,,,0,30,,10558,2,,,0,70,,10553,2,,,0,92,,10554,2,,,0,100,,10555,2,,,0
14019,'1808',636,,10559,2,,,0,100,,10560,2,,,0,100,,10561,2,,,0,100,,10562,2,,,0,100,,10563,2,,,0,100,,10564,2,,,0,100,,10565,2,,,0,100,,10566,2,,,0,100,,10567,2,,,0,100,,10568,2,,,0,100,,10569,2,,,0,100,,10570,2,,,0,100,,10571,2,,,0,100,,10572,2,,,0,100,,10573,2,,,0,100,,10574,2,,,0,100,,10575,2,,,0
14019,'1809',636,,10589,2,,,0,100,,10590,2,,,0,100,,10578,2,,,0,100,,10579,2,,,0,100,,10580,2,,,0,100,,10581,2,,,0,100,,10582,2,,,0,100,,10583,2,,,0,100,,10584,2,,,0,100,,10585,2,,,0,100,,10586,2,,,0,100,,10587,2,,,0,100,,10588,2,,,0,100,,10577,2,,,0,100,,10576,2,,,0
15019,'1805',706,,6829,2,,,0,100,,6830,2,,,0,100,,6831,2,,,0,100,,6832,2,,,0,100,,6833,2,,,0,100,,6834,2,,,0,100,,6835,2,,,0,100,,6836,2,,,0,100,,6837,2,,,0,100,,6838,2,,,0,100,,6839,2,,,0,100,,6840,2,,,0,100,,6841,2,,,0,100,,6842,2,,,0
15019,'1806',706,,6855,2,,,0,100,,6853,2,,,0,100,,6856,2,,,0,100,,6854,2,,,0,100,,6851,2,,,0,100,,6849,2,,,0,100,,6852,2,,,0,100,,6850,2,,,0,100,,6847,2,,,0,100,,6848,2,,,0,100,,6845,2,,,0,100,,6846,2,,,0,100,,6844,2,,,0,100,,6857,2,,,0
19029,'1805',609,,7212,2,,,0,12,,7213,2,,,0,30,,7214,2,,,0,70,,7206,2,,,0,30,,7189,2,,,0,70,,7208,2,,,0,30,,7207,2,,,0,70,,7187,2,,,0,30,,7202,2,,,0,70,,7209,2,,,0,30,,7194,2,,,0,70,,7205,2,,,0,30,,7193,2,,,0,70,,7204,2,,,0,30,,7200,2,,,0,70,,7211,2,,,0,30,,7196,2,,,0,70,,7198,2,,,0,30,,7192,2,,,0,70,,7197,2,,,0,30,,7203,2,,,0,70,,7199,2,,,0,30,,7210,2,,,0,70,,7190,2,,,0,30,,7201,2,,,0,70,,7195,2,,,0,30,,7188,2,,,0,70,,7215,2,,,0,110,,7219,2,,,0,75,,7216,2,,,0,100,,7217,2,,,0,100,,7218,2,,,0,20,,7191,2,,,0
19029,'1806',609,,7244,2,,,0,112,,11155,2,,,0,100,,7243,2,,,0,30,,11153,2,,,0,70,,7236,2,,,0,30,,7239,2,,,0,70,,11145,2,,,0,30,,7228,2,,,0,70,,11149,2,,,0,30,,11151,2,,,0,70,,7237,2,,,0,30,,11143,2,,,0,70,,7227,2,,,0,30,,11148,2,,,0,70,,7234,2,,,0,30,,11152,2,,,0,70,,7221,2,,,0,30,,11146,2,,,0,70,,7230,2,,,0,30,,11150,2,,,0,70,,7240,2,,,0,30,,11144,2,,,0,70,,7225,2,,,0,30,,11147,2,,,0,70,,7246,2,,,0,30,,7249,2,,,0,85,,11156,2,,,0,100,,11157,2,,,0,100,,11154,2,,,0,85,,7220,2,,,0
20006019,'1806',831,,9229,2,0,5 2 6 7,0,100,,9230,2,0,5 2 6 7,0,100,,9231,2,0,5 2 6 7,0,100,,9232,2,0,5 2 6 7,0,100,,9233,2,0,5 2 6 7,0,100,,9234,2,0,5 2 6 7,0,100,,9235,2,0,5 2 6 7,0,100,,9236,2,0,5 2 6 7,0,100,,9237,2,0,5 2 6 7,0,100,,9238,2,0,5 2 6 7,0,100,,9239,2,0,5 2 6 7,0,100,,9240,2,0,5 2 6 7,0
20007019,'1805',2031,,9247,2,,,0,100,,9248,2,,,0,100,,9249,2,,,0
20007019,'1806',631,,9267,2,,,0,200,,9252,2,,,0,100,,9253,2,,,0,100,,9254,2,,,0,100,,9255,2,,,0,100,,9256,2,,,0,100,,9257,2,,,0,100,,9258,2,,,0,100,,9259,2,,,0,100,,9260,2,,,0,100,,9261,2,,,0,100,,9262,2,,,0,100,,9263,2,,,0,100,,13692,2,,,0,100,,9265,2,,,0,70,,13693,2,,,0,30,,13691,2,,,0,70,,13690,2,,,0
