6019,'1816',712,,9775,11,,,0,100,,9776,11,,,0
6019,'1820',726,,14056,11,,,0,17,,14058,11,,,0,70,,9763,11,,,0,129,,9745,11,,,0,70,,9747,11,,,0,30,,14066,11,,,0,71,,14054,11,,,0,30,,9774,11,,,0,70,,9769,11,,,0,30,,14063,11,,,0,70,,14064,11,,,0,30,,9765,11,,,0,70,,14062,11,,,0,32,,9756,11,,,0,69,,14061,11,,,0,30,,14055,11,,,0,70,,9754,11,,,0,30,,9757,11,,,0,72,,9752,11,,,0,27,,14060,11,,,0,69,,14057,11,,,0,30,,14051,11,,,0,70,,14059,11,,,0,100,,14052,11,,,0,100,,14053,11,,,0,100,,14067,11,,,0,100,,14065,11,,,0
6019,'1821',649,,9760,11,,,0,193,,9751,11,,,0,70,,9762,11,,,0
6019,'1823',726,,16920,11,,,0,17,,16924,11,,,0,70,,16926,11,,,0,129,,16911,11,,,0,70,,16913,11,,,0,30,,16935,11,,,0,71,,16916,11,,,0,30,,16937,11,,,0,70,,16932,11,,,0,30,,16931,11,,,0,70,,16933,11,,,0,30,,16928,11,,,0,70,,16930,11,,,0,32,,16921,11,,,0,69,,16929,11,,,0,30,,16918,11,,,0,70,,16919,11,,,0,30,,16922,11,,,0,72,,16917,11,,,0,27,,16927,11,,,0,69,,16923,11,,,0,30,,16912,11,,,0,70,,16925,11,,,0,100,,16914,11,,,0,100,,16915,11,,,0,100,,16936,11,,,0,100,,16934,11,,,0
6019,'1824',642,,16950,11,,,0,100,,16951,11,,,0,100,,16952,11,,,0,70,,16938,11,,,0,30,,16953,11,,,0,70,,16939,11,,,0,30,,16954,11,,,0,70,,16940,11,,,0,30,,16955,11,,,0,70,,16941,11,,,0,32,,16956,11,,,0,70,,16942,11,,,0,30,,16957,11,,,0,70,,16943,11,,,0,30,,16958,11,,,0,70,,16944,11,,,0,30,,16959,11,,,0,70,,16945,11,,,0,30,,16960,11,,,0,70,,16946,11,,,0,28,,16961,11,,,0,70,,16947,11,,,0,30,,16962,11,,,0,70,,16948,11,,,0
15029,'1816',815,,10716,23,,,0,301,,10719,23,,,0,303,,10722,23,,,0,298,,10725,23,,,0,299,,10713,23,,,0
15029,'1817',717,,10678,23,,,0,98,,17441,23,,,0,100,,10675,23,,,0,100,,10676,23,,,0,101,,17442,23,,,0,100,,10673,23,,,0,100,,10670,23,,,0,102,,17440,23,,,0,100,,10672,23,,,0,100,,10669,23,,,0,99,,17439,23,,,0,99,,10667,23,,,0,100,,10668,23,,,0,100,,17438,23,,,0
15029,'1820',643,,10681,23,,,0,69,,10682,23,,,0,32,,14595,23,,,0,71,,14596,23,,,0,34,,14597,23,,,0,70,,14598,23,,,0,25,,10687,23,,,0,170,,10690,23,,,0,30,,10691,23,,,0,70,,14599,23,,,0,30,,14600,23,,,0,70,,10694,23,,,0,30,,10695,23,,,0,70,,14601,23,,,0,31,,14602,23,,,0,75,,10698,23,,,0,32,,14603,23,,,0,70,,14604,23,,,0,29,,14605,23,,,0,94,,14606,23,,,0,69,,14607,23,,,0,27,,14608,23,,,0,70,,14609,23,,,0,30,,14610,23,,,0,70,,14611,23,,,0,30,,14612,23,,,0,100,,14614,23,,,0,97,,14613,23,,,0
15029,'1821',1014,,10688,23,,,0,30,,10689,23,,,0,672,,10702,23,,,0
15029,'1823',643,,17444,23,,,0,69,,17445,23,,,0,32,,17446,23,,,0,71,,17447,23,,,0,34,,17448,23,,,0,70,,17449,23,,,0,25,,17450,23,,,0,170,,17451,23,,,0,30,,17452,23,,,0,70,,17453,23,,,0,30,,17454,23,,,0,70,,17455,23,,,0,30,,17456,23,,,0,70,,17457,23,,,0,31,,17458,23,,,0,75,,17459,23,,,0,32,,17460,23,,,0,70,,17461,23,,,0,29,,17462,23,,,0,94,,17463,23,,,0,69,,17464,23,,,0,27,,17465,23,,,0,70,,17466,23,,,0,30,,17467,23,,,0,70,,17468,23,,,0,30,,17469,23,,,0,100,,17471,23,,,0,97,,17470,23,,,0
15029,'1824',722,,17473,23,,,0,193,,17474,23,,,0,100,,17475,23,,,0,201,,17476,23,,,0,100,,17477,23,,,0,203,,17478,23,,,0,100,,17479,23,,,0,197,,17480,23,,,0,100,,17472,23,,,0
