16029,'1799',933,,21364,16,,,0,702,,21369,16,,,0,403,,21371,16,,,0
16029,'1800',738,,25940,16,,,0,99,,25941,16,,,0,96,,21379,16,,,0,104,,25945,16,,,0,98,,25948,16,,,0,100,,25944,16,,,0,101,,25946,16,,,0,100,,25938,16,,,0,100,,25939,16,,,0,99,,21384,16,,,0,99,,25942,16,,,0,101,,25947,16,,,0,100,,25943,16,,,0,103,,21386,16,,,0,97,,25949,16,,,0
16029,'1829',607,,21283,16,,,0,30,,21284,16,,,0,73,,21285,16,,,0,36,,21286,16,,,0,71,,21287,16,,,0,32,,21288,16,,,0,70,,21289,16,,,0,29,,21290,16,,,0,67,,21291,16,,,0,30,,21292,16,,,0,100,,21294,16,,,0,70,,21295,16,,,0,130,,21298,16,,,0,71,,21299,16,,,0,32,,21300,16,,,0,71,,21301,16,,,0,29,,21302,16,,,0,72,,21303,16,,,0,30,,21304,16,,,0,69,,21305,16,,,0,28,,21306,16,,,0,266,,21310,16,,,0,24,,21311,16,,,0,169,,21314,16,,,0
16029,'1831',607,,21323,16,,,0,27,,21338,16,,,0,70,,21331,16,,,0,30,,21316,16,,,0,70,,21324,16,,,0,30,,21339,16,,,0,70,,21332,16,,,0,29,,21317,16,,,0,71,,21325,16,,,0,30,,21340,16,,,0,70,,21333,16,,,0,31,,21318,16,,,0,70,,21326,16,,,0,30,,21341,16,,,0,71,,21334,16,,,0,30,,21319,16,,,0,71,,21327,16,,,0,29,,21342,16,,,0,71,,21335,16,,,0,30,,21320,16,,,0,69,,21328,16,,,0,30,,21343,16,,,0,69,,21336,16,,,0,29,,21321,16,,,0,71,,21329,16,,,0,30,,21344,16,,,0,70,,21337,16,,,0,30,,21322,16,,,0,70,,21330,16,,,0,31,,21345,16,,,0,97,,21346,16,,,0,73,,21347,16,,,0
16029,'1832',738,,21351,16,,,0,99,,21352,16,,,0,200,,21358,16,,,0,98,,21361,16,,,0,100,,21357,16,,,0,101,,21359,16,,,0,100,,21348,16,,,0,100,,21350,16,,,0,198,,21353,16,,,0,101,,21360,16,,,0,100,,21355,16,,,0,200,,21362,16,,,0
16029,'1833',933,,21349,16,,,0,702,,21354,16,,,0,403,,21356,16,,,0
16029,'1834',738,,21366,16,,,0,99,,21367,16,,,0,200,,21373,16,,,0,98,,21376,16,,,0,100,,21372,16,,,0,101,,21374,16,,,0,100,,21363,16,,,0,100,,21365,16,,,0,198,,21368,16,,,0,101,,21375,16,,,0,100,,21370,16,,,0,200,,21377,16,,,0
16029,'1835',1115,,25950,16,,,0,130,,25951,16,,,0,70,,25952,16,,,0,501,,25953,16,,,0,30,,25958,16,,,0,67,,25954,16,,,0,30,,25955,16,,,0,164,,25956,16,,,0,29,,25957,16,,,0
16029,'1837',738,,25961,16,,,0,99,,25962,16,,,0,200,,25966,16,,,0,98,,25969,16,,,0,100,,25965,16,,,0,101,,25967,16,,,0,100,,25959,16,,,0,100,,25960,16,,,0,198,,25963,16,,,0,101,,25968,16,,,0,100,,25964,16,,,0,200,,25970,16,,,0
16029,'1838',738,,25973,16,,,0,99,,25974,16,,,0,200,,25978,16,,,0,98,,25981,16,,,0,100,,25977,16,,,0,101,,25979,16,,,0,100,,25971,16,,,0,100,,25972,16,,,0,198,,25975,16,,,0,101,,25980,16,,,0,100,,25976,16,,,0,200,,25982,16,,,0
