4029,'1800',730,2,28887,11,,,0,70,42,35549,11,,,0,30,2,28885,11,,,0,70,42,28888,11,,,0,30,,35548,11,,,0,70,41,28878,11,,,0,29,,28881,11,,,0,30,,35545,11,,,0,70,,28871,11,,,0,30,,28874,11,,,0,69,,28877,11,,,0,30,,28879,11,,,0,70,,35546,11,,,0,30,,28870,11,,,0,70,,28873,11,,,0,30,,28876,11,,,0,70,,28880,11,,,0,30,,28868,11,,,0,70,,28869,11,,,0,30,,28872,11,,,0,70,,35547,11,,,0,30,,35552,11,,,0,70,,28892,11,,,0,72,41,35553,11,,,0,30,,35551,11,,,0,70,41,28884,11,,,0,30,,35550,11,,,0,70,41,28882,11,,,0,100,41,28883,11,,,0
4029,'1838',730,2,35575,11,,,0,70,42,35577,11,,,0,30,2,35573,11,,,0,70,42,35576,11,,,0,30,,35574,11,,,0,70,41,35566,11,,,0,29,,35569,11,,,0,30,,35554,11,,,0,70,,35559,11,,,0,30,,35562,11,,,0,69,,35565,11,,,0,30,,35567,11,,,0,70,,35555,11,,,0,30,,35558,11,,,0,70,,35561,11,,,0,30,,35564,11,,,0,70,,35568,11,,,0,30,,35556,11,,,0,70,,35557,11,,,0,30,,35560,11,,,0,70,,35563,11,,,0,30,,35581,11,,,0,70,,35580,11,,,0,72,41,35582,11,,,0,30,,35579,11,,,0,70,41,35572,11,,,0,30,,35578,11,,,0,70,41,35570,11,,,0,100,41,35571,11,,,0
4029,'1850',630,2,28985,11,,,0,70,42,28986,11,,,0,32,,28987,11,,,0,25,,28988,11,,,0,76,,28989,11,,,0,24,,28990,11,,,0,71,,28991,11,,,0,30,,28992,11,,,0,70,,28993,11,,,0,30,,28994,11,,,0,70,,28995,11,,,0,31,,28996,11,,,0,70,,28997,11,,,0,30,,28998,11,,,0,70,,28999,11,,,0,30,,29000,11,,,0,70,,29001,11,,,0,75,,29002,11,,,0,25,,29003,11,,,0,76,,29004,11,,,0,24,,29005,11,,,0,76,,29006,11,,,0,24,,29007,11,,,0,77,2,29008,11,,,0,26,2,29009,11,,,0,69,42,29010,11,,,0,29,,29011,11,,,0,71,42,29012,11,,,0,29,,29013,11,,,0,70,41,29014,11,,,0,30,,29015,11,,,0,70,41,29016,11,,,0
4029,'1859',632,2,28948,11,,,0,98,2,28950,11,,,0,70,42,28951,11,,,0,30,2,28952,11,,,0,70,42,28953,11,,,0,30,,28954,11,,,0,70,41,28941,11,,,0,30,,28935,11,,,0,29,,28928,11,,,0,70,,28939,11,,,0,29,,28945,11,,,0,70,,28940,11,,,0,30,,28927,11,,,0,70,,28932,11,,,0,30,,28943,11,,,0,70,,28926,11,,,0,30,,28942,11,,,0,70,,28937,11,,,0,30,,28929,11,,,0,70,,28924,11,,,0,30,,28944,11,,,0,70,,28947,11,,,0,30,,28938,11,,,0,70,,28933,11,,,0,29,,28955,11,,,0,75,,28930,11,,,0,70,,28925,11,,,0,28,,28931,11,,,0,70,41,28936,11,,,0,30,,28946,11,,,0,70,41,28934,11,,,0
4029,'1861',730,2,28977,11,,,0,100,2,28975,11,,,0,70,42,28978,11,,,0,100,41,28968,11,,,0,29,,28971,11,,,0,100,,28961,11,,,0,30,,28964,11,,,0,69,,28967,11,,,0,30,,28969,11,,,0,100,,28960,11,,,0,70,,28963,11,,,0,30,,28966,11,,,0,70,,28970,11,,,0,30,,28958,11,,,0,70,,28959,11,,,0,30,,28962,11,,,0,170,,28982,11,,,0,172,41,28974,11,,,0,100,41,28972,11,,,0,100,41,28973,11,,,0
4029,'1862',700,42,35583,11,,,0
4029,'1863',800,42,35588,11,,,0,130,,35587,11,,,0,129,,35584,11,,,0,269,,35585,11,,,0,400,,35586,11,,,0,30,,35591,11,,,0,142,41,35592,11,,,0,30,,35590,11,,,0,100,,35589,11,,,0
4029,'1864',630,2,35593,11,,,0,70,42,29018,11,,,0,32,,29019,11,,,0,25,,29020,11,,,0,76,,29021,11,,,0,24,,29022,11,,,0,71,,35594,11,,,0,30,,29024,11,,,0,70,,29025,11,,,0,30,,35595,11,,,0,70,,29027,11,,,0,31,,29028,11,,,0,70,,29029,11,,,0,30,,29030,11,,,0,70,,35596,11,,,0,30,,29032,11,,,0,70,,29033,11,,,0,75,,35597,11,,,0,25,,35598,11,,,0,76,,35599,11,,,0,24,,35600,11,,,0,76,,35601,11,,,0,24,,35602,11,,,0,77,2,35603,11,,,0,26,2,35604,11,,,0,69,42,35605,11,,,0,29,,29043,11,,,0,71,42,29044,11,,,0,29,,29045,11,,,0,70,41,29046,11,,,0,30,,35606,11,,,0,70,41,29048,11,,,0
4029,'1865',630,2,35607,11,,,0,70,42,35608,11,,,0,32,,35609,11,,,0,25,,35610,11,,,0,76,,35611,11,,,0,24,,35612,11,,,0,71,,35613,11,,,0,30,,35614,11,,,0,70,,35615,11,,,0,30,,35616,11,,,0,70,,35617,11,,,0,31,,35618,11,,,0,70,,35619,11,,,0,30,,35620,11,,,0,70,,35621,11,,,0,30,,35622,11,,,0,70,,35623,11,,,0,75,,35624,11,,,0,25,,35625,11,,,0,76,,35626,11,,,0,24,,35627,11,,,0,76,,35628,11,,,0,24,,35629,11,,,0,77,2,35630,11,,,0,26,2,35631,11,,,0,69,42,35632,11,,,0,29,,35633,11,,,0,71,42,35634,11,,,0,29,,35635,11,,,0,70,41,35636,11,,,0,30,,35637,11,,,0,70,41,35638,11,,,0
4029,'1866',632,2,35663,11,,,0,68,42,35664,11,,,0,30,2,35665,11,,,0,70,42,35666,11,,,0,30,2,35667,11,,,0,70,42,35668,11,,,0,30,,35669,11,,,0,70,41,35656,11,,,0,30,,35650,11,,,0,29,,35643,11,,,0,70,,35654,11,,,0,29,,35660,11,,,0,70,,35655,11,,,0,30,,35642,11,,,0,70,,35647,11,,,0,30,,35658,11,,,0,70,,35641,11,,,0,30,,35657,11,,,0,70,,35652,11,,,0,30,,35644,11,,,0,70,,35639,11,,,0,30,,35659,11,,,0,70,,35662,11,,,0,30,,35653,11,,,0,70,,35648,11,,,0,29,,35670,11,,,0,75,,35645,11,,,0,70,,35640,11,,,0,28,,35646,11,,,0,70,41,35651,11,,,0,30,,35661,11,,,0,70,41,35649,11,,,0
4029,'1867',730,2,35692,11,,,0,70,42,35694,11,,,0,30,2,35690,11,,,0,70,42,35693,11,,,0,30,,35691,11,,,0,70,41,35683,11,,,0,29,,35686,11,,,0,30,,35671,11,,,0,70,,35676,11,,,0,30,,35679,11,,,0,69,,35682,11,,,0,30,,35684,11,,,0,70,,35672,11,,,0,30,,35675,11,,,0,70,,35678,11,,,0,30,,35681,11,,,0,70,,35685,11,,,0,30,,35673,11,,,0,70,,35674,11,,,0,30,,35677,11,,,0,70,,35680,11,,,0,30,,35698,11,,,0,70,,35697,11,,,0,72,41,35699,11,,,0,30,,35696,11,,,0,70,41,35689,11,,,0,30,,35695,11,,,0,70,41,35687,11,,,0,100,41,35688,11,,,0
