11019,'1791',805,,10275,12,,,0,400,,10279,12,,,0,200,,10281,12,,,0,198,,10283,12,,,0,100,,10284,12,,,0,102,,10285,12,,,0
11019,'1808',1408,,10299,12,,,0,200,,10301,12,,,0,100,,10302,12,,,0
11019,'1809',905,,14315,12,,,0,100,,14316,12,,,0,103,,14317,12,,,0,100,,14318,12,,,0,100,,14319,12,,,0,100,,14320,12,,,0,100,,14321,12,,,0,100,,14322,12,,,0,100,,14323,12,,,0,97,,14324,12,,,0,100,,14325,12,,,0,100,,14326,12,,,0
11019,'1813',705,,10292,12,,,0,100,,10293,12,,,0,100,,10294,12,,,0,100,,10295,12,,,0,100,,10296,12,,,0,103,,10297,12,,,0,100,,10298,12,,,0,200,,10300,12,,,0,297,,10303,12,,,0,100,,10290,12,,,0,100,,10291,12,,,0
11019,'1814',905,,10253,12,,,0,100,,10254,12,,,0,103,,10255,12,,,0,100,,10256,12,,,0,100,,10257,12,,,0,100,,10258,12,,,0,100,,10259,12,,,0,100,,10260,12,,,0,100,,10261,12,,,0,97,,10262,12,,,0,100,,10263,12,,,0,100,,10264,12,,,0
11019,'1815',705,,14327,12,,,0,200,,14328,12,,,0,100,,14329,12,,,0,100,,14330,12,,,0,200,,14331,12,,,0,198,,14332,12,,,0,402,,14333,12,,,0,100,,14334,12,,,0,98,,14335,12,,,0
11019,'1816',705,,14339,12,,,0,100,,14340,12,,,0,100,,14341,12,,,0,100,,14342,12,,,0,100,,14343,12,,,0,103,,14344,12,,,0,100,,14345,12,,,0,200,,14346,12,,,0,297,,14347,12,,,0,100,,14337,12,,,0,100,,14338,12,,,0
11019,'1817',905,,14349,12,,,0,100,,14350,12,,,0,103,,14351,12,,,0,100,,14352,12,,,0,100,,14353,12,,,0,100,,14354,12,,,0,100,,14355,12,,,0,100,,14356,12,,,0,100,,14357,12,,,0,97,,14358,12,,,0,100,,14359,12,,,0,100,,14360,12,,,0
32019,'1790',551,,7597,3,,,0,96,,7580,33,,,0,100,,7581,33,,,0,100,,7582,33,,,0,99,,7583,33,,,0,102,,7584,33,,,0,100,,7585,33,,,0,100,,7586,33,,,0,100,,7587,33,,,0,100,,7588,33,,,0,100,,7589,33,,,0,100,,7590,33,,,0,100,,7591,33,,,0,100,,7592,33,,,0,99,,7593,33,,,0,100,,7594,33,,,0,100,,7595,33,,,0,100,,7596,33,,,0
32019,'1791',550,,11596,3,,,0,70,,11592,3,,,0,128,,11563,33,,,0,70,,11579,33,,,0,130,,11571,33,,,0,100,,11561,33,,,0,170,,11575,33,,,0,30,,11570,33,,,0,70,,11581,33,,,0,231,,11567,33,,,0,72,,11540,33,,,0,28,,11560,33,,,0,70,,11578,33,,,0,99,,11572,33,,,0,30,,11569,33,,,0,69,,11580,33,,,0,100,,11589,3,,,0,100,,11591,3,,,0,30,,11566,33,,,0,70,,11590,3,,,0
32019,'1794',551,,11558,3,,,0,96,,11541,33,,,0,100,,11542,33,,,0,100,,11543,33,,,0,99,,11544,33,,,0,102,,11545,33,,,0,100,,11546,33,,,0,100,,11547,33,,,0,100,,11548,33,,,0,100,,11549,33,,,0,100,,11550,33,,,0,100,,11551,33,,,0,100,,11552,33,,,0,100,,11553,33,,,0,99,,11554,33,,,0,100,,11555,33,,,0,100,,11556,33,,,0,100,,11557,33,,,0
32019,'1808',521,,7578,3,,,0,30,,7579,3,,,0,70,,7561,3,,,0,26,,7554,33,,,0,70,,7571,33,,,0,30,,7548,33,,,0,70,,7565,33,,,0,30,,7572,33,,,0,70,,7560,33,,,0,29,,7553,33,,,0,71,,7570,33,,,0,31,,7547,33,,,0,70,,7564,33,,,0,30,,7575,33,,,0,70,,7559,33,,,0,30,,7552,33,,,0,70,,7569,33,,,0,30,,7546,33,,,0,70,,7563,33,,,0,30,,7574,33,,,0,70,,7558,33,,,0,30,,7551,33,,,0,70,,7568,33,,,0,30,,7545,33,,,0,70,,7562,33,,,0,30,,7576,33,,,0,70,,7557,33,,,0,30,,7550,33,,,0,69,,7566,33,,,0,30,,7544,33,,,0,70,,7556,3,,,0,30,,7573,33,,,0,70,,7567,3,,,0,30,,7549,33,,,0,70,,7555,3,,,0,30,,7543,33,,,0
32019,'1815',431,,15029,3,,,0,89,,15031,3,,,0,130,,15017,33,,,0,68,,15023,33,,,0,130,,15028,33,,,0,70,,15018,33,,,0,100,,15022,33,,,0,100,,15021,33,,,0,30,,15027,33,,,0,200,,15015,33,,,0,70,,15020,33,,,0,30,,15026,33,,,0,70,,15019,33,,,0,230,,15025,33,,,0,199,,15016,33,,,0,100,,15024,33,,,0,200,,15014,33,,,0
701019,'1791',605,,12655,9,,,0,49,,12657,9,,,0,71,,12659,9,,,0,15,,12660,9,,,0,15,,12661,9,,,0,70,,12663,9,,,0,30,,12665,9,,,0,55,,12666,9,,,0,15,,12667,9,,,0,100,,12670,9,,,0,15,,12671,9,,,0,15,,12672,9,,,0,100,,12676,9,,,0,100,,12680,9,,,0,272,,12689,9,,,0,185,,12695,9,,,0,14,,12696,9,,,0,99,,12700,9,,,0,29,,12702,9,,,0,100,,12706,9,,,0,70,,12708,9,,,0,100,,12711,9,,,0,30,,12712,9,,,0,100,,12714,9,,,0
701019,'1794',809,,12552,9,,,0,100,,12536,9,,,0,30,,12553,9,,,0,15,,12615,9,,,0,85,,12537,9,,,0,70,,12532,9,,,0,31,,12540,9,,,0,15,,12594,9,,,0,55,,12535,9,,,0,30,,12547,9,,,0,15,,12612,9,,,0,55,,12538,9,,,0,15,,12590,9,,,0,15,,12543,9,,,0,70,,12546,9,,,0,30,,12533,9,,,0,70,,12545,9,,,0,30,,12549,9,,,0,70,,12530,9,,,0,30,,12531,9,,,0,70,,12548,9,,,0,30,,12529,9,,,0,70,,12544,9,,,0,29,,12550,9,,,0,70,,12541,9,,,0,30,,12542,9,,,0,70,,12551,9,,,0,30,,12539,9,,,0
701019,'1808',625,,12831,9,,,0,99,,12776,9,,,0,30,,12788,9,,,0,85,,12835,9,,,0,15,,12766,9,,,0,55,,12836,9,,,0,15,,12777,9,,,0,85,,12846,9,,,0,15,,12801,9,,,0,15,,12841,9,,,0,101,,12842,9,,,0,15,,12790,9,,,0,55,,12845,9,,,0,100,,12856,9,,,0,30,,12855,9,,,0,100,,12853,9,,,0,70,,12852,9,,,0,100,,12851,9,,,0,30,,12850,9,,,0,100,,12848,9,,,0,70,,12847,9,,,0,99,,12832,9,,,0,30,,12837,9,,,0,100,,12839,9,,,0
701019,'1809',625,,15831,9,,,0,29,,15864,9,,,0,70,,15849,9,,,0,30,,15830,9,,,0,55,,12885,9,,,0,15,,15867,9,,,0,15,,15808,9,,,0,15,,15838,9,,,0,55,,12869,9,,,0,15,,15827,9,,,0,15,,12886,9,,,0,15,,12948,9,,,0,55,,15807,9,,,0,15,,15847,9,,,0,15,,12870,9,,,0,15,,15826,9,,,0,55,,12865,9,,,0,16,,15860,9,,,0,15,,12873,9,,,0,15,,12927,9,,,0,55,,12868,9,,,0,15,,15823,9,,,0,15,,12880,9,,,0,15,,12945,9,,,0,55,,12871,9,,,0,15,,12923,9,,,0,15,,12876,9,,,0,15,,15821,9,,,0,55,,12879,9,,,0,15,,15868,9,,,0,15,,12866,9,,,0,15,,15843,9,,,0,55,,12878,9,,,0,15,,15819,9,,,0,15,,12882,9,,,0,15,,15863,9,,,0,55,,12863,9,,,0,15,,15848,9,,,0,15,,12864,9,,,0,15,,15817,9,,,0,55,,12881,9,,,0,15,,15857,9,,,0,15,,12862,9,,,0,15,,15840,9,,,0,55,,12877,9,,,0,14,,15816,9,,,0,15,,12883,9,,,0,15,,15856,9,,,0,55,,12874,9,,,0,15,,15841,9,,,0,15,,12875,9,,,0,15,,15814,9,,,0,55,,12884,9,,,0,15,,15869,9,,,0,15,,12872,9,,,0,15,,15839,9,,,0,70,,15811,9,,,0,30,,15865,9,,,0,70,,15835,9,,,0,30,,15809,9,,,0,69,,15870,9,,,0,25,,15872,9,,,0,65,,15871,9,,,0
701019,'1813',654,,12796,9,,,0,155,,12834,9,,,0,15,,12800,9,,,0,115,,12843,9,,,0,15,,12789,9,,,0,100,,12767,9,,,0,55,,12844,9,,,0,16,,12778,9,,,0,100,,12802,9,,,0,15,,12857,9,,,0,15,,12768,9,,,0,70,,12779,9,,,0,30,,12791,9,,,0,55,,12854,9,,,0,15,,12803,9,,,0,30,,12769,9,,,0,70,,12780,9,,,0,15,,12858,9,,,0,15,,12792,9,,,0,70,,12804,9,,,0,30,,12770,9,,,0,55,,12849,9,,,0,15,,12781,9,,,0,30,,12793,9,,,0,69,,12805,9,,,0,15,,12859,9,,,0,15,,12771,9,,,0,70,,12782,9,,,0,30,,12794,9,,,0,55,,12838,9,,,0,15,,12806,9,,,0,30,,12772,9,,,0,70,,12783,9,,,0,30,,12795,9,,,0,70,,12807,9,,,0,30,,12827,9,,,0,69,,12830,9,,,0,25,,12840,9,,,0,65,,12833,9,,,0
701019,'1814',625,,12576,9,,,0,29,,12617,9,,,0,70,,12598,9,,,0,30,,12575,9,,,0,70,,12620,9,,,0,15,,12534,9,,,0,15,,12585,9,,,0,70,,12572,9,,,0,85,,12528,9,,,0,15,,12596,9,,,0,30,,12571,9,,,0,71,,12611,9,,,0,100,,12568,9,,,0,130,,12566,9,,,0,70,,12621,9,,,0,30,,12591,9,,,0,70,,12564,9,,,0,30,,12616,9,,,0,70,,12597,9,,,0,30,,12562,9,,,0,70,,12608,9,,,0,30,,12587,9,,,0,69,,12561,9,,,0,30,,12607,9,,,0,70,,12588,9,,,0,30,,12559,9,,,0,70,,12622,9,,,0,30,,12586,9,,,0,70,,12556,9,,,0,30,,12618,9,,,0,70,,12581,9,,,0,30,,12554,9,,,0,69,,12623,9,,,0,25,,12625,9,,,0,65,,12624,9,,,0
701019,'1815',636,,15874,9,,,0,73,,15875,9,,,0,101,,15876,9,,,0,30,,15877,9,,,0,100,,15878,9,,,0,70,,15879,9,,,0,100,,15880,9,,,0,15,,15881,9,,,0,15,,15882,9,,,0,70,,15883,9,,,0,15,,15884,9,,,0,15,,15885,9,,,0,70,,15886,9,,,0,15,,15887,9,,,0,15,,15888,9,,,0,15,,15889,9,,,0,55,,15890,9,,,0,15,,15891,9,,,0,16,,15892,9,,,0,16,,15893,9,,,0,55,,15933,9,,,0,30,,15894,9,,,0,15,,15895,9,,,0,55,,15896,9,,,0,15,,15934,9,,,0,15,,15897,9,,,0,15,,15898,9,,,0,84,,15899,9,,,0,14,,15900,9,,,0,55,,15901,9,,,0,30,,15902,9,,,0,69,,15903,9,,,0,15,,15904,9,,,0,15,,15905,9,,,0,70,,15906,9,,,0,30,,15907,9,,,0,15,,15908,9,,,0,170,,15909,9,,,0,100,,15910,9,,,0,25,,15911,9,,,0,65,,15912,9,,,0
701019,'1816',654,,15967,9,,,0,155,,15995,9,,,0,15,,15971,9,,,0,115,,15998,9,,,0,15,,15961,9,,,0,100,,15942,9,,,0,55,,15999,9,,,0,16,,15951,9,,,0,100,,15972,9,,,0,15,,16002,9,,,0,15,,15943,9,,,0,70,,15952,9,,,0,30,,15962,9,,,0,55,,16001,9,,,0,15,,15973,9,,,0,30,,15944,9,,,0,70,,15953,9,,,0,15,,16003,9,,,0,15,,15963,9,,,0,70,,15974,9,,,0,30,,15945,9,,,0,55,,16000,9,,,0,15,,15954,9,,,0,30,,15964,9,,,0,69,,15975,9,,,0,15,,16004,9,,,0,15,,15946,9,,,0,70,,15955,9,,,0,30,,15965,9,,,0,55,,15996,9,,,0,15,,15976,9,,,0,30,,15947,9,,,0,70,,15956,9,,,0,30,,15966,9,,,0,70,,15977,9,,,0,30,,15991,9,,,0,69,,15993,9,,,0,25,,15997,9,,,0,65,,15994,9,,,0
701019,'1817',625,,16030,9,,,0,29,,16063,9,,,0,70,,16048,9,,,0,30,,16029,9,,,0,70,,16066,9,,,0,15,,16007,9,,,0,15,,16037,9,,,0,70,,16026,9,,,0,85,,16006,9,,,0,15,,16046,9,,,0,30,,16025,9,,,0,71,,16059,9,,,0,100,,16022,9,,,0,130,,16020,9,,,0,70,,16067,9,,,0,30,,16042,9,,,0,70,,16018,9,,,0,30,,16062,9,,,0,70,,16047,9,,,0,30,,16016,9,,,0,70,,16056,9,,,0,30,,16039,9,,,0,69,,16015,9,,,0,30,,16055,9,,,0,70,,16040,9,,,0,30,,16013,9,,,0,70,,16068,9,,,0,30,,16038,9,,,0,70,,16010,9,,,0,30,,16064,9,,,0,70,,16034,9,,,0,30,,16008,9,,,0,69,,16069,9,,,0,25,,16071,9,,,0,65,,16070,9,,,0
