16029,'1791',603,,10925,12,,,0,30,,10926,12,,,0,73,,10927,12,,,0,36,,10928,12,,,0,71,,10929,12,,,0,32,,10930,12,,,0,70,,10931,12,,,0,29,,10932,12,,,0,167,,10935,12,,,0,30,,10936,12,,,0,170,,10939,12,,,0,101,,10941,12,,,0,132,,10944,12,,,0,72,,10945,12,,,0,30,,10946,12,,,0,263,,10950,12,,,0,30,,10883,12,,,0,164,,10953,12,,,0,29,,10954,12,,,0
16029,'1794',1831,,10896,12,,,0,203,,10892,12,,,0
16029,'1808',604,,10867,12,,,0,27,,10964,12,,,0,70,,10872,12,,,0,30,,10862,12,,,0,70,,10959,12,,,0,30,,10877,12,,,0,70,,10873,12,,,0,28,,10957,12,,,0,71,,10868,12,,,0,30,,10878,12,,,0,70,,10962,12,,,0,31,,10863,12,,,0,70,,10869,12,,,0,30,,10965,12,,,0,71,,10874,12,,,0,30,,10864,12,,,0,71,,10960,12,,,0,29,,10879,12,,,0,71,,10875,12,,,0,30,,10958,12,,,0,69,,10870,12,,,0,30,,10880,12,,,0,69,,10963,12,,,0,29,,10865,12,,,0,71,,10871,12,,,0,30,,10966,12,,,0,70,,10876,12,,,0,30,,10866,12,,,0,70,,10961,12,,,0,31,,10881,12,,,0,97,,10967,12,,,0,73,,10882,12,,,0
16029,'1809',735,,14673,12,,,0,99,,14674,12,,,0,95,,14671,12,,,0,104,,14679,12,,,0,98,,14681,12,,,0,100,,14678,12,,,0,101,,14680,12,,,0,100,,14670,12,,,0,100,,14672,12,,,0,99,,14676,12,,,0,99,,14675,12,,,0,101,,10980,12,,,0,100,,14677,12,,,0,103,,10976,12,,,0,97,,14682,12,,,0
16029,'1814',735,,10887,12,,,0,99,,10888,12,,,0,95,,10885,12,,,0,104,,10894,12,,,0,98,,10897,12,,,0,100,,10893,12,,,0,101,,10895,12,,,0,100,,10884,12,,,0,100,,10886,12,,,0,99,,10890,12,,,0,99,,10889,12,,,0,201,,10891,12,,,0,200,,10898,12,,,0
16029,'1815',1011,,14683,12,,,0,30,,14684,12,,,0,170,,14685,12,,,0,30,,14686,12,,,0,100,,14687,12,,,0,103,,14688,12,,,0,71,,14689,12,,,0,200,,14690,12,,,0,28,,14691,12,,,0,69,,14692,12,,,0,30,,14696,12,,,0,167,,14693,12,,,0,24,,14694,12,,,0,169,,14695,12,,,0
16029,'1817',735,,14700,12,,,0,99,,14701,12,,,0,95,,14698,12,,,0,104,,14706,12,,,0,98,,14708,12,,,0,100,,14705,12,,,0,101,,14707,12,,,0,100,,14697,12,,,0,100,,14699,12,,,0,99,,14703,12,,,0,99,,14702,12,,,0,201,,14704,12,,,0,200,,14709,12,,,0
14000001019,'1790',2505,,9278,13,,,0
14000001019,'1791',2505,,9270,13,,,0
14000001019,'1794',2505,,13721,13,,,0
14000001019,'1808',2505,,9276,13,,,0
14000001019,'1809',2405,,16501,13,,,0,30,,16500,13,,,0,100,,16502,13,,,0,70,,16499,13,,,0
14000001019,'1813',2405,,13735,13,,,0,30,,13732,13,,,0,100,,13734,13,,,0,70,,13733,13,,,0
14000001019,'1814',2405,,13724,13,,,0,30,,13723,13,,,0,100,,13725,13,,,0,70,,13722,13,,,0
14000001019,'1815',2405,,16506,13,,,0,30,,16504,13,,,0,100,,16505,13,,,0,70,,16503,13,,,0
14000001019,'1816',2405,,16510,13,,,0,30,,16507,13,,,0,100,,16509,13,,,0,70,,16508,13,,,0
14000001019,'1817',2405,,16513,13,,,0,30,,16512,13,,,0,100,,16514,13,,,0,70,,16511,13,,,0
