7019,'1809',600,,14152,12,4,,0
7019,'1814',600,,9888,12,4,,0
7019,'1815',521,,14170,12,4,,0
7019,'1817',600,,14216,12,4,,0
502019,'1809',649,,15432,11,4,,0,70,,15418,11,4,,0,30,,15435,11,4,,0,70,,15449,11,4,,0,32,,15429,11,4,,0,70,,15448,11,4,,0,30,,15431,11,4,,0,72,,15447,11,4,,0,30,,15426,11,4,,0,70,,15446,11,4,,0,30,,15421,11,4,,0,71,,15445,11,4,,0,30,,15424,11,4,,0,70,,15443,11,4,,0,30,,15422,11,4,,0,70,,15444,11,4,,0,30,,15425,11,4,,0,70,,15442,11,4,,0,30,,15419,11,4,,0,70,,15441,11,4,,0,30,,15423,11,4,,0,69,,15440,11,4,,0,30,,15420,11,4,,0,69,,15439,11,4,,0,30,,15433,11,4,,0,70,,15438,11,4,,0,30,,15434,11,4,,0,68,,15437,11,4,,0,30,,15427,11,4,,0,70,,15451,11,4,,0,30,,15436,11,4,,0,70,,15452,11,4,,0,30,,15430,11,4,,0,98,,15428,11,4,,0
502019,'1813',649,,12151,11,4,,0,70,,12158,11,4,,0,30,,12150,11,4,,0,70,,12159,11,4,,0,32,,12149,11,4,,0,70,,12160,11,4,,0,30,,12148,11,4,,0,72,,12161,11,4,,0,30,,12169,11,4,,0,70,,12162,11,4,,0,30,,12170,11,4,,0,71,,12163,11,4,,0,30,,12171,11,4,,0,70,,12164,11,4,,0,30,,12172,11,4,,0,71,,12165,11,4,,0,30,,12173,11,4,,0,70,,12166,11,4,,0,30,,12174,11,4,,0,69,,12167,11,4,,0,30,,12175,11,4,,0,69,,12168,11,4,,0,30,,12176,11,4,,0,69,,12152,11,4,,0,30,,12177,11,4,,0,70,,12154,11,4,,0,98,,12153,11,4,,0,30,,12147,11,4,,0,70,,12155,11,4,,0,30,,12146,11,4,,0,70,,12156,11,4,,0,30,,12145,11,4,,0,70,,12157,11,4,,0,30,,12144,11,4,,0
502019,'1814',649,,12079,11,4,,0,70,,12065,11,4,,0,30,,12082,11,4,,0,70,,12096,11,4,,0,32,,12076,11,4,,0,70,,12095,11,4,,0,30,,12078,11,4,,0,72,,12094,11,4,,0,30,,12073,11,4,,0,70,,12093,11,4,,0,30,,12068,11,4,,0,71,,12092,11,4,,0,30,,12071,11,4,,0,70,,12090,11,4,,0,30,,12069,11,4,,0,70,,12091,11,4,,0,30,,12072,11,4,,0,70,,12089,11,4,,0,30,,12066,11,4,,0,70,,12088,11,4,,0,30,,12070,11,4,,0,69,,12087,11,4,,0,30,,12067,11,4,,0,69,,12086,11,4,,0,30,,12080,11,4,,0,70,,12085,11,4,,0,30,,12081,11,4,,0,68,,12084,11,4,,0,30,,12074,11,4,,0,70,,12098,11,4,,0,30,,12083,11,4,,0,70,,12099,11,4,,0,30,,12077,11,4,,0,98,,12075,11,4,,0
502019,'1815',618,,15453,11,4,,0,30,,15454,11,4,,0,65,,15494,11,4,,0,10,,15455,11,4,,0,28,,15456,11,4,,0,65,,15457,11,4,,0,12,,15458,11,4,,0,24,,15459,11,4,,0,64,,15460,11,4,,0,12,,15461,11,4,,0,24,,15462,11,4,,0,72,,15463,11,4,,0,30,,15464,11,4,,0,70,,15465,11,4,,0,30,,15466,11,4,,0,71,,15467,11,4,,0,30,,15468,11,4,,0,70,,15469,11,4,,0,30,,15470,11,4,,0,70,,15471,11,4,,0,77,,15472,11,4,,0,30,,15473,11,4,,0,70,,15474,11,4,,0,28,,15475,11,4,,0,24,,15476,11,4,,0,52,,15477,11,4,,0,21,,15478,11,4,,0,5,,15495,11,4,,0,15,,15479,11,4,,0,12,,15480,11,4,,0,64,,15481,11,4,,0,22,,15482,11,4,,0,12,,15483,11,4,,0,64,,15484,11,4,,0,30,,15485,11,4,,0,69,,15486,11,4,,0,30,,15487,11,4,,0,70,,15488,11,4,,0,30,,15489,11,4,,0,70,,15490,11,4,,0,30,,15491,11,4,,0,69,,15492,11,4,,0,30,,15493,11,4,,0
502019,'1816',649,,15503,11,4,,0,70,,15510,11,4,,0,30,,15502,11,4,,0,70,,15511,11,4,,0,32,,15501,11,4,,0,70,,15512,11,4,,0,30,,15500,11,4,,0,72,,15513,11,4,,0,30,,15521,11,4,,0,70,,15514,11,4,,0,30,,15522,11,4,,0,71,,15515,11,4,,0,30,,15523,11,4,,0,70,,15516,11,4,,0,30,,15524,11,4,,0,71,,15517,11,4,,0,30,,15525,11,4,,0,70,,15518,11,4,,0,30,,15526,11,4,,0,69,,15519,11,4,,0,30,,15527,11,4,,0,69,,15520,11,4,,0,30,,15528,11,4,,0,69,,15504,11,4,,0,30,,15529,11,4,,0,70,,15506,11,4,,0,98,,15505,11,4,,0,30,,15499,11,4,,0,70,,15507,11,4,,0,30,,15498,11,4,,0,70,,15508,11,4,,0,30,,15497,11,4,,0,70,,15509,11,4,,0,30,,15496,11,4,,0
502019,'1817',649,,15544,11,4,,0,70,,15530,11,4,,0,30,,15547,11,4,,0,70,,15561,11,4,,0,32,,15541,11,4,,0,70,,15560,11,4,,0,30,,15543,11,4,,0,72,,15559,11,4,,0,30,,15538,11,4,,0,70,,15558,11,4,,0,30,,15533,11,4,,0,71,,15557,11,4,,0,30,,15536,11,4,,0,70,,15555,11,4,,0,30,,15534,11,4,,0,70,,15556,11,4,,0,30,,15537,11,4,,0,70,,15554,11,4,,0,30,,15531,11,4,,0,70,,15553,11,4,,0,30,,15535,11,4,,0,69,,15552,11,4,,0,30,,15532,11,4,,0,69,,15551,11,4,,0,30,,15545,11,4,,0,70,,15550,11,4,,0,30,,15546,11,4,,0,68,,15549,11,4,,0,30,,15539,11,4,,0,70,,15563,11,4,,0,30,,15548,11,4,,0,70,,15564,11,4,,0,30,,15542,11,4,,0,98,,15540,11,4,,0
502029,'1791',746,,12285,1,,,0
502029,'1809',602,,15583,1,,,0,28,,15565,1,,,0,25,,15574,1,,,0,70,,15599,1,,,0,30,,15579,1,,,0,70,,15598,1,,,0,30,,15577,1,,,0,70,,15597,1,,,0,30,,15566,1,,,0,70,,15596,1,,,0,15,,15608,1,,,0,15,,15567,1,,,0,55,,15610,1,,,0,15,,15595,1,,,0,15,,15613,1,,,0,15,,15568,1,,,0,55,,15602,1,,,0,15,,15594,1,,,0,15,,15605,1,,,0,15,,15569,1,,,0,55,,15607,1,,,0,15,,15593,1,,,0,15,,15611,1,,,0,15,,15570,1,,,0,55,,15612,1,,,0,15,,15592,1,,,0,15,,15601,1,,,0,15,,15571,1,,,0,55,,15604,1,,,0,15,,15591,1,,,0,15,,15606,1,,,0,15,,15572,1,,,0,55,,15609,1,,,0,15,,15590,1,,,0,15,,15614,1,,,0,15,,15573,1,,,0,55,,15600,1,,,0,15,,15589,1,,,0,15,,15603,1,,,0,15,,15582,1,,,0,70,,15588,1,,,0,30,,15580,1,,,0,70,,15587,1,,,0,30,,15575,1,,,0,70,,15586,1,,,0,30,,15576,1,,,0,70,,15584,1,,,0,30,,15581,1,,,0,70,,15585,1,,,0,30,,15578,1,,,0
502029,'1813',600,,12350,1,,,0,15,,12396,1,,,0,15,,12357,1,,,0,70,,12349,1,,,0,30,,12358,1,,,0,25,,12348,1,,,0,70,,12359,1,,,0,30,,12347,1,,,0,70,,12360,1,,,0,15,,12361,1,,,0,15,,12387,1,,,0,55,,12370,1,,,0,15,,12379,1,,,0,15,,12362,1,,,0,15,,12388,1,,,0,55,,12371,1,,,0,15,,12380,1,,,0,15,,12363,1,,,0,15,,12389,1,,,0,55,,12372,1,,,0,15,,12381,1,,,0,15,,12364,1,,,0,15,,12390,1,,,0,55,,12373,1,,,0,15,,12382,1,,,0,15,,12365,1,,,0,15,,12391,1,,,0,55,,12374,1,,,0,15,,12383,1,,,0,15,,12366,1,,,0,15,,12392,1,,,0,55,,12375,1,,,0,15,,12384,1,,,0,15,,12367,1,,,0,15,,12393,1,,,0,55,,12376,1,,,0,15,,12385,1,,,0,15,,12368,1,,,0,15,,12394,1,,,0,55,,12377,1,,,0,15,,12352,1,,,0,15,,12369,1,,,0,15,,12386,1,,,0,55,,12378,1,,,0,15,,12353,1,,,0,15,,12395,1,,,0,85,,12354,1,,,0,30,,12346,1,,,0,70,,12355,1,,,0,30,,12345,1,,,0,70,,12351,1,,,0,30,,12344,1,,,0,70,,12356,1,,,0,30,,12343,1,,,0
502029,'1814',602,,12231,1,,,0,28,,12213,1,,,0,25,,12222,1,,,0,70,,12247,1,,,0,30,,12227,1,,,0,70,,12246,1,,,0,30,,12225,1,,,0,70,,12245,1,,,0,30,,12214,1,,,0,70,,12244,1,,,0,15,,12256,1,,,0,15,,12215,1,,,0,55,,12258,1,,,0,15,,12243,1,,,0,15,,12261,1,,,0,15,,12216,1,,,0,55,,12250,1,,,0,15,,12242,1,,,0,15,,12253,1,,,0,15,,12217,1,,,0,55,,12255,1,,,0,15,,12241,1,,,0,15,,12259,1,,,0,15,,12218,1,,,0,55,,12260,1,,,0,15,,12240,1,,,0,15,,12249,1,,,0,15,,12219,1,,,0,55,,12252,1,,,0,15,,12239,1,,,0,15,,12254,1,,,0,15,,12220,1,,,0,55,,12257,1,,,0,15,,12238,1,,,0,15,,12262,1,,,0,15,,12221,1,,,0,55,,12248,1,,,0,15,,12237,1,,,0,15,,12251,1,,,0,15,,12230,1,,,0,70,,12236,1,,,0,30,,12228,1,,,0,70,,12235,1,,,0,30,,12223,1,,,0,70,,12234,1,,,0,30,,12224,1,,,0,70,,12232,1,,,0,30,,12229,1,,,0,70,,12233,1,,,0,30,,12226,1,,,0
502029,'1815',525,,15615,1,,,0,15,,15616,1,,,0,15,,15617,1,,,0,55,,15618,1,,,0,7,,15619,1,,,0,8,,15620,1,,,0,15,,15621,1,,,0,12,,15622,1,,,0,52,,15623,1,,,0,12,,15624,1,,,0,6,,15625,1,,,0,6,,15626,1,,,0,12,,15627,1,,,0,12,,15628,1,,,0,52,,15629,1,,,0,12,,15630,1,,,0,12,,15631,1,,,0,12,,15632,1,,,0,15,,15633,1,,,0,55,,15634,1,,,0,15,,15635,1,,,0,15,,15636,1,,,0,15,,15637,1,,,0,55,,15638,1,,,0,15,,15639,1,,,0,15,,15640,1,,,0,15,,15641,1,,,0,55,,15642,1,,,0,15,,15643,1,,,0,15,,15644,1,,,0,15,,15645,1,,,0,55,,15646,1,,,0,15,,15647,1,,,0,15,,15648,1,,,0,15,,15649,1,,,0,55,,15650,1,,,0,15,,15651,1,,,0,15,,15652,1,,,0,15,,15653,1,,,0,55,,15654,1,,,0,15,,15655,1,,,0,15,,15656,1,,,0,15,,15657,1,,,0,55,,15658,1,,,0,12,,15659,1,,,0,12,,15660,1,,,0,12,,15661,1,,,0,12,,15662,1,,,0,52,,15663,1,,,0,12,,15664,1,,,0,12,,15665,1,,,0,12,,15666,1,,,0,12,,15667,1,,,0,52,,15668,1,,,0,12,,15669,1,,,0,12,,15670,1,,,0,12,,15671,1,,,0,12,,15672,1,,,0,52,,15673,1,,,0,15,,15674,1,,,0,15,,15684,1,,,0,15,,15675,1,,,0,70,,15676,1,,,0,30,,15677,1,,,0,70,,15678,1,,,0,30,,15679,1,,,0,70,,15680,1,,,0,30,,15681,1,,,0,70,,15682,1,,,0,30,,15683,1,,,0
502029,'1816',600,,15692,1,,,0,15,,15738,1,,,0,15,,15699,1,,,0,70,,15691,1,,,0,30,,15700,1,,,0,25,,15690,1,,,0,70,,15701,1,,,0,30,,15689,1,,,0,70,,15702,1,,,0,15,,15703,1,,,0,15,,15729,1,,,0,55,,15712,1,,,0,15,,15721,1,,,0,15,,15704,1,,,0,15,,15730,1,,,0,55,,15713,1,,,0,15,,15722,1,,,0,15,,15705,1,,,0,15,,15731,1,,,0,55,,15714,1,,,0,15,,15723,1,,,0,15,,15706,1,,,0,15,,15732,1,,,0,55,,15715,1,,,0,15,,15724,1,,,0,15,,15707,1,,,0,15,,15733,1,,,0,55,,15716,1,,,0,15,,15725,1,,,0,15,,15708,1,,,0,15,,15734,1,,,0,55,,15717,1,,,0,15,,15726,1,,,0,15,,15709,1,,,0,15,,15735,1,,,0,55,,15718,1,,,0,15,,15727,1,,,0,15,,15710,1,,,0,15,,15736,1,,,0,55,,15719,1,,,0,15,,15694,1,,,0,15,,15711,1,,,0,15,,15728,1,,,0,55,,15720,1,,,0,15,,15695,1,,,0,15,,15737,1,,,0,85,,15696,1,,,0,30,,15688,1,,,0,70,,15697,1,,,0,30,,15687,1,,,0,70,,15693,1,,,0,30,,15686,1,,,0,70,,15698,1,,,0,30,,15685,1,,,0
502029,'1817',602,,15757,1,,,0,28,,15739,1,,,0,25,,15748,1,,,0,70,,15773,1,,,0,30,,15753,1,,,0,70,,15772,1,,,0,30,,15751,1,,,0,70,,15771,1,,,0,30,,15740,1,,,0,70,,15770,1,,,0,15,,15782,1,,,0,15,,15741,1,,,0,55,,15784,1,,,0,15,,15769,1,,,0,15,,15787,1,,,0,15,,15742,1,,,0,55,,15776,1,,,0,15,,15768,1,,,0,15,,15779,1,,,0,15,,15743,1,,,0,55,,15781,1,,,0,15,,15767,1,,,0,15,,15785,1,,,0,15,,15744,1,,,0,55,,15786,1,,,0,15,,15766,1,,,0,15,,15775,1,,,0,15,,15745,1,,,0,55,,15778,1,,,0,15,,15765,1,,,0,15,,15780,1,,,0,15,,15746,1,,,0,55,,15783,1,,,0,15,,15764,1,,,0,15,,15788,1,,,0,15,,15747,1,,,0,55,,15774,1,,,0,15,,15763,1,,,0,15,,15777,1,,,0,15,,15756,1,,,0,70,,15762,1,,,0,30,,15754,1,,,0,70,,15761,1,,,0,30,,15749,1,,,0,70,,15760,1,,,0,30,,15750,1,,,0,70,,15758,1,,,0,30,,15755,1,,,0,70,,15759,1,,,0,30,,15752,1,,,0
10019019,'1815',643,,16418,15,4,,0,70,,16416,15,4,,0
14000001029,'1791',508,,13749,49,4,,0
14000001029,'1809',605,,16519,49,4,,0
14000001029,'1813',605,,13758,49,4,,0
14000001029,'1814',605,,13746,49,4,,0
14000001029,'1815',610,,16520,49,4,,0
14000001029,'1816',605,,16528,49,4,,0
14000001029,'1817',605,,16534,49,4,,0
