16029,'1799',935,,21364,21,,,0,702,,21369,21,,,0,403,,21371,21,,,0
16029,'1800',740,,25940,21,,,0,99,,25941,21,,,0,96,,21379,21,,,0,104,,25945,21,,,0,98,,25948,21,,,0,100,,25944,21,,,0,101,,25946,21,,,0,100,,25938,21,,,0,100,,25939,21,,,0,99,,21384,21,,,0,99,,25942,21,,,0,101,,25947,21,,,0,100,,25943,21,,,0,103,,21386,21,,,0,97,,25949,21,,,0
16029,'1829',609,,21283,21,,,0,30,,21284,21,,,0,73,,21285,21,,,0,36,,21286,21,,,0,71,,21287,21,,,0,32,,21288,21,,,0,70,,21289,21,,,0,29,,21290,21,,,0,67,,21291,21,,,0,30,,21292,21,,,0,100,,21294,21,,,0,70,,21295,21,,,0,130,,21298,21,,,0,71,,21299,21,,,0,32,,21300,21,,,0,71,,21301,21,,,0,29,,21302,21,,,0,72,,21303,21,,,0,30,,21304,21,,,0,69,,21305,21,,,0,28,,21306,21,,,0,266,,21310,21,,,0,24,,21311,21,,,0,169,,21314,21,,,0
16029,'1831',609,,21323,21,,,0,27,,21338,21,,,0,70,,21331,21,,,0,30,,21316,21,,,0,70,,21324,21,,,0,30,,21339,21,,,0,70,,21332,21,,,0,29,,21317,21,,,0,71,,21325,21,,,0,30,,21340,21,,,0,70,,21333,21,,,0,31,,21318,21,,,0,70,,21326,21,,,0,30,,21341,21,,,0,71,,21334,21,,,0,30,,21319,21,,,0,71,,21327,21,,,0,29,,21342,21,,,0,71,,21335,21,,,0,30,,21320,21,,,0,69,,21328,21,,,0,30,,21343,21,,,0,69,,21336,21,,,0,29,,21321,21,,,0,71,,21329,21,,,0,30,,21344,21,,,0,70,,21337,21,,,0,30,,21322,21,,,0,70,,21330,21,,,0,31,,21345,21,,,0,97,,21346,21,,,0,73,,21347,21,,,0
16029,'1832',740,,21351,21,,,0,99,,21352,21,,,0,200,,21358,21,,,0,98,,21361,21,,,0,100,,21357,21,,,0,101,,21359,21,,,0,100,,21348,21,,,0,100,,21350,21,,,0,198,,21353,21,,,0,101,,21360,21,,,0,100,,21355,21,,,0,200,,21362,21,,,0
16029,'1833',935,,21349,21,,,0,702,,21354,21,,,0,403,,21356,21,,,0
16029,'1834',740,,21366,21,,,0,99,,21367,21,,,0,200,,21373,21,,,0,98,,21376,21,,,0,100,,21372,21,,,0,101,,21374,21,,,0,100,,21363,21,,,0,100,,21365,21,,,0,198,,21368,21,,,0,101,,21375,21,,,0,100,,21370,21,,,0,200,,21377,21,,,0
16029,'1835',1117,,25950,21,,,0,130,,25951,21,,,0,70,,25952,21,,,0,501,,25953,21,,,0,30,,25958,21,,,0,67,,25954,21,,,0,30,,25955,21,,,0,164,,25956,21,,,0,29,,25957,21,,,0
16029,'1837',740,,25961,21,,,0,99,,25962,21,,,0,200,,25966,21,,,0,98,,25969,21,,,0,100,,25965,21,,,0,101,,25967,21,,,0,100,,25959,21,,,0,100,,25960,21,,,0,198,,25963,21,,,0,101,,25968,21,,,0,100,,25964,21,,,0,200,,25970,21,,,0
16029,'1838',740,,25973,21,,,0,99,,25974,21,,,0,200,,25978,21,,,0,98,,25981,21,,,0,100,,25977,21,,,0,101,,25979,21,,,0,100,,25971,21,,,0,100,,25972,21,,,0,198,,25975,21,,,0,101,,25980,21,,,0,100,,25976,21,,,0,200,,25982,21,,,0
