2029,'1790',612,,5912,12,,,0,30,,5920,12,,,0,68,,5931,12,,,0,28,,5926,12,,,0,70,,5913,12,,,0,30,,5921,12,,,0,70,,5932,12,,,0,30,,5927,12,,,0,70,,5914,12,,,0,30,,5922,12,,,0,70,,5933,12,,,0,30,,5928,12,,,0,70,,5915,12,,,0,30,,5923,12,,,0,70,,5934,12,,,0,30,,5929,12,,,0,70,,5916,12,,,0,30,,5924,12,,,0,70,,5935,12,,,0,30,,5930,12,,,0,70,,5917,12,,,0,30,,5925,12,,,0,70,,5936,12,,,0,28,,5940,12,0,5 2 13 14,0,72,,5918,12,,,0,28,,5939,12,0,5 2 13 14,0,72,,5937,12,,,0,100,,5919,12,,,0,100,,5938,12,,,0,100,,5911,12,,,0,93,,5941,12,0,5 2 13 14,0,102,,5942,12,0,5 2 13 14,0
2029,'1791',542,,5842,12,,,0,70,,5843,12,,,0,30,,5844,12,,,0,66,,5845,12,,,0,28,,5846,12,,,0,71,,5847,12,,,0,31,,5848,12,,,0,70,,5849,12,,,0,30,,5850,12,,,0,70,,5851,12,,,0,30,,5852,12,,,0,70,,5853,12,,,0,30,,5854,12,,,0,70,,5855,12,,,0,30,,5856,12,,,0,70,,5857,12,,,0,30,,5858,12,,,0,70,,5859,12,,,0,30,,5860,12,,,0,70,,5861,12,,,0,30,,5862,12,,,0,70,,5863,12,,,0,31,,5864,12,,,0,72,,5865,12,,,0,27,,5866,12,,,0,70,,5867,12,,,0,30,,5871,12,,,0,70,,5872,12,,,0,28,,5875,12,0,5 2 13 14,0,72,,5873,12,,,0,100,,5874,12,,,0,100,,5870,12,,,0,98,,5869,12,0,5 2 13 14,0,97,,5876,12,0,5 2 13 14,0
2029,'1794',612,,9443,12,,,0,30,,9451,12,,,0,68,,9462,12,,,0,28,,9457,12,,,0,70,,9444,12,,,0,30,,9452,12,,,0,70,,9463,12,,,0,30,,9458,12,,,0,70,,9445,12,,,0,30,,9453,12,,,0,70,,9464,12,,,0,30,,9459,12,,,0,70,,9446,12,,,0,30,,9454,12,,,0,70,,9465,12,,,0,30,,9460,12,,,0,70,,9447,12,,,0,30,,9455,12,,,0,70,,9466,12,,,0,30,,9461,12,,,0,70,,9448,12,,,0,30,,9456,12,,,0,70,,9467,12,,,0,28,,9471,12,0,5 2 13 14,0,72,,9449,12,,,0,28,,9470,12,0,5 2 13 14,0,72,,9468,12,,,0,100,,9450,12,,,0,100,,9469,12,,,0,100,,9442,12,,,0,93,,9472,12,0,5 2 13 14,0,102,,9473,12,0,5 2 13 14,0
2029,'1808',542,,5908,12,0,5 2 15 16 17,0,70,,5891,12,,,0,30,,5898,12,,,0,66,,5877,12,,,0,30,,5883,12,,,0,70,,5892,12,,,0,30,,5899,12,,,0,70,,5878,12,,,0,30,,5884,12,,,0,70,,5893,12,,,0,30,,5900,12,,,0,70,,5879,12,,,0,30,,5885,12,,,0,70,,5894,12,,,0,30,,5901,12,,,0,70,,5880,12,,,0,30,,5886,12,,,0,70,,5895,12,,,0,30,,5902,12,,,0,70,,5881,12,,,0,30,,5887,12,,,0,70,,5896,12,,,0,30,,5903,12,,,0,70,,5882,12,,,0,30,,5888,12,,,0,70,,5897,12,,,0,30,,5904,12,,,0,70,,5889,12,,,0,30,,5910,12,0,5 2 13 14,0,70,,5905,12,,,0,100,,5890,12,,,0,100,,5906,12,,,0,94,,5907,12,0,5 2 13 14,0,100,,5909,12,0,5 2 13 14,0
7029,'1791',520,,10058,24,,,0,103,,10059,24,,,0,101,,10061,24,,,0,30,,10062,24,,,0,71,,10063,24,,,0,229,,10068,24,,,0,70,,10069,24,,,0,30,,10070,24,,,0,70,,10054,24,,,0,30,,10055,24,,,0,171,,10052,24,,,0,32,,10057,24,,,0,197,,10074,24,,,0,99,,10076,24,,,0,70,,10077,24,,,0,300,,10082,24,,,0,200,,10084,24,,,0
7029,'1794',723,,10035,24,,,0,100,,10036,24,,,0,200,,10038,24,,,0,100,,10039,24,,,0,200,,10041,24,,,0,101,,10042,24,,,0,199,,10044,24,,,0,100,,10045,24,,,0,199,,10047,24,,,0,101,,10048,24,,,0
7029,'1808',624,,10116,13,,,0,299,,10101,24,,,0,230,,10090,24,,,0,70,,10104,24,,,0,130,,10092,24,,,0,101,,10093,24,,,0,70,,10107,24,,,0,298,,10110,24,,,0,301,,10113,24,,,0,100,,10114,24,,,0,100,,10115,24,,,0
7029,'1809',723,,10119,24,,,0,100,,10120,24,,,0,100,,14235,24,,,0,100,,10122,24,,,0,100,,10123,24,,,0,100,,14236,24,,,0,100,,10125,24,,,0,101,,10126,24,,,0,100,,14237,24,,,0,99,,10128,24,,,0,100,,10129,24,,,0,99,,14238,24,,,0,100,,10131,24,,,0,101,,10132,24,,,0,100,,14234,24,,,0
7029,'1813',653,,10085,24,,,0,70,,10099,24,,,0,30,,10086,24,,,0,70,,10100,24,,,0,30,,10087,24,,,0,100,,10088,24,,,0,70,,10102,24,,,0,30,,10089,24,,,0,70,,10103,24,,,0,130,,10091,24,,,0,70,,10105,24,,,0,101,,10106,24,,,0,130,,10094,24,,,0,69,,10108,24,,,0,30,,10095,24,,,0,70,,10109,24,,,0,30,,10096,24,,,0,99,,10097,24,,,0,70,,10111,24,,,0,30,,10098,24,,,0,71,,10112,24,,,0
7029,'1814',923,,10037,24,,,0,300,,10040,24,,,0,301,,10043,24,,,0,298,,10046,24,,,0,301,,10034,24,,,0
7029,'1815',652,,14242,24,,,0,202,,14243,24,,,0,70,,14244,24,,,0,30,,14245,24,,,0,70,,14246,24,,,0,300,,14241,24,,,0,31,,14240,24,,,0,171,,14247,24,,,0,30,,14248,24,,,0,70,,14249,24,,,0,98,,14250,24,,,0,129,,14251,24,,,0,70,,14252,24,,,0,30,,14253,24,,,0,70,,14254,24,,,0,200,,14255,24,,,0
7029,'1816',653,,14256,24,,,0,70,,14267,24,,,0,30,,14257,24,,,0,70,,14268,24,,,0,30,,14258,24,,,0,100,,14259,24,,,0,70,,14269,24,,,0,30,,14260,24,,,0,70,,14270,24,,,0,130,,14261,24,,,0,70,,14271,24,,,0,101,,14272,24,,,0,130,,14262,24,,,0,69,,14273,24,,,0,30,,14263,24,,,0,70,,14274,24,,,0,30,,14264,24,,,0,99,,14265,24,,,0,70,,14275,24,,,0,30,,14266,24,,,0,71,,14276,24,,,0
7029,'1817',923,,14279,24,,,0,300,,14280,24,,,0,301,,14281,24,,,0,298,,14282,24,,,0,301,,14278,24,,,0
