15019,'1838',725,,45028,31,,,0,100,,36883,31,,,0,100,,36886,31,,,0,101,,45027,31,,,0,100,,36881,31,,,0,100,,36879,31,,,0,101,,45026,31,,,0,100,,36880,31,,,0,100,,36877,31,,,0,99,,45025,31,,,0,100,,36875,31,,,0,100,,36876,31,,,0,100,,45024,31,,,0,99,,36887,31,,,0
15019,'1865',650,,36905,31,,,0,70,,45029,31,,,0,35,,36907,31,,,0,70,,36908,31,,,0,26,,36909,31,,,0,70,,36910,31,,,0,30,,36911,31,,,0,70,,45030,31,,,0,30,,45031,31,,,0,70,,42569,31,,,0,30,,45032,31,,,0,70,,45033,31,,,0,30,,42570,31,,,0,70,,36918,31,,,0,30,,45034,31,,,0,70,,36920,31,,,0,31,,36921,31,,,0,70,,45035,31,,,0,30,,45036,31,,,0,70,,36924,31,,,0,30,,36925,31,,,0,70,,36926,31,,,0,28,,45037,31,,,0,70,,36928,31,,,0,30,,45038,31,,,0,70,,45039,31,,,0,30,,36931,31,,,0,100,,45040,31,,,0,98,,45041,31,,,0,100,,45042,31,0,5 2 6 7,0
15019,'1866',725,,36935,31,,,0,100,,45043,31,,,0,100,,36937,31,,,0,101,,36938,31,,,0,100,,45044,31,,,0,100,,36940,31,,,0,101,,36941,31,,,0,100,,45045,31,,,0,100,,36943,31,,,0,99,,36944,31,,,0,100,,45046,31,,,0,100,,36946,31,,,0,100,,36947,31,,,0,99,,45047,31,,,0
15019,'1867',725,,45053,31,,,0,100,,36959,31,,,0,100,,36962,31,,,0,101,,45052,31,,,0,100,,36957,31,,,0,100,,36955,31,,,0,101,,45051,31,,,0,100,,36956,31,,,0,100,,36953,31,,,0,99,,45050,31,,,0,100,,36951,31,,,0,100,,36952,31,,,0,100,,45049,31,,,0,99,,36963,31,,,0
15019,'1873',725,,30301,31,,,0,200,,30303,31,,,0,101,,30304,31,,,0,200,,30306,31,,,0,101,,30307,31,,,0,200,,30309,31,,,0,99,,30310,31,,,0,200,,30312,31,,,0,100,,30313,31,,,0
15019,'1878',825,,30325,31,,,0,100,,30328,31,,,0,201,,30323,31,,,0,100,,30321,31,,,0,201,,30322,31,,,0,100,,30319,31,,,0,199,,30317,31,,,0,100,,30318,31,,,0,199,,30329,31,,,0
15019,'1881',720,,36889,31,,,0,301,,36890,31,,,0,30,,36891,31,,,0,100,,36893,31,,,0,70,,36894,31,,,0,130,,36896,31,,,0,171,,36897,31,,,0,30,,36898,31,,,0,198,,30384,31,,,0,100,,36899,31,,,0,70,,42574,31,,,0,130,,36901,31,,,0,98,,36902,31,,,0,100,,36903,31,0,5 2 6 7,0
15019,'1882',650,,30362,31,,,0,105,,30364,31,,,0,70,,30365,31,,,0,26,,30366,31,,,0,70,,30367,31,,,0,30,,30368,31,,,0,170,,42572,31,,,0,130,,42573,31,,,0,70,,30375,31,,,0,100,,30377,31,,,0,31,,30378,31,,,0,170,,30381,31,,,0,30,,30382,31,,,0,70,,30383,31,,,0,98,,30385,31,,,0,130,,30388,31,,,0
15019,'1886',720,,45054,31,,,0,301,,45055,31,,,0,30,,45056,31,,,0,100,,45057,31,,,0,70,,45058,31,,,0,130,,45059,31,,,0,171,,45060,31,,,0,30,,45061,31,,,0,198,,45062,31,,,0,100,,45063,31,,,0,70,,45064,31,,,0,130,,45065,31,,,0,98,,45066,31,,,0,100,,45067,31,0,5 2 6 7,0
15019,'1887',825,,45068,31,,,0,301,,45069,31,,,0,301,,45070,31,,,0,299,,45071,31,,,0,299,,45072,31,,,0
15019,'1888',725,,45078,31,,,0,301,,45077,31,,,0,301,,45076,31,,,0,299,,45075,31,,,0,300,,45074,31,,,0
