16029,'1799',922,,21364,7,,,0,702,,21369,7,,,0,401,,21371,7,,,0
16029,'1800',725,,25940,7,,,0,100,,25941,7,,,0,97,,21379,7,,,0,104,,25945,7,,,0,97,,25948,7,,,0,100,,25944,7,,,0,101,,25946,7,,,0,100,,25938,7,,,0,100,,25939,7,,,0,100,,21384,7,,,0,99,,25942,7,,,0,100,,25947,7,,,0,100,,25943,7,,,0,102,,21386,7,,,0,97,,25949,7,,,0
16029,'1829',555,,21283,7,,,0,70,,21284,7,,,0,33,,21285,7,,,0,74,,21286,7,,,0,71,,21287,7,,,0,32,,21288,7,,,0,70,,21289,7,,,0,30,,21290,7,,,0,67,,21291,7,,,0,30,,21292,7,,,0,100,,21294,7,,,0,70,,21295,7,,,0,130,,21298,7,,,0,71,,21299,7,,,0,31,,21300,7,,,0,71,,21301,7,,,0,29,,21302,7,,,0,72,,21303,7,,,0,30,,21304,7,,,0,70,,21305,7,,,0,28,,21306,7,,,0,266,,21310,7,,,0,25,,21311,7,,,0,126,,21314,7,,,0
16029,'1831',557,,21323,7,,,0,67,,21338,7,,,0,30,,21331,7,,,0,67,,21316,7,,,0,30,,21324,7,,,0,71,,21339,7,,,0,30,,21332,7,,,0,70,,21317,7,,,0,31,,21325,7,,,0,70,,21340,7,,,0,30,,21333,7,,,0,70,,21318,7,,,0,30,,21326,7,,,0,70,,21341,7,,,0,31,,21334,7,,,0,70,,21319,7,,,0,31,,21327,7,,,0,69,,21342,7,,,0,31,,21335,7,,,0,70,,21320,7,,,0,30,,21328,7,,,0,70,,21343,7,,,0,29,,21336,7,,,0,69,,21321,7,,,0,31,,21329,7,,,0,69,,21344,7,,,0,30,,21337,7,,,0,70,,21322,7,,,0,29,,21330,7,,,0,71,,21345,7,,,0,96,,21346,7,,,0,33,,21347,7,,,0
16029,'1832',725,,21351,7,,,0,100,,21352,7,,,0,201,,21358,7,,,0,97,,21361,7,,,0,100,,21357,7,,,0,101,,21359,7,,,0,100,,21348,7,,,0,100,,21350,7,,,0,199,,21353,7,,,0,100,,21360,7,,,0,100,,21355,7,,,0,199,,21362,7,,,0
16029,'1833',922,,21349,7,,,0,702,,21354,7,,,0,401,,21356,7,,,0
16029,'1834',725,,21366,7,,,0,100,,21367,7,,,0,201,,21373,7,,,0,97,,21376,7,,,0,100,,21372,7,,,0,101,,21374,7,,,0,100,,21363,7,,,0,100,,21365,7,,,0,199,,21368,7,,,0,100,,21375,7,,,0,100,,21370,7,,,0,199,,21377,7,,,0
16029,'1835',1102,,25950,7,,,0,130,,25951,7,,,0,70,,25952,7,,,0,501,,25953,7,,,0,30,,25958,7,,,0,67,,25954,7,,,0,30,,25955,7,,,0,125,,25956,7,,,0,69,,25957,7,,,0
16029,'1837',725,,25961,7,,,0,100,,25962,7,,,0,201,,25966,7,,,0,97,,25969,7,,,0,100,,25965,7,,,0,101,,25967,7,,,0,100,,25959,7,,,0,100,,25960,7,,,0,199,,25963,7,,,0,100,,25968,7,,,0,100,,25964,7,,,0,199,,25970,7,,,0
16029,'1838',725,,25973,7,,,0,100,,25974,7,,,0,201,,25978,7,,,0,97,,25981,7,,,0,100,,25977,7,,,0,101,,25979,7,,,0,100,,25971,7,,,0,100,,25972,7,,,0,199,,25975,7,,,0,100,,25980,7,,,0,100,,25976,7,,,0,199,,25982,7,,,0
