4019,'1800',813,,28707,17,4,,0,30,,28708,17,4,,0,70,,28705,17,4,,0,30,,28709,17,4,,0,73,,28706,17,4,,0,30,,28690,17,4,,0,70,,28694,17,4,,0,30,,28698,17,4,,0,69,,28701,17,4,,0,32,,28686,17,4,,0,69,,28689,17,4,,0,30,,28693,17,4,,0,69,,28697,17,4,,0,30,,28699,17,4,,0,70,,28685,17,4,,0,30,,28688,17,4,,0,70,,28692,17,4,,0,30,,28696,17,4,,0,69,,28700,17,4,,0,31,,28684,17,4,,0,70,,28687,17,4,,0,28,,28691,17,4,,0,70,,28695,17,4,,0,100,,28710,17,4,,0,100,,28711,17,4,,0
4019,'1838',813,,28735,17,4,,0,30,,28736,17,4,,0,70,,28733,17,4,,0,30,,28737,17,4,,0,73,,28734,17,4,,0,30,,28718,17,4,,0,70,,28722,17,4,,0,30,,28726,17,4,,0,69,,28729,17,4,,0,32,,28714,17,4,,0,69,,28717,17,4,,0,30,,28721,17,4,,0,69,,28725,17,4,,0,30,,28727,17,4,,0,70,,28713,17,4,,0,30,,28716,17,4,,0,70,,28720,17,4,,0,30,,28724,17,4,,0,69,,28728,17,4,,0,31,,28712,17,4,,0,70,,28715,17,4,,0,28,,28719,17,4,,0,70,,28723,17,4,,0,100,,28738,17,4,,0,100,,28739,17,4,,0
4019,'1848',713,,28771,17,4,,0,30,,28747,17,4,,0,71,,28741,17,4,,0,30,,28751,17,4,,0,70,,28762,17,4,,0,30,,28757,17,4,,0,72,,28745,17,4,,0,30,,28767,17,4,,0,70,,28744,17,4,,0,30,,28764,17,4,,0,69,,28759,17,4,,0,32,,28752,17,4,,0,69,,28765,17,4,,0,30,,28768,17,4,,0,70,,28743,17,4,,0,30,,28754,17,4,,0,70,,28742,17,4,,0,30,,28748,17,4,,0,70,,28766,17,4,,0,30,,28763,17,4,,0,69,,28760,17,4,,0,30,,28749,17,4,,0,70,,28769,17,4,,0,28,,28770,17,4,,0,70,,28740,17,4,,0,300,,28750,17,4,,0
4019,'1849',813,,28795,17,4,,0,30,,28796,17,4,,0,70,,28793,17,4,,0,30,,28797,17,4,,0,73,,28794,17,4,,0,30,,28778,17,4,,0,70,,28782,17,4,,0,30,,28786,17,4,,0,69,,28789,17,4,,0,32,,28774,17,4,,0,69,,28777,17,4,,0,30,,28781,17,4,,0,69,,28785,17,4,,0,30,,28787,17,4,,0,70,,28773,17,4,,0,30,,28776,17,4,,0,70,,28780,17,4,,0,30,,28784,17,4,,0,69,,28788,17,4,,0,31,,28772,17,4,,0,70,,28775,17,4,,0,28,,28779,17,4,,0,70,,28783,17,4,,0,100,,28798,17,4,,0,100,,28799,17,4,,0
4019,'1850',643,,28806,17,4,,0,71,,28832,17,4,,0,30,,28807,17,4,,0,67,,28808,17,4,,0,36,,28809,17,4,,0,64,,28810,17,4,,0,36,,28811,17,4,,0,68,,28812,17,4,,0,29,,28813,17,4,,0,70,,28814,17,4,,0,31,,28815,17,4,,0,72,,28816,17,4,,0,30,,28817,17,4,,0,70,,28818,17,4,,0,30,,28819,17,4,,0,72,,28820,17,4,,0,30,,28821,17,4,,0,75,,28822,17,4,,0,30,,28823,17,4,,0,71,,28824,17,4,,0,24,,28825,17,4,,0,73,,28826,17,4,,0,22,,28827,17,4,,0,75,,28828,17,4,,0,21,,28829,17,4,,0,75,,28830,17,4,,0,28,,28831,17,4,,0,70,,28800,17,4,,0,30,,28801,17,4,,0,70,,28802,17,4,,0,30,,28803,17,4,,0,70,,28804,17,4,,0,30,,28805,17,4,,0
4019,'1852',643,,28839,17,4,,0,71,,28865,17,4,,0,30,,28840,17,4,,0,67,,28841,17,4,,0,36,,28842,17,4,,0,64,,28843,17,4,,0,36,,28844,17,4,,0,68,,28845,17,4,,0,29,,28846,17,4,,0,70,,28847,17,4,,0,31,,28848,17,4,,0,72,,28849,17,4,,0,30,,28850,17,4,,0,70,,28851,17,4,,0,30,,28852,17,4,,0,72,,28853,17,4,,0,30,,28854,17,4,,0,75,,28855,17,4,,0,30,,28856,17,4,,0,71,,28857,17,4,,0,24,,28858,17,4,,0,73,,28859,17,4,,0,22,,28860,17,4,,0,75,,28861,17,4,,0,21,,28862,17,4,,0,75,,28863,17,4,,0,28,,28864,17,4,,0,70,,28833,17,4,,0,30,,28834,17,4,,0,70,,28835,17,4,,0,30,,28836,17,4,,0,70,,28837,17,4,,0,30,,28838,17,4,,0
7019,'1800',758,,29303,31,4,,0,71,,29331,16,4,,0,30,,29304,31,4,,0,73,,29323,16,4,,0,102,,29330,16,4,,0,68,,29305,31,4,,0,32,,29322,16,4,,0,68,,29306,31,4,,0,32,,29329,16,4,,0,68,,29307,31,4,,0,33,,29321,16,4,,0,67,,29308,31,4,,0,33,,29328,16,4,,0,68,,29309,31,4,,0,33,,29320,16,4,,0,67,,29310,31,4,,0,33,,29327,16,4,,0,66,,29311,31,4,,0,33,,29319,16,4,,0,67,,29299,31,4,,0,32,,29326,16,4,,0,67,,29300,31,4,,0,30,,29324,16,4,,0,27,,29298,31,4,,0,70,,29325,16,4,,0,28,,29302,31,4,,0,72,,29332,16,4,,0,28,,29301,31,4,,0
7019,'1838',758,,29338,31,4,,0,71,,29366,16,4,,0,30,,29339,31,4,,0,73,,29358,16,4,,0,102,,29365,16,4,,0,68,,29340,31,4,,0,32,,29357,16,4,,0,68,,29341,31,4,,0,32,,29364,16,4,,0,68,,29342,31,4,,0,33,,29356,16,4,,0,67,,29343,31,4,,0,33,,29363,16,4,,0,68,,29344,31,4,,0,33,,29355,16,4,,0,67,,29345,31,4,,0,33,,29362,16,4,,0,66,,29346,31,4,,0,33,,29354,16,4,,0,67,,29334,31,4,,0,32,,29361,16,4,,0,67,,29335,31,4,,0,30,,29359,16,4,,0,27,,29333,31,4,,0,70,,29360,16,4,,0,28,,29337,31,4,,0,72,,29367,16,4,,0,28,,29336,31,4,,0
7019,'1848',630,,29399,12,4,,0,28,,29380,31,4,,0,70,,29373,31,4,,0,30,,29381,31,4,,0,70,,29374,31,4,,0,31,,29382,31,4,,0,70,,29375,31,4,,0,30,,29383,31,4,,0,73,,29376,31,4,,0,70,,29384,31,4,,0,30,,29377,31,4,,0,70,,29385,31,4,,0,30,,29378,31,4,,0,70,,29386,31,4,,0,30,,29379,31,4,,0,70,,29387,31,4,,0,30,,29392,31,4,,0,71,,29388,31,4,,0,30,,29394,31,4,,0,70,,29389,31,4,,0,30,,29393,31,4,,0,69,,29390,31,4,,0,30,,29395,31,4,,0,70,,29391,31,4,,0,30,,29398,31,4,,0,69,,29368,31,4,,0,27,,29396,31,4,,0,30,,29369,31,4,,0,68,,29397,31,4,,0,30,,29370,31,4,,0,100,,29371,31,4,,0,99,,29372,31,4,,0
7019,'1849',758,,29407,31,4,,0,71,,29435,16,4,,0,30,,29408,31,4,,0,73,,29427,16,4,,0,102,,29434,16,4,,0,68,,29409,31,4,,0,32,,29426,16,4,,0,68,,29410,31,4,,0,32,,29433,16,4,,0,68,,29411,31,4,,0,33,,29425,16,4,,0,67,,29412,31,4,,0,33,,29432,16,4,,0,68,,29413,31,4,,0,33,,29424,16,4,,0,67,,29414,31,4,,0,33,,29431,16,4,,0,66,,29415,31,4,,0,33,,29423,16,4,,0,67,,29403,31,4,,0,32,,29430,16,4,,0,67,,29404,31,4,,0,30,,29428,16,4,,0,27,,29402,31,4,,0,70,,29429,16,4,,0,28,,29406,31,4,,0,72,,29436,16,4,,0,28,,29405,31,4,,0
7019,'1850',629,,29471,12,4,,0,71,,29439,31,4,,0,31,,29440,31,4,,0,72,,29448,31,4,,0,32,,29441,31,4,,0,70,,29449,31,4,,0,28,,29442,31,4,,0,70,,29450,31,4,,0,31,,29443,31,4,,0,70,,29451,31,4,,0,30,,29444,31,4,,0,71,,29452,31,4,,0,30,,29445,31,4,,0,70,,29453,31,4,,0,30,,29446,31,4,,0,70,,29454,31,4,,0,32,,29447,31,4,,0,74,,29467,31,4,,0,33,,29468,31,4,,0,66,,29469,31,4,,0,30,,29470,31,4,,0,70,,29455,31,4,,0,28,,29457,31,4,,0,65,,29456,31,4,,0,30,,29459,31,4,,0,68,,29460,31,4,,0,30,,29461,31,4,,0,27,,29462,31,4,,0,70,,29463,31,4,,0,30,,29464,31,4,,0,98,,29465,31,4,,0,99,,29466,31,4,,0,100,,29458,31,4,,0
7019,'1852',629,,29509,12,4,,0,71,,29477,31,4,,0,31,,29478,31,4,,0,72,,29486,31,4,,0,32,,29479,31,4,,0,70,,29487,31,4,,0,28,,29480,31,4,,0,70,,29488,31,4,,0,31,,29481,31,4,,0,70,,29489,31,4,,0,30,,29482,31,4,,0,71,,29490,31,4,,0,30,,29483,31,4,,0,70,,29491,31,4,,0,30,,29484,31,4,,0,70,,29492,31,4,,0,32,,29485,31,4,,0,74,,29505,31,4,,0,33,,29506,31,4,,0,66,,29507,31,4,,0,30,,29508,31,4,,0,70,,29493,31,4,,0,28,,29495,31,4,,0,65,,29494,31,4,,0,30,,29497,31,4,,0,68,,29498,31,4,,0,30,,29499,31,4,,0,27,,29500,31,4,,0,70,,29501,31,4,,0,30,,29502,31,4,,0,98,,29503,31,4,,0,99,,29504,31,4,,0,100,,29496,31,4,,0
14019,'1800',635,,30160,1,,,0,65,,30160,27,4,,0,35,,30161,1,,,0,65,,30161,27,4,,0,35,,30149,1,,,0,67,,30149,27,4,,0,33,,30150,1,,,0,67,,30150,27,4,,0,33,,30151,1,,,0,67,,30151,27,4,,0,33,,30152,1,,,0,68,,30152,27,4,,0,32,,30153,1,,,0,68,,30153,27,4,,0,32,,30154,1,,,0,69,,30154,27,4,,0,31,,30155,1,,,0,69,,30155,27,4,,0,31,,30156,1,,,0,69,,30156,27,4,,0,31,,30157,1,,,0,67,,30157,27,4,,0,33,,30158,1,,,0,67,,30158,27,4,,0,33,,30159,1,,,0,67,,30159,27,4,,0,33,,30148,1,,,0,65,,30148,27,4,,0,30,,30147,1,,,0,25,,30147,27,4,,0
14019,'1838',635,,30175,1,,,0,65,,30175,27,4,,0,35,,30176,1,,,0,65,,30176,27,4,,0,35,,30164,1,,,0,67,,30164,27,4,,0,33,,30165,1,,,0,67,,30165,27,4,,0,33,,30166,1,,,0,67,,30166,27,4,,0,33,,30167,1,,,0,68,,30167,27,4,,0,32,,30168,1,,,0,68,,30168,27,4,,0,32,,30169,1,,,0,69,,30169,27,4,,0,31,,30170,1,,,0,69,,30170,27,4,,0,31,,30171,1,,,0,69,,30171,27,4,,0,31,,30172,1,,,0,67,,30172,27,4,,0,33,,30173,1,,,0,67,,30173,27,4,,0,33,,30174,1,,,0,67,,30174,27,4,,0,33,,30163,1,,,0,65,,30163,27,4,,0,30,,30162,1,,,0,25,,30162,27,4,,0
14019,'1848',635,,30177,1,,,0,65,,30177,27,4,,0,35,,30178,1,,,0,65,,30178,27,4,,0,35,,30179,1,,,0,67,,30179,27,4,,0,33,,30180,1,,,0,67,,30180,27,4,,0,33,,30181,1,,,0,67,,30181,27,4,,0,33,,30182,1,,,0,68,,30182,27,4,,0,32,,30183,1,,,0,68,,30183,27,4,,0,32,,30184,1,,,0,69,,30184,27,4,,0,31,,30185,1,,,0,69,,30185,27,4,,0,31,,30186,1,,,0,69,,30186,27,4,,0,31,,30187,1,,,0,67,,30187,27,4,,0,33,,30188,1,,,0,67,,30188,27,4,,0,33,,30189,1,,,0,67,,30189,27,4,,0,33,,30190,1,,,0,65,,30190,27,4,,0,35,,30191,1,,,0,65,,30191,27,4,,0,30,,30192,1,,,0,25,,30192,27,4,,0,75,,30193,1,,,0,25,,30193,27,4,,0
14019,'1849',635,,30207,1,,,0,65,,30207,27,4,,0,35,,30208,1,,,0,65,,30208,27,4,,0,35,,30196,1,,,0,67,,30196,27,4,,0,33,,30197,1,,,0,67,,30197,27,4,,0,33,,30198,1,,,0,67,,30198,27,4,,0,33,,30199,1,,,0,68,,30199,27,4,,0,32,,30200,1,,,0,68,,30200,27,4,,0,32,,30201,1,,,0,69,,30201,27,4,,0,31,,30202,1,,,0,69,,30202,27,4,,0,31,,30203,1,,,0,69,,30203,27,4,,0,31,,30204,1,,,0,67,,30204,27,4,,0,33,,30205,1,,,0,67,,30205,27,4,,0,33,,30206,1,,,0,67,,30206,27,4,,0,33,,30195,1,,,0,65,,30195,27,4,,0,30,,30194,1,,,0,25,,30194,27,4,,0
14019,'1850',510,,30239,1,,,0,25,,30239,27,4,,0,75,,30238,1,,,0,25,,30238,27,4,,0,15,,30209,1,,,0,65,,30209,27,4,,0,5,,30222,1,,,0,25,,30222,27,4,,0,3,,30210,1,,,0,62,,30223,1,,,0,4,,30210,27,4,,0,23,,30223,27,4,,0,3,,30211,1,,,0,67,,30211,27,4,,0,3,,30224,1,,,0,27,,30224,27,4,,0,3,,30212,1,,,0,67,,30212,27,4,,0,3,,30225,1,,,0,27,,30225,27,4,,0,3,,30213,1,,,0,67,,30213,27,4,,0,3,,30226,1,,,0,27,,30226,27,4,,0,3,,30214,1,,,0,67,,30214,27,4,,0,3,,30227,1,,,0,27,,30227,27,4,,0,3,,30215,1,,,0,67,,30215,27,4,,0,3,,30228,1,,,0,27,,30228,27,4,,0,3,,30216,1,,,0,67,,30216,27,4,,0,3,,30229,1,,,0,27,,30229,27,4,,0,3,,30217,1,,,0,68,,30217,27,4,,0,2,,30230,1,,,0,30,,30230,27,4,,0,10,,30218,1,,,0,70,,30218,27,4,,0,30,,30231,27,4,,0,68,,30219,27,4,,0,2,,30232,1,,,0,28,,30232,27,4,,0,2,,30220,1,,,0,60,,30233,1,,,0,8,,30220,27,4,,0,19,,30233,27,4,,0,3,,30221,1,,,0,67,,30221,27,4,,0,3,,30234,1,,,0,27,,30234,27,4,,0,3,,30240,1,,,0,67,,30240,27,4,,0,3,,30235,1,,,0,26,,30235,27,4,,0,66,,30236,1,,,0,26,,30236,27,4,,0,74,,30237,1,,,0,26,,30237,27,4,,0
14019,'1852',510,,30271,1,,,0,25,,30271,27,4,,0,75,,30270,1,,,0,25,,30270,27,4,,0,15,,30241,1,,,0,65,,30241,27,4,,0,5,,30254,1,,,0,25,,30254,27,4,,0,3,,30242,1,,,0,62,,30255,1,,,0,4,,30242,27,4,,0,23,,30255,27,4,,0,3,,30243,1,,,0,67,,30243,27,4,,0,3,,30256,1,,,0,27,,30256,27,4,,0,3,,30244,1,,,0,67,,30244,27,4,,0,3,,30257,1,,,0,27,,30257,27,4,,0,3,,30245,1,,,0,67,,30245,27,4,,0,3,,30258,1,,,0,27,,30258,27,4,,0,3,,30246,1,,,0,67,,30246,27,4,,0,3,,30259,1,,,0,27,,30259,27,4,,0,3,,30247,1,,,0,67,,30247,27,4,,0,3,,30260,1,,,0,27,,30260,27,4,,0,3,,30248,1,,,0,67,,30248,27,4,,0,3,,30261,1,,,0,27,,30261,27,4,,0,3,,30249,1,,,0,68,,30249,27,4,,0,2,,30262,1,,,0,30,,30262,27,4,,0,10,,30250,1,,,0,70,,30263,1,,,0,30,,30251,1,,,0,68,,30251,27,4,,0,2,,30264,1,,,0,28,,30264,27,4,,0,2,,30252,1,,,0,60,,30265,1,,,0,8,,30252,27,4,,0,19,,30265,27,4,,0,3,,30253,1,,,0,67,,30253,27,4,,0,3,,30266,1,,,0,27,,30266,27,4,,0,3,,30272,1,,,0,67,,30272,27,4,,0,3,,30267,1,,,0,26,,30267,27,4,,0,66,,30268,1,,,0,26,,30268,27,4,,0,74,,30269,1,,,0,26,,30269,27,4,,0
15019,'1800',705,,30284,1,,,0,100,,30282,1,,,0,100,,30285,1,,,0,100,,30283,1,,,0,100,,30280,1,,,0,100,,30278,1,,,0,100,,30281,1,,,0,100,,30279,1,,,0,100,,30276,1,,,0,100,,30277,1,,,0,100,,30274,1,,,0,100,,30275,1,,,0,100,,30273,1,,,0,100,,30286,1,,,0
15019,'1838',705,,30298,1,,,0,100,,30296,1,,,0,100,,30299,1,,,0,100,,30297,1,,,0,100,,30294,1,,,0,100,,30292,1,,,0,100,,30295,1,,,0,100,,30293,1,,,0,100,,30290,1,,,0,100,,30291,1,,,0,100,,30288,1,,,0,100,,30289,1,,,0,100,,30287,1,,,0,100,,30300,1,,,0
15019,'1848',705,,30301,1,,,0,100,,30302,1,,,0,100,,30303,1,,,0,100,,30304,1,,,0,100,,30305,1,,,0,100,,30306,1,,,0,100,,30307,1,,,0,100,,30308,1,,,0,100,,30309,1,,,0,100,,30310,1,,,0,100,,30311,1,,,0,100,,30312,1,,,0,100,,30313,1,,,0,100,,30314,1,,,0
15019,'1849',705,,30327,1,,,0,100,,30325,1,,,0,100,,30328,1,,,0,100,,30326,1,,,0,100,,30323,1,,,0,100,,30321,1,,,0,100,,30324,1,,,0,100,,30322,1,,,0,100,,30319,1,,,0,100,,30320,1,,,0,100,,30317,1,,,0,100,,30318,1,,,0,100,,30316,1,,,0,100,,30329,1,,,0
15019,'1850',630,,30331,1,,,0,70,,30332,1,,,0,30,,30333,1,,,0,70,,30334,1,,,0,30,,30335,1,,,0,70,,30336,1,,,0,30,,30337,1,,,0,70,,30338,1,,,0,30,,30339,1,,,0,70,,30340,1,,,0,30,,30341,1,,,0,70,,30342,1,,,0,30,,30343,1,,,0,70,,30344,1,,,0,30,,30345,1,,,0,70,,30346,1,,,0,30,,30347,1,,,0,70,,30348,1,,,0,30,,30349,1,,,0,70,,30350,1,,,0,30,,30351,1,,,0,70,,30352,1,,,0,30,,30353,1,,,0,70,,30354,1,,,0,30,,30355,1,,,0,70,,30356,1,,,0,30,,30357,1,,,0,100,,30358,1,,,0,100,,30359,1,,,0,100,,30360,1,0,5 2 6 7,0
15019,'1852',630,,30362,1,,,0,70,,30363,1,,,0,30,,30364,1,,,0,70,,30365,1,,,0,30,,30366,1,,,0,70,,30367,1,,,0,30,,30368,1,,,0,70,,30369,1,,,0,30,,30370,1,,,0,70,,30371,1,,,0,30,,30372,1,,,0,70,,30373,1,,,0,30,,30374,1,,,0,70,,30375,1,,,0,30,,30376,1,,,0,70,,30377,1,,,0,30,,30378,1,,,0,70,,30379,1,,,0,30,,30380,1,,,0,70,,30381,1,,,0,30,,30382,1,,,0,70,,30383,1,,,0,30,,30384,1,,,0,70,,30385,1,,,0,30,,30386,1,,,0,70,,30387,1,,,0,30,,30388,1,,,0,100,,30389,1,,,0,100,,30390,1,,,0,100,,30391,1,0,5 2 6 7,0
15029,'1848',757,,30423,79,4,,0,93,,30424,79,4,,0,100,,30425,79,4,,0,100,,30426,79,4,,0,103,,30427,79,4,,0,100,,30428,79,4,,0,100,,30429,79,4,,0,106,,30430,79,4,,0,100,,30431,79,4,,0,97,,30432,79,4,,0,98,,30433,79,4,,0,99,,30434,79,4,,0,99,,30420,79,4,,0,100,,30421,79,4,,0
15029,'1850',630,,30449,39,4,,0,20,,30450,39,4,,0,71,,30451,79,4,,0,33,,30452,79,4,,0,74,,30453,79,4,,0,29,,30454,79,4,,0,73,,30455,79,4,,0,70,,30456,79,4,,0,25,,30457,79,4,,0,30,,30458,79,4,,0,70,,30459,79,4,,0,30,,30460,79,4,,0,70,,30461,79,4,,0,30,,30462,79,4,,0,70,,30463,79,4,,0,30,,30464,79,4,,0,70,,30465,79,4,,0,34,,30466,79,4,,0,73,,30467,79,4,,0,75,,30468,79,4,,0,32,,30469,79,4,,0,68,,30470,79,4,,0,24,,30471,79,4,,0,23,,30472,79,4,,0,69,,30473,79,4,,0,29,,30474,79,4,,0,67,,30475,79,4,,0,30,,30476,79,4,,0,70,,30477,79,4,,0,30,,30478,79,4,,0,70,,30479,79,4,,0,98,,30481,79,4,,0,97,,30480,79,4,,0
15029,'1852',630,,30482,39,4,,0,20,,30483,39,4,,0,71,,30484,79,4,,0,33,,30485,79,4,,0,74,,30486,79,4,,0,29,,30487,79,4,,0,73,,30488,79,4,,0,70,,30489,79,4,,0,25,,30490,79,4,,0,30,,30491,79,4,,0,70,,30492,79,4,,0,30,,30493,79,4,,0,70,,30494,79,4,,0,30,,30495,79,4,,0,70,,30496,79,4,,0,30,,30497,79,4,,0,70,,30498,79,4,,0,34,,30499,79,4,,0,73,,30500,79,4,,0,75,,30501,79,4,,0,32,,30502,79,4,,0,68,,30503,79,4,,0,24,,30504,79,4,,0,23,,30505,79,4,,0,69,,30506,79,4,,0,29,,30507,79,4,,0,67,,30508,79,4,,0,30,,30509,79,4,,0,70,,30510,79,4,,0,30,,30511,79,4,,0,70,,30512,79,4,,0,98,,30514,79,4,,0,97,,30513,79,4,,0
19019,'1800',627,,30814,16,4,,0,112,,30801,16,4,,0,100,,30818,16,4,,0,70,,30806,16,4,,0,30,,30807,16,4,,0,70,,30811,16,4,,0,31,,30827,16,4,,0,71,,30825,16,4,,0,30,,30826,16,4,,0,70,,30804,16,4,,0,30,,30828,16,4,,0,70,,30803,16,4,,0,30,,30830,16,4,,0,70,,30819,16,4,,0,31,,30821,16,4,,0,71,,30809,16,4,,0,30,,30812,16,4,,0,70,,30815,16,4,,0,30,,30817,16,4,,0,68,,30805,16,4,,0,29,,30808,16,4,,0,70,,30822,16,4,,0,30,,30810,16,4,,0,70,,30813,16,4,,0,30,,30802,16,4,,0,70,,30820,16,4,,0,45,,30816,16,4,,0,100,,30823,16,4,,0,100,,30824,16,4,,0,84,,30829,16,4,,0
19019,'1838',627,,30844,16,4,,0,112,,30831,16,4,,0,100,,30848,16,4,,0,70,,30836,16,4,,0,30,,30837,16,4,,0,70,,30841,16,4,,0,31,,30857,16,4,,0,71,,30855,16,4,,0,30,,30856,16,4,,0,70,,30834,16,4,,0,30,,30858,16,4,,0,70,,30833,16,4,,0,30,,30860,16,4,,0,70,,30849,16,4,,0,31,,30851,16,4,,0,71,,30839,16,4,,0,30,,30842,16,4,,0,70,,30845,16,4,,0,30,,30847,16,4,,0,68,,30835,16,4,,0,29,,30838,16,4,,0,70,,30852,16,4,,0,30,,30840,16,4,,0,70,,30843,16,4,,0,30,,30832,16,4,,0,70,,30850,16,4,,0,45,,30846,16,4,,0,100,,30853,16,4,,0,100,,30854,16,4,,0,84,,30859,16,4,,0
19019,'1848',629,,30891,16,4,,0,80,,30875,16,4,,0,30,,30865,16,4,,0,70,,30886,16,4,,0,30,,30877,16,4,,0,70,,30867,16,4,,0,30,,30862,16,4,,0,70,,30884,16,4,,0,31,,30885,16,4,,0,71,,30876,16,4,,0,30,,30866,16,4,,0,70,,30864,16,4,,0,30,,30880,16,4,,0,70,,30872,16,4,,0,30,,30882,16,4,,0,70,,30892,16,4,,0,31,,30883,16,4,,0,71,,30863,16,4,,0,30,,30861,16,4,,0,70,,30868,16,4,,0,30,,30879,16,4,,0,68,,30871,16,4,,0,29,,30869,16,4,,0,70,,30881,16,4,,0,30,,30888,16,4,,0,70,,30870,16,4,,0,30,,30889,16,4,,0,110,,30887,16,4,,0,70,,30874,16,4,,0,100,,30878,16,4,,0,100,,30873,16,4,,0,25,,30890,16,4,,0
19019,'1849',627,,30906,16,4,,0,112,,30893,16,4,,0,100,,30910,16,4,,0,70,,30898,16,4,,0,30,,30899,16,4,,0,70,,30903,16,4,,0,31,,30919,16,4,,0,71,,30917,16,4,,0,30,,30918,16,4,,0,70,,30896,16,4,,0,30,,30920,16,4,,0,70,,30895,16,4,,0,30,,30922,16,4,,0,70,,30911,16,4,,0,31,,30913,16,4,,0,71,,30901,16,4,,0,30,,30904,16,4,,0,70,,30907,16,4,,0,30,,30909,16,4,,0,68,,30897,16,4,,0,29,,30900,16,4,,0,70,,30914,16,4,,0,30,,30902,16,4,,0,70,,30905,16,4,,0,30,,30894,16,4,,0,70,,30912,16,4,,0,45,,30908,16,4,,0,100,,30915,16,4,,0,100,,30916,16,4,,0,84,,30921,16,4,,0
19019,'1850',843,,30930,16,4,,0,68,,30927,16,4,,0,30,,30923,16,4,,0,70,,30925,16,4,,0,30,,30931,16,4,,0,70,,30933,16,4,,0,30,,30926,16,4,,0,70,,30942,16,4,,0,30,,30929,16,4,,0,70,,30941,16,4,,0,30,,30924,16,4,,0,70,,30943,16,4,,0,30,,30939,16,4,,0,72,,30928,16,4,,0,31,,30934,16,4,,0,297,,30938,16,4,,0,70,,30944,16,4,,0,30,,30937,16,4,,0,100,,30936,16,4,,0,99,,30935,16,4,,0,99,,30940,16,4,,0,99,,30932,16,4,,0
19019,'1852',843,,30952,16,4,,0,68,,30949,16,4,,0,30,,30945,16,4,,0,70,,30947,16,4,,0,30,,30953,16,4,,0,70,,30955,16,4,,0,30,,30948,16,4,,0,70,,30964,16,4,,0,30,,30951,16,4,,0,70,,30963,16,4,,0,30,,30946,16,4,,0,70,,30965,16,4,,0,30,,30961,16,4,,0,72,,30950,16,4,,0,31,,30956,16,4,,0,297,,30960,16,4,,0,70,,30966,16,4,,0,30,,30959,16,4,,0,100,,30958,16,4,,0,99,,30957,16,4,,0,99,,30962,16,4,,0,99,,30954,16,4,,0
19029,'1800',608,,30991,1,,,0,112,,30992,1,,,0,100,,30990,1,,,0,30,,30988,1,,,0,70,,30983,1,,,0,30,,30986,1,,,0,70,,30971,1,,,0,30,,30975,1,,,0,70,,30979,1,,,0,30,,30982,1,,,0,70,,30984,1,,,0,30,,30969,1,,,0,70,,30974,1,,,0,30,,30978,1,,,0,70,,30981,1,,,0,30,,30985,1,,,0,70,,30968,1,,,0,30,,30973,1,,,0,70,,30977,1,,,0,30,,30980,1,,,0,70,,30987,1,,,0,30,,30970,1,,,0,70,,30972,1,,,0,30,,30976,1,,,0,70,,30993,1,,,0,30,,30996,1,,,0,85,,30994,1,,,0,100,,30995,1,,,0,100,,30989,1,,,0,85,,30967,1,,,0
19029,'1838',608,,31021,1,,,0,112,,31022,1,,,0,100,,31020,1,,,0,30,,31018,1,,,0,70,,31013,1,,,0,30,,31016,1,,,0,70,,31001,1,,,0,30,,31005,1,,,0,70,,31009,1,,,0,30,,31012,1,,,0,70,,31014,1,,,0,30,,30999,1,,,0,70,,31004,1,,,0,30,,31008,1,,,0,70,,31011,1,,,0,30,,31015,1,,,0,70,,30998,1,,,0,30,,31003,1,,,0,70,,31007,1,,,0,30,,31010,1,,,0,70,,31017,1,,,0,30,,31000,1,,,0,70,,31002,1,,,0,30,,31006,1,,,0,70,,31023,1,,,0,30,,31026,1,,,0,85,,31024,1,,,0,100,,31025,1,,,0,100,,31019,1,,,0,85,,30997,1,,,0
19029,'1848',610,,31051,1,,,0,40,,31052,1,,,0,70,,31045,1,,,0,30,,31029,1,,,0,70,,31047,1,,,0,30,,31046,1,,,0,70,,31027,1,,,0,30,,31041,1,,,0,70,,31048,1,,,0,30,,31034,1,,,0,70,,31044,1,,,0,30,,31033,1,,,0,70,,31043,1,,,0,30,,31039,1,,,0,70,,31050,1,,,0,30,,31058,1,,,0,70,,31037,1,,,0,30,,31032,1,,,0,70,,31036,1,,,0,30,,31042,1,,,0,70,,31038,1,,,0,30,,31049,1,,,0,70,,31030,1,,,0,30,,31040,1,,,0,70,,31035,1,,,0,30,,31028,1,,,0,70,,31053,1,,,0,110,,31057,1,,,0,70,,31054,1,,,0,100,,31055,1,,,0,100,,31056,1,,,0,25,,31031,1,,,0
19029,'1849',608,,31083,1,,,0,112,,31084,1,,,0,100,,31082,1,,,0,30,,31080,1,,,0,70,,31075,1,,,0,30,,31078,1,,,0,70,,31063,1,,,0,30,,31067,1,,,0,70,,31071,1,,,0,30,,31074,1,,,0,70,,31076,1,,,0,30,,31061,1,,,0,70,,31066,1,,,0,30,,31070,1,,,0,70,,31073,1,,,0,30,,31077,1,,,0,70,,31060,1,,,0,30,,31065,1,,,0,70,,31069,1,,,0,30,,31072,1,,,0,70,,31079,1,,,0,30,,31062,1,,,0,70,,31064,1,,,0,30,,31068,1,,,0,70,,31085,1,,,0,30,,31088,1,,,0,85,,31086,1,,,0,100,,31087,1,,,0,100,,31081,1,,,0,85,,31059,1,,,0
19029,'1850',820,,31097,1,,,0,30,,31099,1,,,0,70,,31090,1,,,0,30,,31089,1,,,0,70,,31094,1,,,0,30,,31095,1,,,0,70,,31092,1,,,0,30,,31096,1,,,0,70,,31098,1,,,0,30,,31100,1,,,0,70,,31091,1,,,0,30,,31093,1,,,0,70,,31101,1,,,0,30,,31103,1,,,0,70,,31110,1,,,0,300,,31105,1,,,0,30,,31104,1,,,0,70,,31109,1,,,0,100,,31108,1,,,0,100,,31107,1,,,0,100,,31106,1,,,0,100,,31102,1,,,0
19029,'1852',820,,31119,1,,,0,30,,31121,1,,,0,70,,31112,1,,,0,30,,31111,1,,,0,70,,31116,1,,,0,30,,31117,1,,,0,70,,31114,1,,,0,30,,31118,1,,,0,70,,31120,1,,,0,30,,31122,1,,,0,70,,31113,1,,,0,30,,31115,1,,,0,70,,31123,1,,,0,30,,31125,1,,,0,70,,31132,1,,,0,300,,31127,1,,,0,30,,31126,1,,,0,70,,31131,1,,,0,100,,31130,1,,,0,100,,31129,1,,,0,100,,31128,1,,,0,100,,31124,1,,,0
10019019,'1850',617,,34625,15,4,,0,1000,,34632,15,4,,0,30,,34630,15,4,,0,70,,34628,15,4,,0,30,,34633,15,4,,0,67,,34629,15,4,,0,210,,34631,15,4,,0
10019019,'1852',617,,34636,15,4,,0,1000,,34643,15,4,,0,30,,34641,15,4,,0,70,,34639,15,4,,0,30,,34644,15,4,,0,67,,34640,15,4,,0,210,,34642,15,4,,0
10019029,'1850',610,,34645,1,,,0,30,,34648,1,,,0,70,,34647,1,,,0,30,,34649,1,,,0,800,,34654,1,,,0,70,,34652,1,,,0,30,,34650,1,,,0,70,,34655,1,,,0,30,,34651,1,,,0,210,,34653,1,,,0
10019029,'1852',610,,34656,1,,,0,30,,34659,1,,,0,70,,34658,1,,,0,30,,34660,1,,,0,800,,34665,1,,,0,70,,34663,1,,,0,30,,34661,1,,,0,70,,34666,1,,,0,30,,34662,1,,,0,210,,34664,1,,,0
