7029,'1800',727,,29514,30,,,0,101,,29515,30,,,0,100,,29516,30,,,0,100,,29517,30,,,0,100,,29518,30,,,0,100,,29519,30,,,0,100,,29520,30,,,0,101,,29521,30,,,0,100,,29522,30,,,0,99,,29523,30,,,0,100,,29524,30,,,0,99,,29525,30,,,0,100,,29526,30,,,0,100,,29527,30,,,0,100,,29513,30,,,0
7029,'1838',727,,36145,30,,,0,101,,36146,30,,,0,100,,36147,30,,,0,100,,36148,30,,,0,100,,36149,30,,,0,100,,36150,30,,,0,100,,36151,30,,,0,101,,36152,30,,,0,100,,36153,30,,,0,99,,36154,30,,,0,100,,36155,30,,,0,99,,36156,30,,,0,100,,36157,30,,,0,100,,36158,30,,,0,100,,36144,30,,,0
7029,'1850',525,,29600,30,,,0,103,,29601,30,,,0,30,,29602,30,,,0,72,,29603,30,,,0,70,,29604,30,,,0,31,,29605,30,,,0,69,,29606,30,,,0,30,,29607,30,,,0,70,,29608,30,,,0,30,,29609,30,,,0,70,,29610,30,,,0,30,,29611,30,,,0,70,,29612,30,,,0,30,,29596,30,,,0,70,,29597,30,,,0,30,,29598,30,,,0,71,,29595,30,,,0,30,,29594,30,,,0,72,,29599,30,,,0,28,,29613,30,,,0,70,,29614,30,,,0,30,,29615,30,,,0,69,,29616,30,,,0,30,,29617,30,,,0,28,,29618,30,,,0,70,,29619,30,,,0,30,,29620,30,,,0,70,,29621,30,,,0,30,,29622,30,,,0,70,,29623,30,,,0,100,,29624,30,,,0,99,,29625,30,,,0,100,,29626,30,,,0
7029,'1859',628,,29576,19,,,0,29,,29545,30,,,0,70,,29559,30,,,0,30,,29546,30,,,0,71,,29560,30,,,0,100,,29561,30,,,0,100,,29562,30,,,0,100,,29563,30,,,0,30,,29550,30,,,0,70,,29564,30,,,0,100,,29565,30,,,0,30,,29552,30,,,0,71,,29566,30,,,0,30,,29553,30,,,0,70,,29567,30,,,0,99,,29568,30,,,0,100,,29569,30,,,0,99,,29570,30,,,0,100,,29571,30,,,0,30,,29558,30,,,0,70,,29572,30,,,0,100,,29573,30,,,0,100,,29574,30,,,0
7029,'1861',727,,29579,30,,,0,101,,29580,30,,,0,100,,29581,30,,,0,100,,29582,30,,,0,100,,29583,30,,,0,100,,29584,30,,,0,100,,29585,30,,,0,101,,29586,30,,,0,100,,29587,30,,,0,99,,29588,30,,,0,100,,29589,30,,,0,99,,29590,30,,,0,100,,29591,30,,,0,100,,29592,30,,,0,100,,29578,30,,,0
7029,'1862',858,,36160,30,,,0,100,,36161,30,,,0,100,,36162,30,,,0,200,,36163,30,,,0,301,,36164,30,,,0,99,,36165,30,,,0,100,,36166,30,,,0,99,,36167,30,,,0,470,,36168,30,,,0
7029,'1864',525,,36176,30,,,0,103,,36177,30,,,0,30,,29635,30,,,0,72,,29636,30,,,0,70,,29637,30,,,0,31,,29638,30,,,0,69,,36178,30,,,0,30,,36179,30,,,0,70,,36180,30,,,0,30,,36181,30,,,0,70,,29643,30,,,0,30,,29644,30,,,0,70,,29645,30,,,0,30,,36172,30,,,0,70,,36173,30,,,0,30,,36174,30,,,0,71,,36171,30,,,0,30,,36170,30,,,0,72,,36175,30,,,0,28,,29646,30,,,0,70,,36182,30,,,0,30,,36183,30,,,0,69,,36184,30,,,0,30,,36185,30,,,0,28,,36186,30,,,0,70,,29652,30,,,0,30,,29653,30,,,0,70,,36187,30,,,0,30,,29655,30,,,0,70,,29656,30,,,0,100,,29657,30,,,0,99,,29658,30,,,0,100,,36188,30,,,0
7029,'1865',525,,36195,30,,,0,103,,36196,30,,,0,30,,36197,30,,,0,72,,36198,30,,,0,70,,36199,30,,,0,31,,36200,30,,,0,69,,36201,30,,,0,30,,36202,30,,,0,70,,36203,30,,,0,30,,36204,30,,,0,70,,36205,30,,,0,30,,36206,30,,,0,70,,36207,30,,,0,30,,36191,30,,,0,70,,36192,30,,,0,30,,36193,30,,,0,71,,36190,30,,,0,30,,36189,30,,,0,72,,36194,30,,,0,28,,36208,30,,,0,70,,36209,30,,,0,30,,36210,30,,,0,69,,36211,30,,,0,30,,36212,30,,,0,28,,36213,30,,,0,70,,36214,30,,,0,30,,36215,30,,,0,70,,36216,30,,,0,30,,36217,30,,,0,70,,36218,30,,,0,100,,36219,30,,,0,99,,36220,30,,,0,100,,36221,30,,,0
7029,'1866',628,,36253,19,,,0,29,,36222,30,,,0,70,,36236,30,,,0,30,,36223,30,,,0,71,,36237,30,,,0,30,,36224,30,,,0,70,,36238,30,,,0,30,,36225,30,,,0,70,,36239,30,,,0,30,,36226,30,,,0,70,,36240,30,,,0,30,,36227,30,,,0,70,,36241,30,,,0,30,,36228,30,,,0,70,,36242,30,,,0,30,,36229,30,,,0,71,,36243,30,,,0,30,,36230,30,,,0,70,,36244,30,,,0,30,,36231,30,,,0,69,,36245,30,,,0,30,,36232,30,,,0,70,,36246,30,,,0,30,,36233,30,,,0,69,,36247,30,,,0,30,,36234,30,,,0,70,,36248,30,,,0,30,,36235,30,,,0,70,,36249,30,,,0,100,,36250,30,,,0,100,,36251,30,,,0,100,,36252,30,,,0
7029,'1867',727,,36256,30,,,0,101,,36257,30,,,0,100,,36258,30,,,0,100,,36259,30,,,0,100,,36260,30,,,0,100,,36261,30,,,0,100,,36262,30,,,0,101,,36263,30,,,0,100,,36264,30,,,0,99,,36265,30,,,0,100,,36266,30,,,0,99,,36267,30,,,0,100,,36268,30,,,0,100,,36269,30,,,0,100,,36255,30,,,0
