19019,'1838',616,,37471,3,,,0,112,,42931,3,,,0,100,,37475,3,,,0,30,,42935,3,,,0,70,,37464,3,,,0,30,,37468,3,,,0,71,,42945,3,,,0,30,,37482,3,,,0,70,,42944,3,,,0,30,,42933,3,,,0,70,,37485,3,,,0,30,,42932,3,,,0,70,,37487,3,,,0,30,,42940,3,,,0,71,,37478,3,,,0,70,,42936,3,,,0,30,,37469,3,,,0,70,,42938,3,,,0,30,,37474,3,,,0,70,,42934,3,,,0,29,,37465,3,,,0,30,,42941,3,,,0,70,,37467,3,,,0,30,,42937,3,,,0,70,,37459,3,,,0,30,,37477,3,,,0,85,,42939,3,,,0,100,,42942,3,,,0,100,,42943,3,,,0,84,,37486,3,,,0
19019,'1857',829,,30952,3,,,0,30,,30949,3,,,0,70,,30945,3,,,0,30,,30947,3,,,0,70,,30953,3,,,0,30,,37533,3,,,0,70,,37530,3,,,0,30,,37539,3,,,0,100,,37538,3,,,0,70,,37529,3,,,0,30,,37540,3,,,0,100,,37531,3,,,0,71,,37534,3,,,0,299,,37535,3,,,0,30,,30966,3,,,0,70,,30959,3,,,0,100,,30958,3,,,0,100,,30957,3,,,0,99,,37537,3,,,0,100,,30954,3,,,0
19019,'1865',829,,37548,3,,,0,30,,37545,3,,,0,70,,37541,3,,,0,30,,37543,3,,,0,70,,37549,3,,,0,30,,37551,3,,,0,70,,37544,3,,,0,30,,37560,3,,,0,70,,42946,3,,,0,30,,37559,3,,,0,70,,37542,3,,,0,30,,37561,3,,,0,70,,42947,3,,,0,30,,37546,3,,,0,71,,37552,3,,,0,299,,37556,3,,,0,30,,37562,3,,,0,70,,37555,3,,,0,100,,37554,3,,,0,100,,37553,3,,,0,99,,37558,3,,,0,100,,37550,3,,,0
19019,'1866',618,,37593,3,,,0,40,,37577,3,,,0,70,,37567,3,,,0,30,,37588,3,,,0,70,,37579,3,,,0,30,,37569,3,,,0,70,,37564,3,,,0,30,,37586,3,,,0,71,,37587,3,,,0,30,,37578,3,,,0,70,,37568,3,,,0,30,,37566,3,,,0,70,,37582,3,,,0,30,,37574,3,,,0,70,,37584,3,,,0,30,,37594,3,,,0,71,,37585,3,,,0,70,,37565,3,,,0,30,,37563,3,,,0,70,,37570,3,,,0,30,,37581,3,,,0,70,,37573,3,,,0,29,,37571,3,,,0,30,,37583,3,,,0,70,,37590,3,,,0,30,,37572,3,,,0,70,,37591,3,,,0,110,,37589,3,,,0,70,,37576,3,,,0,100,,37580,3,,,0,100,,37575,3,,,0,25,,37592,3,,,0
19019,'1867',616,,37608,3,,,0,112,,42948,3,,,0,100,,37612,3,,,0,30,,42952,3,,,0,70,,37601,3,,,0,30,,37605,3,,,0,71,,42962,3,,,0,30,,37619,3,,,0,70,,42961,3,,,0,30,,42950,3,,,0,70,,37622,3,,,0,30,,42949,3,,,0,70,,37624,3,,,0,30,,42957,3,,,0,71,,37615,3,,,0,70,,42953,3,,,0,30,,37606,3,,,0,70,,42955,3,,,0,30,,37611,3,,,0,70,,42951,3,,,0,29,,37602,3,,,0,30,,42958,3,,,0,70,,37604,3,,,0,30,,42954,3,,,0,70,,37596,3,,,0,30,,37614,3,,,0,85,,42956,3,,,0,100,,42959,3,,,0,100,,42960,3,,,0,84,,37623,3,,,0
19019,'1871',1229,,37532,3,,,0,200,,37536,3,,,0
19019,'1873',618,,30891,3,,,0,40,,30875,3,,,0,70,,30865,3,,,0,30,,30886,3,,,0,70,,30877,3,,,0,30,,30867,3,,,0,70,,30862,3,,,0,30,,30884,3,,,0,71,,30885,3,,,0,30,,37496,3,,,0,70,,37491,3,,,0,30,,37490,3,,,0,70,,37498,3,,,0,30,,37495,3,,,0,70,,37500,3,,,0,30,,37503,3,,,0,71,,37501,3,,,0,70,,37489,3,,,0,30,,37488,3,,,0,70,,37492,3,,,0,30,,37497,3,,,0,70,,37494,3,,,0,29,,37493,3,,,0,30,,37499,3,,,0,70,,37502,3,,,0,30,,30870,3,,,0,70,,30889,3,,,0,110,,30887,3,,,0,70,,30874,3,,,0,100,,30878,3,,,0,100,,30873,3,,,0,25,,30890,3,,,0
19019,'1874',728,,37504,3,,,0,130,,37508,3,,,0,171,,37526,3,,,0,100,,37525,3,,,0,30,,37506,3,,,0,100,,37505,3,,,0,100,,37518,3,,,0,141,,37510,3,,,0,100,,37515,3,,,0,100,,37507,3,,,0,59,,37521,3,,,0,100,,37513,3,,,0,185,,37516,3,,,0,100,,37522,3,,,0,100,,37523,3,,,0
19019,'1875',616,,37514,3,,,0,212,,30910,3,,,0,100,,30899,3,,,0,30,,30903,3,,,0,101,,37524,3,,,0,170,,37527,3,,,0,100,,37528,3,,,0,101,,37520,3,,,0,100,,37512,3,,,0,100,,37517,3,,,0,99,,37509,3,,,0,100,,37511,3,,,0,100,,30894,3,,,0,30,,37519,3,,,0,369,,30921,3,,,0
19019,'1876',1229,,42963,3,,,0,200,,42964,3,,,0
19019,'1878',728,,42965,3,,,0,130,,42969,3,,,0,171,,42979,3,,,0,100,,42978,3,,,0,30,,42967,3,,,0,100,,42966,3,,,0,100,,42974,3,,,0,141,,42970,3,,,0,100,,42972,3,,,0,100,,42968,3,,,0,59,,42975,3,,,0,100,,42971,3,,,0,185,,42973,3,,,0,100,,42976,3,,,0,100,,42977,3,,,0
10019029,'1857',618,,34656,10,,,0,30,,34659,10,,,0,70,,41888,10,,,0,30,,34660,10,,,0,802,,34665,10,,,0,70,,34663,10,,,0,30,,41889,10,,,0,99,,41890,10,,,0,210,,41891,10,,,0
10019029,'1865',618,,41893,10,,,0,30,,41896,10,,,0,70,,41895,10,,,0,30,,41897,10,,,0,802,,41902,10,,,0,70,,41900,10,,,0,30,,41898,10,,,0,70,,43934,10,,,0,29,,41899,10,,,0,210,,41901,10,,,0
10019029,'1871',1720,,41892,10,,,0
10019029,'1876',1720,,43936,10,,,0
