11029,'1838',816,,44813,12,,,0,100,,44814,12,,,0,104,,44815,12,,,0,100,,44816,12,,,0,100,,44817,12,,,0,100,,44818,12,,,0,100,,44819,12,,,0,100,,44820,12,,,0,100,,44821,12,,,0,98,,44822,12,,,0,100,,36554,12,,,0,99,,44823,12,,,0,100,,42486,12,,,0
11029,'1865',618,,36600,5,,,0,98,,36586,12,,,0,101,,44825,12,,,0,100,,44826,12,,,0,101,,44827,12,,,0,100,,44828,12,,,0,100,,44829,12,,,0,100,,44830,12,,,0,100,,44831,12,,,0,100,,42488,12,,,0,100,,44832,12,,,0,100,,44833,12,,,0,100,,44834,12,,,0,100,,36598,12,,,0,100,,44835,12,,,0,100,,44824,12,,,0
11029,'1866',618,,44836,5,,,0,98,,44847,12,,,0,100,,44837,12,,,0,100,,44838,12,,,0,104,,44839,12,,,0,100,,44840,12,,,0,100,,44841,12,,,0,100,,36607,12,,,0,100,,44842,12,,,0,100,,36609,12,,,0,100,,36610,12,,,0,98,,44843,12,,,0,100,,44844,12,,,0,99,,44845,12,,,0,100,,44846,12,,,0
11029,'1867',816,,44848,12,,,0,100,,44849,12,,,0,104,,44850,12,,,0,100,,44851,12,,,0,100,,44852,12,,,0,100,,44853,12,,,0,100,,44854,12,,,0,100,,44855,12,,,0,100,,44856,12,,,0,98,,44857,12,,,0,100,,36626,12,,,0,99,,44858,12,,,0,100,,42497,12,,,0
11029,'1873',1320,,29958,12,,,0,200,,29960,12,,,0,100,,29961,12,,,0
11029,'1878',1818,,29977,12,,,0,199,,42508,12,,,0
11029,'1881',817,,29998,12,,,0,100,,42498,12,,,0,101,,30000,12,,,0,100,,36576,12,,,0,100,,36577,12,,,0,100,,36578,12,,,0,100,,36579,12,,,0,200,,36581,12,,,0,100,,36582,12,,,0,100,,36583,12,,,0,200,,42500,12,,,0,100,,29996,12,,,0
11029,'1882',618,,30011,5,,,0,98,,29997,12,,,0,802,,42499,12,,,0,400,,30009,12,,,0
11029,'1886',817,,44860,12,,,0,100,,44861,12,,,0,101,,44862,12,,,0,100,,44863,12,,,0,100,,44864,12,,,0,100,,44865,12,,,0,100,,44866,12,,,0,200,,44867,12,,,0,100,,44868,12,,,0,100,,44869,12,,,0,200,,44870,12,,,0,100,,44859,12,,,0
11029,'1887',618,,44871,5,,,0,98,,44882,12,,,0,100,,44872,12,,,0,100,,44873,12,,,0,104,,44874,12,,,0,100,,44875,12,,,0,100,,44876,12,,,0,200,,44877,12,,,0,298,,44878,12,,,0,100,,44879,12,,,0,99,,44880,12,,,0,100,,44881,12,,,0
11029,'1888',816,,44883,12,,,0,100,,44884,12,,,0,104,,44885,12,,,0,100,,44886,12,,,0,100,,44887,12,,,0,100,,44888,12,,,0,100,,44889,12,,,0,100,,44890,12,,,0,100,,44891,12,,,0,98,,44892,12,,,0,199,,44893,12,,,0
