1029,'1800',628,,28457,51,,,0,100,,28458,51,,,0,100,,28459,51,,,0,100,,28460,51,,,0,100,,28461,51,,,0,100,,28462,51,,,0,100,,28463,51,,,0,100,,28464,51,,,0,100,,28465,51,,,0,100,,28466,51,,,0,100,,28467,51,,,0,100,,28468,51,,,0,100,,28469,51,,,0,100,,28470,51,,,0,100,,28471,51,,,0,100,,28472,51,,,0,100,,28473,51,,,0,95,,28474,51,,,0
1029,'1838',628,,34957,51,,,0,100,,34958,51,,,0,100,,34959,51,,,0,100,,34960,51,,,0,100,,34961,51,,,0,100,,34962,51,,,0,100,,34963,51,,,0,100,,34964,51,,,0,100,,34965,51,,,0,100,,34966,51,,,0,100,,34967,51,,,0,100,,34968,51,,,0,100,,34969,51,,,0,100,,34970,51,,,0,100,,34971,51,,,0,100,,34972,51,,,0,100,,34973,51,,,0,95,,34974,51,,,0
1029,'1850',628,,28555,51,,,0,30,,28556,51,,,0,70,,28576,51,,,0,30,,28552,51,,,0,71,,28547,51,,,0,30,,28580,51,,,0,69,,28550,51,,,0,30,,28557,51,,,0,71,,28575,51,,,0,30,,28554,51,,,0,70,,28546,51,,,0,30,,28579,51,,,0,70,,28551,51,,,0,30,,28558,51,,,0,70,,28574,51,,,0,30,,28553,51,,,0,70,,28548,51,,,0,71,,28577,51,,,0,30,,28549,51,,,0,70,,28559,51,,,0,30,,28573,51,,,0,70,,28562,51,,,0,30,,28561,51,,,0,28,,28560,51,,,0,70,,28566,51,,,0,30,,28565,51,,,0,70,,28564,51,,,0,30,,28563,51,,,0,70,,28578,51,,,0,30,,28572,51,,,0,70,,28571,51,,,0,30,,28570,51,,,0,70,,28569,51,,,0,30,,28568,51,,,0,65,,28567,51,,,0
1029,'1859',628,,28498,51,,,0,30,,28510,51,,,0,70,,28517,51,,,0,30,,28505,51,,,0,70,,28526,51,,,0,30,,28514,51,,,0,69,,28497,51,,,0,31,,28509,51,,,0,70,,28520,51,,,0,30,,28504,51,,,0,70,,28527,51,,,0,30,,28513,51,,,0,70,,28496,51,,,0,30,,28508,51,,,0,70,,28519,51,,,0,30,,28503,51,,,0,70,,28499,51,,,0,30,,28512,51,,,0,70,,28495,51,,,0,30,,28507,51,,,0,70,,28515,51,,,0,30,,28502,51,,,0,70,,28524,51,,,0,30,,28511,51,,,0,70,,28494,51,,,0,30,,28506,51,,,0,70,,28518,51,,,0,30,,28500,51,,,0,70,,28522,51,,,0,30,,28521,51,,,0,70,,28493,51,,,0,30,,28501,51,,,0,70,,28516,51,,,0,30,,28525,51,,,0,65,,28523,51,,,0
1029,'1861',628,,28528,51,,,0,100,,28529,51,,,0,100,,28530,51,,,0,100,,28531,51,,,0,100,,28532,51,,,0,100,,28533,51,,,0,100,,28534,51,,,0,100,,28535,51,,,0,100,,28536,51,,,0,100,,28537,51,,,0,100,,28538,51,,,0,100,,28539,51,,,0,100,,28540,51,,,0,100,,28541,51,,,0,100,,28542,51,,,0,100,,28543,51,,,0,100,,28544,51,,,0,95,,28545,51,,,0
1029,'1864',628,,34984,51,,,0,30,,28591,51,,,0,70,,35004,51,,,0,30,,34981,51,,,0,71,,34976,51,,,0,30,,35008,51,,,0,69,,34979,51,,,0,30,,34985,51,,,0,71,,35003,51,,,0,30,,34983,51,,,0,70,,34975,51,,,0,30,,35007,51,,,0,70,,34980,51,,,0,30,,34986,51,,,0,70,,35002,51,,,0,30,,34982,51,,,0,70,,34977,51,,,0,71,,35005,51,,,0,30,,34978,51,,,0,70,,34987,51,,,0,30,,35001,51,,,0,70,,34990,51,,,0,30,,34989,51,,,0,28,,34988,51,,,0,70,,34994,51,,,0,30,,34993,51,,,0,70,,34992,51,,,0,30,,34991,51,,,0,70,,35006,51,,,0,30,,35000,51,,,0,70,,34999,51,,,0,30,,34998,51,,,0,70,,34997,51,,,0,30,,34996,51,,,0,65,,34995,51,,,0
1029,'1865',628,,35018,51,,,0,30,,35019,51,,,0,70,,35039,51,,,0,30,,35015,51,,,0,71,,35010,51,,,0,30,,35043,51,,,0,69,,35013,51,,,0,30,,35020,51,,,0,71,,35038,51,,,0,30,,35017,51,,,0,70,,35009,51,,,0,30,,35042,51,,,0,70,,35014,51,,,0,30,,35021,51,,,0,70,,35037,51,,,0,30,,35016,51,,,0,70,,35011,51,,,0,71,,35040,51,,,0,30,,35012,51,,,0,70,,35022,51,,,0,30,,35036,51,,,0,70,,35025,51,,,0,30,,35024,51,,,0,28,,35023,51,,,0,70,,35029,51,,,0,30,,35028,51,,,0,70,,35027,51,,,0,30,,35026,51,,,0,70,,35041,51,,,0,30,,35035,51,,,0,70,,35034,51,,,0,30,,35033,51,,,0,70,,35032,51,,,0,30,,35031,51,,,0,65,,35030,51,,,0
1029,'1866',628,,35049,51,,,0,30,,35061,51,,,0,70,,35068,51,,,0,30,,35056,51,,,0,70,,35077,51,,,0,30,,35065,51,,,0,69,,35048,51,,,0,31,,35060,51,,,0,70,,35071,51,,,0,30,,35055,51,,,0,70,,35078,51,,,0,30,,35064,51,,,0,70,,35047,51,,,0,30,,35059,51,,,0,70,,35070,51,,,0,30,,35054,51,,,0,70,,35050,51,,,0,30,,35063,51,,,0,70,,35046,51,,,0,30,,35058,51,,,0,70,,35066,51,,,0,30,,35053,51,,,0,70,,35075,51,,,0,30,,35062,51,,,0,70,,35045,51,,,0,30,,35057,51,,,0,70,,35069,51,,,0,30,,35051,51,,,0,70,,35073,51,,,0,30,,35072,51,,,0,70,,35044,51,,,0,30,,35052,51,,,0,70,,35067,51,,,0,30,,35076,51,,,0,65,,35074,51,,,0
1029,'1867',628,,35079,51,,,0,100,,35080,51,,,0,100,,35081,51,,,0,100,,35082,51,,,0,100,,35083,51,,,0,100,,35084,51,,,0,100,,35085,51,,,0,100,,35086,51,,,0,100,,35087,51,,,0,100,,35088,51,,,0,100,,35089,51,,,0,100,,35090,51,,,0,100,,35091,51,,,0,100,,35092,51,,,0,100,,35093,51,,,0,100,,35094,51,,,0,100,,35095,51,,,0,95,,35096,51,,,0
2029,'1800',643,,19696,48,,,0,70,,19704,48,,,0,30,,19715,48,,,0,70,,19710,48,,,0,30,,19697,48,,,0,70,,19705,48,,,0,30,,19716,48,,,0,70,,19711,48,,,0,30,,19698,48,,,0,70,,19706,48,,,0,30,,19717,48,,,0,70,,19712,48,,,0,30,,19699,48,,,0,70,,19707,48,,,0,30,,19718,48,,,0,70,,19713,48,,,0,30,,19700,48,,,0,70,,19708,48,,,0,30,,19719,48,,,0,70,,19714,48,,,0,30,,19701,48,,,0,70,,19709,48,,,0,30,,19720,48,,,0,100,,19702,48,,,0,100,,19721,48,,,0,100,,19703,48,,,0,100,,19722,48,,,0,100,,19695,48,,,0
2029,'1838',643,,35220,48,,,0,70,,35228,48,,,0,30,,35239,48,,,0,70,,35234,48,,,0,30,,35221,48,,,0,70,,35229,48,,,0,30,,35240,48,,,0,70,,35235,48,,,0,30,,35222,48,,,0,70,,35230,48,,,0,30,,35241,48,,,0,70,,35236,48,,,0,30,,35223,48,,,0,70,,35231,48,,,0,30,,35242,48,,,0,70,,35237,48,,,0,30,,35224,48,,,0,70,,35232,48,,,0,30,,35243,48,,,0,70,,35238,48,,,0,30,,35225,48,,,0,70,,35233,48,,,0,30,,35244,48,,,0,100,,35226,48,,,0,100,,35245,48,,,0,100,,35227,48,,,0,100,,35246,48,,,0,100,,35219,48,,,0
2029,'1850',546,,28675,33,,,0,67,,28649,48,,,0,30,,28650,48,,,0,70,,28651,48,,,0,30,,28652,48,,,0,70,,28653,48,,,0,30,,28654,48,,,0,70,,28655,48,,,0,30,,28656,48,,,0,70,,28657,48,,,0,30,,28658,48,,,0,70,,28659,48,,,0,30,,28660,48,,,0,70,,28661,48,,,0,30,,28662,48,,,0,70,,28663,48,,,0,30,,28664,48,,,0,70,,28665,48,,,0,30,,28666,48,,,0,70,,28667,48,,,0,30,,28668,48,,,0,70,,28669,48,,,0,30,,28670,48,,,0,70,,28671,48,,,0,31,,28672,48,,,0,69,,28673,48,,,0,30,,28674,48,,,0,70,,28678,48,,,0,30,,28679,48,,,0,100,,28680,48,,,0,100,,28681,48,,,0,100,,28677,48,,,0
2029,'1857',546,,19588,33,,,0,67,,19562,48,,,0,30,,19563,48,,,0,70,,19564,48,,,0,30,,19565,48,,,0,70,,19566,48,,,0,30,,19567,48,,,0,70,,19568,48,,,0,30,,19569,48,,,0,70,,19570,48,,,0,30,,19571,48,,,0,70,,19572,48,,,0,30,,19573,48,,,0,70,,19574,48,,,0,30,,19575,48,,,0,70,,19576,48,,,0,30,,19577,48,,,0,70,,19578,48,,,0,30,,19579,48,,,0,70,,19580,48,,,0,30,,19581,48,,,0,70,,19582,48,,,0,30,,19583,48,,,0,70,,19584,48,,,0,31,,19585,48,,,0,69,,19586,48,,,0,30,,19587,48,,,0,70,,19591,48,,,0,30,,19592,48,,,0,100,,19593,48,,,0,100,,19594,48,,,0,100,,19590,48,,,0
2029,'1859',613,,19628,48,0,5 2 15 16 17,0,30,,19611,48,,,0,70,,19618,48,,,0,30,,19597,48,,,0,70,,19603,48,,,0,30,,19612,48,,,0,70,,19619,48,,,0,30,,19598,48,,,0,70,,19604,48,,,0,30,,19613,48,,,0,70,,19620,48,,,0,30,,19599,48,,,0,70,,19605,48,,,0,30,,19614,48,,,0,70,,19621,48,,,0,30,,19600,48,,,0,70,,19606,48,,,0,30,,19615,48,,,0,70,,19622,48,,,0,30,,19601,48,,,0,70,,19607,48,,,0,30,,19616,48,,,0,70,,19623,48,,,0,30,,19602,48,,,0,70,,19608,48,,,0,30,,19617,48,,,0,70,,19624,48,,,0,30,,19609,48,,,0,100,,19625,48,,,0,100,,19610,48,,,0,100,,19626,48,,,0
2029,'1861',643,,19632,48,,,0,70,,19640,48,,,0,30,,19651,48,,,0,70,,19646,48,,,0,30,,19633,48,,,0,70,,19641,48,,,0,30,,19652,48,,,0,70,,19647,48,,,0,30,,19634,48,,,0,70,,19642,48,,,0,30,,19653,48,,,0,70,,19648,48,,,0,30,,19635,48,,,0,70,,19643,48,,,0,30,,19654,48,,,0,70,,19649,48,,,0,30,,19636,48,,,0,70,,19644,48,,,0,30,,19655,48,,,0,70,,19650,48,,,0,30,,19637,48,,,0,70,,19645,48,,,0,30,,19656,48,,,0,100,,19638,48,,,0,100,,19657,48,,,0,100,,19639,48,,,0,100,,19658,48,,,0,100,,19631,48,,,0
2029,'1865',546,,35277,33,,,0,67,,35251,48,,,0,30,,35252,48,,,0,70,,35253,48,,,0,30,,35254,48,,,0,70,,35255,48,,,0,30,,35256,48,,,0,70,,35257,48,,,0,30,,35258,48,,,0,70,,35259,48,,,0,30,,35260,48,,,0,70,,35261,48,,,0,30,,35262,48,,,0,70,,35263,48,,,0,30,,35264,48,,,0,70,,35265,48,,,0,30,,35266,48,,,0,70,,35267,48,,,0,30,,35268,48,,,0,70,,35269,48,,,0,30,,35270,48,,,0,70,,35271,48,,,0,30,,35272,48,,,0,70,,35273,48,,,0,31,,35274,48,,,0,69,,35275,48,,,0,30,,35276,48,,,0,70,,35280,48,,,0,30,,35281,48,,,0,100,,35282,48,,,0,100,,35283,48,,,0,100,,35279,48,,,0
2029,'1866',613,,35317,48,0,5 2 15 16 17,0,30,,35300,48,,,0,70,,35307,48,,,0,30,,35286,48,,,0,70,,35292,48,,,0,30,,35301,48,,,0,70,,35308,48,,,0,30,,35287,48,,,0,70,,35293,48,,,0,30,,35302,48,,,0,70,,35309,48,,,0,30,,35288,48,,,0,70,,35294,48,,,0,30,,35303,48,,,0,70,,35310,48,,,0,30,,35289,48,,,0,70,,35295,48,,,0,30,,35304,48,,,0,70,,35311,48,,,0,30,,35290,48,,,0,70,,35296,48,,,0,30,,35305,48,,,0,70,,35312,48,,,0,30,,35291,48,,,0,70,,35297,48,,,0,30,,35306,48,,,0,70,,35313,48,,,0,30,,35298,48,,,0,100,,35314,48,,,0,100,,35299,48,,,0,100,,35315,48,,,0
2029,'1867',643,,35321,48,,,0,70,,35329,48,,,0,30,,35340,48,,,0,70,,35335,48,,,0,30,,35322,48,,,0,70,,35330,48,,,0,30,,35341,48,,,0,70,,35336,48,,,0,30,,35323,48,,,0,70,,35331,48,,,0,30,,35342,48,,,0,70,,35337,48,,,0,30,,35324,48,,,0,70,,35332,48,,,0,30,,35343,48,,,0,70,,35338,48,,,0,30,,35325,48,,,0,70,,35333,48,,,0,30,,35344,48,,,0,70,,35339,48,,,0,30,,35326,48,,,0,70,,35334,48,,,0,30,,35345,48,,,0,100,,35327,48,,,0,100,,35346,48,,,0,100,,35328,48,,,0,100,,35347,48,,,0,100,,35320,48,,,0
6029,'1850',635,,29242,26,,,0,71,,29243,26,,,0,33,,29244,26,,,0,70,,29245,26,,,0,30,,29246,26,,,0,70,,29247,26,,,0,28,,29248,26,,,0,70,,29249,26,,,0,30,,29250,26,,,0,70,,29251,26,,,0,30,,29252,26,,,0,70,,29253,26,,,0,30,,29254,26,,,0,70,,29255,26,,,0,30,,29256,26,,,0,70,,29257,26,,,0,30,,29258,26,,,0,73,,29259,26,,,0,30,,29260,26,,,0,70,,29261,26,,,0,30,,29262,26,,,0,70,,29263,26,,,0,29,,29264,26,,,0,67,,29265,26,,,0,30,,29266,26,,,0,70,,29267,26,,,0,50,,29239,26,,,0,98,,29241,26,,,0,100,,29238,26,,,0,100,,29240,26,,,0
6029,'1859',629,,29198,26,,,0,30,,29200,26,,,0,65,,29216,26,,,0,30,,29224,26,,,0,70,,29199,26,,,0,100,,29217,26,,,0,30,,29225,26,,,0,72,,29209,26,,,0,30,,29222,26,,,0,70,,29208,26,,,0,30,,29214,26,,,0,70,,29207,26,,,0,30,,29221,26,,,0,70,,29206,26,,,0,30,,29213,26,,,0,70,,29205,26,,,0,30,,29220,26,,,0,70,,29204,26,,,0,30,,29212,26,,,0,70,,29203,26,,,0,30,,29219,26,,,0,70,,29202,26,,,0,30,,29211,26,,,0,70,,29201,26,,,0,30,,29218,26,,,0
6029,'1862',854,,35834,26,,,0
6029,'1864',635,,29272,26,,,0,71,,35842,26,,,0,33,,29274,26,,,0,70,,29275,26,,,0,30,,35843,26,,,0,70,,35844,26,,,0,28,,35845,26,,,0,70,,35846,26,,,0,30,,35847,26,,,0,70,,35848,26,,,0,30,,35849,26,,,0,70,,35850,26,,,0,30,,35851,26,,,0,70,,35852,26,,,0,30,,35853,26,,,0,70,,35854,26,,,0,30,,35855,26,,,0,73,,35856,26,,,0,30,,35857,26,,,0,70,,35858,26,,,0,30,,35859,26,,,0,70,,35860,26,,,0,29,,35861,26,,,0,67,,35862,26,,,0,30,,35863,26,,,0,70,,35864,26,,,0,50,,35840,26,,,0,98,,29271,26,,,0,100,,35839,26,,,0,100,,35841,26,,,0
6029,'1865',635,,35869,26,,,0,71,,35870,26,,,0,33,,35871,26,,,0,70,,35872,26,,,0,30,,35873,26,,,0,70,,35874,26,,,0,28,,35875,26,,,0,70,,35876,26,,,0,30,,35877,26,,,0,70,,35878,26,,,0,30,,35879,26,,,0,70,,35880,26,,,0,30,,35881,26,,,0,70,,35882,26,,,0,30,,35883,26,,,0,70,,35884,26,,,0,30,,35885,26,,,0,73,,35886,26,,,0,30,,35887,26,,,0,70,,35888,26,,,0,30,,35889,26,,,0,70,,35890,26,,,0,29,,35891,26,,,0,67,,35892,26,,,0,30,,35893,26,,,0,70,,35894,26,,,0,50,,35866,26,,,0,98,,35868,26,,,0,100,,35865,26,,,0,100,,35867,26,,,0
6029,'1866',629,,35896,26,,,0,30,,35898,26,,,0,65,,35914,26,,,0,30,,35922,26,,,0,70,,35897,26,,,0,30,,35908,26,,,0,70,,35915,26,,,0,30,,35923,26,,,0,72,,35907,26,,,0,30,,35920,26,,,0,70,,35906,26,,,0,30,,35912,26,,,0,70,,35905,26,,,0,30,,35919,26,,,0,70,,35904,26,,,0,30,,35911,26,,,0,70,,35903,26,,,0,30,,35918,26,,,0,70,,35902,26,,,0,30,,35910,26,,,0,70,,35901,26,,,0,30,,35917,26,,,0,70,,35900,26,,,0,30,,35909,26,,,0,70,,35899,26,,,0,30,,35916,26,,,0
14000001029,'1800',550,,42000,32,0,18 7,0,1854,,41998,32,,,0,30,,24949,32,,,0,70,,34783,32,,,0,30,,41999,32,,,0,70,,24948,32,,,0,30,,34781,32,,,0
14000001029,'1838',550,,42007,32,0,18 7,0,1854,,42001,32,,,0,30,,42005,32,,,0,70,,42006,32,,,0,30,,42003,32,,,0,70,,42004,32,,,0,30,,42002,32,,,0
14000001029,'1850',450,,34800,32,0,18 7,0,102,,34801,32,0,18 7,0,1852,,34803,32,,,0,30,,34804,32,,,0,70,,34807,32,,,0,30,,34802,32,,,0,70,,34805,32,,,0,30,,34806,32,,,0
14000001029,'1857',2434,,24920,32,,,0,170,,24921,32,,,0
14000001029,'1859',550,,34793,32,0,18 7,0,1854,,34794,32,,,0,30,,24925,32,,,0,70,,34790,32,,,0,30,,34791,32,,,0,70,,24929,32,,,0,30,,34792,32,,,0
14000001029,'1861',2434,,24935,32,,,0,70,,34798,32,,,0,100,,24934,32,,,0,30,,34796,32,,,0
14000001029,'1863',550,,42010,32,0,18 7,0,1854,,42008,32,,,0,130,,42009,32,,,0
14000001029,'1864',450,,34808,32,0,18 7,0,102,,42011,32,0,18 7,0,1852,,42013,32,,,0,100,,42015,32,,,0,30,,42012,32,,,0,100,,42014,32,,,0
14000001029,'1865',450,,42016,32,0,18 7,0,102,,42017,32,0,18 7,0,1852,,42019,32,,,0,30,,42020,32,,,0,70,,42023,32,,,0,30,,42018,32,,,0,70,,42021,32,,,0,30,,42022,32,,,0
14000001029,'1866',550,,42028,32,0,18 7,0,1854,,42030,32,,,0,30,,42025,32,,,0,70,,42024,32,,,0,30,,42026,32,,,0,70,,42029,32,,,0,30,,42027,32,,,0
14000001029,'1867',550,,42037,32,0,18 7,0,1854,,42031,32,,,0,30,,42035,32,,,0,70,,42036,32,,,0,30,,42033,32,,,0,70,,42034,32,,,0,30,,42032,32,,,0
