1019,'1796',552,,19171,28,,,0,70,,19194,28,,,0,30,,19169,28,,,0,70,,19164,28,,,0,31,,19183,28,,,0,71,,19166,28,,,0,30,,19172,28,,,0,70,,19197,28,,,0,30,,19168,28,,,0,70,,19162,28,,,0,31,,19182,28,,,0,70,,19167,28,,,0,30,,19173,28,,,0,70,,19193,28,,,0,30,,19170,28,,,0,70,,19163,28,,,0,30,,19195,28,,,0,71,,19165,28,,,0,30,,19174,28,,,0,70,,19192,28,,,0,29,,19185,28,,,0,70,,19177,28,,,0,30,,19175,28,,,0,69,,19178,28,,,0,30,,19180,28,,,0,70,,19179,28,,,0,29,,19176,28,,,0,70,,19196,28,,,0,30,,19190,28,,,0,70,,19191,28,,,0,30,,19189,28,,,0,69,,19188,28,,,0,34,,19187,28,,,0,70,,19186,28,,,0,30,,19184,28,,,0,65,,19181,28,,,0
1019,'1797',551,,19209,28,,,0,70,,19223,28,,,0,30,,19208,28,,,0,70,,19228,28,,,0,31,,19218,28,,,0,70,,19202,28,,,0,30,,19224,28,,,0,70,,19226,28,,,0,30,,19207,28,,,0,70,,19229,28,,,0,31,,19217,28,,,0,70,,19201,28,,,0,30,,19212,28,,,0,70,,19222,28,,,0,30,,19206,28,,,0,70,,19230,28,,,0,30,,19216,28,,,0,70,,19200,28,,,0,30,,19211,28,,,0,70,,19221,28,,,0,30,,19205,28,,,0,70,,19231,28,,,0,30,,19215,28,,,0,70,,19199,28,,,0,30,,19210,28,,,0,70,,19220,28,,,0,30,,19203,28,,,0,69,,19232,28,,,0,30,,19213,28,,,0,70,,19198,28,,,0,30,,19204,28,,,0,70,,19219,28,,,0,34,,19214,28,,,0,70,,19233,28,,,0,30,,19227,28,,,0,65,,19225,28,,,0
1019,'1798',621,,19234,28,,,0,100,,19235,28,,,0,101,,19236,28,,,0,100,,19237,28,,,0,100,,19238,28,,,0,101,,19239,28,,,0,100,,19240,28,,,0,100,,19241,28,,,0,100,,19242,28,,,0,100,,19243,28,,,0,100,,19244,28,,,0,100,,19245,28,,,0,100,,19246,28,,,0,99,,19247,28,,,0,100,,19248,28,,,0,100,,19249,28,,,0,104,,19250,28,,,0,95,,19251,28,,,0
1019,'1799',621,,19252,28,,,0,100,,19253,28,,,0,101,,19254,28,,,0,100,,19255,28,,,0,100,,19256,28,,,0,101,,19257,28,,,0,100,,19258,28,,,0,100,,19259,28,,,0,100,,19260,28,,,0,100,,19261,28,,,0,100,,19262,28,,,0,100,,19263,28,,,0,100,,19264,28,,,0,99,,19265,28,,,0,100,,19266,28,,,0,100,,19267,28,,,0,104,,19268,28,,,0,95,,19269,28,,,0
1019,'1800',621,,19270,28,,,0,100,,19271,28,,,0,101,,19272,28,,,0,100,,19273,28,,,0,100,,19274,28,,,0,101,,19275,28,,,0,100,,19276,28,,,0,100,,19277,28,,,0,100,,19278,28,,,0,100,,19279,28,,,0,100,,19280,28,,,0,100,,19281,28,,,0,100,,19282,28,,,0,99,,19283,28,,,0,100,,19284,28,,,0,100,,19285,28,,,0,104,,19286,28,,,0,95,,19287,28,,,0
1019,'1817',621,,16535,28,,,0,100,,16536,28,,,0,101,,16537,28,,,0,100,,16538,28,,,0,100,,16539,28,,,0,101,,16540,28,,,0,100,,16541,28,,,0,100,,16542,28,,,0,100,,16543,28,,,0,100,,16544,28,,,0,100,,16545,28,,,0,100,,16546,28,,,0,100,,16547,28,,,0,99,,16548,28,,,0,100,,16549,28,,,0,100,,16550,28,,,0,104,,16551,28,,,0,95,,16552,28,,,0
1019,'1824',551,,16600,28,,,0,70,,16614,28,,,0,30,,16599,28,,,0,70,,16619,28,,,0,31,,16609,28,,,0,70,,16593,28,,,0,30,,16615,28,,,0,70,,16617,28,,,0,30,,16598,28,,,0,70,,16620,28,,,0,31,,16608,28,,,0,70,,16592,28,,,0,30,,16603,28,,,0,70,,16613,28,,,0,30,,16597,28,,,0,70,,16621,28,,,0,30,,16607,28,,,0,70,,16591,28,,,0,30,,16602,28,,,0,70,,16612,28,,,0,30,,16596,28,,,0,70,,16622,28,,,0,30,,16606,28,,,0,70,,16590,28,,,0,30,,16601,28,,,0,70,,16611,28,,,0,30,,16594,28,,,0,69,,16623,28,,,0,30,,16604,28,,,0,70,,16589,28,,,0,30,,16595,28,,,0,70,,16610,28,,,0,34,,16605,28,,,0,70,,16624,28,,,0,30,,16618,28,,,0,65,,16616,28,,,0
802019,'1796',610,,24662,5,,,0,45,,24659,5,,,0,70,,24657,5,,,0,20,,24661,5,,,0,60,,24627,5,,,0,30,,24656,5,,,0,70,,24628,5,,,0,30,,24629,5,,,0,70,,24630,5,,,0,30,,24631,5,,,0,70,,24632,5,,,0,30,,24633,5,,,0,70,,24634,5,,,0,30,,24635,5,,,0,70,,24636,5,,,0,30,,24637,5,,,0,70,,24638,5,,,0,31,,24639,5,,,0,70,,24640,5,,,0,20,,24641,5,,,0,20,,24642,5,,,0,60,,24658,5,,,0,20,,24643,5,,,0,20,,24644,5,,,0,60,,24645,5,,,0,20,,24646,5,,,0,19,,24660,5,,,0,60,,24647,5,,,0,20,,24648,5,,,0,20,,24649,5,,,0,60,,24650,5,,,0,30,,24651,5,,,0,70,,24652,5,,,0,25,,24653,5,,,0,70,,24654,5,,,0,30,,24655,5,,,0
802019,'1797',835,,24689,5,,,0,71,,24684,5,,,0,30,,24685,5,,,0,70,,24686,5,,,0,30,,24674,5,,,0,70,,24667,5,,,0,30,,24680,5,,,0,70,,24673,5,,,0,30,,24666,5,,,0,70,,24679,5,,,0,30,,24671,5,,,0,70,,24668,5,,,0,30,,24678,5,,,0,70,,24672,5,,,0,30,,24664,5,,,0,70,,24677,5,,,0,30,,24670,5,,,0,70,,24665,5,,,0,30,,24676,5,,,0,70,,24669,5,,,0,30,,24663,5,,,0,70,,24675,5,,,0,30,,24681,5,,,0,70,,24682,5,,,0,30,,24683,5,,,0,70,,24688,5,,,0,30,,24687,5,,,0
802019,'1798',835,,24691,5,,,0,71,,24703,5,,,0,30,,24704,5,,,0,70,,24692,5,,,0,30,,24697,5,,,0,70,,24701,5,,,0,30,,24708,5,,,0,70,,24712,5,,,0,30,,24700,5,,,0,70,,24702,5,,,0,30,,24713,5,,,0,70,,24707,5,,,0,30,,24696,5,,,0,70,,24711,5,,,0,30,,24706,5,,,0,70,,24694,5,,,0,30,,24710,5,,,0,70,,24690,5,,,0,30,,24709,5,,,0,70,,24716,5,,,0,30,,24705,5,,,0,70,,24695,5,,,0,30,,24714,5,,,0,70,,24698,5,,,0,30,,24693,5,,,0,70,,24715,5,,,0,30,,24699,5,,,0
802019,'1799',835,,24718,5,,,0,71,,24730,5,,,0,30,,24731,5,,,0,70,,24719,5,,,0,30,,24724,5,,,0,70,,24728,5,,,0,30,,24735,5,,,0,70,,24739,5,,,0,30,,24727,5,,,0,70,,24729,5,,,0,30,,24740,5,,,0,70,,24734,5,,,0,30,,24723,5,,,0,70,,24738,5,,,0,30,,24733,5,,,0,70,,24721,5,,,0,30,,24737,5,,,0,70,,24717,5,,,0,30,,24736,5,,,0,70,,24743,5,,,0,30,,24732,5,,,0,70,,24722,5,,,0,30,,24741,5,,,0,70,,24725,5,,,0,30,,24720,5,,,0,70,,24742,5,,,0,30,,24726,5,,,0
802019,'1800',835,,24745,5,,,0,71,,24757,5,,,0,30,,24758,5,,,0,70,,24746,5,,,0,30,,24751,5,,,0,70,,24755,5,,,0,30,,24762,5,,,0,70,,24766,5,,,0,30,,24754,5,,,0,70,,24756,5,,,0,30,,24767,5,,,0,70,,24761,5,,,0,30,,24750,5,,,0,70,,24765,5,,,0,30,,24760,5,,,0,70,,24748,5,,,0,30,,24764,5,,,0,70,,24744,5,,,0,30,,24763,5,,,0,70,,24770,5,,,0,30,,24759,5,,,0,70,,24749,5,,,0,30,,24768,5,,,0,70,,24752,5,,,0,30,,24747,5,,,0,70,,24769,5,,,0,30,,24753,5,,,0
802019,'1816',835,,13596,5,,,0,101,,13592,5,,,0,70,,13593,5,,,0,100,,13574,5,,,0,30,,13587,5,,,0,100,,13573,5,,,0,70,,13586,5,,,0,100,,13575,5,,,0,30,,13585,5,,,0,100,,13571,5,,,0,70,,13584,5,,,0,100,,13572,5,,,0,30,,13583,5,,,0,100,,13570,5,,,0,70,,13582,5,,,0,100,,13589,5,,,0,30,,13590,5,,,0,100,,13594,5,,,0
802019,'1817',835,,13508,5,,,0,71,,13520,5,,,0,30,,19040,5,,,0,70,,13509,5,,,0,30,,13514,5,,,0,70,,13518,5,,,0,30,,13525,5,,,0,70,,13529,5,,,0,30,,13517,5,,,0,70,,13519,5,,,0,30,,13530,5,,,0,70,,13524,5,,,0,30,,13513,5,,,0,70,,13528,5,,,0,30,,13523,5,,,0,70,,13511,5,,,0,30,,13527,5,,,0,70,,13507,5,,,0,30,,13526,5,,,0,70,,13533,5,,,0,30,,13522,5,,,0,70,,13512,5,,,0,30,,13531,5,,,0,70,,13515,5,,,0,30,,13510,5,,,0,70,,13532,5,,,0,30,,13516,5,,,0
802019,'1824',906,,19076,5,,,0,130,,19074,5,,,0,170,,19073,5,,,0,130,,19071,5,,,0,170,,19072,5,,,0,130,,19070,5,,,0,170,,19069,5,,,0,130,,19075,5,,,0,170,,19077,5,,,0
