15019,'1838',714,,45028,13,,,0,100,,36883,13,,,0,100,,36886,13,,,0,100,,45027,13,,,0,100,,36881,13,,,0,100,,36879,13,,,0,101,,45026,13,,,0,100,,36880,13,,,0,100,,36877,13,,,0,99,,45025,13,,,0,100,,36875,13,,,0,100,,36876,13,,,0,100,,45024,13,,,0,100,,36887,13,,,0
15019,'1865',639,,36905,13,,,0,70,,45029,13,,,0,32,,36907,13,,,0,70,,36908,13,,,0,28,,36909,13,,,0,70,,36910,13,,,0,30,,36911,13,,,0,70,,45030,13,,,0,30,,45031,13,,,0,70,,42569,13,,,0,30,,45032,13,,,0,70,,45033,13,,,0,30,,42570,13,,,0,70,,36918,13,,,0,30,,45034,13,,,0,70,,36920,13,,,0,31,,36921,13,,,0,70,,45035,13,,,0,30,,45036,13,,,0,70,,36924,13,,,0,30,,36925,13,,,0,70,,36926,13,,,0,29,,45037,13,,,0,70,,36928,13,,,0,30,,45038,13,,,0,70,,45039,13,,,0,30,,36931,13,,,0,100,,45040,13,,,0,99,,45041,13,,,0,100,,45042,13,0,5 2 6 7,0
15019,'1866',714,,36935,13,,,0,100,,45043,13,,,0,100,,36937,13,,,0,100,,36938,13,,,0,100,,45044,13,,,0,100,,36940,13,,,0,101,,36941,13,,,0,100,,45045,13,,,0,100,,36943,13,,,0,99,,36944,13,,,0,100,,45046,13,,,0,100,,36946,13,,,0,100,,36947,13,,,0,100,,45047,13,,,0
15019,'1867',714,,45053,13,,,0,100,,36959,13,,,0,100,,36962,13,,,0,100,,45052,13,,,0,100,,36957,13,,,0,100,,36955,13,,,0,101,,45051,13,,,0,100,,36956,13,,,0,100,,36953,13,,,0,99,,45050,13,,,0,100,,36951,13,,,0,100,,36952,13,,,0,100,,45049,13,,,0,100,,36963,13,,,0
15019,'1873',714,,30301,13,,,0,200,,30303,13,,,0,100,,30304,13,,,0,200,,30306,13,,,0,101,,30307,13,,,0,200,,30309,13,,,0,99,,30310,13,,,0,200,,30312,13,,,0,100,,30313,13,,,0
15019,'1878',814,,30325,13,,,0,100,,30328,13,,,0,200,,30323,13,,,0,100,,30321,13,,,0,201,,30322,13,,,0,100,,30319,13,,,0,199,,30317,13,,,0,100,,30318,13,,,0,200,,30329,13,,,0
15019,'1881',709,,36889,13,,,0,300,,36890,13,,,0,30,,36891,13,,,0,100,,36893,13,,,0,70,,36894,13,,,0,130,,36896,13,,,0,171,,36897,13,,,0,30,,36898,13,,,0,199,,30384,13,,,0,100,,36899,13,,,0,70,,42574,13,,,0,130,,36901,13,,,0,99,,36902,13,,,0,100,,36903,13,0,5 2 6 7,0
15019,'1882',639,,30362,13,,,0,102,,30364,13,,,0,70,,30365,13,,,0,28,,30366,13,,,0,70,,30367,13,,,0,30,,30368,13,,,0,170,,42572,13,,,0,130,,42573,13,,,0,70,,30375,13,,,0,100,,30377,13,,,0,31,,30378,13,,,0,170,,30381,13,,,0,30,,30382,13,,,0,70,,30383,13,,,0,99,,30385,13,,,0,130,,30388,13,,,0
15019,'1886',709,,45054,13,,,0,300,,45055,13,,,0,30,,45056,13,,,0,100,,45057,13,,,0,70,,45058,13,,,0,130,,45059,13,,,0,171,,45060,13,,,0,30,,45061,13,,,0,199,,45062,13,,,0,100,,45063,13,,,0,70,,45064,13,,,0,130,,45065,13,,,0,99,,45066,13,,,0,100,,45067,13,0,5 2 6 7,0
15019,'1887',814,,45068,13,,,0,300,,45069,13,,,0,301,,45070,13,,,0,299,,45071,13,,,0,300,,45072,13,,,0
15019,'1888',714,,45078,13,,,0,300,,45077,13,,,0,301,,45076,13,,,0,299,,45075,13,,,0,300,,45074,13,,,0
