15029,'1838',703,,36977,6,,,0,98,,45082,6,,,0,100,,36974,6,,,0,100,,36975,6,,,0,101,,45083,6,,,0,100,,36972,6,,,0,100,,36969,6,,,0,102,,45081,6,,,0,100,,36971,6,,,0,100,,36968,6,,,0,99,,45080,6,,,0,99,,36966,6,,,0,100,,36967,6,,,0,100,,45079,6,,,0
15029,'1865',628,,36995,6,,,0,29,,36996,6,,,0,70,,36997,6,,,0,31,,45086,6,,,0,76,,36999,6,,,0,70,,37000,6,,,0,25,,37001,6,,,0,30,,37002,6,,,0,70,,37003,6,,,0,30,,45087,6,,,0,70,,45088,6,,,0,30,,42575,6,,,0,70,,45089,6,,,0,30,,45090,6,,,0,70,,42576,6,,,0,30,,37010,6,,,0,70,,45091,6,,,0,75,,37012,6,,,0,32,,37013,6,,,0,70,,45092,6,,,0,29,,45093,6,,,0,67,,37016,6,,,0,29,,37017,6,,,0,69,,37018,6,,,0,27,,45094,6,,,0,30,,37020,6,,,0,70,,45095,6,,,0,30,,45096,6,,,0,70,,37023,6,,,0,100,,45098,6,,,0,97,,45097,6,,,0
15029,'1866',708,,37029,6,,,0,93,,37030,6,,,0,100,,45100,6,,,0,100,,37032,6,,,0,101,,37033,6,,,0,100,,45101,6,,,0,100,,37035,6,,,0,103,,37036,6,,,0,100,,45102,6,,,0,100,,37038,6,,,0,98,,37039,6,,,0,99,,45103,6,,,0,100,,37026,6,,,0,100,,37027,6,,,0
15029,'1867',703,,37054,6,,,0,98,,45107,6,,,0,100,,37051,6,,,0,100,,37052,6,,,0,101,,45108,6,,,0,100,,37049,6,,,0,100,,37046,6,,,0,102,,45106,6,,,0,100,,37048,6,,,0,100,,37045,6,,,0,99,,45105,6,,,0,99,,37043,6,,,0,100,,37044,6,,,0,100,,45104,6,,,0
15029,'1873',708,,30423,6,,,0,93,,30424,6,,,0,200,,30426,6,,,0,101,,30427,6,,,0,200,,30429,6,,,0,103,,30430,6,,,0,200,,30432,6,,,0,98,,30433,6,,,0,199,,30420,6,,,0,100,,30421,6,,,0
15029,'1878',703,,30448,6,,,0,198,,30445,6,,,0,100,,30446,6,,,0,201,,30443,6,,,0,100,,30440,6,,,0,202,,30442,6,,,0,100,,30439,6,,,0,198,,30437,6,,,0,100,,30438,6,,,0
15029,'1881',758,,36979,6,,,0,301,,36980,6,,,0,70,,36981,6,,,0,100,,36983,6,,,0,30,,36984,6,,,0,170,,36986,6,,,0,177,,36987,6,,,0,29,,36988,6,,,0,192,,30508,6,,,0,100,,36989,6,,,0,30,,42580,6,,,0,170,,36992,6,,,0,97,,36991,6,,,0
15029,'1882',628,,30484,6,,,0,29,,30485,6,,,0,70,,30486,6,,,0,107,,30488,6,,,0,70,,30489,6,,,0,25,,30490,6,,,0,30,,30491,6,,,0,70,,30492,6,,,0,130,,42578,6,,,0,170,,42579,6,,,0,30,,30499,6,,,0,145,,30501,6,,,0,32,,30502,6,,,0,166,,30505,6,,,0,29,,30506,6,,,0,69,,30507,6,,,0,57,,30509,6,,,0,170,,30512,6,,,0
15029,'1886',758,,45111,6,,,0,301,,45112,6,,,0,70,,45113,6,,,0,100,,45114,6,,,0,30,,45115,6,,,0,170,,45116,6,,,0,177,,45117,6,,,0,29,,45118,6,,,0,192,,45119,6,,,0,100,,45120,6,,,0,30,,45121,6,,,0,170,,45123,6,,,0,97,,45122,6,,,0
15029,'1887',901,,45125,6,,,0,301,,45126,6,,,0,303,,45127,6,,,0,297,,45128,6,,,0
15029,'1888',801,,45132,6,,,0,301,,45133,6,,,0,302,,45131,6,,,0,299,,45130,6,,,0,299,,45129,6,,,0
