2029,'1796',523,,19588,4,,,0,27,,19562,19,,,0,70,,19563,19,,,0,30,,19564,19,,,0,68,,19565,19,,,0,30,,19566,19,,,0,70,,19567,19,,,0,30,,19568,19,,,0,70,,19569,19,,,0,30,,19570,19,,,0,70,,19571,19,,,0,30,,19572,19,,,0,70,,19573,19,,,0,30,,19574,19,,,0,70,,19575,19,,,0,30,,19576,19,,,0,70,,19577,19,,,0,30,,19578,19,,,0,70,,19579,19,,,0,30,,19580,19,,,0,69,,19581,19,,,0,30,,19582,19,,,0,70,,19583,19,,,0,31,,19584,19,,,0,70,,19585,19,,,0,29,,19586,19,,,0,70,,19587,19,,,0,30,,19591,19,,,0,70,,19592,19,,,0,100,,19593,19,,,0,100,,19594,19,,,0,100,,19590,19,,,0
2029,'1797',550,,19628,19,0,5 2 15 16 17,0,70,,19611,19,,,0,30,,19618,19,,,0,68,,19597,19,,,0,30,,19603,19,,,0,70,,19612,19,,,0,30,,19619,19,,,0,70,,19598,19,,,0,30,,19604,19,,,0,70,,19613,19,,,0,30,,19620,19,,,0,70,,19599,19,,,0,30,,19605,19,,,0,70,,19614,19,,,0,30,,19621,19,,,0,70,,19600,19,,,0,30,,19606,19,,,0,70,,19615,19,,,0,30,,19622,19,,,0,70,,19601,19,,,0,30,,19607,19,,,0,70,,19616,19,,,0,30,,19623,19,,,0,70,,19602,19,,,0,30,,19608,19,,,0,70,,19617,19,,,0,30,,19624,19,,,0,69,,19609,19,,,0,100,,19625,19,,,0,100,,19610,19,,,0,100,,19626,19,,,0
2029,'1798',620,,19632,19,,,0,30,,19640,19,,,0,68,,19651,19,,,0,30,,19646,19,,,0,70,,19633,19,,,0,30,,19641,19,,,0,70,,19652,19,,,0,30,,19647,19,,,0,70,,19634,19,,,0,30,,19642,19,,,0,70,,19653,19,,,0,30,,19648,19,,,0,70,,19635,19,,,0,30,,19643,19,,,0,70,,19654,19,,,0,30,,19649,19,,,0,70,,19636,19,,,0,30,,19644,19,,,0,70,,19655,19,,,0,30,,19650,19,,,0,70,,19637,19,,,0,30,,19645,19,,,0,70,,19656,19,,,0,100,,19638,19,,,0,99,,19657,19,,,0,100,,19639,19,,,0,100,,19658,19,,,0,100,,19631,19,,,0
2029,'1799',620,,19664,19,,,0,30,,19672,19,,,0,68,,19683,19,,,0,30,,19678,19,,,0,70,,19665,19,,,0,30,,19673,19,,,0,70,,19684,19,,,0,30,,19679,19,,,0,70,,19666,19,,,0,30,,19674,19,,,0,70,,19685,19,,,0,30,,19680,19,,,0,70,,19667,19,,,0,30,,19675,19,,,0,70,,19686,19,,,0,30,,19681,19,,,0,70,,19668,19,,,0,30,,19676,19,,,0,70,,19687,19,,,0,30,,19682,19,,,0,70,,19669,19,,,0,30,,19677,19,,,0,70,,19688,19,,,0,100,,19670,19,,,0,99,,19689,19,,,0,100,,19671,19,,,0,100,,19690,19,,,0,100,,19663,19,,,0
2029,'1800',620,,19696,19,,,0,30,,19704,19,,,0,68,,19715,19,,,0,30,,19710,19,,,0,70,,19697,19,,,0,30,,19705,19,,,0,70,,19716,19,,,0,30,,19711,19,,,0,70,,19698,19,,,0,30,,19706,19,,,0,70,,19717,19,,,0,30,,19712,19,,,0,70,,19699,19,,,0,30,,19707,19,,,0,70,,19718,19,,,0,30,,19713,19,,,0,70,,19700,19,,,0,30,,19708,19,,,0,70,,19719,19,,,0,30,,19714,19,,,0,70,,19701,19,,,0,30,,19709,19,,,0,70,,19720,19,,,0,100,,19702,19,,,0,99,,19721,19,,,0,100,,19703,19,,,0,100,,19722,19,,,0,100,,19695,19,,,0
2029,'1816',550,,5908,19,0,5 2 15 16 17,0,70,,5891,19,,,0,30,,5898,19,,,0,68,,5877,19,,,0,30,,5883,19,,,0,70,,5892,19,,,0,30,,5899,19,,,0,70,,5878,19,,,0,30,,5884,19,,,0,70,,5893,19,,,0,30,,5900,19,,,0,70,,5879,19,,,0,30,,5885,19,,,0,70,,5894,19,,,0,30,,5901,19,,,0,70,,5880,19,,,0,30,,5886,19,,,0,70,,5895,19,,,0,30,,5902,19,,,0,70,,5881,19,,,0,30,,5887,19,,,0,70,,5896,19,,,0,30,,5903,19,,,0,70,,5882,19,,,0,30,,5888,19,,,0,70,,5897,19,,,0,30,,5904,19,,,0,69,,5889,19,,,0,100,,5905,19,,,0,100,,5890,19,,,0,100,,5906,19,,,0
2029,'1817',620,,9443,19,,,0,30,,9451,19,,,0,68,,9462,19,,,0,30,,9457,19,,,0,70,,9444,19,,,0,30,,9452,19,,,0,70,,9463,19,,,0,30,,9458,19,,,0,70,,9445,19,,,0,30,,9453,19,,,0,70,,9464,19,,,0,30,,9459,19,,,0,70,,9446,19,,,0,30,,9454,19,,,0,70,,9465,19,,,0,30,,9460,19,,,0,70,,9447,19,,,0,30,,9455,19,,,0,70,,9466,19,,,0,30,,9461,19,,,0,70,,9448,19,,,0,30,,9456,19,,,0,70,,9467,19,,,0,100,,9449,19,,,0,99,,9468,19,,,0,100,,9450,19,,,0,100,,9469,19,,,0,100,,9442,19,,,0
7029,'1796',514,,20399,15,,,0,103,,20400,15,,,0,28,,20401,15,,,0,72,,20402,15,,,0,30,,20403,15,,,0,70,,20404,15,,,0,30,,20405,15,,,0,70,,20406,15,,,0,30,,20407,15,,,0,70,,20408,15,,,0,30,,20409,15,,,0,70,,20410,15,,,0,30,,20411,15,,,0,70,,20395,15,,,0,30,,20396,15,,,0,70,,20397,15,,,0,31,,20394,15,,,0,70,,20393,15,,,0,31,,20398,15,,,0,69,,20412,15,,,0,30,,20413,15,,,0,70,,20414,15,,,0,29,,20415,15,,,0,70,,20416,15,,,0,30,,20417,15,,,0,70,,20418,15,,,0,30,,20419,15,,,0,70,,20420,15,,,0,30,,20421,15,,,0,69,,20422,15,,,0,101,,20423,15,,,0,100,,20424,15,,,0,100,,20425,15,,,0
7029,'1797',618,,20457,4,,,0,29,,20426,15,,,0,70,,20440,15,,,0,30,,20427,15,,,0,69,,20441,15,,,0,30,,20428,15,,,0,70,,20442,15,,,0,30,,20429,15,,,0,70,,20443,15,,,0,30,,20430,15,,,0,70,,20444,15,,,0,30,,20431,15,,,0,70,,20445,15,,,0,30,,20432,15,,,0,70,,20446,15,,,0,30,,20433,15,,,0,71,,20447,15,,,0,30,,20434,15,,,0,70,,20448,15,,,0,30,,20435,15,,,0,69,,20449,15,,,0,30,,20436,15,,,0,70,,20450,15,,,0,30,,20437,15,,,0,70,,20451,15,,,0,30,,20438,15,,,0,70,,20452,15,,,0,30,,20439,15,,,0,71,,20453,15,,,0,100,,20454,15,,,0,100,,20455,15,,,0,100,,20456,15,,,0
7029,'1798',717,,20460,15,,,0,99,,20461,15,,,0,100,,20462,15,,,0,100,,20463,15,,,0,100,,20464,15,,,0,100,,20465,15,,,0,100,,20466,15,,,0,101,,20467,15,,,0,100,,20468,15,,,0,99,,20469,15,,,0,100,,20470,15,,,0,100,,20471,15,,,0,100,,20472,15,,,0,101,,20473,15,,,0,100,,20459,15,,,0
7029,'1799',717,,20476,15,,,0,99,,20477,15,,,0,100,,20478,15,,,0,100,,20479,15,,,0,100,,20480,15,,,0,100,,20481,15,,,0,100,,20482,15,,,0,101,,20483,15,,,0,100,,20484,15,,,0,99,,20485,15,,,0,100,,20486,15,,,0,100,,20487,15,,,0,100,,20488,15,,,0,101,,20489,15,,,0,100,,20475,15,,,0
7029,'1800',717,,20492,15,,,0,99,,20493,15,,,0,100,,20494,15,,,0,100,,20495,15,,,0,100,,20496,15,,,0,100,,20497,15,,,0,100,,20498,15,,,0,101,,20499,15,,,0,100,,20500,15,,,0,99,,20501,15,,,0,100,,20502,15,,,0,100,,20503,15,,,0,100,,20504,15,,,0,101,,20505,15,,,0,100,,20491,15,,,0
7029,'1816',618,,10116,4,,,0,298,,10101,15,,,0,230,,10090,15,,,0,70,,10104,15,,,0,130,,10092,15,,,0,101,,10093,15,,,0,70,,10107,15,,,0,299,,10110,15,,,0,301,,10113,15,,,0,100,,10114,15,,,0,100,,10115,15,,,0
7029,'1817',717,,10035,15,,,0,99,,10036,15,,,0,100,,17091,15,,,0,100,,10038,15,,,0,100,,10039,15,,,0,100,,17092,15,,,0,100,,10041,15,,,0,101,,10042,15,,,0,100,,17093,15,,,0,99,,10044,15,,,0,100,,10045,15,,,0,100,,17094,15,,,0,100,,10047,15,,,0,101,,10048,15,,,0,100,,17090,15,,,0
7029,'1824',647,,17122,15,,,0,70,,17133,15,,,0,30,,17123,15,,,0,69,,17134,15,,,0,30,,17124,15,,,0,100,,17125,15,,,0,70,,17135,15,,,0,30,,17126,15,,,0,70,,17136,15,,,0,130,,17127,15,,,0,70,,17137,15,,,0,101,,17138,15,,,0,130,,17128,15,,,0,69,,17139,15,,,0,30,,17129,15,,,0,70,,17140,15,,,0,30,,17130,15,,,0,100,,17131,15,,,0,70,,17141,15,,,0,30,,17132,15,,,0,71,,17142,15,,,0
20002019,'1798',1003,,24809,4,,,0
20002019,'1799',1003,,24810,4,,,0
20002019,'1800',1003,,24811,4,,,0
20002019,'1817',1003,,19098,4,,,0
14000001029,'1796',430,,24916,4,0,18 7,0,102,,24917,4,0,18 7,0,1812,,24919,4,,,0,68,,24920,4,,,0,30,,24923,4,,,0,70,,24918,4,,,0,30,,24921,4,,,0,70,,24922,4,,,0
14000001029,'1797',532,,24928,4,0,18 7,0,1812,,24930,4,,,0,68,,24925,4,,,0,30,,24924,4,,,0,70,,24926,4,,,0,30,,24929,4,,,0,70,,24927,4,,,0
14000001029,'1798',532,,24937,4,0,18 7,0,1812,,24931,4,,,0,68,,24935,4,,,0,30,,24936,4,,,0,70,,24933,4,,,0,30,,24934,4,,,0,70,,24932,4,,,0
14000001029,'1799',532,,24944,4,0,18 7,0,1812,,24938,4,,,0,68,,24942,4,,,0,30,,24943,4,,,0,70,,24940,4,,,0,30,,24941,4,,,0,70,,24939,4,,,0
14000001029,'1800',532,,24951,4,0,18 7,0,1812,,24945,4,,,0,68,,24949,4,,,0,30,,24950,4,,,0,70,,24947,4,,,0,30,,24948,4,,,0,70,,24946,4,,,0
14000001029,'1816',2412,,9292,4,,,0,130,,9296,4,,,0
14000001029,'1817',532,,19150,4,0,18 7,0,1812,,19146,4,,,0,68,,13744,4,,,0,30,,19149,4,,,0,70,,19148,4,,,0,30,,13743,4,,,0,70,,19147,4,,,0
14000001029,'1824',532,,19160,4,0,18 7,0,1812,,19161,4,,,0,98,,19157,4,,,0,70,,19158,4,,,0,100,,19159,4,,,0
