15029,'1838',720,,36977,27,,,0,98,,45082,27,,,0,100,,36974,27,,,0,100,,36975,27,,,0,101,,45083,27,,,0,100,,36972,27,,,0,100,,36969,27,,,0,102,,45081,27,,,0,100,,36971,27,,,0,100,,36968,27,,,0,99,,45080,27,,,0,99,,36966,27,,,0,100,,36967,27,,,0,100,,45079,27,,,0
15029,'1865',646,,36995,27,,,0,69,,36996,27,,,0,33,,36997,27,,,0,71,,45086,27,,,0,33,,36999,27,,,0,70,,37000,27,,,0,25,,37001,27,,,0,70,,37002,27,,,0,30,,37003,27,,,0,70,,45087,27,,,0,30,,45088,27,,,0,70,,42575,27,,,0,30,,45089,27,,,0,70,,45090,27,,,0,30,,42576,27,,,0,70,,37010,27,,,0,32,,45091,27,,,0,75,,37012,27,,,0,32,,37013,27,,,0,70,,45092,27,,,0,29,,45093,27,,,0,64,,37016,27,,,0,29,,37017,27,,,0,69,,37018,27,,,0,27,,45094,27,,,0,70,,37020,27,,,0,30,,45095,27,,,0,70,,45096,27,,,0,30,,37023,27,,,0,100,,45098,27,,,0,97,,45097,27,,,0
15029,'1866',725,,37029,27,,,0,93,,37030,27,,,0,100,,45100,27,,,0,100,,37032,27,,,0,101,,37033,27,,,0,100,,45101,27,,,0,100,,37035,27,,,0,103,,37036,27,,,0,100,,45102,27,,,0,100,,37038,27,,,0,98,,37039,27,,,0,99,,45103,27,,,0,100,,37026,27,,,0,100,,37027,27,,,0
15029,'1867',720,,37054,27,,,0,98,,45107,27,,,0,100,,37051,27,,,0,100,,37052,27,,,0,101,,45108,27,,,0,100,,37049,27,,,0,100,,37046,27,,,0,102,,45106,27,,,0,100,,37048,27,,,0,100,,37045,27,,,0,99,,45105,27,,,0,99,,37043,27,,,0,100,,37044,27,,,0,100,,45104,27,,,0
15029,'1873',725,,30423,27,,,0,93,,30424,27,,,0,200,,30426,27,,,0,101,,30427,27,,,0,200,,30429,27,,,0,103,,30430,27,,,0,200,,30432,27,,,0,98,,30433,27,,,0,199,,30420,27,,,0,100,,30421,27,,,0
15029,'1878',720,,30448,27,,,0,198,,30445,27,,,0,100,,30446,27,,,0,201,,30443,27,,,0,100,,30440,27,,,0,202,,30442,27,,,0,100,,30439,27,,,0,198,,30437,27,,,0,100,,30438,27,,,0
15029,'1881',819,,36979,27,,,0,298,,36980,27,,,0,30,,36981,27,,,0,100,,36983,27,,,0,70,,36984,27,,,0,132,,36986,27,,,0,177,,36987,27,,,0,29,,36988,27,,,0,189,,30508,27,,,0,100,,36989,27,,,0,70,,42580,27,,,0,130,,36992,27,,,0,97,,36991,27,,,0
15029,'1882',646,,30484,27,,,0,69,,30485,27,,,0,33,,30486,27,,,0,104,,30488,27,,,0,70,,30489,27,,,0,25,,30490,27,,,0,70,,30491,27,,,0,30,,30492,27,,,0,170,,42578,27,,,0,130,,42579,27,,,0,70,,30499,27,,,0,107,,30501,27,,,0,32,,30502,27,,,0,163,,30505,27,,,0,29,,30506,27,,,0,69,,30507,27,,,0,97,,30509,27,,,0,130,,30512,27,,,0
15029,'1886',819,,45111,27,,,0,298,,45112,27,,,0,30,,45113,27,,,0,100,,45114,27,,,0,70,,45115,27,,,0,132,,45116,27,,,0,177,,45117,27,,,0,29,,45118,27,,,0,189,,45119,27,,,0,100,,45120,27,,,0,70,,45121,27,,,0,130,,45123,27,,,0,97,,45122,27,,,0
15029,'1887',918,,45125,27,,,0,301,,45126,27,,,0,303,,45127,27,,,0,297,,45128,27,,,0
15029,'1888',818,,45132,27,,,0,301,,45133,27,,,0,302,,45131,27,,,0,299,,45130,27,,,0,299,,45129,27,,,0
