15029,'1838',733,,36977,47,,,0,98,,45082,47,,,0,100,,36974,47,,,0,100,,36975,47,,,0,101,,45083,47,,,0,100,,36972,47,,,0,100,,36969,47,,,0,102,,45081,47,,,0,100,,36971,47,,,0,100,,36968,47,,,0,99,,45080,47,,,0,99,,36966,47,,,0,100,,36967,47,,,0,100,,45079,47,,,0
15029,'1865',608,,45084,7,,,0,20,,45085,7,,,0,31,,36995,47,,,0,70,,36996,47,,,0,74,,36997,47,,,0,31,,45086,47,,,0,73,,36999,47,,,0,30,,37000,47,,,0,65,,37001,47,,,0,30,,37002,47,,,0,70,,37003,47,,,0,30,,45087,47,,,0,70,,45088,47,,,0,30,,42575,47,,,0,70,,45089,47,,,0,30,,45090,47,,,0,70,,42576,47,,,0,30,,37010,47,,,0,73,,45091,47,,,0,35,,37012,47,,,0,72,,37013,47,,,0,30,,45092,47,,,0,67,,45093,47,,,0,23,,37016,47,,,0,69,,37017,47,,,0,29,,37018,47,,,0,27,,45094,47,,,0,70,,37020,47,,,0,30,,45095,47,,,0,70,,45096,47,,,0,30,,37023,47,,,0,100,,45098,47,,,0,97,,45097,47,,,0
15029,'1866',605,,45099,7,,,0,133,,37029,47,,,0,93,,37030,47,,,0,100,,45100,47,,,0,100,,37032,47,,,0,101,,37033,47,,,0,100,,45101,47,,,0,100,,37035,47,,,0,104,,37036,47,,,0,100,,45102,47,,,0,99,,37038,47,,,0,98,,37039,47,,,0,99,,45103,47,,,0,100,,37026,47,,,0,100,,37027,47,,,0
15029,'1867',733,,37054,47,,,0,98,,45107,47,,,0,100,,37051,47,,,0,100,,37052,47,,,0,101,,45108,47,,,0,100,,37049,47,,,0,100,,37046,47,,,0,102,,45106,47,,,0,100,,37048,47,,,0,100,,37045,47,,,0,99,,45105,47,,,0,99,,37043,47,,,0,100,,37044,47,,,0,100,,45104,47,,,0
15029,'1873',738,,30423,47,,,0,93,,30424,47,,,0,200,,30426,47,,,0,101,,30427,47,,,0,200,,30429,47,,,0,104,,30430,47,,,0,199,,30432,47,,,0,98,,30433,47,,,0,199,,30420,47,,,0,100,,30421,47,,,0
15029,'1878',733,,30448,47,,,0,198,,30445,47,,,0,100,,30446,47,,,0,201,,30443,47,,,0,100,,30440,47,,,0,202,,30442,47,,,0,100,,30439,47,,,0,198,,30437,47,,,0,100,,30438,47,,,0
15029,'1881',608,,30482,7,,,0,20,,36978,7,,,0,206,,36979,47,,,0,298,,36980,47,,,0,70,,36981,47,,,0,100,,36983,47,,,0,30,,36984,47,,,0,173,,36986,47,,,0,137,,36987,47,,,0,67,,36988,47,,,0,148,,30508,47,,,0,100,,36989,47,,,0,70,,42580,47,,,0,130,,36992,47,,,0,97,,36991,47,,,0
15029,'1882',659,,30484,47,,,0,70,,30485,47,,,0,74,,30486,47,,,0,104,,30488,47,,,0,30,,30489,47,,,0,65,,30490,47,,,0,30,,30491,47,,,0,70,,30492,47,,,0,130,,42578,47,,,0,170,,42579,47,,,0,30,,30499,47,,,0,108,,30501,47,,,0,72,,30502,47,,,0,120,,30505,47,,,0,69,,30506,47,,,0,29,,30507,47,,,0,97,,30509,47,,,0,130,,30512,47,,,0
15029,'1886',608,,45109,7,,,0,20,,45110,7,,,0,206,,45111,47,,,0,298,,45112,47,,,0,70,,45113,47,,,0,100,,45114,47,,,0,30,,45115,47,,,0,173,,45116,47,,,0,137,,45117,47,,,0,67,,45118,47,,,0,148,,45119,47,,,0,100,,45120,47,,,0,70,,45121,47,,,0,130,,45123,47,,,0,97,,45122,47,,,0
15029,'1887',605,,45124,7,,,0,326,,45125,47,,,0,301,,45126,47,,,0,304,,45127,47,,,0,296,,45128,47,,,0
15029,'1888',831,,45132,47,,,0,301,,45133,47,,,0,302,,45131,47,,,0,299,,45130,47,,,0,299,,45129,47,,,0
