15019,'1838',745,,45028,57,,,0,100,,36883,57,,,0,100,,36886,57,,,0,101,,45027,57,,,0,100,,36881,57,,,0,100,,36879,57,,,0,101,,45026,57,,,0,100,,36880,57,,,0,100,,36877,57,,,0,99,,45025,57,,,0,100,,36875,57,,,0,100,,36876,57,,,0,100,,45024,57,,,0,99,,36887,57,,,0
15019,'1865',711,,36905,57,,,0,30,,45029,57,,,0,76,,36907,57,,,0,31,,36908,57,,,0,65,,36909,57,,,0,30,,36910,57,,,0,70,,36911,57,,,0,30,,45030,57,,,0,70,,45031,57,,,0,30,,42569,57,,,0,70,,45032,57,,,0,30,,45033,57,,,0,70,,42570,57,,,0,30,,36918,57,,,0,70,,45034,57,,,0,32,,36920,57,,,0,72,,36921,57,,,0,30,,45035,57,,,0,69,,45036,57,,,0,30,,36924,57,,,0,69,,36925,57,,,0,29,,36926,57,,,0,67,,45037,57,,,0,30,,36928,57,,,0,70,,45038,57,,,0,30,,45039,57,,,0,70,,36931,57,,,0,100,,45040,57,,,0,98,,45041,57,,,0
15019,'1866',745,,36935,57,,,0,100,,45043,57,,,0,100,,36937,57,,,0,101,,36938,57,,,0,100,,45044,57,,,0,100,,36940,57,,,0,102,,36941,57,,,0,100,,45045,57,,,0,100,,36943,57,,,0,98,,36944,57,,,0,100,,45046,57,,,0,100,,36946,57,,,0,100,,36947,57,,,0,99,,45047,57,,,0
15019,'1867',745,,45053,57,,,0,100,,36959,57,,,0,100,,36962,57,,,0,101,,45052,57,,,0,100,,36957,57,,,0,100,,36955,57,,,0,101,,45051,57,,,0,100,,36956,57,,,0,100,,36953,57,,,0,99,,45050,57,,,0,100,,36951,57,,,0,100,,36952,57,,,0,100,,45049,57,,,0,99,,36963,57,,,0
15019,'1873',745,,30301,57,,,0,200,,30303,57,,,0,101,,30304,57,,,0,200,,30306,57,,,0,102,,30307,57,,,0,200,,30309,57,,,0,98,,30310,57,,,0,200,,30312,57,,,0,100,,30313,57,,,0
15019,'1878',845,,30325,57,,,0,100,,30328,57,,,0,201,,30323,57,,,0,100,,30321,57,,,0,201,,30322,57,,,0,100,,30319,57,,,0,199,,30317,57,,,0,100,,30318,57,,,0,199,,30329,57,,,0
15019,'1881',741,,36889,57,,,0,302,,36890,57,,,0,70,,36891,57,,,0,100,,36893,57,,,0,30,,36894,57,,,0,170,,36896,57,,,0,134,,36897,57,,,0,69,,36898,57,,,0,195,,30384,57,,,0,100,,36899,57,,,0,30,,42574,57,,,0,170,,36901,57,,,0,98,,36902,57,,,0
15019,'1882',711,,30362,57,,,0,106,,30364,57,,,0,31,,30365,57,,,0,65,,30366,57,,,0,30,,30367,57,,,0,70,,30368,57,,,0,130,,42572,57,,,0,170,,42573,57,,,0,30,,30375,57,,,0,102,,30377,57,,,0,72,,30378,57,,,0,129,,30381,57,,,0,69,,30382,57,,,0,29,,30383,57,,,0,97,,30385,57,,,0,170,,30388,57,,,0
15019,'1886',741,,45054,57,,,0,302,,45055,57,,,0,70,,45056,57,,,0,100,,45057,57,,,0,30,,45058,57,,,0,170,,45059,57,,,0,134,,45060,57,,,0,69,,45061,57,,,0,195,,45062,57,,,0,100,,45063,57,,,0,30,,45064,57,,,0,170,,45065,57,,,0,98,,45066,57,,,0
15019,'1887',845,,45068,57,,,0,301,,45069,57,,,0,302,,45070,57,,,0,298,,45071,57,,,0,299,,45072,57,,,0
15019,'1888',745,,45078,57,,,0,301,,45077,57,,,0,301,,45076,57,,,0,299,,45075,57,,,0,300,,45074,57,,,0
