11019,'1838',854,,36451,8,,,0,101,,42449,8,,,0,103,,42450,8,,,0,100,,36454,8,,,0,100,,42451,8,,,0,100,,42452,8,,,0,100,,36457,8,,,0,100,,42453,8,,,0,100,,42454,8,,,0,97,,36460,8,,,0,100,,36461,8,,,0,99,,42455,8,,,0,95,,42456,8,0,5 2 8 7,0
11019,'1857',655,,29910,8,,,0,101,,29911,8,,,0,99,,29912,8,,,0,200,,29914,8,,,0,100,,36483,8,,,0,101,,36484,8,,,0,100,,36485,8,,,0,100,,36486,8,,,0,200,,36488,8,,,0,100,,36489,8,,,0,98,,36490,8,,,0,100,,29923,8,,,0,195,,29925,8,0,5 2 8 7,0
11019,'1865',655,,36492,8,,,0,101,,36493,8,,,0,99,,36494,8,,,0,100,,42457,8,,,0,100,,36496,8,,,0,100,,36497,8,,,0,101,,36498,8,,,0,100,,36499,8,,,0,100,,36500,8,,,0,100,,42458,8,,,0,100,,36502,8,,,0,100,,36503,8,,,0,98,,36504,8,,,0,100,,36505,8,,,0,100,,42459,8,,,0,95,,36507,8,0,5 2 8 7,0
11019,'1866',654,,36510,8,,,0,100,,36511,8,,,0,100,,36512,8,,,0,101,,36513,8,,,0,100,,36514,8,,,0,103,,36515,8,,,0,100,,36516,8,,,0,100,,36517,8,,,0,100,,36518,8,,,0,100,,36519,8,,,0,100,,36520,8,,,0,97,,36521,8,,,0,100,,36508,8,,,0,99,,36509,8,,,0,100,,36522,8,0,5 2 8 7,0
11019,'1867',854,,36523,8,,,0,101,,42460,8,,,0,103,,42461,8,,,0,100,,36526,8,,,0,100,,42462,8,,,0,100,,42463,8,,,0,100,,36529,8,,,0,100,,42464,8,,,0,100,,42465,8,,,0,97,,36532,8,,,0,100,,36533,8,,,0,99,,42466,8,,,0,95,,42467,8,0,5 2 8 7,0
11019,'1871',955,,36482,8,,,0,601,,36487,8,,,0,498,,36491,8,,,0
11019,'1873',654,,36466,8,,,0,100,,36467,8,,,0,100,,29870,8,,,0,101,,29871,8,,,0,100,,36468,8,,,0,103,,36469,8,,,0,100,,36470,8,,,0,100,,29875,8,,,0,100,,36471,8,,,0,100,,29877,8,,,0,100,,29878,8,,,0,97,,36472,8,,,0,100,,36464,8,,,0,99,,36465,8,,,0,100,,36473,8,0,5 2 8 7,0
11019,'1874',955,,36474,8,,,0,103,,36475,8,,,0,200,,36476,8,,,0,100,,36477,8,,,0,200,,36478,8,,,0,100,,36479,8,,,0,296,,36480,8,,,0,95,,36481,8,0,5 2 8 7,0
11019,'1875',854,,29881,8,,,0,304,,29884,8,,,0,300,,29887,8,,,0,297,,29890,8,,,0,100,,29891,8,,,0
11019,'1876',955,,42468,8,,,0,601,,42469,8,,,0,498,,42470,8,,,0
11019,'1878',955,,42471,8,,,0,103,,42472,8,,,0,200,,42473,8,,,0,100,,42474,8,,,0,200,,42475,8,,,0,100,,42476,8,,,0,296,,42477,8,,,0,95,,42478,8,0,5 2 8 7,0
