2029,'1816',556,,5908,27,0,5 2 15 16 17,0,70,,5891,27,,,0,30,,5898,27,,,0,68,,5877,27,,,0,30,,5883,27,,,0,70,,5892,27,,,0,30,,5899,27,,,0,69,,5878,27,,,0,30,,5884,27,,,0,70,,5893,27,,,0,30,,5900,27,,,0,70,,5879,27,,,0,30,,5885,27,,,0,70,,5894,27,,,0,30,,5901,27,,,0,70,,5880,27,,,0,30,,5886,27,,,0,70,,5895,27,,,0,30,,5902,27,,,0,70,,5881,27,,,0,30,,5887,27,,,0,70,,5896,27,,,0,30,,5903,27,,,0,70,,5882,27,,,0,30,,5888,27,,,0,70,,5897,27,,,0,30,,5904,27,,,0,70,,5889,27,,,0,100,,5905,27,,,0,100,,5890,27,,,0,100,,5906,27,,,0
2029,'1817',626,,9443,27,,,0,30,,9451,27,,,0,68,,9462,27,,,0,30,,9457,27,,,0,70,,9444,27,,,0,30,,9452,27,,,0,69,,9463,27,,,0,30,,9458,27,,,0,70,,9445,27,,,0,30,,9453,27,,,0,70,,9464,27,,,0,30,,9459,27,,,0,70,,9446,27,,,0,30,,9454,27,,,0,70,,9465,27,,,0,30,,9460,27,,,0,70,,9447,27,,,0,30,,9455,27,,,0,70,,9466,27,,,0,30,,9461,27,,,0,70,,9448,27,,,0,30,,9456,27,,,0,70,,9467,27,,,0,100,,9449,27,,,0,100,,9468,27,,,0,100,,9450,27,,,0,100,,9469,27,,,0,100,,9442,27,,,0
2029,'1821',529,,5868,12,,,0,27,,5842,27,,,0,70,,5843,27,,,0,30,,5844,27,,,0,68,,5845,27,,,0,30,,5846,27,,,0,70,,5847,27,,,0,30,,5848,27,,,0,69,,5849,27,,,0,30,,5850,27,,,0,70,,5851,27,,,0,30,,5852,27,,,0,70,,5853,27,,,0,30,,5854,27,,,0,70,,5855,27,,,0,30,,5856,27,,,0,70,,5857,27,,,0,30,,5858,27,,,0,70,,5859,27,,,0,30,,5860,27,,,0,70,,5861,27,,,0,30,,5862,27,,,0,70,,5863,27,,,0,31,,5864,27,,,0,70,,5865,27,,,0,29,,5866,27,,,0,70,,5867,27,,,0,30,,5871,27,,,0,70,,5872,27,,,0,100,,5873,27,,,0,100,,5874,27,,,0,100,,5870,27,,,0
4029,'1817',736,,16827,15,,,0,70,,16829,15,,,0,30,,16825,15,,,0,70,,16828,15,,,0,32,,16826,15,,,0,70,,16818,15,,,0,29,,16821,15,,,0,70,,16806,15,,,0,30,,16811,15,,,0,70,,16814,15,,,0,30,,16817,15,,,0,70,,16819,15,,,0,30,,16807,15,,,0,70,,16810,15,,,0,30,,16813,15,,,0,70,,16816,15,,,0,30,,16820,15,,,0,70,,16808,15,,,0,30,,16809,15,,,0,70,,16812,15,,,0,30,,16815,15,,,0,70,,16833,15,,,0,30,,16832,15,,,0,71,,16834,15,,,0,30,,16831,15,,,0,70,,16824,15,,,0,30,,16830,15,,,0,70,,16822,15,,,0,100,,16823,15,,,0
4029,'1823',636,,16835,15,,,0,70,,16836,15,,,0,35,,16837,15,,,0,65,,16838,15,,,0,36,,16839,15,,,0,64,,16840,15,,,0,31,,16841,15,,,0,70,,16842,15,,,0,30,,16843,15,,,0,70,,16844,15,,,0,30,,16845,15,,,0,71,,16846,15,,,0,30,,16847,15,,,0,70,,16848,15,,,0,30,,16849,15,,,0,70,,16850,15,,,0,30,,16851,15,,,0,75,,16852,15,,,0,25,,16853,15,,,0,76,,16854,15,,,0,24,,16855,15,,,0,76,,16856,15,,,0,24,,16857,15,,,0,76,,16858,15,,,0,26,,16859,15,,,0,71,,16860,15,,,0,29,,16861,15,,,0,70,,16862,15,,,0,28,,16863,15,,,0,70,,16864,15,,,0,30,,16865,15,,,0,70,,16866,15,,,0
4029,'1824',638,,16891,15,,,0,68,,16892,15,,,0,30,,16893,15,,,0,70,,16894,15,,,0,30,,16895,15,,,0,72,,16896,15,,,0,30,,16897,15,,,0,70,,16884,15,,,0,31,,16878,15,,,0,69,,16871,15,,,0,30,,16882,15,,,0,69,,16888,15,,,0,30,,16883,15,,,0,70,,16870,15,,,0,30,,16875,15,,,0,70,,16886,15,,,0,30,,16869,15,,,0,70,,16885,15,,,0,30,,16880,15,,,0,70,,16872,15,,,0,30,,16867,15,,,0,70,,16887,15,,,0,30,,16890,15,,,0,70,,16881,15,,,0,30,,16876,15,,,0,69,,16898,15,,,0,35,,16873,15,,,0,70,,16868,15,,,0,27,,16874,15,,,0,70,,16879,15,,,0,30,,16889,15,,,0,70,,16877,15,,,0
501019,'1817',620,,18006,10,,,0,30,,18020,10,,,0,67,,18005,10,,,0,30,,18019,10,,,0,70,,18008,10,,,0,32,,18021,10,,,0,70,,18009,10,,,0,30,,18018,10,,,0,72,,17997,10,,,0,30,,18010,10,,,0,71,,17996,10,,,0,30,,18011,10,,,0,70,,17999,10,,,0,30,,18012,10,,,0,70,,17995,10,,,0,30,,18017,10,,,0,70,,17994,10,,,0,30,,18016,10,,,0,70,,17993,10,,,0,30,,18013,10,,,0,70,,17992,10,,,0,30,,18015,10,,,0,70,,17998,10,,,0,30,,18014,10,,,0,69,,18007,10,,,0,30,,18022,10,,,0,69,,18004,10,,,0,30,,18025,10,,,0,69,,18003,10,,,0,30,,17991,10,,,0,70,,18002,10,,,0,30,,18023,10,,,0,68,,18001,10,,,0,30,,18024,10,,,0,70,,18000,10,,,0
501019,'1823',525,,18026,4,,,0,92,,18027,10,,,0,30,,18028,10,,,0,76,,18029,10,,,0,26,,18030,10,,,0,64,,18031,10,,,0,12,,18032,10,,,0,24,,18033,10,,,0,62,,18034,10,,,0,11,,18035,10,,,0,30,,18036,10,,,0,70,,18037,10,,,0,30,,18038,10,,,0,71,,18039,10,,,0,30,,18040,10,,,0,70,,18041,10,,,0,30,,18042,10,,,0,70,,18043,10,,,0,30,,18044,10,,,0,70,,18045,10,,,0,26,,18046,10,,,0,52,,18047,10,,,0,23,,18048,10,,,0,24,,18049,10,,,0,52,,18050,10,,,0,24,,18051,10,,,0,24,,18052,10,,,0,52,,18053,10,,,0,22,,18054,10,,,0,23,,18055,10,,,0,12,,18056,10,,,0,66,,18057,10,,,0,28,,18058,10,,,0,70,,18059,10,,,0,29,,18060,10,,,0,70,,18061,10,,,0,30,,18062,10,,,0,68,,18063,10,,,0,30,,18064,10,,,0,69,,18065,10,,,0,30,,18066,10,,,0,70,,18067,10,,,0
501019,'1824',620,,18077,10,,,0,30,,18080,10,,,0,67,,18076,10,,,0,30,,18079,10,,,0,70,,18075,10,,,0,32,,18081,10,,,0,70,,18074,10,,,0,30,,18078,10,,,0,72,,18087,10,,,0,30,,18097,10,,,0,71,,18088,10,,,0,30,,18098,10,,,0,71,,18089,10,,,0,30,,18099,10,,,0,70,,18090,10,,,0,30,,18100,10,,,0,70,,18091,10,,,0,31,,18101,10,,,0,70,,18092,10,,,0,30,,18102,10,,,0,70,,18093,10,,,0,30,,18095,10,,,0,70,,18094,10,,,0,30,,18096,10,,,0,70,,18073,10,,,0,27,,18086,10,,,0,70,,18072,10,,,0,30,,18084,10,,,0,67,,18071,10,,,0,30,,18085,10,,,0,70,,18070,10,,,0,30,,18082,10,,,0,69,,18069,10,,,0,30,,18083,10,,,0,70,,18068,10,,,0
701019,'1816',613,,12829,7,,,0,96,,12822,7,,,0,30,,12808,7,,,0,100,,12818,7,,,0,70,,12823,7,,,0,101,,12814,7,,,0,130,,12810,7,,,0
701019,'1817',613,,18632,7,,,0,28,,18659,7,,,0,68,,18650,7,,,0,30,,18629,7,,,0,70,,18651,7,,,0,30,,18633,7,,,0,70,,18628,7,,,0,30,,12603,7,,,0,71,,18636,7,,,0,30,,18625,7,,,0,70,,18654,7,,,0,30,,12580,7,,,0,71,,18624,7,,,0,30,,12600,7,,,0,70,,12584,7,,,0,30,,18622,7,,,0,70,,18653,7,,,0,30,,18637,7,,,0,70,,18620,7,,,0,30,,18652,7,,,0,70,,18634,7,,,0,30,,18618,7,,,0,69,,18655,7,,,0,30,,18642,7,,,0,70,,18615,7,,,0,30,,18666,7,,,0,69,,18644,7,,,0,30,,18613,7,,,0,70,,18662,7,,,0,30,,18646,7,,,0,70,,18610,7,,,0,30,,18658,7,,,0,70,,18645,7,,,0,30,,18612,7,,,0,70,,18661,7,,,0,25,,18673,7,,,0
701019,'1820',623,,15928,7,,,0,34,,15929,7,,,0,162,,15930,7,,,0,291,,15913,7,,,0,100,,15914,7,,,0,100,,15915,7,,,0,30,,15916,7,,,0,68,,15917,7,,,0,29,,15918,7,,,0,83,,15919,7,,,0,20,,15932,7,,,0,19,,15936,7,0,5 2 11 2 12,0,61,,15920,7,,,0,20,,15921,7,,,0,61,,15937,7,0,5 2 11 2 12,0,20,,15931,7,,,0,20,,15927,7,,,0,84,,15926,7,,,0,85,,15922,7,,,0,129,,15923,7,,,0,170,,15924,7,,,0,100,,15925,7,,,0,25,,15935,7,,,0
701019,'1821',553,,12745,7,,,0,88,,12756,7,,,0,82,,12755,7,,,0,18,,12748,7,,,0,65,,12749,7,,,0,33,,12751,7,,,0,71,,12718,7,,,0,100,,12719,7,,,0,30,,12720,7,,,0,100,,12722,7,,,0,100,,12724,7,,,0,214,,12760,7,0,5 2 11 2 12,0,351,,12743,7,,,0,35,,12732,7,,,0,99,,12734,7,,,0,70,,12735,7,,,0,100,,12737,7,,,0,30,,12738,7,,,0,100,,12740,7,,,0
701019,'1823',623,,18728,7,,,0,34,,18729,7,,,0,162,,18730,7,,,0,291,,18713,7,,,0,100,,18714,7,,,0,100,,18715,7,,,0,30,,18716,7,,,0,68,,18717,7,,,0,29,,18718,7,,,0,83,,18719,7,,,0,20,,18732,7,,,0,19,,18736,7,0,5 2 11 2 12,0,61,,18720,7,,,0,20,,18721,7,,,0,61,,18737,7,0,5 2 11 2 12,0,20,,18731,7,,,0,20,,18727,7,,,0,84,,18726,7,,,0,85,,18722,7,,,0,129,,18723,7,,,0,170,,18724,7,,,0,100,,18725,7,,,0,25,,18735,7,,,0
701019,'1824',641,,18757,7,,,0,168,,18781,7,,,0,130,,18778,7,,,0,101,,18785,7,,,0,70,,18788,7,,,0,101,,18782,7,,,0,30,,18786,7,,,0,70,,18789,7,,,0,30,,18779,7,,,0,70,,18783,7,,,0,30,,18787,7,,,0,70,,18790,7,,,0,30,,18780,7,,,0,70,,18784,7,,,0,30,,18792,7,,,0,69,,18738,7,,,0,30,,18748,7,,,0,70,,18758,7,,,0,30,,18768,7,,,0,69,,18739,7,,,0,30,,18749,7,,,0,70,,18759,7,,,0,30,,18769,7,,,0,70,,18740,7,,,0,30,,18750,7,,,0,70,,18760,7,,,0,30,,18770,7,,,0,70,,18741,7,,,0,25,,18805,7,,,0
20002019,'1817',1008,,19098,12,,,0
14000001029,'1816',2417,,9292,12,,,0,130,,9296,12,,,0
14000001029,'1817',537,,19150,12,0,18 7,0,1812,,19146,12,,,0,68,,13744,12,,,0,30,,19149,12,,,0,70,,19148,12,,,0,30,,13743,12,,,0,70,,19147,12,,,0
14000001029,'1820',435,,13749,12,0,18 7,0,102,,16520,12,0,18 7,0,1812,,16522,12,,,0,98,,16524,12,,,0,70,,16521,12,,,0,100,,16523,12,,,0
14000001029,'1821',2417,,9287,12,,,0,130,,9288,12,,,0
14000001029,'1823',435,,19151,12,0,18 7,0,102,,19152,12,0,18 7,0,1812,,19154,12,,,0,98,,19156,12,,,0,70,,19153,12,,,0,100,,19155,12,,,0
14000001029,'1824',537,,19160,12,0,18 7,0,1812,,19161,12,,,0,98,,19157,12,,,0,70,,19158,12,,,0,100,,19159,12,,,0
