22019,'1838',647,,45521,7,0,19 2 24 1 25 26,0,94,,45522,7,0,19 2 24 1 25 26,0,102,,43036,9,,,0,100,,45520,9,,,0,100,,45515,9,,,0,100,,45519,9,,,0,100,,45516,9,,,0,100,,45517,9,,,0,100,,45514,9,,,0,100,,43033,9,,,0,100,,45518,9,,,0,98,,43040,7,0,19 2 24 1 25 26,0,100,,43041,7,0,19 2 24 1 25 26,0,100,,43042,7,0,19 2 24 1 25 26,0,108,,43043,7,0,19 2 24 1 25 26,0
22019,'1865',555,,37951,7,0,19 2 24 1 25 26,0,66,,43074,7,0,19 2 24 1 25 26,0,27,,43044,7,0,19 2 24 1 25 26,0,70,,43045,7,0,19 2 24 1 25 26,0,34,,43046,9,,,0,70,,43047,9,,,0,30,,43048,9,,,0,69,,43049,9,,,0,30,,43050,9,,,0,70,,45523,9,,,0,30,,43052,9,,,0,70,,43053,9,,,0,30,,45524,9,,,0,70,,43055,9,,,0,30,,43056,9,,,0,71,,43057,9,,,0,30,,43058,9,,,0,70,,43059,9,,,0,32,,45525,9,,,0,70,,43061,9,,,0,28,,43073,9,,,0,70,,43062,9,,,0,30,,43063,9,,,0,69,,43064,9,,,0,30,,45526,9,,,0,69,,43066,9,,,0,30,,43067,9,,,0,70,,43068,9,,,0,29,,43069,9,,,0,68,,45527,9,,,0,30,,43071,9,,,0,68,,43072,7,0,19 2 24 1 25 26,0
22019,'1866',619,,43094,7,0,19 2 24 1 25 26,0,24,,43099,7,0,19 2 24 1 25 26,0,70,,43095,7,0,19 2 24 1 25 26,0,30,,43100,7,0,19 2 24 1 25 26,0,70,,43096,7,0,19 2 24 1 25 26,0,33,,43075,9,,,0,72,,43076,9,,,0,30,,43077,9,,,0,70,,43078,9,,,0,30,,43079,9,,,0,70,,43080,9,,,0,30,,43081,9,,,0,70,,43082,9,,,0,31,,43083,9,,,0,70,,43084,9,,,0,30,,43085,9,,,0,70,,43086,9,,,0,31,,43087,9,,,0,70,,43088,9,,,0,30,,43089,9,,,0,70,,43090,9,,,0,29,,43091,9,,,0,70,,43092,9,,,0,27,,43101,7,0,19 2 24 1 25 26,0,70,,43097,7,0,19 2 24 1 25 26,0,30,,43102,7,0,19 2 24 1 25 26,0,69,,43093,7,0,19 2 24 1 25 26,0,30,,43103,7,0,19 2 24 1 25 26,0,69,,43098,7,0,19 2 24 1 25 26,0,30,,43104,7,0,19 2 24 1 25 26,0,70,,43105,7,0,19 2 24 1 25 26,0
22019,'1867',647,,45535,7,0,19 2 24 1 25 26,0,94,,45536,7,0,19 2 24 1 25 26,0,102,,43113,9,,,0,100,,45534,9,,,0,100,,45529,9,,,0,100,,45533,9,,,0,100,,45530,9,,,0,100,,45531,9,,,0,100,,45528,9,,,0,100,,43110,9,,,0,100,,45532,9,,,0,98,,43117,7,0,19 2 24 1 25 26,0,100,,43118,7,0,19 2 24 1 25 26,0,100,,43119,7,0,19 2 24 1 25 26,0,108,,43120,7,0,19 2 24 1 25 26,0
22019,'1873',619,,43171,7,0,19 2 24 1 25 26,0,24,,43176,7,0,19 2 24 1 25 26,0,70,,43172,7,0,19 2 24 1 25 26,0,30,,43177,7,0,19 2 24 1 25 26,0,70,,43173,7,0,19 2 24 1 25 26,0,33,,43152,9,,,0,72,,43153,9,,,0,30,,43154,9,,,0,70,,43155,9,,,0,30,,43156,9,,,0,70,,43157,9,,,0,30,,43158,9,,,0,70,,43159,9,,,0,31,,43160,9,,,0,70,,43161,9,,,0,30,,43162,9,,,0,70,,43163,9,,,0,31,,43164,9,,,0,70,,43165,9,,,0,30,,43166,9,,,0,70,,43167,9,,,0,29,,43168,9,,,0,70,,43169,9,,,0,27,,43178,7,0,19 2 24 1 25 26,0,70,,43174,7,0,19 2 24 1 25 26,0,30,,43179,7,0,19 2 24 1 25 26,0,69,,43170,7,0,19 2 24 1 25 26,0,30,,43180,7,0,19 2 24 1 25 26,0,69,,43175,7,0,19 2 24 1 25 26,0,30,,43181,7,0,19 2 24 1 25 26,0,70,,43182,7,0,19 2 24 1 25 26,0
22019,'1878',843,,43190,9,,,0,700,,43187,9,,,0,198,,43194,7,0,19 2 24 1 25 26,0,100,,43195,7,0,19 2 24 1 25 26,0,100,,43196,7,0,19 2 24 1 25 26,0,108,,43197,7,0,19 2 24 1 25 26,0
22019,'1881',1021,,43128,9,,,0,130,,43131,9,,,0,303,,43137,9,,,0,297,,43142,9,,,0,266,,43147,9,,,0
22019,'1882',555,,31270,7,0,19 2 24 1 25 26,0,66,,43151,7,0,19 2 24 1 25 26,0,27,,43121,7,0,19 2 24 1 25 26,0,70,,43122,7,0,19 2 24 1 25 26,0,34,,43123,9,,,0,70,,43124,9,,,0,30,,43125,9,,,0,69,,43126,9,,,0,30,,43127,9,,,0,100,,43129,9,,,0,70,,43130,9,,,0,100,,43132,9,,,0,30,,43133,9,,,0,71,,43134,9,,,0,30,,43135,9,,,0,70,,43136,9,,,0,102,,43138,9,,,0,28,,43150,9,,,0,70,,43139,9,,,0,30,,43140,9,,,0,69,,43141,9,,,0,99,,43143,9,,,0,30,,43144,9,,,0,70,,43145,9,,,0,29,,43146,9,,,0,98,,43148,9,,,0,68,,43149,7,0,19 2 24 1 25 26,0
22019,'1886',1021,,45537,9,,,0,130,,45538,9,,,0,303,,45539,9,,,0,297,,45540,9,,,0,266,,45541,9,,,0
22019,'1888',647,,45549,7,0,19 2 24 1 25 26,0,94,,45550,7,0,19 2 24 1 25 26,0,202,,45548,9,,,0,100,,45543,9,,,0,100,,45547,9,,,0,100,,45544,9,,,0,100,,45545,9,,,0,100,,45542,9,,,0,200,,45546,9,,,0
60019,'1867',610,,38497,3,,,0,30,,38506,3,,,0,70,,38496,3,,,0,30,,38507,3,,,0,71,,38495,3,,,0,29,,38508,3,,,0,71,,38498,3,,,0,30,,38509,3,,,0,70,,38494,3,,,0,30,,38510,3,,,0,70,,38515,3,,,0,30,,38511,3,,,0,70,,38512,3,,,0,30,,38513,3,,,0,70,,38518,3,,,0,30,,38505,3,,,0,70,,38516,3,,,0,30,,38525,3,,,0,70,,38502,3,,,0,30,,38522,3,,,0,70,,38500,3,,,0,30,,38521,3,,,0,70,,38517,3,,,0,30,,38524,3,,,0,70,,38503,3,,,0,30,,38520,3,,,0,70,,38499,3,,,0,30,,38519,3,,,0,70,,38501,3,,,0,30,,38504,3,,,0,69,,38493,3,,,0,31,,38523,3,,,0,70,,38514,3,,,0
60019,'1878',610,,22174,3,,,0,30,,22183,3,,,0,70,,22173,3,,,0,30,,22184,3,,,0,71,,22172,3,,,0,29,,22185,3,,,0,71,,22175,3,,,0,30,,22186,3,,,0,70,,22171,3,,,0,30,,22187,3,,,0,70,,22192,3,,,0,30,,22188,3,,,0,70,,22189,3,,,0,30,,22190,3,,,0,70,,22195,3,,,0,30,,22182,3,,,0,70,,22193,3,,,0,30,,22202,3,,,0,70,,22179,3,,,0,30,,22199,3,,,0,70,,22177,3,,,0,30,,22198,3,,,0,70,,22194,3,,,0,30,,22201,3,,,0,70,,22180,3,,,0,30,,22197,3,,,0,70,,22176,3,,,0,30,,22196,3,,,0,70,,22178,3,,,0,30,,22181,3,,,0,69,,22170,3,,,0,31,,22200,3,,,0,70,,22191,3,,,0
