16019,'1799',947,,21266,5,,,0,700,,21255,5,,,0,400,,21258,5,,,0
16019,'1800',747,,25891,5,,,0,100,,25893,5,,,0,100,,21281,5,,,0,100,,25901,5,,,0,100,,25892,5,,,0,100,,25894,5,,,0,100,,25895,5,,,0,100,,25898,5,,,0,100,,25897,5,,,0,100,,21270,5,,,0,100,,25899,5,,,0,100,,25900,5,,,0,100,,25896,5,,,0,100,,21273,5,,,0,100,,25902,5,,,0
16019,'1829',617,,21176,5,,,0,30,,21177,5,,,0,70,,21178,5,,,0,30,,21179,5,,,0,70,,21180,5,,,0,30,,21181,5,,,0,70,,21182,5,,,0,100,,21184,5,,,0,30,,21185,5,,,0,170,,21188,5,,,0,30,,21189,5,,,0,70,,21190,5,,,0,30,,21191,5,,,0,70,,21192,5,,,0,30,,21193,5,,,0,70,,21194,5,,,0,30,,21195,5,,,0,70,,21196,5,,,0,230,,21201,5,,,0,70,,21202,5,,,0,130,,21205,5,,,0,170,,21175,5,,,0
16019,'1831',617,,21229,5,,,0,30,,21225,5,,,0,70,,21233,5,,,0,30,,21217,5,,,0,70,,21231,5,,,0,30,,21212,5,,,0,70,,21210,5,,,0,30,,21207,5,,,0,70,,21218,5,,,0,30,,21228,5,,,0,70,,21222,5,,,0,30,,21230,5,,,0,70,,21214,5,,,0,30,,21232,5,,,0,70,,21209,5,,,0,30,,21220,5,,,0,70,,21219,5,,,0,30,,21223,5,,,0,70,,21224,5,,,0,30,,21208,5,,,0,70,,21216,5,,,0,30,,21226,5,,,0,70,,21211,5,,,0,30,,21215,5,,,0,70,,21221,5,,,0,30,,21235,5,,,0,70,,21227,5,,,0,30,,21234,5,,,0,70,,21213,5,,,0,30,,21237,5,,,0,100,,21236,5,,,0,70,,21206,5,,,0
16019,'1832',747,,21238,5,,,0,100,,21241,5,,,0,200,,21250,5,,,0,100,,21239,5,,,0,100,,21242,5,,,0,100,,21244,5,,,0,100,,21247,5,,,0,100,,21246,5,,,0,200,,21248,5,,,0,100,,21249,5,,,0,100,,21245,5,,,0,200,,21252,5,,,0
16019,'1833',947,,21251,5,,,0,700,,21240,5,,,0,400,,21243,5,,,0
16019,'1834',747,,21253,5,,,0,100,,21256,5,,,0,200,,21265,5,,,0,100,,21254,5,,,0,100,,21257,5,,,0,100,,21259,5,,,0,100,,21262,5,,,0,100,,21261,5,,,0,200,,21263,5,,,0,100,,21264,5,,,0,100,,21260,5,,,0,200,,21267,5,,,0
16019,'1835',947,,25905,5,,,0,170,,25906,5,,,0,30,,25907,5,,,0,500,,25908,5,,,0,70,,25909,5,,,0,30,,25910,5,,,0,70,,25911,5,,,0,130,,25912,5,,,0,70,,25913,5,,,0,100,,25903,5,,,0,30,,25904,5,,,0
16019,'1837',747,,25914,5,,,0,100,,25916,5,,,0,200,,25924,5,,,0,100,,25915,5,,,0,100,,25917,5,,,0,100,,25918,5,,,0,100,,25921,5,,,0,100,,25920,5,,,0,200,,25922,5,,,0,100,,25923,5,,,0,100,,25919,5,,,0,200,,25925,5,,,0
16019,'1838',747,,25926,5,,,0,100,,25928,5,,,0,200,,25936,5,,,0,100,,25927,5,,,0,100,,25929,5,,,0,100,,25930,5,,,0,100,,25933,5,,,0,100,,25932,5,,,0,200,,25934,5,,,0,100,,25935,5,,,0,100,,25931,5,,,0,200,,25937,5,,,0
