15019,'1838',752,,45028,65,,,0,100,,36883,65,,,0,100,,36886,65,,,0,101,,45027,65,,,0,100,,36881,65,,,0,100,,36879,65,,,0,102,,45026,65,,,0,100,,36880,65,,,0,100,,36877,65,,,0,99,,45025,65,,,0,99,,36875,65,,,0,100,,36876,65,,,0,100,,45024,65,,,0,99,,36887,65,,,0
15019,'1865',718,,36905,65,,,0,31,,45029,65,,,0,76,,36907,65,,,0,30,,36908,65,,,0,65,,36909,65,,,0,30,,36910,65,,,0,70,,36911,65,,,0,30,,45030,65,,,0,70,,45031,65,,,0,30,,42569,65,,,0,70,,45032,65,,,0,30,,45033,65,,,0,70,,42570,65,,,0,30,,36918,65,,,0,70,,45034,65,,,0,34,,36920,65,,,0,72,,36921,65,,,0,30,,45035,65,,,0,69,,45036,65,,,0,28,,36924,65,,,0,69,,36925,65,,,0,29,,36926,65,,,0,67,,45037,65,,,0,30,,36928,65,,,0,70,,45038,65,,,0,30,,45039,65,,,0,70,,36931,65,,,0,100,,45040,65,,,0,98,,45041,65,,,0
15019,'1866',752,,36935,65,,,0,100,,45043,65,,,0,100,,36937,65,,,0,101,,36938,65,,,0,100,,45044,65,,,0,100,,36940,65,,,0,103,,36941,65,,,0,100,,45045,65,,,0,100,,36943,65,,,0,98,,36944,65,,,0,99,,45046,65,,,0,100,,36946,65,,,0,100,,36947,65,,,0,99,,45047,65,,,0
15019,'1867',752,,45053,65,,,0,100,,36959,65,,,0,100,,36962,65,,,0,101,,45052,65,,,0,100,,36957,65,,,0,100,,36955,65,,,0,102,,45051,65,,,0,100,,36956,65,,,0,100,,36953,65,,,0,99,,45050,65,,,0,99,,36951,65,,,0,100,,36952,65,,,0,100,,45049,65,,,0,99,,36963,65,,,0
15019,'1873',752,,30301,65,,,0,200,,30303,65,,,0,101,,30304,65,,,0,200,,30306,65,,,0,103,,30307,65,,,0,200,,30309,65,,,0,98,,30310,65,,,0,199,,30312,65,,,0,100,,30313,65,,,0
15019,'1878',852,,30325,65,,,0,100,,30328,65,,,0,201,,30323,65,,,0,100,,30321,65,,,0,202,,30322,65,,,0,100,,30319,65,,,0,198,,30317,65,,,0,100,,30318,65,,,0,199,,30329,65,,,0
15019,'1881',749,,36889,65,,,0,301,,36890,65,,,0,70,,36891,65,,,0,100,,36893,65,,,0,30,,36894,65,,,0,170,,36896,65,,,0,136,,36897,65,,,0,69,,36898,65,,,0,193,,30384,65,,,0,100,,36899,65,,,0,30,,42574,65,,,0,170,,36901,65,,,0,98,,36902,65,,,0
15019,'1882',718,,30362,65,,,0,107,,30364,65,,,0,30,,30365,65,,,0,65,,30366,65,,,0,30,,30367,65,,,0,70,,30368,65,,,0,130,,42572,65,,,0,170,,42573,65,,,0,30,,30375,65,,,0,104,,30377,65,,,0,72,,30378,65,,,0,127,,30381,65,,,0,69,,30382,65,,,0,29,,30383,65,,,0,97,,30385,65,,,0,170,,30388,65,,,0
15019,'1886',749,,45054,65,,,0,301,,45055,65,,,0,70,,45056,65,,,0,100,,45057,65,,,0,30,,45058,65,,,0,170,,45059,65,,,0,136,,45060,65,,,0,69,,45061,65,,,0,193,,45062,65,,,0,100,,45063,65,,,0,30,,45064,65,,,0,170,,45065,65,,,0,98,,45066,65,,,0
15019,'1887',852,,45068,65,,,0,301,,45069,65,,,0,303,,45070,65,,,0,297,,45071,65,,,0,299,,45072,65,,,0
15019,'1888',752,,45078,65,,,0,301,,45077,65,,,0,302,,45076,65,,,0,299,,45075,65,,,0,299,,45074,65,,,0
