1019,'1800',602,,28295,4,,,0,100,,28296,4,,,0,100,,28297,4,,,0,100,,28298,4,,,0,100,,28299,4,,,0,100,,28300,4,,,0,100,,28301,4,,,0,100,,28302,4,,,0,100,,28303,4,,,0,100,,28304,4,,,0,100,,28305,4,,,0,100,,28306,4,,,0,100,,28307,4,,,0,100,,28308,4,,,0,100,,28309,4,,,0,100,,28310,4,,,0,100,,28311,4,,,0,100,,28312,4,,,0
1019,'1838',602,,34814,4,,,0,100,,34815,4,,,0,100,,34816,4,,,0,100,,34817,4,,,0,100,,34818,4,,,0,100,,34819,4,,,0,100,,34820,4,,,0,100,,34821,4,,,0,100,,34822,4,,,0,100,,34823,4,,,0,100,,34824,4,,,0,100,,34825,4,,,0,100,,34826,4,,,0,100,,34827,4,,,0,100,,34828,4,,,0,100,,34829,4,,,0,100,,34830,4,,,0,100,,34831,4,,,0
1019,'1850',532,,28394,4,,,0,70,,28417,4,,,0,30,,28392,4,,,0,70,,28387,4,,,0,30,,28406,4,,,0,71,,28389,4,,,0,30,,28395,4,,,0,70,,28420,4,,,0,30,,28391,4,,,0,70,,28385,4,,,0,30,,28405,4,,,0,70,,28390,4,,,0,30,,28396,4,,,0,70,,28416,4,,,0,30,,28393,4,,,0,70,,28386,4,,,0,30,,28418,4,,,0,70,,28388,4,,,0,30,,28397,4,,,0,70,,28415,4,,,0,30,,28408,4,,,0,70,,28400,4,,,0,30,,28398,4,,,0,70,,28401,4,,,0,30,,28403,4,,,0,70,,28402,4,,,0,29,,28399,4,,,0,70,,28419,4,,,0,30,,28413,4,,,0,70,,28414,4,,,0,30,,28412,4,,,0,70,,28411,4,,,0,30,,28410,4,,,0,70,,28409,4,,,0,30,,28407,4,,,0,70,,28404,4,,,0
1019,'1859',532,,28342,4,,,0,70,,28356,4,,,0,30,,28341,4,,,0,70,,28361,4,,,0,30,,28351,4,,,0,70,,28335,4,,,0,30,,28357,4,,,0,70,,28359,4,,,0,30,,28340,4,,,0,70,,28362,4,,,0,30,,28350,4,,,0,70,,28334,4,,,0,30,,28345,4,,,0,70,,28355,4,,,0,30,,28339,4,,,0,70,,28363,4,,,0,30,,28349,4,,,0,70,,28333,4,,,0,30,,28344,4,,,0,70,,28354,4,,,0,30,,28338,4,,,0,70,,28364,4,,,0,30,,28348,4,,,0,70,,28332,4,,,0,30,,28343,4,,,0,70,,28353,4,,,0,30,,28336,4,,,0,70,,28365,4,,,0,30,,28346,4,,,0,70,,28331,4,,,0,30,,28337,4,,,0,70,,28352,4,,,0,30,,28347,4,,,0,70,,28366,4,,,0,30,,28360,4,,,0,70,,28358,4,,,0
1019,'1861',602,,28367,4,,,0,100,,28368,4,,,0,100,,28369,4,,,0,100,,28370,4,,,0,100,,28371,4,,,0,100,,28372,4,,,0,100,,28373,4,,,0,100,,28374,4,,,0,100,,28375,4,,,0,100,,28376,4,,,0,100,,28377,4,,,0,100,,28378,4,,,0,100,,28379,4,,,0,100,,28380,4,,,0,100,,28381,4,,,0,100,,28382,4,,,0,100,,28383,4,,,0,100,,28384,4,,,0
1019,'1864',532,,28430,4,,,0,70,,34863,4,,,0,30,,34839,4,,,0,70,,34834,4,,,0,30,,34852,4,,,0,71,,34836,4,,,0,30,,34841,4,,,0,70,,34866,4,,,0,30,,34838,4,,,0,70,,34832,4,,,0,30,,34851,4,,,0,70,,34837,4,,,0,30,,34842,4,,,0,70,,34862,4,,,0,30,,34840,4,,,0,70,,34833,4,,,0,30,,34864,4,,,0,70,,34835,4,,,0,30,,34843,4,,,0,70,,34861,4,,,0,30,,34854,4,,,0,70,,34846,4,,,0,30,,34844,4,,,0,70,,34847,4,,,0,30,,34849,4,,,0,70,,34848,4,,,0,29,,34845,4,,,0,70,,34865,4,,,0,30,,34859,4,,,0,70,,34860,4,,,0,30,,34858,4,,,0,70,,34857,4,,,0,30,,34856,4,,,0,70,,34855,4,,,0,30,,34853,4,,,0,70,,34850,4,,,0
1019,'1865',532,,34876,4,,,0,70,,34899,4,,,0,30,,34874,4,,,0,70,,34869,4,,,0,30,,34888,4,,,0,71,,34871,4,,,0,30,,34877,4,,,0,70,,34902,4,,,0,30,,34873,4,,,0,70,,34867,4,,,0,30,,34887,4,,,0,70,,34872,4,,,0,30,,34878,4,,,0,70,,34898,4,,,0,30,,34875,4,,,0,70,,34868,4,,,0,30,,34900,4,,,0,70,,34870,4,,,0,30,,34879,4,,,0,70,,34897,4,,,0,30,,34890,4,,,0,70,,34882,4,,,0,30,,34880,4,,,0,70,,34883,4,,,0,30,,34885,4,,,0,70,,34884,4,,,0,29,,34881,4,,,0,70,,34901,4,,,0,30,,34895,4,,,0,70,,34896,4,,,0,30,,34894,4,,,0,70,,34893,4,,,0,30,,34892,4,,,0,70,,34891,4,,,0,30,,34889,4,,,0,70,,34886,4,,,0
1019,'1866',532,,34914,4,,,0,70,,34928,4,,,0,30,,34913,4,,,0,70,,34933,4,,,0,30,,34923,4,,,0,70,,34907,4,,,0,30,,34929,4,,,0,70,,34931,4,,,0,30,,34912,4,,,0,70,,34934,4,,,0,30,,34922,4,,,0,70,,34906,4,,,0,30,,34917,4,,,0,70,,34927,4,,,0,30,,34911,4,,,0,70,,34935,4,,,0,30,,34921,4,,,0,70,,34905,4,,,0,30,,34916,4,,,0,70,,34926,4,,,0,30,,34910,4,,,0,70,,34936,4,,,0,30,,34920,4,,,0,70,,34904,4,,,0,30,,34915,4,,,0,70,,34925,4,,,0,30,,34908,4,,,0,70,,34937,4,,,0,30,,34918,4,,,0,70,,34903,4,,,0,30,,34909,4,,,0,70,,34924,4,,,0,30,,34919,4,,,0,70,,34938,4,,,0,30,,34932,4,,,0,70,,34930,4,,,0
1019,'1867',602,,34939,4,,,0,100,,34940,4,,,0,100,,34941,4,,,0,100,,34942,4,,,0,100,,34943,4,,,0,100,,34944,4,,,0,100,,34945,4,,,0,100,,34946,4,,,0,100,,34947,4,,,0,100,,34948,4,,,0,100,,34949,4,,,0,100,,34950,4,,,0,100,,34951,4,,,0,100,,34952,4,,,0,100,,34953,4,,,0,100,,34954,4,,,0,100,,34955,4,,,0,100,,34956,4,,,0
2019,'1800',647,,19560,13,,,0,70,,19537,13,,,0,30,,19541,13,,,0,70,,19553,13,,,0,30,,19548,13,,,0,70,,19538,13,,,0,30,,19542,13,,,0,70,,19554,13,,,0,30,,19549,13,,,0,70,,19539,13,,,0,30,,19543,13,,,0,70,,19555,13,,,0,30,,19550,13,,,0,70,,19540,13,,,0,30,,19544,13,,,0,70,,19556,13,,,0,30,,19551,13,,,0,70,,19535,13,,,0,30,,19545,13,,,0,70,,19557,13,,,0,30,,19552,13,,,0,70,,19533,13,,,0,30,,19546,13,,,0,70,,19558,13,,,0,100,,19534,13,,,0,100,,19559,13,,,0,100,,19536,13,,,0,100,,19547,13,,,0,99,,19561,13,,,0
2019,'1838',647,,35124,13,,,0,70,,35101,13,,,0,30,,35105,13,,,0,70,,35117,13,,,0,30,,35112,13,,,0,70,,35102,13,,,0,30,,35106,13,,,0,70,,35118,13,,,0,30,,35113,13,,,0,70,,35103,13,,,0,30,,35107,13,,,0,70,,35119,13,,,0,30,,35114,13,,,0,70,,35104,13,,,0,30,,35108,13,,,0,70,,35120,13,,,0,30,,35115,13,,,0,70,,35099,13,,,0,30,,35109,13,,,0,70,,35121,13,,,0,30,,35116,13,,,0,70,,35097,13,,,0,30,,35110,13,,,0,70,,35122,13,,,0,100,,35098,13,,,0,100,,35123,13,,,0,100,,35100,13,,,0,100,,35111,13,,,0,99,,35125,13,,,0
2019,'1850',442,,28647,4,0,5 2 13 14,0,175,,28616,13,,,0,30,,28617,13,,,0,70,,28618,13,,,0,30,,28619,13,,,0,71,,28620,13,,,0,29,,28621,13,,,0,70,,28622,13,,,0,30,,28623,13,,,0,70,,28624,13,,,0,30,,28625,13,,,0,70,,28626,13,,,0,30,,28627,13,,,0,70,,28628,13,,,0,30,,28629,13,,,0,70,,28630,13,,,0,30,,28631,13,,,0,70,,28632,13,,,0,30,,28633,13,,,0,70,,28634,13,,,0,30,,28635,13,,,0,70,,28636,13,,,0,30,,28637,13,,,0,70,,28638,13,,,0,30,,28639,13,,,0,70,,28640,13,,,0,30,,28646,13,,,0,70,,28641,13,,,0,100,,28642,13,,,0,100,,28643,13,,,0,100,,28644,13,,,0,100,,28645,13,,,0
2019,'1857',617,,19412,13,,,0,30,,19413,13,,,0,70,,19414,13,,,0,30,,19415,13,,,0,71,,19416,13,,,0,29,,19417,13,,,0,70,,19418,13,,,0,30,,19419,13,,,0,70,,19420,13,,,0,30,,19421,13,,,0,70,,19422,13,,,0,30,,19423,13,,,0,70,,19424,13,,,0,30,,19425,13,,,0,70,,19426,13,,,0,30,,19427,13,,,0,70,,19428,13,,,0,30,,19429,13,,,0,70,,19430,13,,,0,30,,19431,13,,,0,70,,19432,13,,,0,30,,19433,13,,,0,70,,19434,13,,,0,30,,19435,13,,,0,70,,19436,13,,,0,30,,19442,13,,,0,70,,19437,13,,,0,100,,19438,13,,,0,100,,19439,13,,,0,100,,19440,13,,,0,100,,19441,13,,,0
2019,'1859',617,,19444,4,,,0,30,,19451,13,,,0,70,,19460,13,,,0,30,,19467,13,,,0,70,,19445,13,,,0,30,,19452,13,,,0,70,,19461,13,,,0,30,,19468,13,,,0,70,,19446,13,,,0,30,,19453,13,,,0,70,,19462,13,,,0,30,,19469,13,,,0,70,,19447,13,,,0,30,,19454,13,,,0,70,,19463,13,,,0,30,,19470,13,,,0,70,,19448,13,,,0,30,,19455,13,,,0,70,,19464,13,,,0,30,,19471,13,,,0,70,,19449,13,,,0,30,,19456,13,,,0,70,,19465,13,,,0,30,,19472,13,,,0,70,,19450,13,,,0,30,,19457,13,,,0,70,,19466,13,,,0,100,,19458,13,,,0,100,,19473,13,,,0,100,,19459,13,,,0,100,,19474,13,,,0
2019,'1861',647,,19502,13,,,0,70,,19479,13,,,0,30,,19483,13,,,0,70,,19495,13,,,0,30,,19490,13,,,0,70,,19480,13,,,0,30,,19484,13,,,0,70,,19496,13,,,0,30,,19491,13,,,0,70,,19481,13,,,0,30,,19485,13,,,0,70,,19497,13,,,0,30,,19492,13,,,0,70,,19482,13,,,0,30,,19486,13,,,0,70,,19498,13,,,0,30,,19493,13,,,0,70,,19477,13,,,0,30,,19487,13,,,0,70,,19499,13,,,0,30,,19494,13,,,0,70,,19475,13,,,0,30,,19488,13,,,0,70,,19500,13,,,0,100,,19476,13,,,0,100,,19501,13,,,0,100,,19478,13,,,0,100,,19489,13,,,0,99,,19503,13,,,0
2019,'1864',442,,35126,4,0,5 2 13 14,0
2019,'1865',442,,35158,4,0,5 2 13 14,0,175,,35127,13,,,0,30,,35128,13,,,0,70,,35129,13,,,0,30,,35130,13,,,0,71,,35131,13,,,0,29,,35132,13,,,0,70,,35133,13,,,0,30,,35134,13,,,0,70,,35135,13,,,0,30,,35136,13,,,0,70,,35137,13,,,0,30,,35138,13,,,0,70,,35139,13,,,0,30,,35140,13,,,0,70,,35141,13,,,0,30,,35142,13,,,0,70,,35143,13,,,0,30,,35144,13,,,0,70,,35145,13,,,0,30,,35146,13,,,0,70,,35147,13,,,0,30,,35148,13,,,0,70,,35149,13,,,0,30,,35150,13,,,0,70,,35151,13,,,0,30,,35157,13,,,0,70,,35152,13,,,0,100,,35153,13,,,0,100,,35154,13,,,0,100,,35155,13,,,0,100,,35156,13,,,0
2019,'1866',617,,35159,4,,,0,30,,35166,13,,,0,70,,35175,13,,,0,30,,35182,13,,,0,70,,35160,13,,,0,30,,35167,13,,,0,70,,35176,13,,,0,30,,35183,13,,,0,70,,35161,13,,,0,30,,35168,13,,,0,70,,35177,13,,,0,30,,35184,13,,,0,70,,35162,13,,,0,30,,35169,13,,,0,70,,35178,13,,,0,30,,35185,13,,,0,70,,35163,13,,,0,30,,35170,13,,,0,70,,35179,13,,,0,30,,35186,13,,,0,70,,35164,13,,,0,30,,35171,13,,,0,70,,35180,13,,,0,30,,35187,13,,,0,70,,35165,13,,,0,30,,35172,13,,,0,70,,35181,13,,,0,100,,35173,13,,,0,100,,35188,13,,,0,100,,35174,13,,,0,100,,35189,13,,,0
2019,'1867',647,,35217,13,,,0,70,,35194,13,,,0,30,,35198,13,,,0,70,,35210,13,,,0,30,,35205,13,,,0,70,,35195,13,,,0,30,,35199,13,,,0,70,,35211,13,,,0,30,,35206,13,,,0,70,,35196,13,,,0,30,,35200,13,,,0,70,,35212,13,,,0,30,,35207,13,,,0,70,,35197,13,,,0,30,,35201,13,,,0,70,,35213,13,,,0,30,,35208,13,,,0,70,,35192,13,,,0,30,,35202,13,,,0,70,,35214,13,,,0,30,,35209,13,,,0,70,,35190,13,,,0,30,,35203,13,,,0,70,,35215,13,,,0,100,,35191,13,,,0,100,,35216,13,,,0,100,,35193,13,,,0,100,,35204,13,,,0,99,,35218,13,,,0
32019,'1800',623,,31582,3,,,0,95,,31583,3,,,0,100,,31584,3,,,0,100,,31585,3,,,0,100,,31586,3,,,0,100,,31587,3,,,0,100,,31588,3,,,0,100,,31589,3,,,0,100,,31590,3,,,0,100,,31591,3,,,0,100,,31592,3,,,0,100,,31593,3,,,0,100,,31594,3,,,0,100,,31595,3,,,0,100,,31596,3,,,0,100,,31597,3,,,0,100,,31598,3,,,0,95,,31600,3,0,5 2 8 7,0
32019,'1838',623,,38343,3,,,0,95,,38344,3,,,0,100,,38345,3,,,0,100,,38346,3,,,0,100,,38347,3,,,0,100,,38348,3,,,0,100,,38349,3,,,0,100,,38350,3,,,0,100,,38351,3,,,0,100,,38352,3,,,0,100,,38353,3,,,0,100,,38354,3,,,0,100,,38355,3,,,0,100,,38356,3,,,0,100,,38357,3,,,0,100,,38358,3,,,0,100,,38359,3,,,0,95,,38361,3,0,5 2 8 7,0
32019,'1850',623,,31684,3,,,0,26,,31700,3,,,0,69,,31679,3,,,0,30,,31695,3,,,0,70,,31705,3,,,0,30,,31689,3,,,0,70,,31687,3,,,0,30,,31699,3,,,0,70,,31677,3,,,0,30,,31693,3,,,0,70,,31704,3,,,0,30,,31691,3,,,0,70,,31686,3,,,0,30,,31698,3,,,0,70,,31680,3,,,0,30,,31692,3,,,0,69,,31703,3,,,0,30,,31690,3,,,0,71,,31683,3,,,0,30,,31697,3,,,0,70,,31676,3,,,0,30,,31694,3,,,0,70,,31702,3,,,0,30,,31688,3,,,0,70,,31685,3,,,0,30,,31696,3,,,0,70,,31681,3,,,0,100,,31701,3,,,0,100,,31682,3,,,0,100,,31678,3,,,0,95,,31711,3,0,5 2 8 7,0
32019,'1859',623,,31631,3,,,0,25,,31648,3,,,0,70,,31625,3,,,0,30,,31642,3,,,0,70,,31649,3,,,0,30,,31637,3,,,0,70,,31630,3,,,0,30,,31647,3,,,0,70,,31624,3,,,0,30,,31641,3,,,0,70,,31652,3,,,0,30,,31636,3,,,0,70,,31629,3,,,0,30,,31646,3,,,0,70,,31623,3,,,0,30,,31640,3,,,0,70,,31651,3,,,0,30,,31635,3,,,0,70,,31628,3,,,0,30,,31645,3,,,0,70,,31622,3,,,0,30,,31639,3,,,0,70,,31653,3,,,0,30,,31634,3,,,0,70,,31627,3,,,0,30,,31643,3,,,0,70,,31621,3,,,0,100,,31650,3,,,0,100,,31626,3,,,0,100,,31620,3,,,0,100,,31654,3,0,5 2 8 7,0
32019,'1861',623,,31657,3,,,0,95,,31658,3,,,0,100,,31659,3,,,0,100,,31660,3,,,0,100,,31661,3,,,0,100,,31662,3,,,0,100,,31663,3,,,0,100,,31664,3,,,0,100,,31665,3,,,0,100,,31666,3,,,0,100,,31667,3,,,0,100,,31668,3,,,0,100,,31669,3,,,0,100,,31670,3,,,0,100,,31671,3,,,0,100,,31672,3,,,0,100,,31673,3,,,0,95,,31675,3,0,5 2 8 7,0
32019,'1864',623,,38370,3,,,0,26,,38386,3,,,0,69,,38365,3,,,0,30,,38381,3,,,0,70,,38391,3,,,0,30,,38375,3,,,0,70,,38373,3,,,0,30,,38385,3,,,0,70,,38363,3,,,0,30,,38379,3,,,0,70,,38390,3,,,0,30,,38377,3,,,0,70,,38372,3,,,0,30,,38384,3,,,0,70,,38366,3,,,0,30,,38378,3,,,0,69,,38389,3,,,0,30,,38376,3,,,0,71,,38369,3,,,0,30,,38383,3,,,0,70,,38362,3,,,0,30,,38380,3,,,0,70,,38388,3,,,0,30,,38374,3,,,0,70,,38371,3,,,0,30,,38382,3,,,0,70,,38367,3,,,0,100,,38387,3,,,0,100,,38368,3,,,0,100,,38364,3,,,0,95,,38397,3,0,5 2 8 7,0
32019,'1865',623,,38407,3,,,0,26,,38423,3,,,0,69,,38402,3,,,0,30,,38418,3,,,0,70,,38428,3,,,0,30,,38412,3,,,0,70,,38410,3,,,0,30,,38422,3,,,0,70,,38400,3,,,0,30,,38416,3,,,0,70,,38427,3,,,0,30,,38414,3,,,0,70,,38409,3,,,0,30,,38421,3,,,0,70,,38403,3,,,0,30,,38415,3,,,0,69,,38426,3,,,0,30,,38413,3,,,0,71,,38406,3,,,0,30,,38420,3,,,0,70,,38399,3,,,0,30,,38417,3,,,0,70,,38425,3,,,0,30,,38411,3,,,0,70,,38408,3,,,0,30,,38419,3,,,0,70,,38404,3,,,0,100,,38424,3,,,0,100,,38405,3,,,0,100,,38401,3,,,0,95,,38434,3,0,5 2 8 7,0
32019,'1866',623,,38448,3,,,0,25,,38465,3,,,0,70,,38442,3,,,0,30,,38459,3,,,0,70,,38466,3,,,0,30,,38454,3,,,0,70,,38447,3,,,0,30,,38464,3,,,0,70,,38441,3,,,0,30,,38458,3,,,0,70,,38469,3,,,0,30,,38453,3,,,0,70,,38446,3,,,0,30,,38463,3,,,0,70,,38440,3,,,0,30,,38457,3,,,0,70,,38468,3,,,0,30,,38452,3,,,0,70,,38445,3,,,0,30,,38462,3,,,0,70,,38439,3,,,0,30,,38456,3,,,0,70,,38470,3,,,0,30,,38451,3,,,0,70,,38444,3,,,0,30,,38460,3,,,0,70,,38438,3,,,0,100,,38467,3,,,0,100,,38443,3,,,0,100,,38437,3,,,0,100,,38471,3,0,5 2 8 7,0
32019,'1867',623,,38474,3,,,0,95,,38475,3,,,0,100,,38476,3,,,0,100,,38477,3,,,0,100,,38478,3,,,0,100,,38479,3,,,0,100,,38480,3,,,0,100,,38481,3,,,0,100,,38482,3,,,0,100,,38483,3,,,0,100,,38484,3,,,0,100,,38485,3,,,0,100,,38486,3,,,0,100,,38487,3,,,0,100,,38488,3,,,0,100,,38489,3,,,0,100,,38490,3,,,0,95,,38492,3,0,5 2 8 7,0
14000001019,'1800',2412,,34757,20,,,0,30,,41971,20,,,0,70,,24911,20,,,0,30,,34758,20,,,0,70,,41970,20,,,0
14000001019,'1838',2412,,41975,20,,,0,30,,41974,20,,,0,70,,41972,20,,,0,30,,41976,20,,,0,70,,41973,20,,,0
14000001019,'1850',2412,,34775,20,,,0,30,,34772,20,,,0,70,,34773,20,,,0,30,,34774,20,,,0,70,,34771,20,,,0
14000001019,'1857',2512,,24893,20,,,0
14000001019,'1859',2412,,34766,20,,,0,30,,34763,20,,,0,70,,24899,20,,,0,30,,34765,20,,,0,70,,34764,20,,,0
14000001019,'1861',2412,,34769,20,,,0,100,,24901,20,,,0,30,,34770,20,,,0
14000001019,'1863',2442,,41978,20,,,0,170,,41977,20,,,0
14000001019,'1864',2412,,41982,20,,,0,30,,41980,20,,,0,100,,41981,20,,,0,70,,41979,20,,,0
14000001019,'1865',2412,,41987,20,,,0,30,,41984,20,,,0,70,,41985,20,,,0,30,,41986,20,,,0,70,,41983,20,,,0
14000001019,'1866',2412,,41992,20,,,0,30,,41988,20,,,0,70,,41991,20,,,0,30,,41990,20,,,0,70,,41989,20,,,0
14000001019,'1867',2412,,41996,20,,,0,30,,41995,20,,,0,70,,41993,20,,,0,30,,41997,20,,,0,70,,41994,20,,,0
