1029,'1800',558,,28457,10,,,0,98,,28458,10,,,0,100,,28459,10,,,0,100,,28460,10,,,0,101,,28461,10,,,0,100,,28462,10,,,0,100,,28463,10,,,0,100,,28464,10,,,0,100,,28465,10,,,0,100,,28466,10,,,0,99,,28467,10,,,0,100,,28468,10,,,0,100,,28469,10,,,0,100,,28470,10,,,0,100,,28471,10,,,0,100,,28472,10,,,0,99,,28473,10,,,0,100,,28474,10,,,0
1029,'1838',558,,28475,10,,,0,98,,28476,10,,,0,100,,28477,10,,,0,100,,28478,10,,,0,101,,28479,10,,,0,100,,28480,10,,,0,100,,28481,10,,,0,100,,28482,10,,,0,100,,28483,10,,,0,100,,28484,10,,,0,99,,28485,10,,,0,100,,28486,10,,,0,100,,28487,10,,,0,100,,28488,10,,,0,100,,28489,10,,,0,100,,28490,10,,,0,99,,28491,10,,,0,100,,28492,10,,,0
1029,'1841',556,,19297,10,,,0,71,,19298,10,,,0,25,,19318,10,,,0,69,,19294,10,,,0,30,,24959,10,,,0,70,,19322,10,,,0,30,,19292,10,,,0,71,,24961,10,,,0,30,,19317,10,,,0,70,,19296,10,,,0,30,,19288,10,,,0,70,,19321,10,,,0,30,,19293,10,,,0,70,,19300,10,,,0,30,,19316,10,,,0,70,,19295,10,,,0,30,,24960,10,,,0,71,,19319,10,,,0,32,,19291,10,,,0,70,,24962,10,,,0,29,,24964,10,,,0,69,,19304,10,,,0,30,,19303,10,,,0,70,,19302,10,,,0,34,,19308,10,,,0,70,,19307,10,,,0,30,,19306,10,,,0,70,,19305,10,,,0,29,,19320,10,,,0,70,,19314,10,,,0,30,,24963,10,,,0,70,,19312,10,,,0,30,,19311,10,,,0,70,,19310,10,,,0,25,,19309,10,,,0
1029,'1848',558,,28498,10,,,0,68,,28510,10,,,0,30,,28517,10,,,0,70,,28505,10,,,0,30,,28526,10,,,0,70,,28514,10,,,0,30,,28497,10,,,0,71,,28509,10,,,0,30,,28520,10,,,0,70,,28504,10,,,0,30,,28527,10,,,0,70,,28513,10,,,0,30,,28496,10,,,0,70,,28508,10,,,0,30,,28519,10,,,0,70,,28503,10,,,0,30,,28499,10,,,0,70,,28512,10,,,0,30,,28495,10,,,0,70,,28507,10,,,0,29,,28515,10,,,0,70,,28502,10,,,0,30,,28524,10,,,0,70,,28511,10,,,0,30,,28494,10,,,0,70,,28506,10,,,0,30,,28518,10,,,0,70,,28500,10,,,0,30,,28522,10,,,0,70,,28521,10,,,0,30,,28493,10,,,0,70,,28501,10,,,0,29,,28516,10,,,0,70,,28525,10,,,0,30,,28523,10,,,0
1029,'1849',558,,28528,10,,,0,98,,28529,10,,,0,100,,28530,10,,,0,100,,28531,10,,,0,101,,28532,10,,,0,100,,28533,10,,,0,100,,28534,10,,,0,100,,28535,10,,,0,100,,28536,10,,,0,100,,28537,10,,,0,99,,28538,10,,,0,100,,28539,10,,,0,100,,28540,10,,,0,100,,28541,10,,,0,100,,28542,10,,,0,100,,28543,10,,,0,99,,28544,10,,,0,100,,28545,10,,,0
1029,'1850',556,,28555,10,,,0,71,,28556,10,,,0,25,,28576,10,,,0,69,,28552,10,,,0,30,,28547,10,,,0,70,,28580,10,,,0,30,,28550,10,,,0,71,,28557,10,,,0,30,,28575,10,,,0,70,,28554,10,,,0,30,,28546,10,,,0,70,,28579,10,,,0,30,,28551,10,,,0,70,,28558,10,,,0,30,,28574,10,,,0,70,,28553,10,,,0,30,,28548,10,,,0,71,,28577,10,,,0,32,,28549,10,,,0,70,,28559,10,,,0,29,,28573,10,,,0,69,,28562,10,,,0,30,,28561,10,,,0,70,,28560,10,,,0,34,,28566,10,,,0,70,,28565,10,,,0,30,,28564,10,,,0,70,,28563,10,,,0,29,,28578,10,,,0,70,,28572,10,,,0,30,,28571,10,,,0,70,,28570,10,,,0,30,,28569,10,,,0,70,,28568,10,,,0,25,,28567,10,,,0
1029,'1852',556,,28590,10,,,0,71,,28591,10,,,0,25,,28611,10,,,0,69,,28587,10,,,0,30,,28582,10,,,0,70,,28615,10,,,0,30,,28585,10,,,0,71,,28592,10,,,0,30,,28610,10,,,0,70,,28589,10,,,0,30,,28581,10,,,0,70,,28614,10,,,0,30,,28586,10,,,0,70,,28593,10,,,0,30,,28609,10,,,0,70,,28588,10,,,0,30,,28583,10,,,0,71,,28612,10,,,0,32,,28584,10,,,0,70,,28594,10,,,0,29,,28608,10,,,0,69,,28597,10,,,0,30,,28596,10,,,0,70,,28595,10,,,0,34,,28601,10,,,0,70,,28600,10,,,0,30,,28599,10,,,0,70,,28598,10,,,0,29,,28613,10,,,0,70,,28607,10,,,0,30,,28606,10,,,0,70,,28605,10,,,0,30,,28604,10,,,0,70,,28603,10,,,0,25,,28602,10,,,0
7019,'1800',736,,29303,12,,,0,101,,29304,12,,,0,100,,29313,12,,,0,101,,29305,12,,,0,100,,29306,12,,,0,100,,29307,12,,,0,100,,29308,12,,,0,101,,29309,12,,,0,100,,29310,12,,,0,99,,29311,12,,,0,100,,29299,12,,,0,99,,29300,12,,,0,99,,29298,12,,,0,100,,29302,12,,,0,100,,29301,12,,,0
7019,'1838',736,,29338,12,,,0,101,,29339,12,,,0,100,,29348,12,,,0,101,,29340,12,,,0,100,,29341,12,,,0,100,,29342,12,,,0,100,,29343,12,,,0,101,,29344,12,,,0,100,,29345,12,,,0,99,,29346,12,,,0,100,,29334,12,,,0,99,,29335,12,,,0,99,,29333,12,,,0,100,,29337,12,,,0,100,,29336,12,,,0
7019,'1841',535,,25279,12,,,0,103,,25280,12,,,0,70,,25281,12,,,0,32,,25286,12,,,0,70,,20220,12,,,0,32,,20228,12,,,0,68,,25282,12,,,0,30,,20229,12,,,0,70,,25283,12,,,0,30,,25287,12,,,0,70,,20223,12,,,0,30,,25288,12,,,0,70,,20224,12,,,0,30,,25289,12,,,0,70,,25284,12,,,0,30,,20233,12,,,0,71,,25285,12,,,0,31,,25301,12,,,0,73,,25302,12,,,0,28,,25303,12,,,0,70,,25304,12,,,0,30,,25290,12,,,0,68,,25291,12,,,0,30,,20235,12,,,0,70,,25293,12,,,0,28,,25294,12,,,0,70,,25295,12,,,0,28,,25296,12,,,0,70,,25297,12,,,0,30,,25298,12,,,0,100,,25299,12,,,0,99,,25300,12,,,0,100,,25292,12,,,0
7019,'1848',637,,29380,12,,,0,69,,29373,12,,,0,30,,29381,12,,,0,70,,29374,12,,,0,31,,29382,12,,,0,70,,29375,12,,,0,30,,29383,12,,,0,71,,29376,12,,,0,30,,29384,12,,,0,70,,29377,12,,,0,30,,29385,12,,,0,70,,29378,12,,,0,30,,29386,12,,,0,70,,29379,12,,,0,30,,29387,12,,,0,70,,29392,12,,,0,31,,29388,12,,,0,70,,29394,12,,,0,30,,29389,12,,,0,70,,29393,12,,,0,29,,29390,12,,,0,70,,29395,12,,,0,30,,29391,12,,,0,70,,29398,12,,,0,29,,29368,12,,,0,69,,29396,12,,,0,30,,29369,12,,,0,70,,29397,12,,,0,30,,29370,12,,,0,100,,29371,12,,,0,100,,29372,12,,,0
7019,'1849',736,,29407,12,,,0,101,,29408,12,,,0,100,,29417,12,,,0,101,,29409,12,,,0,100,,29410,12,,,0,100,,29411,12,,,0,100,,29412,12,,,0,101,,29413,12,,,0,100,,29414,12,,,0,99,,29415,12,,,0,100,,29403,12,,,0,99,,29404,12,,,0,99,,29402,12,,,0,100,,29406,12,,,0,100,,29405,12,,,0
7019,'1850',535,,29438,12,,,0,103,,29439,12,,,0,70,,29440,12,,,0,32,,29448,12,,,0,70,,29441,12,,,0,32,,29449,12,,,0,68,,29442,12,,,0,30,,29450,12,,,0,70,,29443,12,,,0,30,,29451,12,,,0,70,,29444,12,,,0,30,,29452,12,,,0,70,,29445,12,,,0,30,,29453,12,,,0,70,,29446,12,,,0,30,,29454,12,,,0,71,,29447,12,,,0,31,,29467,12,,,0,73,,29468,12,,,0,28,,29469,12,,,0,70,,29470,12,,,0,30,,29455,12,,,0,68,,29457,12,,,0,30,,29456,12,,,0,70,,29459,12,,,0,28,,29460,12,,,0,70,,29461,12,,,0,28,,29462,12,,,0,70,,29463,12,,,0,30,,29464,12,,,0,100,,29465,12,,,0,99,,29466,12,,,0,100,,29458,12,,,0
7019,'1852',535,,29476,12,,,0,103,,29477,12,,,0,70,,29478,12,,,0,32,,29486,12,,,0,70,,29479,12,,,0,32,,29487,12,,,0,68,,29480,12,,,0,30,,29488,12,,,0,70,,29481,12,,,0,30,,29489,12,,,0,70,,29482,12,,,0,30,,29490,12,,,0,70,,29483,12,,,0,30,,29491,12,,,0,70,,29484,12,,,0,30,,29492,12,,,0,71,,29485,12,,,0,31,,29505,12,,,0,73,,29506,12,,,0,28,,29507,12,,,0,70,,29508,12,,,0,30,,29493,12,,,0,68,,29495,12,,,0,30,,29494,12,,,0,70,,29497,12,,,0,28,,29498,12,,,0,70,,29499,12,,,0,28,,29500,12,,,0,70,,29501,12,,,0,30,,29502,12,,,0,100,,29503,12,,,0,99,,29504,12,,,0,100,,29496,12,,,0
