7019,'1796',512,,20216,5,,,0,36,,20217,24,,,0,72,,20250,5,,,0,31,,20218,24,,,0,71,,20219,24,,,0,32,,20227,24,,,0,72,,20220,24,,,0,30,,20228,24,,,0,68,,20221,24,,,0,30,,20229,24,,,0,70,,20222,24,,,0,30,,20230,24,,,0,70,,20223,24,,,0,30,,20231,24,,,0,70,,20224,24,,,0,30,,20232,24,,,0,70,,20225,24,,,0,30,,20233,24,,,0,72,,20226,24,,,0,33,,20246,24,,,0,73,,20247,24,,,0,14,,20253,5,,,0,12,,20248,24,,,0,70,,20249,24,,,0,30,,20234,24,,,0,68,,20236,24,,,0,28,,20235,24,,,0,70,,20238,24,,,0,28,,20239,24,,,0,70,,20240,24,,,0,27,,20241,24,,,0,70,,20242,24,,,0,30,,20243,24,,,0,69,,20252,5,,,0,31,,20244,24,,,0,71,,20251,9,,,0,28,,20245,24,,,0,100,,20237,24,,,0
7019,'1797',621,,20285,5,,,0,28,,20266,24,,,0,70,,20259,24,,,0,30,,20267,24,,,0,70,,20260,24,,,0,31,,20268,24,,,0,70,,20261,24,,,0,30,,20269,24,,,0,71,,20262,24,,,0,30,,20270,24,,,0,70,,20263,24,,,0,30,,20271,24,,,0,70,,20264,24,,,0,30,,20272,24,,,0,70,,20265,24,,,0,30,,20273,24,,,0,70,,20278,24,,,0,31,,20274,24,,,0,70,,20280,24,,,0,30,,20275,24,,,0,70,,20279,24,,,0,29,,20276,24,,,0,70,,20281,24,,,0,30,,20277,24,,,0,70,,20284,24,,,0,29,,20254,24,,,0,69,,20282,24,,,0,30,,20255,24,,,0,69,,20283,24,,,0,30,,20256,24,,,0,70,,20287,5,,,0,30,,20257,24,,,0,72,,20286,9,,,0,28,,20258,24,,,0
7019,'1798',551,,20302,5,,,0,70,,20305,5,,,0,30,,20306,5,,,0,68,,20307,5,,,0,30,,20293,24,,,0,71,,20321,9,,,0,30,,20294,24,,,0,73,,20313,9,,,0,27,,20303,24,,,0,73,,20320,9,,,0,28,,20295,24,,,0,72,,20312,9,,,0,28,,20296,24,,,0,72,,20319,9,,,0,28,,20297,24,,,0,73,,20311,9,,,0,27,,20298,24,,,0,73,,20318,9,,,0,28,,20299,24,,,0,73,,20310,9,,,0,27,,20300,24,,,0,73,,20317,9,,,0,26,,20301,24,,,0,73,,20309,9,,,0,27,,20289,24,,,0,72,,20316,9,,,0,27,,20290,24,,,0,72,,20314,9,,,0,27,,20288,24,,,0,71,,20315,9,,,0,28,,20292,24,,,0,72,,20322,9,,,0,28,,20291,24,,,0,70,,20308,5,,,0,30,,20304,5,,,0
7019,'1799',551,,20337,5,,,0,70,,20340,5,,,0,30,,20341,5,,,0,68,,20342,5,,,0,30,,20328,24,,,0,71,,20356,9,,,0,30,,20329,24,,,0,73,,20348,9,,,0,27,,20338,24,,,0,73,,20355,9,,,0,28,,20330,24,,,0,72,,20347,9,,,0,28,,20331,24,,,0,72,,20354,9,,,0,28,,20332,24,,,0,73,,20346,9,,,0,27,,20333,24,,,0,73,,20353,9,,,0,28,,20334,24,,,0,73,,20345,9,,,0,27,,20335,24,,,0,73,,20352,9,,,0,26,,20336,24,,,0,73,,20344,9,,,0,27,,20324,24,,,0,72,,20351,9,,,0,27,,20325,24,,,0,72,,20349,9,,,0,27,,20323,24,,,0,71,,20350,9,,,0,28,,20327,24,,,0,72,,20357,9,,,0,28,,20326,24,,,0,70,,20343,5,,,0,30,,20339,5,,,0
7019,'1800',551,,20372,5,,,0,70,,20375,5,,,0,30,,20376,5,,,0,68,,20377,5,,,0,30,,20363,24,,,0,71,,20391,9,,,0,30,,20364,24,,,0,73,,20383,9,,,0,27,,20373,24,,,0,73,,20390,9,,,0,28,,20365,24,,,0,72,,20382,9,,,0,28,,20366,24,,,0,72,,20389,9,,,0,28,,20367,24,,,0,73,,20381,9,,,0,27,,20368,24,,,0,73,,20388,9,,,0,28,,20369,24,,,0,73,,20380,9,,,0,27,,20370,24,,,0,73,,20387,9,,,0,26,,20371,24,,,0,73,,20379,9,,,0,27,,20359,24,,,0,72,,20386,9,,,0,27,,20360,24,,,0,72,,20384,9,,,0,27,,20358,24,,,0,71,,20385,9,,,0,28,,20362,24,,,0,72,,20392,9,,,0,28,,20361,24,,,0,70,,20378,5,,,0,30,,20374,5,,,0
7019,'1816',649,,9977,24,,,0,301,,9980,24,,,0,271,,9975,24,,,0,30,,9983,24,,,0,170,,9989,24,,,0,101,,9991,24,,,0,30,,9986,24,,,0,298,,9965,24,,,0,298,,9968,24,,,0,72,,9997,9,,,0,28,,9969,24,,,0
7019,'1817',551,,17020,5,,,0,70,,17023,5,,,0,30,,17024,5,,,0,68,,17025,5,,,0,30,,9879,24,,,0,71,,17037,9,,,0,30,,9880,24,,,0,73,,17030,9,,,0,27,,17021,24,,,0,73,,17036,9,,,0,28,,9881,24,,,0,72,,17029,9,,,0,28,,9882,24,,,0,72,,17035,9,,,0,28,,17018,24,,,0,73,,17028,9,,,0,27,,9884,24,,,0,73,,17034,9,,,0,28,,9885,24,,,0,73,,17027,9,,,0,27,,17019,24,,,0,73,,17033,9,,,0,26,,9887,24,,,0,73,,17026,9,,,0,27,,9875,24,,,0,72,,17032,9,,,0,27,,17016,24,,,0,72,,9900,9,,,0,27,,9874,24,,,0,71,,17031,9,,,0,28,,9878,24,,,0,72,,9908,9,,,0,28,,17017,24,,,0,70,,9894,5,,,0,30,,17022,5,,,0
7019,'1824',621,,17088,5,,,0,98,,17069,24,,,0,30,,17075,24,,,0,70,,17070,24,,,0,31,,17076,24,,,0,70,,17071,24,,,0,101,,17072,24,,,0,30,,17077,24,,,0,70,,17073,24,,,0,30,,17078,24,,,0,170,,17074,24,,,0,30,,17079,24,,,0,101,,17080,24,,,0,170,,17083,24,,,0,29,,17081,24,,,0,70,,17084,24,,,0,30,,17082,24,,,0,70,,17087,24,,,0,98,,17085,24,,,0,30,,17067,24,,,0,69,,17086,24,,,0,30,,17068,24,,,0,70,,17089,5,,,0
11029,'1796',642,,20735,25,,,0,100,,20721,32,,,0,100,,20722,32,,,0,100,,20723,32,,,0,100,,20724,32,,,0,100,,20725,32,,,0,100,,20726,32,,,0,100,,20727,32,,,0,100,,20728,32,,,0,100,,20729,32,,,0,100,,20730,32,,,0,100,,20731,32,,,0,100,,20732,32,,,0,100,,20733,32,,,0,100,,20734,32,,,0,95,,20720,32,,,0
11029,'1797',641,,20736,25,,,0,98,,20750,32,,,0,102,,20737,32,,,0,100,,20738,32,,,0,101,,20739,32,,,0,103,,20740,32,,,0,100,,20741,32,,,0,100,,20742,32,,,0,100,,20743,32,,,0,100,,20744,32,,,0,100,,20745,32,,,0,97,,20746,32,,,0,100,,20747,32,,,0,99,,20748,32,,,0,101,,20749,32,,,0
11029,'1798',841,,20751,32,,,0,100,,20752,32,,,0,104,,20753,32,,,0,100,,20754,32,,,0,100,,20755,32,,,0,100,,20756,32,,,0,100,,20757,32,,,0,100,,20758,32,,,0,100,,20759,32,,,0,97,,20760,32,,,0,99,,20761,32,,,0,101,,20762,32,,,0,95,,20763,32,,,0
11029,'1799',841,,20764,32,,,0,100,,20765,32,,,0,104,,20766,32,,,0,100,,20767,32,,,0,100,,20768,32,,,0,100,,20769,32,,,0,100,,20770,32,,,0,100,,20771,32,,,0,100,,20772,32,,,0,97,,20773,32,,,0,99,,20774,32,,,0,101,,20775,32,,,0,95,,20776,32,,,0
11029,'1800',841,,20777,32,,,0,100,,20778,32,,,0,104,,20779,32,,,0,100,,20780,32,,,0,100,,20781,32,,,0,100,,20782,32,,,0,100,,20783,32,,,0,100,,20784,32,,,0,100,,20785,32,,,0,97,,20786,32,,,0,99,,20787,32,,,0,101,,20788,32,,,0,95,,20789,32,,,0
11029,'1816',1345,,10361,32,,,0,200,,10363,32,,,0,100,,10364,32,,,0
11029,'1817',841,,17214,32,,,0,100,,17215,32,,,0,104,,17216,32,,,0,100,,17217,32,,,0,100,,17218,32,,,0,100,,17219,32,,,0,100,,17220,32,,,0,100,,17221,32,,,0,100,,17222,32,,,0,97,,17223,32,,,0,99,,17224,32,,,0,101,,17225,32,,,0,95,,10330,32,,,0
11029,'1824',641,,17238,25,,,0,98,,17249,32,,,0,102,,17239,32,,,0,100,,17240,32,,,0,101,,17241,32,,,0,103,,17242,32,,,0,100,,17243,32,,,0,200,,17244,32,,,0,297,,17245,32,,,0,100,,17246,32,,,0,99,,17247,32,,,0,101,,17248,32,,,0
