11019,'1838',910,,44732,17,,,0,100,,44733,17,,,0,103,,44734,17,,,0,100,,44735,17,,,0,100,,44736,17,,,0,100,,44737,17,,,0,100,,44738,17,,,0,100,,44739,17,,,0,100,,44740,17,,,0,97,,44741,17,,,0,99,,36461,17,,,0,100,,44742,17,,,0
11019,'1865',710,,36492,17,,,0,100,,36493,17,,,0,100,,44743,17,,,0,100,,44744,17,,,0,100,,44745,17,,,0,100,,44746,17,,,0,100,,44747,17,,,0,100,,44748,17,,,0,99,,44749,17,,,0,100,,42458,17,,,0,100,,44750,17,,,0,101,,44751,17,,,0,100,,44752,17,,,0,100,,36505,17,,,0,98,,44753,17,,,0
11019,'1866',709,,44757,17,,,0,100,,44758,17,,,0,101,,44759,17,,,0,100,,44760,17,,,0,100,,44761,17,,,0,103,,44762,17,,,0,100,,44763,17,,,0,100,,36517,17,,,0,100,,44764,17,,,0,100,,36519,17,,,0,100,,36520,17,,,0,97,,44765,17,,,0,99,,44755,17,,,0,100,,44756,17,,,0
11019,'1867',910,,44767,17,,,0,100,,44768,17,,,0,103,,44769,17,,,0,100,,44770,17,,,0,100,,44771,17,,,0,100,,44772,17,,,0,100,,44773,17,,,0,100,,44774,17,,,0,100,,44775,17,,,0,97,,44776,17,,,0,99,,36533,17,,,0,100,,44777,17,,,0
11019,'1873',1413,,29875,17,,,0,200,,29877,17,,,0,100,,29878,17,,,0
11019,'1878',1909,,29891,17,,,0
11019,'1881',910,,29912,17,,,0,100,,42468,17,,,0,100,,29914,17,,,0,100,,36483,17,,,0,100,,36484,17,,,0,100,,36485,17,,,0,99,,36486,17,,,0,200,,36488,17,,,0,101,,36489,17,,,0,100,,36490,17,,,0,198,,42470,17,,,0
11019,'1882',710,,29910,17,,,0,100,,29911,17,,,0,799,,42469,17,,,0,401,,29923,17,,,0
11019,'1886',910,,44778,17,,,0,100,,44779,17,,,0,100,,44780,17,,,0,100,,44781,17,,,0,100,,44782,17,,,0,100,,44783,17,,,0,99,,44784,17,,,0,200,,44785,17,,,0,101,,44786,17,,,0,100,,44787,17,,,0,198,,44788,17,,,0
11019,'1887',709,,44792,17,,,0,100,,44793,17,,,0,101,,44794,17,,,0,100,,44795,17,,,0,100,,44796,17,,,0,103,,44797,17,,,0,100,,44798,17,,,0,200,,44799,17,,,0,297,,44800,17,,,0,99,,44790,17,,,0,100,,44791,17,,,0
11019,'1888',910,,44802,17,,,0,100,,44803,17,,,0,103,,44804,17,,,0,100,,44805,17,,,0,100,,44806,17,,,0,100,,44807,17,,,0,100,,44808,17,,,0,100,,44809,17,,,0,100,,44810,17,,,0,97,,44811,17,,,0,199,,44812,17,,,0
