4029,'1817',718,,16827,2,,,0,30,,16829,2,,,0,70,,16825,2,,,0,30,,16828,2,,,0,69,,16826,2,,,0,30,,16818,2,,,0,68,,16821,2,,,0,30,,16806,2,,,0,70,,16811,2,,,0,30,,16814,2,,,0,68,,16817,2,,,0,30,,16819,2,,,0,70,,16807,2,,,0,30,,16810,2,,,0,70,,16813,2,,,0,30,,16816,2,,,0,70,,16820,2,,,0,30,,16808,2,,,0,70,,16809,2,,,0,30,,16812,2,,,0,70,,16815,2,,,0,30,,16833,2,,,0,70,,16832,2,,,0,35,,16834,2,,,0,70,,16831,2,,,0,30,,16824,2,,,0,70,,16830,2,,,0,30,,16822,2,,,0,100,,16823,2,,,0
4029,'1820',618,,13946,2,,,0,30,,13947,2,,,0,70,,13948,2,,,0,24,,13949,2,,,0,76,,13950,2,,,0,24,,13951,2,,,0,71,,13952,2,,,0,30,,13953,2,,,0,70,,13954,2,,,0,30,,13955,2,,,0,70,,13956,2,,,0,31,,13957,2,,,0,70,,13958,2,,,0,30,,13959,2,,,0,70,,13960,2,,,0,30,,13961,2,,,0,70,,13962,2,,,0,35,,13963,2,,,0,65,,13964,2,,,0,36,,13965,2,,,0,64,,13966,2,,,0,36,,13967,2,,,0,64,,13968,2,,,0,36,,13969,2,,,0,67,,13970,2,,,0,31,,13971,2,,,0,70,,13972,2,,,0,30,,13973,2,,,0,70,,13974,2,,,0,30,,13975,2,,,0,70,,13976,2,,,0,30,,13977,2,,,0
4029,'1823',618,,16835,2,,,0,30,,16836,2,,,0,70,,16837,2,,,0,24,,16838,2,,,0,76,,16839,2,,,0,24,,16840,2,,,0,71,,16841,2,,,0,30,,16842,2,,,0,70,,16843,2,,,0,30,,16844,2,,,0,70,,16845,2,,,0,31,,16846,2,,,0,70,,16847,2,,,0,30,,16848,2,,,0,70,,16849,2,,,0,30,,16850,2,,,0,70,,16851,2,,,0,35,,16852,2,,,0,65,,16853,2,,,0,36,,16854,2,,,0,64,,16855,2,,,0,36,,16856,2,,,0,64,,16857,2,,,0,36,,16858,2,,,0,67,,16859,2,,,0,31,,16860,2,,,0,70,,16861,2,,,0,30,,16862,2,,,0,70,,16863,2,,,0,30,,16864,2,,,0,70,,16865,2,,,0,30,,16866,2,,,0
4029,'1824',620,,16891,2,,,0,28,,16892,2,,,0,70,,16893,2,,,0,30,,16894,2,,,0,70,,16895,2,,,0,30,,16896,2,,,0,69,,16897,2,,,0,30,,16884,2,,,0,70,,16878,2,,,0,28,,16871,2,,,0,70,,16882,2,,,0,28,,16888,2,,,0,70,,16883,2,,,0,30,,16870,2,,,0,70,,16875,2,,,0,30,,16886,2,,,0,70,,16869,2,,,0,30,,16885,2,,,0,70,,16880,2,,,0,30,,16872,2,,,0,70,,16867,2,,,0,30,,16887,2,,,0,70,,16890,2,,,0,30,,16881,2,,,0,70,,16876,2,,,0,30,,16898,2,,,0,75,,16873,2,,,0,30,,16868,2,,,0,70,,16874,2,,,0,30,,16879,2,,,0,70,,16889,2,,,0,30,,16877,2,,,0
7029,'1816',903,,10101,2,,,0,230,,10090,2,,,0,70,,10104,2,,,0,130,,10092,2,,,0,100,,10093,2,,,0,70,,10107,2,,,0,300,,10110,2,,,0,299,,10113,2,,,0,100,,10114,2,,,0,100,,10115,2,,,0
7029,'1817',703,,10035,2,,,0,100,,10036,2,,,0,100,,17091,2,,,0,100,,10038,2,,,0,100,,10039,2,,,0,100,,17092,2,,,0,100,,10041,2,,,0,100,,10042,2,,,0,100,,17093,2,,,0,100,,10044,2,,,0,100,,10045,2,,,0,100,,17094,2,,,0,100,,10047,2,,,0,99,,10048,2,,,0,100,,17090,2,,,0,230,,17095,2,0,13 14,0
7029,'1820',632,,14242,2,,,0,71,,10061,2,,,0,30,,10062,2,,,0,70,,10063,2,,,0,30,,14243,2,,,0,70,,14244,2,,,0,30,,14245,2,,,0,70,,14246,2,,,0,30,,10068,2,,,0,170,,10054,2,,,0,30,,10055,2,,,0,70,,14241,2,,,0,30,,14240,2,,,0,70,,10052,2,,,0,30,,10057,2,,,0,70,,14247,2,,,0,30,,14248,2,,,0,70,,14249,2,,,0,30,,10074,2,,,0,70,,14250,2,,,0,30,,10076,2,,,0,100,,14251,2,,,0,70,,14252,2,,,0,30,,14253,2,,,0,70,,14254,2,,,0,199,,14255,2,,,0
7029,'1821',502,,10058,2,,,0,100,,10059,2,,,0,501,,10069,2,,,0,30,,10070,2,,,0,670,,10077,2,,,0,299,,10082,2,,,0,200,,10084,2,,,0
7029,'1823',632,,17102,2,,,0,71,,17103,2,,,0,30,,17104,2,,,0,70,,17105,2,,,0,30,,17106,2,,,0,70,,17107,2,,,0,30,,17108,2,,,0,70,,17109,2,,,0,30,,17110,2,,,0,170,,17098,2,,,0,30,,17099,2,,,0,70,,17100,2,,,0,30,,17097,2,,,0,70,,17096,2,,,0,30,,17101,2,,,0,70,,17111,2,,,0,30,,17112,2,,,0,70,,17113,2,,,0,30,,17114,2,,,0,70,,17115,2,,,0,30,,17116,2,,,0,100,,17117,2,,,0,70,,17118,2,,,0,30,,17119,2,,,0,70,,17120,2,,,0,199,,17121,2,,,0
7029,'1824',634,,17122,2,,,0,70,,17133,2,,,0,30,,17123,2,,,0,69,,17134,2,,,0,30,,17124,2,,,0,100,,17125,2,,,0,70,,17135,2,,,0,30,,17126,2,,,0,70,,17136,2,,,0,130,,17127,2,,,0,70,,17137,2,,,0,100,,17138,2,,,0,130,,17128,2,,,0,70,,17139,2,,,0,30,,17129,2,,,0,70,,17140,2,,,0,30,,17130,2,,,0,100,,17131,2,,,0,70,,17141,2,,,0,30,,17132,2,,,0,69,,17142,2,,,0,330,,17143,2,0,13 14,0
20007019,'1816',2232,,13702,2,,,0
20007019,'1817',633,,19127,2,,,0,200,,19113,2,,,0,100,,19114,2,,,0,100,,19115,2,,,0,100,,19116,2,,,0,100,,19117,2,,,0,100,,19118,2,,,0,100,,19119,2,,,0,100,,19120,2,,,0,100,,19121,2,,,0,100,,19122,2,,,0,100,,19123,2,,,0,100,,19124,2,,,0,99,,19125,2,,,0,100,,19126,2,,,0,70,,13688,2,,,0,30,,19112,2,,,0,70,,19111,2,,,0
20007019,'1820',537,,13694,2,,,0,1495,,16477,2,,,0,300,,16479,2,,,0,100,,16478,2,,,0
20007019,'1821',2132,,13696,2,,,0,100,,13697,2,,,0
20007019,'1823',537,,19128,2,,,0,1495,,19129,2,,,0,300,,19131,2,,,0,100,,19130,2,,,0
20007019,'1824',2032,,19132,2,,,0,100,,19133,2,,,0
14000001019,'1816',2456,,9276,4,,,0
14000001019,'1817',2356,,19136,4,,,0,70,,19135,4,,,0,30,,13721,4,,,0,70,,19137,4,,,0,30,,19134,4,,,0
14000001019,'1820',2356,,16506,4,,,0,70,,16504,4,,,0,100,,16505,4,,,0,30,,16503,4,,,0
14000001019,'1821',2456,,9270,4,,,0
14000001019,'1823',2356,,19141,4,,,0,70,,19139,4,,,0,100,,19140,4,,,0,30,,19138,4,,,0
14000001019,'1824',2356,,19145,4,,,0,70,,19142,4,,,0,100,,19144,4,,,0,30,,19143,4,,,0
