13019,'1838',818,,36660,24,,,0,100,,36661,24,,,0,100,,36662,24,,,0,101,,36663,24,,,0,101,,36664,24,,,0,100,,36665,24,,,0,100,,36666,24,,,0,100,,36667,24,,,0,100,,36668,24,,,0,98,,36669,24,,,0,100,,36670,24,,,0,100,,36671,24,,,0,99,,42510,24,,,0,100,,36673,24,,,0,100,,42509,24,,,0
13019,'1857',628,,30123,24,,,0,30,,30124,24,,,0,70,,30125,24,,,0,30,,30126,24,,,0,96,,30127,24,,,0,100,,30128,24,,,0,200,,30130,24,,,0,100,,36688,24,,,0,100,,36689,24,,,0,173,,30135,24,,,0,231,,30144,24,,,0,97,,36694,24,,,0,100,,30143,24,,,0,99,,30142,24,,,0,98,,30141,24,,,0,71,,36695,3,,,0
13019,'1865',628,,36699,24,,,0,30,,36700,24,,,0,70,,36701,24,,,0,30,,36702,24,,,0,96,,36703,24,,,0,100,,36704,24,,,0,100,,42511,24,,,0,100,,36706,24,,,0,100,,36707,24,,,0,100,,36708,24,,,0,70,,42512,24,,,0,31,,42513,24,,,0,72,,36711,24,,,0,31,,42517,24,,,0,70,,42514,24,,,0,30,,42518,24,,,0,70,,42515,24,,,0,30,,36720,24,,,0,97,,36714,24,,,0,100,,36719,24,,,0,99,,36718,24,,,0,98,,36717,24,,,0,71,,36715,3,,,0,29,,42516,24,,,0
13019,'1866',717,,36723,24,,,0,101,,36724,24,,,0,100,,36725,24,,,0,100,,36726,24,,,0,101,,36727,24,,,0,101,,36728,24,,,0,100,,36729,24,,,0,100,,36730,24,,,0,100,,36731,24,,,0,100,,36732,24,,,0,98,,36733,24,,,0,100,,36734,24,,,0,100,,36735,24,,,0,99,,36736,24,,,0,100,,36737,24,,,0,200,,36738,24,,,0
13019,'1867',818,,36740,24,,,0,100,,36741,24,,,0,100,,36742,24,,,0,101,,36743,24,,,0,101,,36744,24,,,0,100,,36745,24,,,0,100,,36746,24,,,0,100,,36747,24,,,0,100,,36748,24,,,0,98,,36749,24,,,0,100,,36750,24,,,0,100,,36751,24,,,0,99,,42520,24,,,0,100,,36753,24,,,0,100,,42519,24,,,0
13019,'1871',1054,,36687,24,,,0,370,,36690,24,,,0,31,,36691,24,,,0,103,,36697,24,,,0,70,,36692,24,,,0,30,,36698,24,,,0,70,,36693,24,,,0,524,,36696,24,,,0
13019,'1873',717,,30068,24,,,0,101,,36674,24,,,0,100,,36675,24,,,0,100,,36676,24,,,0,101,,30072,24,,,0,101,,36677,24,,,0,100,,30074,24,,,0,100,,30075,24,,,0,100,,36678,24,,,0,100,,36679,24,,,0,98,,36680,24,,,0,100,,36681,24,,,0,100,,30080,24,,,0,99,,36682,24,,,0,100,,30082,24,,,0,200,,30083,24,,,0
13019,'1874',2017,,36685,24,,,0,200,,36683,24,,,0
13019,'1875',818,,30085,24,,,0,100,,30086,24,,,0,100,,30087,24,,,0,101,,30088,24,,,0,101,,30089,24,,,0,100,,36684,24,,,0,100,,30091,24,,,0,100,,30092,24,,,0,100,,30093,24,,,0,98,,30094,24,,,0,100,,30095,24,,,0,100,,30096,24,,,0,199,,36686,24,,,0
13019,'1876',1054,,42521,24,,,0,370,,42522,24,,,0,31,,42523,24,,,0,103,,42527,24,,,0,70,,42524,24,,,0,30,,42528,24,,,0,70,,42525,24,,,0,524,,42526,24,,,0
13019,'1878',2017,,42530,24,,,0,200,,42529,24,,,0
