1019,'1800',601,,28295,2,,,0,100,,28296,2,,,0,100,,28297,2,,,0,100,,28298,2,,,0,100,,28299,2,,,0,100,,28300,2,,,0,100,,28301,2,,,0,100,,28302,2,,,0,100,,28303,2,,,0,100,,28304,2,,,0,100,,28305,2,,,0,100,,28306,2,,,0,100,,28307,2,,,0,100,,28308,2,,,0,100,,28309,2,,,0,100,,28310,2,,,0,100,,28311,2,,,0,100,,28312,2,,,0
1019,'1838',601,,34814,2,,,0,100,,34815,2,,,0,100,,34816,2,,,0,100,,34817,2,,,0,100,,34818,2,,,0,100,,34819,2,,,0,100,,34820,2,,,0,100,,34821,2,,,0,100,,34822,2,,,0,100,,34823,2,,,0,100,,34824,2,,,0,100,,34825,2,,,0,100,,34826,2,,,0,100,,34827,2,,,0,100,,34828,2,,,0,100,,34829,2,,,0,100,,34830,2,,,0,100,,34831,2,,,0
1019,'1850',531,,28394,2,,,0,70,,28417,2,,,0,30,,28392,2,,,0,70,,28387,2,,,0,30,,28406,2,,,0,70,,28389,2,,,0,30,,28395,2,,,0,70,,28420,2,,,0,30,,28391,2,,,0,70,,28385,2,,,0,30,,28405,2,,,0,70,,28390,2,,,0,30,,28396,2,,,0,70,,28416,2,,,0,30,,28393,2,,,0,70,,28386,2,,,0,30,,28418,2,,,0,70,,28388,2,,,0,30,,28397,2,,,0,70,,28415,2,,,0,30,,28408,2,,,0,70,,28400,2,,,0,30,,28398,2,,,0,70,,28401,2,,,0,30,,28403,2,,,0,70,,28402,2,,,0,30,,28399,2,,,0,70,,28419,2,,,0,30,,28413,2,,,0,70,,28414,2,,,0,30,,28412,2,,,0,70,,28411,2,,,0,30,,28410,2,,,0,70,,28409,2,,,0,30,,28407,2,,,0,70,,28404,2,,,0
1019,'1859',531,,28342,2,,,0,70,,28356,2,,,0,30,,28341,2,,,0,70,,28361,2,,,0,30,,28351,2,,,0,70,,28335,2,,,0,30,,28357,2,,,0,70,,28359,2,,,0,30,,28340,2,,,0,70,,28362,2,,,0,30,,28350,2,,,0,70,,28334,2,,,0,30,,28345,2,,,0,70,,28355,2,,,0,30,,28339,2,,,0,70,,28363,2,,,0,30,,28349,2,,,0,70,,28333,2,,,0,30,,28344,2,,,0,70,,28354,2,,,0,30,,28338,2,,,0,70,,28364,2,,,0,30,,28348,2,,,0,70,,28332,2,,,0,30,,28343,2,,,0,70,,28353,2,,,0,30,,28336,2,,,0,70,,28365,2,,,0,30,,28346,2,,,0,70,,28331,2,,,0,30,,28337,2,,,0,70,,28352,2,,,0,30,,28347,2,,,0,70,,28366,2,,,0,30,,28360,2,,,0,70,,28358,2,,,0
1019,'1861',601,,28367,2,,,0,100,,28368,2,,,0,100,,28369,2,,,0,100,,28370,2,,,0,100,,28371,2,,,0,100,,28372,2,,,0,100,,28373,2,,,0,100,,28374,2,,,0,100,,28375,2,,,0,100,,28376,2,,,0,100,,28377,2,,,0,100,,28378,2,,,0,100,,28379,2,,,0,100,,28380,2,,,0,100,,28381,2,,,0,100,,28382,2,,,0,100,,28383,2,,,0,100,,28384,2,,,0
1019,'1864',531,,28430,2,,,0,70,,34863,2,,,0,30,,34839,2,,,0,70,,34834,2,,,0,30,,34852,2,,,0,70,,34836,2,,,0,30,,34841,2,,,0,70,,34866,2,,,0,30,,34838,2,,,0,70,,34832,2,,,0,30,,34851,2,,,0,70,,34837,2,,,0,30,,34842,2,,,0,70,,34862,2,,,0,30,,34840,2,,,0,70,,34833,2,,,0,30,,34864,2,,,0,70,,34835,2,,,0,30,,34843,2,,,0,70,,34861,2,,,0,30,,34854,2,,,0,70,,34846,2,,,0,30,,34844,2,,,0,70,,34847,2,,,0,30,,34849,2,,,0,70,,34848,2,,,0,30,,34845,2,,,0,70,,34865,2,,,0,30,,34859,2,,,0,70,,34860,2,,,0,30,,34858,2,,,0,70,,34857,2,,,0,30,,34856,2,,,0,70,,34855,2,,,0,30,,34853,2,,,0,70,,34850,2,,,0
1019,'1865',531,,34876,2,,,0,70,,34899,2,,,0,30,,34874,2,,,0,70,,34869,2,,,0,30,,34888,2,,,0,70,,34871,2,,,0,30,,34877,2,,,0,70,,34902,2,,,0,30,,34873,2,,,0,70,,34867,2,,,0,30,,34887,2,,,0,70,,34872,2,,,0,30,,34878,2,,,0,70,,34898,2,,,0,30,,34875,2,,,0,70,,34868,2,,,0,30,,34900,2,,,0,70,,34870,2,,,0,30,,34879,2,,,0,70,,34897,2,,,0,30,,34890,2,,,0,70,,34882,2,,,0,30,,34880,2,,,0,70,,34883,2,,,0,30,,34885,2,,,0,70,,34884,2,,,0,30,,34881,2,,,0,70,,34901,2,,,0,30,,34895,2,,,0,70,,34896,2,,,0,30,,34894,2,,,0,70,,34893,2,,,0,30,,34892,2,,,0,70,,34891,2,,,0,30,,34889,2,,,0,70,,34886,2,,,0
1019,'1866',531,,34914,2,,,0,70,,34928,2,,,0,30,,34913,2,,,0,70,,34933,2,,,0,30,,34923,2,,,0,70,,34907,2,,,0,30,,34929,2,,,0,70,,34931,2,,,0,30,,34912,2,,,0,70,,34934,2,,,0,30,,34922,2,,,0,70,,34906,2,,,0,30,,34917,2,,,0,70,,34927,2,,,0,30,,34911,2,,,0,70,,34935,2,,,0,30,,34921,2,,,0,70,,34905,2,,,0,30,,34916,2,,,0,70,,34926,2,,,0,30,,34910,2,,,0,70,,34936,2,,,0,30,,34920,2,,,0,70,,34904,2,,,0,30,,34915,2,,,0,70,,34925,2,,,0,30,,34908,2,,,0,70,,34937,2,,,0,30,,34918,2,,,0,70,,34903,2,,,0,30,,34909,2,,,0,70,,34924,2,,,0,30,,34919,2,,,0,70,,34938,2,,,0,30,,34932,2,,,0,70,,34930,2,,,0
1019,'1867',601,,34939,2,,,0,100,,34940,2,,,0,100,,34941,2,,,0,100,,34942,2,,,0,100,,34943,2,,,0,100,,34944,2,,,0,100,,34945,2,,,0,100,,34946,2,,,0,100,,34947,2,,,0,100,,34948,2,,,0,100,,34949,2,,,0,100,,34950,2,,,0,100,,34951,2,,,0,100,,34952,2,,,0,100,,34953,2,,,0,100,,34954,2,,,0,100,,34955,2,,,0,100,,34956,2,,,0
2019,'1800',646,,19560,11,,,0,70,,19537,11,,,0,30,,19541,11,,,0,70,,19553,11,,,0,30,,19548,11,,,0,70,,19538,11,,,0,30,,19542,11,,,0,70,,19554,11,,,0,30,,19549,11,,,0,70,,19539,11,,,0,30,,19543,11,,,0,70,,19555,11,,,0,30,,19550,11,,,0,70,,19540,11,,,0,30,,19544,11,,,0,70,,19556,11,,,0,30,,19551,11,,,0,70,,19535,11,,,0,30,,19545,11,,,0,70,,19557,11,,,0,30,,19552,11,,,0,70,,19533,11,,,0,30,,19546,11,,,0,70,,19558,11,,,0,100,,19534,11,,,0,100,,19559,11,,,0,100,,19536,11,,,0,100,,19547,11,,,0,99,,19561,11,,,0
2019,'1838',646,,35124,11,,,0,70,,35101,11,,,0,30,,35105,11,,,0,70,,35117,11,,,0,30,,35112,11,,,0,70,,35102,11,,,0,30,,35106,11,,,0,70,,35118,11,,,0,30,,35113,11,,,0,70,,35103,11,,,0,30,,35107,11,,,0,70,,35119,11,,,0,30,,35114,11,,,0,70,,35104,11,,,0,30,,35108,11,,,0,70,,35120,11,,,0,30,,35115,11,,,0,70,,35099,11,,,0,30,,35109,11,,,0,70,,35121,11,,,0,30,,35116,11,,,0,70,,35097,11,,,0,30,,35110,11,,,0,70,,35122,11,,,0,100,,35098,11,,,0,100,,35123,11,,,0,100,,35100,11,,,0,100,,35111,11,,,0,99,,35125,11,,,0
2019,'1850',441,,28647,2,0,5 2 13 14,0,175,,28616,11,,,0,30,,28617,11,,,0,70,,28618,11,,,0,30,,28619,11,,,0,71,,28620,11,,,0,29,,28621,11,,,0,70,,28622,11,,,0,30,,28623,11,,,0,70,,28624,11,,,0,30,,28625,11,,,0,70,,28626,11,,,0,30,,28627,11,,,0,70,,28628,11,,,0,30,,28629,11,,,0,70,,28630,11,,,0,30,,28631,11,,,0,70,,28632,11,,,0,30,,28633,11,,,0,70,,28634,11,,,0,30,,28635,11,,,0,70,,28636,11,,,0,30,,28637,11,,,0,70,,28638,11,,,0,30,,28639,11,,,0,70,,28640,11,,,0,30,,28646,11,,,0,70,,28641,11,,,0,100,,28642,11,,,0,100,,28643,11,,,0,100,,28644,11,,,0,100,,28645,11,,,0
2019,'1857',616,,19412,11,,,0,30,,19413,11,,,0,70,,19414,11,,,0,30,,19415,11,,,0,71,,19416,11,,,0,29,,19417,11,,,0,70,,19418,11,,,0,30,,19419,11,,,0,70,,19420,11,,,0,30,,19421,11,,,0,70,,19422,11,,,0,30,,19423,11,,,0,70,,19424,11,,,0,30,,19425,11,,,0,70,,19426,11,,,0,30,,19427,11,,,0,70,,19428,11,,,0,30,,19429,11,,,0,70,,19430,11,,,0,30,,19431,11,,,0,70,,19432,11,,,0,30,,19433,11,,,0,70,,19434,11,,,0,30,,19435,11,,,0,70,,19436,11,,,0,30,,19442,11,,,0,70,,19437,11,,,0,100,,19438,11,,,0,100,,19439,11,,,0,100,,19440,11,,,0,100,,19441,11,,,0
2019,'1859',616,,19444,2,,,0,30,,19451,11,,,0,70,,19460,11,,,0,30,,19467,11,,,0,70,,19445,11,,,0,30,,19452,11,,,0,70,,19461,11,,,0,30,,19468,11,,,0,70,,19446,11,,,0,30,,19453,11,,,0,70,,19462,11,,,0,30,,19469,11,,,0,70,,19447,11,,,0,30,,19454,11,,,0,70,,19463,11,,,0,30,,19470,11,,,0,70,,19448,11,,,0,30,,19455,11,,,0,70,,19464,11,,,0,30,,19471,11,,,0,70,,19449,11,,,0,30,,19456,11,,,0,70,,19465,11,,,0,30,,19472,11,,,0,70,,19450,11,,,0,30,,19457,11,,,0,70,,19466,11,,,0,100,,19458,11,,,0,100,,19473,11,,,0,100,,19459,11,,,0,100,,19474,11,,,0
2019,'1861',646,,19502,11,,,0,70,,19479,11,,,0,30,,19483,11,,,0,70,,19495,11,,,0,30,,19490,11,,,0,70,,19480,11,,,0,30,,19484,11,,,0,70,,19496,11,,,0,30,,19491,11,,,0,70,,19481,11,,,0,30,,19485,11,,,0,70,,19497,11,,,0,30,,19492,11,,,0,70,,19482,11,,,0,30,,19486,11,,,0,70,,19498,11,,,0,30,,19493,11,,,0,70,,19477,11,,,0,30,,19487,11,,,0,70,,19499,11,,,0,30,,19494,11,,,0,70,,19475,11,,,0,30,,19488,11,,,0,70,,19500,11,,,0,100,,19476,11,,,0,100,,19501,11,,,0,100,,19478,11,,,0,100,,19489,11,,,0,99,,19503,11,,,0
2019,'1864',441,,35126,2,0,5 2 13 14,0
2019,'1865',441,,35158,2,0,5 2 13 14,0,175,,35127,11,,,0,30,,35128,11,,,0,70,,35129,11,,,0,30,,35130,11,,,0,71,,35131,11,,,0,29,,35132,11,,,0,70,,35133,11,,,0,30,,35134,11,,,0,70,,35135,11,,,0,30,,35136,11,,,0,70,,35137,11,,,0,30,,35138,11,,,0,70,,35139,11,,,0,30,,35140,11,,,0,70,,35141,11,,,0,30,,35142,11,,,0,70,,35143,11,,,0,30,,35144,11,,,0,70,,35145,11,,,0,30,,35146,11,,,0,70,,35147,11,,,0,30,,35148,11,,,0,70,,35149,11,,,0,30,,35150,11,,,0,70,,35151,11,,,0,30,,35157,11,,,0,70,,35152,11,,,0,100,,35153,11,,,0,100,,35154,11,,,0,100,,35155,11,,,0,100,,35156,11,,,0
2019,'1866',616,,35159,2,,,0,30,,35166,11,,,0,70,,35175,11,,,0,30,,35182,11,,,0,70,,35160,11,,,0,30,,35167,11,,,0,70,,35176,11,,,0,30,,35183,11,,,0,70,,35161,11,,,0,30,,35168,11,,,0,70,,35177,11,,,0,30,,35184,11,,,0,70,,35162,11,,,0,30,,35169,11,,,0,70,,35178,11,,,0,30,,35185,11,,,0,70,,35163,11,,,0,30,,35170,11,,,0,70,,35179,11,,,0,30,,35186,11,,,0,70,,35164,11,,,0,30,,35171,11,,,0,70,,35180,11,,,0,30,,35187,11,,,0,70,,35165,11,,,0,30,,35172,11,,,0,70,,35181,11,,,0,100,,35173,11,,,0,100,,35188,11,,,0,100,,35174,11,,,0,100,,35189,11,,,0
2019,'1867',646,,35217,11,,,0,70,,35194,11,,,0,30,,35198,11,,,0,70,,35210,11,,,0,30,,35205,11,,,0,70,,35195,11,,,0,30,,35199,11,,,0,70,,35211,11,,,0,30,,35206,11,,,0,70,,35196,11,,,0,30,,35200,11,,,0,70,,35212,11,,,0,30,,35207,11,,,0,70,,35197,11,,,0,30,,35201,11,,,0,70,,35213,11,,,0,30,,35208,11,,,0,70,,35192,11,,,0,30,,35202,11,,,0,70,,35214,11,,,0,30,,35209,11,,,0,70,,35190,11,,,0,30,,35203,11,,,0,70,,35215,11,,,0,100,,35191,11,,,0,100,,35216,11,,,0,100,,35193,11,,,0,100,,35204,11,,,0,99,,35218,11,,,0
6019,'1850',638,,29118,2,,,0,68,,29119,2,,,0,30,,29120,2,,,0,70,,29121,2,,,0,30,,29122,2,,,0,70,,29123,2,,,0,30,,29124,2,,,0,70,,29125,2,,,0,30,,29126,2,,,0,70,,29127,2,,,0,30,,29128,2,,,0,70,,29129,2,,,0,30,,29130,2,,,0,70,,29131,2,,,0,30,,29132,2,,,0,70,,29133,2,,,0,30,,29134,2,,,0,70,,29135,2,,,0,30,,29136,2,,,0,70,,29137,2,,,0,30,,29138,2,,,0,70,,29139,2,,,0,30,,29140,2,,,0,70,,29141,2,,,0,30,,29142,2,,,0,67,,29117,2,,,0,97,,29113,2,,,0,100,,29115,2,,,0,100,,29114,2,,,0,100,,29116,2,,,0
6019,'1859',632,,29076,2,,,0,70,,29075,2,,,0,28,,29095,2,,,0,70,,29088,2,,,0,30,,29078,2,,,0,100,,29096,2,,,0,71,,29094,2,,,0,30,,29086,2,,,0,70,,29099,2,,,0,30,,29085,2,,,0,70,,29093,2,,,0,30,,29084,2,,,0,70,,29098,2,,,0,30,,29083,2,,,0,70,,29092,2,,,0,30,,29082,2,,,0,70,,29097,2,,,0,30,,29081,2,,,0,70,,29091,2,,,0,30,,29080,2,,,0,70,,29073,2,,,0,30,,29079,2,,,0,70,,29090,2,,,0,30,,29077,2,,,0,69,,29089,2,,,0
6019,'1862',900,,35716,2,,,0
6019,'1864',638,,29148,2,,,0,68,,29149,2,,,0,30,,35725,2,,,0,70,,35726,2,,,0,30,,35727,2,,,0,70,,35728,2,,,0,30,,35729,2,,,0,70,,35730,2,,,0,30,,35731,2,,,0,70,,35732,2,,,0,30,,35733,2,,,0,70,,35734,2,,,0,30,,35735,2,,,0,70,,35736,2,,,0,30,,35737,2,,,0,70,,35738,2,,,0,30,,35739,2,,,0,70,,35740,2,,,0,30,,35741,2,,,0,70,,35742,2,,,0,30,,35743,2,,,0,70,,35744,2,,,0,30,,35745,2,,,0,70,,35746,2,,,0,30,,35747,2,,,0,67,,35724,2,,,0,97,,35721,2,,,0,100,,29145,2,,,0,100,,35722,2,,,0,100,,35723,2,,,0
6019,'1865',638,,35753,2,,,0,68,,35754,2,,,0,30,,35755,2,,,0,70,,35756,2,,,0,30,,35757,2,,,0,70,,35758,2,,,0,30,,35759,2,,,0,70,,35760,2,,,0,30,,35761,2,,,0,70,,35762,2,,,0,30,,35763,2,,,0,70,,35764,2,,,0,30,,35765,2,,,0,70,,35766,2,,,0,30,,35767,2,,,0,70,,35768,2,,,0,30,,35769,2,,,0,70,,35770,2,,,0,30,,35771,2,,,0,70,,35772,2,,,0,30,,35773,2,,,0,70,,35774,2,,,0,30,,35775,2,,,0,70,,35776,2,,,0,30,,35777,2,,,0,67,,35752,2,,,0,97,,35748,2,,,0,100,,35750,2,,,0,100,,35749,2,,,0,100,,35751,2,,,0
6019,'1866',632,,35781,2,,,0,70,,35780,2,,,0,28,,35800,2,,,0,70,,35793,2,,,0,30,,35783,2,,,0,70,,35792,2,,,0,30,,35801,2,,,0,71,,35799,2,,,0,30,,35791,2,,,0,70,,35804,2,,,0,30,,35790,2,,,0,70,,35798,2,,,0,30,,35789,2,,,0,70,,35803,2,,,0,30,,35788,2,,,0,70,,35797,2,,,0,30,,35787,2,,,0,70,,35802,2,,,0,30,,35786,2,,,0,70,,35796,2,,,0,30,,35785,2,,,0,70,,35778,2,,,0,30,,35784,2,,,0,70,,35795,2,,,0,30,,35782,2,,,0,69,,35794,2,,,0
14000001019,'1800',2411,,34757,18,,,0,30,,41971,18,,,0,70,,24911,18,,,0,30,,34758,18,,,0,70,,41970,18,,,0
14000001019,'1838',2411,,41975,18,,,0,30,,41974,18,,,0,70,,41972,18,,,0,30,,41976,18,,,0,70,,41973,18,,,0
14000001019,'1850',2411,,34775,18,,,0,30,,34772,18,,,0,70,,34773,18,,,0,30,,34774,18,,,0,70,,34771,18,,,0
14000001019,'1857',2511,,24893,18,,,0
14000001019,'1859',2411,,34766,18,,,0,30,,34763,18,,,0,70,,24899,18,,,0,30,,34765,18,,,0,70,,34764,18,,,0
14000001019,'1861',2411,,34769,18,,,0,100,,24901,18,,,0,30,,34770,18,,,0
14000001019,'1863',2441,,41978,18,,,0,170,,41977,18,,,0
14000001019,'1864',2411,,41982,18,,,0,30,,41980,18,,,0,100,,41981,18,,,0,70,,41979,18,,,0
14000001019,'1865',2411,,41987,18,,,0,30,,41984,18,,,0,70,,41985,18,,,0,30,,41986,18,,,0,70,,41983,18,,,0
14000001019,'1866',2411,,41992,18,,,0,30,,41988,18,,,0,70,,41991,18,,,0,30,,41990,18,,,0,70,,41989,18,,,0
14000001019,'1867',2411,,41996,18,,,0,30,,41995,18,,,0,70,,41993,18,,,0,30,,41997,18,,,0,70,,41994,18,,,0
