11029,'1791',726,,10340,24,,,0,402,,10344,24,,,0,200,,10346,24,,,0,200,,10348,24,,,0,100,,10349,24,,,0,100,,10350,24,,,0
11029,'1794',2026,,10330,24,,,0
11029,'1808',1330,,10361,24,,,0,200,,10363,24,,,0,100,,10364,24,,,0
11029,'1809',825,,14361,24,,,0,100,,14362,24,,,0,105,,14363,24,,,0,100,,14364,24,,,0,100,,14365,24,,,0,100,,14366,24,,,0,100,,14367,24,,,0,100,,14368,24,,,0,100,,14369,24,,,0,97,,14370,24,,,0,100,,14371,24,,,0,99,,14372,24,,,0,100,,10382,24,,,0
11029,'1813',627,,10355,17,,,0,98,,10369,24,,,0,100,,10356,24,,,0,100,,10357,24,,,0,105,,10358,24,,,0,100,,10359,24,,,0,100,,10360,24,,,0,200,,10362,24,,,0,297,,10365,24,,,0,100,,10366,24,,,0,99,,10367,24,,,0,100,,10368,24,,,0
11029,'1814',825,,10318,24,,,0,100,,10319,24,,,0,105,,10320,24,,,0,100,,10321,24,,,0,100,,10322,24,,,0,100,,10323,24,,,0,100,,10324,24,,,0,100,,10325,24,,,0,100,,10326,24,,,0,97,,10327,24,,,0,100,,10328,24,,,0,99,,10329,24,,,0
11029,'1815',628,,14382,17,,,0,199,,14374,24,,,0,100,,14375,24,,,0,101,,14376,24,,,0,200,,14377,24,,,0,200,,14378,24,,,0,399,,14379,24,,,0,100,,14380,24,,,0,100,,14381,24,,,0,100,,14373,24,,,0
11029,'1816',627,,14383,17,,,0,98,,14394,24,,,0,100,,14384,24,,,0,100,,14385,24,,,0,105,,14386,24,,,0,100,,14387,24,,,0,100,,14388,24,,,0,200,,14389,24,,,0,297,,14390,24,,,0,100,,14391,24,,,0,99,,14392,24,,,0,100,,14393,24,,,0
11029,'1817',825,,14395,24,,,0,100,,14396,24,,,0,105,,14397,24,,,0,100,,14398,24,,,0,100,,14399,24,,,0,100,,14400,24,,,0,100,,14401,24,,,0,100,,14402,24,,,0,100,,14403,24,,,0,97,,14404,24,,,0,100,,14405,24,,,0,99,,14406,24,,,0
31019,'1790',638,,7486,12,,,0,100,,7487,12,,,0,100,,7488,12,,,0,101,,7489,12,,,0,100,,7490,12,,,0,101,,7491,12,,,0,100,,7492,12,,,0,100,,7493,12,,,0,100,,7494,12,,,0,100,,7495,12,,,0,100,,7496,12,,,0,100,,7497,12,,,0,100,,7498,12,,,0,98,,7499,12,,,0,100,,7500,12,,,0,100,,7501,12,,,0,100,,7502,12,,,0,95,,7504,12,0,5 2 8 7,0
31019,'1791',638,,11504,12,,,0,72,,11519,12,,,0,131,,11512,12,,,0,100,,11507,12,,,0,168,,11518,12,,,0,30,,11513,12,,,0,70,,11524,12,,,0,231,,11510,12,,,0,71,,11484,12,,,0,30,,11508,12,,,0,70,,11522,12,,,0,100,,11517,12,,,0,30,,11511,12,,,0,69,,11523,12,,,0,100,,11539,12,,,0,100,,11534,12,0,5 2 8 7,0,30,,11514,12,,,0,68,,11535,12,0,5 2 8 7,0,100,,11537,12,0,5 2 8 7,0,100,,11536,12,0,5 2 8 7,0,25,,11532,12,0,5 2 8 7,0
31019,'1794',638,,11485,12,,,0,100,,11486,12,,,0,100,,11487,12,,,0,101,,11488,12,,,0,100,,11489,12,,,0,101,,11490,12,,,0,100,,11491,12,,,0,100,,11492,12,,,0,100,,11493,12,,,0,100,,11494,12,,,0,100,,11495,12,,,0,100,,11496,12,,,0,100,,11497,12,,,0,98,,11498,12,,,0,100,,11499,12,,,0,100,,11500,12,,,0,100,,11501,12,,,0,95,,11503,12,0,5 2 8 7,0
31019,'1808',638,,7454,12,,,0,70,,7470,12,,,0,30,,7483,12,,,0,70,,7466,12,,,0,30,,7460,12,,,0,71,,7476,12,,,0,30,,7453,12,,,0,70,,7469,12,,,0,30,,7478,12,,,0,71,,7465,12,,,0,30,,7459,12,,,0,70,,7475,12,,,0,30,,7452,12,,,0,70,,7468,12,,,0,30,,7481,12,,,0,70,,7464,12,,,0,30,,7458,12,,,0,70,,7474,12,,,0,30,,7451,12,,,0,70,,7467,12,,,0,30,,7480,12,,,0,70,,7463,12,,,0,30,,7457,12,,,0,70,,7473,12,,,0,30,,7450,12,,,0,68,,7485,12,,,0,30,,7479,12,,,0,70,,7462,12,0,5 2 8 7,0,30,,7456,12,,,0,70,,7472,12,0,5 2 8 7,0,30,,7449,12,,,0,70,,7461,12,0,5 2 8 7,0,30,,7482,12,,,0,70,,7471,12,0,5 2 8 7,0,25,,7455,12,0,5 2 8 7,0
31019,'1815',740,,15011,12,,,0,71,,15001,12,,,0,100,,15005,12,,,0,100,,15003,12,,,0,28,,15010,12,,,0,200,,14999,12,,,0,71,,15004,12,,,0,30,,15009,12,,,0,70,,15002,12,,,0,231,,15008,12,,,0,199,,14998,12,,,0,100,,15007,12,,,0,198,,15000,12,,,0,100,,15006,12,,,0
