15029,'1838',712,,36977,19,,,0,98,,45082,19,,,0,100,,36974,19,,,0,100,,36975,19,,,0,101,,45083,19,,,0,100,,36972,19,,,0,100,,36969,19,,,0,102,,45081,19,,,0,100,,36971,19,,,0,100,,36968,19,,,0,99,,45080,19,,,0,99,,36966,19,,,0,100,,36967,19,,,0,100,,45079,19,,,0
15029,'1865',638,,36995,19,,,0,69,,36996,19,,,0,32,,36997,19,,,0,71,,45086,19,,,0,34,,36999,19,,,0,70,,37000,19,,,0,25,,37001,19,,,0,70,,37002,19,,,0,30,,37003,19,,,0,70,,45087,19,,,0,30,,45088,19,,,0,70,,42575,19,,,0,30,,45089,19,,,0,70,,45090,19,,,0,30,,42576,19,,,0,70,,37010,19,,,0,31,,45091,19,,,0,75,,37012,19,,,0,32,,37013,19,,,0,70,,45092,19,,,0,29,,45093,19,,,0,65,,37016,19,,,0,29,,37017,19,,,0,69,,37018,19,,,0,27,,45094,19,,,0,70,,37020,19,,,0,30,,45095,19,,,0,70,,45096,19,,,0,30,,37023,19,,,0,100,,45098,19,,,0,97,,45097,19,,,0
15029,'1866',717,,37029,19,,,0,93,,37030,19,,,0,100,,45100,19,,,0,100,,37032,19,,,0,101,,37033,19,,,0,100,,45101,19,,,0,100,,37035,19,,,0,103,,37036,19,,,0,100,,45102,19,,,0,100,,37038,19,,,0,98,,37039,19,,,0,99,,45103,19,,,0,100,,37026,19,,,0,100,,37027,19,,,0
15029,'1867',712,,37054,19,,,0,98,,45107,19,,,0,100,,37051,19,,,0,100,,37052,19,,,0,101,,45108,19,,,0,100,,37049,19,,,0,100,,37046,19,,,0,102,,45106,19,,,0,100,,37048,19,,,0,100,,37045,19,,,0,99,,45105,19,,,0,99,,37043,19,,,0,100,,37044,19,,,0,100,,45104,19,,,0
15029,'1873',717,,30423,19,,,0,93,,30424,19,,,0,200,,30426,19,,,0,101,,30427,19,,,0,200,,30429,19,,,0,103,,30430,19,,,0,200,,30432,19,,,0,98,,30433,19,,,0,199,,30420,19,,,0,100,,30421,19,,,0
15029,'1878',712,,30448,19,,,0,198,,30445,19,,,0,100,,30446,19,,,0,201,,30443,19,,,0,100,,30440,19,,,0,202,,30442,19,,,0,100,,30439,19,,,0,198,,30437,19,,,0,100,,30438,19,,,0
15029,'1881',810,,36979,19,,,0,299,,36980,19,,,0,30,,36981,19,,,0,100,,36983,19,,,0,70,,36984,19,,,0,131,,36986,19,,,0,177,,36987,19,,,0,29,,36988,19,,,0,190,,30508,19,,,0,100,,36989,19,,,0,70,,42580,19,,,0,130,,36992,19,,,0,97,,36991,19,,,0
15029,'1882',638,,30484,19,,,0,69,,30485,19,,,0,32,,30486,19,,,0,105,,30488,19,,,0,70,,30489,19,,,0,25,,30490,19,,,0,70,,30491,19,,,0,30,,30492,19,,,0,170,,42578,19,,,0,130,,42579,19,,,0,70,,30499,19,,,0,106,,30501,19,,,0,32,,30502,19,,,0,164,,30505,19,,,0,29,,30506,19,,,0,69,,30507,19,,,0,97,,30509,19,,,0,130,,30512,19,,,0
15029,'1886',810,,45111,19,,,0,299,,45112,19,,,0,30,,45113,19,,,0,100,,45114,19,,,0,70,,45115,19,,,0,131,,45116,19,,,0,177,,45117,19,,,0,29,,45118,19,,,0,190,,45119,19,,,0,100,,45120,19,,,0,70,,45121,19,,,0,130,,45123,19,,,0,97,,45122,19,,,0
15029,'1887',910,,45125,19,,,0,301,,45126,19,,,0,303,,45127,19,,,0,297,,45128,19,,,0
15029,'1888',810,,45132,19,,,0,301,,45133,19,,,0,302,,45131,19,,,0,299,,45130,19,,,0,299,,45129,19,,,0
