15029,'1838',728,,36977,38,,,0,98,,45082,38,,,0,100,,36974,38,,,0,100,,36975,38,,,0,101,,45083,38,,,0,100,,36972,38,,,0,100,,36969,38,,,0,102,,45081,38,,,0,100,,36971,38,,,0,100,,36968,38,,,0,99,,45080,38,,,0,99,,36966,38,,,0,100,,36967,38,,,0,100,,45079,38,,,0
15029,'1865',654,,36995,38,,,0,69,,36996,38,,,0,34,,36997,38,,,0,71,,45086,38,,,0,73,,36999,38,,,0,30,,37000,38,,,0,25,,37001,38,,,0,70,,37002,38,,,0,30,,37003,38,,,0,70,,45087,38,,,0,30,,45088,38,,,0,70,,42575,38,,,0,30,,45089,38,,,0,70,,45090,38,,,0,30,,42576,38,,,0,70,,37010,38,,,0,33,,45091,38,,,0,75,,37012,38,,,0,72,,37013,38,,,0,30,,45092,38,,,0,68,,45093,38,,,0,23,,37016,38,,,0,29,,37017,38,,,0,69,,37018,38,,,0,27,,45094,38,,,0,70,,37020,38,,,0,30,,45095,38,,,0,70,,45096,38,,,0,30,,37023,38,,,0,100,,45098,38,,,0,97,,45097,38,,,0
15029,'1866',733,,37029,38,,,0,93,,37030,38,,,0,100,,45100,38,,,0,100,,37032,38,,,0,101,,37033,38,,,0,100,,45101,38,,,0,100,,37035,38,,,0,104,,37036,38,,,0,100,,45102,38,,,0,99,,37038,38,,,0,98,,37039,38,,,0,99,,45103,38,,,0,100,,37026,38,,,0,100,,37027,38,,,0
15029,'1867',728,,37054,38,,,0,98,,45107,38,,,0,100,,37051,38,,,0,100,,37052,38,,,0,101,,45108,38,,,0,100,,37049,38,,,0,100,,37046,38,,,0,102,,45106,38,,,0,100,,37048,38,,,0,100,,37045,38,,,0,99,,45105,38,,,0,99,,37043,38,,,0,100,,37044,38,,,0,100,,45104,38,,,0
15029,'1873',733,,30423,38,,,0,93,,30424,38,,,0,200,,30426,38,,,0,101,,30427,38,,,0,200,,30429,38,,,0,104,,30430,38,,,0,199,,30432,38,,,0,98,,30433,38,,,0,199,,30420,38,,,0,100,,30421,38,,,0
15029,'1878',728,,30448,38,,,0,198,,30445,38,,,0,100,,30446,38,,,0,201,,30443,38,,,0,100,,30440,38,,,0,202,,30442,38,,,0,100,,30439,38,,,0,198,,30437,38,,,0,100,,30438,38,,,0
15029,'1881',828,,36979,38,,,0,298,,36980,38,,,0,30,,36981,38,,,0,100,,36983,38,,,0,70,,36984,38,,,0,133,,36986,38,,,0,177,,36987,38,,,0,68,,36988,38,,,0,148,,30508,38,,,0,100,,36989,38,,,0,70,,42580,38,,,0,130,,36992,38,,,0,97,,36991,38,,,0
15029,'1882',654,,30484,38,,,0,69,,30485,38,,,0,34,,30486,38,,,0,144,,30488,38,,,0,30,,30489,38,,,0,25,,30490,38,,,0,70,,30491,38,,,0,30,,30492,38,,,0,170,,42578,38,,,0,130,,42579,38,,,0,70,,30499,38,,,0,108,,30501,38,,,0,72,,30502,38,,,0,121,,30505,38,,,0,29,,30506,38,,,0,69,,30507,38,,,0,97,,30509,38,,,0,130,,30512,38,,,0
15029,'1886',828,,45111,38,,,0,298,,45112,38,,,0,30,,45113,38,,,0,100,,45114,38,,,0,70,,45115,38,,,0,133,,45116,38,,,0,177,,45117,38,,,0,68,,45118,38,,,0,148,,45119,38,,,0,100,,45120,38,,,0,70,,45121,38,,,0,130,,45123,38,,,0,97,,45122,38,,,0
15029,'1887',926,,45125,38,,,0,301,,45126,38,,,0,304,,45127,38,,,0,296,,45128,38,,,0
15029,'1888',826,,45132,38,,,0,301,,45133,38,,,0,302,,45131,38,,,0,299,,45130,38,,,0,299,,45129,38,,,0
