11029,'1838',835,8,36544,25,,,0,100,8,42479,25,,,0,103,6,42480,25,,,0,100,6,36547,25,,,0,100,6,42481,25,,,0,100,6,42482,25,,,0,100,6,36550,25,,,0,100,6,42483,25,,,0,100,6,42484,25,,,0,97,6,36553,25,,,0,99,5,36554,25,,,0,101,7,42485,25,,,0,95,2,42486,25,,,0
11029,'1857',635,5,30011,18,,,0,100,7,29997,25,,,0,100,6,29998,25,,,0,200,5,30000,25,,,0,100,5,36576,25,,,0,100,5,36577,25,,,0,100,5,36578,25,,,0,99,4,36579,25,,,0,200,4,36581,25,,,0,100,4,36582,25,,,0,101,6,36583,25,,,0,100,6,30009,25,,,0,195,,29996,25,,,0
11029,'1865',635,5,36600,18,,,0,100,7,36586,25,,,0,100,6,36587,25,,,0,100,6,42487,25,,,0,100,5,36589,25,,,0,100,5,36590,25,,,0,100,5,36591,25,,,0,100,5,36592,25,,,0,99,4,36593,25,,,0,100,4,42488,25,,,0,100,4,36595,25,,,0,100,4,36596,25,,,0,101,6,36597,25,,,0,100,6,36598,25,,,0,100,6,42489,25,,,0,95,,36585,25,,,0
11029,'1866',635,6,36601,18,,,0,98,6,36615,25,,,0,102,8,36602,25,,,0,100,8,36603,25,,,0,100,3,36604,25,,,0,103,6,36605,25,,,0,100,6,36606,25,,,0,100,6,36607,25,,,0,100,6,36608,25,,,0,100,6,36609,25,,,0,100,6,36610,25,,,0,97,6,36611,25,,,0,100,6,36612,25,,,0,99,6,36613,25,,,0,101,7,36614,25,,,0
11029,'1867',835,8,36616,25,,,0,100,8,42490,25,,,0,103,6,42491,25,,,0,100,6,36619,25,,,0,100,6,42492,25,,,0,100,6,42493,25,,,0,100,6,36622,25,,,0,100,6,42494,25,,,0,100,6,42495,25,,,0,97,6,36625,25,,,0,99,5,36626,25,,,0,101,7,42496,25,,,0,95,2,42497,25,,,0
11029,'1871',935,6,36575,25,,,0,599,4,36580,25,,,0,501,6,36584,25,,,0
11029,'1873',635,6,36557,18,,,0,98,6,36566,25,,,0,102,8,29953,25,,,0,100,8,29954,25,,,0,100,3,36558,25,,,0,103,6,36559,25,,,0,100,6,36560,25,,,0,100,6,29958,25,,,0,100,6,36561,25,,,0,100,6,29960,25,,,0,100,6,29961,25,,,0,97,6,36562,25,,,0,100,6,36563,25,,,0,99,6,36564,25,,,0,101,7,36565,25,,,0
11029,'1874',935,8,36567,25,,,0,103,6,36568,25,,,0,200,6,36569,25,,,0,100,6,36570,25,,,0,200,6,36571,25,,,0,100,6,36572,25,,,0,297,7,36573,25,,,0,95,2,36574,25,,,0
11029,'1875',835,8,29967,25,,,0,303,6,29970,25,,,0,300,6,29973,25,,,0,297,6,29976,25,,,0,99,5,29977,25,,,0
11029,'1876',935,6,42498,25,,,0,599,4,42499,25,,,0,501,6,42500,25,,,0
11029,'1878',935,8,42501,25,,,0,103,6,42502,25,,,0,200,6,42503,25,,,0,100,6,42504,25,,,0,200,6,42505,25,,,0,100,6,42506,25,,,0,297,7,42507,25,,,0,95,2,42508,25,,,0
