4019,'1799',943,,19845,17,4,,0,203,,19834,17,4,,0,697,,19827,17,4,,0,70,,19831,17,4,,0,100,,19846,17,4,,0
4019,'1800',813,,24984,17,4,,0,30,,24985,17,4,,0,70,,24982,17,4,,0,30,,19873,17,4,,0,73,,24983,17,4,,0,30,,24972,17,4,,0,70,,24975,17,4,,0,30,,19862,17,4,,0,69,,24980,17,4,,0,32,,24968,17,4,,0,69,,24971,17,4,,0,30,,24974,17,4,,0,69,,24977,17,4,,0,30,,24978,17,4,,0,70,,24967,17,4,,0,30,,24970,17,4,,0,70,,24973,17,4,,0,30,,24976,17,4,,0,69,,24979,17,4,,0,31,,24966,17,4,,0,70,,24969,17,4,,0,28,,19855,17,4,,0,70,,19859,17,4,,0,100,,19874,17,4,,0,100,,24986,17,4,,0
4019,'1829',643,,19733,17,4,,0,71,,19759,17,4,,0,30,,19734,17,4,,0,67,,19735,17,4,,0,36,,19736,17,4,,0,168,,19739,17,4,,0,99,,19741,17,4,,0,31,,19742,17,4,,0,409,,19750,17,4,,0
4019,'1831',814,,19761,17,4,,0,130,,19777,17,4,,0,72,,19765,17,4,,0,827,,19790,17,4,,0,370,,19770,17,4,,0
4019,'1832',813,,19815,17,4,,0,30,,19816,17,4,,0,70,,19813,17,4,,0,103,,19814,17,4,,0,30,,19798,17,4,,0,70,,19802,17,4,,0,99,,19809,17,4,,0,32,,19794,17,4,,0,69,,19797,17,4,,0,30,,19801,17,4,,0,69,,19805,17,4,,0,30,,19807,17,4,,0,70,,19793,17,4,,0,30,,19796,17,4,,0,70,,19800,17,4,,0,30,,19804,17,4,,0,69,,19808,17,4,,0,31,,19792,17,4,,0,70,,19795,17,4,,0,298,,19819,17,4,,0
4019,'1833',943,,19817,17,4,,0,203,,19806,17,4,,0,697,,19799,17,4,,0,70,,19803,17,4,,0,100,,19818,17,4,,0
4019,'1834',813,,19843,17,4,,0,30,,19844,17,4,,0,70,,19841,17,4,,0,103,,19842,17,4,,0,30,,19826,17,4,,0,70,,19830,17,4,,0,99,,19837,17,4,,0,32,,19822,17,4,,0,69,,19825,17,4,,0,30,,19829,17,4,,0,69,,19833,17,4,,0,30,,19835,17,4,,0,70,,19821,17,4,,0,30,,19824,17,4,,0,70,,19828,17,4,,0,30,,19832,17,4,,0,69,,19836,17,4,,0,31,,19820,17,4,,0,70,,19823,17,4,,0,298,,19847,17,4,,0
4019,'1835',911,,24993,17,4,,0,36,,24994,17,4,,0,97,,24995,17,4,,0,173,,24996,17,4,,0,30,,24997,17,4,,0,70,,24998,17,4,,0,30,,24999,17,4,,0,72,,25000,17,4,,0,30,,25001,17,4,,0,75,,25002,17,4,,0,101,,25003,17,4,,0,24,,25004,17,4,,0,73,,25005,17,4,,0,22,,25006,17,4,,0,75,,25007,17,4,,0,21,,25008,17,4,,0,75,,25009,17,4,,0,28,,25010,17,4,,0,70,,24987,17,4,,0,30,,24988,17,4,,0,70,,24989,17,4,,0,30,,24990,17,4,,0,70,,24991,17,4,,0,30,,24992,17,4,,0
4019,'1836',713,,25035,17,4,,0,30,,25015,17,4,,0,101,,25018,17,4,,0,70,,25027,17,4,,0,132,,25032,17,4,,0,70,,25014,17,4,,0,30,,25029,17,4,,0,69,,25024,17,4,,0,32,,25019,17,4,,0,69,,25030,17,4,,0,30,,25033,17,4,,0,70,,25013,17,4,,0,30,,25020,17,4,,0,70,,25012,17,4,,0,30,,25016,17,4,,0,70,,25031,17,4,,0,30,,25028,17,4,,0,69,,25025,17,4,,0,30,,25017,17,4,,0,70,,25034,17,4,,0,98,,25011,17,4,,0
4019,'1837',813,,25054,17,4,,0,30,,25055,17,4,,0,70,,25052,17,4,,0,103,,25053,17,4,,0,30,,25042,17,4,,0,70,,25045,17,4,,0,99,,25050,17,4,,0,32,,25038,17,4,,0,69,,25041,17,4,,0,30,,25044,17,4,,0,69,,25047,17,4,,0,30,,25048,17,4,,0,70,,25037,17,4,,0,30,,25040,17,4,,0,70,,25043,17,4,,0,30,,25046,17,4,,0,69,,25049,17,4,,0,31,,25036,17,4,,0,70,,25039,17,4,,0,298,,25056,17,4,,0
4019,'1838',813,,25075,17,4,,0,30,,25076,17,4,,0,70,,25073,17,4,,0,103,,25074,17,4,,0,30,,25063,17,4,,0,70,,25066,17,4,,0,99,,25071,17,4,,0,32,,25059,17,4,,0,69,,25062,17,4,,0,30,,25065,17,4,,0,69,,25068,17,4,,0,30,,25069,17,4,,0,70,,25058,17,4,,0,30,,25061,17,4,,0,70,,25064,17,4,,0,30,,25067,17,4,,0,69,,25070,17,4,,0,31,,25057,17,4,,0,70,,25060,17,4,,0,298,,25077,17,4,,0
7019,'1799',758,,20328,31,4,,0,101,,20329,31,4,,0,175,,20355,16,4,,0,68,,20330,31,4,,0,100,,20331,31,4,,0,100,,20332,31,4,,0,100,,20333,31,4,,0,101,,20334,31,4,,0,100,,20335,31,4,,0,99,,20336,31,4,,0,33,,20344,16,4,,0,67,,20324,31,4,,0,99,,20325,31,4,,0,57,,20323,31,4,,0,98,,20327,31,4,,0,72,,20357,16,4,,0,28,,20326,31,4,,0
7019,'1800',758,,20363,31,4,,0,71,,25277,16,4,,0,30,,20364,31,4,,0,73,,25270,16,4,,0,102,,20390,16,4,,0,68,,20365,31,4,,0,32,,25269,16,4,,0,68,,20366,31,4,,0,32,,25276,16,4,,0,68,,20367,31,4,,0,33,,25268,16,4,,0,67,,20368,31,4,,0,33,,25275,16,4,,0,68,,20369,31,4,,0,33,,25267,16,4,,0,67,,20370,31,4,,0,33,,25274,16,4,,0,66,,20371,31,4,,0,33,,20379,16,4,,0,67,,20359,31,4,,0,32,,25273,16,4,,0,67,,20360,31,4,,0,30,,25271,16,4,,0,27,,20358,31,4,,0,70,,25272,16,4,,0,28,,20362,31,4,,0,72,,20392,16,4,,0,28,,20361,31,4,,0
7019,'1829',629,,20250,12,4,,0,206,,20220,31,4,,0,70,,20228,31,4,,0,98,,20229,31,4,,0,131,,20223,31,4,,0,101,,20224,31,4,,0,170,,20233,31,4,,0,398,,20235,31,4,,0
7019,'1831',658,,20266,31,4,,0,100,,20267,31,4,,0,101,,20268,31,4,,0,100,,20269,31,4,,0,143,,20270,31,4,,0,100,,20271,31,4,,0,100,,20272,31,4,,0,100,,20273,31,4,,0,101,,20274,31,4,,0,100,,20275,31,4,,0,99,,20276,31,4,,0,100,,20277,31,4,,0,99,,20254,31,4,,0,57,,20255,31,4,,0,98,,20256,31,4,,0,100,,20257,31,4,,0
7019,'1832',829,,20321,16,4,,0,103,,20313,16,4,,0,202,,20312,16,4,,0,100,,20319,16,4,,0,101,,20311,16,4,,0,100,,20318,16,4,,0,101,,20310,16,4,,0,100,,20317,16,4,,0,198,,20316,16,4,,0,97,,20314,16,4,,0,97,,20315,16,4,,0
7019,'1833',758,,20293,31,4,,0,101,,20294,31,4,,0,175,,20320,16,4,,0,68,,20295,31,4,,0,100,,20296,31,4,,0,100,,20297,31,4,,0,100,,20298,31,4,,0,101,,20299,31,4,,0,100,,20300,31,4,,0,99,,20301,31,4,,0,33,,20309,16,4,,0,67,,20289,31,4,,0,99,,20290,31,4,,0,57,,20288,31,4,,0,98,,20292,31,4,,0,72,,20322,16,4,,0,28,,20291,31,4,,0
7019,'1834',829,,20356,16,4,,0,103,,20348,16,4,,0,202,,20347,16,4,,0,100,,20354,16,4,,0,101,,20346,16,4,,0,100,,20353,16,4,,0,101,,20345,16,4,,0,100,,20352,16,4,,0,198,,20351,16,4,,0,97,,20349,16,4,,0,97,,20350,16,4,,0
7019,'1835',700,,25280,31,4,,0,31,,25281,31,4,,0,72,,25286,31,4,,0,130,,25282,31,4,,0,101,,25283,31,4,,0,70,,25287,31,4,,0,101,,25288,31,4,,0,100,,25289,31,4,,0,30,,25284,31,4,,0,102,,25285,31,4,,0,74,,25301,31,4,,0,33,,25302,31,4,,0,66,,25303,31,4,,0,30,,25304,31,4,,0,70,,25290,31,4,,0,28,,25291,31,4,,0,95,,25293,31,4,,0,68,,25294,31,4,,0,30,,25295,31,4,,0,27,,25296,31,4,,0,70,,25297,31,4,,0,30,,25298,31,4,,0,98,,25299,31,4,,0,99,,25300,31,4,,0,100,,25292,31,4,,0
7019,'1836',630,,25323,12,4,,0,98,,25309,31,4,,0,100,,25310,31,4,,0,101,,25311,31,4,,0,103,,25312,31,4,,0,100,,25313,31,4,,0,100,,25314,31,4,,0,100,,25315,31,4,,0,100,,25316,31,4,,0,101,,25318,31,4,,0,100,,25317,31,4,,0,99,,25319,31,4,,0,100,,25322,31,4,,0,96,,25320,31,4,,0,98,,25321,31,4,,0,229,,25308,31,4,,0
7019,'1837',829,,25337,16,4,,0,103,,25330,16,4,,0,202,,25329,16,4,,0,100,,25336,16,4,,0,101,,25328,16,4,,0,100,,25335,16,4,,0,101,,25327,16,4,,0,100,,25334,16,4,,0,198,,25333,16,4,,0,97,,25331,16,4,,0,97,,25332,16,4,,0
7019,'1838',829,,25351,16,4,,0,103,,25344,16,4,,0,202,,25343,16,4,,0,100,,25350,16,4,,0,101,,25342,16,4,,0,100,,25349,16,4,,0,101,,25341,16,4,,0,100,,25348,16,4,,0,198,,25347,16,4,,0,97,,25345,16,4,,0,97,,25346,16,4,,0
14019,'1799',635,,20978,1,,,0,65,,20978,27,4,,0
14019,'1800',635,,20993,1,,,0,65,,20993,27,4,,0,35,,25777,1,,,0,65,,25777,27,4,,0,35,,25766,1,,,0,67,,25766,27,4,,0,33,,25767,1,,,0,67,,25767,27,4,,0,33,,25768,1,,,0,67,,25768,27,4,,0,33,,25769,1,,,0,68,,25769,27,4,,0,32,,25770,1,,,0,68,,25770,27,4,,0,32,,25771,1,,,0,69,,25771,27,4,,0,31,,25772,1,,,0,69,,25772,27,4,,0,31,,25773,1,,,0,69,,25773,27,4,,0,31,,25774,1,,,0,67,,25774,27,4,,0,33,,25775,1,,,0,67,,25775,27,4,,0,33,,25776,1,,,0,67,,25776,27,4,,0,33,,25765,1,,,0,65,,25765,27,4,,0,30,,25764,1,,,0,25,,25764,27,4,,0
14019,'1829',510,,20931,1,,,0,25,,20931,27,4,,0,75,,20930,1,,,0,25,,20930,27,4,,0,15,,20901,1,,,0,65,,20901,27,4,,0,5,,20914,1,,,0,25,,20914,27,4,,0,3,,20902,1,,,0,66,,20902,27,4,,0,26,,20903,1,,,0,67,,20903,27,4,,0,3,,20916,1,,,0,27,,20916,27,4,,0,3,,20904,1,,,0,67,,20904,27,4,,0,3,,20917,1,,,0,27,,20917,27,4,,0,103,,20906,1,,,0,67,,20906,27,4,,0,33,,20907,1,,,0,67,,20907,27,4,,0,103,,20921,1,,,0,27,,20921,27,4,,0,73,,20922,1,,,0,30,,20922,27,4,,0,270,,20925,1,,,0,27,,20925,27,4,,0
14019,'1831',2230,,20949,1,,,0,25,,20949,27,4,,0
14019,'1832',735,,20964,1,,,0,65,,20964,27,4,,0,35,,20952,1,,,0,67,,20952,27,4,,0,33,,20953,1,,,0,67,,20953,27,4,,0,33,,20954,1,,,0,67,,20954,27,4,,0,33,,20955,1,,,0,68,,20955,27,4,,0,32,,20956,1,,,0,68,,20956,27,4,,0,32,,20957,1,,,0,69,,20957,27,4,,0,31,,20958,1,,,0,69,,20958,27,4,,0,31,,20959,1,,,0,69,,20959,27,4,,0,31,,20960,1,,,0,67,,20960,27,4,,0,33,,20961,1,,,0,67,,20961,27,4,,0,33,,20962,1,,,0,67,,20962,27,4,,0,33,,20951,1,,,0,65,,20951,27,4,,0,30,,20950,1,,,0,25,,20950,27,4,,0
14019,'1833',635,,20963,1,,,0,65,,20963,27,4,,0
14019,'1834',735,,20979,1,,,0,65,,20979,27,4,,0,35,,20967,1,,,0,67,,20967,27,4,,0,33,,20968,1,,,0,67,,20968,27,4,,0,33,,20969,1,,,0,67,,20969,27,4,,0,33,,20970,1,,,0,68,,20970,27,4,,0,32,,20971,1,,,0,68,,20971,27,4,,0,32,,20972,1,,,0,69,,20972,27,4,,0,31,,20973,1,,,0,69,,20973,27,4,,0,31,,20974,1,,,0,69,,20974,27,4,,0,31,,20975,1,,,0,67,,20975,27,4,,0,33,,20976,1,,,0,67,,20976,27,4,,0,33,,20977,1,,,0,67,,20977,27,4,,0,33,,20966,1,,,0,65,,20966,27,4,,0,30,,20965,1,,,0,25,,20965,27,4,,0
14019,'1835',810,,25785,1,,,0,27,,25785,27,4,,0,203,,25778,1,,,0,67,,25778,27,4,,0,3,,25786,1,,,0,27,,25786,27,4,,0,73,,25787,1,,,0,27,,25787,27,4,,0,73,,25788,1,,,0,27,,25788,27,4,,0,3,,25779,1,,,0,67,,25779,27,4,,0,33,,25780,1,,,0,68,,25780,27,4,,0,42,,25781,1,,,0,70,,25789,1,,,0,30,,25789,27,4,,0,68,,25782,27,4,,0,2,,25790,1,,,0,28,,25790,27,4,,0,2,,25783,1,,,0,68,,25783,27,4,,0,22,,25784,1,,,0,67,,25784,27,4,,0,3,,25791,1,,,0,27,,25791,27,4,,0,3,,25795,1,,,0,67,,25795,27,4,,0,3,,25792,1,,,0,26,,25792,27,4,,0,66,,25793,1,,,0,26,,25793,27,4,,0,74,,25794,1,,,0,26,,25794,27,4,,0
14019,'1836',635,,25796,1,,,0,65,,25796,27,4,,0,35,,25797,1,,,0,65,,25797,27,4,,0,35,,25798,1,,,0,67,,25798,27,4,,0,33,,25799,1,,,0,67,,25799,27,4,,0,33,,25800,1,,,0,67,,25800,27,4,,0,33,,25801,1,,,0,68,,25801,27,4,,0,32,,25802,1,,,0,68,,25802,27,4,,0,32,,25803,1,,,0,69,,25803,27,4,,0,31,,25804,1,,,0,69,,25804,27,4,,0,31,,25805,1,,,0,69,,25805,27,4,,0,31,,25806,1,,,0,67,,25806,27,4,,0,33,,25807,1,,,0,67,,25807,27,4,,0,33,,25808,1,,,0,67,,25808,27,4,,0,33,,25809,1,,,0,65,,25809,27,4,,0,35,,25810,1,,,0,65,,25810,27,4,,0,30,,25811,1,,,0,25,,25811,27,4,,0
14019,'1837',735,,25825,1,,,0,65,,25825,27,4,,0,35,,25814,1,,,0,67,,25814,27,4,,0,33,,25815,1,,,0,67,,25815,27,4,,0,33,,25816,1,,,0,67,,25816,27,4,,0,33,,25817,1,,,0,68,,25817,27,4,,0,32,,25818,1,,,0,68,,25818,27,4,,0,32,,25819,1,,,0,69,,25819,27,4,,0,31,,25820,1,,,0,69,,25820,27,4,,0,31,,25821,1,,,0,69,,25821,27,4,,0,31,,25822,1,,,0,67,,25822,27,4,,0,33,,25823,1,,,0,67,,25823,27,4,,0,33,,25824,1,,,0,67,,25824,27,4,,0,33,,25813,1,,,0,65,,25813,27,4,,0,30,,25812,1,,,0,25,,25812,27,4,,0
14019,'1838',735,,25839,1,,,0,65,,25839,27,4,,0,35,,25828,1,,,0,67,,25828,27,4,,0,33,,25829,1,,,0,67,,25829,27,4,,0,33,,25830,1,,,0,67,,25830,27,4,,0,33,,25831,1,,,0,68,,25831,27,4,,0,32,,25832,1,,,0,68,,25832,27,4,,0,32,,25833,1,,,0,69,,25833,27,4,,0,31,,25834,1,,,0,69,,25834,27,4,,0,31,,25835,1,,,0,69,,25835,27,4,,0,31,,25836,1,,,0,67,,25836,27,4,,0,33,,25837,1,,,0,67,,25837,27,4,,0,33,,25838,1,,,0,67,,25838,27,4,,0,33,,25827,1,,,0,65,,25827,27,4,,0,30,,25826,1,,,0,25,,25826,27,4,,0
15019,'1799',705,,21066,1,,,0,100,,21064,1,,,0,100,,21067,1,,,0,100,,21065,1,,,0,100,,21062,1,,,0,100,,21060,1,,,0,100,,21063,1,,,0,100,,21061,1,,,0,100,,21058,1,,,0,100,,21059,1,,,0,100,,21056,1,,,0,100,,21057,1,,,0,100,,21055,1,,,0,100,,21068,1,,,0
15019,'1800',705,,21080,1,,,0,100,,21078,1,,,0,100,,21081,1,,,0,100,,21079,1,,,0,100,,21076,1,,,0,100,,21074,1,,,0,100,,21077,1,,,0,100,,21075,1,,,0,100,,21072,1,,,0,100,,21073,1,,,0,100,,21070,1,,,0,100,,21071,1,,,0,100,,21069,1,,,0,100,,21082,1,,,0
15019,'1829',630,,20996,1,,,0,200,,21000,1,,,0,100,,21002,1,,,0,170,,21005,1,,,0,300,,21011,1,,,0,530,,21022,1,,,0
15019,'1831',705,,21026,1,,,0,100,,21027,1,,,0,100,,21028,1,,,0,100,,21029,1,,,0,100,,21030,1,,,0,100,,21031,1,,,0,100,,21032,1,,,0,100,,21033,1,,,0,100,,21034,1,,,0,100,,21035,1,,,0,100,,21036,1,,,0,100,,21037,1,,,0,100,,21038,1,,,0,100,,21039,1,,,0
15019,'1833',705,,21052,1,,,0,100,,21050,1,,,0,100,,21053,1,,,0,100,,21051,1,,,0,100,,21048,1,,,0,100,,21046,1,,,0,100,,21049,1,,,0,100,,21047,1,,,0,100,,21044,1,,,0,100,,21045,1,,,0,100,,21042,1,,,0,100,,21043,1,,,0,100,,21041,1,,,0,100,,21054,1,,,0
15019,'1835',700,,25841,1,,,0,30,,25842,1,,,0,70,,25843,1,,,0,100,,25844,1,,,0,100,,25845,1,,,0,30,,25846,1,,,0,100,,25847,1,,,0,70,,25848,1,,,0,30,,25849,1,,,0,70,,25850,1,,,0,30,,25851,1,,,0,100,,25852,1,,,0,70,,25853,1,,,0,30,,25854,1,,,0,70,,25855,1,,,0,30,,25856,1,,,0,70,,25857,1,,,0,30,,25858,1,,,0,70,,25859,1,,,0,30,,25860,1,,,0,70,,25861,1,,,0,130,,25862,1,,,0,100,,25863,1,,,0,100,,25864,1,0,5 2 6 7,0
15029,'1829',721,,21085,79,4,,0,33,,21086,79,4,,0,74,,21087,79,4,,0,197,,21091,79,4,,0,100,,21093,79,4,,0,130,,21096,79,4,,0,352,,21102,79,4,,0,512,,21113,79,4,,0
15029,'1831',757,,21119,79,4,,0,93,,21120,79,4,,0,100,,21121,79,4,,0,100,,21122,79,4,,0,103,,21123,79,4,,0,100,,21124,79,4,,0,100,,21125,79,4,,0,106,,21126,79,4,,0,100,,21127,79,4,,0,97,,21128,79,4,,0,98,,21129,79,4,,0,99,,21130,79,4,,0,99,,21116,79,4,,0,100,,21117,79,4,,0
15029,'1835',630,,25866,39,4,,0,20,,25867,39,4,,0,207,,25868,79,4,,0,73,,25869,79,4,,0,70,,25870,79,4,,0,55,,25871,79,4,,0,100,,25872,79,4,,0,70,,25873,79,4,,0,100,,25874,79,4,,0,30,,25875,79,4,,0,70,,25876,79,4,,0,34,,25877,79,4,,0,73,,25878,79,4,,0,107,,25879,79,4,,0,68,,25880,79,4,,0,24,,25881,79,4,,0,23,,25882,79,4,,0,69,,25883,79,4,,0,29,,25884,79,4,,0,67,,25885,79,4,,0,30,,25886,79,4,,0,70,,25887,79,4,,0,30,,25888,79,4,,0,168,,25890,79,4,,0,97,,25889,79,4,,0
19019,'1799',839,,21494,16,4,,0,170,,21487,16,4,,0,202,,21480,16,4,,0,699,,21489,16,4,,0,30,,21478,16,4,,0,215,,21499,16,4,,0,100,,21500,16,4,,0,84,,21505,16,4,,0
19019,'1800',627,,25992,16,4,,0,112,,25983,16,4,,0,100,,21524,16,4,,0,70,,25986,16,4,,0,30,,25987,16,4,,0,70,,21517,16,4,,0,31,,26002,16,4,,0,71,,26000,16,4,,0,30,,26001,16,4,,0,70,,21510,16,4,,0,30,,26003,16,4,,0,70,,25984,16,4,,0,30,,26004,16,4,,0,70,,25996,16,4,,0,31,,25998,16,4,,0,71,,25989,16,4,,0,30,,25991,16,4,,0,70,,25993,16,4,,0,30,,25995,16,4,,0,68,,25985,16,4,,0,29,,25988,16,4,,0,70,,25999,16,4,,0,30,,25990,16,4,,0,70,,21519,16,4,,0,30,,21508,16,4,,0,70,,25997,16,4,,0,45,,25994,16,4,,0,100,,21529,16,4,,0,100,,21530,16,4,,0,84,,21535,16,4,,0
19019,'1829',843,,21400,16,4,,0,168,,21395,16,4,,0,30,,21401,16,4,,0,1297,,21402,16,4,,0
19019,'1831',629,,21445,16,4,,0,80,,21429,16,4,,0,130,,21431,16,4,,0,170,,21438,16,4,,0,31,,21439,16,4,,0,870,,21424,16,4,,0,210,,21428,16,4,,0,100,,21432,16,4,,0,125,,21444,16,4,,0
19019,'1832',627,,21460,16,4,,0,112,,21447,16,4,,0,170,,21452,16,4,,0,30,,21453,16,4,,0,101,,21473,16,4,,0,71,,21471,16,4,,0,30,,21472,16,4,,0,100,,21474,16,4,,0,70,,21449,16,4,,0,30,,21476,16,4,,0,70,,21465,16,4,,0,31,,21467,16,4,,0,71,,21455,16,4,,0,30,,21458,16,4,,0,70,,21461,16,4,,0,30,,21463,16,4,,0,68,,21451,16,4,,0,29,,21454,16,4,,0,70,,21468,16,4,,0,30,,21456,16,4,,0,170,,21466,16,4,,0,45,,21462,16,4,,0
19019,'1833',839,,21464,16,4,,0,170,,21457,16,4,,0,202,,21450,16,4,,0,699,,21459,16,4,,0,30,,21448,16,4,,0,215,,21469,16,4,,0,100,,21470,16,4,,0,84,,21475,16,4,,0
19019,'1834',627,,21490,16,4,,0,112,,21477,16,4,,0,170,,21482,16,4,,0,30,,21483,16,4,,0,101,,21503,16,4,,0,71,,21501,16,4,,0,30,,21502,16,4,,0,100,,21504,16,4,,0,70,,21479,16,4,,0,30,,21506,16,4,,0,70,,21495,16,4,,0,31,,21497,16,4,,0,71,,21485,16,4,,0,30,,21488,16,4,,0,70,,21491,16,4,,0,30,,21493,16,4,,0,68,,21481,16,4,,0,29,,21484,16,4,,0,70,,21498,16,4,,0,30,,21486,16,4,,0,170,,21496,16,4,,0,45,,21492,16,4,,0
19019,'1835',911,,26008,16,4,,0,30,,26005,16,4,,0,170,,26011,16,4,,0,30,,26007,16,4,,0,70,,26020,16,4,,0,30,,26010,16,4,,0,70,,26019,16,4,,0,30,,26006,16,4,,0,70,,26021,16,4,,0,30,,26017,16,4,,0,72,,26009,16,4,,0,31,,26012,16,4,,0,297,,26016,16,4,,0,70,,26022,16,4,,0,30,,26015,16,4,,0,100,,26014,16,4,,0,99,,26013,16,4,,0,99,,26018,16,4,,0
19019,'1836',739,,26027,16,4,,0,70,,26041,16,4,,0,100,,26029,16,4,,0,30,,26024,16,4,,0,172,,26035,16,4,,0,30,,26028,16,4,,0,70,,26026,16,4,,0,30,,26037,16,4,,0,70,,26033,16,4,,0,30,,26039,16,4,,0,70,,26045,16,4,,0,31,,26040,16,4,,0,71,,26025,16,4,,0,30,,26023,16,4,,0,70,,26030,16,4,,0,30,,26036,16,4,,0,68,,26032,16,4,,0,29,,26031,16,4,,0,70,,26038,16,4,,0,30,,26043,16,4,,0,100,,26044,16,4,,0,110,,26042,16,4,,0,270,,26034,16,4,,0
19019,'1837',627,,26055,16,4,,0,112,,26046,16,4,,0,170,,26049,16,4,,0,30,,26050,16,4,,0,101,,26065,16,4,,0,71,,26063,16,4,,0,30,,26064,16,4,,0,100,,26066,16,4,,0,70,,26047,16,4,,0,30,,26067,16,4,,0,70,,26059,16,4,,0,31,,26061,16,4,,0,71,,26052,16,4,,0,30,,26054,16,4,,0,70,,26056,16,4,,0,30,,26058,16,4,,0,68,,26048,16,4,,0,29,,26051,16,4,,0,70,,26062,16,4,,0,30,,26053,16,4,,0,170,,26060,16,4,,0,45,,26057,16,4,,0
19019,'1838',627,,26077,16,4,,0,112,,26068,16,4,,0,170,,26071,16,4,,0,30,,26072,16,4,,0,101,,26087,16,4,,0,71,,26085,16,4,,0,30,,26086,16,4,,0,100,,26088,16,4,,0,70,,26069,16,4,,0,30,,26089,16,4,,0,70,,26081,16,4,,0,31,,26083,16,4,,0,71,,26074,16,4,,0,30,,26076,16,4,,0,70,,26078,16,4,,0,30,,26080,16,4,,0,68,,26070,16,4,,0,29,,26073,16,4,,0,70,,26084,16,4,,0,30,,26075,16,4,,0,170,,26082,16,4,,0,45,,26079,16,4,,0
19029,'1799',820,,21644,1,,,0,130,,21640,1,,,0,200,,21636,1,,,0,700,,21630,1,,,0,70,,21647,1,,,0,215,,21649,1,,,0,100,,21643,1,,,0,85,,21621,1,,,0
19029,'1800',608,,26108,1,,,0,112,,26109,1,,,0,100,,21674,1,,,0,30,,26107,1,,,0,70,,26103,1,,,0,30,,21670,1,,,0,70,,26093,1,,,0,30,,26097,1,,,0,70,,26100,1,,,0,30,,21666,1,,,0,70,,26104,1,,,0,30,,26091,1,,,0,70,,26096,1,,,0,30,,26099,1,,,0,70,,26102,1,,,0,30,,26105,1,,,0,70,,26090,1,,,0,30,,26095,1,,,0,70,,26098,1,,,0,30,,26101,1,,,0,70,,26106,1,,,0,30,,26092,1,,,0,70,,26094,1,,,0,30,,21660,1,,,0,70,,21677,1,,,0,30,,26111,1,,,0,85,,26110,1,,,0,100,,21679,1,,,0,100,,21673,1,,,0,85,,21651,1,,,0
19029,'1829',820,,21545,1,,,0,130,,21537,1,,,0,70,,21542,1,,,0,1300,,21550,1,,,0
19029,'1831',610,,21583,1,,,0,40,,21584,1,,,0,170,,21579,1,,,0,130,,21573,1,,,0,70,,21580,1,,,0,830,,21560,1,,,0,250,,21586,1,,,0,100,,21587,1,,,0,125,,21563,1,,,0
19029,'1832',608,,21615,1,,,0,112,,21616,1,,,0,130,,21612,1,,,0,70,,21607,1,,,0,100,,21595,1,,,0,30,,21599,1,,,0,70,,21603,1,,,0,100,,21608,1,,,0,30,,21593,1,,,0,70,,21598,1,,,0,30,,21602,1,,,0,70,,21605,1,,,0,30,,21609,1,,,0,70,,21592,1,,,0,30,,21597,1,,,0,70,,21601,1,,,0,30,,21604,1,,,0,70,,21611,1,,,0,30,,21594,1,,,0,70,,21596,1,,,0,130,,21620,1,,,0,85,,21618,1,,,0
19029,'1833',820,,21614,1,,,0,130,,21610,1,,,0,200,,21606,1,,,0,700,,21600,1,,,0,70,,21617,1,,,0,215,,21619,1,,,0,100,,21613,1,,,0,85,,21591,1,,,0
19029,'1834',608,,21645,1,,,0,112,,21646,1,,,0,130,,21642,1,,,0,70,,21637,1,,,0,100,,21625,1,,,0,30,,21629,1,,,0,70,,21633,1,,,0,100,,21638,1,,,0,30,,21623,1,,,0,70,,21628,1,,,0,30,,21632,1,,,0,70,,21635,1,,,0,30,,21639,1,,,0,70,,21622,1,,,0,30,,21627,1,,,0,70,,21631,1,,,0,30,,21634,1,,,0,70,,21641,1,,,0,30,,21624,1,,,0,70,,21626,1,,,0,130,,21650,1,,,0,85,,21648,1,,,0
19029,'1835',850,,26119,1,,,0,70,,26112,1,,,0,130,,26116,1,,,0,70,,26114,1,,,0,30,,26117,1,,,0,70,,26118,1,,,0,30,,26120,1,,,0,70,,26113,1,,,0,30,,26115,1,,,0,70,,26121,1,,,0,30,,26122,1,,,0,70,,26129,1,,,0,300,,26124,1,,,0,30,,26123,1,,,0,70,,26128,1,,,0,100,,26127,1,,,0,100,,26126,1,,,0,100,,26125,1,,,0
19029,'1836',720,,26145,1,,,0,30,,26131,1,,,0,100,,26146,1,,,0,70,,26130,1,,,0,130,,26135,1,,,0,70,,26144,1,,,0,30,,26134,1,,,0,70,,26143,1,,,0,30,,26140,1,,,0,70,,26148,1,,,0,30,,26152,1,,,0,70,,26138,1,,,0,30,,26133,1,,,0,70,,26137,1,,,0,30,,26142,1,,,0,70,,26139,1,,,0,30,,26147,1,,,0,70,,26132,1,,,0,30,,26141,1,,,0,70,,26136,1,,,0,100,,26149,1,,,0,110,,26151,1,,,0,270,,26150,1,,,0
19029,'1837',608,,26171,1,,,0,112,,26172,1,,,0,130,,26170,1,,,0,70,,26166,1,,,0,100,,26156,1,,,0,30,,26160,1,,,0,70,,26163,1,,,0,100,,26167,1,,,0,30,,26154,1,,,0,70,,26159,1,,,0,30,,26162,1,,,0,70,,26165,1,,,0,30,,26168,1,,,0,70,,26153,1,,,0,30,,26158,1,,,0,70,,26161,1,,,0,30,,26164,1,,,0,70,,26169,1,,,0,30,,26155,1,,,0,70,,26157,1,,,0,130,,26174,1,,,0,85,,26173,1,,,0
19029,'1838',608,,26193,1,,,0,112,,26194,1,,,0,130,,26192,1,,,0,70,,26188,1,,,0,100,,26178,1,,,0,30,,26182,1,,,0,70,,26185,1,,,0,100,,26189,1,,,0,30,,26176,1,,,0,70,,26181,1,,,0,30,,26184,1,,,0,70,,26187,1,,,0,30,,26190,1,,,0,70,,26175,1,,,0,30,,26180,1,,,0,70,,26183,1,,,0,30,,26186,1,,,0,70,,26191,1,,,0,30,,26177,1,,,0,70,,26179,1,,,0,130,,26196,1,,,0,85,,26195,1,,,0
10019019,'1829',1647,,24778,14,4,,0
10019019,'1835',617,,28196,14,4,,0,1000,,28202,14,4,,0,100,,28199,14,4,,0,30,,28203,14,4,,0,67,,28200,14,4,,0,210,,28201,14,4,,0
10019029,'1829',640,,24785,1,,,0,970,,24789,1,,,0
10019029,'1835',610,,28204,1,,,0,100,,28206,1,,,0,30,,28207,1,,,0,800,,28211,1,,,0,100,,28208,1,,,0,70,,28212,1,,,0,30,,28209,1,,,0,210,,28210,1,,,0
