22019,'1838',653,,45521,9,0,19 2 24 1 25 26,0,94,,45522,9,0,19 2 24 1 25 26,0,102,,43036,11,,,0,100,,45520,11,,,0,100,,45515,11,,,0,100,,45519,11,,,0,100,,45516,11,,,0,100,,45517,11,,,0,100,,45514,11,,,0,100,,43033,11,,,0,100,,45518,11,,,0,98,,43040,9,0,19 2 24 1 25 26,0,100,,43041,9,0,19 2 24 1 25 26,0,100,,43042,9,0,19 2 24 1 25 26,0,108,,43043,9,0,19 2 24 1 25 26,0
22019,'1865',601,,37951,9,0,19 2 24 1 25 26,0,26,,43074,9,0,19 2 24 1 25 26,0,27,,43044,9,0,19 2 24 1 25 26,0,70,,43045,9,0,19 2 24 1 25 26,0,35,,43046,11,,,0,70,,43047,11,,,0,30,,43048,11,,,0,69,,43049,11,,,0,30,,43050,11,,,0,69,,45523,11,,,0,30,,43052,11,,,0,70,,43053,11,,,0,30,,45524,11,,,0,71,,43055,11,,,0,30,,43056,11,,,0,71,,43057,11,,,0,30,,43058,11,,,0,70,,43059,11,,,0,72,,45525,11,,,0,30,,43061,11,,,0,28,,43073,11,,,0,70,,43062,11,,,0,29,,43063,11,,,0,69,,43064,11,,,0,30,,45526,11,,,0,69,,43066,11,,,0,30,,43067,11,,,0,70,,43068,11,,,0,29,,43069,11,,,0,68,,45527,11,,,0,30,,43071,11,,,0,68,,43072,9,0,19 2 24 1 25 26,0
22019,'1866',625,,43094,9,0,19 2 24 1 25 26,0,24,,43099,9,0,19 2 24 1 25 26,0,70,,43095,9,0,19 2 24 1 25 26,0,30,,43100,9,0,19 2 24 1 25 26,0,70,,43096,9,0,19 2 24 1 25 26,0,33,,43075,11,,,0,72,,43076,11,,,0,30,,43077,11,,,0,70,,43078,11,,,0,30,,43079,11,,,0,70,,43080,11,,,0,30,,43081,11,,,0,70,,43082,11,,,0,31,,43083,11,,,0,70,,43084,11,,,0,30,,43085,11,,,0,70,,43086,11,,,0,31,,43087,11,,,0,70,,43088,11,,,0,30,,43089,11,,,0,70,,43090,11,,,0,29,,43091,11,,,0,70,,43092,11,,,0,27,,43101,9,0,19 2 24 1 25 26,0,70,,43097,9,0,19 2 24 1 25 26,0,30,,43102,9,0,19 2 24 1 25 26,0,69,,43093,9,0,19 2 24 1 25 26,0,30,,43103,9,0,19 2 24 1 25 26,0,69,,43098,9,0,19 2 24 1 25 26,0,30,,43104,9,0,19 2 24 1 25 26,0,70,,43105,9,0,19 2 24 1 25 26,0
22019,'1867',653,,45535,9,0,19 2 24 1 25 26,0,94,,45536,9,0,19 2 24 1 25 26,0,102,,43113,11,,,0,100,,45534,11,,,0,100,,45529,11,,,0,100,,45533,11,,,0,100,,45530,11,,,0,100,,45531,11,,,0,100,,45528,11,,,0,100,,43110,11,,,0,100,,45532,11,,,0,98,,43117,9,0,19 2 24 1 25 26,0,100,,43118,9,0,19 2 24 1 25 26,0,100,,43119,9,0,19 2 24 1 25 26,0,108,,43120,9,0,19 2 24 1 25 26,0
22019,'1873',625,,43171,9,0,19 2 24 1 25 26,0,24,,43176,9,0,19 2 24 1 25 26,0,70,,43172,9,0,19 2 24 1 25 26,0,30,,43177,9,0,19 2 24 1 25 26,0,70,,43173,9,0,19 2 24 1 25 26,0,33,,43152,11,,,0,72,,43153,11,,,0,30,,43154,11,,,0,70,,43155,11,,,0,30,,43156,11,,,0,70,,43157,11,,,0,30,,43158,11,,,0,70,,43159,11,,,0,31,,43160,11,,,0,70,,43161,11,,,0,30,,43162,11,,,0,70,,43163,11,,,0,31,,43164,11,,,0,70,,43165,11,,,0,30,,43166,11,,,0,70,,43167,11,,,0,29,,43168,11,,,0,70,,43169,11,,,0,27,,43178,9,0,19 2 24 1 25 26,0,70,,43174,9,0,19 2 24 1 25 26,0,30,,43179,9,0,19 2 24 1 25 26,0,69,,43170,9,0,19 2 24 1 25 26,0,30,,43180,9,0,19 2 24 1 25 26,0,69,,43175,9,0,19 2 24 1 25 26,0,30,,43181,9,0,19 2 24 1 25 26,0,70,,43182,9,0,19 2 24 1 25 26,0
22019,'1878',849,,43190,11,,,0,700,,43187,11,,,0,198,,43194,9,0,19 2 24 1 25 26,0,100,,43195,9,0,19 2 24 1 25 26,0,100,,43196,9,0,19 2 24 1 25 26,0,108,,43197,9,0,19 2 24 1 25 26,0
22019,'1881',1027,,43128,11,,,0,130,,43131,11,,,0,344,,43137,11,,,0,256,,43142,11,,,0,266,,43147,11,,,0
22019,'1882',601,,31270,9,0,19 2 24 1 25 26,0,26,,43151,9,0,19 2 24 1 25 26,0,27,,43121,9,0,19 2 24 1 25 26,0,70,,43122,9,0,19 2 24 1 25 26,0,35,,43123,11,,,0,70,,43124,11,,,0,30,,43125,11,,,0,69,,43126,11,,,0,30,,43127,11,,,0,99,,43129,11,,,0,70,,43130,11,,,0,101,,43132,11,,,0,30,,43133,11,,,0,71,,43134,11,,,0,30,,43135,11,,,0,70,,43136,11,,,0,102,,43138,11,,,0,28,,43150,11,,,0,70,,43139,11,,,0,29,,43140,11,,,0,69,,43141,11,,,0,99,,43143,11,,,0,30,,43144,11,,,0,70,,43145,11,,,0,29,,43146,11,,,0,98,,43148,11,,,0,68,,43149,9,0,19 2 24 1 25 26,0
22019,'1886',1027,,45537,11,,,0,130,,45538,11,,,0,344,,45539,11,,,0,256,,45540,11,,,0,266,,45541,11,,,0
22019,'1888',653,,45549,9,0,19 2 24 1 25 26,0,94,,45550,9,0,19 2 24 1 25 26,0,202,,45548,11,,,0,100,,45543,11,,,0,100,,45547,11,,,0,100,,45544,11,,,0,100,,45545,11,,,0,100,,45542,11,,,0,200,,45546,11,,,0
602019,'1838',632,,39733,13,,,0,27,,39730,14,,,0,70,,39715,14,,,0,30,,39719,14,,,0,70,,39734,14,,,0,30,,39710,14,,,0,70,,39706,14,,,0,30,,39729,14,,,0,70,,39726,14,,,0,30,,39720,14,,,0,71,,39728,14,,,0,70,,39738,14,,,0,30,,39727,14,,,0,70,,39707,14,,,0,30,,39736,14,,,0,70,,39737,14,,,0,30,,39705,14,,,0,70,,39731,14,,,0,30,,39714,14,,,0,70,,39716,14,,,0,30,,39739,14,,,0,70,,39721,14,,,0,30,,39711,14,,,0,70,,39724,14,,,0,30,,39735,14,,,0,70,,39709,14,,,0,30,,39713,14,,,0,70,,39722,14,,,0,29,,39712,14,,,0,30,,39725,14,,,0,70,,39718,14,,,0,30,,39732,14,,,0,70,,39717,14,,,0,30,,39723,14,,,0,70,,39708,14,,,0
602019,'1865',622,,39779,13,,,0,28,,39755,13,0,19 2 11 2 24 1 25 26,0,61,,39769,13,0,19 2 11 2 24 1 25 26,0,13,,43688,13,0,19 2 11 2 24 1 25 26,0,15,,39754,13,0,19 2 11 2 24 1 25 26,0,15,,46640,13,0,19 2 11 2 24 1 25 26,0,55,,39768,13,0,19 2 11 2 24 1 25 26,0,15,,43687,13,0,19 2 11 2 24 1 25 26,0,15,,39781,13,0,19 2 11 2 24 1 25 26,0,15,,46641,13,0,19 2 11 2 24 1 25 26,0,56,,39778,14,,,0,23,,39787,14,,,0,70,,39785,14,,,0,30,,39792,14,,,0,70,,39790,14,,,0,30,,39786,14,,,0,70,,39784,14,,,0,30,,39791,14,,,0,70,,39782,14,,,0,31,,39788,14,,,0,70,,39783,14,,,0,30,,39789,14,,,0,21,,39765,13,0,19 2 11 2 24 1 25 26,0,55,,39774,13,0,19 2 11 2 24 1 25 26,0,15,,39766,13,0,19 2 11 2 24 1 25 26,0,15,,39773,13,0,19 2 11 2 24 1 25 26,0,15,,39759,13,0,19 2 11 2 24 1 25 26,0,55,,39772,13,0,19 2 11 2 24 1 25 26,0,15,,39764,13,0,19 2 11 2 24 1 25 26,0,15,,39776,13,0,19 2 11 2 24 1 25 26,0,14,,39763,13,0,19 2 11 2 24 1 25 26,0,55,,39771,13,0,19 2 11 2 24 1 25 26,0,14,,39760,13,0,19 2 11 2 24 1 25 26,0,15,,39775,13,0,19 2 11 2 24 1 25 26,0,15,,39756,13,0,19 2 11 2 24 1 25 26,0,55,,39780,13,0,19 2 11 2 24 1 25 26,0,14,,39761,13,0,19 2 11 2 24 1 25 26,0,16,,39770,14,,,0,17,,39744,14,,,0,70,,39745,14,,,0,12,,39777,14,,,0,18,,39750,14,,,0,70,,39748,14,,,0,30,,39749,14,,,0,69,,39753,14,,,0,30,,39746,14,,,0,70,,39751,14,,,0,30,,39747,14,,,0,76,,39752,14,,,0
602019,'1866',632,,39827,13,,,0,27,,39809,14,,,0,70,,39826,14,,,0,30,,39808,14,,,0,70,,39825,14,,,0,30,,39807,14,,,0,70,,39824,14,,,0,30,,39806,14,,,0,70,,39823,14,,,0,30,,39805,14,,,0,71,,39822,14,,,0,70,,39803,14,,,0,30,,39821,14,,,0,70,,39804,14,,,0,30,,39819,14,,,0,70,,39802,14,,,0,30,,39820,14,,,0,70,,39795,14,,,0,30,,39818,14,,,0,70,,39796,14,,,0,30,,39817,14,,,0,70,,39794,14,,,0,30,,39816,14,,,0,70,,39797,14,,,0,30,,39815,14,,,0,70,,39800,14,,,0,30,,39813,14,,,0,70,,39801,14,,,0,29,,39814,14,,,0,30,,39799,14,,,0,70,,39811,14,,,0,30,,39798,14,,,0,70,,39812,14,,,0,30,,39793,14,,,0,70,,39810,14,,,0
602019,'1867',2229,,39830,14,,,0,30,,39829,14,,,0,70,,39828,14,,,0
602019,'1873',632,,23443,13,,,0,27,,23425,14,,,0,70,,23442,14,,,0,30,,23424,14,,,0,70,,23441,14,,,0,30,,23423,14,,,0,70,,23440,14,,,0,30,,23422,14,,,0,70,,23439,14,,,0,30,,23421,14,,,0,71,,23438,14,,,0,70,,23419,14,,,0,30,,23437,14,,,0,70,,23420,14,,,0,30,,23435,14,,,0,70,,23418,14,,,0,30,,23436,14,,,0,70,,23411,14,,,0,30,,23434,14,,,0,70,,23412,14,,,0,30,,23433,14,,,0,70,,23410,14,,,0,30,,23432,14,,,0,70,,23413,14,,,0,30,,23431,14,,,0,70,,23416,14,,,0,30,,23429,14,,,0,70,,23417,14,,,0,29,,23430,14,,,0,30,,23415,14,,,0,70,,23427,14,,,0,30,,23414,14,,,0,70,,23428,14,,,0,30,,23409,14,,,0,70,,23426,14,,,0
602019,'1878',2229,,23446,14,,,0,30,,23445,14,,,0,70,,23444,14,,,0
602019,'1881',754,,43689,13,0,19 2 11 2 24 1 25 26,0,100,,43690,13,0,19 2 11 2 24 1 25 26,0
602019,'1882',622,,23395,13,,,0,28,,33034,13,0,19 2 11 2 24 1 25 26,0,61,,23385,13,0,19 2 11 2 24 1 25 26,0,13,,43692,13,0,19 2 11 2 24 1 25 26,0,15,,33033,13,0,19 2 11 2 24 1 25 26,0,70,,23384,13,0,19 2 11 2 24 1 25 26,0,15,,43691,13,0,19 2 11 2 24 1 25 26,0,15,,33044,13,0,19 2 11 2 24 1 25 26,0,71,,23394,14,,,0,23,,33046,14,,,0,70,,23401,14,,,0,30,,33050,14,,,0,70,,23406,14,,,0,30,,33045,14,,,0,70,,23400,14,,,0,30,,33049,14,,,0,70,,23398,14,,,0,31,,33047,14,,,0,70,,23399,14,,,0,30,,33048,14,,,0,21,,23381,13,0,19 2 11 2 24 1 25 26,0,55,,23390,13,0,19 2 11 2 24 1 25 26,0,15,,23382,13,0,19 2 11 2 24 1 25 26,0,15,,33040,13,0,19 2 11 2 24 1 25 26,0,15,,23375,13,0,19 2 11 2 24 1 25 26,0,55,,23388,13,0,19 2 11 2 24 1 25 26,0,15,,23380,13,0,19 2 11 2 24 1 25 26,0,15,,33042,13,0,19 2 11 2 24 1 25 26,0,14,,23379,13,0,19 2 11 2 24 1 25 26,0,55,,23387,13,0,19 2 11 2 24 1 25 26,0,14,,23376,13,0,19 2 11 2 24 1 25 26,0,15,,33041,13,0,19 2 11 2 24 1 25 26,0,15,,23372,13,0,19 2 11 2 24 1 25 26,0,55,,23396,13,0,19 2 11 2 24 1 25 26,0,14,,23377,13,0,19 2 11 2 24 1 25 26,0,16,,33039,14,,,0,17,,23360,14,,,0,70,,23361,14,,,0,12,,33043,14,,,0,18,,23366,14,,,0,70,,23364,14,,,0,30,,23365,14,,,0,69,,23369,14,,,0,30,,23362,14,,,0,70,,23367,14,,,0,30,,23363,14,,,0,76,,23368,14,,,0
602019,'1886',754,,46642,13,0,19 2 11 2 24 1 25 26,0,100,,46643,13,0,19 2 11 2 24 1 25 26,0
