502019,'1799',1009,,22917,6,,,0,200,,22915,6,,,0,200,,22914,6,,,0,200,,22911,6,,,0,200,,22909,6,,,0,199,,22907,6,,,0,30,,22897,6,,,0,70,,22920,6,,,0,30,,22906,6,,,0,70,,22921,6,,,0,30,,22900,6,,,0,69,,22922,6,,,0,30,,22898,6,,,0
502019,'1800',637,,26625,6,,,0,70,,26614,6,,,0,30,,26628,6,,,0,70,,26635,6,,,0,31,,26623,6,,,0,70,,26634,6,,,0,30,,26624,6,,,0,71,,22952,6,,,0,30,,26622,6,,,0,70,,26633,6,,,0,30,,26617,6,,,0,70,,22950,6,,,0,30,,26620,6,,,0,70,,26632,6,,,0,30,,26618,6,,,0,70,,22949,6,,,0,30,,26621,6,,,0,70,,26631,6,,,0,30,,26615,6,,,0,70,,22946,6,,,0,30,,26619,6,,,0,70,,26630,6,,,0,30,,26616,6,,,0,70,,22944,6,,,0,30,,26626,6,,,0,70,,26629,6,,,0,30,,26627,6,,,0,69,,22942,6,,,0,30,,22932,6,,,0,70,,22955,6,,,0,30,,22941,6,,,0,70,,22956,6,,,0,30,,22935,6,,,0,69,,22957,6,,,0,30,,22933,6,,,0
502019,'1829',702,,22817,6,,,0,101,,22780,6,,,0,36,,22782,6,,,0,64,,22783,6,,,0,36,,22785,6,,,0,301,,22791,6,,,0,70,,22792,6,,,0,326,,22799,6,,,0,572,,22813,6,,,0,100,,22815,6,,,0
502019,'1831',707,,22833,6,,,0,30,,22825,6,,,0,70,,22834,6,,,0,31,,22824,6,,,0,70,,22835,6,,,0,30,,22823,6,,,0,71,,22836,6,,,0,30,,22844,6,,,0,170,,22838,6,,,0,30,,22846,6,,,0,70,,22839,6,,,0,131,,22848,6,,,0,70,,22841,6,,,0,129,,22850,6,,,0,70,,22843,6,,,0,30,,22851,6,,,0,170,,22829,6,,,0,99,,22828,6,,,0,100,,22830,6,,,0,100,,22831,6,,,0,100,,22832,6,,,0
502019,'1832',637,,22867,6,,,0,70,,22853,6,,,0,30,,22870,6,,,0,70,,22884,6,,,0,31,,22864,6,,,0,70,,22883,6,,,0,30,,22866,6,,,0,101,,22861,6,,,0,70,,22881,6,,,0,30,,22856,6,,,0,100,,22859,6,,,0,70,,22878,6,,,0,30,,22857,6,,,0,100,,22860,6,,,0,70,,22877,6,,,0,30,,22854,6,,,0,100,,22858,6,,,0,70,,22875,6,,,0,30,,22855,6,,,0,100,,22868,6,,,0,70,,22873,6,,,0,30,,22869,6,,,0
502019,'1833',1009,,22882,6,,,0,200,,22880,6,,,0,200,,22879,6,,,0,200,,22876,6,,,0,200,,22874,6,,,0,199,,22872,6,,,0,30,,22862,6,,,0,70,,22885,6,,,0,30,,22871,6,,,0,70,,22886,6,,,0,30,,22865,6,,,0,69,,22887,6,,,0,30,,22863,6,,,0
502019,'1834',637,,22902,6,,,0,70,,22888,6,,,0,30,,22905,6,,,0,70,,22919,6,,,0,31,,22899,6,,,0,70,,22918,6,,,0,30,,22901,6,,,0,101,,22896,6,,,0,70,,22916,6,,,0,30,,22891,6,,,0,100,,22894,6,,,0,70,,22913,6,,,0,30,,22892,6,,,0,100,,22895,6,,,0,70,,22912,6,,,0,30,,22889,6,,,0,100,,22893,6,,,0,70,,22910,6,,,0,30,,22890,6,,,0,100,,22903,6,,,0,70,,22908,6,,,0,30,,22904,6,,,0
502019,'1835',607,,26636,6,,,0,30,,26637,6,,,0,75,,26638,6,,,0,27,,26639,6,,,0,76,,26640,6,,,0,100,,26641,6,,,0,95,,26642,6,,,0,30,,26643,6,,,0,70,,26644,6,,,0,30,,26645,6,,,0,70,,26646,6,,,0,130,,26647,6,,,0,70,,26648,6,,,0,34,,26649,6,,,0,70,,26650,6,,,0,30,,26651,6,,,0,68,,26652,6,,,0,36,,26653,6,,,0,63,,26654,6,,,0,5,,26668,6,,,0,17,,26655,6,,,0,12,,26656,6,,,0,64,,26657,6,,,0,22,,26658,6,,,0,12,,26659,6,,,0,66,,26660,6,,,0,30,,26661,6,,,0,69,,26662,6,,,0,30,,26663,6,,,0,70,,26664,6,,,0,30,,26665,6,,,0,100,,26666,6,,,0,100,,26667,6,,,0
502019,'1836',637,,26673,6,,,0,472,,26675,6,,,0,30,,26678,6,,,0,200,,26679,6,,,0,71,,26676,6,,,0,130,,26680,6,,,0,69,,26677,6,,,0,200,,26674,6,,,0,30,,26681,6,,,0,199,,26672,6,,,0,100,,26671,6,,,0,100,,26670,6,,,0,100,,26669,6,,,0
502019,'1837',637,,26693,6,,,0,70,,26682,6,,,0,30,,26696,6,,,0,70,,26703,6,,,0,31,,26691,6,,,0,70,,26702,6,,,0,30,,26692,6,,,0,101,,26690,6,,,0,70,,26701,6,,,0,30,,26685,6,,,0,100,,26688,6,,,0,70,,26700,6,,,0,30,,26686,6,,,0,100,,26689,6,,,0,70,,26699,6,,,0,30,,26683,6,,,0,100,,26687,6,,,0,70,,26698,6,,,0,30,,26684,6,,,0,100,,26694,6,,,0,70,,26697,6,,,0,30,,26695,6,,,0
502019,'1838',637,,26715,6,,,0,70,,26704,6,,,0,30,,26718,6,,,0,70,,26725,6,,,0,31,,26713,6,,,0,70,,26724,6,,,0,30,,26714,6,,,0,101,,26712,6,,,0,70,,26723,6,,,0,30,,26707,6,,,0,100,,26710,6,,,0,70,,26722,6,,,0,30,,26708,6,,,0,100,,26711,6,,,0,70,,26721,6,,,0,30,,26705,6,,,0,100,,26709,6,,,0,70,,26720,6,,,0,30,,26706,6,,,0,100,,26716,6,,,0,70,,26719,6,,,0,30,,26717,6,,,0
