22029,'1790',2309,,7411,5,0,19 2 20 21,0,30,,7410,5,0,19 2 20 21,0
22029,'1791',639,,11427,5,0,19 2 20 21,0,70,,11428,5,0,19 2 20 21,0,30,,11429,5,0,19 2 20 21,0,73,,11430,5,0,19 2 20 21,0,30,,11431,5,0,19 2 20 21,0,70,,11432,5,,,0,129,,11434,5,,,0,70,,11439,5,,,0,130,,11436,5,,,0,101,,11440,5,,,0,170,,11443,5,,,0,30,,11444,5,,,0,70,,11445,5,,,0,227,,11450,5,,,0,70,,11382,5,,,0,125,,11453,5,,,0,70,,11454,5,,,0,199,,11456,5,0,19 2 20 21,0,35,,11457,5,0,19 2 20 21,0
22029,'1794',1804,,11397,5,0,19 2 20 21,0,200,,11395,5,0,19 2 20 21,0,305,,11398,5,0,19 2 20 21,0,30,,11399,5,0,19 2 20 21,0
22029,'1808',607,,11466,5,0,19 2 20 21,0,30,,11373,5,0,19 2 20 21,0,67,,11377,5,0,19 2 20 21,0,30,,11464,5,0,19 2 20 21,0,70,,11378,5,0,19 2 20 21,0,30,,11361,5,,,0,70,,11458,5,,,0,30,,11362,5,,,0,70,,11363,5,,,0,30,,11459,5,,,0,70,,11364,5,,,0,30,,11365,5,,,0,70,,11460,5,,,0,30,,11366,5,,,0,70,,11367,5,,,0,31,,11461,5,,,0,69,,11368,5,,,0,31,,11369,5,,,0,70,,11462,5,,,0,30,,11370,5,,,0,70,,11371,5,,,0,30,,11463,5,,,0,69,,11372,5,,,0,31,,11374,5,0,19 2 20 21,0,69,,11467,5,0,19 2 20 21,0,30,,11375,5,0,19 2 20 21,0,70,,11379,5,0,19 2 20 21,0,30,,11465,5,0,19 2 20 21,0,70,,11380,5,0,19 2 20 21,0,30,,11376,5,0,19 2 20 21,0,67,,11468,5,0,19 2 20 21,0,33,,11381,5,0,19 2 20 21,0,175,,7394,5,0,19 2 20 21,0,30,,7393,5,0,19 2 20 21,0
22029,'1809',707,,14969,5,0,19 2 20 21,0,97,,14958,5,,,0,100,,14959,5,,,0,100,,14960,5,,,0,100,,14961,5,,,0,100,,14962,5,,,0,100,,14963,5,,,0,100,,14964,5,,,0,100,,14965,5,,,0,100,,14966,5,,,0,100,,14967,5,,,0,100,,11483,5,0,19 2 20 21,0,100,,14968,5,0,19 2 20 21,0,100,,11481,5,0,19 2 20 21,0,100,,14970,5,0,19 2 20 21,0
22029,'1814',707,,11394,5,0,19 2 20 21,0,97,,11383,5,,,0,100,,11384,5,,,0,100,,11385,5,,,0,100,,11386,5,,,0,100,,11387,5,,,0,100,,11388,5,,,0,100,,11389,5,,,0,100,,11390,5,,,0,100,,11391,5,,,0,100,,11392,5,,,0,200,,11393,5,0,19 2 20 21,0,200,,11396,5,0,19 2 20 21,0
22029,'1815',941,,14972,5,,,0,70,,14975,5,,,0,130,,14973,5,,,0,70,,14971,5,,,0,100,,14974,5,,,0,101,,14976,5,,,0,30,,14977,5,,,0,200,,14978,5,,,0,69,,14979,5,,,0,30,,14980,5,,,0,70,,14981,5,,,0,128,,14982,5,,,0,65,,14983,5,,,0,129,,14984,5,0,19 2 20 21,0
22029,'1817',707,,14996,5,0,19 2 20 21,0,97,,14985,5,,,0,100,,14986,5,,,0,100,,14987,5,,,0,100,,14988,5,,,0,100,,14989,5,,,0,100,,14990,5,,,0,100,,14991,5,,,0,100,,14992,5,,,0,100,,14993,5,,,0,100,,14994,5,,,0,200,,14995,5,0,19 2 20 21,0,200,,14997,5,0,19 2 20 21,0
601019,'1790',614,,8286,5,,,0,30,,8304,5,,,0,70,,8285,5,,,0,30,,8303,5,,,0,70,,8284,5,,,0,30,,8302,5,,,0,70,,8283,5,,,0,30,,8301,5,,,0,70,,8281,5,,,0,30,,8300,5,,,0,70,,8282,5,,,0,30,,8299,5,,,0,70,,8280,5,,,0,30,,8298,5,,,0,70,,8276,5,,,0,30,,8297,5,,,0,70,,8279,5,,,0,30,,8296,5,,,0,70,,8277,5,,,0,30,,8295,5,,,0,70,,8275,5,,,0,30,,8294,5,,,0,70,,8278,5,,,0,30,,8293,5,,,0,70,,8272,5,,,0,30,,8292,5,,,0,69,,8273,5,,,0,30,,8291,5,,,0,70,,8274,5,,,0,30,,8290,5,,,0,70,,8271,5,,,0,30,,8289,5,,,0,70,,8270,5,,,0,30,,8288,5,,,0
601019,'1791',611,,12484,5,,,0,34,,8217,5,0,19 2 11 2 22 1 23,0,14,,12476,5,0,19 2 11 2 22 1 23,0,52,,8214,5,0,19 2 11 2 22 1 23,0,31,,8218,5,0,19 2 11 2 22 1 23,0,15,,12475,5,0,19 2 11 2 22 1 23,0,55,,8211,5,0,19 2 11 2 22 1 23,0,39,,12463,5,0,5 2 11 2 12,0,170,,12466,5,0,5 2 11 2 12,0,30,,12467,5,0,5 2 11 2 12,0,70,,12468,5,0,5 2 11 2 12,0,230,,12473,5,0,5 2 11 2 12,0,62,,12460,5,,,0,13,,8232,5,0,19 2 11 2 22 1 23,0,15,,12482,5,0,19 2 11 2 22 1 23,0,15,,8228,5,0,19 2 11 2 22 1 23,0,55,,12480,5,0,19 2 11 2 22 1 23,0,15,,8229,5,0,19 2 11 2 22 1 23,0,15,,12481,5,0,19 2 11 2 22 1 23,0,15,,8226,5,0,19 2 11 2 22 1 23,0,55,,12483,5,0,19 2 11 2 22 1 23,0,15,,8227,5,0,19 2 11 2 22 1 23,0,15,,12478,5,0,19 2 11 2 22 1 23,0,15,,8230,5,0,19 2 11 2 22 1 23,0,55,,12474,5,0,19 2 11 2 22 1 23,0,15,,8233,5,0,19 2 11 2 22 1 23,0,15,,12477,5,0,19 2 11 2 22 1 23,0,15,,8231,5,0,19 2 11 2 22 1 23,0,55,,12454,5,,,0,30,,12455,5,,,0,15,,8195,5,,,0,55,,12461,5,,,0,29,,12458,5,,,0,70,,12459,5,,,0,30,,12453,5,,,0,70,,12456,5,,,0,30,,12452,5,,,0,70,,12457,5,,,0,33,,12462,5,,,0
601019,'1794',2143,,12450,5,,,0,70,,12447,5,,,0,30,,12449,5,,,0
601019,'1808',614,,8251,5,,,0,30,,8269,5,,,0,70,,8250,5,,,0,30,,8268,5,,,0,70,,8249,5,,,0,30,,8267,5,,,0,70,,8248,5,,,0,30,,8266,5,,,0,70,,8246,5,,,0,30,,8264,5,,,0,70,,8247,5,,,0,30,,8265,5,,,0,70,,8245,5,,,0,30,,8263,5,,,0,70,,8236,5,,,0,30,,8262,5,,,0,70,,8244,5,,,0,30,,8261,5,,,0,70,,8242,5,,,0,30,,8260,5,,,0,70,,8237,5,,,0,30,,8258,5,,,0,70,,8239,5,,,0,30,,8259,5,,,0,70,,8243,5,,,0,30,,8257,5,,,0,69,,8238,5,,,0,30,,8256,5,,,0,70,,8241,5,,,0,30,,8255,5,,,0,70,,8240,5,,,0,30,,8254,5,,,0,70,,8235,5,,,0,30,,8253,5,,,0
601019,'1815',631,,15795,5,,,0,95,,15797,5,0,19 2 11 2 22 1 23,0,100,,15796,5,0,19 2 11 2 22 1 23,0,95,,15789,5,0,5 2 11 2 12,0,30,,15790,5,0,5 2 11 2 12,0,200,,15791,5,0,5 2 11 2 12,0,70,,15792,5,0,5 2 11 2 12,0,30,,15793,5,0,5 2 11 2 12,0,70,,15794,5,0,5 2 11 2 12,0
