1029,'1838',608,,34957,23,,,0,98,,34958,23,,,0,100,,34959,23,,,0,100,,34960,23,,,0,101,,34961,23,,,0,100,,34962,23,,,0,100,,34963,23,,,0,100,,34964,23,,,0,100,,34965,23,,,0,100,,34966,23,,,0,99,,34967,23,,,0,100,,34968,23,,,0,100,,34969,23,,,0,100,,34970,23,,,0,100,,34971,23,,,0,100,,34972,23,,,0,98,,34973,23,,,0,100,,34974,23,,,0
1029,'1865',607,,42119,23,,,0,31,,42120,23,,,0,66,,42140,23,,,0,31,,42116,23,,,0,70,,42111,23,,,0,30,,42144,23,,,0,69,,42114,23,,,0,30,,42121,23,,,0,70,,42139,23,,,0,30,,42118,23,,,0,70,,42110,23,,,0,30,,42143,23,,,0,70,,42115,23,,,0,30,,42122,23,,,0,70,,42138,23,,,0,30,,42117,23,,,0,70,,42112,23,,,0,31,,42141,23,,,0,72,,42113,23,,,0,30,,42123,23,,,0,69,,42137,23,,,0,29,,42126,23,,,0,70,,42125,23,,,0,30,,42124,23,,,0,72,,42130,23,,,0,30,,42129,23,,,0,70,,42128,23,,,0,30,,42127,23,,,0,69,,42142,23,,,0,30,,42136,23,,,0,70,,42135,23,,,0,30,,42134,23,,,0,70,,42133,23,,,0,30,,42132,23,,,0,65,,42131,23,,,0
1029,'1866',608,,35049,23,,,0,28,,35061,23,,,0,70,,35068,23,,,0,30,,35056,23,,,0,70,,35077,23,,,0,30,,35065,23,,,0,70,,35048,23,,,0,31,,35060,23,,,0,70,,35071,23,,,0,30,,35055,23,,,0,70,,35078,23,,,0,30,,35064,23,,,0,70,,35047,23,,,0,30,,35059,23,,,0,70,,35070,23,,,0,30,,35054,23,,,0,70,,35050,23,,,0,30,,35063,23,,,0,70,,35046,23,,,0,30,,35058,23,,,0,69,,35066,23,,,0,30,,35053,23,,,0,70,,35075,23,,,0,30,,35062,23,,,0,70,,35045,23,,,0,30,,35057,23,,,0,70,,35069,23,,,0,30,,35051,23,,,0,70,,35073,23,,,0,30,,35072,23,,,0,70,,35044,23,,,0,30,,35052,23,,,0,68,,35067,23,,,0,30,,35076,23,,,0,70,,35074,23,,,0
1029,'1867',608,,35079,23,,,0,98,,35080,23,,,0,100,,35081,23,,,0,100,,35082,23,,,0,101,,35083,23,,,0,100,,35084,23,,,0,100,,35085,23,,,0,100,,35086,23,,,0,100,,35087,23,,,0,100,,35088,23,,,0,99,,35089,23,,,0,100,,35090,23,,,0,100,,35091,23,,,0,100,,35092,23,,,0,100,,35093,23,,,0,100,,35094,23,,,0,98,,35095,23,,,0,100,,35096,23,,,0
1029,'1871',607,,34984,23,,,0,31,,28591,23,,,0,66,,35004,23,,,0,31,,34981,23,,,0,70,,34976,23,,,0,30,,35008,23,,,0,69,,34979,23,,,0,30,,34985,23,,,0,70,,35003,23,,,0,30,,34983,23,,,0,70,,34975,23,,,0,30,,35007,23,,,0,70,,34980,23,,,0,30,,34986,23,,,0,70,,35002,23,,,0,30,,34982,23,,,0,70,,34977,23,,,0,31,,35005,23,,,0,72,,34978,23,,,0,30,,34987,23,,,0,69,,35001,23,,,0,29,,34990,23,,,0,70,,34989,23,,,0,30,,34988,23,,,0,72,,34994,23,,,0,30,,34993,23,,,0,70,,34992,23,,,0,30,,34991,23,,,0,69,,35006,23,,,0,30,,35000,23,,,0,70,,34999,23,,,0,30,,34998,23,,,0,70,,34997,23,,,0,30,,34996,23,,,0,65,,34995,23,,,0
1029,'1873',608,,28498,23,,,0,28,,28510,23,,,0,70,,28517,23,,,0,30,,28505,23,,,0,70,,28526,23,,,0,30,,28514,23,,,0,70,,28497,23,,,0,31,,28509,23,,,0,70,,28520,23,,,0,30,,28504,23,,,0,70,,28527,23,,,0,30,,28513,23,,,0,70,,28496,23,,,0,30,,28508,23,,,0,70,,28519,23,,,0,30,,28503,23,,,0,70,,28499,23,,,0,30,,28512,23,,,0,70,,28495,23,,,0,30,,28507,23,,,0,69,,28515,23,,,0,30,,28502,23,,,0,70,,28524,23,,,0,30,,28511,23,,,0,70,,28494,23,,,0,30,,28506,23,,,0,70,,28518,23,,,0,30,,28500,23,,,0,70,,28522,23,,,0,30,,28521,23,,,0,70,,28493,23,,,0,30,,28501,23,,,0,68,,28516,23,,,0,30,,28525,23,,,0,70,,28523,23,,,0
1029,'1875',608,,28528,23,,,0,98,,28529,23,,,0,100,,28530,23,,,0,100,,28531,23,,,0,101,,28532,23,,,0,100,,28533,23,,,0,100,,28534,23,,,0,100,,28535,23,,,0,100,,28536,23,,,0,100,,28537,23,,,0,99,,28538,23,,,0,100,,28539,23,,,0,100,,28540,23,,,0,100,,28541,23,,,0,100,,28542,23,,,0,100,,28543,23,,,0,98,,28544,23,,,0,100,,28545,23,,,0
1029,'1876',607,,42154,23,,,0,31,,42155,23,,,0,66,,42175,23,,,0,31,,42151,23,,,0,70,,42146,23,,,0,30,,42179,23,,,0,69,,42149,23,,,0,30,,42156,23,,,0,70,,42174,23,,,0,30,,42153,23,,,0,70,,42145,23,,,0,30,,42178,23,,,0,70,,42150,23,,,0,30,,42157,23,,,0,70,,42173,23,,,0,30,,42152,23,,,0,70,,42147,23,,,0,31,,42176,23,,,0,72,,42148,23,,,0,30,,42158,23,,,0,69,,42172,23,,,0,29,,42161,23,,,0,70,,42160,23,,,0,30,,42159,23,,,0,72,,42165,23,,,0,30,,42164,23,,,0,70,,42163,23,,,0,30,,42162,23,,,0,69,,42177,23,,,0,30,,42171,23,,,0,70,,42170,23,,,0,30,,42169,23,,,0,70,,42168,23,,,0,30,,42167,23,,,0,65,,42166,23,,,0
801019,'1838',751,,41463,6,0,12,0,70,,41459,6,0,12,0,30,,41467,6,0,12,0,70,,41456,6,0,12,0,30,,41451,6,0,12,0,70,,41461,6,0,12,0,30,,41474,6,0,12,0,70,,41465,6,0,12,0,30,,41462,6,0,12,0,70,,41471,6,0,12,0,30,,41457,6,0,12,0,70,,41468,6,0,12,0,30,,41470,6,0,12,0,70,,41466,6,0,12,0,30,,41453,6,0,12,0,70,,41472,6,0,12,0,30,,41458,6,0,12,0,70,,41454,6,0,12,0,30,,41469,6,0,12,0,70,,41452,6,0,12,0,30,,41455,6,0,12,0,70,,41473,6,0,12,0,30,,41450,6,0,12,0,71,,41460,6,0,12,0,30,,41475,6,0,12,0,70,,41464,6,0,12,0
801019,'1857',647,,34434,6,0,12,0,80,,34433,6,0,12,0,79,,34432,6,0,12,0,20,,34439,6,0,12,0,25,,41528,6,0,12,0,71,,41529,6,0,12,0,30,,41530,6,0,12,0,70,,41531,6,0,12,0,30,,41532,6,0,12,0,70,,41533,6,0,12,0,30,,41534,6,0,12,0,70,,41535,6,0,12,0,30,,41536,6,0,12,0,70,,41537,6,0,12,0,30,,41538,6,0,12,0,70,,41539,6,0,12,0,30,,34435,6,0,12,0,70,,34440,6,0,12,0,25,,41540,6,0,12,0,60,,34421,6,0,12,0,20,,41552,6,0,12,0,20,,41541,6,0,12,0,60,,41542,6,0,12,0,20,,41553,6,0,12,0,20,,41543,6,0,12,0,60,,41551,6,0,12,0,20,,41550,6,0,12,0,25,,41544,6,0,12,0,70,,41545,6,0,12,0,30,,41546,6,0,12,0,70,,41547,6,0,12,0
801019,'1865',557,,43914,6,0,12,0,70,,43916,6,0,12,0,20,,41580,6,0,12,0,65,,43915,6,0,12,0,15,,41579,6,0,12,0,19,,43913,6,0,12,0,60,,41578,6,0,12,0,20,,41585,6,0,12,0,25,,41554,6,0,12,0,71,,41555,6,0,12,0,30,,41556,6,0,12,0,70,,41557,6,0,12,0,30,,41558,6,0,12,0,70,,41559,6,0,12,0,30,,41560,6,0,12,0,70,,41561,6,0,12,0,30,,41562,6,0,12,0,70,,41563,6,0,12,0,30,,41564,6,0,12,0,70,,41565,6,0,12,0,30,,41581,6,0,12,0,70,,41586,6,0,12,0,25,,41566,6,0,12,0,60,,41567,6,0,12,0,20,,41587,6,0,12,0,20,,41568,6,0,12,0,60,,41569,6,0,12,0,20,,41588,6,0,12,0,20,,41570,6,0,12,0,60,,41583,6,0,12,0,20,,41582,6,0,12,0,25,,41571,6,0,12,0,70,,41572,6,0,12,0,30,,41573,6,0,12,0,70,,41574,6,0,12,0
801019,'1866',751,,41609,6,0,12,0,70,,41610,6,0,12,0,30,,41611,6,0,12,0,70,,41597,6,0,12,0,30,,41596,6,0,12,0,70,,41595,6,0,12,0,30,,41606,6,0,12,0,70,,41600,6,0,12,0,30,,41605,6,0,12,0,70,,41604,6,0,12,0,30,,41603,6,0,12,0,70,,41602,6,0,12,0,30,,41591,6,0,12,0,70,,41599,6,0,12,0,30,,41608,6,0,12,0,70,,41593,6,0,12,0,30,,41589,6,0,12,0,70,,41590,6,0,12,0,30,,41592,6,0,12,0,70,,41594,6,0,12,0,30,,41607,6,0,12,0,70,,41601,6,0,12,0,30,,41598,6,0,12,0,71,,41612,6,0,12,0,30,,41613,6,0,12,0,70,,41614,6,0,12,0
801019,'1867',751,,41628,6,0,12,0,70,,41624,6,0,12,0,30,,41632,6,0,12,0,70,,41621,6,0,12,0,30,,41616,6,0,12,0,70,,41626,6,0,12,0,30,,41639,6,0,12,0,70,,41630,6,0,12,0,30,,41627,6,0,12,0,70,,41636,6,0,12,0,30,,41622,6,0,12,0,70,,41633,6,0,12,0,30,,41635,6,0,12,0,70,,41631,6,0,12,0,30,,41618,6,0,12,0,70,,41637,6,0,12,0,30,,41623,6,0,12,0,70,,41619,6,0,12,0,30,,41634,6,0,12,0,70,,41617,6,0,12,0,30,,41620,6,0,12,0,70,,41638,6,0,12,0,30,,41615,6,0,12,0,71,,41625,6,0,12,0,30,,41640,6,0,12,0,70,,41629,6,0,12,0
801019,'1871',557,,34430,6,0,12,0,70,,34438,6,0,12,0,85,,41549,6,0,12,0,34,,41548,6,0,12,0
801019,'1873',751,,41496,6,0,12,0,70,,41497,6,0,12,0,30,,41498,6,0,12,0,70,,41484,6,0,12,0,30,,41483,6,0,12,0,70,,41482,6,0,12,0,30,,41493,6,0,12,0,70,,41487,6,0,12,0,30,,41492,6,0,12,0,70,,41491,6,0,12,0,30,,41490,6,0,12,0,70,,41489,6,0,12,0,30,,41478,6,0,12,0,70,,41486,6,0,12,0,30,,41495,6,0,12,0,70,,41480,6,0,12,0,30,,41476,6,0,12,0,70,,41477,6,0,12,0,30,,41479,6,0,12,0,70,,41481,6,0,12,0,30,,41494,6,0,12,0,70,,41488,6,0,12,0,30,,41485,6,0,12,0,71,,41499,6,0,12,0,30,,41500,6,0,12,0,70,,41501,6,0,12,0
801019,'1875',751,,41515,6,0,12,0,70,,41511,6,0,12,0,30,,41519,6,0,12,0,70,,41508,6,0,12,0,30,,41503,6,0,12,0,70,,41513,6,0,12,0,30,,41526,6,0,12,0,70,,41517,6,0,12,0,30,,41514,6,0,12,0,70,,41523,6,0,12,0,30,,41509,6,0,12,0,70,,41520,6,0,12,0,30,,41522,6,0,12,0,70,,41518,6,0,12,0,30,,41505,6,0,12,0,70,,41524,6,0,12,0,30,,41510,6,0,12,0,70,,41506,6,0,12,0,30,,41521,6,0,12,0,70,,41504,6,0,12,0,30,,41507,6,0,12,0,70,,41525,6,0,12,0,30,,41502,6,0,12,0,71,,41512,6,0,12,0,30,,41527,6,0,12,0,70,,41516,6,0,12,0
801019,'1876',557,,43918,6,0,12,0,70,,43920,6,0,12,0,85,,43919,6,0,12,0,34,,43917,6,0,12,0
