2029,'1799',622,,19664,21,,,0,30,,19672,21,,,0,68,,19683,21,,,0,30,,19678,21,,,0,70,,19665,21,,,0,30,,19673,21,,,0,70,,19684,21,,,0,30,,19679,21,,,0,70,,19666,21,,,0,30,,19674,21,,,0,70,,19685,21,,,0,30,,19680,21,,,0,70,,19667,21,,,0,30,,19675,21,,,0,70,,19686,21,,,0,30,,19681,21,,,0,70,,19668,21,,,0,30,,19676,21,,,0,70,,19687,21,,,0,30,,19682,21,,,0,70,,19669,21,,,0,30,,19677,21,,,0,70,,19688,21,,,0,100,,19670,21,,,0,99,,19689,21,,,0,100,,19671,21,,,0,100,,19690,21,,,0,100,,19663,21,,,0
2029,'1800',622,,19696,21,,,0,30,,19704,21,,,0,68,,19715,21,,,0,30,,19710,21,,,0,70,,19697,21,,,0,30,,19705,21,,,0,70,,19716,21,,,0,30,,19711,21,,,0,70,,19698,21,,,0,30,,19706,21,,,0,70,,19717,21,,,0,30,,19712,21,,,0,70,,19699,21,,,0,30,,19707,21,,,0,70,,19718,21,,,0,30,,19713,21,,,0,70,,19700,21,,,0,30,,19708,21,,,0,70,,19719,21,,,0,30,,19714,21,,,0,70,,19701,21,,,0,30,,19709,21,,,0,70,,19720,21,,,0,100,,19702,21,,,0,99,,19721,21,,,0,100,,19703,21,,,0,100,,19722,21,,,0,100,,19695,21,,,0
2029,'1829',525,,19588,6,,,0,27,,19562,21,,,0,70,,19563,21,,,0,30,,19564,21,,,0,68,,19565,21,,,0,30,,19566,21,,,0,70,,19567,21,,,0,30,,19568,21,,,0,70,,19569,21,,,0,30,,19570,21,,,0,70,,19571,21,,,0,30,,19572,21,,,0,70,,19573,21,,,0,30,,19574,21,,,0,70,,19575,21,,,0,30,,19576,21,,,0,70,,19577,21,,,0,30,,19578,21,,,0,70,,19579,21,,,0,30,,19580,21,,,0,69,,19581,21,,,0,30,,19582,21,,,0,70,,19583,21,,,0,31,,19584,21,,,0,70,,19585,21,,,0,29,,19586,21,,,0,70,,19587,21,,,0,30,,19591,21,,,0,70,,19592,21,,,0,100,,19593,21,,,0,100,,19594,21,,,0,100,,19590,21,,,0
2029,'1831',552,,19628,21,0,5 2 15 16 17,0,70,,19611,21,,,0,30,,19618,21,,,0,68,,19597,21,,,0,30,,19603,21,,,0,70,,19612,21,,,0,30,,19619,21,,,0,70,,19598,21,,,0,30,,19604,21,,,0,70,,19613,21,,,0,30,,19620,21,,,0,70,,19599,21,,,0,30,,19605,21,,,0,70,,19614,21,,,0,30,,19621,21,,,0,70,,19600,21,,,0,30,,19606,21,,,0,70,,19615,21,,,0,30,,19622,21,,,0,70,,19601,21,,,0,30,,19607,21,,,0,70,,19616,21,,,0,30,,19623,21,,,0,70,,19602,21,,,0,30,,19608,21,,,0,70,,19617,21,,,0,30,,19624,21,,,0,69,,19609,21,,,0,100,,19625,21,,,0,100,,19610,21,,,0,100,,19626,21,,,0
2029,'1833',622,,19632,21,,,0,30,,19640,21,,,0,68,,19651,21,,,0,30,,19646,21,,,0,70,,19633,21,,,0,30,,19641,21,,,0,70,,19652,21,,,0,30,,19647,21,,,0,70,,19634,21,,,0,30,,19642,21,,,0,70,,19653,21,,,0,30,,19648,21,,,0,70,,19635,21,,,0,30,,19643,21,,,0,70,,19654,21,,,0,30,,19649,21,,,0,70,,19636,21,,,0,30,,19644,21,,,0,70,,19655,21,,,0,30,,19650,21,,,0,70,,19637,21,,,0,30,,19645,21,,,0,70,,19656,21,,,0,100,,19638,21,,,0,99,,19657,21,,,0,100,,19639,21,,,0,100,,19658,21,,,0,100,,19631,21,,,0
701019,'1800',609,,26964,5,,,0,28,,26997,5,,,0,69,,26986,5,,,0,30,,26961,5,,,0,70,,26988,5,,,0,30,,26965,5,,,0,70,,26960,5,,,0,30,,26990,5,,,0,70,,26969,5,,,0,30,,26957,5,,,0,70,,26992,5,,,0,30,,26967,5,,,0,71,,26956,5,,,0,30,,26987,5,,,0,70,,26971,5,,,0,30,,26954,5,,,0,70,,26991,5,,,0,30,,26970,5,,,0,70,,26952,5,,,0,30,,26989,5,,,0,70,,26966,5,,,0,30,,26950,5,,,0,69,,26993,5,,,0,30,,26976,5,,,0,70,,26947,5,,,0,30,,27006,5,,,0,70,,26979,5,,,0,30,,26945,5,,,0,70,,27001,5,,,0,30,,26982,5,,,0,70,,26942,5,,,0,30,,26996,5,,,0,69,,26980,5,,,0,30,,26944,5,,,0,70,,27000,5,,,0,25,,27013,5,,,0
701019,'1832',609,,23742,5,,,0,28,,23775,5,,,0,69,,23764,5,,,0,30,,23739,5,,,0,70,,23766,5,,,0,30,,23743,5,,,0,70,,23738,5,,,0,30,,23768,5,,,0,70,,23747,5,,,0,30,,23735,5,,,0,70,,23770,5,,,0,30,,23745,5,,,0,71,,23734,5,,,0,30,,23765,5,,,0,70,,23749,5,,,0,30,,23732,5,,,0,70,,23769,5,,,0,30,,23748,5,,,0,70,,23730,5,,,0,30,,23767,5,,,0,70,,23744,5,,,0,30,,23728,5,,,0,69,,23771,5,,,0,30,,23754,5,,,0,70,,23725,5,,,0,30,,23784,5,,,0,70,,23757,5,,,0,30,,23723,5,,,0,70,,23779,5,,,0,30,,23760,5,,,0,70,,23720,5,,,0,30,,23774,5,,,0,69,,23758,5,,,0,30,,23722,5,,,0,70,,23778,5,,,0,25,,23791,5,,,0
701019,'1834',609,,23841,5,,,0,28,,23874,5,,,0,69,,23863,5,,,0,30,,23838,5,,,0,70,,23865,5,,,0,30,,23842,5,,,0,70,,23837,5,,,0,30,,23867,5,,,0,70,,23846,5,,,0,30,,23834,5,,,0,70,,23869,5,,,0,30,,23844,5,,,0,71,,23833,5,,,0,30,,23864,5,,,0,70,,23848,5,,,0,30,,23831,5,,,0,70,,23868,5,,,0,30,,23847,5,,,0,70,,23829,5,,,0,30,,23866,5,,,0,70,,23843,5,,,0,30,,23827,5,,,0,69,,23870,5,,,0,30,,23853,5,,,0,70,,23824,5,,,0,30,,23883,5,,,0,70,,23856,5,,,0,30,,23822,5,,,0,70,,23878,5,,,0,30,,23859,5,,,0,70,,23819,5,,,0,30,,23873,5,,,0,69,,23857,5,,,0,30,,23821,5,,,0,70,,23877,5,,,0,25,,23890,5,,,0
701019,'1835',550,,27104,5,,,0,70,,27105,5,,,0,18,,27115,5,,,0,16,,27106,5,,,0,66,,27114,5,,,0,17,,27107,5,,,0,65,,27108,5,,,0,13,,27109,5,,,0,20,,27110,5,,,0,71,,27077,5,,,0,30,,27121,5,,,0,70,,27078,5,,,0,30,,27079,5,,,0,70,,27080,5,,,0,30,,27081,5,,,0,70,,27082,5,,,0,30,,27083,5,,,0,70,,27084,5,,,0,30,,27085,5,,,0,68,,27086,5,,,0,28,,27087,5,,,0,18,,27119,5,0,5 2 11 2 12,0,66,,27088,5,,,0,20,,27112,5,,,0,19,,27118,5,0,5 2 11 2 12,0,61,,27089,5,,,0,20,,27090,5,,,0,21,,27120,5,0,5 2 11 2 12,0,60,,27111,5,,,0,20,,27103,5,,,0,64,,27102,5,,,0,20,,27101,5,,,0,15,,27091,5,,,0,70,,27092,5,,,0,30,,27093,5,,,0,70,,27094,5,,,0,30,,27095,5,,,0,70,,27096,5,,,0,30,,27097,5,,,0,69,,27098,5,,,0,30,,27099,5,,,0,70,,27100,5,,,0,25,,27117,5,,,0
701019,'1836',609,,27190,5,,,0,28,,27145,5,,,0,69,,27183,5,,,0,30,,27169,5,,,0,70,,27174,5,,,0,30,,27179,5,,,0,70,,27184,5,,,0,30,,27170,5,,,0,70,,27175,5,,,0,30,,27180,5,,,0,70,,27185,5,,,0,30,,27171,5,,,0,71,,27176,5,,,0,30,,27181,5,,,0,70,,27186,5,,,0,30,,27172,5,,,0,70,,27177,5,,,0,30,,27182,5,,,0,70,,27187,5,,,0,30,,27173,5,,,0,70,,27178,5,,,0,30,,27189,5,,,0,69,,27123,5,,,0,30,,27134,5,,,0,70,,27146,5,,,0,30,,27158,5,,,0,70,,27124,5,,,0,30,,27135,5,,,0,70,,27147,5,,,0,30,,27159,5,,,0,70,,27125,5,,,0,30,,27136,5,,,0,69,,27148,5,,,0,30,,27160,5,,,0,70,,27126,5,,,0,25,,27221,5,,,0
701019,'1837',609,,27271,5,,,0,28,,27304,5,,,0,69,,27293,5,,,0,30,,27268,5,,,0,70,,27295,5,,,0,30,,27272,5,,,0,70,,27267,5,,,0,30,,27297,5,,,0,70,,27276,5,,,0,30,,27264,5,,,0,70,,27299,5,,,0,30,,27274,5,,,0,71,,27263,5,,,0,30,,27294,5,,,0,70,,27278,5,,,0,30,,27261,5,,,0,70,,27298,5,,,0,30,,27277,5,,,0,70,,27259,5,,,0,30,,27296,5,,,0,70,,27273,5,,,0,30,,27257,5,,,0,69,,27300,5,,,0,30,,27283,5,,,0,70,,27254,5,,,0,30,,27313,5,,,0,70,,27286,5,,,0,30,,27252,5,,,0,70,,27308,5,,,0,30,,27289,5,,,0,70,,27249,5,,,0,30,,27303,5,,,0,69,,27287,5,,,0,30,,27251,5,,,0,70,,27307,5,,,0,25,,27320,5,,,0
701019,'1838',609,,27370,5,,,0,28,,27403,5,,,0,69,,27392,5,,,0,30,,27367,5,,,0,70,,27394,5,,,0,30,,27371,5,,,0,70,,27366,5,,,0,30,,27396,5,,,0,70,,27375,5,,,0,30,,27363,5,,,0,70,,27398,5,,,0,30,,27373,5,,,0,71,,27362,5,,,0,30,,27393,5,,,0,70,,27377,5,,,0,30,,27360,5,,,0,70,,27397,5,,,0,30,,27376,5,,,0,70,,27358,5,,,0,30,,27395,5,,,0,70,,27372,5,,,0,30,,27356,5,,,0,69,,27399,5,,,0,30,,27382,5,,,0,70,,27353,5,,,0,30,,27412,5,,,0,70,,27385,5,,,0,30,,27351,5,,,0,70,,27407,5,,,0,30,,27388,5,,,0,70,,27348,5,,,0,30,,27402,5,,,0,69,,27386,5,,,0,30,,27350,5,,,0,70,,27406,5,,,0,25,,27419,5,,,0
20002019,'1800',1005,,28213,6,,,0
20002019,'1832',1005,,24809,6,,,0
20002019,'1834',1005,,24810,6,,,0
20002019,'1837',1005,,28214,6,,,0
20002019,'1838',1005,,28215,6,,,0
14000001029,'1799',2414,,24942,6,,,0,30,,24943,6,,,0,100,,24941,6,,,0,70,,24939,6,,,0
14000001029,'1800',534,,28283,6,0,18 7,0,1812,,28281,6,,,0,68,,24949,6,,,0,30,,24950,6,,,0,70,,28282,6,,,0,30,,24948,6,,,0,70,,24946,6,,,0
14000001029,'1829',432,,24916,6,0,18 7,0,1982,,24920,6,,,0,130,,24921,6,,,0
14000001029,'1831',534,,24928,6,0,18 7,0,1812,,24930,6,,,0,68,,24925,6,,,0,30,,24924,6,,,0,70,,24926,6,,,0,30,,24929,6,,,0,70,,24927,6,,,0
14000001029,'1832',534,,24937,6,0,18 7,0,1812,,24931,6,,,0,168,,24933,6,,,0
14000001029,'1833',2414,,24935,6,,,0,30,,24936,6,,,0,100,,24934,6,,,0,70,,24932,6,,,0
14000001029,'1834',534,,24944,6,0,18 7,0,1812,,24938,6,,,0,168,,24940,6,,,0
14000001029,'1835',534,,28284,6,0,18 7,0,1812,,28286,6,,,0,98,,28288,6,,,0,70,,28285,6,,,0,100,,28287,6,,,0
14000001029,'1837',534,,28291,6,0,18 7,0,1812,,28289,6,,,0,168,,28290,6,,,0
14000001029,'1838',534,,28294,6,0,18 7,0,1812,,28292,6,,,0,168,,28293,6,,,0
