2019,'1838',702,,35124,27,,,0,30,,35101,27,,,0,70,,35105,27,,,0,30,,35117,27,,,0,70,,35112,27,,,0,30,,35102,27,,,0,70,,35106,27,,,0,30,,35118,27,,,0,70,,35113,27,,,0,30,,35103,27,,,0,70,,35107,27,,,0,30,,35119,27,,,0,70,,35114,27,,,0,30,,35104,27,,,0,70,,35108,27,,,0,30,,35120,27,,,0,70,,35115,27,,,0,30,,35099,27,,,0,70,,35109,27,,,0,30,,35121,27,,,0,70,,35116,27,,,0,30,,35097,27,,,0,70,,35110,27,,,0,30,,35122,27,,,0,100,,35098,27,,,0,100,,35123,27,,,0,100,,35100,27,,,0,100,,35111,27,,,0,99,,35125,27,,,0
2019,'1865',457,,43997,18,0,5 2 13 14,0,176,,35127,27,,,0,70,,35128,27,,,0,29,,35129,27,,,0,71,,35130,27,,,0,30,,35131,27,,,0,70,,35132,27,,,0,30,,35133,27,,,0,70,,35134,27,,,0,30,,35135,27,,,0,70,,35136,27,,,0,30,,35137,27,,,0,70,,35138,27,,,0,30,,35139,27,,,0,70,,35140,27,,,0,30,,35141,27,,,0,70,,35142,27,,,0,30,,35143,27,,,0,70,,35144,27,,,0,30,,35145,27,,,0,70,,35146,27,,,0,30,,35147,27,,,0,70,,35148,27,,,0,30,,35149,27,,,0,70,,35150,27,,,0,30,,35151,27,,,0,70,,35157,27,,,0,30,,35152,27,,,0,100,,35153,27,,,0,100,,35154,27,,,0,100,,35155,27,,,0,100,,35156,27,,,0
2019,'1866',632,,35159,18,,,0,70,,35166,27,,,0,30,,35175,27,,,0,70,,35182,27,,,0,30,,35160,27,,,0,70,,35167,27,,,0,30,,35176,27,,,0,70,,35183,27,,,0,30,,35161,27,,,0,70,,35168,27,,,0,30,,35177,27,,,0,70,,35184,27,,,0,30,,35162,27,,,0,70,,35169,27,,,0,30,,35178,27,,,0,70,,35185,27,,,0,30,,35163,27,,,0,70,,35170,27,,,0,30,,35179,27,,,0,70,,35186,27,,,0,30,,35164,27,,,0,70,,35171,27,,,0,30,,35180,27,,,0,70,,35187,27,,,0,30,,35165,27,,,0,70,,35172,27,,,0,30,,35181,27,,,0,100,,35173,27,,,0,100,,35188,27,,,0,100,,35174,27,,,0,100,,35189,27,,,0
2019,'1867',702,,35217,27,,,0,30,,35194,27,,,0,70,,35198,27,,,0,30,,35210,27,,,0,70,,35205,27,,,0,30,,35195,27,,,0,70,,35199,27,,,0,30,,35211,27,,,0,70,,35206,27,,,0,30,,35196,27,,,0,70,,35200,27,,,0,30,,35212,27,,,0,70,,35207,27,,,0,30,,35197,27,,,0,70,,35201,27,,,0,30,,35213,27,,,0,70,,35208,27,,,0,30,,35192,27,,,0,70,,35202,27,,,0,30,,35214,27,,,0,70,,35209,27,,,0,30,,35190,27,,,0,70,,35203,27,,,0,30,,35215,27,,,0,100,,35191,27,,,0,100,,35216,27,,,0,100,,35193,27,,,0,100,,35204,27,,,0,99,,35218,27,,,0
2019,'1873',632,,19444,18,,,0,70,,19451,27,,,0,30,,19460,27,,,0,70,,19467,27,,,0,30,,19445,27,,,0,70,,19452,27,,,0,30,,19461,27,,,0,70,,19468,27,,,0,30,,19446,27,,,0,70,,19453,27,,,0,30,,19462,27,,,0,70,,19469,27,,,0,30,,19447,27,,,0,70,,19454,27,,,0,30,,19463,27,,,0,70,,19470,27,,,0,30,,19448,27,,,0,70,,19455,27,,,0,30,,19464,27,,,0,70,,19471,27,,,0,30,,19449,27,,,0,70,,19456,27,,,0,30,,19465,27,,,0,70,,19472,27,,,0,30,,19450,27,,,0,70,,19457,27,,,0,30,,19466,27,,,0,100,,19458,27,,,0,100,,19473,27,,,0,100,,19459,27,,,0,100,,19474,27,,,0
2019,'1878',702,,19502,27,,,0,30,,19479,27,,,0,70,,19483,27,,,0,30,,19495,27,,,0,70,,19490,27,,,0,30,,19480,27,,,0,70,,19484,27,,,0,30,,19496,27,,,0,70,,19491,27,,,0,30,,19481,27,,,0,70,,19485,27,,,0,30,,19497,27,,,0,70,,19492,27,,,0,30,,19482,27,,,0,70,,19486,27,,,0,30,,19498,27,,,0,70,,19493,27,,,0,30,,19477,27,,,0,70,,19487,27,,,0,30,,19499,27,,,0,70,,19494,27,,,0,30,,19475,27,,,0,70,,19488,27,,,0,30,,19500,27,,,0,100,,19476,27,,,0,100,,19501,27,,,0,100,,19478,27,,,0,100,,19489,27,,,0,99,,19503,27,,,0
2019,'1881',457,,35126,18,0,5 2 13 14,0
2019,'1882',633,,19412,27,,,0,70,,19413,27,,,0,29,,19414,27,,,0,71,,19415,27,,,0,30,,19416,27,,,0,70,,19417,27,,,0,30,,19418,27,,,0,70,,19419,27,,,0,30,,19420,27,,,0,70,,19421,27,,,0,30,,19422,27,,,0,70,,19423,27,,,0,30,,19424,27,,,0,70,,19425,27,,,0,30,,19426,27,,,0,70,,19427,27,,,0,30,,19428,27,,,0,70,,19429,27,,,0,30,,19430,27,,,0,70,,19431,27,,,0,30,,19432,27,,,0,70,,19433,27,,,0,30,,19434,27,,,0,70,,19435,27,,,0,30,,19436,27,,,0,70,,19442,27,,,0,30,,19437,27,,,0,100,,19438,27,,,0,100,,19439,27,,,0,100,,19440,27,,,0,100,,19441,27,,,0
2019,'1886',457,,43998,18,0,5 2 13 14,0
4019,'1838',746,,35397,2,,,0,70,,44019,2,,,0,30,,35395,2,,,0,70,,44020,2,,,0,30,,44018,2,,,0,71,,44005,2,,,0,30,,44008,2,,,0,70,,42187,2,,,0,30,,44014,2,,,0,70,,44001,2,,,0,30,,44004,2,,,0,70,,44007,2,,,0,30,,44011,2,,,0,70,,44012,2,,,0,30,,44000,2,,,0,70,,44003,2,,,0,30,,44006,2,,,0,70,,44010,2,,,0,30,,44013,2,,,0,70,,43999,2,,,0,30,,44002,2,,,0,70,,42183,2,,,0,30,,44009,2,,,0,70,,44017,2,,,0,30,,42191,2,,,0,70,,44015,2,,,0,30,,44021,2,,,0,70,,44016,2,,,0
4019,'1865',617,,35458,2,,,0,30,,35484,2,,,0,70,,42192,2,,,0,27,,44023,2,,,0,76,,44024,2,,,0,24,,44025,2,,,0,76,,44026,2,,,0,27,,44027,2,,,0,70,,44028,2,,,0,30,,44029,2,,,0,70,,44030,2,,,0,30,,44031,2,,,0,70,,42194,2,,,0,30,,35470,2,,,0,70,,35471,2,,,0,30,,35472,2,,,0,70,,44032,2,,,0,32,,44033,2,,,0,70,,44034,2,,,0,31,,35476,2,,,0,64,,44035,2,,,0,36,,44036,2,,,0,64,,35479,2,,,0,36,,44037,2,,,0,62,,44038,2,,,0,35,,35482,2,,,0,70,,44039,2,,,0,30,,35452,2,,,0,70,,35453,2,,,0,30,,35454,2,,,0,70,,35455,2,,,0,30,,44022,2,,,0,70,,35457,2,,,0
4019,'1866',646,,44067,2,,,0,70,,44046,2,,,0,30,,44041,2,,,0,70,,44049,2,,,0,30,,44059,2,,,0,70,,44054,2,,,0,30,,44045,2,,,0,71,,44064,2,,,0,30,,44044,2,,,0,70,,44061,2,,,0,30,,44056,2,,,0,70,,44050,2,,,0,30,,44062,2,,,0,70,,44065,2,,,0,30,,44043,2,,,0,70,,44051,2,,,0,30,,44042,2,,,0,70,,44047,2,,,0,30,,44063,2,,,0,70,,44060,2,,,0,30,,44057,2,,,0,70,,44048,2,,,0,30,,44066,2,,,0,70,,35515,2,,,0,30,,44040,2,,,0,70,,44052,2,,,0,30,,35498,2,,,0,70,,44058,2,,,0,30,,35491,2,,,0,70,,44053,2,,,0,30,,35495,2,,,0,70,,44055,2,,,0
4019,'1867',746,,35540,2,,,0,70,,44088,2,,,0,30,,35538,2,,,0,70,,44089,2,,,0,30,,44087,2,,,0,71,,44074,2,,,0,30,,44077,2,,,0,70,,42202,2,,,0,30,,44083,2,,,0,70,,44070,2,,,0,30,,44073,2,,,0,70,,44076,2,,,0,30,,44080,2,,,0,70,,44081,2,,,0,30,,44069,2,,,0,70,,44072,2,,,0,30,,44075,2,,,0,70,,44079,2,,,0,30,,44082,2,,,0,70,,44068,2,,,0,30,,44071,2,,,0,70,,42198,2,,,0,30,,44078,2,,,0,70,,44086,2,,,0,30,,42206,2,,,0,70,,44084,2,,,0,30,,44090,2,,,0,70,,44085,2,,,0
4019,'1873',1817,,28770,2,,,0,130,,28753,2,,,0,100,,28746,2,,,0,100,,28750,2,,,0
4019,'1878',746,,28795,2,,,0,100,,28793,2,,,0,271,,42217,2,,,0,700,,42213,2,,,0,130,,42221,2,,,0
4019,'1881',744,,28841,2,,,0,76,,28842,2,,,0,24,,28843,2,,,0,76,,35444,2,,,0,27,,28845,2,,,0,70,,35445,2,,,0,30,,28847,2,,,0,70,,28848,2,,,0,30,,42208,2,,,0,270,,35448,2,,,0,32,,35449,2,,,0,70,,28856,2,,,0,95,,28858,2,,,0,36,,28859,2,,,0,100,,35450,2,,,0,62,,35451,2,,,0,105,,28864,2,,,0,230,,35442,2,,,0
4019,'1882',617,,28839,2,,,0,30,,28865,2,,,0,70,,42207,2,,,0,500,,42209,2,,,0,30,,28851,2,,,0,70,,28852,2,,,0,30,,28853,2,,,0,203,,28857,2,,,0,164,,28860,2,,,0,133,,28863,2,,,0,100,,28833,2,,,0,70,,28834,2,,,0,30,,28835,2,,,0,70,,28836,2,,,0,100,,28838,2,,,0
4019,'1886',744,,44092,2,,,0,76,,44093,2,,,0,24,,44094,2,,,0,76,,44095,2,,,0,27,,44096,2,,,0,70,,44097,2,,,0,30,,44098,2,,,0,70,,44099,2,,,0,30,,44100,2,,,0,270,,44101,2,,,0,32,,44102,2,,,0,70,,44103,2,,,0,95,,44104,2,,,0,36,,44105,2,,,0,100,,44106,2,,,0,62,,44107,2,,,0,105,,44108,2,,,0,230,,44091,2,,,0
4019,'1887',646,,44136,2,,,0,70,,44115,2,,,0,30,,44110,2,,,0,70,,44118,2,,,0,30,,44128,2,,,0,70,,44123,2,,,0,30,,44114,2,,,0,71,,44133,2,,,0,30,,44113,2,,,0,70,,44130,2,,,0,30,,44125,2,,,0,70,,44119,2,,,0,30,,44131,2,,,0,70,,44134,2,,,0,30,,44112,2,,,0,70,,44120,2,,,0,30,,44111,2,,,0,70,,44116,2,,,0,30,,44132,2,,,0,70,,44129,2,,,0,30,,44126,2,,,0,70,,44117,2,,,0,30,,44135,2,,,0,100,,44109,2,,,0,70,,44121,2,,,0,100,,44127,2,,,0,100,,44122,2,,,0,100,,44124,2,,,0
4019,'1888',816,,44157,2,,,0,100,,44158,2,,,0,30,,44156,2,,,0,71,,44143,2,,,0,30,,44146,2,,,0,100,,44152,2,,,0,70,,44139,2,,,0,30,,44142,2,,,0,70,,44145,2,,,0,30,,44149,2,,,0,70,,44150,2,,,0,30,,44138,2,,,0,70,,44141,2,,,0,30,,44144,2,,,0,70,,44148,2,,,0,30,,44151,2,,,0,70,,44137,2,,,0,30,,44140,2,,,0,100,,44147,2,,,0,70,,44155,2,,,0,100,,44153,2,,,0,30,,44159,2,,,0,70,,44154,2,,,0
502019,'1838',631,,39100,2,,,0,70,,46219,2,,,0,30,,39103,2,,,0,70,,46232,2,,,0,30,,39097,2,,,0,70,,46231,2,,,0,30,,39099,2,,,0,70,,46230,2,,,0,30,,39094,2,,,0,70,,46229,2,,,0,30,,39089,2,,,0,70,,46228,2,,,0,30,,46220,2,,,0,70,,46226,2,,,0,30,,39090,2,,,0,70,,46227,2,,,0,30,,39093,2,,,0,70,,46225,2,,,0,30,,39087,2,,,0,70,,46224,2,,,0,30,,39091,2,,,0,70,,46223,2,,,0,30,,39088,2,,,0,70,,46222,2,,,0,30,,39101,2,,,0,70,,46221,2,,,0,30,,43617,2,,,0,70,,39105,2,,,0,30,,39095,2,,,0,70,,39118,2,,,0,30,,39104,2,,,0,70,,39119,2,,,0,30,,39098,2,,,0,70,,39120,2,,,0,30,,39096,2,,,0
502019,'1865',601,,46233,2,,,0,30,,39148,2,,,0,25,,46254,2,,,0,50,,46234,2,,,0,25,,46235,2,,,0,24,,46236,2,,,0,52,,46237,2,,,0,24,,43618,2,,,0,24,,39154,2,,,0,52,,43619,2,,,0,24,,46238,2,,,0,70,,46239,2,,,0,30,,46240,2,,,0,70,,46241,2,,,0,30,,46242,2,,,0,71,,46243,2,,,0,30,,46244,2,,,0,70,,46245,2,,,0,30,,43620,2,,,0,70,,39165,2,,,0,32,,39166,2,,,0,70,,39167,2,,,0,30,,46246,2,,,0,68,,39169,2,,,0,24,,43621,2,,,0,12,,46247,2,,,0,64,,39172,2,,,0,6,,46255,2,,,0,17,,39173,2,,,0,12,,46248,2,,,0,64,,46249,2,,,0,22,,39176,2,,,0,12,,46250,2,,,0,66,,46251,2,,,0,30,,39179,2,,,0,70,,46252,2,,,0,30,,39181,2,,,0,70,,46253,2,,,0,30,,39183,2,,,0,70,,39184,2,,,0,30,,39185,2,,,0,70,,39186,2,,,0,30,,39187,2,,,0
502019,'1866',631,,39197,2,,,0,70,,46269,2,,,0,30,,46262,2,,,0,70,,46270,2,,,0,30,,46261,2,,,0,70,,46271,2,,,0,30,,46260,2,,,0,70,,46272,2,,,0,30,,46280,2,,,0,70,,46273,2,,,0,30,,46281,2,,,0,70,,46274,2,,,0,30,,46282,2,,,0,70,,46275,2,,,0,30,,46283,2,,,0,70,,46276,2,,,0,30,,46284,2,,,0,70,,46277,2,,,0,30,,46285,2,,,0,70,,46278,2,,,0,30,,46286,2,,,0,70,,46279,2,,,0,30,,46287,2,,,0,70,,46263,2,,,0,30,,46288,2,,,0,70,,46265,2,,,0,100,,46264,2,,,0,30,,46259,2,,,0,70,,46266,2,,,0,30,,46258,2,,,0,70,,46267,2,,,0,30,,46257,2,,,0,70,,46268,2,,,0,30,,46256,2,,,0
502019,'1867',631,,39238,2,,,0,70,,46289,2,,,0,30,,39241,2,,,0,70,,46302,2,,,0,30,,39235,2,,,0,70,,46301,2,,,0,30,,39237,2,,,0,70,,46300,2,,,0,30,,39232,2,,,0,70,,46299,2,,,0,30,,39227,2,,,0,70,,46298,2,,,0,30,,46290,2,,,0,70,,46296,2,,,0,30,,39228,2,,,0,70,,46297,2,,,0,30,,39231,2,,,0,70,,46295,2,,,0,30,,39225,2,,,0,70,,46294,2,,,0,30,,39229,2,,,0,70,,46293,2,,,0,30,,39226,2,,,0,70,,46292,2,,,0,30,,39239,2,,,0,70,,46291,2,,,0,30,,43623,2,,,0,70,,39243,2,,,0,30,,39233,2,,,0,70,,39256,2,,,0,30,,39242,2,,,0,70,,39257,2,,,0,30,,39236,2,,,0,70,,39258,2,,,0,30,,39234,2,,,0
502019,'1873',631,,32420,2,,,0
502019,'1878',631,,32461,2,,,0,100,,32464,2,,,0,100,,32458,2,,,0,100,,32460,2,,,0,100,,32455,2,,,0,100,,32450,2,,,0,200,,32451,2,,,0,100,,32454,2,,,0,100,,32448,2,,,0,100,,32452,2,,,0,100,,32449,2,,,0,100,,32462,2,,,0,100,,43629,2,,,0,70,,32466,2,,,0,30,,32456,2,,,0,70,,32479,2,,,0,30,,32465,2,,,0,70,,32480,2,,,0,30,,32459,2,,,0,70,,32481,2,,,0,30,,32457,2,,,0
502019,'1881',601,,39129,2,,,0,55,,32566,2,,,0,50,,39130,2,,,0,25,,39131,2,,,0,24,,32529,2,,,0,52,,39132,2,,,0,124,,32534,2,,,0,70,,32535,2,,,0,30,,39135,2,,,0,70,,39136,2,,,0,30,,39137,2,,,0,71,,32539,2,,,0,30,,32540,2,,,0,70,,32541,2,,,0,232,,32546,2,,,0,104,,39140,2,,,0,70,,39146,2,,,0,29,,32552,2,,,0,64,,39141,2,,,0,34,,43628,2,,,0,66,,39143,2,,,0,100,,39144,2,,,0,100,,39145,2,,,0
502019,'1882',631,,32526,2,,,0,200,,43624,2,,,0,24,,32532,2,,,0,52,,43625,2,,,0,425,,43626,2,,,0,70,,32543,2,,,0,32,,32544,2,,,0,70,,32545,2,,,0,98,,32547,2,,,0,24,,43627,2,,,0,76,,32550,2,,,0,23,,32551,2,,,0,98,,32554,2,,,0,108,,32557,2,,,0,100,,32559,2,,,0,100,,32561,2,,,0,70,,32562,2,,,0,30,,32563,2,,,0,70,,32564,2,,,0,30,,32565,2,,,0
502019,'1886',601,,46303,2,,,0,55,,46324,2,,,0,50,,46304,2,,,0,25,,46305,2,,,0,24,,46306,2,,,0,52,,46307,2,,,0,124,,46308,2,,,0,70,,46309,2,,,0,30,,46310,2,,,0,70,,46311,2,,,0,30,,46312,2,,,0,71,,46313,2,,,0,30,,46314,2,,,0,70,,46315,2,,,0,232,,46316,2,,,0,104,,46317,2,,,0,70,,46325,2,,,0,29,,46318,2,,,0,64,,46319,2,,,0,34,,46320,2,,,0,66,,46321,2,,,0,100,,46322,2,,,0,100,,46323,2,,,0
502019,'1887',701,,46339,2,,,0,30,,46332,2,,,0,70,,46340,2,,,0,30,,46331,2,,,0,70,,46341,2,,,0,30,,46330,2,,,0,70,,46342,2,,,0,30,,46350,2,,,0,70,,46343,2,,,0,30,,46351,2,,,0,70,,46344,2,,,0,30,,46352,2,,,0,70,,46345,2,,,0,30,,46353,2,,,0,70,,46346,2,,,0,30,,46354,2,,,0,70,,46347,2,,,0,30,,46355,2,,,0,70,,46348,2,,,0,30,,46356,2,,,0,70,,46349,2,,,0,30,,46357,2,,,0,70,,46333,2,,,0,30,,46358,2,,,0,70,,46335,2,,,0,100,,46334,2,,,0,30,,46329,2,,,0,70,,46336,2,,,0,30,,46328,2,,,0,70,,46337,2,,,0,30,,46327,2,,,0,70,,46338,2,,,0,30,,46326,2,,,0
502019,'1888',701,,46359,2,,,0,100,,46372,2,,,0,100,,46371,2,,,0,100,,46370,2,,,0,100,,46369,2,,,0,100,,46368,2,,,0,30,,46360,2,,,0,70,,46366,2,,,0,100,,46367,2,,,0,100,,46365,2,,,0,100,,46364,2,,,0,100,,46363,2,,,0,100,,46362,2,,,0,100,,46361,2,,,0
701019,'1838',618,,46692,2,,,0,28,,40013,2,,,0,70,,46714,2,,,0,30,,46691,2,,,0,55,,46668,2,,,0,15,,46732,2,,,0,15,,46650,2,,,0,15,,46701,2,,,0,55,,46652,2,,,0,15,,46688,2,,,0,15,,46669,2,,,0,15,,46728,2,,,0,55,,46644,2,,,0,15,,46712,2,,,0,15,,46653,2,,,0,15,,46687,2,,,0,55,,46648,2,,,0,15,,40007,2,,,0,15,,46656,2,,,0,15,,46710,2,,,0,55,,46651,2,,,0,15,,46684,2,,,0,15,,46663,2,,,0,15,,46725,2,,,0,55,,46654,2,,,0,15,,46706,2,,,0,15,,46659,2,,,0,15,,46682,2,,,0,55,,46662,2,,,0,15,,46733,2,,,0,15,,46649,2,,,0,15,,46707,2,,,0,55,,46661,2,,,0,15,,46680,2,,,0,15,,46665,2,,,0,15,,46729,2,,,0,55,,46646,2,,,0,15,,46713,2,,,0,15,,46647,2,,,0,15,,46678,2,,,0,55,,46664,2,,,0,15,,46723,2,,,0,15,,46645,2,,,0,15,,46703,2,,,0,55,,46660,2,,,0,15,,46677,2,,,0,15,,46666,2,,,0,15,,46722,2,,,0,55,,46657,2,,,0,15,,46704,2,,,0,15,,46658,2,,,0,15,,46675,2,,,0,55,,46667,2,,,0,15,,46734,2,,,0,15,,46655,2,,,0,15,,46702,2,,,0,70,,46672,2,,,0,30,,46730,2,,,0,70,,46697,2,,,0,30,,46670,2,,,0,70,,46735,2,,,0,25,,46737,2,,,0,65,,46736,2,,,0
701019,'1865',558,,46739,2,,,0,70,,46740,2,,,0,18,,46741,2,,,0,55,,46742,2,,,0,15,,46743,2,,,0,15,,46744,2,,,0,15,,46745,2,,,0,55,,43721,2,,,0,15,,46746,2,,,0,15,,46747,2,,,0,15,,46748,2,,,0,55,,46749,2,,,0,15,,46750,2,,,0,15,,46751,2,,,0,15,,46841,2,,,0,55,,46752,2,,,0,15,,46753,2,,,0,15,,46754,2,,,0,15,,46755,2,,,0,55,,46756,2,,,0,15,,46757,2,,,0,15,,46758,2,,,0,15,,46759,2,,,0,55,,46760,2,,,0,15,,46761,2,,,0,15,,46762,2,,,0,15,,46763,2,,,0,55,,46764,2,,,0,15,,46765,2,,,0,15,,46766,2,,,0,15,,46767,2,,,0,55,,46768,2,,,0,15,,46769,2,,,0,15,,46770,2,,,0,16,,40350,2,,,0,55,,40416,2,,,0,15,,40351,2,,,0,15,,46771,2,,,0,15,,46772,2,,,0,55,,46773,2,,,0,15,,40419,2,,,0,15,,46774,2,,,0,15,,46775,2,,,0,54,,46776,2,,,0,15,,46777,2,,,0,15,,46778,2,,,0,15,,46779,2,,,0,55,,46780,2,,,0,15,,46781,2,,,0,15,,46782,2,,,0,15,,46783,2,,,0,55,,46784,2,,,0,15,,46785,2,,,0,15,,46786,2,,,0,15,,46787,2,,,0,55,,46788,2,,,0,15,,46789,2,,,0,15,,46790,2,,,0,15,,46791,2,,,0,70,,46792,2,,,0,30,,46793,2,,,0,70,,46794,2,,,0,30,,46795,2,,,0,70,,46796,2,,,0,25,,46797,2,,,0,65,,46798,2,,,0
701019,'1866',618,,46911,2,,,0,28,,46876,2,,,0,70,,46856,2,,,0,30,,46868,2,,,0,55,,46914,2,,,0,15,,46880,2,,,0,15,,46915,2,,,0,15,,46846,2,,,0,55,,46916,2,,,0,15,,46857,2,,,0,15,,46923,2,,,0,15,,46869,2,,,0,55,,46926,2,,,0,15,,46881,2,,,0,15,,46921,2,,,0,15,,46847,2,,,0,55,,46924,2,,,0,15,,46858,2,,,0,15,,46922,2,,,0,15,,46870,2,,,0,55,,46925,2,,,0,15,,46882,2,,,0,15,,46937,2,,,0,15,,46848,2,,,0,55,,46936,2,,,0,15,,46859,2,,,0,15,,46935,2,,,0,15,,46871,2,,,0,55,,46934,2,,,0,15,,46883,2,,,0,15,,46933,2,,,0,15,,46849,2,,,0,55,,46932,2,,,0,15,,46860,2,,,0,15,,46938,2,,,0,15,,46872,2,,,0,55,,46931,2,,,0,15,,46884,2,,,0,15,,46930,2,,,0,15,,46850,2,,,0,55,,46929,2,,,0,15,,46861,2,,,0,15,,46928,2,,,0,15,,46873,2,,,0,55,,46927,2,,,0,15,,46885,2,,,0,15,,46939,2,,,0,15,,46851,2,,,0,55,,46912,2,,,0,15,,46862,2,,,0,15,,46917,2,,,0,15,,46874,2,,,0,55,,46918,2,,,0,15,,46886,2,,,0,15,,46919,2,,,0,15,,46852,2,,,0,70,,46863,2,,,0,30,,46875,2,,,0,70,,46887,2,,,0,30,,46907,2,,,0,70,,46910,2,,,0,25,,46920,2,,,0,65,,46913,2,,,0
701019,'1867',618,,46989,2,,,0,28,,40614,2,,,0,70,,47011,2,,,0,30,,46988,2,,,0,55,,46965,2,,,0,15,,47029,2,,,0,15,,46947,2,,,0,15,,46998,2,,,0,55,,46949,2,,,0,15,,46985,2,,,0,15,,46966,2,,,0,15,,47025,2,,,0,55,,46941,2,,,0,15,,47009,2,,,0,15,,46950,2,,,0,15,,46984,2,,,0,55,,46945,2,,,0,15,,40608,2,,,0,15,,46953,2,,,0,15,,47007,2,,,0,55,,46948,2,,,0,15,,46981,2,,,0,15,,46960,2,,,0,15,,47022,2,,,0,55,,46951,2,,,0,15,,47003,2,,,0,15,,46956,2,,,0,15,,46979,2,,,0,55,,46959,2,,,0,15,,47030,2,,,0,15,,46946,2,,,0,15,,47004,2,,,0,55,,46958,2,,,0,15,,46977,2,,,0,15,,46962,2,,,0,15,,47026,2,,,0,55,,46943,2,,,0,15,,47010,2,,,0,15,,46944,2,,,0,15,,46975,2,,,0,55,,46961,2,,,0,15,,47020,2,,,0,15,,46942,2,,,0,15,,47000,2,,,0,55,,46957,2,,,0,15,,46974,2,,,0,15,,46963,2,,,0,15,,47019,2,,,0,55,,46954,2,,,0,15,,47001,2,,,0,15,,46955,2,,,0,15,,46972,2,,,0,55,,46964,2,,,0,15,,47031,2,,,0,15,,46952,2,,,0,15,,46999,2,,,0,70,,46969,2,,,0,30,,47027,2,,,0,70,,46994,2,,,0,30,,46967,2,,,0,70,,47032,2,,,0,25,,47034,2,,,0,65,,47033,2,,,0
701019,'1878',646,,33437,2,,,0,470,,33431,2,,,0
701019,'1881',558,,40215,2,,,0,70,,40216,2,,,0,18,,40217,2,,,0,55,,40218,2,,,0,15,,40219,2,,,0,15,,40220,2,,,0,15,,40221,2,,,0,70,,40223,2,,,0,15,,43757,2,,,0,15,,40225,2,,,0,55,,40226,2,,,0,15,,40227,2,,,0,15,,40228,2,,,0,15,,40316,2,,,0,55,,40229,2,,,0,15,,40230,2,,,0,15,,40231,2,,,0,15,,40232,2,,,0,55,,40233,2,,,0,15,,40234,2,,,0,15,,40235,2,,,0,15,,40236,2,,,0,55,,40237,2,,,0,15,,40238,2,,,0,15,,40239,2,,,0,15,,40240,2,,,0,55,,40241,2,,,0,15,,40242,2,,,0,15,,40243,2,,,0,15,,43758,2,,,0,55,,40245,2,,,0,15,,40246,2,,,0,15,,40247,2,,,0,101,,40248,2,,,0,15,,33592,2,,,0,55,,40249,2,,,0,30,,43759,2,,,0,15,,40251,2,,,0,54,,40252,2,,,0,15,,40253,2,,,0,15,,40254,2,,,0,15,,40255,2,,,0,55,,40256,2,,,0,15,,40257,2,,,0,15,,40258,2,,,0,15,,40259,2,,,0,55,,40260,2,,,0,15,,40261,2,,,0,15,,40262,2,,,0,15,,40263,2,,,0,55,,40264,2,,,0,15,,40265,2,,,0,15,,40266,2,,,0,15,,40267,2,,,0,70,,40268,2,,,0,30,,40269,2,,,0,70,,40270,2,,,0,30,,40271,2,,,0,70,,40272,2,,,0,25,,40273,2,,,0,65,,40274,2,,,0
701019,'1882',801,,43756,2,,,0,646,,33589,2,,,0,55,,33655,2,,,0,15,,33590,2,,,0,100,,33658,2,,,0
701019,'1886',558,,47036,2,,,0,70,,47037,2,,,0,18,,47038,2,,,0,55,,47039,2,,,0,15,,47040,2,,,0,15,,47041,2,,,0,15,,47042,2,,,0,70,,47043,2,,,0,15,,47044,2,,,0,15,,47045,2,,,0,55,,47046,2,,,0,15,,47047,2,,,0,15,,47048,2,,,0,15,,47138,2,,,0,55,,47049,2,,,0,15,,47050,2,,,0,15,,47051,2,,,0,15,,47052,2,,,0,55,,47053,2,,,0,15,,47054,2,,,0,15,,47055,2,,,0,15,,47056,2,,,0,55,,47057,2,,,0,15,,47058,2,,,0,15,,47059,2,,,0,15,,47060,2,,,0,55,,47061,2,,,0,15,,47062,2,,,0,15,,47063,2,,,0,15,,47064,2,,,0,55,,47065,2,,,0,15,,47066,2,,,0,15,,47067,2,,,0,101,,47068,2,,,0,15,,47069,2,,,0,55,,47070,2,,,0,30,,47071,2,,,0,15,,47072,2,,,0,54,,47073,2,,,0,15,,47074,2,,,0,15,,47075,2,,,0,15,,47076,2,,,0,55,,47077,2,,,0,15,,47078,2,,,0,15,,47079,2,,,0,15,,47080,2,,,0,55,,47081,2,,,0,15,,47082,2,,,0,15,,47083,2,,,0,15,,47084,2,,,0,55,,47085,2,,,0,15,,47086,2,,,0,15,,47087,2,,,0,15,,47088,2,,,0,70,,47089,2,,,0,30,,47090,2,,,0,70,,47091,2,,,0,30,,47092,2,,,0,70,,47093,2,,,0,25,,47094,2,,,0,65,,47095,2,,,0
701019,'1887',618,,47208,2,,,0,28,,47173,2,,,0,70,,47153,2,,,0,30,,47165,2,,,0,55,,47211,2,,,0,15,,47177,2,,,0,15,,47212,2,,,0,15,,47143,2,,,0,55,,47213,2,,,0,15,,47154,2,,,0,15,,47220,2,,,0,15,,47166,2,,,0,55,,47223,2,,,0,15,,47178,2,,,0,15,,47218,2,,,0,15,,47144,2,,,0,55,,47221,2,,,0,15,,47155,2,,,0,15,,47219,2,,,0,15,,47167,2,,,0,55,,47222,2,,,0,15,,47179,2,,,0,15,,47234,2,,,0,15,,47145,2,,,0,55,,47233,2,,,0,15,,47156,2,,,0,15,,47232,2,,,0,15,,47168,2,,,0,55,,47231,2,,,0,15,,47180,2,,,0,15,,47230,2,,,0,15,,47146,2,,,0,55,,47229,2,,,0,15,,47157,2,,,0,15,,47235,2,,,0,15,,47169,2,,,0,55,,47228,2,,,0,15,,47181,2,,,0,15,,47227,2,,,0,15,,47147,2,,,0,55,,47226,2,,,0,15,,47158,2,,,0,15,,47225,2,,,0,15,,47170,2,,,0,55,,47224,2,,,0,15,,47182,2,,,0,15,,47236,2,,,0,15,,47148,2,,,0,55,,47209,2,,,0,15,,47159,2,,,0,15,,47214,2,,,0,15,,47171,2,,,0,55,,47215,2,,,0,15,,47183,2,,,0,15,,47216,2,,,0,15,,47149,2,,,0,70,,47160,2,,,0,30,,47172,2,,,0,70,,47184,2,,,0,30,,47204,2,,,0,70,,47207,2,,,0,25,,47217,2,,,0,65,,47210,2,,,0
701019,'1888',618,,47286,2,,,0,98,,47308,2,,,0,30,,47285,2,,,0,55,,47262,2,,,0,15,,47326,2,,,0,15,,47244,2,,,0,15,,47295,2,,,0,55,,47246,2,,,0,15,,47282,2,,,0,15,,47263,2,,,0,15,,47322,2,,,0,55,,47238,2,,,0,15,,47306,2,,,0,15,,47247,2,,,0,15,,47281,2,,,0,55,,47242,2,,,0,30,,47250,2,,,0,15,,47304,2,,,0,55,,47245,2,,,0,15,,47278,2,,,0,15,,47257,2,,,0,15,,47319,2,,,0,55,,47248,2,,,0,15,,47300,2,,,0,15,,47253,2,,,0,15,,47276,2,,,0,55,,47256,2,,,0,15,,47327,2,,,0,15,,47243,2,,,0,15,,47301,2,,,0,55,,47255,2,,,0,15,,47274,2,,,0,15,,47259,2,,,0,15,,47323,2,,,0,55,,47240,2,,,0,15,,47307,2,,,0,15,,47241,2,,,0,15,,47272,2,,,0,55,,47258,2,,,0,15,,47317,2,,,0,15,,47239,2,,,0,15,,47297,2,,,0,55,,47254,2,,,0,15,,47271,2,,,0,15,,47260,2,,,0,15,,47316,2,,,0,55,,47251,2,,,0,15,,47298,2,,,0,15,,47252,2,,,0,15,,47269,2,,,0,55,,47261,2,,,0,15,,47328,2,,,0,15,,47249,2,,,0,15,,47296,2,,,0,70,,47266,2,,,0,30,,47324,2,,,0,70,,47291,2,,,0,30,,47264,2,,,0,70,,47329,2,,,0,25,,47331,2,,,0,65,,47330,2,,,0
702019,'1838',646,,47354,2,,,0,70,,47343,2,,,0,30,,47365,2,,,0,70,,47350,2,,,0,30,,47342,2,,,0,70,,47364,2,,,0,30,,47353,2,,,0,70,,47341,2,,,0,30,,47359,2,,,0,70,,47349,2,,,0,30,,47340,2,,,0,70,,47355,2,,,0,30,,47344,2,,,0,70,,47339,2,,,0,30,,47363,2,,,0,70,,47348,2,,,0,30,,47338,2,,,0,70,,47360,2,,,0,30,,47352,2,,,0,70,,47337,2,,,0,30,,47358,2,,,0,70,,47347,2,,,0,30,,47336,2,,,0,70,,47357,2,,,0,30,,47346,2,,,0,70,,47335,2,,,0,30,,47362,2,,,0,70,,47345,2,,,0,30,,47334,2,,,0,70,,47361,2,,,0,30,,47351,2,,,0,70,,47333,2,,,0,30,,47356,2,,,0,65,,47366,2,,,0,25,,47367,2,,,0
702019,'1865',631,,47368,2,,,0,25,,47369,2,,,0,64,,47403,2,,,0,21,,47370,2,,,0,15,,47371,2,,,0,63,,47372,2,,,0,17,,47404,2,,,0,12,,47402,2,,,0,68,,47373,2,,,0,30,,47374,2,,,0,70,,47375,2,,,0,30,,47408,2,,,0,70,,47376,2,,,0,30,,47377,2,,,0,70,,47378,2,,,0,30,,47379,2,,,0,70,,47380,2,,,0,30,,47381,2,,,0,70,,47382,2,,,0,31,,47383,2,,,0,65,,47405,2,,,0,20,,47384,2,,,0,20,,47385,2,,,0,60,,47386,2,,,0,20,,47387,2,,,0,19,,47406,2,,,0,60,,47388,2,,,0,20,,47389,2,,,0,20,,47390,2,,,0,65,,47391,2,,,0,30,,47392,2,,,0,70,,47393,2,,,0,30,,47394,2,,,0,70,,47395,2,,,0,30,,47396,2,,,0,70,,47397,2,,,0,30,,47398,2,,,0,70,,47399,2,,,0,30,,47400,2,,,0,65,,47401,2,,,0,25,,47407,2,,,0
702019,'1866',646,,47436,2,,,0,70,,47438,2,,,0,30,,47441,2,,,0,70,,47435,2,,,0,30,,47437,2,,,0,70,,47439,2,,,0,30,,47442,2,,,0,70,,47440,2,,,0,30,,47415,2,,,0,70,,47422,2,,,0,30,,47429,2,,,0,70,,47409,2,,,0,30,,47416,2,,,0,70,,47423,2,,,0,30,,47430,2,,,0,70,,47410,2,,,0,30,,47417,2,,,0,70,,47424,2,,,0,30,,47431,2,,,0,70,,47411,2,,,0,30,,47418,2,,,0,70,,47425,2,,,0,30,,47432,2,,,0,70,,47412,2,,,0,30,,47419,2,,,0,70,,47426,2,,,0,30,,47433,2,,,0,70,,47413,2,,,0,30,,47420,2,,,0,70,,47427,2,,,0,30,,47434,2,,,0,70,,47414,2,,,0,30,,47421,2,,,0,65,,47428,2,,,0,25,,47443,2,,,0
702019,'1867',646,,47465,2,,,0,70,,47454,2,,,0,30,,47476,2,,,0,70,,47461,2,,,0,30,,47453,2,,,0,70,,47475,2,,,0,30,,47464,2,,,0,70,,47452,2,,,0,30,,47470,2,,,0,70,,47460,2,,,0,30,,47451,2,,,0,70,,47466,2,,,0,30,,47455,2,,,0,70,,47450,2,,,0,30,,47474,2,,,0,70,,47459,2,,,0,30,,47449,2,,,0,70,,47471,2,,,0,30,,47463,2,,,0,70,,47448,2,,,0,30,,47469,2,,,0,70,,47458,2,,,0,30,,47447,2,,,0,70,,47468,2,,,0,30,,47457,2,,,0,70,,47446,2,,,0,30,,47473,2,,,0,70,,47456,2,,,0,30,,47445,2,,,0,70,,47472,2,,,0,30,,47462,2,,,0,70,,47444,2,,,0,30,,47467,2,,,0,65,,47477,2,,,0,25,,47478,2,,,0
702019,'1881',631,,40764,2,,,0,25,,40765,2,,,0,64,,40799,2,,,0,21,,40766,2,,,0,15,,43830,2,,,0,63,,40768,2,,,0,17,,40800,2,,,0,12,,40798,2,,,0,68,,40769,2,,,0,30,,40770,2,,,0,70,,40771,2,,,0,30,,40804,2,,,0,70,,40772,2,,,0,30,,40773,2,,,0,70,,40774,2,,,0,30,,40775,2,,,0,70,,43831,2,,,0,30,,40777,2,,,0,70,,40778,2,,,0,31,,40779,2,,,0,65,,40801,2,,,0,20,,40780,2,,,0,20,,43832,2,,,0,60,,40782,2,,,0,20,,40783,2,,,0,19,,40802,2,,,0,60,,40784,2,,,0,20,,40785,2,,,0,20,,40786,2,,,0,65,,40787,2,,,0,30,,40788,2,,,0,70,,40789,2,,,0,30,,40790,2,,,0,70,,40791,2,,,0,30,,40792,2,,,0,70,,40793,2,,,0,30,,40794,2,,,0,70,,40795,2,,,0,30,,40796,2,,,0,65,,40797,2,,,0,25,,40803,2,,,0
702019,'1886',631,,47479,2,,,0,25,,47480,2,,,0,64,,47514,2,,,0,21,,47481,2,,,0,15,,47482,2,,,0,63,,47483,2,,,0,17,,47515,2,,,0,12,,47513,2,,,0,68,,47484,2,,,0,30,,47485,2,,,0,70,,47486,2,,,0,30,,47519,2,,,0,70,,47487,2,,,0,30,,47488,2,,,0,70,,47489,2,,,0,30,,47490,2,,,0,70,,47491,2,,,0,30,,47492,2,,,0,70,,47493,2,,,0,31,,47494,2,,,0,65,,47516,2,,,0,20,,47495,2,,,0,20,,47496,2,,,0,60,,47497,2,,,0,20,,47498,2,,,0,19,,47517,2,,,0,60,,47499,2,,,0,20,,47500,2,,,0,20,,47501,2,,,0,65,,47502,2,,,0,30,,47503,2,,,0,70,,47504,2,,,0,30,,47505,2,,,0,70,,47506,2,,,0,30,,47507,2,,,0,70,,47508,2,,,0,30,,47509,2,,,0,70,,47510,2,,,0,30,,47511,2,,,0,65,,47512,2,,,0,25,,47518,2,,,0
702019,'1887',646,,47547,2,,,0,70,,47549,2,,,0,30,,47552,2,,,0,70,,47546,2,,,0,30,,47548,2,,,0,70,,47550,2,,,0,30,,47553,2,,,0,70,,47551,2,,,0,30,,47526,2,,,0,70,,47533,2,,,0,30,,47540,2,,,0,70,,47520,2,,,0,30,,47527,2,,,0,70,,47534,2,,,0,30,,47541,2,,,0,70,,47521,2,,,0,30,,47528,2,,,0,70,,47535,2,,,0,30,,47542,2,,,0,70,,47522,2,,,0,30,,47529,2,,,0,70,,47536,2,,,0,30,,47543,2,,,0,70,,47523,2,,,0,30,,47530,2,,,0,70,,47537,2,,,0,30,,47544,2,,,0,70,,47524,2,,,0,30,,47531,2,,,0,70,,47538,2,,,0,30,,47545,2,,,0,70,,47525,2,,,0,30,,47532,2,,,0,65,,47539,2,,,0,25,,47554,2,,,0
702019,'1888',646,,47576,2,,,0,70,,47565,2,,,0,30,,47587,2,,,0,70,,47572,2,,,0,30,,47564,2,,,0,70,,47586,2,,,0,30,,47575,2,,,0,70,,47563,2,,,0,30,,47581,2,,,0,70,,47571,2,,,0,30,,47562,2,,,0,70,,47577,2,,,0,30,,47566,2,,,0,70,,47561,2,,,0,30,,47585,2,,,0,70,,47570,2,,,0,30,,47560,2,,,0,70,,47582,2,,,0,30,,47574,2,,,0,70,,47559,2,,,0,30,,47580,2,,,0,70,,47569,2,,,0,30,,47558,2,,,0,70,,47579,2,,,0,30,,47568,2,,,0,70,,47557,2,,,0,30,,47584,2,,,0,70,,47567,2,,,0,30,,47556,2,,,0,70,,47583,2,,,0,30,,47573,2,,,0,70,,47555,2,,,0,30,,47578,2,,,0,65,,47588,2,,,0,25,,47589,2,,,0
14000001019,'1838',2427,,48465,34,,,0,30,,48464,34,,,0,70,,41972,34,,,0,30,,48466,34,,,0,70,,48463,34,,,0
14000001019,'1865',2427,,48470,34,,,0,30,,48468,34,,,0,70,,41985,34,,,0,30,,48469,34,,,0,70,,48467,34,,,0
14000001019,'1866',2427,,48474,34,,,0,30,,48471,34,,,0,70,,41991,34,,,0,30,,48473,34,,,0,70,,48472,34,,,0
14000001019,'1867',2427,,48477,34,,,0,30,,48476,34,,,0,70,,41993,34,,,0,30,,48478,34,,,0,70,,48475,34,,,0
14000001019,'1873',2527,,24899,34,,,0
14000001019,'1878',2527,,24901,34,,,0
14000001019,'1881',2427,,41982,34,,,0,30,,43958,34,,,0,100,,41981,34,,,0,70,,43957,34,,,0
14000001019,'1882',2527,,24893,34,,,0
14000001019,'1886',2427,,48482,34,,,0,30,,48480,34,,,0,100,,48481,34,,,0,70,,48479,34,,,0
14000001019,'1887',2427,,48486,34,,,0,30,,48483,34,,,0,100,,48485,34,,,0,70,,48484,34,,,0
14000001019,'1888',2427,,48489,34,,,0,30,,48488,34,,,0,100,,48490,34,,,0,70,,48487,34,,,0
