7029,'1838',729,,36145,33,,,0,101,,36146,33,,,0,100,,36147,33,,,0,100,,36148,33,,,0,100,,36149,33,,,0,100,,36150,33,,,0,100,,36151,33,,,0,101,,36152,33,,,0,100,,36153,33,,,0,99,,36154,33,,,0,100,,36155,33,,,0,99,,36156,33,,,0,100,,36157,33,,,0,100,,36158,33,,,0,100,,36144,33,,,0
7029,'1857',527,,36176,33,,,0,103,,36177,33,,,0,70,,29635,33,,,0,32,,29636,33,,,0,70,,29637,33,,,0,32,,29638,33,,,0,68,,36178,33,,,0,200,,29643,33,,,0,30,,29644,33,,,0,70,,29645,33,,,0,30,,36172,33,,,0,70,,36173,33,,,0,101,,36171,33,,,0,30,,36170,33,,,0,101,,29646,33,,,0,70,,36182,33,,,0,30,,36183,33,,,0,68,,36184,33,,,0,98,,36186,33,,,0,30,,29652,33,,,0,70,,29653,33,,,0,30,,36187,33,,,0,70,,29655,33,,,0,30,,29656,33,,,0,100,,29657,33,,,0,99,,29658,33,,,0
7029,'1865',527,,36195,33,,,0,103,,36196,33,,,0,70,,36197,33,,,0,32,,36198,33,,,0,70,,36199,33,,,0,32,,36200,33,,,0,68,,36201,33,,,0,30,,42423,33,,,0,70,,42424,33,,,0,30,,42425,33,,,0,70,,36205,33,,,0,30,,36206,33,,,0,70,,36207,33,,,0,30,,36191,33,,,0,70,,36192,33,,,0,30,,42421,33,,,0,71,,36190,33,,,0,30,,36189,33,,,0,73,,42422,33,,,0,28,,36208,33,,,0,70,,36209,33,,,0,30,,36210,33,,,0,68,,36211,33,,,0,30,,42426,33,,,0,68,,36213,33,,,0,30,,36214,33,,,0,70,,36215,33,,,0,30,,36216,33,,,0,70,,36217,33,,,0,30,,36218,33,,,0,100,,36219,33,,,0,99,,36220,33,,,0,100,,42427,33,,,0
7029,'1866',630,,36253,22,,,0,29,,36222,33,,,0,70,,36236,33,,,0,30,,36223,33,,,0,71,,36237,33,,,0,70,,36224,33,,,0,30,,36238,33,,,0,70,,36225,33,,,0,30,,36239,33,,,0,70,,36226,33,,,0,30,,36240,33,,,0,70,,36227,33,,,0,30,,36241,33,,,0,70,,36228,33,,,0,30,,36242,33,,,0,70,,36229,33,,,0,31,,36243,33,,,0,70,,36230,33,,,0,30,,36244,33,,,0,70,,36231,33,,,0,29,,36245,33,,,0,70,,36232,33,,,0,30,,36246,33,,,0,70,,36233,33,,,0,29,,36247,33,,,0,30,,36234,33,,,0,70,,36248,33,,,0,30,,36235,33,,,0,70,,36249,33,,,0,100,,36250,33,,,0,100,,36251,33,,,0,100,,42428,33,,,0
7029,'1867',729,,36256,33,,,0,101,,36257,33,,,0,100,,36258,33,,,0,100,,36259,33,,,0,100,,36260,33,,,0,100,,36261,33,,,0,100,,36262,33,,,0,101,,36263,33,,,0,100,,36264,33,,,0,99,,36265,33,,,0,100,,36266,33,,,0,99,,36267,33,,,0,100,,36268,33,,,0,100,,36269,33,,,0,100,,36255,33,,,0
7029,'1871',932,,36179,33,,,0,70,,36180,33,,,0,30,,36181,33,,,0,300,,36174,33,,,0,174,,36175,33,,,0,226,,36185,33,,,0,597,,36188,33,,,0
7029,'1873',630,,29576,22,,,0,29,,29545,33,,,0,70,,29559,33,,,0,30,,29546,33,,,0,71,,29560,33,,,0,70,,36160,33,,,0,30,,29561,33,,,0,70,,36161,33,,,0,30,,29562,33,,,0,70,,36162,33,,,0,30,,29563,33,,,0,70,,29550,33,,,0,30,,29564,33,,,0,70,,36163,33,,,0,30,,29565,33,,,0,70,,29552,33,,,0,31,,29566,33,,,0,70,,29553,33,,,0,30,,29567,33,,,0,70,,36164,33,,,0,29,,29568,33,,,0,70,,36165,33,,,0,30,,29569,33,,,0,70,,36166,33,,,0,29,,29570,33,,,0,30,,36167,33,,,0,70,,29571,33,,,0,30,,29558,33,,,0,70,,29572,33,,,0,100,,29573,33,,,0,100,,29574,33,,,0
7029,'1875',729,,29579,33,,,0,101,,29580,33,,,0,100,,29581,33,,,0,100,,29582,33,,,0,100,,29583,33,,,0,100,,29584,33,,,0,100,,29585,33,,,0,101,,29586,33,,,0,100,,29587,33,,,0,99,,29588,33,,,0,100,,29589,33,,,0,99,,29590,33,,,0,100,,29591,33,,,0,100,,29592,33,,,0,100,,29578,33,,,0
7029,'1876',932,,42432,33,,,0,70,,42433,33,,,0,30,,42434,33,,,0,300,,42430,33,,,0,174,,42431,33,,,0,226,,42435,33,,,0,597,,42436,33,,,0
7029,'1877',2329,,42437,33,,,0
