22029,'1838',710,,45559,8,0,19 2 20 21,0,97,,45551,8,,,0,100,,43199,8,,,0,100,,45552,8,,,0,100,,45553,8,,,0,100,,45554,8,,,0,101,,45555,8,,,0,100,,45556,8,,,0,100,,45557,8,,,0,100,,43206,8,,,0,99,,45558,8,,,0,100,,43212,8,0,19 2 20 21,0,100,,43208,8,0,19 2 20 21,0,100,,43210,8,0,19 2 20 21,0,100,,43211,8,0,19 2 20 21,0,205,,38031,8,0,19 2 20 21,0,30,,38030,8,0,19 2 20 21,0
22029,'1865',642,,43214,8,0,19 2 20 21,0,71,,43215,8,0,19 2 20 21,0,30,,43216,8,0,19 2 20 21,0,73,,43217,8,0,19 2 20 21,0,30,,43218,8,0,19 2 20 21,0,70,,45561,8,,,0,29,,43220,8,,,0,70,,43225,8,,,0,30,,45562,8,,,0,70,,43226,8,,,0,30,,43222,8,,,0,70,,45560,8,,,0,30,,43223,8,,,0,70,,43224,8,,,0,31,,43227,8,,,0,70,,43228,8,,,0,30,,43229,8,,,0,70,,45563,8,,,0,30,,43231,8,,,0,70,,43232,8,,,0,30,,43233,8,,,0,69,,43234,8,,,0,30,,43235,8,,,0,70,,45564,8,,,0,28,,43237,8,,,0,70,,43238,8,,,0,30,,43239,8,,,0,65,,43240,8,,,0,30,,45565,8,,,0,69,,43242,8,,,0,29,,43243,8,0,19 2 20 21,0,170,,38141,8,0,19 2 20 21,0,35,,38142,8,0,19 2 20 21,0
22029,'1866',610,,43268,8,0,19 2 20 21,0,30,,43262,8,0,19 2 20 21,0,67,,43269,8,0,19 2 20 21,0,30,,43263,8,0,19 2 20 21,0,70,,43270,8,0,19 2 20 21,0,30,,43244,8,,,0,70,,43245,8,,,0,30,,43246,8,,,0,70,,43247,8,,,0,30,,43248,8,,,0,70,,43249,8,,,0,30,,43250,8,,,0,70,,43251,8,,,0,31,,43252,8,,,0,70,,43253,8,,,0,31,,43254,8,,,0,69,,43255,8,,,0,31,,43256,8,,,0,70,,43257,8,,,0,30,,43258,8,,,0,70,,43259,8,,,0,29,,43260,8,,,0,69,,43261,8,,,0,31,,43264,8,0,19 2 20 21,0,69,,43271,8,0,19 2 20 21,0,30,,43265,8,0,19 2 20 21,0,70,,43272,8,0,19 2 20 21,0,30,,43266,8,0,19 2 20 21,0,70,,43273,8,0,19 2 20 21,0,30,,43267,8,0,19 2 20 21,0,67,,43274,8,0,19 2 20 21,0,33,,43275,8,0,19 2 20 21,0,175,,38176,8,0,19 2 20 21,0,30,,38175,8,0,19 2 20 21,0
22029,'1867',710,,45574,8,0,19 2 20 21,0,97,,45566,8,,,0,100,,43277,8,,,0,100,,45567,8,,,0,100,,45568,8,,,0,100,,45569,8,,,0,101,,45570,8,,,0,100,,45571,8,,,0,100,,45572,8,,,0,100,,43284,8,,,0,99,,45573,8,,,0,100,,43290,8,0,19 2 20 21,0,100,,43286,8,0,19 2 20 21,0,100,,43288,8,0,19 2 20 21,0,100,,43289,8,0,19 2 20 21,0,205,,38193,8,0,19 2 20 21,0,30,,38192,8,0,19 2 20 21,0
22029,'1873',610,,43346,8,0,19 2 20 21,0,30,,43340,8,0,19 2 20 21,0,67,,43347,8,0,19 2 20 21,0,30,,43341,8,0,19 2 20 21,0,70,,43348,8,0,19 2 20 21,0,30,,43322,8,,,0,70,,43323,8,,,0,30,,43324,8,,,0,70,,43325,8,,,0,30,,43326,8,,,0,70,,43327,8,,,0,30,,43328,8,,,0,70,,43329,8,,,0,31,,43330,8,,,0,70,,43331,8,,,0,31,,43332,8,,,0,69,,43333,8,,,0,31,,43334,8,,,0,70,,43335,8,,,0,30,,43336,8,,,0,70,,43337,8,,,0,29,,43338,8,,,0,69,,43339,8,,,0,31,,43342,8,0,19 2 20 21,0,69,,43349,8,0,19 2 20 21,0,30,,43343,8,0,19 2 20 21,0,70,,43350,8,0,19 2 20 21,0,30,,43344,8,0,19 2 20 21,0,70,,43351,8,0,19 2 20 21,0,30,,43345,8,0,19 2 20 21,0,67,,43352,8,0,19 2 20 21,0,33,,43353,8,0,19 2 20 21,0,175,,21855,8,0,19 2 20 21,0,30,,21854,8,0,19 2 20 21,0
22029,'1878',907,,43355,8,,,0,701,,43362,8,,,0,199,,43368,8,0,19 2 20 21,0,100,,43364,8,0,19 2 20 21,0,100,,43366,8,0,19 2 20 21,0,100,,43367,8,0,19 2 20 21,0,205,,21872,8,0,19 2 20 21,0,30,,21871,8,0,19 2 20 21,0
22029,'1881',916,,43297,8,,,0,129,,43299,8,,,0,170,,43291,8,,,0,301,,43308,8,,,0,299,,43314,8,,,0,223,,43319,8,,,0
22029,'1882',642,,43292,8,0,19 2 20 21,0,71,,43293,8,0,19 2 20 21,0,30,,43294,8,0,19 2 20 21,0,73,,43295,8,0,19 2 20 21,0,30,,43296,8,0,19 2 20 21,0,99,,43298,8,,,0,70,,43303,8,,,0,100,,43304,8,,,0,30,,43300,8,,,0,100,,43301,8,,,0,70,,43302,8,,,0,31,,43305,8,,,0,70,,43306,8,,,0,30,,43307,8,,,0,100,,43309,8,,,0,70,,43310,8,,,0,30,,43311,8,,,0,69,,43312,8,,,0,30,,43313,8,,,0,98,,43315,8,,,0,70,,43316,8,,,0,30,,43317,8,,,0,65,,43318,8,,,0,99,,43320,8,,,0,29,,43321,8,0,19 2 20 21,0,170,,21820,8,0,19 2 20 21,0,35,,21821,8,0,19 2 20 21,0
22029,'1886',916,,45576,8,,,0,129,,45577,8,,,0,170,,45575,8,,,0,301,,45578,8,,,0,299,,45579,8,,,0,223,,45580,8,,,0
22029,'1888',710,,45589,8,0,19 2 20 21,0,97,,45581,8,,,0,200,,45582,8,,,0,100,,45583,8,,,0,100,,45584,8,,,0,101,,45585,8,,,0,100,,45586,8,,,0,100,,45587,8,,,0,199,,45588,8,,,0
60029,'1867',620,,38534,6,,,0,24,,38527,6,,,0,70,,38535,6,,,0,30,,38529,6,,,0,70,,38536,6,,,0,30,,38528,6,,,0,70,,38537,6,,,0,30,,38531,6,,,0,69,,38538,6,,,0,30,,38548,6,,,0,70,,38539,6,,,0,30,,38550,6,,,0,70,,38540,6,,,0,30,,38530,6,,,0,70,,38541,6,,,0,30,,38547,6,,,0,70,,38542,6,,,0,30,,38551,6,,,0,70,,38553,6,,,0,30,,38546,6,,,0,70,,38552,6,,,0,30,,38549,6,,,0,70,,38555,6,,,0,30,,38545,6,,,0,70,,38556,6,,,0,30,,38543,6,,,0,70,,38554,6,,,0,30,,38532,6,,,0,71,,38557,6,,,0,29,,38526,6,,,0,71,,38533,6,,,0,30,,38544,6,,,0
60029,'1878',620,,22244,6,,,0,24,,22237,6,,,0,70,,22245,6,,,0,30,,22239,6,,,0,70,,22246,6,,,0,30,,22238,6,,,0,70,,22247,6,,,0,30,,22241,6,,,0,69,,22248,6,,,0,30,,22258,6,,,0,70,,22249,6,,,0,30,,22260,6,,,0,70,,22250,6,,,0,30,,22240,6,,,0,70,,22251,6,,,0,30,,22257,6,,,0,70,,22252,6,,,0,30,,22261,6,,,0,70,,22263,6,,,0,30,,22256,6,,,0,70,,22262,6,,,0,30,,22259,6,,,0,70,,22265,6,,,0,30,,22255,6,,,0,70,,22266,6,,,0,30,,22253,6,,,0,70,,22264,6,,,0,30,,22242,6,,,0,71,,22267,6,,,0,29,,22236,6,,,0,71,,22243,6,,,0,30,,22254,6,,,0
