10019,'1838',901,,36275,8,,,0,100,,36281,8,,,0,100,,36274,8,,,0,30,,36283,8,,,0,70,,36279,8,,,0,30,,36284,8,,,0,70,,36272,8,,,0,30,,36285,8,,,0,70,,36277,8,,,0,30,,36286,8,,,0,70,,36278,8,,,0,30,,36287,8,,,0,70,,36280,8,,,0,100,,36273,8,,,0,100,,36271,8,,,0,100,,36276,8,,,0,100,,36282,8,0,27 28 1 29,0
10019,'1865',530,,36312,8,,,0,70,,36302,8,,,0,30,,36313,8,,,0,70,,36303,8,,,0,30,,36314,8,,,0,70,,44713,8,,,0,101,,36304,8,,,0,100,,36300,8,,,0,100,,36299,8,,,0,100,,36298,8,,,0,100,,44711,8,,,0,100,,44710,8,,,0,100,,44712,8,,,0,100,,42439,8,,,0,30,,36315,8,,,0,70,,36293,8,,,0,30,,36316,8,,,0,70,,44714,8,,,0,30,,36317,8,,,0,70,,36306,8,,,0,30,,36318,8,,,0,70,,36307,8,,,0,100,,36308,8,,,0,100,,36309,8,,,0,100,,36311,8,0,27 28 1 29,0,100,,42441,8,0,27 28 1 29,0
10019,'1866',701,,36333,8,,,0,100,,36326,8,,,0,100,,36319,8,,,0,100,,36327,8,,,0,100,,36320,8,,,0,30,,36340,8,,,0,70,,36328,8,,,0,30,,36336,8,,,0,70,,36321,8,,,0,30,,36338,8,,,0,70,,36329,8,,,0,30,,36339,8,,,0,70,,36322,8,,,0,30,,36337,8,,,0,70,,36330,8,,,0,100,,36323,8,,,0,100,,36331,8,,,0,100,,36324,8,,,0,100,,36332,8,,,0,100,,36325,8,,,0,100,,36335,8,0,27 28 1 29,0,200,,44715,8,0,27 28 1 29,0
10019,'1867',901,,36345,8,,,0,100,,36351,8,,,0,100,,36344,8,,,0,30,,36357,8,,,0,70,,36349,8,,,0,30,,36353,8,,,0,70,,36342,8,,,0,30,,36355,8,,,0,70,,36347,8,,,0,30,,36356,8,,,0,70,,36348,8,,,0,30,,36354,8,,,0,70,,36350,8,,,0,100,,36343,8,,,0,100,,36341,8,,,0,100,,36346,8,,,0,100,,36352,8,0,27 28 1 29,0
10019,'1873',701,,29698,8,,,0,100,,29691,8,,,0,100,,29684,8,,,0,100,,29692,8,,,0,100,,29685,8,,,0,100,,29693,8,,,0,100,,29686,8,,,0,100,,29694,8,,,0,100,,29687,8,,,0,100,,29695,8,,,0,100,,29688,8,,,0,100,,29696,8,,,0,100,,29689,8,,,0,100,,29697,8,,,0,100,,29690,8,,,0,100,,29700,8,0,27 28 1 29,0
10019,'1878',901,,29705,8,,,0,100,,29711,8,,,0,100,,29704,8,,,0,100,,29709,8,,,0,100,,29702,8,,,0,100,,29707,8,,,0,100,,29708,8,,,0,100,,29710,8,,,0,100,,29703,8,,,0,100,,29701,8,,,0,100,,29706,8,,,0,100,,29712,8,0,27 28 1 29,0
10019,'1881',800,,36290,8,,,0,501,,29735,8,,,0,100,,29733,8,,,0,100,,36289,8,,,0,300,,42443,8,,,0
10019,'1882',600,,29741,8,,,0,100,,29742,8,,,0,201,,29743,8,,,0,100,,29739,8,,,0,100,,29738,8,,,0,100,,29737,8,,,0,400,,42442,8,,,0,100,,29732,8,,,0,200,,29745,8,,,0,100,,29746,8,,,0,100,,29747,8,,,0,100,,29748,8,,,0,100,,29750,8,0,27 28 1 29,0,100,,42444,8,0,27 28 1 29,0
10019,'1886',800,,44719,8,,,0,501,,44717,8,,,0,100,,44716,8,,,0,100,,44718,8,,,0,300,,44720,8,,,0
10019,'1887',2401,,44721,8,0,27 28 1 29,0
15019,'1838',718,,45028,18,,,0,100,,36883,18,,,0,100,,36886,18,,,0,101,,45027,18,,,0,100,,36881,18,,,0,100,,36879,18,,,0,100,,45026,18,,,0,100,,36880,18,,,0,100,,36877,18,,,0,100,,45025,18,,,0,100,,36875,18,,,0,100,,36876,18,,,0,100,,45024,18,,,0,99,,36887,18,,,0
15019,'1865',643,,36905,18,,,0,70,,45029,18,,,0,33,,36907,18,,,0,70,,36908,18,,,0,28,,36909,18,,,0,70,,36910,18,,,0,30,,36911,18,,,0,70,,45030,18,,,0,30,,45031,18,,,0,70,,42569,18,,,0,30,,45032,18,,,0,70,,45033,18,,,0,30,,42570,18,,,0,70,,36918,18,,,0,30,,45034,18,,,0,70,,36920,18,,,0,31,,36921,18,,,0,70,,45035,18,,,0,30,,45036,18,,,0,70,,36924,18,,,0,29,,36925,18,,,0,70,,36926,18,,,0,29,,45037,18,,,0,70,,36928,18,,,0,30,,45038,18,,,0,70,,45039,18,,,0,30,,36931,18,,,0,100,,45040,18,,,0,99,,45041,18,,,0,100,,45042,18,0,5 2 6 7,0
15019,'1866',718,,36935,18,,,0,100,,45043,18,,,0,100,,36937,18,,,0,101,,36938,18,,,0,100,,45044,18,,,0,100,,36940,18,,,0,100,,36941,18,,,0,100,,45045,18,,,0,100,,36943,18,,,0,100,,36944,18,,,0,100,,45046,18,,,0,100,,36946,18,,,0,100,,36947,18,,,0,99,,45047,18,,,0
15019,'1867',718,,45053,18,,,0,100,,36959,18,,,0,100,,36962,18,,,0,101,,45052,18,,,0,100,,36957,18,,,0,100,,36955,18,,,0,100,,45051,18,,,0,100,,36956,18,,,0,100,,36953,18,,,0,100,,45050,18,,,0,100,,36951,18,,,0,100,,36952,18,,,0,100,,45049,18,,,0,99,,36963,18,,,0
15019,'1873',718,,30301,18,,,0,200,,30303,18,,,0,101,,30304,18,,,0,200,,30306,18,,,0,100,,30307,18,,,0,200,,30309,18,,,0,100,,30310,18,,,0,200,,30312,18,,,0,100,,30313,18,,,0
15019,'1878',818,,30325,18,,,0,100,,30328,18,,,0,201,,30323,18,,,0,100,,30321,18,,,0,200,,30322,18,,,0,100,,30319,18,,,0,200,,30317,18,,,0,100,,30318,18,,,0,199,,30329,18,,,0
15019,'1881',713,,36889,18,,,0,301,,36890,18,,,0,30,,36891,18,,,0,100,,36893,18,,,0,70,,36894,18,,,0,130,,36896,18,,,0,171,,36897,18,,,0,30,,36898,18,,,0,198,,30384,18,,,0,100,,36899,18,,,0,70,,42574,18,,,0,130,,36901,18,,,0,99,,36902,18,,,0,100,,36903,18,0,5 2 6 7,0
15019,'1882',643,,30362,18,,,0,103,,30364,18,,,0,70,,30365,18,,,0,28,,30366,18,,,0,70,,30367,18,,,0,30,,30368,18,,,0,170,,42572,18,,,0,130,,42573,18,,,0,70,,30375,18,,,0,100,,30377,18,,,0,31,,30378,18,,,0,170,,30381,18,,,0,29,,30382,18,,,0,70,,30383,18,,,0,99,,30385,18,,,0,130,,30388,18,,,0
15019,'1886',713,,45054,18,,,0,301,,45055,18,,,0,30,,45056,18,,,0,100,,45057,18,,,0,70,,45058,18,,,0,130,,45059,18,,,0,171,,45060,18,,,0,30,,45061,18,,,0,198,,45062,18,,,0,100,,45063,18,,,0,70,,45064,18,,,0,130,,45065,18,,,0,99,,45066,18,,,0,100,,45067,18,0,5 2 6 7,0
15019,'1887',818,,45068,18,,,0,301,,45069,18,,,0,300,,45070,18,,,0,300,,45071,18,,,0,299,,45072,18,,,0
15019,'1888',718,,45078,18,,,0,301,,45077,18,,,0,300,,45076,18,,,0,300,,45075,18,,,0,300,,45074,18,,,0
