4019,'1817',749,,16736,4,,,0,70,,16737,4,,,0,30,,16734,4,,,0,70,,16738,4,,,0,30,,16735,4,,,0,71,,16719,4,,,0,30,,16723,4,,,0,70,,16727,4,,,0,30,,16730,4,,,0,70,,16715,4,,,0,30,,16718,4,,,0,70,,16722,4,,,0,30,,16726,4,,,0,70,,16728,4,,,0,30,,16714,4,,,0,70,,16717,4,,,0,30,,16721,4,,,0,70,,16725,4,,,0,30,,16729,4,,,0,70,,16713,4,,,0,30,,16716,4,,,0,70,,16720,4,,,0,30,,16724,4,,,0,70,,16733,4,,,0,30,,16739,4,,,0,70,,16731,4,,,0,30,,16740,4,,,0,70,,16732,4,,,0
4019,'1823',619,,16747,4,,,0,30,,16773,4,,,0,71,,16748,4,,,0,27,,16749,4,,,0,76,,16750,4,,,0,24,,16751,4,,,0,76,,16752,4,,,0,27,,16753,4,,,0,70,,16754,4,,,0,30,,16755,4,,,0,70,,16756,4,,,0,31,,16757,4,,,0,70,,16758,4,,,0,30,,16759,4,,,0,70,,16760,4,,,0,30,,16761,4,,,0,70,,16762,4,,,0,32,,16763,4,,,0,70,,16764,4,,,0,31,,16765,4,,,0,64,,16766,4,,,0,36,,16767,4,,,0,64,,16768,4,,,0,36,,16769,4,,,0,61,,16770,4,,,0,35,,16771,4,,,0,70,,16772,4,,,0,30,,16741,4,,,0,70,,16742,4,,,0,30,,16743,4,,,0,70,,16744,4,,,0,30,,16745,4,,,0,70,,16746,4,,,0
4019,'1824',649,,16805,4,,,0,70,,16781,4,,,0,30,,16775,4,,,0,70,,16785,4,,,0,30,,16796,4,,,0,70,,16791,4,,,0,30,,16779,4,,,0,71,,16801,4,,,0,30,,16778,4,,,0,70,,16798,4,,,0,30,,16793,4,,,0,70,,16786,4,,,0,30,,16799,4,,,0,70,,16802,4,,,0,30,,16777,4,,,0,70,,16788,4,,,0,30,,16776,4,,,0,70,,16782,4,,,0,30,,16800,4,,,0,70,,16797,4,,,0,30,,16794,4,,,0,70,,16783,4,,,0,30,,16803,4,,,0,70,,16804,4,,,0,30,,16774,4,,,0,70,,16789,4,,,0,30,,16787,4,,,0,70,,16795,4,,,0,30,,16780,4,,,0,70,,16790,4,,,0,30,,16784,4,,,0,70,,16792,4,,,0
502019,'1817',633,,18302,4,,,0,70,,18288,4,,,0,30,,18305,4,,,0,70,,18319,4,,,0,30,,18299,4,,,0,70,,18318,4,,,0,30,,18301,4,,,0,71,,18317,4,,,0,30,,18296,4,,,0,70,,18316,4,,,0,30,,18291,4,,,0,70,,18315,4,,,0,30,,18294,4,,,0,70,,18313,4,,,0,30,,18292,4,,,0,70,,18314,4,,,0,30,,18295,4,,,0,70,,18312,4,,,0,30,,18289,4,,,0,70,,18311,4,,,0,30,,18293,4,,,0,70,,18310,4,,,0,30,,18290,4,,,0,70,,18309,4,,,0,30,,18303,4,,,0,70,,18308,4,,,0,30,,18304,4,,,0,69,,18307,4,,,0,30,,18297,4,,,0,70,,18321,4,,,0,30,,18306,4,,,0,70,,18322,4,,,0,30,,18300,4,,,0,70,,18320,4,,,0,30,,18298,4,,,0
502019,'1823',603,,18323,4,,,0,30,,18324,4,,,0,25,,18364,4,,,0,50,,18325,4,,,0,25,,18326,4,,,0,25,,18327,4,,,0,52,,18328,4,,,0,24,,18329,4,,,0,24,,18330,4,,,0,52,,18331,4,,,0,24,,18332,4,,,0,70,,18333,4,,,0,30,,18334,4,,,0,70,,18335,4,,,0,30,,18336,4,,,0,70,,18337,4,,,0,30,,18338,4,,,0,70,,18339,4,,,0,30,,18340,4,,,0,70,,18341,4,,,0,33,,18342,4,,,0,70,,18343,4,,,0,30,,18344,4,,,0,68,,18345,4,,,0,24,,18346,4,,,0,12,,18347,4,,,0,63,,18348,4,,,0,6,,18365,4,,,0,18,,18349,4,,,0,12,,18350,4,,,0,64,,18351,4,,,0,22,,18352,4,,,0,12,,18353,4,,,0,65,,18354,4,,,0,30,,18355,4,,,0,70,,18356,4,,,0,30,,18357,4,,,0,70,,18358,4,,,0,30,,18359,4,,,0,70,,18360,4,,,0,30,,18361,4,,,0,70,,18362,4,,,0,30,,18363,4,,,0
502019,'1824',633,,18373,4,,,0,70,,18380,4,,,0,30,,18372,4,,,0,70,,18381,4,,,0,30,,18371,4,,,0,70,,18382,4,,,0,30,,18370,4,,,0,71,,18383,4,,,0,30,,18391,4,,,0,70,,18384,4,,,0,30,,18392,4,,,0,70,,18385,4,,,0,30,,18393,4,,,0,70,,18386,4,,,0,30,,18394,4,,,0,70,,18387,4,,,0,30,,18395,4,,,0,70,,18388,4,,,0,30,,18396,4,,,0,70,,18389,4,,,0,30,,18397,4,,,0,70,,18390,4,,,0,30,,18398,4,,,0,70,,18374,4,,,0,30,,18399,4,,,0,70,,18376,4,,,0,99,,18375,4,,,0,30,,18369,4,,,0,70,,18377,4,,,0,30,,18368,4,,,0,70,,18378,4,,,0,30,,18367,4,,,0,70,,18379,4,,,0,30,,18366,4,,,0
701019,'1816',620,,12831,4,,,0,98,,12776,4,,,0,30,,12788,4,,,0,85,,12835,4,,,0,15,,12766,4,,,0,55,,12836,4,,,0,15,,12777,4,,,0,85,,12846,4,,,0,15,,12801,4,,,0,15,,12841,4,,,0,101,,12842,4,,,0,15,,12790,4,,,0,55,,12845,4,,,0,100,,12856,4,,,0,30,,12855,4,,,0,100,,12853,4,,,0,70,,12852,4,,,0,100,,12851,4,,,0,30,,12850,4,,,0,100,,12848,4,,,0,69,,12847,4,,,0,100,,12832,4,,,0,30,,12837,4,,,0,100,,12839,4,,,0
701019,'1817',620,,18631,4,,,0,28,,18664,4,,,0,70,,18649,4,,,0,30,,18630,4,,,0,55,,12552,4,,,0,15,,18667,4,,,0,15,,18608,4,,,0,15,,18638,4,,,0,55,,12536,4,,,0,15,,18627,4,,,0,15,,12553,4,,,0,15,,12615,4,,,0,55,,18607,4,,,0,15,,18647,4,,,0,15,,12537,4,,,0,15,,18626,4,,,0,55,,12532,4,,,0,16,,18660,4,,,0,15,,12540,4,,,0,15,,12594,4,,,0,55,,12535,4,,,0,15,,18623,4,,,0,15,,12547,4,,,0,15,,12612,4,,,0,55,,12538,4,,,0,15,,12590,4,,,0,15,,12543,4,,,0,15,,18621,4,,,0,55,,12546,4,,,0,15,,18668,4,,,0,15,,12533,4,,,0,15,,18643,4,,,0,55,,12545,4,,,0,15,,18619,4,,,0,15,,12549,4,,,0,15,,18663,4,,,0,55,,12530,4,,,0,15,,18648,4,,,0,15,,12531,4,,,0,15,,18617,4,,,0,55,,12548,4,,,0,15,,18657,4,,,0,15,,12529,4,,,0,15,,18640,4,,,0,54,,12544,4,,,0,15,,18616,4,,,0,15,,12550,4,,,0,15,,18656,4,,,0,55,,12541,4,,,0,15,,18641,4,,,0,15,,12542,4,,,0,15,,18614,4,,,0,55,,12551,4,,,0,15,,18669,4,,,0,15,,12539,4,,,0,15,,18639,4,,,0,70,,18611,4,,,0,30,,18665,4,,,0,70,,18635,4,,,0,30,,18609,4,,,0,70,,18670,4,,,0,25,,18672,4,,,0,65,,18671,4,,,0
701019,'1820',630,,15874,4,,,0,73,,15875,4,,,0,101,,15876,4,,,0,30,,15877,4,,,0,100,,15878,4,,,0,70,,15879,4,,,0,100,,15880,4,,,0,15,,15881,4,,,0,15,,15882,4,,,0,70,,15883,4,,,0,15,,15884,4,,,0,15,,15885,4,,,0,70,,15886,4,,,0,15,,15887,4,,,0,15,,15888,4,,,0,15,,15889,4,,,0,55,,15890,4,,,0,15,,15891,4,,,0,15,,15892,4,,,0,15,,15893,4,,,0,55,,15933,4,,,0,30,,15894,4,,,0,15,,15895,4,,,0,55,,15896,4,,,0,15,,15934,4,,,0,15,,15897,4,,,0,15,,15898,4,,,0,85,,15899,4,,,0,15,,15900,4,,,0,54,,15901,4,,,0,30,,15902,4,,,0,70,,15903,4,,,0,15,,15904,4,,,0,15,,15905,4,,,0,70,,15906,4,,,0,30,,15907,4,,,0,15,,15908,4,,,0,170,,15909,4,,,0,100,,15910,4,,,0,25,,15911,4,,,0,65,,15912,4,,,0
701019,'1821',600,,12655,4,,,0,48,,12657,4,,,0,71,,12659,4,,,0,15,,12660,4,,,0,15,,12661,4,,,0,70,,12663,4,,,0,30,,12665,4,,,0,55,,12666,4,,,0,15,,12667,4,,,0,100,,12670,4,,,0,15,,12671,4,,,0,15,,12672,4,,,0,100,,12676,4,,,0,100,,12680,4,,,0,270,,12689,4,,,0,185,,12695,4,,,0,15,,12696,4,,,0,99,,12700,4,,,0,30,,12702,4,,,0,100,,12706,4,,,0,70,,12708,4,,,0,100,,12711,4,,,0,30,,12712,4,,,0,100,,12714,4,,,0
701019,'1823',630,,18674,4,,,0,73,,18675,4,,,0,101,,18676,4,,,0,30,,18677,4,,,0,100,,18678,4,,,0,70,,18679,4,,,0,100,,18680,4,,,0,15,,18681,4,,,0,15,,18682,4,,,0,70,,18683,4,,,0,15,,18684,4,,,0,15,,18685,4,,,0,70,,18686,4,,,0,15,,18687,4,,,0,15,,18688,4,,,0,15,,18689,4,,,0,55,,18690,4,,,0,15,,18691,4,,,0,15,,18692,4,,,0,15,,18693,4,,,0,55,,18733,4,,,0,30,,18694,4,,,0,15,,18695,4,,,0,55,,18696,4,,,0,15,,18734,4,,,0,15,,18697,4,,,0,15,,18698,4,,,0,85,,18699,4,,,0,15,,18700,4,,,0,54,,18701,4,,,0,30,,18702,4,,,0,70,,18703,4,,,0,15,,18704,4,,,0,15,,18705,4,,,0,70,,18706,4,,,0,30,,18707,4,,,0,15,,18708,4,,,0,170,,18709,4,,,0,100,,18710,4,,,0,25,,18711,4,,,0,65,,18712,4,,,0
701019,'1824',648,,18767,4,,,0,155,,18795,4,,,0,15,,18771,4,,,0,115,,18798,4,,,0,15,,18761,4,,,0,100,,18742,4,,,0,55,,18799,4,,,0,16,,18751,4,,,0,100,,18772,4,,,0,15,,18802,4,,,0,15,,18743,4,,,0,70,,18752,4,,,0,30,,18762,4,,,0,55,,18801,4,,,0,15,,18773,4,,,0,30,,18744,4,,,0,70,,18753,4,,,0,15,,18803,4,,,0,15,,18763,4,,,0,70,,18774,4,,,0,30,,18745,4,,,0,55,,18800,4,,,0,15,,18754,4,,,0,30,,18764,4,,,0,69,,18775,4,,,0,15,,18804,4,,,0,15,,18746,4,,,0,70,,18755,4,,,0,30,,18765,4,,,0,55,,18796,4,,,0,15,,18776,4,,,0,30,,18747,4,,,0,70,,18756,4,,,0,30,,18766,4,,,0,70,,18777,4,,,0,30,,18791,4,,,0,70,,18793,4,,,0,25,,18797,4,,,0,65,,18794,4,,,0
