19019,'1767',840,,2105,4,,0,71,,2106,4,,0,29,,2097,4,,0,70,,2099,4,,0,30,,2101,4,,0,473,,2108,4,,0,31,,2115,4,,0,367,,2109,4,,0,30,,2114,4,,0,397,,2107,4,,0
19019,'1770',1110,,5452,4,,0,31,,5450,4,,0,70,,5453,4,,0,30,,5455,4,,0,70,,5454,4,,0,30,,5449,4,,0,70,,5451,4,,0,30,,5456,4,,0,400,,5457,4,,0
701019,'1746',637,,5857,4,,0,70,,4078,4,,0,30,,5879,4,,0,70,,5856,4,,0,15,,5835,4,,0,16,,5897,4,,0,15,,5817,4,,0,55,,5866,4,,0,15,,5819,4,,0,15,,5853,4,,0,15,,5836,4,,0,55,,5893,4,,0,15,,5811,4,,0,15,,5877,4,,0,15,,5820,4,,0,55,,4032,4,,0,16,,5815,4,,0,17,,4072,4,,0,15,,5823,4,,0,55,,5875,4,,0,15,,5818,4,,0,15,,5851,4,,0,15,,5830,4,,0,55,,5890,4,,0,15,,5821,4,,0,15,,5871,4,,0,15,,5826,4,,0,55,,5849,4,,0,15,,5829,4,,0,15,,5898,4,,0,15,,5816,4,,0,55,,5872,4,,0,15,,5828,4,,0,15,,5847,4,,0,15,,5832,4,,0,55,,5894,4,,0,15,,5813,4,,0,15,,5878,4,,0,15,,5814,4,,0,55,,5845,4,,0,15,,5831,4,,0,15,,5888,4,,0,15,,5812,4,,0,55,,5868,4,,0,14,,5827,4,,0,14,,5844,4,,0,15,,5833,4,,0,55,,5887,4,,0,15,,5824,4,,0,15,,5869,4,,0,15,,5825,4,,0,55,,5842,4,,0,15,,5834,4,,0,14,,5899,4,,0,15,,5822,4,,0,55,,5867,4,,0,29,,5839,4,,0,70,,5895,4,,0,30,,5862,4,,0,70,,5837,4,,0,29,,5900,4,,0,65,,5902,4,,0,25,,5901,4,,0
701019,'1763',637,,3938,4,,0,100,,3960,4,,0,70,,3937,4,,0,15,,3914,4,,0,16,,3982,4,,0,15,,3896,4,,0,55,,3947,4,,0,15,,3898,4,,0,15,,3934,4,,0,15,,3915,4,,0,55,,3977,4,,0,15,,3890,4,,0,15,,3958,4,,0,15,,3899,4,,0,71,,3894,4,,0,32,,3902,4,,0,55,,3956,4,,0,15,,3897,4,,0,15,,3930,4,,0,15,,3909,4,,0,55,,3974,4,,0,15,,3900,4,,0,15,,3952,4,,0,15,,3905,4,,0,55,,3928,4,,0,15,,3908,4,,0,15,,3983,4,,0,15,,3895,4,,0,55,,3953,4,,0,15,,3907,4,,0,15,,3926,4,,0,15,,3911,4,,0,55,,3978,4,,0,15,,3892,4,,0,15,,3959,4,,0,15,,3893,4,,0,55,,3924,4,,0,15,,3910,4,,0,15,,3970,4,,0,15,,3891,4,,0,55,,3949,4,,0,14,,3906,4,,0,14,,3923,4,,0,15,,3912,4,,0,55,,3969,4,,0,15,,3903,4,,0,15,,3950,4,,0,15,,3904,4,,0,55,,3921,4,,0,15,,3913,4,,0,14,,3984,4,,0,15,,3901,4,,0,55,,3948,4,,0,29,,3918,4,,0,70,,3980,4,,0,30,,3943,4,,0,70,,3916,4,,0,29,,3985,4,,0,65,,3987,4,,0,25,,3986,4,,0
701019,'1764',707,,3979,4,,0,401,,3933,4,,0,33,,3973,4,,0
701019,'1767',826,,4196,4,,0,691,,4140,4,,0,15,,4188,4,,0,15,,4141,4,,0,70,,4143,4,,0,30,,4221,4,,0
701019,'1768',637,,3860,4,,0,70,,4230,4,,0,30,,3826,4,,0,70,,3832,4,,0,15,,3863,4,,0,16,,4231,4,,0,15,,3864,4,,0,55,,3816,4,,0,15,,3865,4,,0,15,,3827,4,,0,15,,3872,4,,0,55,,4229,4,,0,15,,3875,4,,0,15,,3842,4,,0,15,,3870,4,,0,55,,3817,4,,0,16,,3873,4,,0,17,,4223,4,,0,15,,3871,4,,0,55,,3833,4,,0,15,,3874,4,,0,15,,4232,4,,0,15,,3886,4,,0,55,,3818,4,,0,15,,3885,4,,0,15,,4224,4,,0,15,,3884,4,,0,55,,3834,4,,0,15,,3883,4,,0,15,,4233,4,,0,15,,3882,4,,0,55,,3819,4,,0,15,,3881,4,,0,15,,4225,4,,0,15,,3887,4,,0,55,,3835,4,,0,15,,3880,4,,0,15,,4234,4,,0,15,,3879,4,,0,55,,3820,4,,0,15,,3878,4,,0,15,,4226,4,,0,15,,3877,4,,0,55,,3836,4,,0,14,,3876,4,,0,14,,4235,4,,0,15,,3888,4,,0,55,,3821,4,,0,15,,3861,4,,0,15,,3828,4,,0,15,,3866,4,,0,55,,3837,4,,0,15,,3867,4,,0,14,,3843,4,,0,15,,3868,4,,0,55,,3822,4,,0,29,,3829,4,,0,70,,3838,4,,0,30,,3844,4,,0,70,,3856,4,,0,29,,3859,4,,0,65,,3869,4,,0,25,,3862,4,,0
701019,'1770',617,,5904,4,,0,32,,5905,4,,0,58,,5906,4,,0,16,,5907,4,,0,18,,5908,4,,0,15,,5909,4,,0,55,,5910,4,,0,30,,5911,4,,0,15,,5912,4,,0,55,,5913,4,,0,15,,5914,4,,0,15,,5915,4,,0,15,,5916,4,,0,70,,5917,4,,0,16,,5918,4,,0,15,,5919,4,,0,55,,5920,4,,0,15,,5921,4,,0,15,,5922,4,,0,15,,5923,4,,0,55,,5924,4,,0,15,,5925,4,,0,15,,5926,4,,0,15,,5927,4,,0,55,,5928,4,,0,15,,5929,4,,0,15,,5930,4,,0,15,,5931,4,,0,55,,5932,4,,0,15,,5933,4,,0,15,,5934,4,,0,17,,5935,4,,0,143,,5936,4,,0,30,,5937,4,,0,70,,5938,4,,0,15,,5939,4,,0,13,,5940,4,,0,13,,5941,4,,0,15,,5942,4,,0,54,,5943,4,,0,13,,5944,4,,0,15,,5945,4,,0,15,,5946,4,,0,54,,5947,4,,0,14,,5948,4,,0,15,,5949,4,,0,15,,5950,4,,0,55,,5951,4,,0,15,,5952,4,,0,15,,5953,4,,0,15,,5954,4,,0,55,,5955,4,,0,30,,5956,4,,0,70,,5957,4,,0,29,,5958,4,,0,70,,5959,4,,0,30,,5960,4,,0,65,,5961,4,,0,25,,5962,4,,0
701019,'1771',637,,6072,4,,0,70,,6037,4,,0,30,,6017,4,,0,70,,6029,4,,0,15,,6075,4,,0,16,,6041,4,,0,15,,6076,4,,0,55,,6007,4,,0,15,,6077,4,,0,15,,6018,4,,0,15,,6084,4,,0,55,,6030,4,,0,15,,6087,4,,0,15,,6042,4,,0,15,,6082,4,,0,55,,6008,4,,0,16,,6085,4,,0,17,,6019,4,,0,15,,6083,4,,0,55,,6031,4,,0,15,,6086,4,,0,15,,6043,4,,0,15,,6098,4,,0,55,,6009,4,,0,15,,6097,4,,0,15,,6020,4,,0,15,,6096,4,,0,55,,6032,4,,0,15,,6095,4,,0,15,,6044,4,,0,15,,6094,4,,0,55,,6010,4,,0,15,,6093,4,,0,15,,6021,4,,0,15,,6099,4,,0,55,,6033,4,,0,15,,6092,4,,0,15,,6045,4,,0,15,,6091,4,,0,55,,6011,4,,0,15,,6090,4,,0,15,,6022,4,,0,15,,6089,4,,0,55,,6034,4,,0,14,,6088,4,,0,14,,6046,4,,0,15,,6100,4,,0,55,,6012,4,,0,15,,6073,4,,0,15,,6023,4,,0,15,,6078,4,,0,55,,6035,4,,0,15,,6079,4,,0,14,,6047,4,,0,15,,6080,4,,0,55,,6013,4,,0,29,,6024,4,,0,70,,6036,4,,0,30,,6048,4,,0,70,,6068,4,,0,29,,6071,4,,0,65,,6081,4,,0,25,,6074,4,,0
701019,'1772',637,,6148,4,,0,100,,6170,4,,0,70,,6147,4,,0,15,,6126,4,,0,16,,6188,4,,0,15,,6108,4,,0,55,,6157,4,,0,15,,6110,4,,0,15,,6144,4,,0,15,,6127,4,,0,55,,6184,4,,0,15,,6102,4,,0,15,,6168,4,,0,15,,6111,4,,0,71,,6106,4,,0,32,,6114,4,,0,55,,6166,4,,0,15,,6109,4,,0,15,,6142,4,,0,15,,6121,4,,0,55,,6181,4,,0,15,,6112,4,,0,15,,6162,4,,0,15,,6117,4,,0,55,,6140,4,,0,15,,6120,4,,0,15,,6189,4,,0,15,,6107,4,,0,55,,6163,4,,0,15,,6119,4,,0,15,,6138,4,,0,15,,6123,4,,0,55,,6185,4,,0,15,,6104,4,,0,15,,6169,4,,0,15,,6105,4,,0,55,,6136,4,,0,15,,6122,4,,0,15,,6179,4,,0,15,,6103,4,,0,55,,6159,4,,0,14,,6118,4,,0,14,,6135,4,,0,15,,6124,4,,0,55,,6178,4,,0,15,,6115,4,,0,15,,6160,4,,0,15,,6116,4,,0,55,,6133,4,,0,15,,6125,4,,0,14,,6190,4,,0,15,,6113,4,,0,55,,6158,4,,0,29,,6130,4,,0,70,,6186,4,,0,30,,6153,4,,0,70,,6128,4,,0,29,,6191,4,,0,65,,6193,4,,0,25,,6192,4,,0
702029,'1746',622,,6362,0,9 10,0,23,,6350,0,9 10,0,70,,6364,0,9 10,0,30,,6360,0,9 10,0,55,,6381,0,5 2 11 2 12,0,15,,6349,0,9 10,0,15,,6393,0,5 2 11 2 12,0,15,,6363,0,9 10,0,55,,6374,0,5 2 11 2 12,0,15,,6351,0,9 10,0,15,,6379,0,5 2 11 2 12,0,15,,6348,0,9 10,0,55,,6388,0,5 2 11 2 12,0,15,,6369,0,9 10,0,15,,6389,0,5 2 11 2 12,0,15,,6354,0,9 10,0,55,,6380,0,5 2 11 2 12,0,15,,6347,0,9 10,0,15,,6399,0,5 2 11 2 12,0,15,,6372,0,9 10,0,55,,6377,0,5 2 11 2 12,0,15,,6358,0,9 10,0,15,,6391,0,5 2 11 2 12,0,15,,6346,0,9 10,0,55,,6400,0,5 2 11 2 12,0,15,,6365,0,9 10,0,15,,6383,0,5 2 11 2 12,0,15,,6357,0,9 10,0,55,,6386,0,5 2 11 2 12,0,15,,6345,0,9 10,0,15,,6398,0,5 2 11 2 12,0,15,,6366,0,9 10,0,55,,6378,0,5 2 11 2 12,0,15,,6353,0,9 10,0,15,,6387,0,5 2 11 2 12,0,15,,6344,0,9 10,0,55,,6396,0,5 2 11 2 12,0,15,,6373,0,9 10,0,15,,6376,0,5 2 11 2 12,0,15,,6352,0,9 10,0,55,,6392,0,5 2 11 2 12,0,15,,6343,0,9 10,0,15,,6394,0,5 2 11 2 12,0,15,,6368,0,9 10,0,55,,6384,0,5 2 11 2 12,0,15,,6361,0,9 10,0,15,,6390,0,5 2 11 2 12,0,15,,6342,0,9 10,0,55,,6395,0,5 2 11 2 12,0,15,,6370,0,9 10,0,15,,6382,0,5 2 11 2 12,0,15,,6356,0,9 10,0,55,,6385,0,5 2 11 2 12,0,15,,6341,0,9 10,0,15,,6397,0,5 2 11 2 12,0,15,,6367,0,9 10,0,55,,6375,0,5 2 11 2 12,0,15,,6359,0,9 10,0,30,,6340,0,9 10,0,70,,6371,0,9 10,0,30,,6355,0,9 10,0,65,,6402,0,9 10,0,30,,6401,0,5 2 11 2 12,0
702029,'1763',622,,4473,0,9 10,0,23,,4461,0,9 10,0,70,,4475,0,9 10,0,30,,4471,0,9 10,0,55,,4492,0,5 2 11 2 12,0,15,,4460,0,9 10,0,15,,4504,0,5 2 11 2 12,0,15,,4474,0,9 10,0,55,,4485,0,5 2 11 2 12,0,15,,4462,0,9 10,0,15,,4490,0,5 2 11 2 12,0,15,,4459,0,9 10,0,55,,4499,0,5 2 11 2 12,0,15,,4480,0,9 10,0,15,,4500,0,5 2 11 2 12,0,15,,4465,0,9 10,0,55,,4491,0,5 2 11 2 12,0,15,,4458,0,9 10,0,15,,4510,0,5 2 11 2 12,0,15,,4483,0,9 10,0,55,,4488,0,5 2 11 2 12,0,15,,4469,0,9 10,0,15,,4502,0,5 2 11 2 12,0,15,,4457,0,9 10,0,55,,4511,0,5 2 11 2 12,0,15,,4476,0,9 10,0,15,,4494,0,5 2 11 2 12,0,15,,4468,0,9 10,0,55,,4497,0,5 2 11 2 12,0,15,,4456,0,9 10,0,15,,4509,0,5 2 11 2 12,0,15,,4477,0,9 10,0,55,,4489,0,5 2 11 2 12,0,15,,4464,0,9 10,0,15,,4498,0,5 2 11 2 12,0,15,,4455,0,9 10,0,55,,4507,0,5 2 11 2 12,0,15,,4484,0,9 10,0,15,,4487,0,5 2 11 2 12,0,15,,4463,0,9 10,0,55,,4503,0,5 2 11 2 12,0,15,,4454,0,9 10,0,15,,4505,0,5 2 11 2 12,0,15,,4479,0,9 10,0,55,,4495,0,5 2 11 2 12,0,15,,4472,0,9 10,0,15,,4501,0,5 2 11 2 12,0,15,,4453,0,9 10,0,55,,4506,0,5 2 11 2 12,0,15,,4481,0,9 10,0,15,,4493,0,5 2 11 2 12,0,15,,4467,0,9 10,0,55,,4496,0,5 2 11 2 12,0,15,,4452,0,9 10,0,15,,4508,0,5 2 11 2 12,0,15,,4478,0,9 10,0,55,,4486,0,5 2 11 2 12,0,15,,4470,0,9 10,0,30,,4451,0,9 10,0,70,,4482,0,9 10,0,30,,4466,0,9 10,0,65,,4513,0,9 10,0,30,,4512,0,5 2 11 2 12,0
702029,'1768',622,,4421,0,9 10,0,23,,4398,0,9 10,0,70,,4656,0,9 10,0,30,,4409,0,9 10,0,55,,4448,0,5 2 11 2 12,0,15,,4417,0,9 10,0,15,,4442,0,5 2 11 2 12,0,15,,4655,0,9 10,0,55,,4443,0,5 2 11 2 12,0,15,,4406,0,9 10,0,15,,4444,0,5 2 11 2 12,0,15,,4410,0,9 10,0,55,,4433,0,5 2 11 2 12,0,15,,4661,0,9 10,0,15,,4427,0,5 2 11 2 12,0,15,,4399,0,9 10,0,55,,4439,0,5 2 11 2 12,0,15,,4657,0,9 10,0,15,,4431,0,5 2 11 2 12,0,15,,4411,0,9 10,0,55,,4422,0,5 2 11 2 12,0,15,,4662,0,9 10,0,15,,4438,0,5 2 11 2 12,0,15,,4400,0,9 10,0,55,,4432,0,5 2 11 2 12,0,15,,4658,0,9 10,0,15,,4425,0,5 2 11 2 12,0,15,,4412,0,9 10,0,55,,4437,0,5 2 11 2 12,0,15,,4663,0,9 10,0,15,,4430,0,5 2 11 2 12,0,15,,4401,0,9 10,0,55,,4424,0,5 2 11 2 12,0,15,,4659,0,9 10,0,15,,4436,0,5 2 11 2 12,0,15,,4413,0,9 10,0,55,,4428,0,5 2 11 2 12,0,15,,4664,0,9 10,0,15,,4423,0,5 2 11 2 12,0,15,,4402,0,9 10,0,55,,4435,0,5 2 11 2 12,0,15,,4660,0,9 10,0,15,,4429,0,5 2 11 2 12,0,15,,4414,0,9 10,0,55,,4426,0,5 2 11 2 12,0,15,,4418,0,9 10,0,15,,4434,0,5 2 11 2 12,0,15,,4403,0,9 10,0,55,,4440,0,5 2 11 2 12,0,15,,4407,0,9 10,0,15,,4441,0,5 2 11 2 12,0,15,,4415,0,9 10,0,55,,4445,0,5 2 11 2 12,0,15,,4419,0,9 10,0,15,,4446,0,5 2 11 2 12,0,15,,4404,0,9 10,0,55,,4447,0,5 2 11 2 12,0,15,,4408,0,9 10,0,30,,4416,0,9 10,0,70,,4420,0,9 10,0,30,,4405,0,9 10,0,65,,4450,0,9 10,0,30,,4449,0,5 2 11 2 12,0
702029,'1770',605,,6403,0,9 10,0,20,,6404,0,9 10,0,30,,6460,0,9 10,0,55,,6405,0,9 10,0,15,,6406,0,9 10,0,20,,6407,0,9 10,0,55,,6408,0,9 10,0,15,,6458,0,9 10,0,15,,6436,0,5 2 11 2 12,0,15,,6459,0,9 10,0,55,,6437,0,5 2 11 2 12,0,15,,6409,0,9 10,0,15,,6438,0,5 2 11 2 12,0,15,,6410,0,9 10,0,55,,6439,0,5 2 11 2 12,0,30,,6440,0,5 2 11 2 12,0,15,,6411,0,9 10,0,55,,6441,0,5 2 11 2 12,0,15,,6412,0,9 10,0,15,,6442,0,5 2 11 2 12,0,15,,6413,0,9 10,0,55,,6443,0,5 2 11 2 12,0,15,,6414,0,9 10,0,15,,6444,0,5 2 11 2 12,0,15,,6415,0,9 10,0,55,,6445,0,5 2 11 2 12,0,15,,6416,0,9 10,0,15,,6446,0,5 2 11 2 12,0,15,,6417,0,9 10,0,55,,6447,0,5 2 11 2 12,0,15,,6418,0,9 10,0,15,,6462,0,9 10,0,15,,6448,0,5 2 11 2 12,0,55,,6419,0,9 10,0,15,,6463,0,9 10,0,15,,6420,0,9 10,0,15,,6449,0,5 2 11 2 12,0,55,,6422,0,9 10,0,15,,6421,0,9 10,0,15,,6464,0,9 10,0,15,,6465,0,5 2 11 2 12,0,55,,6423,0,9 10,0,15,,6424,0,9 10,0,15,,6450,0,5 2 11 2 12,0,15,,6425,0,9 10,0,55,,6451,0,5 2 11 2 12,0,15,,6466,0,9 10,0,15,,6452,0,5 2 11 2 12,0,15,,6426,0,9 10,0,55,,6453,0,5 2 11 2 12,0,15,,6427,0,9 10,0,15,,6454,0,5 2 11 2 12,0,15,,6428,0,9 10,0,55,,6455,0,5 2 11 2 12,0,15,,6429,0,9 10,0,15,,6456,0,5 2 11 2 12,0,15,,6430,0,9 10,0,55,,6457,0,5 2 11 2 12,0,15,,6431,0,9 10,0,30,,6432,0,9 10,0,70,,6433,0,9 10,0,30,,6434,0,9 10,0,65,,6461,0,9 10,0,30,,6435,0,5 2 11 2 12,0
702029,'1771',622,,6500,0,9 10,0,23,,6467,0,9 10,0,70,,6476,0,9 10,0,30,,6484,0,9 10,0,55,,6527,0,5 2 11 2 12,0,15,,6492,0,9 10,0,15,,6521,0,5 2 11 2 12,0,15,,6468,0,9 10,0,55,,6522,0,5 2 11 2 12,0,15,,6477,0,9 10,0,15,,6523,0,5 2 11 2 12,0,15,,6485,0,9 10,0,55,,6512,0,5 2 11 2 12,0,15,,6493,0,9 10,0,15,,6506,0,5 2 11 2 12,0,15,,6469,0,9 10,0,55,,6518,0,5 2 11 2 12,0,15,,6478,0,9 10,0,15,,6510,0,5 2 11 2 12,0,15,,6486,0,9 10,0,55,,6501,0,5 2 11 2 12,0,15,,6494,0,9 10,0,15,,6517,0,5 2 11 2 12,0,15,,6470,0,9 10,0,55,,6511,0,5 2 11 2 12,0,15,,6479,0,9 10,0,15,,6504,0,5 2 11 2 12,0,15,,6487,0,9 10,0,55,,6516,0,5 2 11 2 12,0,15,,6495,0,9 10,0,15,,6509,0,5 2 11 2 12,0,15,,6471,0,9 10,0,55,,6503,0,5 2 11 2 12,0,15,,6480,0,9 10,0,15,,6515,0,5 2 11 2 12,0,15,,6488,0,9 10,0,55,,6507,0,5 2 11 2 12,0,15,,6496,0,9 10,0,15,,6502,0,5 2 11 2 12,0,15,,6472,0,9 10,0,55,,6514,0,5 2 11 2 12,0,15,,6481,0,9 10,0,15,,6508,0,5 2 11 2 12,0,15,,6489,0,9 10,0,55,,6505,0,5 2 11 2 12,0,15,,6497,0,9 10,0,15,,6513,0,5 2 11 2 12,0,15,,6473,0,9 10,0,55,,6519,0,5 2 11 2 12,0,15,,6482,0,9 10,0,15,,6520,0,5 2 11 2 12,0,15,,6490,0,9 10,0,55,,6524,0,5 2 11 2 12,0,15,,6498,0,9 10,0,15,,6525,0,5 2 11 2 12,0,15,,6474,0,9 10,0,55,,6526,0,5 2 11 2 12,0,15,,6483,0,9 10,0,30,,6491,0,9 10,0,70,,6499,0,9 10,0,30,,6475,0,9 10,0,65,,6529,0,9 10,0,30,,6528,0,5 2 11 2 12,0
702029,'1772',622,,6552,0,9 10,0,23,,6540,0,9 10,0,70,,6554,0,9 10,0,30,,6550,0,9 10,0,55,,6571,0,5 2 11 2 12,0,15,,6539,0,9 10,0,15,,6583,0,5 2 11 2 12,0,15,,6553,0,9 10,0,55,,6564,0,5 2 11 2 12,0,15,,6541,0,9 10,0,15,,6569,0,5 2 11 2 12,0,15,,6538,0,9 10,0,55,,6578,0,5 2 11 2 12,0,15,,6559,0,9 10,0,15,,6579,0,5 2 11 2 12,0,15,,6544,0,9 10,0,55,,6570,0,5 2 11 2 12,0,15,,6537,0,9 10,0,15,,6589,0,5 2 11 2 12,0,15,,6562,0,9 10,0,55,,6567,0,5 2 11 2 12,0,15,,6548,0,9 10,0,15,,6581,0,5 2 11 2 12,0,15,,6536,0,9 10,0,55,,6590,0,5 2 11 2 12,0,15,,6555,0,9 10,0,15,,6573,0,5 2 11 2 12,0,15,,6547,0,9 10,0,55,,6576,0,5 2 11 2 12,0,15,,6535,0,9 10,0,15,,6588,0,5 2 11 2 12,0,15,,6556,0,9 10,0,55,,6568,0,5 2 11 2 12,0,15,,6543,0,9 10,0,15,,6577,0,5 2 11 2 12,0,15,,6534,0,9 10,0,55,,6586,0,5 2 11 2 12,0,15,,6563,0,9 10,0,15,,6566,0,5 2 11 2 12,0,15,,6542,0,9 10,0,55,,6582,0,5 2 11 2 12,0,15,,6533,0,9 10,0,15,,6584,0,5 2 11 2 12,0,15,,6558,0,9 10,0,55,,6574,0,5 2 11 2 12,0,15,,6551,0,9 10,0,15,,6580,0,5 2 11 2 12,0,15,,6532,0,9 10,0,55,,6585,0,5 2 11 2 12,0,15,,6560,0,9 10,0,15,,6572,0,5 2 11 2 12,0,15,,6546,0,9 10,0,55,,6575,0,5 2 11 2 12,0,15,,6531,0,9 10,0,15,,6587,0,5 2 11 2 12,0,15,,6557,0,9 10,0,55,,6565,0,5 2 11 2 12,0,15,,6549,0,9 10,0,30,,6530,0,9 10,0,70,,6561,0,9 10,0,30,,6545,0,9 10,0,65,,6592,0,9 10,0,30,,6591,0,5 2 11 2 12,0
10019019,'1767',813,,4934,4,,0
10019019,'1770',743,,6806,4,,0
