15029,'1838',713,,36977,20,,,0,98,,45082,20,,,0,100,,36974,20,,,0,100,,36975,20,,,0,101,,45083,20,,,0,100,,36972,20,,,0,100,,36969,20,,,0,102,,45081,20,,,0,100,,36971,20,,,0,100,,36968,20,,,0,99,,45080,20,,,0,99,,36966,20,,,0,100,,36967,20,,,0,100,,45079,20,,,0
15029,'1865',639,,36995,20,,,0,69,,36996,20,,,0,32,,36997,20,,,0,71,,45086,20,,,0,34,,36999,20,,,0,70,,37000,20,,,0,25,,37001,20,,,0,70,,37002,20,,,0,30,,37003,20,,,0,70,,45087,20,,,0,30,,45088,20,,,0,70,,42575,20,,,0,30,,45089,20,,,0,70,,45090,20,,,0,30,,42576,20,,,0,70,,37010,20,,,0,31,,45091,20,,,0,75,,37012,20,,,0,32,,37013,20,,,0,70,,45092,20,,,0,29,,45093,20,,,0,65,,37016,20,,,0,29,,37017,20,,,0,69,,37018,20,,,0,27,,45094,20,,,0,70,,37020,20,,,0,30,,45095,20,,,0,70,,45096,20,,,0,30,,37023,20,,,0,100,,45098,20,,,0,97,,45097,20,,,0
15029,'1866',718,,37029,20,,,0,93,,37030,20,,,0,100,,45100,20,,,0,100,,37032,20,,,0,101,,37033,20,,,0,100,,45101,20,,,0,100,,37035,20,,,0,103,,37036,20,,,0,100,,45102,20,,,0,100,,37038,20,,,0,98,,37039,20,,,0,99,,45103,20,,,0,100,,37026,20,,,0,100,,37027,20,,,0
15029,'1867',713,,37054,20,,,0,98,,45107,20,,,0,100,,37051,20,,,0,100,,37052,20,,,0,101,,45108,20,,,0,100,,37049,20,,,0,100,,37046,20,,,0,102,,45106,20,,,0,100,,37048,20,,,0,100,,37045,20,,,0,99,,45105,20,,,0,99,,37043,20,,,0,100,,37044,20,,,0,100,,45104,20,,,0
15029,'1873',718,,30423,20,,,0,93,,30424,20,,,0,200,,30426,20,,,0,101,,30427,20,,,0,200,,30429,20,,,0,103,,30430,20,,,0,200,,30432,20,,,0,98,,30433,20,,,0,199,,30420,20,,,0,100,,30421,20,,,0
15029,'1878',713,,30448,20,,,0,198,,30445,20,,,0,100,,30446,20,,,0,201,,30443,20,,,0,100,,30440,20,,,0,202,,30442,20,,,0,100,,30439,20,,,0,198,,30437,20,,,0,100,,30438,20,,,0
15029,'1881',811,,36979,20,,,0,299,,36980,20,,,0,30,,36981,20,,,0,100,,36983,20,,,0,70,,36984,20,,,0,131,,36986,20,,,0,177,,36987,20,,,0,29,,36988,20,,,0,190,,30508,20,,,0,100,,36989,20,,,0,70,,42580,20,,,0,130,,36992,20,,,0,97,,36991,20,,,0
15029,'1882',639,,30484,20,,,0,69,,30485,20,,,0,32,,30486,20,,,0,105,,30488,20,,,0,70,,30489,20,,,0,25,,30490,20,,,0,70,,30491,20,,,0,30,,30492,20,,,0,170,,42578,20,,,0,130,,42579,20,,,0,70,,30499,20,,,0,106,,30501,20,,,0,32,,30502,20,,,0,164,,30505,20,,,0,29,,30506,20,,,0,69,,30507,20,,,0,97,,30509,20,,,0,130,,30512,20,,,0
15029,'1886',811,,45111,20,,,0,299,,45112,20,,,0,30,,45113,20,,,0,100,,45114,20,,,0,70,,45115,20,,,0,131,,45116,20,,,0,177,,45117,20,,,0,29,,45118,20,,,0,190,,45119,20,,,0,100,,45120,20,,,0,70,,45121,20,,,0,130,,45123,20,,,0,97,,45122,20,,,0
15029,'1887',911,,45125,20,,,0,301,,45126,20,,,0,303,,45127,20,,,0,297,,45128,20,,,0
15029,'1888',811,,45132,20,,,0,301,,45133,20,,,0,302,,45131,20,,,0,299,,45130,20,,,0,299,,45129,20,,,0
