7019,'1800',630,,29315,12,4,,0,70,,29316,12,4,,0,28,,29317,12,4,,0,231,,29313,31,4,,0,1267,,29318,12,4,,0,30,,29314,12,4,,0
7019,'1838',630,,29350,12,4,,0,70,,29351,12,4,,0,28,,29352,12,4,,0,231,,29348,31,4,,0,1267,,29353,12,4,,0,30,,29349,12,4,,0
7019,'1848',2126,,29401,12,4,,0,102,,29400,16,4,,0
7019,'1849',630,,29419,12,4,,0,70,,29420,12,4,,0,28,,29421,12,4,,0,231,,29417,31,4,,0,1267,,29422,12,4,,0,30,,29418,12,4,,0
7019,'1850',1558,,29474,12,4,,0,567,,29473,12,4,,0,102,,29472,16,4,,0
7019,'1852',1558,,29512,12,4,,0,567,,29511,12,4,,0,102,,29510,16,4,,0
7029,'1800',700,,29514,1,,,0,100,,29515,1,,,0,100,,29516,1,,,0,100,,29517,1,,,0,100,,29518,1,,,0,100,,29519,1,,,0,100,,29520,1,,,0,100,,29521,1,,,0,100,,29522,1,,,0,100,,29523,1,,,0,100,,29524,1,,,0,100,,29525,1,,,0,100,,29526,1,,,0,100,,29527,1,,,0,100,,29513,1,,,0,230,,29528,1,0,13 14,0
7029,'1838',700,,29530,1,,,0,100,,29531,1,,,0,100,,29532,1,,,0,100,,29533,1,,,0,100,,29534,1,,,0,100,,29535,1,,,0,100,,29536,1,,,0,100,,29537,1,,,0,100,,29538,1,,,0,100,,29539,1,,,0,100,,29540,1,,,0,100,,29541,1,,,0,100,,29542,1,,,0,100,,29543,1,,,0,100,,29529,1,,,0,230,,29544,1,0,13 14,0
7029,'1848',631,,29545,1,,,0,70,,29559,1,,,0,30,,29546,1,,,0,69,,29560,1,,,0,30,,29547,1,,,0,70,,29561,1,,,0,30,,29548,1,,,0,70,,29562,1,,,0,30,,29549,1,,,0,70,,29563,1,,,0,30,,29550,1,,,0,70,,29564,1,,,0,30,,29551,1,,,0,70,,29565,1,,,0,30,,29552,1,,,0,70,,29566,1,,,0,30,,29553,1,,,0,70,,29567,1,,,0,30,,29554,1,,,0,70,,29568,1,,,0,30,,29555,1,,,0,70,,29569,1,,,0,30,,29556,1,,,0,70,,29570,1,,,0,30,,29557,1,,,0,70,,29571,1,,,0,30,,29558,1,,,0,70,,29572,1,,,0,100,,29573,1,,,0,100,,29574,1,,,0,100,,29575,1,,,0,30,,29577,1,0,13 14,0
7029,'1849',700,,29579,1,,,0,100,,29580,1,,,0,100,,29581,1,,,0,100,,29582,1,,,0,100,,29583,1,,,0,100,,29584,1,,,0,100,,29585,1,,,0,100,,29586,1,,,0,100,,29587,1,,,0,100,,29588,1,,,0,100,,29589,1,,,0,100,,29590,1,,,0,100,,29591,1,,,0,100,,29592,1,,,0,100,,29578,1,,,0,230,,29593,1,0,13 14,0
7029,'1850',500,,29600,1,,,0,100,,29601,1,,,0,30,,29602,1,,,0,70,,29603,1,,,0,30,,29604,1,,,0,70,,29605,1,,,0,30,,29606,1,,,0,70,,29607,1,,,0,30,,29608,1,,,0,70,,29609,1,,,0,30,,29610,1,,,0,70,,29611,1,,,0,30,,29612,1,,,0,70,,29596,1,,,0,30,,29597,1,,,0,70,,29598,1,,,0,30,,29595,1,,,0,70,,29594,1,,,0,30,,29599,1,,,0,70,,29613,1,,,0,30,,29614,1,,,0,70,,29615,1,,,0,30,,29616,1,,,0,70,,29617,1,,,0,30,,29618,1,,,0,70,,29619,1,,,0,30,,29620,1,,,0,70,,29621,1,,,0,30,,29622,1,,,0,70,,29623,1,,,0,100,,29624,1,,,0,100,,29625,1,,,0,100,,29626,1,,,0
7029,'1852',500,,29633,1,,,0,100,,29634,1,,,0,30,,29635,1,,,0,70,,29636,1,,,0,30,,29637,1,,,0,70,,29638,1,,,0,30,,29639,1,,,0,70,,29640,1,,,0,30,,29641,1,,,0,70,,29642,1,,,0,30,,29643,1,,,0,70,,29644,1,,,0,30,,29645,1,,,0,70,,29629,1,,,0,30,,29630,1,,,0,70,,29631,1,,,0,30,,29628,1,,,0,70,,29627,1,,,0,30,,29632,1,,,0,70,,29646,1,,,0,30,,29647,1,,,0,70,,29648,1,,,0,30,,29649,1,,,0,70,,29650,1,,,0,30,,29651,1,,,0,70,,29652,1,,,0,30,,29653,1,,,0,70,,29654,1,,,0,30,,29655,1,,,0,70,,29656,1,,,0,100,,29657,1,,,0,100,,29658,1,,,0,100,,29659,1,,,0
11019,'1800',924,,29840,31,4,,0,100,,29841,31,4,,0,103,,29842,31,4,,0,103,,29843,31,4,,0,100,,29844,31,4,,0,100,,29845,31,4,,0,100,,29846,31,4,,0,98,,29847,31,4,,0,100,,29848,31,4,,0,97,,29849,31,4,,0,98,,29850,31,4,,0,100,,29851,31,4,,0
11019,'1838',924,,29853,31,4,,0,100,,29854,31,4,,0,103,,29855,31,4,,0,103,,29856,31,4,,0,100,,29857,31,4,,0,100,,29858,31,4,,0,100,,29859,31,4,,0,98,,29860,31,4,,0,100,,29861,31,4,,0,97,,29862,31,4,,0,98,,29863,31,4,,0,100,,29864,31,4,,0
11019,'1848',723,,29868,31,4,,0,100,,29869,31,4,,0,101,,29870,31,4,,0,100,,29871,31,4,,0,100,,29872,31,4,,0,106,,29873,31,4,,0,100,,29874,31,4,,0,100,,29875,31,4,,0,100,,29876,31,4,,0,98,,29877,31,4,,0,100,,29878,31,4,,0,97,,29879,31,4,,0
11019,'1849',924,,29881,31,4,,0,100,,29882,31,4,,0,103,,29883,31,4,,0,103,,29884,31,4,,0,100,,29885,31,4,,0,100,,29886,31,4,,0,100,,29887,31,4,,0,98,,29888,31,4,,0,100,,29889,31,4,,0,97,,29890,31,4,,0,98,,29891,31,4,,0,100,,29892,31,4,,0
20007019,'1800',630,,34703,1,,,0,200,,34688,1,,,0,100,,34689,1,,,0,100,,34690,1,,,0,100,,34691,1,,,0,100,,34692,1,,,0,100,,34693,1,,,0,100,,34694,1,,,0,100,,34695,1,,,0,100,,34696,1,,,0,100,,34697,1,,,0,100,,34698,1,,,0,100,,34699,1,,,0,100,,34700,1,,,0,100,,34701,1,,,0,70,,34702,1,,,0,30,,34687,1,,,0,70,,34686,1,,,0
20007019,'1838',630,,34721,1,,,0,200,,34706,1,,,0,100,,34707,1,,,0,100,,34708,1,,,0,100,,34709,1,,,0,100,,34710,1,,,0,100,,34711,1,,,0,100,,34712,1,,,0,100,,34713,1,,,0,100,,34714,1,,,0,100,,34715,1,,,0,100,,34716,1,,,0,100,,34717,1,,,0,100,,34718,1,,,0,100,,34719,1,,,0,70,,34720,1,,,0,30,,34705,1,,,0,70,,34704,1,,,0
20007019,'1848',2030,,34722,1,,,0,100,,34723,1,,,0,100,,34724,1,,,0
20007019,'1849',630,,34742,1,,,0,200,,34727,1,,,0,100,,34728,1,,,0,100,,34729,1,,,0,100,,34730,1,,,0,100,,34731,1,,,0,100,,34732,1,,,0,100,,34733,1,,,0,100,,34734,1,,,0,100,,34735,1,,,0,100,,34736,1,,,0,100,,34737,1,,,0,100,,34738,1,,,0,100,,34739,1,,,0,100,,34740,1,,,0,70,,34741,1,,,0,30,,34726,1,,,0,70,,34725,1,,,0
20007019,'1850',535,,34743,1,,,0,1495,,34744,1,,,0,100,,34745,1,,,0,100,,34746,1,,,0,100,,34748,1,,,0,100,,34747,1,,,0
20007019,'1852',535,,34749,1,,,0,1495,,34750,1,,,0,100,,34751,1,,,0,100,,34752,1,,,0,100,,34754,1,,,0,100,,34753,1,,,0
