15029,'1838',735,,36977,49,,,0,98,,45082,49,,,0,101,,36974,49,,,0,100,,36975,49,,,0,101,,45083,49,,,0,100,,36972,49,,,0,100,,36969,49,,,0,102,,45081,49,,,0,100,,36971,49,,,0,100,,36968,49,,,0,99,,45080,49,,,0,99,,36966,49,,,0,99,,36967,49,,,0,100,,45079,49,,,0
15029,'1865',611,,45084,9,,,0,20,,45085,9,,,0,71,,36995,49,,,0,30,,36996,49,,,0,74,,36997,49,,,0,30,,45086,49,,,0,73,,36999,49,,,0,30,,37000,49,,,0,65,,37001,49,,,0,30,,37002,49,,,0,70,,37003,49,,,0,30,,45087,49,,,0,70,,45088,49,,,0,30,,42575,49,,,0,70,,45089,49,,,0,30,,45090,49,,,0,70,,42576,49,,,0,31,,37010,49,,,0,73,,45091,49,,,0,35,,37012,49,,,0,72,,37013,49,,,0,30,,45092,49,,,0,67,,45093,49,,,0,23,,37016,49,,,0,69,,37017,49,,,0,29,,37018,49,,,0,67,,45094,49,,,0,30,,37020,49,,,0,70,,45095,49,,,0,30,,45096,49,,,0,70,,37023,49,,,0,59,,45098,49,,,0,97,,45097,49,,,0
15029,'1866',607,,45099,9,,,0,133,,37029,49,,,0,93,,37030,49,,,0,100,,45100,49,,,0,100,,37032,49,,,0,102,,37033,49,,,0,100,,45101,49,,,0,100,,37035,49,,,0,104,,37036,49,,,0,100,,45102,49,,,0,99,,37038,49,,,0,98,,37039,49,,,0,99,,45103,49,,,0,99,,37026,49,,,0,100,,37027,49,,,0
15029,'1867',735,,37054,49,,,0,98,,45107,49,,,0,101,,37051,49,,,0,100,,37052,49,,,0,101,,45108,49,,,0,100,,37049,49,,,0,100,,37046,49,,,0,102,,45106,49,,,0,100,,37048,49,,,0,100,,37045,49,,,0,99,,45105,49,,,0,99,,37043,49,,,0,99,,37044,49,,,0,100,,45104,49,,,0
15029,'1873',740,,30423,49,,,0,93,,30424,49,,,0,200,,30426,49,,,0,102,,30427,49,,,0,200,,30429,49,,,0,104,,30430,49,,,0,199,,30432,49,,,0,98,,30433,49,,,0,198,,30420,49,,,0,100,,30421,49,,,0
15029,'1878',735,,30448,49,,,0,199,,30445,49,,,0,100,,30446,49,,,0,201,,30443,49,,,0,100,,30440,49,,,0,202,,30442,49,,,0,100,,30439,49,,,0,198,,30437,49,,,0,99,,30438,49,,,0
15029,'1881',611,,30482,9,,,0,20,,36978,9,,,0,205,,36979,49,,,0,298,,36980,49,,,0,70,,36981,49,,,0,100,,36983,49,,,0,30,,36984,49,,,0,174,,36986,49,,,0,137,,36987,49,,,0,67,,36988,49,,,0,188,,30508,49,,,0,100,,36989,49,,,0,30,,42580,49,,,0,129,,36992,49,,,0,97,,36991,49,,,0
15029,'1882',702,,30484,49,,,0,30,,30485,49,,,0,74,,30486,49,,,0,103,,30488,49,,,0,30,,30489,49,,,0,65,,30490,49,,,0,30,,30491,49,,,0,70,,30492,49,,,0,130,,42578,49,,,0,170,,42579,49,,,0,31,,30499,49,,,0,108,,30501,49,,,0,72,,30502,49,,,0,120,,30505,49,,,0,69,,30506,49,,,0,29,,30507,49,,,0,97,,30509,49,,,0,170,,30512,49,,,0
15029,'1886',611,,45109,9,,,0,20,,45110,9,,,0,205,,45111,49,,,0,298,,45112,49,,,0,70,,45113,49,,,0,100,,45114,49,,,0,30,,45115,49,,,0,174,,45116,49,,,0,137,,45117,49,,,0,67,,45118,49,,,0,188,,45119,49,,,0,100,,45120,49,,,0,30,,45121,49,,,0,129,,45123,49,,,0,97,,45122,49,,,0
15029,'1887',607,,45124,9,,,0,326,,45125,49,,,0,302,,45126,49,,,0,304,,45127,49,,,0,296,,45128,49,,,0
15029,'1888',833,,45132,49,,,0,302,,45133,49,,,0,302,,45131,49,,,0,299,,45130,49,,,0,298,,45129,49,,,0
