1019,'1796',547,,19171,20,,,0,70,,19194,20,,,0,30,,19169,20,,,0,70,,19164,20,,,0,31,,19183,20,,,0,71,,19166,20,,,0,30,,19172,20,,,0,70,,19197,20,,,0,30,,19168,20,,,0,70,,19162,20,,,0,31,,19182,20,,,0,70,,19167,20,,,0,30,,19173,20,,,0,70,,19193,20,,,0,30,,19170,20,,,0,70,,19163,20,,,0,30,,19195,20,,,0,70,,19165,20,,,0,30,,19174,20,,,0,70,,19192,20,,,0,29,,19185,20,,,0,70,,19177,20,,,0,30,,19175,20,,,0,70,,19178,20,,,0,30,,19180,20,,,0,70,,19179,20,,,0,29,,19176,20,,,0,70,,19196,20,,,0,30,,19190,20,,,0,70,,19191,20,,,0,30,,19189,20,,,0,70,,19188,20,,,0,34,,19187,20,,,0,70,,19186,20,,,0,30,,19184,20,,,0,65,,19181,20,,,0
1019,'1797',547,,19209,20,,,0,70,,19223,20,,,0,30,,19208,20,,,0,70,,19228,20,,,0,31,,19218,20,,,0,70,,19202,20,,,0,30,,19224,20,,,0,70,,19226,20,,,0,30,,19207,20,,,0,70,,19229,20,,,0,30,,19217,20,,,0,70,,19201,20,,,0,30,,19212,20,,,0,70,,19222,20,,,0,30,,19206,20,,,0,70,,19230,20,,,0,30,,19216,20,,,0,70,,19200,20,,,0,30,,19211,20,,,0,70,,19221,20,,,0,30,,19205,20,,,0,70,,19231,20,,,0,30,,19215,20,,,0,70,,19199,20,,,0,30,,19210,20,,,0,70,,19220,20,,,0,30,,19203,20,,,0,70,,19232,20,,,0,30,,19213,20,,,0,70,,19198,20,,,0,30,,19204,20,,,0,70,,19219,20,,,0,34,,19214,20,,,0,70,,19233,20,,,0,30,,19227,20,,,0,65,,19225,20,,,0
1019,'1798',617,,19234,20,,,0,100,,19235,20,,,0,101,,19236,20,,,0,100,,19237,20,,,0,100,,19238,20,,,0,100,,19239,20,,,0,100,,19240,20,,,0,100,,19241,20,,,0,100,,19242,20,,,0,100,,19243,20,,,0,100,,19244,20,,,0,100,,19245,20,,,0,100,,19246,20,,,0,100,,19247,20,,,0,100,,19248,20,,,0,100,,19249,20,,,0,104,,19250,20,,,0,95,,19251,20,,,0
1019,'1799',617,,19252,20,,,0,100,,19253,20,,,0,101,,19254,20,,,0,100,,19255,20,,,0,100,,19256,20,,,0,100,,19257,20,,,0,100,,19258,20,,,0,100,,19259,20,,,0,100,,19260,20,,,0,100,,19261,20,,,0,100,,19262,20,,,0,100,,19263,20,,,0,100,,19264,20,,,0,100,,19265,20,,,0,100,,19266,20,,,0,100,,19267,20,,,0,104,,19268,20,,,0,95,,19269,20,,,0
1019,'1800',617,,19270,20,,,0,100,,19271,20,,,0,101,,19272,20,,,0,100,,19273,20,,,0,100,,19274,20,,,0,100,,19275,20,,,0,100,,19276,20,,,0,100,,19277,20,,,0,100,,19278,20,,,0,100,,19279,20,,,0,100,,19280,20,,,0,100,,19281,20,,,0,100,,19282,20,,,0,100,,19283,20,,,0,100,,19284,20,,,0,100,,19285,20,,,0,104,,19286,20,,,0,95,,19287,20,,,0
1019,'1817',617,,16535,20,,,0,100,,16536,20,,,0,101,,16537,20,,,0,100,,16538,20,,,0,100,,16539,20,,,0,100,,16540,20,,,0,100,,16541,20,,,0,100,,16542,20,,,0,100,,16543,20,,,0,100,,16544,20,,,0,100,,16545,20,,,0,100,,16546,20,,,0,100,,16547,20,,,0,100,,16548,20,,,0,100,,16549,20,,,0,100,,16550,20,,,0,104,,16551,20,,,0,95,,16552,20,,,0
1019,'1824',547,,16600,20,,,0,70,,16614,20,,,0,30,,16599,20,,,0,70,,16619,20,,,0,31,,16609,20,,,0,70,,16593,20,,,0,30,,16615,20,,,0,70,,16617,20,,,0,30,,16598,20,,,0,70,,16620,20,,,0,30,,16608,20,,,0,70,,16592,20,,,0,30,,16603,20,,,0,70,,16613,20,,,0,30,,16597,20,,,0,70,,16621,20,,,0,30,,16607,20,,,0,70,,16591,20,,,0,30,,16602,20,,,0,70,,16612,20,,,0,30,,16596,20,,,0,70,,16622,20,,,0,30,,16606,20,,,0,70,,16590,20,,,0,30,,16601,20,,,0,70,,16611,20,,,0,30,,16594,20,,,0,70,,16623,20,,,0,30,,16604,20,,,0,70,,16589,20,,,0,30,,16595,20,,,0,70,,16610,20,,,0,34,,16605,20,,,0,70,,16624,20,,,0,30,,16618,20,,,0,65,,16616,20,,,0
32019,'1796',634,,22046,20,,,0,66,,22062,20,,,0,32,,22041,20,,,0,70,,22057,20,,,0,30,,22067,20,,,0,70,,22051,20,,,0,29,,22049,20,,,0,70,,22061,20,,,0,30,,22039,20,,,0,70,,22055,20,,,0,30,,22066,20,,,0,70,,22053,20,,,0,30,,22048,20,,,0,70,,22060,20,,,0,30,,22042,20,,,0,70,,22054,20,,,0,30,,22065,20,,,0,70,,22052,20,,,0,31,,22045,20,,,0,70,,22059,20,,,0,31,,22038,20,,,0,70,,22056,20,,,0,29,,22064,20,,,0,70,,22050,20,,,0,29,,22047,20,,,0,70,,22058,20,,,0,29,,22043,20,,,0,100,,22063,20,,,0,99,,22044,20,,,0,100,,22040,20,,,0,95,,22073,20,0,5 2 8 7,0
32019,'1797',634,,22087,20,,,0,25,,22104,20,,,0,70,,22081,20,,,0,30,,22098,20,,,0,70,,22105,20,,,0,30,,22093,20,,,0,70,,22086,20,,,0,30,,22103,20,,,0,70,,22080,20,,,0,30,,22097,20,,,0,71,,22108,20,,,0,70,,22092,20,,,0,30,,22085,20,,,0,70,,22102,20,,,0,30,,22079,20,,,0,70,,22096,20,,,0,30,,22107,20,,,0,70,,22091,20,,,0,30,,22084,20,,,0,70,,22101,20,,,0,30,,22078,20,,,0,70,,22095,20,,,0,30,,22109,20,,,0,70,,22090,20,,,0,30,,22083,20,,,0,70,,22099,20,,,0,30,,22077,20,,,0,100,,22106,20,,,0,99,,22082,20,,,0,100,,22076,20,,,0,100,,22110,20,0,5 2 8 7,0
32019,'1798',634,,22113,20,,,0,95,,22114,20,,,0,100,,22115,20,,,0,100,,22116,20,,,0,100,,22117,20,,,0,101,,22118,20,,,0,100,,22119,20,,,0,100,,22120,20,,,0,100,,22121,20,,,0,100,,22122,20,,,0,100,,22123,20,,,0,100,,22124,20,,,0,100,,22125,20,,,0,100,,22126,20,,,0,100,,22127,20,,,0,99,,22128,20,,,0,100,,22129,20,,,0,95,,22131,20,0,5 2 8 7,0
32019,'1799',634,,22132,20,,,0,95,,22133,20,,,0,100,,22134,20,,,0,100,,22135,20,,,0,100,,22136,20,,,0,101,,22137,20,,,0,100,,22138,20,,,0,100,,22139,20,,,0,100,,22140,20,,,0,100,,22141,20,,,0,100,,22142,20,,,0,100,,22143,20,,,0,100,,22144,20,,,0,100,,22145,20,,,0,100,,22146,20,,,0,99,,22147,20,,,0,100,,22148,20,,,0,95,,22150,20,0,5 2 8 7,0
32019,'1800',634,,22151,20,,,0,95,,22152,20,,,0,100,,22153,20,,,0,100,,22154,20,,,0,100,,22155,20,,,0,101,,22156,20,,,0,100,,22157,20,,,0,100,,22158,20,,,0,100,,22159,20,,,0,100,,22160,20,,,0,100,,22161,20,,,0,100,,22162,20,,,0,100,,22163,20,,,0,100,,22164,20,,,0,100,,22165,20,,,0,99,,22166,20,,,0,100,,22167,20,,,0,95,,22169,20,0,5 2 8 7,0
32019,'1817',634,,17897,20,,,0,95,,17898,20,,,0,100,,17899,20,,,0,100,,17900,20,,,0,100,,17901,20,,,0,101,,17902,20,,,0,100,,17903,20,,,0,100,,17904,20,,,0,100,,17905,20,,,0,100,,17906,20,,,0,100,,17907,20,,,0,100,,17908,20,,,0,100,,17909,20,,,0,100,,17910,20,,,0,100,,17911,20,,,0,99,,17912,20,,,0,100,,17913,20,,,0,95,,17915,20,0,5 2 8 7,0
32019,'1824',634,,17965,20,,,0,25,,17982,20,,,0,70,,17959,20,,,0,30,,17976,20,,,0,70,,17983,20,,,0,30,,17971,20,,,0,70,,17964,20,,,0,30,,17981,20,,,0,70,,17958,20,,,0,30,,17975,20,,,0,71,,17986,20,,,0,70,,17970,20,,,0,30,,17963,20,,,0,70,,17980,20,,,0,30,,17957,20,,,0,70,,17974,20,,,0,30,,17985,20,,,0,70,,17969,20,,,0,30,,17962,20,,,0,70,,17979,20,,,0,30,,17956,20,,,0,70,,17973,20,,,0,30,,17987,20,,,0,70,,17968,20,,,0,30,,17961,20,,,0,70,,17977,20,,,0,30,,17955,20,,,0,100,,17984,20,,,0,99,,17960,20,,,0,100,,17954,20,,,0,100,,17988,20,0,5 2 8 7,0
