2019,'1796',503,,19443,25,0,5 2 13 14,0,136,,19412,34,,,0,70,,19413,34,,,0,29,,19414,34,,,0,71,,19415,34,,,0,30,,19416,34,,,0,70,,19417,34,,,0,30,,19418,34,,,0,70,,19419,34,,,0,30,,19420,34,,,0,70,,19421,34,,,0,30,,19422,34,,,0,70,,19423,34,,,0,30,,19424,34,,,0,70,,19425,34,,,0,30,,19426,34,,,0,70,,19427,34,,,0,30,,19428,34,,,0,70,,19429,34,,,0,30,,19430,34,,,0,71,,19431,34,,,0,30,,19432,34,,,0,69,,19433,34,,,0,30,,19434,34,,,0,70,,19435,34,,,0,30,,19436,34,,,0,70,,19442,34,,,0,30,,19437,34,,,0,100,,19438,34,,,0,100,,19439,34,,,0,100,,19440,34,,,0,100,,19441,34,,,0
2019,'1797',638,,19444,25,,,0,70,,19451,34,,,0,30,,19460,34,,,0,70,,19467,34,,,0,30,,19445,34,,,0,70,,19452,34,,,0,30,,19461,34,,,0,70,,19468,34,,,0,30,,19446,34,,,0,70,,19453,34,,,0,30,,19462,34,,,0,70,,19469,34,,,0,30,,19447,34,,,0,70,,19454,34,,,0,30,,19463,34,,,0,70,,19470,34,,,0,30,,19448,34,,,0,70,,19455,34,,,0,30,,19464,34,,,0,70,,19471,34,,,0,30,,19449,34,,,0,70,,19456,34,,,0,30,,19465,34,,,0,70,,19472,34,,,0,30,,19450,34,,,0,70,,19457,34,,,0,30,,19466,34,,,0,100,,19458,34,,,0,100,,19473,34,,,0,100,,19459,34,,,0,98,,19474,34,,,0
2019,'1798',707,,19502,34,,,0,30,,19479,34,,,0,70,,19483,34,,,0,30,,19495,34,,,0,71,,19490,34,,,0,30,,19480,34,,,0,70,,19484,34,,,0,30,,19496,34,,,0,70,,19491,34,,,0,30,,19481,34,,,0,70,,19485,34,,,0,30,,19497,34,,,0,70,,19492,34,,,0,30,,19482,34,,,0,70,,19486,34,,,0,30,,19498,34,,,0,70,,19493,34,,,0,30,,19477,34,,,0,70,,19487,34,,,0,30,,19499,34,,,0,70,,19494,34,,,0,30,,19475,34,,,0,70,,19488,34,,,0,30,,19500,34,,,0,100,,19476,34,,,0,100,,19501,34,,,0,100,,19478,34,,,0,100,,19489,34,,,0,99,,19503,34,,,0
2019,'1799',707,,19531,34,,,0,30,,19508,34,,,0,70,,19512,34,,,0,30,,19524,34,,,0,71,,19519,34,,,0,30,,19509,34,,,0,70,,19513,34,,,0,30,,19525,34,,,0,70,,19520,34,,,0,30,,19510,34,,,0,70,,19514,34,,,0,30,,19526,34,,,0,70,,19521,34,,,0,30,,19511,34,,,0,70,,19515,34,,,0,30,,19527,34,,,0,70,,19522,34,,,0,30,,19506,34,,,0,70,,19516,34,,,0,30,,19528,34,,,0,70,,19523,34,,,0,30,,19504,34,,,0,70,,19517,34,,,0,30,,19529,34,,,0,100,,19505,34,,,0,100,,19530,34,,,0,100,,19507,34,,,0,100,,19518,34,,,0,99,,19532,34,,,0
2019,'1800',707,,19560,34,,,0,30,,19537,34,,,0,70,,19541,34,,,0,30,,19553,34,,,0,71,,19548,34,,,0,30,,19538,34,,,0,70,,19542,34,,,0,30,,19554,34,,,0,70,,19549,34,,,0,30,,19539,34,,,0,70,,19543,34,,,0,30,,19555,34,,,0,70,,19550,34,,,0,30,,19540,34,,,0,70,,19544,34,,,0,30,,19556,34,,,0,70,,19551,34,,,0,30,,19535,34,,,0,70,,19545,34,,,0,30,,19557,34,,,0,70,,19552,34,,,0,30,,19533,34,,,0,70,,19546,34,,,0,30,,19558,34,,,0,100,,19534,34,,,0,100,,19559,34,,,0,100,,19536,34,,,0,100,,19547,34,,,0,99,,19561,34,,,0
2019,'1816',638,,5782,25,,,0,70,,5789,34,,,0,30,,5798,34,,,0,70,,5805,34,,,0,30,,5783,34,,,0,70,,5790,34,,,0,30,,5799,34,,,0,70,,5806,34,,,0,30,,5784,34,,,0,70,,5791,34,,,0,30,,5800,34,,,0,70,,5807,34,,,0,30,,5785,34,,,0,70,,5792,34,,,0,30,,5801,34,,,0,70,,5808,34,,,0,30,,5786,34,,,0,70,,5793,34,,,0,30,,5802,34,,,0,70,,5809,34,,,0,30,,5787,34,,,0,70,,5794,34,,,0,30,,5803,34,,,0,70,,5810,34,,,0,30,,5788,34,,,0,70,,5795,34,,,0,30,,5804,34,,,0,100,,5796,34,,,0,100,,5811,34,,,0,100,,5797,34,,,0,98,,5812,34,,,0
2019,'1817',707,,9439,34,,,0,30,,9416,34,,,0,70,,9420,34,,,0,30,,9432,34,,,0,71,,9427,34,,,0,30,,9417,34,,,0,70,,9421,34,,,0,30,,9433,34,,,0,70,,9428,34,,,0,30,,9418,34,,,0,70,,9422,34,,,0,30,,9434,34,,,0,70,,9429,34,,,0,30,,9419,34,,,0,70,,9423,34,,,0,30,,9435,34,,,0,70,,9430,34,,,0,30,,9414,34,,,0,70,,9424,34,,,0,30,,9436,34,,,0,70,,9431,34,,,0,30,,9412,34,,,0,70,,9425,34,,,0,30,,9437,34,,,0,100,,9413,34,,,0,100,,9438,34,,,0,100,,9415,34,,,0,100,,9426,34,,,0,99,,9440,34,,,0
14000001019,'1796',2431,,24895,41,,,0,70,,24892,41,,,0,30,,24893,41,,,0,70,,24894,41,,,0,30,,24891,41,,,0
14000001019,'1797',2431,,24900,41,,,0,70,,24896,41,,,0,30,,24899,41,,,0,70,,24898,41,,,0,30,,24897,41,,,0
14000001019,'1798',2431,,24904,41,,,0,70,,24903,41,,,0,30,,24901,41,,,0,70,,24905,41,,,0,30,,24902,41,,,0
14000001019,'1799',2431,,24909,41,,,0,70,,24908,41,,,0,30,,24906,41,,,0,70,,24910,41,,,0,30,,24907,41,,,0
14000001019,'1800',2431,,24914,41,,,0,70,,24913,41,,,0,30,,24911,41,,,0,70,,24915,41,,,0,30,,24912,41,,,0
14000001019,'1816',2531,,9276,41,,,0
14000001019,'1817',2431,,19136,41,,,0,70,,19135,41,,,0,30,,13721,41,,,0,70,,19137,41,,,0,30,,19134,41,,,0
14000001019,'1824',2431,,19145,41,,,0,70,,19142,41,,,0,100,,19144,41,,,0,30,,19143,41,,,0
