4029,'1817',734,,16827,14,,,0,70,,16829,14,,,0,30,,16825,14,,,0,70,,16828,14,,,0,30,,16826,14,,,0,70,,16818,14,,,0,29,,16821,14,,,0,70,,16806,14,,,0,30,,16811,14,,,0,70,,16814,14,,,0,30,,16817,14,,,0,70,,16819,14,,,0,30,,16807,14,,,0,70,,16810,14,,,0,30,,16813,14,,,0,70,,16816,14,,,0,30,,16820,14,,,0,70,,16808,14,,,0,30,,16809,14,,,0,70,,16812,14,,,0,30,,16815,14,,,0,70,,16833,14,,,0,30,,16832,14,,,0,71,,16834,14,,,0,30,,16831,14,,,0,70,,16824,14,,,0,30,,16830,14,,,0,70,,16822,14,,,0,100,,16823,14,,,0
4029,'1823',634,,16835,14,,,0,70,,16836,14,,,0,33,,16837,14,,,0,65,,16838,14,,,0,36,,16839,14,,,0,64,,16840,14,,,0,31,,16841,14,,,0,70,,16842,14,,,0,30,,16843,14,,,0,70,,16844,14,,,0,30,,16845,14,,,0,71,,16846,14,,,0,30,,16847,14,,,0,70,,16848,14,,,0,30,,16849,14,,,0,70,,16850,14,,,0,30,,16851,14,,,0,75,,16852,14,,,0,25,,16853,14,,,0,76,,16854,14,,,0,24,,16855,14,,,0,76,,16856,14,,,0,24,,16857,14,,,0,76,,16858,14,,,0,26,,16859,14,,,0,71,,16860,14,,,0,29,,16861,14,,,0,70,,16862,14,,,0,28,,16863,14,,,0,70,,16864,14,,,0,30,,16865,14,,,0,70,,16866,14,,,0
4029,'1824',636,,16891,14,,,0,68,,16892,14,,,0,30,,16893,14,,,0,70,,16894,14,,,0,30,,16895,14,,,0,70,,16896,14,,,0,30,,16897,14,,,0,70,,16884,14,,,0,31,,16878,14,,,0,69,,16871,14,,,0,30,,16882,14,,,0,69,,16888,14,,,0,30,,16883,14,,,0,70,,16870,14,,,0,30,,16875,14,,,0,70,,16886,14,,,0,30,,16869,14,,,0,70,,16885,14,,,0,30,,16880,14,,,0,70,,16872,14,,,0,30,,16867,14,,,0,70,,16887,14,,,0,30,,16890,14,,,0,70,,16881,14,,,0,30,,16876,14,,,0,69,,16898,14,,,0,35,,16873,14,,,0,70,,16868,14,,,0,27,,16874,14,,,0,70,,16879,14,,,0,30,,16889,14,,,0,70,,16877,14,,,0
16019,'1816',632,,10757,23,,,0,70,,10842,23,,,0,30,,10759,23,,,0,70,,10748,23,,,0,31,,10843,23,,,0,70,,10744,23,,,0,30,,10743,23,,,0,70,,10836,23,,,0,30,,10749,23,,,0,70,,10756,23,,,0,30,,10841,23,,,0,70,,10758,23,,,0,30,,10745,23,,,0,70,,10844,23,,,0,30,,10742,23,,,0,70,,10750,23,,,0,31,,10840,23,,,0,70,,10752,23,,,0,30,,10753,23,,,0,70,,10837,23,,,0,30,,10747,23,,,0,70,,10754,23,,,0,29,,10838,23,,,0,70,,10746,23,,,0,30,,10751,23,,,0,70,,10845,23,,,0,30,,10755,23,,,0,69,,10760,23,,,0,30,,10839,23,,,0,70,,10761,23,,,0,100,,10846,23,,,0,30,,10741,23,,,0
16019,'1817',802,,17481,23,,,0,101,,17484,23,,,0,100,,17492,23,,,0,100,,17491,23,,,0,100,,17482,23,,,0,100,,17485,23,,,0,100,,17486,23,,,0,101,,17489,23,,,0,100,,17488,23,,,0,100,,17483,23,,,0,99,,17490,23,,,0,100,,10774,23,,,0,99,,17487,23,,,0,100,,10768,23,,,0,100,,17493,23,,,0
16019,'1820',634,,10807,23,,,0,171,,10810,23,,,0,30,,10811,23,,,0,69,,14643,23,,,0,30,,14644,23,,,0,70,,10814,23,,,0,30,,10815,23,,,0,70,,14645,23,,,0,30,,14646,23,,,0,70,,10818,23,,,0,30,,14647,23,,,0,71,,10820,23,,,0,30,,14648,23,,,0,70,,14649,23,,,0,30,,10823,23,,,0,70,,10824,23,,,0,30,,10825,23,,,0,70,,14650,23,,,0,30,,14651,23,,,0,69,,14652,23,,,0,30,,14653,23,,,0,70,,10830,23,,,0,30,,10762,23,,,0,70,,14654,23,,,0,30,,14655,23,,,0,70,,10833,23,,,0,100,,14656,23,,,0,29,,10804,23,,,0,100,,14642,23,,,0
16019,'1821',704,,10808,23,,,0,31,,10809,23,,,0,1299,,10834,23,,,0,169,,10805,23,,,0
16019,'1823',634,,17496,23,,,0,171,,17497,23,,,0,30,,17498,23,,,0,69,,17499,23,,,0,30,,17500,23,,,0,70,,17501,23,,,0,30,,17502,23,,,0,70,,17503,23,,,0,30,,17504,23,,,0,70,,17505,23,,,0,30,,17506,23,,,0,71,,17507,23,,,0,30,,17508,23,,,0,70,,17509,23,,,0,30,,17510,23,,,0,70,,17511,23,,,0,30,,17512,23,,,0,70,,17513,23,,,0,30,,17514,23,,,0,69,,17515,23,,,0,30,,17516,23,,,0,70,,17517,23,,,0,30,,17518,23,,,0,70,,17519,23,,,0,30,,17520,23,,,0,70,,17521,23,,,0,100,,17522,23,,,0,29,,17494,23,,,0,100,,17495,23,,,0
31019,'1817',558,,17821,4,,,0,90,,17804,16,,,0,100,,17805,16,,,0,101,,17806,16,,,0,100,,17807,16,,,0,100,,17808,16,,,0,100,,17809,16,,,0,100,,17810,16,,,0,100,,17811,16,,,0,100,,17812,16,,,0,100,,17813,16,,,0,100,,17814,16,,,0,100,,17815,16,,,0,100,,17816,16,,,0,100,,17817,16,,,0,100,,17818,16,,,0,99,,17819,16,,,0,100,,17820,16,,,0
31019,'1820',558,,15013,4,,,0,66,,15012,4,,,0,25,,11504,16,,,0,71,,11519,16,,,0,29,,15011,16,,,0,70,,15001,16,,,0,30,,11512,16,,,0,69,,15005,16,,,0,30,,11507,16,,,0,72,,15003,16,,,0,28,,15010,16,,,0,70,,11518,16,,,0,30,,11513,16,,,0,70,,11524,16,,,0,30,,14999,16,,,0,70,,15004,16,,,0,30,,15009,16,,,0,70,,15002,16,,,0,30,,11510,16,,,0,71,,11484,16,,,0,30,,11508,16,,,0,70,,11522,16,,,0,30,,15008,16,,,0,69,,11517,16,,,0,30,,11511,16,,,0,71,,11523,16,,,0,30,,14998,16,,,0,70,,11539,16,,,0,30,,15007,16,,,0,100,,11514,16,,,0,100,,15000,16,,,0,100,,15006,16,,,0
31019,'1823',558,,17858,4,,,0,66,,17853,4,,,0,25,,17823,16,,,0,71,,17838,16,,,0,29,,17851,16,,,0,70,,17834,16,,,0,30,,17831,16,,,0,69,,17845,16,,,0,30,,17826,16,,,0,72,,17839,16,,,0,28,,17850,16,,,0,70,,17837,16,,,0,30,,17832,16,,,0,70,,17844,16,,,0,30,,17825,16,,,0,70,,17840,16,,,0,30,,17849,16,,,0,70,,17835,16,,,0,30,,17829,16,,,0,71,,17843,16,,,0,30,,17827,16,,,0,70,,17841,16,,,0,30,,17848,16,,,0,69,,17836,16,,,0,30,,17830,16,,,0,71,,17842,16,,,0,30,,17824,16,,,0,70,,17859,16,,,0,30,,17847,16,,,0,100,,17833,16,,,0,100,,17828,16,,,0,100,,17846,16,,,0
31019,'1824',558,,17895,4,,,0,66,,17888,4,,,0,24,,17865,16,,,0,70,,17881,16,,,0,30,,17894,16,,,0,71,,17877,16,,,0,30,,17871,16,,,0,70,,17887,16,,,0,30,,17864,16,,,0,70,,17880,16,,,0,30,,17889,16,,,0,70,,17876,16,,,0,30,,17870,16,,,0,70,,17886,16,,,0,30,,17863,16,,,0,70,,17879,16,,,0,30,,17892,16,,,0,70,,17875,16,,,0,30,,17869,16,,,0,70,,17885,16,,,0,30,,17862,16,,,0,70,,17878,16,,,0,30,,17891,16,,,0,70,,17874,16,,,0,30,,17868,16,,,0,70,,17884,16,,,0,30,,17861,16,,,0,70,,17896,16,,,0,30,,17890,16,,,0,100,,17867,16,,,0,99,,17860,16,,,0,100,,17893,16,,,0
501019,'1817',618,,18006,9,,,0,30,,18020,9,,,0,67,,18005,9,,,0,30,,18019,9,,,0,70,,18008,9,,,0,31,,18021,9,,,0,70,,18009,9,,,0,30,,18018,9,,,0,72,,17997,9,,,0,30,,18010,9,,,0,71,,17996,9,,,0,30,,18011,9,,,0,70,,17999,9,,,0,30,,18012,9,,,0,70,,17995,9,,,0,30,,18017,9,,,0,70,,17994,9,,,0,30,,18016,9,,,0,70,,17993,9,,,0,30,,18013,9,,,0,70,,17992,9,,,0,30,,18015,9,,,0,70,,17998,9,,,0,30,,18014,9,,,0,69,,18007,9,,,0,30,,18022,9,,,0,69,,18004,9,,,0,30,,18025,9,,,0,69,,18003,9,,,0,30,,17991,9,,,0,70,,18002,9,,,0,30,,18023,9,,,0,68,,18001,9,,,0,30,,18024,9,,,0,70,,18000,9,,,0
501019,'1823',523,,18026,3,,,0,92,,18027,9,,,0,30,,18028,9,,,0,75,,18029,9,,,0,26,,18030,9,,,0,64,,18031,9,,,0,12,,18032,9,,,0,24,,18033,9,,,0,62,,18034,9,,,0,11,,18035,9,,,0,30,,18036,9,,,0,70,,18037,9,,,0,30,,18038,9,,,0,71,,18039,9,,,0,30,,18040,9,,,0,70,,18041,9,,,0,30,,18042,9,,,0,70,,18043,9,,,0,30,,18044,9,,,0,70,,18045,9,,,0,26,,18046,9,,,0,12,,18047,9,,,0,62,,18048,9,,,0,24,,18049,9,,,0,12,,18050,9,,,0,64,,18051,9,,,0,24,,18052,9,,,0,12,,18053,9,,,0,63,,18054,9,,,0,23,,18055,9,,,0,12,,18056,9,,,0,66,,18057,9,,,0,28,,18058,9,,,0,70,,18059,9,,,0,29,,18060,9,,,0,70,,18061,9,,,0,30,,18062,9,,,0,68,,18063,9,,,0,30,,18064,9,,,0,69,,18065,9,,,0,30,,18066,9,,,0,70,,18067,9,,,0
501019,'1824',618,,18077,9,,,0,30,,18080,9,,,0,67,,18076,9,,,0,30,,18079,9,,,0,70,,18075,9,,,0,31,,18081,9,,,0,70,,18074,9,,,0,30,,18078,9,,,0,72,,18087,9,,,0,30,,18097,9,,,0,71,,18088,9,,,0,30,,18098,9,,,0,70,,18089,9,,,0,30,,18099,9,,,0,70,,18090,9,,,0,30,,18100,9,,,0,70,,18091,9,,,0,31,,18101,9,,,0,70,,18092,9,,,0,30,,18102,9,,,0,70,,18093,9,,,0,30,,18095,9,,,0,70,,18094,9,,,0,30,,18096,9,,,0,70,,18073,9,,,0,28,,18086,9,,,0,70,,18072,9,,,0,30,,18084,9,,,0,67,,18071,9,,,0,30,,18085,9,,,0,70,,18070,9,,,0,30,,18082,9,,,0,69,,18069,9,,,0,30,,18083,9,,,0,70,,18068,9,,,0
