16019,'1799',949,,21266,8,,,0,701,,21255,8,,,0,399,,21258,8,,,0
16019,'1800',749,,25891,8,,,0,100,,25893,8,,,0,100,,21281,8,,,0,100,,25901,8,,,0,100,,25892,8,,,0,100,,25894,8,,,0,100,,25895,8,,,0,101,,25898,8,,,0,100,,25897,8,,,0,100,,21270,8,,,0,99,,25899,8,,,0,100,,25900,8,,,0,100,,25896,8,,,0,100,,21273,8,,,0,100,,25902,8,,,0
16019,'1829',620,,21176,8,,,0,30,,21177,8,,,0,70,,21178,8,,,0,30,,21179,8,,,0,70,,21180,8,,,0,30,,21181,8,,,0,70,,21182,8,,,0,100,,21184,8,,,0,30,,21185,8,,,0,170,,21188,8,,,0,30,,21189,8,,,0,70,,21190,8,,,0,30,,21191,8,,,0,70,,21192,8,,,0,30,,21193,8,,,0,70,,21194,8,,,0,30,,21195,8,,,0,70,,21196,8,,,0,230,,21201,8,,,0,70,,21202,8,,,0,130,,21205,8,,,0,170,,21175,8,,,0
16019,'1831',619,,21229,8,,,0,30,,21225,8,,,0,70,,21233,8,,,0,30,,21217,8,,,0,70,,21231,8,,,0,30,,21212,8,,,0,70,,21210,8,,,0,30,,21207,8,,,0,70,,21218,8,,,0,30,,21228,8,,,0,70,,21222,8,,,0,30,,21230,8,,,0,70,,21214,8,,,0,30,,21232,8,,,0,70,,21209,8,,,0,30,,21220,8,,,0,71,,21219,8,,,0,30,,21223,8,,,0,70,,21224,8,,,0,30,,21208,8,,,0,70,,21216,8,,,0,30,,21226,8,,,0,69,,21211,8,,,0,30,,21215,8,,,0,70,,21221,8,,,0,30,,21235,8,,,0,70,,21227,8,,,0,30,,21234,8,,,0,70,,21213,8,,,0,30,,21237,8,,,0,100,,21236,8,,,0,70,,21206,8,,,0
16019,'1832',749,,21238,8,,,0,100,,21241,8,,,0,200,,21250,8,,,0,100,,21239,8,,,0,100,,21242,8,,,0,100,,21244,8,,,0,101,,21247,8,,,0,100,,21246,8,,,0,199,,21248,8,,,0,100,,21249,8,,,0,100,,21245,8,,,0,200,,21252,8,,,0
16019,'1833',949,,21251,8,,,0,701,,21240,8,,,0,399,,21243,8,,,0
16019,'1834',749,,21253,8,,,0,100,,21256,8,,,0,200,,21265,8,,,0,100,,21254,8,,,0,100,,21257,8,,,0,100,,21259,8,,,0,101,,21262,8,,,0,100,,21261,8,,,0,199,,21263,8,,,0,100,,21264,8,,,0,100,,21260,8,,,0,200,,21267,8,,,0
16019,'1835',950,,25905,8,,,0,170,,25906,8,,,0,30,,25907,8,,,0,500,,25908,8,,,0,70,,25909,8,,,0,30,,25910,8,,,0,70,,25911,8,,,0,130,,25912,8,,,0,70,,25913,8,,,0,100,,25903,8,,,0,30,,25904,8,,,0
16019,'1837',749,,25914,8,,,0,100,,25916,8,,,0,200,,25924,8,,,0,100,,25915,8,,,0,100,,25917,8,,,0,100,,25918,8,,,0,101,,25921,8,,,0,100,,25920,8,,,0,199,,25922,8,,,0,100,,25923,8,,,0,100,,25919,8,,,0,200,,25925,8,,,0
16019,'1838',749,,25926,8,,,0,100,,25928,8,,,0,200,,25936,8,,,0,100,,25927,8,,,0,100,,25929,8,,,0,100,,25930,8,,,0,101,,25933,8,,,0,100,,25932,8,,,0,199,,25934,8,,,0,100,,25935,8,,,0,100,,25931,8,,,0,200,,25937,8,,,0
