1029,'1838',616,,34957,35,,,0,100,,34958,35,,,0,100,,34959,35,,,0,100,,34960,35,,,0,100,,34961,35,,,0,100,,34962,35,,,0,100,,34963,35,,,0,100,,34964,35,,,0,100,,34965,35,,,0,100,,34966,35,,,0,100,,34967,35,,,0,100,,34968,35,,,0,100,,34969,35,,,0,100,,34970,35,,,0,100,,34971,35,,,0,100,,34972,35,,,0,100,,34973,35,,,0,95,,34974,35,,,0
1029,'1865',616,,42119,35,,,0,30,,42120,35,,,0,70,,42140,35,,,0,30,,42116,35,,,0,70,,43985,35,,,0,30,,42144,35,,,0,70,,42114,35,,,0,30,,43987,35,,,0,70,,42139,35,,,0,30,,42118,35,,,0,70,,42110,35,,,0,30,,42143,35,,,0,70,,42115,35,,,0,30,,43988,35,,,0,70,,42138,35,,,0,30,,42117,35,,,0,70,,43986,35,,,0,30,,42141,35,,,0,70,,42113,35,,,0,30,,43989,35,,,0,70,,42137,35,,,0,30,,42126,35,,,0,70,,42125,35,,,0,30,,42124,35,,,0,70,,42130,35,,,0,30,,43990,35,,,0,70,,42128,35,,,0,30,,42127,35,,,0,70,,42142,35,,,0,30,,42136,35,,,0,70,,42135,35,,,0,30,,42134,35,,,0,70,,42133,35,,,0,30,,42132,35,,,0,65,,42131,35,,,0
1029,'1866',616,,35049,35,,,0,30,,35061,35,,,0,70,,35068,35,,,0,30,,35056,35,,,0,70,,35077,35,,,0,30,,35065,35,,,0,69,,35048,35,,,0,31,,35060,35,,,0,70,,35071,35,,,0,30,,35055,35,,,0,70,,35078,35,,,0,30,,35064,35,,,0,70,,35047,35,,,0,30,,35059,35,,,0,70,,35070,35,,,0,30,,35054,35,,,0,70,,35050,35,,,0,30,,35063,35,,,0,70,,35046,35,,,0,30,,35058,35,,,0,70,,35066,35,,,0,30,,35053,35,,,0,70,,35075,35,,,0,30,,35062,35,,,0,70,,35045,35,,,0,30,,35057,35,,,0,70,,35069,35,,,0,30,,35051,35,,,0,70,,35073,35,,,0,30,,35072,35,,,0,70,,35044,35,,,0,30,,35052,35,,,0,70,,35067,35,,,0,30,,35076,35,,,0,65,,35074,35,,,0
1029,'1867',616,,35079,35,,,0,100,,35080,35,,,0,100,,35081,35,,,0,100,,35082,35,,,0,100,,35083,35,,,0,100,,35084,35,,,0,100,,35085,35,,,0,100,,35086,35,,,0,100,,35087,35,,,0,100,,35088,35,,,0,100,,35089,35,,,0,100,,35090,35,,,0,100,,35091,35,,,0,100,,35092,35,,,0,100,,35093,35,,,0,100,,35094,35,,,0,100,,35095,35,,,0,95,,35096,35,,,0
1029,'1873',616,,28498,35,,,0,30,,28510,35,,,0,70,,28517,35,,,0,30,,28505,35,,,0,70,,28526,35,,,0,30,,28514,35,,,0,69,,28497,35,,,0,31,,28509,35,,,0,70,,28520,35,,,0,30,,28504,35,,,0,70,,28527,35,,,0,30,,28513,35,,,0,70,,28496,35,,,0,30,,28508,35,,,0,70,,28519,35,,,0,30,,28503,35,,,0,70,,28499,35,,,0,30,,28512,35,,,0,70,,28495,35,,,0,30,,28507,35,,,0,70,,28515,35,,,0,30,,28502,35,,,0,70,,28524,35,,,0,30,,28511,35,,,0,70,,28494,35,,,0,30,,28506,35,,,0,70,,28518,35,,,0,30,,28500,35,,,0,70,,28522,35,,,0,30,,28521,35,,,0,70,,28493,35,,,0,30,,28501,35,,,0,70,,28516,35,,,0,30,,28525,35,,,0,65,,28523,35,,,0
1029,'1878',616,,28528,35,,,0,100,,28529,35,,,0,100,,28530,35,,,0,100,,28531,35,,,0,100,,28532,35,,,0,100,,28533,35,,,0,100,,28534,35,,,0,100,,28535,35,,,0,100,,28536,35,,,0,100,,28537,35,,,0,100,,28538,35,,,0,100,,28539,35,,,0,100,,28540,35,,,0,100,,28541,35,,,0,100,,28542,35,,,0,100,,28543,35,,,0,100,,28544,35,,,0,95,,28545,35,,,0
1029,'1881',816,,42146,35,,,0,130,,42156,35,,,0,300,,42157,35,,,0,170,,42147,35,,,0,130,,42158,35,,,0,300,,42164,35,,,0
1029,'1882',616,,42154,35,,,0,30,,42155,35,,,0,70,,42175,35,,,0,30,,42151,35,,,0,100,,42179,35,,,0,70,,42149,35,,,0,100,,42174,35,,,0,30,,42153,35,,,0,70,,42145,35,,,0,30,,42178,35,,,0,70,,42150,35,,,0,100,,42173,35,,,0,30,,42152,35,,,0,100,,42176,35,,,0,70,,42148,35,,,0,100,,42172,35,,,0,30,,42161,35,,,0,70,,42160,35,,,0,30,,42159,35,,,0,70,,42165,35,,,0,100,,42163,35,,,0,30,,42162,35,,,0,70,,42177,35,,,0,30,,42171,35,,,0,70,,42170,35,,,0,30,,42169,35,,,0,70,,42168,35,,,0,30,,42167,35,,,0,65,,42166,35,,,0
1029,'1886',816,,43991,35,,,0,130,,43993,35,,,0,300,,43994,35,,,0,170,,43992,35,,,0,130,,43995,35,,,0,300,,43996,35,,,0
2029,'1838',631,,35220,32,,,0,70,,35228,32,,,0,30,,35239,32,,,0,70,,35234,32,,,0,30,,35221,32,,,0,70,,35229,32,,,0,30,,35240,32,,,0,70,,35235,32,,,0,30,,35222,32,,,0,70,,35230,32,,,0,30,,35241,32,,,0,70,,35236,32,,,0,30,,35223,32,,,0,70,,35231,32,,,0,30,,35242,32,,,0,70,,35237,32,,,0,30,,35224,32,,,0,70,,35232,32,,,0,30,,35243,32,,,0,70,,35238,32,,,0,30,,35225,32,,,0,70,,35233,32,,,0,30,,35244,32,,,0,100,,35226,32,,,0,100,,35245,32,,,0,100,,35227,32,,,0,100,,35246,32,,,0,100,,35219,32,,,0
2029,'1865',534,,35277,17,,,0,67,,35251,32,,,0,30,,35252,32,,,0,70,,35253,32,,,0,30,,35254,32,,,0,70,,35255,32,,,0,30,,35256,32,,,0,70,,35257,32,,,0,30,,35258,32,,,0,70,,35259,32,,,0,30,,35260,32,,,0,70,,35261,32,,,0,30,,35262,32,,,0,70,,35263,32,,,0,30,,35264,32,,,0,70,,35265,32,,,0,30,,35266,32,,,0,70,,35267,32,,,0,30,,35268,32,,,0,70,,35269,32,,,0,30,,35270,32,,,0,70,,35271,32,,,0,30,,35272,32,,,0,70,,35273,32,,,0,30,,35274,32,,,0,70,,35275,32,,,0,30,,35276,32,,,0,70,,35280,32,,,0,30,,35281,32,,,0,100,,35282,32,,,0,100,,35283,32,,,0,100,,35279,32,,,0
2029,'1866',601,,35317,32,0,5 2 15 16 17,0,30,,35300,32,,,0,70,,35307,32,,,0,30,,35286,32,,,0,70,,35292,32,,,0,30,,35301,32,,,0,70,,35308,32,,,0,30,,35287,32,,,0,70,,35293,32,,,0,30,,35302,32,,,0,70,,35309,32,,,0,30,,35288,32,,,0,70,,35294,32,,,0,30,,35303,32,,,0,70,,35310,32,,,0,30,,35289,32,,,0,70,,35295,32,,,0,30,,35304,32,,,0,70,,35311,32,,,0,30,,35290,32,,,0,70,,35296,32,,,0,30,,35305,32,,,0,70,,35312,32,,,0,30,,35291,32,,,0,70,,35297,32,,,0,30,,35306,32,,,0,70,,35313,32,,,0,30,,35298,32,,,0,100,,35314,32,,,0,100,,35299,32,,,0,100,,35315,32,,,0
2029,'1867',631,,35321,32,,,0,70,,35329,32,,,0,30,,35340,32,,,0,70,,35335,32,,,0,30,,35322,32,,,0,70,,35330,32,,,0,30,,35341,32,,,0,70,,35336,32,,,0,30,,35323,32,,,0,70,,35331,32,,,0,30,,35342,32,,,0,70,,35337,32,,,0,30,,35324,32,,,0,70,,35332,32,,,0,30,,35343,32,,,0,70,,35338,32,,,0,30,,35325,32,,,0,70,,35333,32,,,0,30,,35344,32,,,0,70,,35339,32,,,0,30,,35326,32,,,0,70,,35334,32,,,0,30,,35345,32,,,0,100,,35327,32,,,0,100,,35346,32,,,0,100,,35328,32,,,0,100,,35347,32,,,0,100,,35320,32,,,0
2029,'1873',601,,19628,32,0,5 2 15 16 17,0,30,,19611,32,,,0,70,,19618,32,,,0,30,,19597,32,,,0,70,,19603,32,,,0,30,,19612,32,,,0,70,,19619,32,,,0,30,,19598,32,,,0,70,,19604,32,,,0,30,,19613,32,,,0,70,,19620,32,,,0,30,,19599,32,,,0,70,,19605,32,,,0,30,,19614,32,,,0,70,,19621,32,,,0,30,,19600,32,,,0,70,,19606,32,,,0,30,,19615,32,,,0,70,,19622,32,,,0,30,,19601,32,,,0,70,,19607,32,,,0,30,,19616,32,,,0,70,,19623,32,,,0,30,,19602,32,,,0,70,,19608,32,,,0,30,,19617,32,,,0,70,,19624,32,,,0,30,,19609,32,,,0,100,,19625,32,,,0,100,,19610,32,,,0,100,,19626,32,,,0
2029,'1878',631,,19632,32,,,0,70,,19640,32,,,0,30,,19651,32,,,0,70,,19646,32,,,0,30,,19633,32,,,0,70,,19641,32,,,0,30,,19652,32,,,0,70,,19647,32,,,0,30,,19634,32,,,0,70,,19642,32,,,0,30,,19653,32,,,0,70,,19648,32,,,0,30,,19635,32,,,0,70,,19643,32,,,0,30,,19654,32,,,0,70,,19649,32,,,0,30,,19636,32,,,0,70,,19644,32,,,0,30,,19655,32,,,0,70,,19650,32,,,0,30,,19637,32,,,0,70,,19645,32,,,0,30,,19656,32,,,0,100,,19638,32,,,0,100,,19657,32,,,0,100,,19639,32,,,0,100,,19658,32,,,0,100,,19631,32,,,0
2029,'1882',534,,19588,17,,,0,67,,19562,32,,,0,30,,19563,32,,,0,70,,19564,32,,,0,30,,19565,32,,,0,70,,19566,32,,,0,30,,19567,32,,,0,70,,19568,32,,,0,30,,19569,32,,,0,70,,19570,32,,,0,30,,19571,32,,,0,70,,19572,32,,,0,30,,19573,32,,,0,70,,19574,32,,,0,30,,19575,32,,,0,70,,19576,32,,,0,30,,19577,32,,,0,70,,19578,32,,,0,30,,19579,32,,,0,70,,19580,32,,,0,30,,19581,32,,,0,70,,19582,32,,,0,30,,19583,32,,,0,70,,19584,32,,,0,30,,19585,32,,,0,70,,19586,32,,,0,30,,19587,32,,,0,70,,19591,32,,,0,30,,19592,32,,,0,100,,19593,32,,,0,100,,19594,32,,,0,100,,19590,32,,,0
14000001029,'1838',540,,48495,16,0,18 7,0,1813,,48491,16,,,0,70,,42005,16,,,0,30,,48494,16,,,0,70,,48493,16,,,0,30,,42004,16,,,0,70,,48492,16,,,0
14000001029,'1865',439,,42016,16,0,18 7,0,102,,48496,16,0,18 7,0,1812,,48498,16,,,0,70,,42020,16,,,0,30,,48500,16,,,0,70,,48497,16,,,0,30,,42021,16,,,0,70,,48499,16,,,0
14000001029,'1866',540,,42028,16,0,18 7,0,1813,,48504,16,,,0,70,,42025,16,,,0,30,,48501,16,,,0,70,,48502,16,,,0,30,,42029,16,,,0,70,,48503,16,,,0
14000001029,'1867',540,,48509,16,0,18 7,0,1813,,48505,16,,,0,70,,42035,16,,,0,30,,48508,16,,,0,70,,48507,16,,,0,30,,42034,16,,,0,70,,48506,16,,,0
14000001029,'1873',540,,34793,16,0,18 7,0,1883,,24925,16,,,0,130,,24929,16,,,0
14000001029,'1878',2423,,24935,16,,,0,130,,24934,16,,,0
14000001029,'1881',541,,43968,16,0,18 7,0,1812,,43970,16,,,0,100,,42015,16,,,0,70,,43969,16,,,0,100,,42014,16,,,0
14000001029,'1882',439,,34808,16,0,18 7,0,1984,,24920,16,,,0,130,,24921,16,,,0
14000001029,'1886',541,,48510,16,0,18 7,0,1812,,48512,16,,,0,100,,48514,16,,,0,70,,48511,16,,,0,100,,48513,16,,,0
14000001029,'1887',2353,,48518,16,,,0,100,,48515,16,,,0,70,,48516,16,,,0,100,,48517,16,,,0
14000001029,'1888',540,,48523,16,0,18 7,0,1813,,48519,16,,,0,100,,48522,16,,,0,70,,48521,16,,,0,100,,48520,16,,,0
