15029,'1838',748,,36977,73,,,0,98,,45082,73,,,0,102,,36974,73,,,0,100,,36975,73,,,0,103,,45083,73,,,0,100,,36972,73,,,0,100,,36969,73,,,0,102,,45081,73,,,0,100,,36971,73,,,0,98,,36968,73,,,0,99,,45080,73,,,0,99,,36966,73,,,0,99,,36967,73,,,0,100,,45079,73,,,0
15029,'1865',626,,45084,33,,,0,20,,45085,33,,,0,71,,36995,73,,,0,32,,36996,73,,,0,74,,36997,73,,,0,29,,45086,73,,,0,73,,36999,73,,,0,30,,37000,73,,,0,65,,37001,73,,,0,30,,37002,73,,,0,70,,37003,73,,,0,30,,45087,73,,,0,70,,45088,73,,,0,30,,42575,73,,,0,70,,45089,73,,,0,30,,45090,73,,,0,70,,42576,73,,,0,34,,37010,73,,,0,73,,45091,73,,,0,75,,37012,73,,,0,32,,37013,73,,,0,68,,45092,73,,,0,25,,45093,73,,,0,23,,37016,73,,,0,69,,37017,73,,,0,29,,37018,73,,,0,67,,45094,73,,,0,30,,37020,73,,,0,70,,45095,73,,,0,30,,45096,73,,,0,70,,37023,73,,,0,98,,45098,73,,,0,97,,45097,73,,,0
15029,'1866',620,,45099,33,,,0,133,,37029,73,,,0,93,,37030,73,,,0,100,,45100,73,,,0,100,,37032,73,,,0,103,,37033,73,,,0,100,,45101,73,,,0,100,,37035,73,,,0,106,,37036,73,,,0,100,,45102,73,,,0,97,,37038,73,,,0,98,,37039,73,,,0,99,,45103,73,,,0,99,,37026,73,,,0,100,,37027,73,,,0
15029,'1867',748,,37054,73,,,0,98,,45107,73,,,0,102,,37051,73,,,0,100,,37052,73,,,0,103,,45108,73,,,0,100,,37049,73,,,0,100,,37046,73,,,0,102,,45106,73,,,0,100,,37048,73,,,0,98,,37045,73,,,0,99,,45105,73,,,0,99,,37043,73,,,0,99,,37044,73,,,0,100,,45104,73,,,0
15029,'1873',753,,30423,73,,,0,93,,30424,73,,,0,200,,30426,73,,,0,103,,30427,73,,,0,200,,30429,73,,,0,106,,30430,73,,,0,197,,30432,73,,,0,98,,30433,73,,,0,198,,30420,73,,,0,100,,30421,73,,,0
15029,'1878',748,,30448,73,,,0,200,,30445,73,,,0,100,,30446,73,,,0,203,,30443,73,,,0,100,,30440,73,,,0,202,,30442,73,,,0,98,,30439,73,,,0,198,,30437,73,,,0,99,,30438,73,,,0
15029,'1881',626,,30482,33,,,0,20,,36978,33,,,0,206,,36979,73,,,0,298,,36980,73,,,0,70,,36981,73,,,0,100,,36983,73,,,0,30,,36984,73,,,0,177,,36986,73,,,0,175,,36987,73,,,0,25,,36988,73,,,0,188,,30508,73,,,0,100,,36989,73,,,0,30,,42580,73,,,0,168,,36992,73,,,0,97,,36991,73,,,0
15029,'1882',717,,30484,73,,,0,32,,30485,73,,,0,74,,30486,73,,,0,102,,30488,73,,,0,30,,30489,73,,,0,65,,30490,73,,,0,30,,30491,73,,,0,70,,30492,73,,,0,130,,42578,73,,,0,170,,42579,73,,,0,34,,30499,73,,,0,148,,30501,73,,,0,32,,30502,73,,,0,116,,30505,73,,,0,69,,30506,73,,,0,29,,30507,73,,,0,97,,30509,73,,,0,170,,30512,73,,,0
15029,'1886',626,,45109,33,,,0,20,,45110,33,,,0,206,,45111,73,,,0,298,,45112,73,,,0,70,,45113,73,,,0,100,,45114,73,,,0,30,,45115,73,,,0,177,,45116,73,,,0,175,,45117,73,,,0,25,,45118,73,,,0,188,,45119,73,,,0,100,,45120,73,,,0,30,,45121,73,,,0,168,,45123,73,,,0,97,,45122,73,,,0
15029,'1887',620,,45124,33,,,0,326,,45125,73,,,0,303,,45126,73,,,0,306,,45127,73,,,0,294,,45128,73,,,0
15029,'1888',846,,45132,73,,,0,305,,45133,73,,,0,302,,45131,73,,,0,297,,45130,73,,,0,298,,45129,73,,,0
