1019,'1799',638,,19252,49,4,,0,100,,19253,49,4,,0,101,,19254,49,4,,0,100,,19255,49,4,,0,100,,19256,49,4,,0,102,,19257,49,4,,0,100,,19258,49,4,,0,100,,19259,49,4,,0,100,,19260,49,4,,0,100,,19261,49,4,,0,100,,19262,49,4,,0,100,,19263,49,4,,0,100,,19264,49,4,,0,98,,19265,49,4,,0,100,,19266,49,4,,0,100,,19267,49,4,,0,102,,19268,49,4,,0,95,,19269,49,4,,0
1019,'1800',638,,19270,49,4,,0,100,,19271,49,4,,0,101,,19272,49,4,,0,100,,19273,49,4,,0,100,,19274,49,4,,0,102,,19275,49,4,,0,100,,19276,49,4,,0,100,,19277,49,4,,0,100,,19278,49,4,,0,100,,19279,49,4,,0,100,,19280,49,4,,0,100,,19281,49,4,,0,100,,19282,49,4,,0,98,,19283,49,4,,0,100,,19284,49,4,,0,100,,19285,49,4,,0,102,,19286,49,4,,0,95,,19287,49,4,,0
1019,'1829',610,,19171,49,4,,0,30,,19194,49,4,,0,70,,19169,49,4,,0,102,,19183,49,4,,0,31,,19166,49,4,,0,99,,19197,49,4,,0,70,,19168,49,4,,0,30,,19162,49,4,,0,71,,19182,49,4,,0,30,,19167,49,4,,0,70,,19173,49,4,,0,30,,19193,49,4,,0,70,,19170,49,4,,0,101,,19195,49,4,,0,33,,19165,49,4,,0,169,,19185,49,4,,0,30,,19177,49,4,,0,70,,19175,49,4,,0,27,,19178,49,4,,0,70,,19180,49,4,,0,29,,19179,49,4,,0,69,,19176,49,4,,0,30,,19196,49,4,,0,70,,19190,49,4,,0,100,,19189,49,4,,0,28,,19188,49,4,,0,74,,19187,49,4,,0,30,,19186,49,4,,0,70,,19184,49,4,,0
1019,'1831',608,,19209,49,4,,0,30,,19223,49,4,,0,70,,19208,49,4,,0,30,,19228,49,4,,0,71,,19218,49,4,,0,30,,19202,49,4,,0,70,,19224,49,4,,0,30,,19226,49,4,,0,70,,19207,49,4,,0,30,,19229,49,4,,0,71,,19217,49,4,,0,31,,19201,49,4,,0,70,,19212,49,4,,0,30,,19222,49,4,,0,70,,19206,49,4,,0,30,,19230,49,4,,0,70,,19216,49,4,,0,30,,19200,49,4,,0,70,,19211,49,4,,0,30,,19221,49,4,,0,70,,19205,49,4,,0,30,,19231,49,4,,0,70,,19215,49,4,,0,30,,19199,49,4,,0,70,,19210,49,4,,0,30,,19220,49,4,,0,69,,19203,49,4,,0,29,,19232,49,4,,0,70,,19213,49,4,,0,30,,19198,49,4,,0,70,,19204,49,4,,0,30,,19219,49,4,,0,73,,19214,49,4,,0,29,,19233,49,4,,0,70,,19227,49,4,,0,25,,19225,49,4,,0
1019,'1833',638,,19234,49,4,,0,100,,19235,49,4,,0,101,,19236,49,4,,0,100,,19237,49,4,,0,100,,19238,49,4,,0,102,,19239,49,4,,0,100,,19240,49,4,,0,100,,19241,49,4,,0,100,,19242,49,4,,0,100,,19243,49,4,,0,100,,19244,49,4,,0,100,,19245,49,4,,0,100,,19246,49,4,,0,98,,19247,49,4,,0,100,,19248,49,4,,0,100,,19249,49,4,,0,102,,19250,49,4,,0,95,,19251,49,4,,0
1019,'1835',741,,24953,49,4,,0,172,,24954,49,4,,0,431,,24952,49,4,,0,173,,24955,49,4,,0,30,,24958,49,4,,0,494,,24957,49,4,,0,297,,24956,49,4,,0
1029,'1799',552,,19376,1,,,0,98,,19377,1,,,0,100,,19378,1,,,0,100,,19379,1,,,0,100,,19380,1,,,0,100,,19381,1,,,0,100,,19382,1,,,0,100,,19383,1,,,0,100,,19384,1,,,0,100,,19385,1,,,0,100,,19386,1,,,0,100,,19387,1,,,0,100,,19388,1,,,0,100,,19389,1,,,0,100,,19390,1,,,0,100,,19391,1,,,0,100,,19392,1,,,0,100,,19393,1,,,0
1029,'1800',552,,19394,1,,,0,98,,19395,1,,,0,100,,19396,1,,,0,100,,19397,1,,,0,100,,19398,1,,,0,100,,19399,1,,,0,100,,19400,1,,,0,100,,19401,1,,,0,100,,19402,1,,,0,100,,19403,1,,,0,100,,19404,1,,,0,100,,19405,1,,,0,100,,19406,1,,,0,100,,19407,1,,,0,100,,19408,1,,,0,100,,19409,1,,,0,100,,19410,1,,,0,100,,19411,1,,,0
1029,'1829',549,,19297,1,,,0,71,,19298,1,,,0,25,,19318,1,,,0,68,,19294,1,,,0,100,,19322,1,,,0,30,,19292,1,,,0,102,,19317,1,,,0,70,,19296,1,,,0,30,,19288,1,,,0,70,,19321,1,,,0,30,,19293,1,,,0,70,,19300,1,,,0,30,,19316,1,,,0,70,,19295,1,,,0,100,,19319,1,,,0,32,,19291,1,,,0,169,,19304,1,,,0,30,,19303,1,,,0,70,,19302,1,,,0,34,,19308,1,,,0,70,,19307,1,,,0,30,,19306,1,,,0,70,,19305,1,,,0,30,,19320,1,,,0,70,,19314,1,,,0,100,,19312,1,,,0,30,,19311,1,,,0,70,,19310,1,,,0,25,,19309,1,,,0
1029,'1831',552,,19328,1,,,0,68,,19340,1,,,0,30,,19347,1,,,0,70,,19335,1,,,0,30,,19356,1,,,0,70,,19344,1,,,0,30,,19327,1,,,0,70,,19339,1,,,0,30,,19350,1,,,0,70,,19334,1,,,0,30,,19357,1,,,0,70,,19343,1,,,0,30,,19326,1,,,0,70,,19338,1,,,0,30,,19349,1,,,0,70,,19333,1,,,0,30,,19329,1,,,0,70,,19342,1,,,0,30,,19325,1,,,0,70,,19337,1,,,0,30,,19345,1,,,0,70,,19332,1,,,0,30,,19354,1,,,0,70,,19341,1,,,0,30,,19324,1,,,0,70,,19336,1,,,0,30,,19348,1,,,0,70,,19330,1,,,0,30,,19352,1,,,0,70,,19351,1,,,0,30,,19323,1,,,0,70,,19331,1,,,0,30,,19346,1,,,0,70,,19355,1,,,0,30,,19353,1,,,0
1029,'1833',552,,19358,1,,,0,98,,19359,1,,,0,100,,19360,1,,,0,100,,19361,1,,,0,100,,19362,1,,,0,100,,19363,1,,,0,100,,19364,1,,,0,100,,19365,1,,,0,100,,19366,1,,,0,100,,19367,1,,,0,100,,19368,1,,,0,100,,19369,1,,,0,100,,19370,1,,,0,100,,19371,1,,,0,100,,19372,1,,,0,100,,19373,1,,,0,100,,19374,1,,,0,100,,19375,1,,,0
1029,'1835',743,,24959,1,,,0,172,,24961,1,,,0,430,,24960,1,,,0,172,,24962,1,,,0,30,,24964,1,,,0,503,,24963,1,,,0
801019,'1800',744,,27931,1,0,12,0,70,,27927,1,0,12,0,30,,27935,1,0,12,0,70,,27924,1,0,12,0,30,,27919,1,0,12,0,70,,27929,1,0,12,0,30,,27942,1,0,12,0,70,,27933,1,0,12,0,30,,27930,1,0,12,0,70,,27939,1,0,12,0,30,,27925,1,0,12,0,70,,27936,1,0,12,0,30,,27938,1,0,12,0,70,,27934,1,0,12,0,30,,27921,1,0,12,0,70,,27940,1,0,12,0,30,,27926,1,0,12,0,70,,27922,1,0,12,0,30,,27937,1,0,12,0,70,,27920,1,0,12,0,30,,27923,1,0,12,0,70,,27941,1,0,12,0,30,,27918,1,0,12,0,71,,27928,1,0,12,0,30,,27943,1,0,12,0,70,,27932,1,0,12,0
801019,'1829',550,,24510,1,0,12,0,70,,24518,1,0,12,0,20,,24514,1,0,12,0,178,,24519,1,0,12,0
801019,'1832',744,,24562,1,0,12,0,70,,24558,1,0,12,0,30,,24566,1,0,12,0,70,,24555,1,0,12,0,30,,24550,1,0,12,0,70,,24560,1,0,12,0,30,,24573,1,0,12,0,70,,24564,1,0,12,0,30,,24561,1,0,12,0,70,,24570,1,0,12,0,30,,24556,1,0,12,0,70,,24567,1,0,12,0,30,,24569,1,0,12,0,70,,24565,1,0,12,0,30,,24552,1,0,12,0,70,,24571,1,0,12,0,30,,24557,1,0,12,0,70,,24553,1,0,12,0,30,,24568,1,0,12,0,70,,24551,1,0,12,0,30,,24554,1,0,12,0,70,,24572,1,0,12,0,30,,24549,1,0,12,0,71,,24559,1,0,12,0,30,,24574,1,0,12,0,70,,24563,1,0,12,0
801019,'1834',744,,24588,1,0,12,0,70,,24584,1,0,12,0,30,,24592,1,0,12,0,70,,24581,1,0,12,0,30,,24576,1,0,12,0,70,,24586,1,0,12,0,30,,24599,1,0,12,0,70,,24590,1,0,12,0,30,,24587,1,0,12,0,70,,24596,1,0,12,0,30,,24582,1,0,12,0,70,,24593,1,0,12,0,30,,24595,1,0,12,0,70,,24591,1,0,12,0,30,,24578,1,0,12,0,70,,24597,1,0,12,0,30,,24583,1,0,12,0,70,,24579,1,0,12,0,30,,24594,1,0,12,0,70,,24577,1,0,12,0,30,,24580,1,0,12,0,70,,24598,1,0,12,0,30,,24575,1,0,12,0,71,,24585,1,0,12,0,30,,24600,1,0,12,0,70,,24589,1,0,12,0
801019,'1835',705,,27966,1,0,12,0,15,,27968,1,0,12,0,18,,27965,1,0,12,0,20,,27967,1,0,12,0,85,,27944,1,0,12,0,72,,27945,1,0,12,0,30,,27946,1,0,12,0,70,,27947,1,0,12,0,30,,27948,1,0,12,0,70,,27949,1,0,12,0,30,,27950,1,0,12,0,70,,27951,1,0,12,0,30,,27952,1,0,12,0,70,,27953,1,0,12,0,30,,27954,1,0,12,0,70,,27955,1,0,12,0,30,,27969,1,0,12,0,70,,27972,1,0,12,0,25,,27956,1,0,12,0,60,,27957,1,0,12,0,20,,27973,1,0,12,0,20,,27958,1,0,12,0,60,,27959,1,0,12,0,20,,27974,1,0,12,0,20,,27960,1,0,12,0,60,,27971,1,0,12,0,20,,27970,1,0,12,0,25,,27961,1,0,12,0,70,,27962,1,0,12,0,30,,27963,1,0,12,0,70,,27964,1,0,12,0
801019,'1836',744,,27995,1,0,12,0,70,,27996,1,0,12,0,30,,27997,1,0,12,0,70,,27983,1,0,12,0,30,,27982,1,0,12,0,70,,27981,1,0,12,0,30,,27992,1,0,12,0,70,,27986,1,0,12,0,30,,27991,1,0,12,0,70,,27990,1,0,12,0,30,,27989,1,0,12,0,70,,27988,1,0,12,0,30,,27977,1,0,12,0,70,,27985,1,0,12,0,30,,27994,1,0,12,0,70,,27979,1,0,12,0,30,,27975,1,0,12,0,70,,27976,1,0,12,0,30,,27978,1,0,12,0,70,,27980,1,0,12,0,30,,27993,1,0,12,0,70,,27987,1,0,12,0,30,,27984,1,0,12,0,71,,27998,1,0,12,0,30,,27999,1,0,12,0,70,,28000,1,0,12,0
801019,'1837',744,,28014,1,0,12,0,70,,28010,1,0,12,0,30,,28018,1,0,12,0,70,,28007,1,0,12,0,30,,28002,1,0,12,0,70,,28012,1,0,12,0,30,,28025,1,0,12,0,70,,28016,1,0,12,0,30,,28013,1,0,12,0,70,,28022,1,0,12,0,30,,28008,1,0,12,0,70,,28019,1,0,12,0,30,,28021,1,0,12,0,70,,28017,1,0,12,0,30,,28004,1,0,12,0,70,,28023,1,0,12,0,30,,28009,1,0,12,0,70,,28005,1,0,12,0,30,,28020,1,0,12,0,70,,28003,1,0,12,0,30,,28006,1,0,12,0,70,,28024,1,0,12,0,30,,28001,1,0,12,0,71,,28011,1,0,12,0,30,,28026,1,0,12,0,70,,28015,1,0,12,0
801019,'1838',744,,28040,1,0,12,0,70,,28036,1,0,12,0,30,,28044,1,0,12,0,70,,28033,1,0,12,0,30,,28028,1,0,12,0,70,,28038,1,0,12,0,30,,28051,1,0,12,0,70,,28042,1,0,12,0,30,,28039,1,0,12,0,70,,28048,1,0,12,0,30,,28034,1,0,12,0,70,,28045,1,0,12,0,30,,28047,1,0,12,0,70,,28043,1,0,12,0,30,,28030,1,0,12,0,70,,28049,1,0,12,0,30,,28035,1,0,12,0,70,,28031,1,0,12,0,30,,28046,1,0,12,0,70,,28029,1,0,12,0,30,,28032,1,0,12,0,70,,28050,1,0,12,0,30,,28027,1,0,12,0,71,,28037,1,0,12,0,30,,28052,1,0,12,0,70,,28041,1,0,12,0
802019,'1800',842,,28054,10,4,,0,71,,28066,10,4,,0,30,,28067,10,4,,0,70,,28055,10,4,,0,30,,28060,10,4,,0,70,,28064,10,4,,0,30,,28071,10,4,,0,70,,28075,10,4,,0,30,,28063,10,4,,0,70,,28065,10,4,,0,30,,28076,10,4,,0,70,,28070,10,4,,0,30,,28059,10,4,,0,70,,28074,10,4,,0,30,,28069,10,4,,0,70,,28057,10,4,,0,30,,28073,10,4,,0,70,,28053,10,4,,0,30,,28072,10,4,,0,70,,28079,10,4,,0,30,,28068,10,4,,0,70,,28058,10,4,,0,30,,28077,10,4,,0,70,,28061,10,4,,0,30,,28056,10,4,,0,70,,28078,10,4,,0,30,,28062,10,4,,0
802019,'1829',616,,24662,10,4,,0,195,,24627,10,4,,0
802019,'1832',842,,24691,10,4,,0,71,,24703,10,4,,0,30,,24704,10,4,,0,70,,24692,10,4,,0,30,,24697,10,4,,0,70,,24701,10,4,,0,30,,24708,10,4,,0,70,,24712,10,4,,0,30,,24700,10,4,,0,70,,24702,10,4,,0,30,,24713,10,4,,0,70,,24707,10,4,,0,30,,24696,10,4,,0,70,,24711,10,4,,0,30,,24706,10,4,,0,70,,24694,10,4,,0,30,,24710,10,4,,0,70,,24690,10,4,,0,30,,24709,10,4,,0,70,,24716,10,4,,0,30,,24705,10,4,,0,70,,24695,10,4,,0,30,,24714,10,4,,0,70,,24698,10,4,,0,30,,24693,10,4,,0,70,,24715,10,4,,0,30,,24699,10,4,,0
802019,'1834',842,,24718,10,4,,0,71,,24730,10,4,,0,30,,24731,10,4,,0,70,,24719,10,4,,0,30,,24724,10,4,,0,70,,24728,10,4,,0,30,,24735,10,4,,0,70,,24739,10,4,,0,30,,24727,10,4,,0,70,,24729,10,4,,0,30,,24740,10,4,,0,70,,24734,10,4,,0,30,,24723,10,4,,0,70,,24738,10,4,,0,30,,24733,10,4,,0,70,,24721,10,4,,0,30,,24737,10,4,,0,70,,24717,10,4,,0,30,,24736,10,4,,0,70,,24743,10,4,,0,30,,24732,10,4,,0,70,,24722,10,4,,0,30,,24741,10,4,,0,70,,24725,10,4,,0,30,,24720,10,4,,0,70,,24742,10,4,,0,30,,24726,10,4,,0
802019,'1835',701,,28111,10,4,,0,30,,28109,10,4,,0,20,,28113,10,4,,0,90,,28108,10,4,,0,70,,28080,10,4,,0,30,,28081,10,4,,0,70,,28082,10,4,,0,30,,28083,10,4,,0,70,,28084,10,4,,0,30,,28085,10,4,,0,71,,28086,10,4,,0,30,,28087,10,4,,0,70,,28088,10,4,,0,30,,28089,10,4,,0,70,,28090,10,4,,0,31,,28091,10,4,,0,71,,28092,10,4,,0,20,,28093,10,4,,0,20,,28094,10,4,,0,60,,28110,10,4,,0,20,,28095,10,4,,0,20,,28096,10,4,,0,60,,28097,10,4,,0,19,,28098,10,4,,0,19,,28112,10,4,,0,60,,28099,10,4,,0,20,,28100,10,4,,0,20,,28101,10,4,,0,60,,28102,10,4,,0,30,,28103,10,4,,0,69,,28104,10,4,,0,25,,28105,10,4,,0,70,,28106,10,4,,0,30,,28107,10,4,,0
802019,'1836',842,,28140,10,4,,0,71,,28135,10,4,,0,30,,28136,10,4,,0,70,,28137,10,4,,0,30,,28125,10,4,,0,70,,28118,10,4,,0,30,,28131,10,4,,0,70,,28124,10,4,,0,30,,28117,10,4,,0,70,,28130,10,4,,0,30,,28122,10,4,,0,70,,28119,10,4,,0,30,,28129,10,4,,0,70,,28123,10,4,,0,30,,28115,10,4,,0,70,,28128,10,4,,0,30,,28121,10,4,,0,70,,28116,10,4,,0,30,,28127,10,4,,0,70,,28120,10,4,,0,30,,28114,10,4,,0,70,,28126,10,4,,0,30,,28132,10,4,,0,70,,28133,10,4,,0,30,,28134,10,4,,0,70,,28139,10,4,,0,30,,28138,10,4,,0
802019,'1837',842,,28142,10,4,,0,71,,28154,10,4,,0,30,,28155,10,4,,0,70,,28143,10,4,,0,30,,28148,10,4,,0,70,,28152,10,4,,0,30,,28159,10,4,,0,70,,28163,10,4,,0,30,,28151,10,4,,0,70,,28153,10,4,,0,30,,28164,10,4,,0,70,,28158,10,4,,0,30,,28147,10,4,,0,70,,28162,10,4,,0,30,,28157,10,4,,0,70,,28145,10,4,,0,30,,28161,10,4,,0,70,,28141,10,4,,0,30,,28160,10,4,,0,70,,28167,10,4,,0,30,,28156,10,4,,0,70,,28146,10,4,,0,30,,28165,10,4,,0,70,,28149,10,4,,0,30,,28144,10,4,,0,70,,28166,10,4,,0,30,,28150,10,4,,0
802019,'1838',842,,28169,10,4,,0,71,,28181,10,4,,0,30,,28182,10,4,,0,70,,28170,10,4,,0,30,,28175,10,4,,0,70,,28179,10,4,,0,30,,28186,10,4,,0,70,,28190,10,4,,0,30,,28178,10,4,,0,70,,28180,10,4,,0,30,,28191,10,4,,0,70,,28185,10,4,,0,30,,28174,10,4,,0,70,,28189,10,4,,0,30,,28184,10,4,,0,70,,28172,10,4,,0,30,,28188,10,4,,0,70,,28168,10,4,,0,30,,28187,10,4,,0,70,,28194,10,4,,0,30,,28183,10,4,,0,70,,28173,10,4,,0,30,,28192,10,4,,0,70,,28176,10,4,,0,30,,28171,10,4,,0,70,,28193,10,4,,0,30,,28177,10,4,,0
