13019,'1838',813,,36660,20,,,0,100,,44894,20,,,0,100,,36662,20,,,0,101,,36663,20,,,0,100,,36664,20,,,0,100,,44895,20,,,0,100,,36666,20,,,0,100,,36667,20,,,0,100,,36668,20,,,0,99,,36669,20,,,0,100,,36670,20,,,0,100,,36671,20,,,0,99,,42510,20,,,0,100,,44896,20,,,0,100,,42509,20,,,0
13019,'1865',623,,36699,20,,,0,30,,36700,20,,,0,70,,36701,20,,,0,30,,44897,20,,,0,96,,36703,20,,,0,100,,44898,20,,,0,100,,44899,20,,,0,100,,44900,20,,,0,100,,44901,20,,,0,100,,44902,20,,,0,70,,42512,20,,,0,31,,42513,20,,,0,70,,44903,20,,,0,31,,42517,20,,,0,70,,44904,20,,,0,30,,42518,20,,,0,70,,42515,20,,,0,30,,36720,20,,,0,99,,44905,20,,,0,100,,36719,20,,,0,99,,44907,20,,,0,98,,36717,20,,,0,100,,42516,20,,,0
13019,'1866',712,,36723,20,,,0,101,,44908,20,,,0,100,,44909,20,,,0,100,,44910,20,,,0,101,,36727,20,,,0,100,,44911,20,,,0,100,,36729,20,,,0,100,,36730,20,,,0,100,,44912,20,,,0,100,,44913,20,,,0,99,,44914,20,,,0,100,,44915,20,,,0,100,,44916,20,,,0,99,,44917,20,,,0,100,,36737,20,,,0,200,,44918,20,,,0
13019,'1867',813,,36740,20,,,0,100,,44919,20,,,0,100,,36742,20,,,0,101,,36743,20,,,0,100,,36744,20,,,0,100,,44920,20,,,0,100,,36746,20,,,0,100,,36747,20,,,0,100,,36748,20,,,0,99,,36749,20,,,0,100,,36750,20,,,0,100,,36751,20,,,0,99,,42520,20,,,0,100,,44921,20,,,0,100,,42519,20,,,0
13019,'1873',712,,30068,20,,,0,402,,30072,20,,,0,200,,30074,20,,,0,100,,30075,20,,,0,698,,30082,20,,,0
13019,'1878',813,,30085,20,,,0,200,,30087,20,,,0,101,,30088,20,,,0,100,,30089,20,,,0,200,,30091,20,,,0,100,,30092,20,,,0,100,,30093,20,,,0,99,,30094,20,,,0,100,,30095,20,,,0,100,,30096,20,,,0,99,,42530,20,,,0,200,,42529,20,,,0
13019,'1881',753,,30126,20,,,0,196,,30128,20,,,0,100,,42521,20,,,0,100,,30130,20,,,0,100,,36688,20,,,0,100,,36689,20,,,0,171,,30135,20,,,0,101,,42524,20,,,0,229,,36694,20,,,0,199,,30142,20,,,0
13019,'1882',623,,30123,20,,,0,30,,30124,20,,,0,70,,30125,20,,,0,126,,30127,20,,,0,570,,42522,20,,,0,31,,42523,20,,,0,101,,42527,20,,,0,100,,42528,20,,,0,70,,42525,20,,,0,30,,30144,20,,,0,199,,30143,20,,,0,197,,30141,20,,,0,100,,42526,20,,,0
13019,'1886',753,,44922,20,,,0,196,,44923,20,,,0,100,,44924,20,,,0,100,,44925,20,,,0,100,,44926,20,,,0,100,,44927,20,,,0,171,,44928,20,,,0,101,,44929,20,,,0,229,,44930,20,,,0,199,,44932,20,,,0
13019,'1887',813,,44933,20,,,0,100,,44934,20,,,0,100,,44935,20,,,0,201,,44936,20,,,0,300,,44937,20,,,0,100,,44938,20,,,0,99,,44939,20,,,0,100,,44940,20,,,0,100,,44941,20,,,0,99,,44942,20,,,0,300,,44943,20,,,0
13019,'1888',913,,44944,20,,,0,401,,44945,20,,,0,798,,44946,20,,,0
