15019,'1800',739,,30284,49,,,0,100,,30282,49,,,0,100,,30285,49,,,0,101,,30283,49,,,0,100,,30280,49,,,0,100,,30278,49,,,0,101,,30281,49,,,0,100,,30279,49,,,0,100,,30276,49,,,0,99,,30277,49,,,0,100,,30274,49,,,0,100,,30275,49,,,0,100,,30273,49,,,0,99,,30286,49,,,0
15019,'1838',739,,36885,49,,,0,100,,36883,49,,,0,100,,36886,49,,,0,101,,36884,49,,,0,100,,36881,49,,,0,100,,36879,49,,,0,101,,36882,49,,,0,100,,36880,49,,,0,100,,36877,49,,,0,99,,36878,49,,,0,100,,36875,49,,,0,100,,36876,49,,,0,100,,36874,49,,,0,99,,36887,49,,,0
15019,'1850',611,,30330,15,0,5 2 6 7,0,94,,30331,49,,,0,30,,30332,49,,,0,76,,30333,49,,,0,30,,30334,49,,,0,65,,30335,49,,,0,30,,30336,49,,,0,70,,30337,49,,,0,30,,30338,49,,,0,70,,30339,49,,,0,30,,30340,49,,,0,70,,30341,49,,,0,30,,30342,49,,,0,70,,30343,49,,,0,30,,30344,49,,,0,70,,30345,49,,,0,31,,30346,49,,,0,72,,30347,49,,,0,30,,30348,49,,,0,70,,30349,49,,,0,30,,30350,49,,,0,69,,30351,49,,,0,29,,30352,49,,,0,68,,30353,49,,,0,30,,30354,49,,,0,70,,30355,49,,,0,30,,30356,49,,,0,70,,30357,49,,,0,100,,30358,49,,,0,98,,30359,49,,,0,100,,30360,49,0,5 2 6 7,0
15019,'1859',739,,30301,49,,,0,100,,30302,49,,,0,100,,30303,49,,,0,101,,30304,49,,,0,100,,30305,49,,,0,100,,30306,49,,,0,102,,30307,49,,,0,100,,30308,49,,,0,100,,30309,49,,,0,98,,30310,49,,,0,100,,30311,49,,,0,100,,30312,49,,,0,100,,30313,49,,,0,99,,30314,49,,,0
15019,'1861',739,,30327,49,,,0,100,,30325,49,,,0,100,,30328,49,,,0,101,,30326,49,,,0,100,,30323,49,,,0,100,,30321,49,,,0,101,,30324,49,,,0,100,,30322,49,,,0,100,,30319,49,,,0,99,,30320,49,,,0,100,,30317,49,,,0,100,,30318,49,,,0,100,,30316,49,,,0,99,,30329,49,,,0
15019,'1862',612,,36888,15,0,5 2 6 7,0
15019,'1864',611,,30361,15,0,5 2 6 7,0,94,,30362,49,,,0,30,,36889,49,,,0,76,,30364,49,,,0,30,,30365,49,,,0,65,,30366,49,,,0,30,,30367,49,,,0,70,,30368,49,,,0,30,,36890,49,,,0,70,,36891,49,,,0,30,,36892,49,,,0,70,,36893,49,,,0,30,,36894,49,,,0,70,,36895,49,,,0,30,,30375,49,,,0,70,,36896,49,,,0,31,,30377,49,,,0,72,,30378,49,,,0,30,,36897,49,,,0,70,,36898,49,,,0,30,,30381,49,,,0,69,,30382,49,,,0,29,,30383,49,,,0,68,,30384,49,,,0,30,,30385,49,,,0,70,,36899,49,,,0,30,,36900,49,,,0,70,,30388,49,,,0,100,,36901,49,,,0,98,,36902,49,,,0,100,,36903,49,0,5 2 6 7,0
15019,'1865',611,,36904,15,0,5 2 6 7,0,94,,36905,49,,,0,30,,36906,49,,,0,76,,36907,49,,,0,30,,36908,49,,,0,65,,36909,49,,,0,30,,36910,49,,,0,70,,36911,49,,,0,30,,36912,49,,,0,70,,36913,49,,,0,30,,36914,49,,,0,70,,36915,49,,,0,30,,36916,49,,,0,70,,36917,49,,,0,30,,36918,49,,,0,70,,36919,49,,,0,31,,36920,49,,,0,72,,36921,49,,,0,30,,36922,49,,,0,70,,36923,49,,,0,30,,36924,49,,,0,69,,36925,49,,,0,29,,36926,49,,,0,68,,36927,49,,,0,30,,36928,49,,,0,70,,36929,49,,,0,30,,36930,49,,,0,70,,36931,49,,,0,100,,36932,49,,,0,98,,36933,49,,,0,100,,36934,49,0,5 2 6 7,0
15019,'1866',612,,36949,15,0,5 2 6 7,0,127,,36935,49,,,0,100,,36936,49,,,0,100,,36937,49,,,0,101,,36938,49,,,0,100,,36939,49,,,0,100,,36940,49,,,0,102,,36941,49,,,0,100,,36942,49,,,0,100,,36943,49,,,0,98,,36944,49,,,0,100,,36945,49,,,0,100,,36946,49,,,0,100,,36947,49,,,0,99,,36948,49,,,0
15019,'1867',739,,36961,49,,,0,100,,36959,49,,,0,100,,36962,49,,,0,101,,36960,49,,,0,100,,36957,49,,,0,100,,36955,49,,,0,101,,36958,49,,,0,100,,36956,49,,,0,100,,36953,49,,,0,99,,36954,49,,,0,100,,36951,49,,,0,100,,36952,49,,,0,100,,36950,49,,,0,99,,36963,49,,,0
