15019,'1838',720,,45028,21,,,0,100,,36883,21,,,0,100,,36886,21,,,0,100,,45027,21,,,0,100,,36881,21,,,0,100,,36879,21,,,0,101,,45026,21,,,0,100,,36880,21,,,0,100,,36877,21,,,0,99,,45025,21,,,0,100,,36875,21,,,0,100,,36876,21,,,0,100,,45024,21,,,0,100,,36887,21,,,0
15019,'1865',645,,36905,21,,,0,70,,45029,21,,,0,33,,36907,21,,,0,70,,36908,21,,,0,27,,36909,21,,,0,70,,36910,21,,,0,30,,36911,21,,,0,70,,45030,21,,,0,30,,45031,21,,,0,70,,42569,21,,,0,30,,45032,21,,,0,70,,45033,21,,,0,30,,42570,21,,,0,70,,36918,21,,,0,30,,45034,21,,,0,70,,36920,21,,,0,31,,36921,21,,,0,70,,45035,21,,,0,30,,45036,21,,,0,70,,36924,21,,,0,30,,36925,21,,,0,70,,36926,21,,,0,29,,45037,21,,,0,70,,36928,21,,,0,30,,45038,21,,,0,70,,45039,21,,,0,30,,36931,21,,,0,100,,45040,21,,,0,98,,45041,21,,,0,100,,45042,21,0,5 2 6 7,0
15019,'1866',720,,36935,21,,,0,100,,45043,21,,,0,100,,36937,21,,,0,100,,36938,21,,,0,100,,45044,21,,,0,100,,36940,21,,,0,101,,36941,21,,,0,100,,45045,21,,,0,100,,36943,21,,,0,99,,36944,21,,,0,100,,45046,21,,,0,100,,36946,21,,,0,100,,36947,21,,,0,100,,45047,21,,,0
15019,'1867',720,,45053,21,,,0,100,,36959,21,,,0,100,,36962,21,,,0,100,,45052,21,,,0,100,,36957,21,,,0,100,,36955,21,,,0,101,,45051,21,,,0,100,,36956,21,,,0,100,,36953,21,,,0,99,,45050,21,,,0,100,,36951,21,,,0,100,,36952,21,,,0,100,,45049,21,,,0,100,,36963,21,,,0
15019,'1873',720,,30301,21,,,0,200,,30303,21,,,0,100,,30304,21,,,0,200,,30306,21,,,0,101,,30307,21,,,0,200,,30309,21,,,0,99,,30310,21,,,0,200,,30312,21,,,0,100,,30313,21,,,0
15019,'1878',820,,30325,21,,,0,100,,30328,21,,,0,200,,30323,21,,,0,100,,30321,21,,,0,201,,30322,21,,,0,100,,30319,21,,,0,199,,30317,21,,,0,100,,30318,21,,,0,200,,30329,21,,,0
15019,'1881',715,,36889,21,,,0,300,,36890,21,,,0,30,,36891,21,,,0,100,,36893,21,,,0,70,,36894,21,,,0,130,,36896,21,,,0,171,,36897,21,,,0,30,,36898,21,,,0,199,,30384,21,,,0,100,,36899,21,,,0,70,,42574,21,,,0,130,,36901,21,,,0,98,,36902,21,,,0,100,,36903,21,0,5 2 6 7,0
15019,'1882',645,,30362,21,,,0,103,,30364,21,,,0,70,,30365,21,,,0,27,,30366,21,,,0,70,,30367,21,,,0,30,,30368,21,,,0,170,,42572,21,,,0,130,,42573,21,,,0,70,,30375,21,,,0,100,,30377,21,,,0,31,,30378,21,,,0,170,,30381,21,,,0,30,,30382,21,,,0,70,,30383,21,,,0,99,,30385,21,,,0,130,,30388,21,,,0
15019,'1886',715,,45054,21,,,0,300,,45055,21,,,0,30,,45056,21,,,0,100,,45057,21,,,0,70,,45058,21,,,0,130,,45059,21,,,0,171,,45060,21,,,0,30,,45061,21,,,0,199,,45062,21,,,0,100,,45063,21,,,0,70,,45064,21,,,0,130,,45065,21,,,0,98,,45066,21,,,0,100,,45067,21,0,5 2 6 7,0
15019,'1887',820,,45068,21,,,0,300,,45069,21,,,0,301,,45070,21,,,0,299,,45071,21,,,0,300,,45072,21,,,0
15019,'1888',720,,45078,21,,,0,300,,45077,21,,,0,301,,45076,21,,,0,299,,45075,21,,,0,300,,45074,21,,,0
