10019,'1838',858,,36275,4,,,0,100,,36281,4,,,0,100,,36274,4,,,0,70,,36283,4,,,0,30,,36279,4,,,0,70,,36284,4,,,0,30,,36272,4,,,0,70,,36285,4,,,0,30,,36277,4,,,0,70,,36286,4,,,0,30,,36278,4,,,0,70,,36287,4,,,0,30,,36280,4,,,0,100,,36273,4,,,0,100,,36271,4,,,0,100,,36276,4,,,0,100,,36282,4,0,27 28 1 29,0
10019,'1865',527,,36312,4,,,0,30,,36302,4,,,0,70,,36313,4,,,0,30,,36303,4,,,0,70,,36314,4,,,0,30,,44713,4,,,0,101,,36304,4,,,0,100,,36300,4,,,0,100,,36299,4,,,0,100,,36298,4,,,0,100,,44711,4,,,0,100,,44710,4,,,0,100,,44712,4,,,0,100,,42439,4,,,0,70,,36315,4,,,0,30,,36293,4,,,0,70,,36316,4,,,0,30,,44714,4,,,0,70,,36317,4,,,0,30,,36306,4,,,0,70,,36318,4,,,0,30,,36307,4,,,0,100,,36308,4,,,0,100,,36309,4,,,0,100,,36311,4,0,27 28 1 29,0,100,,42441,4,0,27 28 1 29,0
10019,'1866',658,,36333,4,,,0,100,,36326,4,,,0,100,,36319,4,,,0,100,,36327,4,,,0,100,,36320,4,,,0,70,,36340,4,,,0,30,,36328,4,,,0,70,,36336,4,,,0,30,,36321,4,,,0,70,,36338,4,,,0,30,,36329,4,,,0,70,,36339,4,,,0,30,,36322,4,,,0,70,,36337,4,,,0,30,,36330,4,,,0,100,,36323,4,,,0,100,,36331,4,,,0,100,,36324,4,,,0,100,,36332,4,,,0,100,,36325,4,,,0,100,,36335,4,0,27 28 1 29,0,200,,44715,4,0,27 28 1 29,0
10019,'1867',858,,36345,4,,,0,100,,36351,4,,,0,100,,36344,4,,,0,70,,36357,4,,,0,30,,36349,4,,,0,70,,36353,4,,,0,30,,36342,4,,,0,70,,36355,4,,,0,30,,36347,4,,,0,70,,36356,4,,,0,30,,36348,4,,,0,70,,36354,4,,,0,30,,36350,4,,,0,100,,36343,4,,,0,100,,36341,4,,,0,100,,36346,4,,,0,100,,36352,4,0,27 28 1 29,0
10019,'1873',658,,29698,4,,,0,100,,29691,4,,,0,100,,29684,4,,,0,100,,29692,4,,,0,100,,29685,4,,,0,100,,29693,4,,,0,100,,29686,4,,,0,100,,29694,4,,,0,100,,29687,4,,,0,100,,29695,4,,,0,100,,29688,4,,,0,100,,29696,4,,,0,100,,29689,4,,,0,100,,29697,4,,,0,100,,29690,4,,,0,100,,29700,4,0,27 28 1 29,0
10019,'1878',858,,29705,4,,,0,100,,29711,4,,,0,100,,29704,4,,,0,100,,29709,4,,,0,100,,29702,4,,,0,100,,29707,4,,,0,100,,29708,4,,,0,100,,29710,4,,,0,100,,29703,4,,,0,100,,29701,4,,,0,100,,29706,4,,,0,100,,29712,4,0,27 28 1 29,0
10019,'1881',757,,36290,4,,,0,501,,29735,4,,,0,100,,29733,4,,,0,100,,36289,4,,,0,300,,42443,4,,,0
10019,'1882',557,,29741,4,,,0,100,,29742,4,,,0,201,,29743,4,,,0,100,,29739,4,,,0,100,,29738,4,,,0,100,,29737,4,,,0,400,,42442,4,,,0,100,,29732,4,,,0,200,,29745,4,,,0,100,,29746,4,,,0,100,,29747,4,,,0,100,,29748,4,,,0,100,,29750,4,0,27 28 1 29,0,100,,42444,4,0,27 28 1 29,0
10019,'1886',757,,44719,4,,,0,501,,44717,4,,,0,100,,44716,4,,,0,100,,44718,4,,,0,300,,44720,4,,,0
10019,'1887',2358,,44721,4,0,27 28 1 29,0
