16019,'1799',946,,21266,3,,,0,700,,21255,3,,,0,400,,21258,3,,,0
16019,'1800',746,,25891,3,,,0,100,,25893,3,,,0,100,,21281,3,,,0,100,,25901,3,,,0,100,,25892,3,,,0,100,,25894,3,,,0,100,,25895,3,,,0,100,,25898,3,,,0,100,,25897,3,,,0,100,,21270,3,,,0,100,,25899,3,,,0,100,,25900,3,,,0,100,,25896,3,,,0,100,,21273,3,,,0,100,,25902,3,,,0
16019,'1829',616,,21176,3,,,0,30,,21177,3,,,0,70,,21178,3,,,0,30,,21179,3,,,0,70,,21180,3,,,0,30,,21181,3,,,0,70,,21182,3,,,0,100,,21184,3,,,0,30,,21185,3,,,0,170,,21188,3,,,0,30,,21189,3,,,0,70,,21190,3,,,0,30,,21191,3,,,0,70,,21192,3,,,0,30,,21193,3,,,0,70,,21194,3,,,0,30,,21195,3,,,0,70,,21196,3,,,0,230,,21201,3,,,0,70,,21202,3,,,0,130,,21205,3,,,0,170,,21175,3,,,0
16019,'1831',616,,21229,3,,,0,30,,21225,3,,,0,70,,21233,3,,,0,30,,21217,3,,,0,70,,21231,3,,,0,30,,21212,3,,,0,70,,21210,3,,,0,30,,21207,3,,,0,70,,21218,3,,,0,30,,21228,3,,,0,70,,21222,3,,,0,30,,21230,3,,,0,70,,21214,3,,,0,30,,21232,3,,,0,70,,21209,3,,,0,30,,21220,3,,,0,70,,21219,3,,,0,30,,21223,3,,,0,70,,21224,3,,,0,30,,21208,3,,,0,70,,21216,3,,,0,30,,21226,3,,,0,70,,21211,3,,,0,30,,21215,3,,,0,70,,21221,3,,,0,30,,21235,3,,,0,70,,21227,3,,,0,30,,21234,3,,,0,70,,21213,3,,,0,30,,21237,3,,,0,100,,21236,3,,,0,70,,21206,3,,,0
16019,'1832',746,,21238,3,,,0,100,,21241,3,,,0,200,,21250,3,,,0,100,,21239,3,,,0,100,,21242,3,,,0,100,,21244,3,,,0,100,,21247,3,,,0,100,,21246,3,,,0,200,,21248,3,,,0,100,,21249,3,,,0,100,,21245,3,,,0,200,,21252,3,,,0
16019,'1833',946,,21251,3,,,0,700,,21240,3,,,0,400,,21243,3,,,0
16019,'1834',746,,21253,3,,,0,100,,21256,3,,,0,200,,21265,3,,,0,100,,21254,3,,,0,100,,21257,3,,,0,100,,21259,3,,,0,100,,21262,3,,,0,100,,21261,3,,,0,200,,21263,3,,,0,100,,21264,3,,,0,100,,21260,3,,,0,200,,21267,3,,,0
16019,'1835',946,,25905,3,,,0,170,,25906,3,,,0,30,,25907,3,,,0,500,,25908,3,,,0,70,,25909,3,,,0,30,,25910,3,,,0,70,,25911,3,,,0,130,,25912,3,,,0,70,,25913,3,,,0,100,,25903,3,,,0,30,,25904,3,,,0
16019,'1837',746,,25914,3,,,0,100,,25916,3,,,0,200,,25924,3,,,0,100,,25915,3,,,0,100,,25917,3,,,0,100,,25918,3,,,0,100,,25921,3,,,0,100,,25920,3,,,0,200,,25922,3,,,0,100,,25923,3,,,0,100,,25919,3,,,0,200,,25925,3,,,0
16019,'1838',746,,25926,3,,,0,100,,25928,3,,,0,200,,25936,3,,,0,100,,25927,3,,,0,100,,25929,3,,,0,100,,25930,3,,,0,100,,25933,3,,,0,100,,25932,3,,,0,200,,25934,3,,,0,100,,25935,3,,,0,100,,25931,3,,,0,200,,25937,3,,,0
