4019,'1800',804,,28707,11,,,0,30,,35371,11,,,0,70,,28705,11,,,0,30,,28709,11,,,0,71,,35370,11,,,0,30,,35358,11,,,0,70,,35362,11,,,0,30,,35365,11,,,0,69,,35368,11,,,0,32,,35354,11,,,0,69,,35357,11,,,0,30,,35361,11,,,0,69,,35364,11,,,0,30,,35366,11,,,0,70,,35353,11,,,0,30,,35356,11,,,0,70,,35360,11,,,0,30,,35363,11,,,0,70,,35367,11,,,0,31,,35352,11,,,0,70,,35355,11,,,0,29,,35359,11,,,0,70,,28695,11,,,0,30,,35369,11,,,0,70,,35372,11,,,0,30,,28702,11,,,0,70,,35373,11,,,0,30,,28703,11,,,0
4019,'1838',804,,35397,11,,,0,30,,35398,11,,,0,70,,35395,11,,,0,30,,35399,11,,,0,71,,35396,11,,,0,30,,35380,11,,,0,70,,35384,11,,,0,30,,35388,11,,,0,69,,35391,11,,,0,32,,35376,11,,,0,69,,35379,11,,,0,30,,35383,11,,,0,69,,35387,11,,,0,30,,35389,11,,,0,70,,35375,11,,,0,30,,35378,11,,,0,70,,35382,11,,,0,30,,35386,11,,,0,70,,35390,11,,,0,31,,35374,11,,,0,70,,35377,11,,,0,29,,35381,11,,,0,70,,35385,11,,,0,30,,35394,11,,,0,70,,35400,11,,,0,30,,35392,11,,,0,70,,35401,11,,,0,30,,35393,11,,,0
4019,'1850',634,,28806,11,,,0,71,,28832,11,,,0,30,,28807,11,,,0,67,,28808,11,,,0,36,,28809,11,,,0,64,,28810,11,,,0,36,,28811,11,,,0,67,,28812,11,,,0,29,,28813,11,,,0,70,,28814,11,,,0,30,,28815,11,,,0,72,,28816,11,,,0,30,,28817,11,,,0,70,,28818,11,,,0,30,,28819,11,,,0,71,,28820,11,,,0,30,,28821,11,,,0,74,,28822,11,,,0,30,,28823,11,,,0,71,,28824,11,,,0,24,,28825,11,,,0,75,,28826,11,,,0,22,,28827,11,,,0,76,,28828,11,,,0,21,,28829,11,,,0,75,,28830,11,,,0,29,,28831,11,,,0,70,,28800,11,,,0,30,,28801,11,,,0,70,,28802,11,,,0,30,,28803,11,,,0,70,,28804,11,,,0,30,,28805,11,,,0
4019,'1859',704,,28771,11,,,0,30,,28747,11,,,0,71,,28741,11,,,0,30,,28751,11,,,0,70,,28762,11,,,0,30,,28757,11,,,0,70,,28745,11,,,0,829,,28770,11,,,0,170,,28753,11,,,0,30,,28761,11,,,0,70,,28746,11,,,0,30,,28756,11,,,0,70,,28750,11,,,0,30,,28758,11,,,0
4019,'1861',804,,28795,11,,,0,100,,28793,11,,,0,30,,28797,11,,,0,970,,28783,11,,,0,130,,28790,11,,,0,100,,28791,11,,,0
4019,'1862',1035,,35417,11,,,0,70,,35405,11,,,0,30,,35414,11,,,0,69,,35411,11,,,0,32,,35408,11,,,0,69,,35415,11,,,0,30,,35418,11,,,0,70,,35404,11,,,0,30,,35409,11,,,0,70,,35403,11,,,0,30,,35406,11,,,0,70,,35416,11,,,0,30,,35413,11,,,0,70,,35412,11,,,0,30,,35407,11,,,0,70,,35419,11,,,0,99,,35402,11,,,0,30,,35410,11,,,0
4019,'1863',834,,35439,11,,,0,171,,35438,11,,,0,30,,35426,11,,,0,70,,35430,11,,,0,30,,35433,11,,,0,69,,35436,11,,,0,32,,35422,11,,,0,69,,35425,11,,,0,30,,35429,11,,,0,69,,35432,11,,,0,30,,35434,11,,,0,70,,35421,11,,,0,30,,35424,11,,,0,70,,35428,11,,,0,30,,35431,11,,,0,70,,35435,11,,,0,31,,35420,11,,,0,70,,35423,11,,,0,29,,35427,11,,,0,100,,35437,11,,,0,70,,35440,11,,,0,100,,35441,11,,,0
4019,'1864',634,,28839,11,,,0,71,,28865,11,,,0,30,,35443,11,,,0,67,,28841,11,,,0,36,,28842,11,,,0,64,,28843,11,,,0,36,,35444,11,,,0,67,,28845,11,,,0,29,,35445,11,,,0,70,,28847,11,,,0,30,,28848,11,,,0,72,,35446,11,,,0,30,,35447,11,,,0,70,,28851,11,,,0,30,,28852,11,,,0,71,,28853,11,,,0,30,,35448,11,,,0,74,,35449,11,,,0,30,,28856,11,,,0,71,,28857,11,,,0,24,,28858,11,,,0,75,,28859,11,,,0,22,,28860,11,,,0,76,,35450,11,,,0,21,,35451,11,,,0,75,,28863,11,,,0,29,,28864,11,,,0,70,,28833,11,,,0,30,,28834,11,,,0,70,,28835,11,,,0,30,,28836,11,,,0,70,,35442,11,,,0,30,,28838,11,,,0
4019,'1865',634,,35458,11,,,0,71,,35484,11,,,0,30,,35459,11,,,0,67,,35460,11,,,0,36,,35461,11,,,0,64,,35462,11,,,0,36,,35463,11,,,0,67,,35464,11,,,0,29,,35465,11,,,0,70,,35466,11,,,0,30,,35467,11,,,0,72,,35468,11,,,0,30,,35469,11,,,0,70,,35470,11,,,0,30,,35471,11,,,0,71,,35472,11,,,0,30,,35473,11,,,0,74,,35474,11,,,0,30,,35475,11,,,0,71,,35476,11,,,0,24,,35477,11,,,0,75,,35478,11,,,0,22,,35479,11,,,0,76,,35480,11,,,0,21,,35481,11,,,0,75,,35482,11,,,0,29,,35483,11,,,0,70,,35452,11,,,0,30,,35453,11,,,0,70,,35454,11,,,0,30,,35455,11,,,0,70,,35456,11,,,0,30,,35457,11,,,0
4019,'1866',704,,35516,11,,,0,30,,35492,11,,,0,71,,35486,11,,,0,30,,35496,11,,,0,70,,35507,11,,,0,30,,35502,11,,,0,70,,35490,11,,,0,30,,35512,11,,,0,70,,35489,11,,,0,30,,35509,11,,,0,69,,35504,11,,,0,32,,35497,11,,,0,69,,35510,11,,,0,30,,35513,11,,,0,70,,35488,11,,,0,30,,35499,11,,,0,70,,35487,11,,,0,30,,35493,11,,,0,70,,35511,11,,,0,30,,35508,11,,,0,70,,35505,11,,,0,30,,35494,11,,,0,70,,35514,11,,,0,29,,35515,11,,,0,70,,35485,11,,,0,30,,35500,11,,,0,70,,35498,11,,,0,30,,35506,11,,,0,70,,35491,11,,,0,30,,35501,11,,,0,70,,35495,11,,,0,30,,35503,11,,,0
4019,'1867',804,,35540,11,,,0,30,,35541,11,,,0,70,,35538,11,,,0,30,,35542,11,,,0,71,,35539,11,,,0,30,,35523,11,,,0,70,,35527,11,,,0,30,,35531,11,,,0,69,,35534,11,,,0,32,,35519,11,,,0,69,,35522,11,,,0,30,,35526,11,,,0,69,,35530,11,,,0,30,,35532,11,,,0,70,,35518,11,,,0,30,,35521,11,,,0,70,,35525,11,,,0,30,,35529,11,,,0,70,,35533,11,,,0,31,,35517,11,,,0,70,,35520,11,,,0,29,,35524,11,,,0,70,,35528,11,,,0,30,,35537,11,,,0,70,,35543,11,,,0,30,,35535,11,,,0,70,,35544,11,,,0,30,,35536,11,,,0
502019,'1800',641,,32357,8,,,0,70,,39078,8,,,0,30,,32360,8,,,0,70,,39085,8,,,0,31,,32354,8,,,0,70,,39084,8,,,0,30,,32356,8,,,0,71,,32372,8,,,0,30,,32351,8,,,0,70,,39083,8,,,0,30,,32346,8,,,0,71,,32370,8,,,0,30,,39079,8,,,0,70,,32368,8,,,0,30,,32347,8,,,0,70,,32369,8,,,0,30,,32350,8,,,0,70,,39082,8,,,0,30,,32344,8,,,0,70,,32366,8,,,0,30,,32348,8,,,0,69,,32365,8,,,0,30,,32345,8,,,0,70,,32364,8,,,0,30,,32358,8,,,0,70,,39081,8,,,0,30,,39080,8,,,0,68,,32362,8,,,0,30,,32352,8,,,0,70,,32375,8,,,0,30,,32361,8,,,0,70,,32376,8,,,0,30,,32355,8,,,0,69,,32377,8,,,0,30,,32353,8,,,0
502019,'1838',641,,39100,8,,,0,70,,39086,8,,,0,30,,39103,8,,,0,70,,39117,8,,,0,31,,39097,8,,,0,70,,39116,8,,,0,30,,39099,8,,,0,71,,39115,8,,,0,30,,39094,8,,,0,70,,39114,8,,,0,30,,39089,8,,,0,71,,39113,8,,,0,30,,39092,8,,,0,70,,39111,8,,,0,30,,39090,8,,,0,70,,39112,8,,,0,30,,39093,8,,,0,70,,39110,8,,,0,30,,39087,8,,,0,70,,39109,8,,,0,30,,39091,8,,,0,69,,39108,8,,,0,30,,39088,8,,,0,70,,39107,8,,,0,30,,39101,8,,,0,70,,39106,8,,,0,30,,39102,8,,,0,68,,39105,8,,,0,30,,39095,8,,,0,70,,39118,8,,,0,30,,39104,8,,,0,70,,39119,8,,,0,30,,39098,8,,,0,69,,39120,8,,,0,30,,39096,8,,,0
502019,'1850',611,,32482,8,,,0,30,,32483,8,,,0,65,,32523,8,,,0,10,,32484,8,,,0,27,,32485,8,,,0,64,,32486,8,,,0,12,,32487,8,,,0,24,,32488,8,,,0,64,,32489,8,,,0,12,,32490,8,,,0,24,,32491,8,,,0,71,,32492,8,,,0,30,,32493,8,,,0,70,,32494,8,,,0,30,,32495,8,,,0,71,,32496,8,,,0,30,,32497,8,,,0,70,,32498,8,,,0,30,,32499,8,,,0,70,,32500,8,,,0,35,,32501,8,,,0,70,,32502,8,,,0,30,,32503,8,,,0,68,,32504,8,,,0,24,,32505,8,,,0,12,,32506,8,,,0,62,,32507,8,,,0,5,,32524,8,,,0,17,,32508,8,,,0,12,,32509,8,,,0,64,,32510,8,,,0,22,,32511,8,,,0,12,,32512,8,,,0,65,,32513,8,,,0,30,,32514,8,,,0,69,,32515,8,,,0,30,,32516,8,,,0,70,,32517,8,,,0,30,,32518,8,,,0,70,,32519,8,,,0,30,,32520,8,,,0,69,,32521,8,,,0,30,,32522,8,,,0
502019,'1859',641,,32420,8,,,0,70,,32427,8,,,0,30,,32419,8,,,0,70,,32428,8,,,0,31,,32418,8,,,0,70,,32429,8,,,0,30,,32417,8,,,0,71,,32430,8,,,0,30,,32438,8,,,0,70,,32431,8,,,0,30,,32439,8,,,0,71,,32432,8,,,0,30,,32440,8,,,0,70,,32433,8,,,0,30,,32441,8,,,0,70,,32434,8,,,0,30,,32442,8,,,0,70,,32435,8,,,0,30,,32443,8,,,0,70,,32436,8,,,0,30,,32444,8,,,0,69,,32437,8,,,0,30,,32445,8,,,0,70,,32421,8,,,0,30,,32446,8,,,0,70,,32423,8,,,0,98,,32422,8,,,0,30,,32416,8,,,0,70,,32424,8,,,0,30,,32415,8,,,0,70,,32425,8,,,0,30,,32414,8,,,0,70,,32426,8,,,0,30,,32413,8,,,0
502019,'1861',641,,32461,8,,,0,100,,32464,8,,,0,101,,32458,8,,,0,100,,32460,8,,,0,71,,32476,8,,,0,30,,32455,8,,,0,100,,32450,8,,,0,71,,32474,8,,,0,100,,32472,8,,,0,30,,32451,8,,,0,70,,32473,8,,,0,30,,32454,8,,,0,100,,32448,8,,,0,70,,32470,8,,,0,30,,32452,8,,,0,69,,32469,8,,,0,30,,32449,8,,,0,70,,32468,8,,,0,30,,32462,8,,,0,168,,32466,8,,,0,30,,32456,8,,,0,70,,32479,8,,,0,30,,32465,8,,,0,70,,32480,8,,,0,30,,32459,8,,,0,69,,32481,8,,,0,30,,32457,8,,,0
502019,'1863',711,,39121,8,,,0,100,,39128,8,,,0,101,,39127,8,,,0,201,,39126,8,,,0,131,,39122,8,,,0,270,,39125,8,,,0,399,,39124,8,,,0,30,,39123,8,,,0
502019,'1864',611,,39129,8,,,0,30,,32526,8,,,0,65,,32566,8,,,0,10,,39130,8,,,0,27,,39131,8,,,0,64,,32529,8,,,0,12,,39132,8,,,0,24,,39133,8,,,0,64,,32532,8,,,0,12,,39134,8,,,0,24,,32534,8,,,0,71,,32535,8,,,0,30,,39135,8,,,0,70,,39136,8,,,0,30,,39137,8,,,0,71,,32539,8,,,0,30,,32540,8,,,0,70,,32541,8,,,0,30,,39138,8,,,0,70,,32543,8,,,0,35,,32544,8,,,0,70,,32545,8,,,0,30,,32546,8,,,0,68,,32547,8,,,0,24,,39139,8,,,0,12,,39140,8,,,0,62,,32550,8,,,0,5,,39146,8,,,0,17,,32551,8,,,0,12,,32552,8,,,0,64,,39141,8,,,0,22,,32554,8,,,0,12,,39142,8,,,0,65,,39143,8,,,0,30,,32557,8,,,0,69,,39144,8,,,0,30,,32559,8,,,0,70,,39145,8,,,0,30,,32561,8,,,0,70,,32562,8,,,0,30,,32563,8,,,0,69,,32564,8,,,0,30,,32565,8,,,0
502019,'1865',611,,39147,8,,,0,30,,39148,8,,,0,65,,39188,8,,,0,10,,39149,8,,,0,27,,39150,8,,,0,64,,39151,8,,,0,12,,39152,8,,,0,24,,39153,8,,,0,64,,39154,8,,,0,12,,39155,8,,,0,24,,39156,8,,,0,71,,39157,8,,,0,30,,39158,8,,,0,70,,39159,8,,,0,30,,39160,8,,,0,71,,39161,8,,,0,30,,39162,8,,,0,70,,39163,8,,,0,30,,39164,8,,,0,70,,39165,8,,,0,35,,39166,8,,,0,70,,39167,8,,,0,30,,39168,8,,,0,68,,39169,8,,,0,24,,39170,8,,,0,12,,39171,8,,,0,62,,39172,8,,,0,5,,39189,8,,,0,17,,39173,8,,,0,12,,39174,8,,,0,64,,39175,8,,,0,22,,39176,8,,,0,12,,39177,8,,,0,65,,39178,8,,,0,30,,39179,8,,,0,69,,39180,8,,,0,30,,39181,8,,,0,70,,39182,8,,,0,30,,39183,8,,,0,70,,39184,8,,,0,30,,39185,8,,,0,69,,39186,8,,,0,30,,39187,8,,,0
502019,'1866',641,,39197,8,,,0,70,,39204,8,,,0,30,,39196,8,,,0,70,,39205,8,,,0,31,,39195,8,,,0,70,,39206,8,,,0,30,,39194,8,,,0,71,,39207,8,,,0,30,,39215,8,,,0,70,,39208,8,,,0,30,,39216,8,,,0,71,,39209,8,,,0,30,,39217,8,,,0,70,,39210,8,,,0,30,,39218,8,,,0,70,,39211,8,,,0,30,,39219,8,,,0,70,,39212,8,,,0,30,,39220,8,,,0,70,,39213,8,,,0,30,,39221,8,,,0,69,,39214,8,,,0,30,,39222,8,,,0,70,,39198,8,,,0,30,,39223,8,,,0,70,,39200,8,,,0,98,,39199,8,,,0,30,,39193,8,,,0,70,,39201,8,,,0,30,,39192,8,,,0,70,,39202,8,,,0,30,,39191,8,,,0,70,,39203,8,,,0,30,,39190,8,,,0
502019,'1867',641,,39238,8,,,0,70,,39224,8,,,0,30,,39241,8,,,0,70,,39255,8,,,0,31,,39235,8,,,0,70,,39254,8,,,0,30,,39237,8,,,0,71,,39253,8,,,0,30,,39232,8,,,0,70,,39252,8,,,0,30,,39227,8,,,0,71,,39251,8,,,0,30,,39230,8,,,0,70,,39249,8,,,0,30,,39228,8,,,0,70,,39250,8,,,0,30,,39231,8,,,0,70,,39248,8,,,0,30,,39225,8,,,0,70,,39247,8,,,0,30,,39229,8,,,0,69,,39246,8,,,0,30,,39226,8,,,0,70,,39245,8,,,0,30,,39239,8,,,0,70,,39244,8,,,0,30,,39240,8,,,0,68,,39243,8,,,0,30,,39233,8,,,0,70,,39256,8,,,0,30,,39242,8,,,0,70,,39257,8,,,0,30,,39236,8,,,0,69,,39258,8,,,0,30,,39234,8,,,0
14000001029,'1800',559,,42000,44,0,18 7,0,1856,,41998,44,,,0,30,,24949,44,,,0,70,,34783,44,,,0,30,,41999,44,,,0,70,,24948,44,,,0,30,,34781,44,,,0
14000001029,'1838',559,,42007,44,0,18 7,0,1856,,42001,44,,,0,30,,42005,44,,,0,70,,42006,44,,,0,30,,42003,44,,,0,70,,42004,44,,,0,30,,42002,44,,,0
14000001029,'1850',501,,34800,44,0,18 7,0,102,,34801,44,0,18 7,0,1812,,34803,44,,,0,30,,34804,44,,,0,70,,34807,44,,,0,30,,34802,44,,,0,70,,34805,44,,,0,30,,34806,44,,,0
14000001029,'1857',2445,,24920,44,,,0,170,,24921,44,,,0
14000001029,'1859',559,,34793,44,0,18 7,0,1856,,34794,44,,,0,30,,24925,44,,,0,70,,34790,44,,,0,30,,34791,44,,,0,70,,24929,44,,,0,30,,34792,44,,,0
14000001029,'1861',2445,,24935,44,,,0,70,,34798,44,,,0,100,,24934,44,,,0,30,,34796,44,,,0
14000001029,'1863',559,,42010,44,0,18 7,0,1856,,42008,44,,,0,130,,42009,44,,,0
14000001029,'1864',501,,34808,44,0,18 7,0,102,,42011,44,0,18 7,0,1812,,42013,44,,,0,100,,42015,44,,,0,30,,42012,44,,,0,100,,42014,44,,,0
14000001029,'1865',501,,42016,44,0,18 7,0,102,,42017,44,0,18 7,0,1812,,42019,44,,,0,30,,42020,44,,,0,70,,42023,44,,,0,30,,42018,44,,,0,70,,42021,44,,,0,30,,42022,44,,,0
14000001029,'1866',559,,42028,44,0,18 7,0,1856,,42030,44,,,0,30,,42025,44,,,0,70,,42024,44,,,0,30,,42026,44,,,0,70,,42029,44,,,0,30,,42027,44,,,0
14000001029,'1867',559,,42037,44,0,18 7,0,1856,,42031,44,,,0,30,,42035,44,,,0,70,,42036,44,,,0,30,,42033,44,,,0,70,,42034,44,,,0,30,,42032,44,,,0
