16019,'1799',953,,21266,16,,,0,701,,21255,16,,,0,399,,21258,16,,,0
16019,'1800',753,,25891,16,,,0,100,,25893,16,,,0,100,,21281,16,,,0,100,,25901,16,,,0,100,,25892,16,,,0,100,,25894,16,,,0,100,,25895,16,,,0,101,,25898,16,,,0,100,,25897,16,,,0,100,,21270,16,,,0,99,,25899,16,,,0,100,,25900,16,,,0,100,,25896,16,,,0,100,,21273,16,,,0,100,,25902,16,,,0
16019,'1829',624,,21176,16,,,0,30,,21177,16,,,0,70,,21178,16,,,0,30,,21179,16,,,0,70,,21180,16,,,0,30,,21181,16,,,0,70,,21182,16,,,0,100,,21184,16,,,0,30,,21185,16,,,0,170,,21188,16,,,0,30,,21189,16,,,0,70,,21190,16,,,0,30,,21191,16,,,0,70,,21192,16,,,0,30,,21193,16,,,0,70,,21194,16,,,0,30,,21195,16,,,0,70,,21196,16,,,0,230,,21201,16,,,0,70,,21202,16,,,0,130,,21205,16,,,0,170,,21175,16,,,0
16019,'1831',623,,21229,16,,,0,30,,21225,16,,,0,70,,21233,16,,,0,30,,21217,16,,,0,70,,21231,16,,,0,30,,21212,16,,,0,70,,21210,16,,,0,30,,21207,16,,,0,70,,21218,16,,,0,30,,21228,16,,,0,70,,21222,16,,,0,30,,21230,16,,,0,70,,21214,16,,,0,30,,21232,16,,,0,70,,21209,16,,,0,30,,21220,16,,,0,71,,21219,16,,,0,30,,21223,16,,,0,70,,21224,16,,,0,30,,21208,16,,,0,70,,21216,16,,,0,30,,21226,16,,,0,69,,21211,16,,,0,30,,21215,16,,,0,70,,21221,16,,,0,30,,21235,16,,,0,70,,21227,16,,,0,30,,21234,16,,,0,70,,21213,16,,,0,30,,21237,16,,,0,100,,21236,16,,,0,70,,21206,16,,,0
16019,'1832',753,,21238,16,,,0,100,,21241,16,,,0,200,,21250,16,,,0,100,,21239,16,,,0,100,,21242,16,,,0,100,,21244,16,,,0,101,,21247,16,,,0,100,,21246,16,,,0,199,,21248,16,,,0,100,,21249,16,,,0,100,,21245,16,,,0,200,,21252,16,,,0
16019,'1833',953,,21251,16,,,0,701,,21240,16,,,0,399,,21243,16,,,0
16019,'1834',753,,21253,16,,,0,100,,21256,16,,,0,200,,21265,16,,,0,100,,21254,16,,,0,100,,21257,16,,,0,100,,21259,16,,,0,101,,21262,16,,,0,100,,21261,16,,,0,199,,21263,16,,,0,100,,21264,16,,,0,100,,21260,16,,,0,200,,21267,16,,,0
16019,'1835',954,,25905,16,,,0,170,,25906,16,,,0,30,,25907,16,,,0,500,,25908,16,,,0,70,,25909,16,,,0,30,,25910,16,,,0,70,,25911,16,,,0,130,,25912,16,,,0,70,,25913,16,,,0,100,,25903,16,,,0,30,,25904,16,,,0
16019,'1837',753,,25914,16,,,0,100,,25916,16,,,0,200,,25924,16,,,0,100,,25915,16,,,0,100,,25917,16,,,0,100,,25918,16,,,0,101,,25921,16,,,0,100,,25920,16,,,0,199,,25922,16,,,0,100,,25923,16,,,0,100,,25919,16,,,0,200,,25925,16,,,0
16019,'1838',753,,25926,16,,,0,100,,25928,16,,,0,200,,25936,16,,,0,100,,25927,16,,,0,100,,25929,16,,,0,100,,25930,16,,,0,101,,25933,16,,,0,100,,25932,16,,,0,199,,25934,16,,,0,100,,25935,16,,,0,100,,25931,16,,,0,200,,25937,16,,,0
