19029,'1800',613,,37645,6,,,0,112,,37646,6,,,0,100,,30990,6,,,0,30,,37643,6,,,0,70,,30983,6,,,0,30,,30986,6,,,0,71,,37628,6,,,0,30,,37632,6,,,0,70,,37636,6,,,0,30,,37639,6,,,0,70,,37640,6,,,0,30,,37626,6,,,0,70,,37631,6,,,0,30,,37635,6,,,0,71,,37638,6,,,0,30,,37641,6,,,0,70,,37625,6,,,0,30,,37630,6,,,0,70,,37634,6,,,0,30,,37637,6,,,0,69,,37642,6,,,0,30,,37627,6,,,0,70,,37629,6,,,0,30,,37633,6,,,0,70,,30993,6,,,0,30,,37649,6,,,0,85,,37647,6,,,0,100,,37648,6,,,0,100,,37644,6,,,0,84,,30967,6,,,0
19029,'1838',613,,37674,6,,,0,112,,37675,6,,,0,100,,37673,6,,,0,30,,37671,6,,,0,70,,37666,6,,,0,30,,37669,6,,,0,71,,37654,6,,,0,30,,37658,6,,,0,70,,37662,6,,,0,30,,37665,6,,,0,70,,37667,6,,,0,30,,37652,6,,,0,70,,37657,6,,,0,30,,37661,6,,,0,71,,37664,6,,,0,30,,37668,6,,,0,70,,37651,6,,,0,30,,37656,6,,,0,70,,37660,6,,,0,30,,37663,6,,,0,69,,37670,6,,,0,30,,37653,6,,,0,70,,37655,6,,,0,30,,37659,6,,,0,70,,37676,6,,,0,30,,37679,6,,,0,85,,37677,6,,,0,100,,37678,6,,,0,100,,37672,6,,,0,84,,37650,6,,,0
19029,'1850',826,,31097,6,,,0,30,,31099,6,,,0,70,,31090,6,,,0,30,,31089,6,,,0,70,,31094,6,,,0,30,,31095,6,,,0,70,,31092,6,,,0,30,,31096,6,,,0,70,,31098,6,,,0,30,,31100,6,,,0,70,,31091,6,,,0,30,,31093,6,,,0,70,,31101,6,,,0,30,,31103,6,,,0,71,,31110,6,,,0,299,,31105,6,,,0,30,,31104,6,,,0,70,,31109,6,,,0,100,,31108,6,,,0,100,,31107,6,,,0,99,,31106,6,,,0,100,,31102,6,,,0
19029,'1859',615,,31051,6,,,0,40,,31052,6,,,0,70,,31045,6,,,0,30,,31029,6,,,0,70,,31047,6,,,0,30,,31046,6,,,0,70,,31027,6,,,0,30,,31041,6,,,0,71,,31048,6,,,0,830,,31028,6,,,0,70,,31053,6,,,0,110,,31057,6,,,0,70,,31054,6,,,0,100,,31055,6,,,0,100,,31056,6,,,0,25,,31031,6,,,0
19029,'1861',825,,31082,6,,,0,100,,31075,6,,,0,30,,31078,6,,,0,971,,31085,6,,,0,399,,31059,6,,,0
19029,'1862',1056,,37683,6,,,0,70,,37692,6,,,0,30,,37682,6,,,0,70,,37691,6,,,0,30,,37688,6,,,0,70,,37694,6,,,0,30,,37695,6,,,0,71,,37686,6,,,0,30,,37681,6,,,0,70,,37685,6,,,0,30,,37690,6,,,0,70,,37687,6,,,0,30,,37693,6,,,0,69,,37680,6,,,0,30,,37689,6,,,0,70,,37684,6,,,0
19029,'1863',613,,37716,6,,,0,112,,37717,6,,,0,130,,37714,6,,,0,171,,37699,6,,,0,30,,37703,6,,,0,70,,37707,6,,,0,30,,37710,6,,,0,70,,37711,6,,,0,30,,37697,6,,,0,70,,37702,6,,,0,30,,37706,6,,,0,71,,37709,6,,,0,30,,37712,6,,,0,70,,37696,6,,,0,30,,37701,6,,,0,70,,37705,6,,,0,30,,37708,6,,,0,69,,37713,6,,,0,30,,37698,6,,,0,70,,37700,6,,,0,30,,37704,6,,,0,100,,37720,6,,,0,85,,37718,6,,,0,100,,37719,6,,,0,100,,37715,6,,,0
19029,'1864',826,,31119,6,,,0,30,,31121,6,,,0,70,,31112,6,,,0,30,,31111,6,,,0,70,,31116,6,,,0,30,,37724,6,,,0,70,,37722,6,,,0,30,,37725,6,,,0,70,,37726,6,,,0,30,,37727,6,,,0,70,,37721,6,,,0,30,,37723,6,,,0,70,,37728,6,,,0,30,,37729,6,,,0,71,,37732,6,,,0,299,,37730,6,,,0,30,,31126,6,,,0,70,,31131,6,,,0,100,,31130,6,,,0,100,,31129,6,,,0,99,,37731,6,,,0,100,,31124,6,,,0
19029,'1865',826,,37741,6,,,0,30,,37743,6,,,0,70,,37734,6,,,0,30,,37733,6,,,0,70,,37738,6,,,0,30,,37739,6,,,0,70,,37736,6,,,0,30,,37740,6,,,0,70,,37742,6,,,0,30,,37744,6,,,0,70,,37735,6,,,0,30,,37737,6,,,0,70,,37745,6,,,0,30,,37747,6,,,0,71,,37754,6,,,0,299,,37749,6,,,0,30,,37748,6,,,0,70,,37753,6,,,0,100,,37752,6,,,0,100,,37751,6,,,0,99,,37750,6,,,0,100,,37746,6,,,0
19029,'1866',615,,37779,6,,,0,40,,37780,6,,,0,70,,37773,6,,,0,30,,37757,6,,,0,70,,37775,6,,,0,30,,37774,6,,,0,70,,37755,6,,,0,30,,37769,6,,,0,71,,37776,6,,,0,30,,37762,6,,,0,70,,37772,6,,,0,30,,37761,6,,,0,70,,37771,6,,,0,30,,37767,6,,,0,70,,37778,6,,,0,30,,37786,6,,,0,71,,37765,6,,,0,30,,37760,6,,,0,70,,37764,6,,,0,30,,37770,6,,,0,70,,37766,6,,,0,30,,37777,6,,,0,69,,37758,6,,,0,30,,37768,6,,,0,70,,37763,6,,,0,30,,37756,6,,,0,70,,37781,6,,,0,110,,37785,6,,,0,70,,37782,6,,,0,100,,37783,6,,,0,100,,37784,6,,,0,25,,37759,6,,,0
19029,'1867',613,,37811,6,,,0,112,,37812,6,,,0,100,,37810,6,,,0,30,,37808,6,,,0,70,,37803,6,,,0,30,,37806,6,,,0,71,,37791,6,,,0,30,,37795,6,,,0,70,,37799,6,,,0,30,,37802,6,,,0,70,,37804,6,,,0,30,,37789,6,,,0,70,,37794,6,,,0,30,,37798,6,,,0,71,,37801,6,,,0,30,,37805,6,,,0,70,,37788,6,,,0,30,,37793,6,,,0,70,,37797,6,,,0,30,,37800,6,,,0,69,,37807,6,,,0,30,,37790,6,,,0,70,,37792,6,,,0,30,,37796,6,,,0,70,,37813,6,,,0,30,,37816,6,,,0,85,,37814,6,,,0,100,,37815,6,,,0,100,,37809,6,,,0,84,,37787,6,,,0
10019029,'1850',615,,34645,7,,,0,30,,34648,7,,,0,70,,34647,7,,,0,30,,34649,7,,,0,802,,34654,7,,,0,70,,34652,7,,,0,30,,34650,7,,,0,70,,34655,7,,,0,29,,34651,7,,,0,210,,34653,7,,,0
10019029,'1864',615,,34656,7,,,0,30,,34659,7,,,0,70,,41888,7,,,0,30,,34660,7,,,0,802,,34665,7,,,0,70,,34663,7,,,0,30,,41889,7,,,0,70,,41892,7,,,0,29,,41890,7,,,0,210,,41891,7,,,0
10019029,'1865',615,,41893,7,,,0,30,,41896,7,,,0,70,,41895,7,,,0,30,,41897,7,,,0,802,,41902,7,,,0,70,,41900,7,,,0,30,,41898,7,,,0,70,,41903,7,,,0,29,,41899,7,,,0,210,,41901,7,,,0
