2019,'1816',635,,5782,21,,,0,70,,5789,30,,,0,30,,5798,30,,,0,70,,5805,30,,,0,30,,5783,30,,,0,70,,5790,30,,,0,30,,5799,30,,,0,70,,5806,30,,,0,30,,5784,30,,,0,70,,5791,30,,,0,30,,5800,30,,,0,70,,5807,30,,,0,30,,5785,30,,,0,70,,5792,30,,,0,30,,5801,30,,,0,70,,5808,30,,,0,30,,5786,30,,,0,70,,5793,30,,,0,30,,5802,30,,,0,70,,5809,30,,,0,30,,5787,30,,,0,70,,5794,30,,,0,30,,5803,30,,,0,70,,5810,30,,,0,30,,5788,30,,,0,70,,5795,30,,,0,30,,5804,30,,,0,100,,5796,30,,,0,100,,5811,30,,,0,100,,5797,30,,,0,99,,5812,30,,,0
2019,'1817',704,,9439,30,,,0,30,,9416,30,,,0,70,,9420,30,,,0,30,,9432,30,,,0,71,,9427,30,,,0,30,,9417,30,,,0,70,,9421,30,,,0,30,,9433,30,,,0,70,,9428,30,,,0,30,,9418,30,,,0,70,,9422,30,,,0,30,,9434,30,,,0,70,,9429,30,,,0,30,,9419,30,,,0,70,,9423,30,,,0,30,,9435,30,,,0,70,,9430,30,,,0,30,,9414,30,,,0,70,,9424,30,,,0,30,,9436,30,,,0,70,,9431,30,,,0,30,,9412,30,,,0,70,,9425,30,,,0,30,,9437,30,,,0,100,,9413,30,,,0,100,,9438,30,,,0,100,,9415,30,,,0,100,,9426,30,,,0,99,,9440,30,,,0
2019,'1820',459,,13795,21,0,5 2 13 14,0
2019,'1821',635,,5750,30,,,0,70,,5751,30,,,0,30,,5752,30,,,0,70,,5753,30,,,0,31,,5754,30,,,0,69,,5755,30,,,0,30,,5756,30,,,0,70,,5757,30,,,0,30,,5758,30,,,0,70,,5759,30,,,0,30,,5760,30,,,0,70,,5761,30,,,0,30,,5762,30,,,0,70,,5763,30,,,0,30,,5764,30,,,0,70,,5765,30,,,0,31,,5766,30,,,0,70,,5767,30,,,0,30,,5768,30,,,0,70,,5769,30,,,0,30,,5770,30,,,0,69,,5771,30,,,0,30,,5772,30,,,0,70,,5773,30,,,0,30,,5774,30,,,0,70,,5780,30,,,0,30,,5775,30,,,0,100,,5776,30,,,0,100,,5777,30,,,0,100,,5778,30,,,0,101,,5779,30,,,0
2019,'1823',459,,16712,21,0,5 2 13 14,0
14000001019,'1816',2529,,9276,37,,,0
14000001019,'1817',2429,,19136,37,,,0,30,,19135,37,,,0,70,,13721,37,,,0,30,,19137,37,,,0,70,,19134,37,,,0
14000001019,'1820',2429,,16506,37,,,0,30,,16504,37,,,0,100,,16505,37,,,0,70,,16503,37,,,0
14000001019,'1821',2529,,9270,37,,,0
14000001019,'1823',2429,,19141,37,,,0,30,,19139,37,,,0,100,,19140,37,,,0,70,,19138,37,,,0
14000001019,'1824',2429,,19145,37,,,0,30,,19142,37,,,0,100,,19144,37,,,0,70,,19143,37,,,0
