11019,'1800',922,,29840,29,,,0,100,,36443,29,,,0,103,,36444,29,,,0,102,,29843,29,,,0,100,,36445,29,,,0,100,,36446,29,,,0,100,,29846,29,,,0,99,,36447,29,,,0,100,,36448,29,,,0,97,,29849,29,,,0,98,,29850,29,,,0,100,,36449,29,,,0
11019,'1838',922,,36451,29,,,0,100,,36452,29,,,0,103,,36453,29,,,0,102,,36454,29,,,0,100,,36455,29,,,0,100,,36456,29,,,0,100,,36457,29,,,0,99,,36458,29,,,0,100,,36459,29,,,0,97,,36460,29,,,0,98,,36461,29,,,0,100,,36462,29,,,0
11019,'1850',722,,29894,29,,,0,102,,29895,29,,,0,100,,29896,29,,,0,100,,29897,29,,,0,100,,29898,29,,,0,100,,29899,29,,,0,100,,29900,29,,,0,100,,29901,29,,,0,100,,29902,29,,,0,100,,29903,29,,,0,100,,29904,29,,,0,98,,29905,29,,,0,100,,29906,29,,,0,100,,29907,29,,,0,98,,29908,29,,,0
11019,'1859',922,,29870,29,,,0,100,,29871,29,,,0,405,,29875,29,,,0,199,,29877,29,,,0,100,,29878,29,,,0
11019,'1861',922,,29881,29,,,0,305,,29884,29,,,0,300,,29887,29,,,0,296,,29890,29,,,0,98,,29891,29,,,0
11019,'1862',721,,36466,29,,,0,100,,36467,29,,,0,301,,36468,29,,,0,105,,36469,29,,,0,100,,36470,29,,,0,200,,36471,29,,,0,296,,36472,29,,,0,98,,36464,29,,,0,100,,36465,29,,,0
11019,'1863',1022,,36474,29,,,0,103,,36475,29,,,0,202,,36476,29,,,0,100,,36477,29,,,0,199,,36478,29,,,0,100,,36479,29,,,0,295,,36480,29,,,0
11019,'1864',722,,29910,29,,,0,102,,29911,29,,,0,100,,29912,29,,,0,100,,36482,29,,,0,100,,29914,29,,,0,100,,36483,29,,,0,100,,36484,29,,,0,100,,36485,29,,,0,100,,36486,29,,,0,100,,36487,29,,,0,100,,36488,29,,,0,98,,36489,29,,,0,100,,36490,29,,,0,100,,29923,29,,,0,98,,36491,29,,,0
11019,'1865',722,,36492,29,,,0,102,,36493,29,,,0,100,,36494,29,,,0,100,,36495,29,,,0,100,,36496,29,,,0,100,,36497,29,,,0,100,,36498,29,,,0,100,,36499,29,,,0,100,,36500,29,,,0,100,,36501,29,,,0,100,,36502,29,,,0,98,,36503,29,,,0,100,,36504,29,,,0,100,,36505,29,,,0,98,,36506,29,,,0
11019,'1866',721,,36510,29,,,0,100,,36511,29,,,0,101,,36512,29,,,0,100,,36513,29,,,0,100,,36514,29,,,0,105,,36515,29,,,0,100,,36516,29,,,0,100,,36517,29,,,0,100,,36518,29,,,0,99,,36519,29,,,0,100,,36520,29,,,0,97,,36521,29,,,0,98,,36508,29,,,0,100,,36509,29,,,0
11019,'1867',922,,36523,29,,,0,100,,36524,29,,,0,103,,36525,29,,,0,102,,36526,29,,,0,100,,36527,29,,,0,100,,36528,29,,,0,100,,36529,29,,,0,99,,36530,29,,,0,100,,36531,29,,,0,97,,36532,29,,,0,98,,36533,29,,,0,100,,36534,29,,,0
