4029,'1799',857,,19991,10,,,0,170,,19984,10,,,0,199,,19980,10,,,0,200,,19976,10,,,0,200,,19972,10,,,0,200,,19995,10,,,0,102,,19994,10,,,0,30,,19987,10,,,0,100,,19985,10,,,0,100,,19986,10,,,0
4029,'1800',727,,25092,10,,,0,30,,25093,10,,,0,70,,25090,10,,,0,30,,20020,10,,,0,71,,25091,10,,,0,30,,25087,10,,,0,69,,20013,10,,,0,30,,25078,10,,,0,70,,25082,10,,,0,30,,25084,10,,,0,69,,20009,10,,,0,30,,25088,10,,,0,70,,25079,10,,,0,30,,25081,10,,,0,70,,20005,10,,,0,30,,25086,10,,,0,70,,25089,10,,,0,30,,25080,10,,,0,70,,20001,10,,,0,30,,25083,10,,,0,70,,25085,10,,,0,30,,25095,10,,,0,70,,20024,10,,,0,32,,25096,10,,,0,70,,20023,10,,,0,30,,20016,10,,,0,70,,25094,10,,,0,30,,20014,10,,,0,100,,20015,10,,,0
4029,'1829',730,,19878,10,,,0,125,,19881,10,,,0,201,,19885,10,,,0,70,,19886,10,,,0,201,,19890,10,,,0,100,,19892,10,,,0,176,,19895,10,,,0
4029,'1831',629,,19932,10,,,0,98,,19934,10,,,0,130,,19937,10,,,0,171,,19919,10,,,0,29,,19912,10,,,0,70,,19923,10,,,0,129,,19911,10,,,0,70,,19916,10,,,0,130,,19926,10,,,0,70,,19921,10,,,0,30,,19913,10,,,0,170,,19931,10,,,0,30,,19922,10,,,0,174,,19914,10,,,0,98,,19915,10,,,0,100,,19930,10,,,0
4029,'1832',727,,19961,10,,,0,30,,19963,10,,,0,70,,19959,10,,,0,101,,19960,10,,,0,30,,19952,10,,,0,99,,19940,10,,,0,70,,19945,10,,,0,30,,19948,10,,,0,99,,19953,10,,,0,70,,19941,10,,,0,30,,19944,10,,,0,100,,19950,10,,,0,70,,19954,10,,,0,30,,19942,10,,,0,100,,19946,10,,,0,70,,19949,10,,,0,30,,19967,10,,,0,102,,19968,10,,,0,170,,19964,10,,,0
4029,'1833',857,,19962,10,,,0,170,,19955,10,,,0,199,,19951,10,,,0,200,,19947,10,,,0,200,,19943,10,,,0,200,,19966,10,,,0,102,,19965,10,,,0,30,,19958,10,,,0,100,,19956,10,,,0,100,,19957,10,,,0
4029,'1834',727,,19990,10,,,0,30,,19992,10,,,0,70,,19988,10,,,0,101,,19989,10,,,0,30,,19981,10,,,0,99,,19969,10,,,0,70,,19974,10,,,0,30,,19977,10,,,0,99,,19982,10,,,0,70,,19970,10,,,0,30,,19973,10,,,0,100,,19979,10,,,0,70,,19983,10,,,0,30,,19971,10,,,0,100,,19975,10,,,0,70,,19978,10,,,0,30,,19996,10,,,0,102,,19997,10,,,0,170,,19993,10,,,0
4029,'1835',627,,25097,10,,,0,30,,25098,10,,,0,98,,25099,10,,,0,76,,25100,10,,,0,95,,25101,10,,,0,30,,25102,10,,,0,70,,25103,10,,,0,131,,25104,10,,,0,70,,25105,10,,,0,30,,25106,10,,,0,100,,25107,10,,,0,145,,25108,10,,,0,25,,25109,10,,,0,100,,25110,10,,,0,76,,25111,10,,,0,24,,25112,10,,,0,76,,25113,10,,,0,26,,25114,10,,,0,29,,25115,10,,,0,70,,25116,10,,,0,30,,25117,10,,,0,70,,25118,10,,,0,30,,25119,10,,,0,70,,25120,10,,,0,30,,25121,10,,,0
4029,'1836',657,,25133,10,,,0,100,,25134,10,,,0,70,,25135,10,,,0,101,,25136,10,,,0,30,,25129,10,,,0,198,,25132,10,,,0,70,,25128,10,,,0,130,,25130,10,,,0,70,,25124,10,,,0,200,,25122,10,,,0,30,,25131,10,,,0,170,,25125,10,,,0,29,,25137,10,,,0,145,,25123,10,,,0,58,,25127,10,,,0,100,,25126,10,,,0
4029,'1837',727,,25152,10,,,0,30,,25153,10,,,0,70,,25150,10,,,0,101,,25151,10,,,0,30,,25147,10,,,0,99,,25138,10,,,0,70,,25142,10,,,0,30,,25144,10,,,0,99,,25148,10,,,0,70,,25139,10,,,0,30,,25141,10,,,0,100,,25146,10,,,0,70,,25149,10,,,0,30,,25140,10,,,0,100,,25143,10,,,0,70,,25145,10,,,0,30,,25155,10,,,0,102,,25156,10,,,0,170,,25154,10,,,0
4029,'1838',727,,25171,10,,,0,30,,25172,10,,,0,70,,25169,10,,,0,101,,25170,10,,,0,30,,25166,10,,,0,99,,25157,10,,,0,70,,25161,10,,,0,30,,25163,10,,,0,99,,25167,10,,,0,70,,25158,10,,,0,30,,25160,10,,,0,100,,25165,10,,,0,70,,25168,10,,,0,30,,25159,10,,,0,100,,25162,10,,,0,70,,25164,10,,,0,30,,25174,10,,,0,102,,25175,10,,,0,170,,25173,10,,,0
