15029,'1838',729,,36977,39,,,0,98,,45082,39,,,0,100,,36974,39,,,0,100,,36975,39,,,0,101,,45083,39,,,0,100,,36972,39,,,0,100,,36969,39,,,0,102,,45081,39,,,0,100,,36971,39,,,0,100,,36968,39,,,0,99,,45080,39,,,0,99,,36966,39,,,0,100,,36967,39,,,0,100,,45079,39,,,0
15029,'1865',655,,36995,39,,,0,69,,36996,39,,,0,33,,36997,39,,,0,71,,45086,39,,,0,73,,36999,39,,,0,30,,37000,39,,,0,25,,37001,39,,,0,70,,37002,39,,,0,30,,37003,39,,,0,70,,45087,39,,,0,30,,45088,39,,,0,70,,42575,39,,,0,30,,45089,39,,,0,70,,45090,39,,,0,30,,42576,39,,,0,70,,37010,39,,,0,33,,45091,39,,,0,75,,37012,39,,,0,72,,37013,39,,,0,30,,45092,39,,,0,68,,45093,39,,,0,24,,37016,39,,,0,29,,37017,39,,,0,69,,37018,39,,,0,27,,45094,39,,,0,70,,37020,39,,,0,30,,45095,39,,,0,70,,45096,39,,,0,30,,37023,39,,,0,100,,45098,39,,,0,97,,45097,39,,,0
15029,'1866',734,,37029,39,,,0,93,,37030,39,,,0,100,,45100,39,,,0,100,,37032,39,,,0,101,,37033,39,,,0,100,,45101,39,,,0,100,,37035,39,,,0,103,,37036,39,,,0,100,,45102,39,,,0,100,,37038,39,,,0,98,,37039,39,,,0,99,,45103,39,,,0,100,,37026,39,,,0,100,,37027,39,,,0
15029,'1867',729,,37054,39,,,0,98,,45107,39,,,0,100,,37051,39,,,0,100,,37052,39,,,0,101,,45108,39,,,0,100,,37049,39,,,0,100,,37046,39,,,0,102,,45106,39,,,0,100,,37048,39,,,0,100,,37045,39,,,0,99,,45105,39,,,0,99,,37043,39,,,0,100,,37044,39,,,0,100,,45104,39,,,0
15029,'1873',734,,30423,39,,,0,93,,30424,39,,,0,200,,30426,39,,,0,101,,30427,39,,,0,200,,30429,39,,,0,103,,30430,39,,,0,200,,30432,39,,,0,98,,30433,39,,,0,199,,30420,39,,,0,100,,30421,39,,,0
15029,'1878',729,,30448,39,,,0,198,,30445,39,,,0,100,,30446,39,,,0,201,,30443,39,,,0,100,,30440,39,,,0,202,,30442,39,,,0,100,,30439,39,,,0,198,,30437,39,,,0,100,,30438,39,,,0
15029,'1881',828,,36979,39,,,0,298,,36980,39,,,0,30,,36981,39,,,0,100,,36983,39,,,0,70,,36984,39,,,0,133,,36986,39,,,0,177,,36987,39,,,0,68,,36988,39,,,0,149,,30508,39,,,0,100,,36989,39,,,0,70,,42580,39,,,0,130,,36992,39,,,0,97,,36991,39,,,0
15029,'1882',655,,30484,39,,,0,69,,30485,39,,,0,33,,30486,39,,,0,144,,30488,39,,,0,30,,30489,39,,,0,25,,30490,39,,,0,70,,30491,39,,,0,30,,30492,39,,,0,170,,42578,39,,,0,130,,42579,39,,,0,70,,30499,39,,,0,108,,30501,39,,,0,72,,30502,39,,,0,122,,30505,39,,,0,29,,30506,39,,,0,69,,30507,39,,,0,97,,30509,39,,,0,130,,30512,39,,,0
15029,'1886',828,,45111,39,,,0,298,,45112,39,,,0,30,,45113,39,,,0,100,,45114,39,,,0,70,,45115,39,,,0,133,,45116,39,,,0,177,,45117,39,,,0,68,,45118,39,,,0,149,,45119,39,,,0,100,,45120,39,,,0,70,,45121,39,,,0,130,,45123,39,,,0,97,,45122,39,,,0
15029,'1887',927,,45125,39,,,0,301,,45126,39,,,0,303,,45127,39,,,0,297,,45128,39,,,0
15029,'1888',827,,45132,39,,,0,301,,45133,39,,,0,302,,45131,39,,,0,299,,45130,39,,,0,299,,45129,39,,,0
