502029,'1799',930,,23165,4,,,0,115,,23176,4,,,0,85,,23163,4,,,0,200,,23161,4,,,0,200,,23159,4,,,0,200,,23157,4,,,0,15,,23171,4,,,0,185,,23155,4,,,0,70,,23143,4,,,0,30,,23154,4,,,0,70,,23144,4,,,0,30,,23152,4,,,0,70,,23149,4,,,0,30,,23153,4,,,0,70,,23146,4,,,0
502029,'1800',606,,26740,4,,,0,28,,26726,4,,,0,25,,26735,4,,,0,70,,26747,4,,,0,71,,26737,4,,,0,30,,26746,4,,,0,70,,26736,4,,,0,30,,23215,4,,,0,70,,26727,4,,,0,30,,26745,4,,,0,15,,23226,4,,,0,55,,26728,4,,,0,15,,26756,4,,,0,15,,23213,4,,,0,15,,26759,4,,,0,55,,26729,4,,,0,15,,26750,4,,,0,15,,26744,4,,,0,15,,26752,4,,,0,55,,26730,4,,,0,15,,26754,4,,,0,15,,23211,4,,,0,15,,26757,4,,,0,55,,26731,4,,,0,15,,26758,4,,,0,15,,26743,4,,,0,15,,26749,4,,,0,55,,26732,4,,,0,15,,26751,4,,,0,15,,23209,4,,,0,15,,26753,4,,,0,55,,26733,4,,,0,15,,26755,4,,,0,15,,26742,4,,,0,15,,26760,4,,,0,55,,26734,4,,,0,15,,26748,4,,,0,15,,23207,4,,,0,15,,23221,4,,,0,55,,26739,4,,,0,30,,26741,4,,,0,70,,26738,4,,,0,30,,23205,4,,,0,70,,23193,4,,,0,30,,23204,4,,,0,70,,23194,4,,,0,30,,23202,4,,,0,70,,23199,4,,,0,30,,23203,4,,,0,70,,23196,4,,,0
502029,'1829',545,,22959,4,,,0,70,,22961,4,,,0,30,,22964,4,,,0,65,,22966,4,,,0,12,,22967,4,,,0,6,,22968,4,,,0,18,,22970,4,,,0,12,,22972,4,,,0,64,,22974,4,,,0,78,,22977,4,,,0,15,,22978,4,,,0,100,,22982,4,,,0,30,,22984,4,,,0,155,,22989,4,,,0,30,,22991,4,,,0,216,,23000,4,,,0,106,,23005,4,,,0,578,,23024,4,,,0,100,,23026,4,,,0
502029,'1831',634,,23043,4,,,0,70,,23035,4,,,0,30,,23044,4,,,0,66,,23034,4,,,0,30,,23045,4,,,0,70,,23033,4,,,0,30,,23046,4,,,0,70,,23073,4,,,0,130,,23066,4,,,0,70,,23075,4,,,0,30,,23067,4,,,0,170,,23077,4,,,0,30,,23069,4,,,0,170,,23079,4,,,0,30,,23071,4,,,0,70,,23080,4,,,0,45,,23055,4,,,0,85,,23039,4,,,0,100,,23040,4,,,0,100,,23041,4,,,0,100,,23037,4,,,0,100,,23042,4,,,0
502029,'1832',606,,23101,4,,,0,28,,23083,4,,,0,25,,23092,4,,,0,70,,23117,4,,,0,71,,23097,4,,,0,30,,23116,4,,,0,70,,23095,4,,,0,100,,23084,4,,,0,30,,23114,4,,,0,70,,23085,4,,,0,15,,23128,4,,,0,30,,23131,4,,,0,55,,23086,4,,,0,15,,23120,4,,,0,15,,23112,4,,,0,15,,23123,4,,,0,55,,23087,4,,,0,15,,23125,4,,,0,30,,23129,4,,,0,55,,23088,4,,,0,15,,23130,4,,,0,15,,23110,4,,,0,15,,23119,4,,,0,55,,23089,4,,,0,15,,23122,4,,,0,30,,23124,4,,,0,55,,23090,4,,,0,15,,23127,4,,,0,15,,23108,4,,,0,15,,23132,4,,,0,55,,23091,4,,,0,15,,23118,4,,,0,85,,23100,4,,,0,30,,23106,4,,,0,70,,23098,4,,,0
502029,'1833',930,,23115,4,,,0,115,,23126,4,,,0,85,,23113,4,,,0,200,,23111,4,,,0,200,,23109,4,,,0,200,,23107,4,,,0,15,,23121,4,,,0,185,,23105,4,,,0,70,,23093,4,,,0,30,,23104,4,,,0,70,,23094,4,,,0,30,,23102,4,,,0,70,,23099,4,,,0,30,,23103,4,,,0,70,,23096,4,,,0
502029,'1834',606,,23151,4,,,0,28,,23133,4,,,0,25,,23142,4,,,0,70,,23167,4,,,0,71,,23147,4,,,0,30,,23166,4,,,0,70,,23145,4,,,0,100,,23134,4,,,0,30,,23164,4,,,0,70,,23135,4,,,0,15,,23178,4,,,0,30,,23181,4,,,0,55,,23136,4,,,0,15,,23170,4,,,0,15,,23162,4,,,0,15,,23173,4,,,0,55,,23137,4,,,0,15,,23175,4,,,0,30,,23179,4,,,0,55,,23138,4,,,0,15,,23180,4,,,0,15,,23160,4,,,0,15,,23169,4,,,0,55,,23139,4,,,0,15,,23172,4,,,0,30,,23174,4,,,0,55,,23140,4,,,0,15,,23177,4,,,0,15,,23158,4,,,0,15,,23182,4,,,0,55,,23141,4,,,0,15,,23168,4,,,0,85,,23150,4,,,0,30,,23156,4,,,0,70,,23148,4,,,0
502029,'1835',530,,26761,4,,,0,70,,26762,4,,,0,22,,26763,4,,,0,8,,26764,4,,,0,27,,26765,4,,,0,77,,26766,4,,,0,18,,26767,4,,,0,58,,26768,4,,,0,24,,26769,4,,,0,12,,26770,4,,,0,84,,26771,4,,,0,15,,26772,4,,,0,55,,26773,4,,,0,30,,26774,4,,,0,70,,26775,4,,,0,15,,26776,4,,,0,15,,26777,4,,,0,15,,26778,4,,,0,70,,26779,4,,,0,30,,26780,4,,,0,55,,26781,4,,,0,15,,26782,4,,,0,15,,26783,4,,,0,15,,26784,4,,,0,55,,26785,4,,,0,16,,26786,4,,,0,15,,26787,4,,,0,70,,26788,4,,,0,15,,26789,4,,,0,12,,26790,4,,,0,12,,26791,4,,,0,64,,26792,4,,,0,12,,26793,4,,,0,12,,26794,4,,,0,12,,26795,4,,,0,12,,26796,4,,,0,51,,26797,4,,,0,12,,26798,4,,,0,12,,26799,4,,,0,12,,26800,4,,,0,12,,26801,4,,,0,52,,26802,4,,,0,12,,26803,4,,,0,15,,26804,4,,,0,15,,26812,4,,,0,55,,26805,4,,,0,30,,26806,4,,,0,70,,26807,4,,,0,30,,26808,4,,,0,70,,26809,4,,,0,100,,26810,4,,,0,100,,26811,4,,,0
502029,'1836',604,,26817,4,,,0,15,,26844,4,,,0,326,,26819,4,,,0,70,,26827,4,,,0,15,,26836,4,,,0,15,,26820,4,,,0,55,,26840,4,,,0,15,,26828,4,,,0,30,,26821,4,,,0,70,,26829,4,,,0,30,,26822,4,,,0,55,,26841,4,,,0,15,,26830,4,,,0,15,,26837,4,,,0,15,,26823,4,,,0,70,,26831,4,,,0,30,,26824,4,,,0,55,,26842,4,,,0,15,,26832,4,,,0,15,,26838,4,,,0,15,,26825,4,,,0,70,,26833,4,,,0,30,,26826,4,,,0,70,,26834,4,,,0,15,,26818,4,,,0,70,,26839,4,,,0,15,,26835,4,,,0,30,,26843,4,,,0,155,,26816,4,,,0,100,,26815,4,,,0,100,,26814,4,,,0,100,,26813,4,,,0
502029,'1837',606,,26859,4,,,0,28,,26845,4,,,0,25,,26854,4,,,0,70,,26866,4,,,0,71,,26856,4,,,0,30,,26865,4,,,0,70,,26855,4,,,0,100,,26846,4,,,0,30,,26864,4,,,0,70,,26847,4,,,0,15,,26875,4,,,0,30,,26878,4,,,0,55,,26848,4,,,0,15,,26869,4,,,0,15,,26863,4,,,0,15,,26871,4,,,0,55,,26849,4,,,0,15,,26873,4,,,0,30,,26876,4,,,0,55,,26850,4,,,0,15,,26877,4,,,0,15,,26862,4,,,0,15,,26868,4,,,0,55,,26851,4,,,0,15,,26870,4,,,0,30,,26872,4,,,0,55,,26852,4,,,0,15,,26874,4,,,0,15,,26861,4,,,0,15,,26879,4,,,0,55,,26853,4,,,0,15,,26867,4,,,0,85,,26858,4,,,0,30,,26860,4,,,0,70,,26857,4,,,0
502029,'1838',606,,26894,4,,,0,28,,26880,4,,,0,25,,26889,4,,,0,70,,26901,4,,,0,71,,26891,4,,,0,30,,26900,4,,,0,70,,26890,4,,,0,100,,26881,4,,,0,30,,26899,4,,,0,70,,26882,4,,,0,15,,26910,4,,,0,30,,26913,4,,,0,55,,26883,4,,,0,15,,26904,4,,,0,15,,26898,4,,,0,15,,26906,4,,,0,55,,26884,4,,,0,15,,26908,4,,,0,30,,26911,4,,,0,55,,26885,4,,,0,15,,26912,4,,,0,15,,26897,4,,,0,15,,26903,4,,,0,55,,26886,4,,,0,15,,26905,4,,,0,30,,26907,4,,,0,55,,26887,4,,,0,15,,26909,4,,,0,15,,26896,4,,,0,15,,26914,4,,,0,55,,26888,4,,,0,15,,26902,4,,,0,85,,26893,4,,,0,30,,26895,4,,,0,70,,26892,4,,,0
