15029,'1838',736,,36977,50,,,0,98,,45082,50,,,0,100,,36974,50,,,0,100,,36975,50,,,0,102,,45083,50,,,0,100,,36972,50,,,0,100,,36969,50,,,0,102,,45081,50,,,0,100,,36971,50,,,0,99,,36968,50,,,0,99,,45080,50,,,0,99,,36966,50,,,0,100,,36967,50,,,0,100,,45079,50,,,0
15029,'1865',611,,45084,10,,,0,20,,45085,10,,,0,71,,36995,50,,,0,30,,36996,50,,,0,74,,36997,50,,,0,31,,45086,50,,,0,73,,36999,50,,,0,30,,37000,50,,,0,65,,37001,50,,,0,30,,37002,50,,,0,70,,37003,50,,,0,30,,45087,50,,,0,70,,45088,50,,,0,30,,42575,50,,,0,70,,45089,50,,,0,30,,45090,50,,,0,70,,42576,50,,,0,31,,37010,50,,,0,73,,45091,50,,,0,35,,37012,50,,,0,72,,37013,50,,,0,29,,45092,50,,,0,67,,45093,50,,,0,23,,37016,50,,,0,69,,37017,50,,,0,29,,37018,50,,,0,67,,45094,50,,,0,30,,37020,50,,,0,70,,45095,50,,,0,30,,45096,50,,,0,70,,37023,50,,,0,100,,45098,50,,,0,57,,45097,50,,,0
15029,'1866',608,,45099,10,,,0,133,,37029,50,,,0,93,,37030,50,,,0,100,,45100,50,,,0,100,,37032,50,,,0,101,,37033,50,,,0,100,,45101,50,,,0,100,,37035,50,,,0,105,,37036,50,,,0,100,,45102,50,,,0,98,,37038,50,,,0,98,,37039,50,,,0,99,,45103,50,,,0,100,,37026,50,,,0,100,,37027,50,,,0
15029,'1867',736,,37054,50,,,0,98,,45107,50,,,0,100,,37051,50,,,0,100,,37052,50,,,0,102,,45108,50,,,0,100,,37049,50,,,0,100,,37046,50,,,0,102,,45106,50,,,0,100,,37048,50,,,0,99,,37045,50,,,0,99,,45105,50,,,0,99,,37043,50,,,0,100,,37044,50,,,0,100,,45104,50,,,0
15029,'1873',741,,30423,50,,,0,93,,30424,50,,,0,200,,30426,50,,,0,101,,30427,50,,,0,200,,30429,50,,,0,105,,30430,50,,,0,198,,30432,50,,,0,98,,30433,50,,,0,199,,30420,50,,,0,100,,30421,50,,,0
15029,'1878',736,,30448,50,,,0,198,,30445,50,,,0,100,,30446,50,,,0,202,,30443,50,,,0,100,,30440,50,,,0,202,,30442,50,,,0,99,,30439,50,,,0,198,,30437,50,,,0,100,,30438,50,,,0
15029,'1881',611,,30482,10,,,0,20,,36978,10,,,0,206,,36979,50,,,0,298,,36980,50,,,0,70,,36981,50,,,0,100,,36983,50,,,0,30,,36984,50,,,0,174,,36986,50,,,0,136,,36987,50,,,0,67,,36988,50,,,0,188,,30508,50,,,0,100,,36989,50,,,0,30,,42580,50,,,0,170,,36992,50,,,0,57,,36991,50,,,0
15029,'1882',702,,30484,50,,,0,30,,30485,50,,,0,74,,30486,50,,,0,104,,30488,50,,,0,30,,30489,50,,,0,65,,30490,50,,,0,30,,30491,50,,,0,70,,30492,50,,,0,130,,42578,50,,,0,170,,42579,50,,,0,31,,30499,50,,,0,108,,30501,50,,,0,72,,30502,50,,,0,119,,30505,50,,,0,69,,30506,50,,,0,29,,30507,50,,,0,97,,30509,50,,,0,170,,30512,50,,,0
15029,'1886',611,,45109,10,,,0,20,,45110,10,,,0,206,,45111,50,,,0,298,,45112,50,,,0,70,,45113,50,,,0,100,,45114,50,,,0,30,,45115,50,,,0,174,,45116,50,,,0,136,,45117,50,,,0,67,,45118,50,,,0,188,,45119,50,,,0,100,,45120,50,,,0,30,,45121,50,,,0,170,,45123,50,,,0,57,,45122,50,,,0
15029,'1887',608,,45124,10,,,0,326,,45125,50,,,0,301,,45126,50,,,0,305,,45127,50,,,0,295,,45128,50,,,0
15029,'1888',834,,45132,50,,,0,302,,45133,50,,,0,302,,45131,50,,,0,298,,45130,50,,,0,299,,45129,50,,,0
