6019,'1799',1049,,20102,5,,,0,200,,20101,5,,,0,200,,20100,5,,,0,200,,20099,5,,,0,200,,20098,5,,,0
6019,'1800',849,,25177,5,,,0,100,,25176,5,,,0,100,,20114,5,,,0,100,,25181,5,,,0,100,,20113,5,,,0,100,,25180,5,,,0,100,,20112,5,,,0,100,,25179,5,,,0,100,,20111,5,,,0,100,,25178,5,,,0,100,,20110,5,,,0,100,,25182,5,,,0
6019,'1829',724,,20033,17,,,0,30,,20034,17,,,0,70,,20035,17,,,0,101,,20037,17,,,0,30,,20038,17,,,0,100,,20040,17,,,0,70,,20041,17,,,0,30,,20042,17,,,0,70,,20043,17,,,0,30,,20044,17,,,0,70,,20045,17,,,0,30,,20046,17,,,0,70,,20047,17,,,0,102,,20049,17,,,0,30,,20050,17,,,0,170,,20053,17,,,0,27,,20054,17,,,0,70,,20055,17,,,0,30,,20056,17,,,0,67,,20031,17,,,0
6019,'1831',650,,20060,17,,,0,70,,20059,17,,,0,28,,20079,17,,,0,70,,20072,17,,,0,30,,20062,17,,,0,100,,20080,17,,,0,171,,20083,17,,,0,30,,20069,17,,,0,170,,20082,17,,,0,30,,20067,17,,,0,70,,20076,17,,,0,130,,20065,17,,,0,70,,20075,17,,,0,130,,20063,17,,,0,70,,20074,17,,,0,30,,20061,17,,,0
6019,'1832',849,,20091,5,,,0,100,,20085,5,,,0,200,,20095,5,,,0,200,,20094,5,,,0,200,,20093,5,,,0,200,,20092,5,,,0,200,,20096,5,,,0
6019,'1833',1049,,20090,5,,,0,200,,20089,5,,,0,200,,20088,5,,,0,200,,20087,5,,,0,200,,20086,5,,,0
6019,'1834',849,,20103,5,,,0,100,,20097,5,,,0,200,,20107,5,,,0,200,,20106,5,,,0,200,,20105,5,,,0,200,,20104,5,,,0,200,,20108,5,,,0
6019,'1835',656,,25187,17,,,0,198,,25188,17,,,0,171,,25189,17,,,0,432,,25190,17,,,0,170,,25191,17,,,0,30,,25192,17,,,0,361,,25183,17,,,0,100,,25185,17,,,0,100,,25184,17,,,0,100,,25186,17,,,0
6019,'1836',918,,25199,17,,,0,101,,25202,17,,,0,30,,25198,17,,,0,170,,25201,17,,,0,30,,25197,17,,,0,200,,25196,17,,,0,70,,25203,17,,,0,130,,25195,17,,,0,70,,25193,17,,,0,199,,25200,17,,,0,101,,25204,5,,,0,100,,25194,5,,,0
6019,'1837',849,,25206,5,,,0,100,,25205,5,,,0,200,,25210,5,,,0,200,,25209,5,,,0,200,,25208,5,,,0,200,,25207,5,,,0,200,,25211,5,,,0
6019,'1838',849,,25213,5,,,0,100,,25212,5,,,0,200,,25217,5,,,0,200,,25216,5,,,0,200,,25215,5,,,0,200,,25214,5,,,0,200,,25218,5,,,0
