2019,'1790',701,,5840,26,,,0,30,,5817,26,,,0,70,,5821,26,,,0,30,,5833,26,,,0,70,,5828,26,,,0,30,,5818,26,,,0,70,,5822,26,,,0,30,,5834,26,,,0,70,,5829,26,,,0,30,,5819,26,,,0,70,,5823,26,,,0,30,,5835,26,,,0,70,,5830,26,,,0,30,,5820,26,,,0,70,,5824,26,,,0,30,,5836,26,,,0,70,,5831,26,,,0,30,,5815,26,,,0,70,,5825,26,,,0,30,,5837,26,,,0,70,,5832,26,,,0,30,,5813,26,,,0,70,,5826,26,,,0,30,,5838,26,,,0,100,,5814,26,,,0,100,,5839,26,,,0,100,,5816,26,,,0,100,,5827,26,,,0,99,,5841,26,,,0
2019,'1791',631,,5750,26,,,0,70,,5751,26,,,0,30,,5752,26,,,0,70,,5753,26,,,0,31,,5754,26,,,0,69,,5755,26,,,0,30,,5756,26,,,0,70,,5757,26,,,0,30,,5758,26,,,0,70,,5759,26,,,0,30,,5760,26,,,0,70,,5761,26,,,0,30,,5762,26,,,0,70,,5763,26,,,0,30,,5764,26,,,0,70,,5765,26,,,0,30,,5766,26,,,0,70,,5767,26,,,0,30,,5768,26,,,0,70,,5769,26,,,0,30,,5770,26,,,0,70,,5771,26,,,0,30,,5772,26,,,0,70,,5773,26,,,0,30,,5774,26,,,0,70,,5780,26,,,0,30,,5775,26,,,0,100,,5776,26,,,0,100,,5777,26,,,0,100,,5778,26,,,0,100,,5779,26,,,0
2019,'1794',701,,9439,26,,,0,30,,9416,26,,,0,70,,9420,26,,,0,30,,9432,26,,,0,70,,9427,26,,,0,30,,9417,26,,,0,70,,9421,26,,,0,30,,9433,26,,,0,70,,9428,26,,,0,30,,9418,26,,,0,70,,9422,26,,,0,30,,9434,26,,,0,70,,9429,26,,,0,30,,9419,26,,,0,70,,9423,26,,,0,30,,9435,26,,,0,70,,9430,26,,,0,30,,9414,26,,,0,70,,9424,26,,,0,30,,9436,26,,,0,70,,9431,26,,,0,30,,9412,26,,,0,70,,9425,26,,,0,30,,9437,26,,,0,100,,9413,26,,,0,100,,9438,26,,,0,100,,9415,26,,,0,100,,9426,26,,,0,99,,9440,26,,,0
2019,'1808',631,,5782,17,,,0,70,,5789,26,,,0,30,,5798,26,,,0,70,,5805,26,,,0,30,,5783,26,,,0,70,,5790,26,,,0,30,,5799,26,,,0,70,,5806,26,,,0,30,,5784,26,,,0,70,,5791,26,,,0,30,,5800,26,,,0,70,,5807,26,,,0,30,,5785,26,,,0,70,,5792,26,,,0,30,,5801,26,,,0,70,,5808,26,,,0,30,,5786,26,,,0,70,,5793,26,,,0,30,,5802,26,,,0,70,,5809,26,,,0,30,,5787,26,,,0,70,,5794,26,,,0,30,,5803,26,,,0,70,,5810,26,,,0,30,,5788,26,,,0,70,,5795,26,,,0,30,,5804,26,,,0,100,,5796,26,,,0,100,,5811,26,,,0,100,,5797,26,,,0,100,,5812,26,,,0
2019,'1815',455,,13795,17,0,5 2 13 14,0
702019,'1791',655,,13014,1,,,0,64,,13048,1,,,0,21,,13015,1,,,0,78,,13017,1,,,0,17,,13049,1,,,0,12,,13047,1,,,0,68,,13018,1,,,0,30,,13019,1,,,0,70,,13020,1,,,0,100,,13021,1,,,0,100,,13023,1,,,0,200,,13027,1,,,0,95,,13050,1,,,0,220,,13034,1,,,0,85,,13036,1,,,0,100,,13038,1,,,0,30,,13039,1,,,0,100,,13041,1,,,0,70,,13042,1,,,0,100,,13044,1,,,0,120,,13052,1,,,0
702019,'1794',1045,,12986,1,,,0,200,,12971,1,,,0
702019,'1808',645,,13080,1,,,0,70,,13082,1,,,0,100,,13079,1,,,0,30,,13081,1,,,0,100,,13086,1,,,0,170,,13066,1,,,0
702019,'1809',645,,16093,1,,,0,70,,16083,1,,,0,30,,16103,1,,,0,70,,16089,1,,,0,30,,16082,1,,,0,70,,16102,1,,,0,30,,16092,1,,,0,70,,16081,1,,,0,30,,13114,1,,,0,70,,16088,1,,,0,30,,16080,1,,,0,70,,16094,1,,,0,30,,13099,1,,,0,70,,16079,1,,,0,30,,16101,1,,,0,70,,16087,1,,,0,30,,16078,1,,,0,70,,16098,1,,,0,30,,16091,1,,,0,70,,16077,1,,,0,30,,16097,1,,,0,70,,16086,1,,,0,30,,16076,1,,,0,70,,16096,1,,,0,30,,16085,1,,,0,70,,16075,1,,,0,30,,16100,1,,,0,70,,16084,1,,,0,30,,16074,1,,,0,70,,16099,1,,,0,30,,16090,1,,,0,70,,16073,1,,,0,30,,16095,1,,,0,65,,16104,1,,,0,25,,16105,1,,,0
702019,'1813',745,,13085,1,,,0,170,,13083,1,,,0,100,,13084,1,,,0,30,,13059,1,,,0,100,,13073,1,,,0,70,,13053,1,,,0,30,,13060,1,,,0,70,,13067,1,,,0,30,,13074,1,,,0,70,,13054,1,,,0,30,,13061,1,,,0,70,,13068,1,,,0,30,,13075,1,,,0,70,,13055,1,,,0,30,,13062,1,,,0,70,,13069,1,,,0,30,,13076,1,,,0,70,,13056,1,,,0,30,,13063,1,,,0,70,,13070,1,,,0,30,,13077,1,,,0,70,,13057,1,,,0,30,,13064,1,,,0,70,,13071,1,,,0,30,,13078,1,,,0,70,,13058,1,,,0,30,,13065,1,,,0,65,,13072,1,,,0,25,,13087,1,,,0
702019,'1814',645,,12981,1,,,0,70,,12970,1,,,0,30,,12992,1,,,0,70,,12977,1,,,0,30,,12969,1,,,0,70,,12991,1,,,0,30,,12980,1,,,0,70,,12968,1,,,0,100,,12976,1,,,0,30,,12967,1,,,0,70,,12982,1,,,0,100,,12966,1,,,0,30,,12990,1,,,0,70,,12975,1,,,0,30,,12965,1,,,0,70,,12987,1,,,0,30,,12979,1,,,0,70,,12964,1,,,0,30,,12985,1,,,0,70,,12974,1,,,0,30,,12963,1,,,0,70,,12984,1,,,0,30,,12973,1,,,0,70,,12962,1,,,0,30,,12989,1,,,0,70,,12972,1,,,0,30,,12961,1,,,0,70,,12988,1,,,0,30,,12978,1,,,0,70,,12960,1,,,0,30,,12983,1,,,0,65,,12993,1,,,0,25,,12994,1,,,0
702019,'1815',630,,16106,1,,,0,125,,16107,1,,,0,390,,16108,1,,,0,100,,16109,1,,,0,70,,16110,1,,,0,30,,16111,1,,,0,100,,16112,1,,,0,85,,16113,1,,,0,20,,16114,1,,,0,60,,16115,1,,,0,20,,16116,1,,,0,20,,16124,1,,,0,60,,16117,1,,,0,40,,16118,1,,,0,95,,16119,1,,,0,170,,16120,1,,,0,130,,16121,1,,,0,100,,16122,1,,,0,65,,16123,1,,,0
702019,'1816',745,,16152,1,,,0,170,,16150,1,,,0,100,,16151,1,,,0,30,,16131,1,,,0,100,,16144,1,,,0,70,,16125,1,,,0,30,,16132,1,,,0,70,,16138,1,,,0,30,,16145,1,,,0,70,,16126,1,,,0,30,,16133,1,,,0,70,,16139,1,,,0,30,,16146,1,,,0,70,,16127,1,,,0,30,,16134,1,,,0,70,,16140,1,,,0,30,,16147,1,,,0,70,,16128,1,,,0,30,,16135,1,,,0,70,,16141,1,,,0,30,,16148,1,,,0,70,,16129,1,,,0,30,,16136,1,,,0,70,,16142,1,,,0,30,,16149,1,,,0,70,,16130,1,,,0,30,,16137,1,,,0,65,,16143,1,,,0,25,,16153,1,,,0
702019,'1817',645,,16174,1,,,0,70,,16164,1,,,0,30,,16184,1,,,0,70,,16170,1,,,0,30,,16163,1,,,0,70,,16183,1,,,0,30,,16173,1,,,0,70,,16162,1,,,0,100,,16169,1,,,0,30,,16161,1,,,0,70,,16175,1,,,0,100,,16160,1,,,0,30,,16182,1,,,0,70,,16168,1,,,0,30,,16159,1,,,0,70,,16179,1,,,0,30,,16172,1,,,0,70,,16158,1,,,0,30,,16178,1,,,0,70,,16167,1,,,0,30,,16157,1,,,0,70,,16177,1,,,0,30,,16166,1,,,0,70,,16156,1,,,0,30,,16181,1,,,0,70,,16165,1,,,0,30,,16155,1,,,0,70,,16180,1,,,0,30,,16171,1,,,0,70,,16154,1,,,0,30,,16176,1,,,0,65,,16185,1,,,0,25,,16186,1,,,0
702029,'1791',647,,13205,19,4,,0,72,,13261,19,4,,0,18,,13206,19,4,,0,79,,13208,19,4,,0,14,,13209,19,4,,0,14,,13259,19,4,,0,70,,13260,19,4,,0,30,,13210,19,4,,0,70,,13211,19,4,,0,100,,13212,19,4,,0,100,,13214,19,4,,0,200,,13218,19,4,,0,86,,13263,19,4,,0,230,,13224,19,4,,0,81,,13226,19,4,,0,99,,13227,19,4,,0,30,,13228,19,4,,0,100,,13230,19,4,,0,70,,13231,19,4,,0,100,,13233,19,4,,0,121,,13262,19,4,,0
702029,'1794',1041,,13152,19,4,,0,200,,13141,19,4,,0
702029,'1808',643,,13301,19,4,,0,65,,13268,19,4,,0,100,,13285,19,4,,0,32,,13293,19,4,,0,100,,13278,19,4,,0,171,,13270,19,4,,0
702029,'1809',643,,16208,19,4,,0,65,,16197,19,4,,0,30,,16210,19,4,,0,70,,16206,19,4,,0,32,,16196,19,4,,0,70,,16209,19,4,,0,30,,16198,19,4,,0,70,,16195,19,4,,0,31,,13360,19,4,,0,70,,16201,19,4,,0,30,,16194,19,4,,0,70,,16217,19,4,,0,30,,13349,19,4,,0,70,,16193,19,4,,0,32,,16211,19,4,,0,70,,16204,19,4,,0,30,,16192,19,4,,0,70,,16212,19,4,,0,30,,16200,19,4,,0,70,,16191,19,4,,0,30,,16218,19,4,,0,70,,16199,19,4,,0,28,,16190,19,4,,0,70,,16214,19,4,,0,28,,16207,19,4,,0,70,,16189,19,4,,0,30,,16215,19,4,,0,70,,16203,19,4,,0,30,,16188,19,4,,0,70,,16213,19,4,,0,28,,16205,19,4,,0,70,,16187,19,4,,0,30,,16216,19,4,,0,70,,16202,19,4,,0,25,,16221,19,4,,0
702029,'1813',738,,13277,19,4,,0,172,,13269,19,4,,0,100,,13286,19,4,,0,31,,13294,19,4,,0,100,,13279,19,4,,0,70,,13287,19,4,,0,30,,13295,19,4,,0,70,,13271,19,4,,0,32,,13280,19,4,,0,70,,13288,19,4,,0,30,,13296,19,4,,0,70,,13272,19,4,,0,30,,13281,19,4,,0,70,,13289,19,4,,0,30,,13297,19,4,,0,70,,13273,19,4,,0,28,,13282,19,4,,0,70,,13290,19,4,,0,28,,13298,19,4,,0,70,,13274,19,4,,0,30,,13283,19,4,,0,70,,13291,19,4,,0,30,,13299,19,4,,0,70,,13275,19,4,,0,28,,13284,19,4,,0,70,,13292,19,4,,0,30,,13300,19,4,,0,70,,13276,19,4,,0,25,,13330,19,4,,0
702029,'1814',643,,13145,19,4,,0,65,,13133,19,4,,0,30,,13147,19,4,,0,70,,13143,19,4,,0,32,,13132,19,4,,0,70,,13146,19,4,,0,30,,13134,19,4,,0,70,,13131,19,4,,0,101,,13137,19,4,,0,30,,13130,19,4,,0,70,,13155,19,4,,0,100,,13129,19,4,,0,32,,13148,19,4,,0,70,,13140,19,4,,0,30,,13128,19,4,,0,70,,13149,19,4,,0,30,,13136,19,4,,0,70,,13127,19,4,,0,30,,13156,19,4,,0,70,,13135,19,4,,0,28,,13126,19,4,,0,70,,13151,19,4,,0,28,,13144,19,4,,0,70,,13125,19,4,,0,30,,13153,19,4,,0,70,,13139,19,4,,0,30,,13124,19,4,,0,70,,13150,19,4,,0,28,,13142,19,4,,0,70,,13123,19,4,,0,30,,13154,19,4,,0,70,,13138,19,4,,0,25,,13185,19,4,,0
702029,'1815',627,,16222,19,4,,0,127,,16223,19,4,,0,390,,16224,19,4,,0,100,,16225,19,4,,0,70,,16226,19,4,,0,30,,16227,19,4,,0,101,,16228,19,4,,0,85,,16229,19,4,,0,15,,16258,19,4,,0,55,,16230,19,4,,0,30,,16232,19,4,,0,15,,16231,19,4,,0,55,,16259,19,4,,0,44,,16233,19,4,,0,96,,16261,19,4,,0,170,,16234,19,4,,0,130,,16235,19,4,,0,100,,16236,19,4,,0,66,,16237,19,4,,0
702029,'1816',738,,16269,19,4,,0,172,,16262,19,4,,0,100,,16276,19,4,,0,31,,16283,19,4,,0,100,,16270,19,4,,0,70,,16277,19,4,,0,30,,16284,19,4,,0,70,,16263,19,4,,0,32,,16271,19,4,,0,70,,16278,19,4,,0,30,,16285,19,4,,0,70,,16264,19,4,,0,30,,16272,19,4,,0,70,,16279,19,4,,0,30,,16286,19,4,,0,70,,16265,19,4,,0,28,,16273,19,4,,0,70,,16280,19,4,,0,28,,16287,19,4,,0,70,,16266,19,4,,0,30,,16274,19,4,,0,70,,16281,19,4,,0,30,,16288,19,4,,0,70,,16267,19,4,,0,28,,16275,19,4,,0,70,,16282,19,4,,0,30,,16289,19,4,,0,70,,16268,19,4,,0,25,,16300,19,4,,0
702029,'1817',643,,16322,19,4,,0,65,,16311,19,4,,0,30,,16324,19,4,,0,70,,16320,19,4,,0,32,,16310,19,4,,0,70,,16323,19,4,,0,30,,16312,19,4,,0,70,,16309,19,4,,0,101,,16315,19,4,,0,30,,16308,19,4,,0,70,,16331,19,4,,0,100,,16307,19,4,,0,32,,16325,19,4,,0,70,,16318,19,4,,0,30,,16306,19,4,,0,70,,16326,19,4,,0,30,,16314,19,4,,0,70,,16305,19,4,,0,30,,16332,19,4,,0,70,,16313,19,4,,0,28,,16304,19,4,,0,70,,16328,19,4,,0,28,,16321,19,4,,0,70,,16303,19,4,,0,30,,16329,19,4,,0,70,,16317,19,4,,0,30,,16302,19,4,,0,70,,16327,19,4,,0,28,,16319,19,4,,0,70,,16301,19,4,,0,30,,16330,19,4,,0,70,,16316,19,4,,0,25,,16335,19,4,,0
