1029,'1790',611,,5732,30,,,0,98,,5733,30,,,0,100,,5734,30,,,0,101,,5735,30,,,0,101,,5736,30,,,0,100,,5737,30,,,0,100,,5738,30,,,0,100,,5739,30,,,0,100,,5740,30,,,0,100,,5741,30,,,0,99,,5742,30,,,0,100,,5743,30,,,0,100,,5744,30,,,0,100,,5745,30,,,0,100,,5746,30,,,0,100,,5747,30,,,0,98,,5748,30,,,0,100,,5749,30,,,0
1029,'1791',611,,9387,30,,,0,36,,9388,30,,,0,68,,9407,30,,,0,30,,9384,30,,,0,168,,9382,30,,,0,31,,9389,30,,,0,170,,9378,30,,,0,99,,9383,30,,,0,130,,9385,30,,,0,71,,9380,30,,,0,31,,9408,30,,,0,269,,9392,30,,,0,30,,9359,30,,,0,67,,9397,30,,,0,30,,9396,30,,,0,100,,9394,30,,,0,69,,9409,30,,,0,30,,9403,30,,,0,100,,9401,30,,,0,100,,9399,30,,,0,65,,9398,30,,,0
1029,'1794',611,,9360,30,,,0,98,,9361,30,,,0,100,,9362,30,,,0,101,,9363,30,,,0,101,,9364,30,,,0,100,,9365,30,,,0,100,,9366,30,,,0,100,,9367,30,,,0,100,,9368,30,,,0,100,,9369,30,,,0,99,,9370,30,,,0,100,,9371,30,,,0,100,,9372,30,,,0,100,,9373,30,,,0,100,,9374,30,,,0,100,,9375,30,,,0,98,,9376,30,,,0,100,,9377,30,,,0
1029,'1808',611,,5702,30,,,0,28,,5714,30,,,0,70,,5721,30,,,0,30,,5709,30,,,0,70,,5730,30,,,0,30,,5718,30,,,0,71,,5701,30,,,0,31,,5713,30,,,0,70,,5724,30,,,0,30,,5708,30,,,0,70,,5731,30,,,0,30,,5717,30,,,0,70,,5700,30,,,0,30,,5712,30,,,0,70,,5723,30,,,0,30,,5707,30,,,0,70,,5703,30,,,0,30,,5716,30,,,0,70,,5699,30,,,0,30,,5711,30,,,0,69,,5719,30,,,0,30,,5706,30,,,0,70,,5728,30,,,0,30,,5715,30,,,0,70,,5698,30,,,0,30,,5710,30,,,0,70,,5722,30,,,0,30,,5704,30,,,0,70,,5726,30,,,0,30,,5725,30,,,0,70,,5697,30,,,0,30,,5705,30,,,0,68,,5720,30,,,0,30,,5729,30,,,0,70,,5727,30,,,0
1029,'1815',815,,13781,30,,,0,30,,13794,30,,,0,169,,13792,30,,,0,30,,13783,30,,,0,100,,13793,30,,,0,99,,13784,30,,,0,70,,13791,30,,,0,204,,13782,30,,,0,30,,13785,30,,,0,69,,13790,30,,,0,29,,13786,30,,,0,266,,13787,30,,,0,199,,13789,30,,,0,100,,13788,30,,,0
31019,'1790',603,,7503,10,,,0,50,,7486,22,,,0,100,,7487,22,,,0,101,,7488,22,,,0,100,,7489,22,,,0,100,,7490,22,,,0,100,,7491,22,,,0,100,,7492,22,,,0,100,,7493,22,,,0,100,,7494,22,,,0,100,,7495,22,,,0,100,,7496,22,,,0,100,,7497,22,,,0,100,,7498,22,,,0,100,,7499,22,,,0,100,,7500,22,,,0,99,,7501,22,,,0,100,,7502,22,,,0
31019,'1791',654,,11504,22,,,0,72,,11519,22,,,0,129,,11512,22,,,0,99,,11507,22,,,0,170,,11518,22,,,0,30,,11513,22,,,0,70,,11524,22,,,0,230,,11510,22,,,0,71,,11484,22,,,0,30,,11508,22,,,0,70,,11522,22,,,0,99,,11517,22,,,0,30,,11511,22,,,0,70,,11523,22,,,0,100,,11539,22,,,0,130,,11514,22,,,0
31019,'1794',603,,11502,10,,,0,50,,11485,22,,,0,100,,11486,22,,,0,101,,11487,22,,,0,100,,11488,22,,,0,100,,11489,22,,,0,100,,11490,22,,,0,100,,11491,22,,,0,100,,11492,22,,,0,100,,11493,22,,,0,100,,11494,22,,,0,100,,11495,22,,,0,100,,11496,22,,,0,100,,11497,22,,,0,100,,11498,22,,,0,100,,11499,22,,,0,99,,11500,22,,,0,100,,11501,22,,,0
31019,'1808',603,,7484,10,,,0,26,,7477,10,,,0,24,,7454,22,,,0,70,,7470,22,,,0,30,,7483,22,,,0,71,,7466,22,,,0,30,,7460,22,,,0,70,,7476,22,,,0,30,,7453,22,,,0,70,,7469,22,,,0,30,,7478,22,,,0,70,,7465,22,,,0,30,,7459,22,,,0,70,,7475,22,,,0,30,,7452,22,,,0,70,,7468,22,,,0,30,,7481,22,,,0,70,,7464,22,,,0,30,,7458,22,,,0,70,,7474,22,,,0,30,,7451,22,,,0,70,,7467,22,,,0,30,,7480,22,,,0,70,,7463,22,,,0,30,,7457,22,,,0,70,,7473,22,,,0,30,,7450,22,,,0,70,,7485,22,,,0,30,,7479,22,,,0,100,,7456,22,,,0,99,,7449,22,,,0,100,,7482,22,,,0
31019,'1815',603,,15013,10,,,0,26,,15012,10,,,0,126,,15011,22,,,0,70,,15001,22,,,0,99,,15005,22,,,0,102,,15003,22,,,0,28,,15010,22,,,0,200,,14999,22,,,0,70,,15004,22,,,0,30,,15009,22,,,0,70,,15002,22,,,0,231,,15008,22,,,0,199,,14998,22,,,0,100,,15007,22,,,0,200,,15000,22,,,0,100,,15006,22,,,0
