1029,'1800',557,,28457,7,,,0,98,,28458,7,,,0,100,,28459,7,,,0,100,,28460,7,,,0,100,,28461,7,,,0,100,,28462,7,,,0,100,,28463,7,,,0,100,,28464,7,,,0,100,,28465,7,,,0,100,,28466,7,,,0,100,,28467,7,,,0,100,,28468,7,,,0,100,,28469,7,,,0,100,,28470,7,,,0,100,,28471,7,,,0,100,,28472,7,,,0,99,,28473,7,,,0,100,,28474,7,,,0
1029,'1838',557,,34957,7,,,0,98,,34958,7,,,0,100,,34959,7,,,0,100,,34960,7,,,0,100,,34961,7,,,0,100,,34962,7,,,0,100,,34963,7,,,0,100,,34964,7,,,0,100,,34965,7,,,0,100,,34966,7,,,0,100,,34967,7,,,0,100,,34968,7,,,0,100,,34969,7,,,0,100,,34970,7,,,0,100,,34971,7,,,0,100,,34972,7,,,0,99,,34973,7,,,0,100,,34974,7,,,0
1029,'1850',554,,28555,7,,,0,71,,28556,7,,,0,26,,28576,7,,,0,68,,28552,7,,,0,30,,28547,7,,,0,70,,28580,7,,,0,30,,28550,7,,,0,72,,28557,7,,,0,30,,28575,7,,,0,70,,28554,7,,,0,30,,28546,7,,,0,70,,28579,7,,,0,30,,28551,7,,,0,69,,28558,7,,,0,30,,28574,7,,,0,70,,28553,7,,,0,31,,28548,7,,,0,70,,28577,7,,,0,32,,28549,7,,,0,70,,28559,7,,,0,30,,28573,7,,,0,69,,28562,7,,,0,30,,28561,7,,,0,69,,28560,7,,,0,34,,28566,7,,,0,70,,28565,7,,,0,30,,28564,7,,,0,70,,28563,7,,,0,30,,28578,7,,,0,70,,28572,7,,,0,30,,28571,7,,,0,70,,28570,7,,,0,30,,28569,7,,,0,70,,28568,7,,,0,25,,28567,7,,,0
1029,'1859',557,,28498,7,,,0,68,,28510,7,,,0,30,,28517,7,,,0,70,,28505,7,,,0,30,,28526,7,,,0,70,,28514,7,,,0,30,,28497,7,,,0,70,,28509,7,,,0,30,,28520,7,,,0,70,,28504,7,,,0,30,,28527,7,,,0,70,,28513,7,,,0,30,,28496,7,,,0,70,,28508,7,,,0,30,,28519,7,,,0,70,,28503,7,,,0,30,,28499,7,,,0,70,,28512,7,,,0,30,,28495,7,,,0,70,,28507,7,,,0,30,,28515,7,,,0,70,,28502,7,,,0,30,,28524,7,,,0,70,,28511,7,,,0,30,,28494,7,,,0,70,,28506,7,,,0,30,,28518,7,,,0,70,,28500,7,,,0,30,,28522,7,,,0,70,,28521,7,,,0,30,,28493,7,,,0,70,,28501,7,,,0,29,,28516,7,,,0,70,,28525,7,,,0,30,,28523,7,,,0
1029,'1861',557,,28528,7,,,0,98,,28529,7,,,0,100,,28530,7,,,0,100,,28531,7,,,0,100,,28532,7,,,0,100,,28533,7,,,0,100,,28534,7,,,0,100,,28535,7,,,0,100,,28536,7,,,0,100,,28537,7,,,0,100,,28538,7,,,0,100,,28539,7,,,0,100,,28540,7,,,0,100,,28541,7,,,0,100,,28542,7,,,0,100,,28543,7,,,0,99,,28544,7,,,0,100,,28545,7,,,0
1029,'1864',554,,34984,7,,,0,71,,28591,7,,,0,26,,35004,7,,,0,68,,34981,7,,,0,30,,34976,7,,,0,70,,35008,7,,,0,30,,34979,7,,,0,72,,34985,7,,,0,30,,35003,7,,,0,70,,34983,7,,,0,30,,34975,7,,,0,70,,35007,7,,,0,30,,34980,7,,,0,69,,34986,7,,,0,30,,35002,7,,,0,70,,34982,7,,,0,31,,34977,7,,,0,70,,35005,7,,,0,32,,34978,7,,,0,70,,34987,7,,,0,30,,35001,7,,,0,69,,34990,7,,,0,30,,34989,7,,,0,69,,34988,7,,,0,34,,34994,7,,,0,70,,34993,7,,,0,30,,34992,7,,,0,70,,34991,7,,,0,30,,35006,7,,,0,70,,35000,7,,,0,30,,34999,7,,,0,70,,34998,7,,,0,30,,34997,7,,,0,70,,34996,7,,,0,25,,34995,7,,,0
1029,'1865',554,,35018,7,,,0,71,,35019,7,,,0,26,,35039,7,,,0,68,,35015,7,,,0,30,,35010,7,,,0,70,,35043,7,,,0,30,,35013,7,,,0,72,,35020,7,,,0,30,,35038,7,,,0,70,,35017,7,,,0,30,,35009,7,,,0,70,,35042,7,,,0,30,,35014,7,,,0,69,,35021,7,,,0,30,,35037,7,,,0,70,,35016,7,,,0,31,,35011,7,,,0,70,,35040,7,,,0,32,,35012,7,,,0,70,,35022,7,,,0,30,,35036,7,,,0,69,,35025,7,,,0,30,,35024,7,,,0,69,,35023,7,,,0,34,,35029,7,,,0,70,,35028,7,,,0,30,,35027,7,,,0,70,,35026,7,,,0,30,,35041,7,,,0,70,,35035,7,,,0,30,,35034,7,,,0,70,,35033,7,,,0,30,,35032,7,,,0,70,,35031,7,,,0,25,,35030,7,,,0
1029,'1866',557,,35049,7,,,0,68,,35061,7,,,0,30,,35068,7,,,0,70,,35056,7,,,0,30,,35077,7,,,0,70,,35065,7,,,0,30,,35048,7,,,0,70,,35060,7,,,0,30,,35071,7,,,0,70,,35055,7,,,0,30,,35078,7,,,0,70,,35064,7,,,0,30,,35047,7,,,0,70,,35059,7,,,0,30,,35070,7,,,0,70,,35054,7,,,0,30,,35050,7,,,0,70,,35063,7,,,0,30,,35046,7,,,0,70,,35058,7,,,0,30,,35066,7,,,0,70,,35053,7,,,0,30,,35075,7,,,0,70,,35062,7,,,0,30,,35045,7,,,0,70,,35057,7,,,0,30,,35069,7,,,0,70,,35051,7,,,0,30,,35073,7,,,0,70,,35072,7,,,0,30,,35044,7,,,0,70,,35052,7,,,0,29,,35067,7,,,0,70,,35076,7,,,0,30,,35074,7,,,0
1029,'1867',557,,35079,7,,,0,98,,35080,7,,,0,100,,35081,7,,,0,100,,35082,7,,,0,100,,35083,7,,,0,100,,35084,7,,,0,100,,35085,7,,,0,100,,35086,7,,,0,100,,35087,7,,,0,100,,35088,7,,,0,100,,35089,7,,,0,100,,35090,7,,,0,100,,35091,7,,,0,100,,35092,7,,,0,100,,35093,7,,,0,100,,35094,7,,,0,99,,35095,7,,,0,100,,35096,7,,,0
2029,'1800',608,,19696,6,,,0,30,,19704,6,,,0,67,,19715,6,,,0,28,,19710,6,,,0,70,,19697,6,,,0,30,,19705,6,,,0,70,,19716,6,,,0,30,,19711,6,,,0,70,,19698,6,,,0,30,,19706,6,,,0,70,,19717,6,,,0,30,,19712,6,,,0,70,,19699,6,,,0,30,,19707,6,,,0,70,,19718,6,,,0,30,,19713,6,,,0,70,,19700,6,,,0,30,,19708,6,,,0,70,,19719,6,,,0,30,,19714,6,,,0,70,,19701,6,,,0,30,,19709,6,,,0,70,,19720,6,,,0,29,,19724,6,0,5 2 13 14,0,71,,19702,6,,,0,29,,19723,6,0,5 2 13 14,0,71,,19721,6,,,0,100,,19703,6,,,0,100,,19722,6,,,0,100,,19695,6,,,0,54,,19725,6,0,5 2 13 14,0,101,,19726,6,0,5 2 13 14,0
2029,'1838',608,,35220,6,,,0,30,,35228,6,,,0,67,,35239,6,,,0,28,,35234,6,,,0,70,,35221,6,,,0,30,,35229,6,,,0,70,,35240,6,,,0,30,,35235,6,,,0,70,,35222,6,,,0,30,,35230,6,,,0,70,,35241,6,,,0,30,,35236,6,,,0,70,,35223,6,,,0,30,,35231,6,,,0,70,,35242,6,,,0,30,,35237,6,,,0,70,,35224,6,,,0,30,,35232,6,,,0,70,,35243,6,,,0,30,,35238,6,,,0,70,,35225,6,,,0,30,,35233,6,,,0,70,,35244,6,,,0,29,,35248,6,0,5 2 13 14,0,71,,35226,6,,,0,29,,35247,6,0,5 2 13 14,0,71,,35245,6,,,0,100,,35227,6,,,0,100,,35246,6,,,0,100,,35219,6,,,0,54,,35249,6,0,5 2 13 14,0,101,,35250,6,0,5 2 13 14,0
2029,'1850',538,,28649,6,,,0,70,,28650,6,,,0,30,,28651,6,,,0,65,,28652,6,,,0,28,,28653,6,,,0,70,,28654,6,,,0,32,,28655,6,,,0,70,,28656,6,,,0,30,,28657,6,,,0,70,,28658,6,,,0,30,,28659,6,,,0,70,,28660,6,,,0,30,,28661,6,,,0,70,,28662,6,,,0,30,,28663,6,,,0,70,,28664,6,,,0,30,,28665,6,,,0,70,,28666,6,,,0,30,,28667,6,,,0,70,,28668,6,,,0,30,,28669,6,,,0,70,,28670,6,,,0,31,,28671,6,,,0,72,,28672,6,,,0,27,,28673,6,,,0,70,,28674,6,,,0,30,,28678,6,,,0,70,,28679,6,,,0,29,,28682,6,0,5 2 13 14,0,71,,28680,6,,,0,100,,28681,6,,,0,100,,28677,6,,,0,99,,28676,6,0,5 2 13 14,0,56,,28683,6,0,5 2 13 14,0
2029,'1857',538,,19562,6,,,0,70,,19563,6,,,0,30,,19564,6,,,0,65,,19565,6,,,0,28,,19566,6,,,0,70,,19567,6,,,0,32,,19568,6,,,0,70,,19569,6,,,0,30,,19570,6,,,0,70,,19571,6,,,0,30,,19572,6,,,0,70,,19573,6,,,0,30,,19574,6,,,0,70,,19575,6,,,0,30,,19576,6,,,0,70,,19577,6,,,0,30,,19578,6,,,0,70,,19579,6,,,0,30,,19580,6,,,0,70,,19581,6,,,0,30,,19582,6,,,0,70,,19583,6,,,0,31,,19584,6,,,0,72,,19585,6,,,0,27,,19586,6,,,0,70,,19587,6,,,0,30,,19591,6,,,0,70,,19592,6,,,0,29,,19595,6,0,5 2 13 14,0,71,,19593,6,,,0,100,,19594,6,,,0,100,,19590,6,,,0,99,,19589,6,0,5 2 13 14,0,56,,19596,6,0,5 2 13 14,0
2029,'1859',538,,19628,6,0,5 2 15 16 17,0,70,,19611,6,,,0,30,,19618,6,,,0,65,,19597,6,,,0,30,,19603,6,,,0,70,,19612,6,,,0,30,,19619,6,,,0,70,,19598,6,,,0,30,,19604,6,,,0,70,,19613,6,,,0,30,,19620,6,,,0,70,,19599,6,,,0,30,,19605,6,,,0,70,,19614,6,,,0,30,,19621,6,,,0,70,,19600,6,,,0,30,,19606,6,,,0,70,,19615,6,,,0,30,,19622,6,,,0,70,,19601,6,,,0,30,,19607,6,,,0,70,,19616,6,,,0,30,,19623,6,,,0,70,,19602,6,,,0,30,,19608,6,,,0,70,,19617,6,,,0,30,,19624,6,,,0,70,,19609,6,,,0,31,,19630,6,0,5 2 13 14,0,69,,19625,6,,,0,100,,19610,6,,,0,100,,19626,6,,,0,55,,19627,6,0,5 2 13 14,0,99,,19629,6,0,5 2 13 14,0
2029,'1861',608,,19632,6,,,0,30,,19640,6,,,0,67,,19651,6,,,0,28,,19646,6,,,0,70,,19633,6,,,0,30,,19641,6,,,0,70,,19652,6,,,0,30,,19647,6,,,0,70,,19634,6,,,0,30,,19642,6,,,0,70,,19653,6,,,0,30,,19648,6,,,0,70,,19635,6,,,0,30,,19643,6,,,0,70,,19654,6,,,0,30,,19649,6,,,0,70,,19636,6,,,0,30,,19644,6,,,0,70,,19655,6,,,0,30,,19650,6,,,0,70,,19637,6,,,0,30,,19645,6,,,0,70,,19656,6,,,0,29,,19660,6,0,5 2 13 14,0,71,,19638,6,,,0,29,,19659,6,0,5 2 13 14,0,71,,19657,6,,,0,100,,19639,6,,,0,100,,19658,6,,,0,100,,19631,6,,,0,54,,19661,6,0,5 2 13 14,0,101,,19662,6,0,5 2 13 14,0
2029,'1865',538,,35251,6,,,0,70,,35252,6,,,0,30,,35253,6,,,0,65,,35254,6,,,0,28,,35255,6,,,0,70,,35256,6,,,0,32,,35257,6,,,0,70,,35258,6,,,0,30,,35259,6,,,0,70,,35260,6,,,0,30,,35261,6,,,0,70,,35262,6,,,0,30,,35263,6,,,0,70,,35264,6,,,0,30,,35265,6,,,0,70,,35266,6,,,0,30,,35267,6,,,0,70,,35268,6,,,0,30,,35269,6,,,0,70,,35270,6,,,0,30,,35271,6,,,0,70,,35272,6,,,0,31,,35273,6,,,0,72,,35274,6,,,0,27,,35275,6,,,0,70,,35276,6,,,0,30,,35280,6,,,0,70,,35281,6,,,0,29,,35284,6,0,5 2 13 14,0,71,,35282,6,,,0,100,,35283,6,,,0,100,,35279,6,,,0,99,,35278,6,0,5 2 13 14,0,56,,35285,6,0,5 2 13 14,0
2029,'1866',538,,35317,6,0,5 2 15 16 17,0,70,,35300,6,,,0,30,,35307,6,,,0,65,,35286,6,,,0,30,,35292,6,,,0,70,,35301,6,,,0,30,,35308,6,,,0,70,,35287,6,,,0,30,,35293,6,,,0,70,,35302,6,,,0,30,,35309,6,,,0,70,,35288,6,,,0,30,,35294,6,,,0,70,,35303,6,,,0,30,,35310,6,,,0,70,,35289,6,,,0,30,,35295,6,,,0,70,,35304,6,,,0,30,,35311,6,,,0,70,,35290,6,,,0,30,,35296,6,,,0,70,,35305,6,,,0,30,,35312,6,,,0,70,,35291,6,,,0,30,,35297,6,,,0,70,,35306,6,,,0,30,,35313,6,,,0,70,,35298,6,,,0,31,,35319,6,0,5 2 13 14,0,69,,35314,6,,,0,100,,35299,6,,,0,100,,35315,6,,,0,55,,35316,6,0,5 2 13 14,0,99,,35318,6,0,5 2 13 14,0
2029,'1867',608,,35321,6,,,0,30,,35329,6,,,0,67,,35340,6,,,0,28,,35335,6,,,0,70,,35322,6,,,0,30,,35330,6,,,0,70,,35341,6,,,0,30,,35336,6,,,0,70,,35323,6,,,0,30,,35331,6,,,0,70,,35342,6,,,0,30,,35337,6,,,0,70,,35324,6,,,0,30,,35332,6,,,0,70,,35343,6,,,0,30,,35338,6,,,0,70,,35325,6,,,0,30,,35333,6,,,0,70,,35344,6,,,0,30,,35339,6,,,0,70,,35326,6,,,0,30,,35334,6,,,0,70,,35345,6,,,0,29,,35349,6,0,5 2 13 14,0,71,,35327,6,,,0,29,,35348,6,0,5 2 13 14,0,71,,35346,6,,,0,100,,35328,6,,,0,100,,35347,6,,,0,100,,35320,6,,,0,54,,35350,6,0,5 2 13 14,0,101,,35351,6,0,5 2 13 14,0
