15029,'1838',708,,36977,13,,,0,98,,45082,13,,,0,100,,36974,13,,,0,100,,36975,13,,,0,101,,45083,13,,,0,100,,36972,13,,,0,100,,36969,13,,,0,102,,45081,13,,,0,100,,36971,13,,,0,100,,36968,13,,,0,99,,45080,13,,,0,99,,36966,13,,,0,100,,36967,13,,,0,100,,45079,13,,,0
15029,'1865',633,,36995,13,,,0,69,,36996,13,,,0,32,,36997,13,,,0,71,,45086,13,,,0,34,,36999,13,,,0,70,,37000,13,,,0,25,,37001,13,,,0,70,,37002,13,,,0,30,,37003,13,,,0,70,,45087,13,,,0,30,,45088,13,,,0,70,,42575,13,,,0,30,,45089,13,,,0,70,,45090,13,,,0,30,,42576,13,,,0,70,,37010,13,,,0,31,,45091,13,,,0,75,,37012,13,,,0,32,,37013,13,,,0,70,,45092,13,,,0,29,,45093,13,,,0,66,,37016,13,,,0,29,,37017,13,,,0,69,,37018,13,,,0,27,,45094,13,,,0,70,,37020,13,,,0,30,,45095,13,,,0,70,,45096,13,,,0,30,,37023,13,,,0,100,,45098,13,,,0,97,,45097,13,,,0
15029,'1866',713,,37029,13,,,0,93,,37030,13,,,0,100,,45100,13,,,0,100,,37032,13,,,0,101,,37033,13,,,0,100,,45101,13,,,0,100,,37035,13,,,0,103,,37036,13,,,0,100,,45102,13,,,0,100,,37038,13,,,0,98,,37039,13,,,0,99,,45103,13,,,0,100,,37026,13,,,0,100,,37027,13,,,0
15029,'1867',708,,37054,13,,,0,98,,45107,13,,,0,100,,37051,13,,,0,100,,37052,13,,,0,101,,45108,13,,,0,100,,37049,13,,,0,100,,37046,13,,,0,102,,45106,13,,,0,100,,37048,13,,,0,100,,37045,13,,,0,99,,45105,13,,,0,99,,37043,13,,,0,100,,37044,13,,,0,100,,45104,13,,,0
15029,'1873',713,,30423,13,,,0,93,,30424,13,,,0,200,,30426,13,,,0,101,,30427,13,,,0,200,,30429,13,,,0,103,,30430,13,,,0,200,,30432,13,,,0,98,,30433,13,,,0,199,,30420,13,,,0,100,,30421,13,,,0
15029,'1878',708,,30448,13,,,0,198,,30445,13,,,0,100,,30446,13,,,0,201,,30443,13,,,0,100,,30440,13,,,0,202,,30442,13,,,0,100,,30439,13,,,0,198,,30437,13,,,0,100,,30438,13,,,0
15029,'1881',805,,36979,13,,,0,299,,36980,13,,,0,30,,36981,13,,,0,100,,36983,13,,,0,70,,36984,13,,,0,131,,36986,13,,,0,177,,36987,13,,,0,29,,36988,13,,,0,191,,30508,13,,,0,100,,36989,13,,,0,70,,42580,13,,,0,130,,36992,13,,,0,97,,36991,13,,,0
15029,'1882',633,,30484,13,,,0,69,,30485,13,,,0,32,,30486,13,,,0,105,,30488,13,,,0,70,,30489,13,,,0,25,,30490,13,,,0,70,,30491,13,,,0,30,,30492,13,,,0,170,,42578,13,,,0,130,,42579,13,,,0,70,,30499,13,,,0,106,,30501,13,,,0,32,,30502,13,,,0,165,,30505,13,,,0,29,,30506,13,,,0,69,,30507,13,,,0,97,,30509,13,,,0,130,,30512,13,,,0
15029,'1886',805,,45111,13,,,0,299,,45112,13,,,0,30,,45113,13,,,0,100,,45114,13,,,0,70,,45115,13,,,0,131,,45116,13,,,0,177,,45117,13,,,0,29,,45118,13,,,0,191,,45119,13,,,0,100,,45120,13,,,0,70,,45121,13,,,0,130,,45123,13,,,0,97,,45122,13,,,0
15029,'1887',906,,45125,13,,,0,301,,45126,13,,,0,303,,45127,13,,,0,297,,45128,13,,,0
15029,'1888',806,,45132,13,,,0,301,,45133,13,,,0,302,,45131,13,,,0,299,,45130,13,,,0,299,,45129,13,,,0
