2019,'1796',505,,19443,27,0,5 2 13 14,0,136,,19412,36,,,0,70,,19413,36,,,0,29,,19414,36,,,0,71,,19415,36,,,0,30,,19416,36,,,0,70,,19417,36,,,0,30,,19418,36,,,0,70,,19419,36,,,0,30,,19420,36,,,0,70,,19421,36,,,0,30,,19422,36,,,0,70,,19423,36,,,0,30,,19424,36,,,0,70,,19425,36,,,0,30,,19426,36,,,0,70,,19427,36,,,0,30,,19428,36,,,0,70,,19429,36,,,0,30,,19430,36,,,0,71,,19431,36,,,0,31,,19432,36,,,0,68,,19433,36,,,0,30,,19434,36,,,0,70,,19435,36,,,0,30,,19436,36,,,0,70,,19442,36,,,0,30,,19437,36,,,0,100,,19438,36,,,0,100,,19439,36,,,0,100,,19440,36,,,0,100,,19441,36,,,0
2019,'1797',639,,19444,27,,,0,70,,19451,36,,,0,30,,19460,36,,,0,71,,19467,36,,,0,30,,19445,36,,,0,70,,19452,36,,,0,30,,19461,36,,,0,70,,19468,36,,,0,30,,19446,36,,,0,70,,19453,36,,,0,30,,19462,36,,,0,70,,19469,36,,,0,30,,19447,36,,,0,70,,19454,36,,,0,30,,19463,36,,,0,70,,19470,36,,,0,30,,19448,36,,,0,70,,19455,36,,,0,30,,19464,36,,,0,70,,19471,36,,,0,30,,19449,36,,,0,70,,19456,36,,,0,30,,19465,36,,,0,70,,19472,36,,,0,30,,19450,36,,,0,70,,19457,36,,,0,30,,19466,36,,,0,99,,19458,36,,,0,100,,19473,36,,,0,100,,19459,36,,,0,99,,19474,36,,,0
2019,'1798',709,,19502,36,,,0,30,,19479,36,,,0,70,,19483,36,,,0,30,,19495,36,,,0,71,,19490,36,,,0,30,,19480,36,,,0,70,,19484,36,,,0,30,,19496,36,,,0,70,,19491,36,,,0,30,,19481,36,,,0,70,,19485,36,,,0,30,,19497,36,,,0,70,,19492,36,,,0,30,,19482,36,,,0,70,,19486,36,,,0,30,,19498,36,,,0,70,,19493,36,,,0,30,,19477,36,,,0,70,,19487,36,,,0,30,,19499,36,,,0,70,,19494,36,,,0,30,,19475,36,,,0,70,,19488,36,,,0,30,,19500,36,,,0,100,,19476,36,,,0,99,,19501,36,,,0,100,,19478,36,,,0,100,,19489,36,,,0,99,,19503,36,,,0
2019,'1799',709,,19531,36,,,0,30,,19508,36,,,0,70,,19512,36,,,0,30,,19524,36,,,0,71,,19519,36,,,0,30,,19509,36,,,0,70,,19513,36,,,0,30,,19525,36,,,0,70,,19520,36,,,0,30,,19510,36,,,0,70,,19514,36,,,0,30,,19526,36,,,0,70,,19521,36,,,0,30,,19511,36,,,0,70,,19515,36,,,0,30,,19527,36,,,0,70,,19522,36,,,0,30,,19506,36,,,0,70,,19516,36,,,0,30,,19528,36,,,0,70,,19523,36,,,0,30,,19504,36,,,0,70,,19517,36,,,0,30,,19529,36,,,0,100,,19505,36,,,0,99,,19530,36,,,0,100,,19507,36,,,0,100,,19518,36,,,0,99,,19532,36,,,0
2019,'1800',709,,19560,36,,,0,30,,19537,36,,,0,70,,19541,36,,,0,30,,19553,36,,,0,71,,19548,36,,,0,30,,19538,36,,,0,70,,19542,36,,,0,30,,19554,36,,,0,70,,19549,36,,,0,30,,19539,36,,,0,70,,19543,36,,,0,30,,19555,36,,,0,70,,19550,36,,,0,30,,19540,36,,,0,70,,19544,36,,,0,30,,19556,36,,,0,70,,19551,36,,,0,30,,19535,36,,,0,70,,19545,36,,,0,30,,19557,36,,,0,70,,19552,36,,,0,30,,19533,36,,,0,70,,19546,36,,,0,30,,19558,36,,,0,100,,19534,36,,,0,99,,19559,36,,,0,100,,19536,36,,,0,100,,19547,36,,,0,99,,19561,36,,,0
2019,'1816',639,,5782,27,,,0,70,,5789,36,,,0,30,,5798,36,,,0,71,,5805,36,,,0,30,,5783,36,,,0,70,,5790,36,,,0,30,,5799,36,,,0,70,,5806,36,,,0,30,,5784,36,,,0,70,,5791,36,,,0,30,,5800,36,,,0,70,,5807,36,,,0,30,,5785,36,,,0,70,,5792,36,,,0,30,,5801,36,,,0,70,,5808,36,,,0,30,,5786,36,,,0,70,,5793,36,,,0,30,,5802,36,,,0,70,,5809,36,,,0,30,,5787,36,,,0,70,,5794,36,,,0,30,,5803,36,,,0,70,,5810,36,,,0,30,,5788,36,,,0,70,,5795,36,,,0,30,,5804,36,,,0,99,,5796,36,,,0,100,,5811,36,,,0,100,,5797,36,,,0,99,,5812,36,,,0
2019,'1817',709,,9439,36,,,0,30,,9416,36,,,0,70,,9420,36,,,0,30,,9432,36,,,0,71,,9427,36,,,0,30,,9417,36,,,0,70,,9421,36,,,0,30,,9433,36,,,0,70,,9428,36,,,0,30,,9418,36,,,0,70,,9422,36,,,0,30,,9434,36,,,0,70,,9429,36,,,0,30,,9419,36,,,0,70,,9423,36,,,0,30,,9435,36,,,0,70,,9430,36,,,0,30,,9414,36,,,0,70,,9424,36,,,0,30,,9436,36,,,0,70,,9431,36,,,0,30,,9412,36,,,0,70,,9425,36,,,0,30,,9437,36,,,0,100,,9413,36,,,0,99,,9438,36,,,0,100,,9415,36,,,0,100,,9426,36,,,0,99,,9440,36,,,0
16019,'1796',641,,21176,29,,,0,70,,21177,29,,,0,31,,21178,29,,,0,70,,21179,29,,,0,30,,21180,29,,,0,69,,21181,29,,,0,30,,21182,29,,,0,70,,21183,29,,,0,30,,21184,29,,,0,70,,21185,29,,,0,30,,21186,29,,,0,70,,21187,29,,,0,30,,21188,29,,,0,71,,21189,29,,,0,30,,21190,29,,,0,70,,21191,29,,,0,32,,21192,29,,,0,70,,21193,29,,,0,28,,21194,29,,,0,70,,21195,29,,,0,30,,21196,29,,,0,69,,21197,29,,,0,30,,21198,29,,,0,70,,21199,29,,,0,30,,21200,29,,,0,70,,21201,29,,,0,30,,21202,29,,,0,68,,21203,29,,,0,30,,21204,29,,,0,70,,21205,29,,,0,29,,21173,29,,,0,70,,21174,29,,,0,30,,21175,29,,,0
16019,'1797',637,,21229,29,,,0,70,,21225,29,,,0,30,,21233,29,,,0,70,,21217,29,,,0,31,,21231,29,,,0,71,,21212,29,,,0,30,,21210,29,,,0,70,,21207,29,,,0,30,,21218,29,,,0,70,,21228,29,,,0,30,,21222,29,,,0,70,,21230,29,,,0,31,,21214,29,,,0,70,,21232,29,,,0,30,,21209,29,,,0,70,,21220,29,,,0,31,,21219,29,,,0,70,,21223,29,,,0,30,,21224,29,,,0,70,,21208,29,,,0,29,,21216,29,,,0,70,,21226,29,,,0,29,,21211,29,,,0,70,,21215,29,,,0,30,,21221,29,,,0,70,,21235,29,,,0,30,,21227,29,,,0,69,,21234,29,,,0,30,,21213,29,,,0,70,,21237,29,,,0,100,,21236,29,,,0,30,,21206,29,,,0
16019,'1798',807,,21238,29,,,0,102,,21241,29,,,0,100,,21251,29,,,0,100,,21250,29,,,0,100,,21239,29,,,0,101,,21242,29,,,0,100,,21244,29,,,0,101,,21247,29,,,0,100,,21246,29,,,0,99,,21240,29,,,0,99,,21248,29,,,0,100,,21249,29,,,0,99,,21245,29,,,0,100,,21243,29,,,0,100,,21252,29,,,0
16019,'1799',807,,21253,29,,,0,102,,21256,29,,,0,100,,21266,29,,,0,100,,21265,29,,,0,100,,21254,29,,,0,101,,21257,29,,,0,100,,21259,29,,,0,101,,21262,29,,,0,100,,21261,29,,,0,99,,21255,29,,,0,99,,21263,29,,,0,100,,21264,29,,,0,99,,21260,29,,,0,100,,21258,29,,,0,100,,21267,29,,,0
16019,'1800',807,,21268,29,,,0,102,,21271,29,,,0,100,,21281,29,,,0,100,,21280,29,,,0,100,,21269,29,,,0,101,,21272,29,,,0,100,,21274,29,,,0,101,,21277,29,,,0,100,,21276,29,,,0,99,,21270,29,,,0,99,,21278,29,,,0,100,,21279,29,,,0,99,,21275,29,,,0,100,,21273,29,,,0,100,,21282,29,,,0
16019,'1816',637,,10757,29,,,0,70,,10842,29,,,0,30,,10759,29,,,0,70,,10748,29,,,0,31,,10843,29,,,0,71,,10744,29,,,0,30,,10743,29,,,0,70,,10836,29,,,0,30,,10749,29,,,0,70,,10756,29,,,0,30,,10841,29,,,0,70,,10758,29,,,0,31,,10745,29,,,0,70,,10844,29,,,0,30,,10742,29,,,0,70,,10750,29,,,0,31,,10840,29,,,0,70,,10752,29,,,0,30,,10753,29,,,0,70,,10837,29,,,0,29,,10747,29,,,0,70,,10754,29,,,0,29,,10838,29,,,0,70,,10746,29,,,0,30,,10751,29,,,0,70,,10845,29,,,0,30,,10755,29,,,0,69,,10760,29,,,0,30,,10839,29,,,0,70,,10761,29,,,0,100,,10846,29,,,0,30,,10741,29,,,0
16019,'1817',807,,17481,29,,,0,102,,17484,29,,,0,100,,17492,29,,,0,100,,17491,29,,,0,100,,17482,29,,,0,101,,17485,29,,,0,100,,17486,29,,,0,101,,17489,29,,,0,100,,17488,29,,,0,99,,17483,29,,,0,99,,17490,29,,,0,100,,10774,29,,,0,99,,17487,29,,,0,100,,10768,29,,,0,100,,17493,29,,,0
702019,'1796',637,,23990,6,,,0,65,,23991,6,,,0,24,,24025,6,,,0,22,,23992,6,,,0,55,,23993,6,,,0,23,,23994,6,,,0,17,,24026,6,,,0,12,,24024,6,,,0,68,,23995,6,,,0,30,,23996,6,,,0,70,,23997,6,,,0,30,,24030,6,,,0,70,,23998,6,,,0,30,,23999,6,,,0,70,,24000,6,,,0,30,,24001,6,,,0,70,,24002,6,,,0,30,,24003,6,,,0,70,,24004,6,,,0,32,,24005,6,,,0,65,,24027,6,,,0,20,,24006,6,,,0,60,,24007,6,,,0,20,,24008,6,,,0,20,,24009,6,,,0,19,,24028,6,,,0,60,,24010,6,,,0,20,,24011,6,,,0,19,,24012,6,,,0,65,,24013,6,,,0,30,,24014,6,,,0,70,,24015,6,,,0,30,,24016,6,,,0,70,,24017,6,,,0,30,,24018,6,,,0,70,,24019,6,,,0,30,,24020,6,,,0,69,,24021,6,,,0,30,,24022,6,,,0,65,,24023,6,,,0,25,,24029,6,,,0
702019,'1797',652,,24058,6,,,0,71,,24060,6,,,0,30,,24063,6,,,0,70,,24057,6,,,0,30,,24059,6,,,0,70,,24061,6,,,0,30,,24064,6,,,0,70,,24062,6,,,0,30,,24037,6,,,0,70,,24044,6,,,0,30,,24051,6,,,0,70,,24031,6,,,0,30,,24038,6,,,0,70,,24045,6,,,0,30,,24052,6,,,0,70,,24032,6,,,0,30,,24039,6,,,0,70,,24046,6,,,0,30,,24053,6,,,0,70,,24033,6,,,0,30,,24040,6,,,0,70,,24047,6,,,0,30,,24054,6,,,0,70,,24034,6,,,0,30,,24041,6,,,0,70,,24048,6,,,0,30,,24055,6,,,0,70,,24035,6,,,0,30,,24042,6,,,0,69,,24049,6,,,0,30,,24056,6,,,0,70,,24036,6,,,0,30,,24043,6,,,0,65,,24050,6,,,0,25,,24065,6,,,0
702019,'1798',652,,24087,6,,,0,71,,24076,6,,,0,30,,24098,6,,,0,70,,24083,6,,,0,30,,24075,6,,,0,70,,24097,6,,,0,30,,24086,6,,,0,70,,24074,6,,,0,30,,24092,6,,,0,70,,24082,6,,,0,30,,24073,6,,,0,70,,24088,6,,,0,30,,24077,6,,,0,70,,24072,6,,,0,30,,24096,6,,,0,70,,24081,6,,,0,30,,24071,6,,,0,70,,24093,6,,,0,30,,24085,6,,,0,70,,24070,6,,,0,30,,24091,6,,,0,70,,24080,6,,,0,30,,24069,6,,,0,70,,24090,6,,,0,30,,24079,6,,,0,70,,24068,6,,,0,30,,24095,6,,,0,70,,24078,6,,,0,30,,24067,6,,,0,69,,24094,6,,,0,30,,24084,6,,,0,70,,24066,6,,,0,30,,24089,6,,,0,65,,24099,6,,,0,25,,24100,6,,,0
702019,'1799',652,,24122,6,,,0,71,,24111,6,,,0,30,,24133,6,,,0,70,,24118,6,,,0,30,,24110,6,,,0,70,,24132,6,,,0,30,,24121,6,,,0,70,,24109,6,,,0,30,,24127,6,,,0,70,,24117,6,,,0,30,,24108,6,,,0,70,,24123,6,,,0,30,,24112,6,,,0,70,,24107,6,,,0,30,,24131,6,,,0,70,,24116,6,,,0,30,,24106,6,,,0,70,,24128,6,,,0,30,,24120,6,,,0,70,,24105,6,,,0,30,,24126,6,,,0,70,,24115,6,,,0,30,,24104,6,,,0,70,,24125,6,,,0,30,,24114,6,,,0,70,,24103,6,,,0,30,,24130,6,,,0,70,,24113,6,,,0,30,,24102,6,,,0,69,,24129,6,,,0,30,,24119,6,,,0,70,,24101,6,,,0,30,,24124,6,,,0,65,,24134,6,,,0,25,,24135,6,,,0
702019,'1800',652,,24157,6,,,0,71,,24146,6,,,0,30,,24168,6,,,0,70,,24153,6,,,0,30,,24145,6,,,0,70,,24167,6,,,0,30,,24156,6,,,0,70,,24144,6,,,0,30,,24162,6,,,0,70,,24152,6,,,0,30,,24143,6,,,0,70,,24158,6,,,0,30,,24147,6,,,0,70,,24142,6,,,0,30,,24166,6,,,0,70,,24151,6,,,0,30,,24141,6,,,0,70,,24163,6,,,0,30,,24155,6,,,0,70,,24140,6,,,0,30,,24161,6,,,0,70,,24150,6,,,0,30,,24139,6,,,0,70,,24160,6,,,0,30,,24149,6,,,0,70,,24138,6,,,0,30,,24165,6,,,0,70,,24148,6,,,0,30,,24137,6,,,0,69,,24164,6,,,0,30,,24154,6,,,0,70,,24136,6,,,0,30,,24159,6,,,0,65,,24169,6,,,0,25,,24170,6,,,0
702019,'1816',652,,13080,6,,,0,71,,13082,6,,,0,100,,13079,6,,,0,30,,13081,6,,,0,100,,13086,6,,,0,170,,13066,6,,,0
702019,'1817',652,,18826,6,,,0,71,,18816,6,,,0,30,,18836,6,,,0,70,,18822,6,,,0,30,,18815,6,,,0,70,,18835,6,,,0,30,,18825,6,,,0,70,,18814,6,,,0,30,,12986,6,,,0,70,,18821,6,,,0,30,,18813,6,,,0,70,,18827,6,,,0,30,,12971,6,,,0,70,,18812,6,,,0,30,,18834,6,,,0,70,,18820,6,,,0,30,,18811,6,,,0,70,,18831,6,,,0,30,,18824,6,,,0,70,,18810,6,,,0,30,,18830,6,,,0,70,,18819,6,,,0,30,,18809,6,,,0,70,,18829,6,,,0,30,,18818,6,,,0,70,,18808,6,,,0,30,,18833,6,,,0,70,,18817,6,,,0,30,,18807,6,,,0,69,,18832,6,,,0,30,,18823,6,,,0,70,,18806,6,,,0,30,,18828,6,,,0,65,,18837,6,,,0,25,,18838,6,,,0
702019,'1824',753,,18885,6,,,0,170,,18883,6,,,0,100,,18884,6,,,0,30,,18864,6,,,0,100,,18877,6,,,0,70,,18858,6,,,0,30,,18865,6,,,0,70,,18871,6,,,0,30,,18878,6,,,0,70,,18859,6,,,0,30,,18866,6,,,0,70,,18872,6,,,0,30,,18879,6,,,0,70,,18860,6,,,0,30,,18867,6,,,0,70,,18873,6,,,0,30,,18880,6,,,0,70,,18861,6,,,0,30,,18868,6,,,0,70,,18874,6,,,0,30,,18881,6,,,0,70,,18862,6,,,0,30,,18869,6,,,0,69,,18875,6,,,0,30,,18882,6,,,0,70,,18863,6,,,0,30,,18870,6,,,0,65,,18876,6,,,0,25,,18886,6,,,0
14000001019,'1796',2432,,24895,43,,,0,70,,24892,43,,,0,30,,24893,43,,,0,70,,24894,43,,,0,30,,24891,43,,,0
14000001019,'1797',2432,,24900,43,,,0,70,,24896,43,,,0,30,,24899,43,,,0,70,,24898,43,,,0,30,,24897,43,,,0
14000001019,'1798',2432,,24904,43,,,0,70,,24903,43,,,0,30,,24901,43,,,0,70,,24905,43,,,0,30,,24902,43,,,0
14000001019,'1799',2432,,24909,43,,,0,70,,24908,43,,,0,30,,24906,43,,,0,70,,24910,43,,,0,30,,24907,43,,,0
14000001019,'1800',2432,,24914,43,,,0,70,,24913,43,,,0,30,,24911,43,,,0,70,,24915,43,,,0,30,,24912,43,,,0
14000001019,'1816',2532,,9276,43,,,0
14000001019,'1817',2432,,19136,43,,,0,70,,19135,43,,,0,30,,13721,43,,,0,70,,19137,43,,,0,30,,19134,43,,,0
14000001019,'1824',2432,,19145,43,,,0,70,,19142,43,,,0,100,,19144,43,,,0,30,,19143,43,,,0
