20007019,'1800',643,,34703,12,,,0,201,,34688,12,4,,0,1198,,41911,12,4,,0,169,,41913,12,,,0,30,,41909,12,,,0
20007019,'1838',643,,41931,12,,,0,201,,41916,12,4,,0,1198,,41928,12,4,,0,169,,41930,12,,,0,30,,41915,12,,,0
20007019,'1850',548,,34743,12,4,,0
20007019,'1859',2241,,34724,12,,,0
20007019,'1861',643,,34742,12,,,0,201,,34727,12,4,,0
20007019,'1863',2042,,41936,12,4,,0,169,,41938,12,,,0,30,,41934,12,,,0
20007019,'1864',548,,34749,12,4,,0
20007019,'1865',548,,41943,12,4,,0
20007019,'1866',2241,,41951,12,,,0
20007019,'1867',643,,41969,12,,,0,201,,41954,12,4,,0,1198,,41966,12,4,,0,169,,41968,12,,,0,30,,41953,12,,,0
