6029,'1865',633,,35869,24,,,0,71,,42302,24,,,0,33,,42303,24,,,0,70,,42304,24,,,0,30,,42305,24,,,0,70,,42306,24,,,0,28,,44428,24,,,0,70,,42308,24,,,0,30,,42309,24,,,0,70,,44429,24,,,0,30,,42311,24,,,0,70,,42312,24,,,0,30,,42313,24,,,0,70,,42314,24,,,0,30,,42315,24,,,0,70,,44430,24,,,0,30,,42317,24,,,0,73,,42318,24,,,0,30,,42319,24,,,0,70,,42320,24,,,0,30,,42321,24,,,0,70,,44431,24,,,0,29,,42323,24,,,0,67,,42324,24,,,0,30,,42325,24,,,0,70,,42326,24,,,0,50,,44426,24,,,0,98,,35868,24,,,0,100,,44425,24,,,0,100,,44427,24,,,0
6029,'1866',629,,44433,24,,,0,30,,35898,24,,,0,65,,44450,24,,,0,30,,35922,24,,,0,70,,44434,24,,,0,30,,44444,24,,,0,70,,44451,24,,,0,30,,44457,24,,,0,71,,44443,24,,,0,30,,44456,24,,,0,70,,44442,24,,,0,30,,44448,24,,,0,70,,44441,24,,,0,30,,44455,24,,,0,70,,44440,24,,,0,30,,44447,24,,,0,70,,44439,24,,,0,30,,44454,24,,,0,70,,44438,24,,,0,30,,44446,24,,,0,70,,44437,24,,,0,30,,44453,24,,,0,70,,44436,24,,,0,30,,44445,24,,,0,70,,44435,24,,,0,30,,44452,24,,,0
6029,'1873',659,,29200,24,,,0,95,,29224,24,,,0
6029,'1881',935,,42334,24,,,0,170,,42337,24,,,0,300,,42343,24,,,0,303,,42349,24,,,0,246,,35840,24,,,0,198,,42327,24,,,0,100,,42328,24,,,0
6029,'1882',633,,29272,24,,,0,71,,42329,24,,,0,33,,42330,24,,,0,70,,42331,24,,,0,30,,42332,24,,,0,70,,42333,24,,,0,98,,42335,24,,,0,30,,42336,24,,,0,100,,42338,24,,,0,70,,42339,24,,,0,30,,42340,24,,,0,70,,42341,24,,,0,30,,42342,24,,,0,100,,42344,24,,,0,73,,42345,24,,,0,30,,42346,24,,,0,70,,42347,24,,,0,30,,42348,24,,,0,99,,42350,24,,,0,67,,42351,24,,,0,30,,42352,24,,,0,70,,42353,24,,,0,148,,29271,24,,,0
6029,'1886',935,,44472,24,,,0,170,,44473,24,,,0,300,,44474,24,,,0,303,,44475,24,,,0,246,,44470,24,,,0,198,,44469,24,,,0,100,,44471,24,,,0
6029,'1887',629,,44477,24,,,0,95,,44494,24,,,0,100,,44478,24,,,0,30,,44488,24,,,0,70,,44495,24,,,0,30,,44501,24,,,0,71,,44487,24,,,0,30,,44500,24,,,0,70,,44486,24,,,0,30,,44492,24,,,0,70,,44485,24,,,0,30,,44499,24,,,0,70,,44484,24,,,0,30,,44491,24,,,0,70,,44483,24,,,0,30,,44498,24,,,0,70,,44482,24,,,0,30,,44490,24,,,0,70,,44481,24,,,0,30,,44497,24,,,0,70,,44480,24,,,0,30,,44489,24,,,0,70,,44479,24,,,0,30,,44496,24,,,0
502029,'1838',620,,39300,11,,,0,28,,46373,11,,,0,65,,39291,11,,,0,30,,46386,11,,,0,71,,39296,11,,,0,30,,46385,11,,,0,71,,39294,11,,,0,30,,46384,11,,,0,70,,39283,11,,,0,30,,46383,11,,,0,55,,43635,11,,,0,15,,39284,11,,,0,16,,46395,11,,,0,15,,46382,11,,,0,55,,46398,11,,,0,15,,46374,11,,,0,15,,46389,11,,,0,15,,46381,11,,,0,55,,46391,11,,,0,15,,39286,11,,,0,15,,46393,11,,,0,15,,46380,11,,,0,55,,46396,11,,,0,16,,39287,11,,,0,15,,46397,11,,,0,15,,46379,11,,,0,55,,46388,11,,,0,15,,39288,11,,,0,15,,46390,11,,,0,15,,46378,11,,,0,55,,46392,11,,,0,14,,39289,11,,,0,14,,46394,11,,,0,15,,46377,11,,,0,55,,46399,11,,,0,15,,39290,11,,,0,15,,46387,11,,,0,15,,46376,11,,,0,55,,43632,11,,,0,15,,39299,11,,,0,30,,46375,11,,,0,70,,43630,11,,,0,30,,39304,11,,,0,70,,39292,11,,,0,30,,39303,11,,,0,70,,39293,11,,,0,30,,39301,11,,,0,69,,39298,11,,,0,30,,39302,11,,,0,70,,39295,11,,,0
502029,'1865',545,,46400,11,,,0,55,,39402,11,,,0,15,,39403,11,,,0,16,,39404,11,,,0,7,,43639,11,,,0,8,,46401,11,,,0,56,,43640,11,,,0,13,,46402,11,,,0,12,,46403,11,,,0,13,,46404,11,,,0,7,,39411,11,,,0,6,,46405,11,,,0,52,,46406,11,,,0,6,,46407,11,,,0,6,,43641,11,,,0,12,,46408,11,,,0,12,,39417,11,,,0,12,,43642,11,,,0,50,,46409,11,,,0,14,,46410,11,,,0,14,,46411,11,,,0,15,,46412,11,,,0,55,,46413,11,,,0,15,,46414,11,,,0,15,,46415,11,,,0,16,,46416,11,,,0,55,,46417,11,,,0,15,,46418,11,,,0,16,,46419,11,,,0,15,,46420,11,,,0,55,,43644,11,,,0,15,,46421,11,,,0,15,,39433,11,,,0,15,,46422,11,,,0,55,,39435,11,,,0,15,,43645,11,,,0,15,,39437,11,,,0,15,,39438,11,,,0,55,,46423,11,,,0,15,,39440,11,,,0,15,,46424,11,,,0,16,,39442,11,,,0,55,,46425,11,,,0,15,,46426,11,,,0,15,,39445,11,,,0,12,,39446,11,,,0,12,,46427,11,,,0,52,,43646,11,,,0,12,,46428,11,,,0,11,,46429,11,,,0,12,,39451,11,,,0,12,,39452,11,,,0,52,,39453,11,,,0,12,,46430,11,,,0,11,,46431,11,,,0,12,,46432,11,,,0,12,,46433,11,,,0,51,,39458,11,,,0,12,,46434,11,,,0,12,,39460,11,,,0,15,,46435,11,,,0,55,,46438,11,,,0,14,,39462,11,,,0,30,,46436,11,,,0,70,,39464,11,,,0,30,,46437,11,,,0,70,,39466,11,,,0,30,,39467,11,,,0,70,,39468,11,,,0,30,,39469,11,,,0,70,,39470,11,,,0
502029,'1866',618,,39479,11,,,0,15,,46490,11,,,0,15,,46452,11,,,0,70,,46445,11,,,0,30,,46453,11,,,0,66,,46444,11,,,0,30,,46454,11,,,0,71,,46443,11,,,0,30,,46455,11,,,0,55,,46456,11,,,0,15,,46481,11,,,0,15,,46464,11,,,0,15,,46473,11,,,0,55,,46457,11,,,0,15,,46482,11,,,0,16,,46465,11,,,0,15,,46474,11,,,0,55,,46458,11,,,0,15,,46483,11,,,0,15,,46466,11,,,0,15,,46475,11,,,0,55,,46459,11,,,0,15,,46484,11,,,0,15,,46467,11,,,0,15,,46476,11,,,0,55,,46460,11,,,0,16,,46485,11,,,0,15,,46468,11,,,0,15,,46477,11,,,0,55,,46461,11,,,0,15,,46486,11,,,0,15,,46469,11,,,0,15,,46478,11,,,0,55,,46462,11,,,0,14,,46487,11,,,0,14,,46470,11,,,0,15,,46479,11,,,0,55,,46463,11,,,0,15,,46488,11,,,0,15,,46471,11,,,0,15,,46447,11,,,0,55,,39498,11,,,0,15,,46480,11,,,0,15,,46472,11,,,0,15,,46448,11,,,0,55,,46489,11,,,0,45,,46449,11,,,0,70,,46442,11,,,0,30,,46450,11,,,0,70,,46441,11,,,0,30,,46446,11,,,0,69,,46440,11,,,0,30,,46451,11,,,0,70,,46439,11,,,0
502029,'1867',620,,39544,11,,,0,28,,46491,11,,,0,65,,39535,11,,,0,30,,46504,11,,,0,71,,39540,11,,,0,30,,46503,11,,,0,71,,39538,11,,,0,30,,46502,11,,,0,70,,39527,11,,,0,30,,46501,11,,,0,55,,43653,11,,,0,15,,39528,11,,,0,16,,46513,11,,,0,15,,46500,11,,,0,55,,46516,11,,,0,15,,46492,11,,,0,15,,46507,11,,,0,15,,46499,11,,,0,55,,46509,11,,,0,15,,39530,11,,,0,15,,46511,11,,,0,15,,46498,11,,,0,55,,46514,11,,,0,16,,39531,11,,,0,15,,46515,11,,,0,15,,46497,11,,,0,55,,46506,11,,,0,15,,39532,11,,,0,15,,46508,11,,,0,15,,46496,11,,,0,55,,46510,11,,,0,14,,39533,11,,,0,14,,46512,11,,,0,15,,46495,11,,,0,55,,46517,11,,,0,15,,39534,11,,,0,15,,46505,11,,,0,15,,46494,11,,,0,55,,43650,11,,,0,15,,39543,11,,,0,30,,46493,11,,,0,70,,43648,11,,,0,30,,39548,11,,,0,70,,39536,11,,,0,30,,39547,11,,,0,70,,39537,11,,,0,30,,39545,11,,,0,69,,39542,11,,,0,30,,39546,11,,,0,70,,39539,11,,,0
502029,'1873',618,,32675,11,,,0,1182,,32694,11,,,0
502029,'1878',620,,32740,11,,,0,93,,32731,11,,,0,101,,32736,11,,,0,101,,32734,11,,,0,100,,32723,11,,,0,85,,43671,11,,,0,15,,32724,11,,,0,201,,32726,11,,,0,101,,32727,11,,,0,100,,32728,11,,,0,99,,32729,11,,,0,99,,32730,11,,,0,85,,43668,11,,,0,15,,32739,11,,,0,100,,43666,11,,,0,30,,32744,11,,,0,70,,32732,11,,,0,30,,32743,11,,,0,70,,32733,11,,,0,30,,32741,11,,,0,69,,32738,11,,,0,30,,32742,11,,,0,70,,32735,11,,,0
502029,'1881',545,,39373,11,,,0,101,,39375,11,,,0,69,,39377,11,,,0,12,,32851,11,,,0,13,,32852,11,,,0,13,,39378,11,,,0,52,,32855,11,,,0,6,,39379,11,,,0,18,,32858,11,,,0,74,,39382,11,,,0,14,,32862,11,,,0,14,,32863,11,,,0,15,,32864,11,,,0,55,,39383,11,,,0,15,,39384,11,,,0,15,,32867,11,,,0,16,,39385,11,,,0,55,,32869,11,,,0,15,,39386,11,,,0,16,,43661,11,,,0,15,,32872,11,,,0,70,,32874,11,,,0,30,,32876,11,,,0,155,,39390,11,,,0,30,,39391,11,,,0,71,,32885,11,,,0,15,,32886,11,,,0,39,,32889,11,,,0,64,,39393,11,,,0,11,,32892,11,,,0,88,,32896,11,,,0,11,,39394,11,,,0,12,,39395,11,,,0,12,,39396,11,,,0,63,,43665,11,,,0,27,,39398,11,,,0,55,,32913,11,,,0,44,,39399,11,,,0,100,,39400,11,,,0
502029,'1882',600,,32844,11,,,0,15,,32845,11,,,0,16,,32846,11,,,0,7,,43657,11,,,0,64,,43658,11,,,0,45,,32853,11,,,0,70,,43659,11,,,0,24,,32859,11,,,0,12,,43660,11,,,0,350,,43662,11,,,0,30,,32875,11,,,0,70,,32877,11,,,0,15,,43663,11,,,0,15,,32879,11,,,0,15,,32880,11,,,0,70,,32882,11,,,0,31,,32884,11,,,0,85,,32887,11,,,0,12,,32888,11,,,0,64,,43664,11,,,0,35,,32893,11,,,0,12,,32894,11,,,0,52,,32895,11,,,0,98,,32900,11,,,0,24,,32902,11,,,0,84,,32904,11,,,0,100,,32906,11,,,0,100,,32908,11,,,0,30,,32909,11,,,0,70,,32910,11,,,0,30,,32911,11,,,0,70,,32912,11,,,0
502029,'1886',545,,46518,11,,,0,101,,46519,11,,,0,69,,46520,11,,,0,12,,46521,11,,,0,13,,46522,11,,,0,13,,46523,11,,,0,52,,46524,11,,,0,6,,46525,11,,,0,18,,46526,11,,,0,74,,46527,11,,,0,14,,46528,11,,,0,14,,46529,11,,,0,15,,46530,11,,,0,55,,46531,11,,,0,15,,46532,11,,,0,15,,46533,11,,,0,16,,46534,11,,,0,55,,46535,11,,,0,15,,46536,11,,,0,16,,46537,11,,,0,15,,46538,11,,,0,70,,46539,11,,,0,30,,46540,11,,,0,155,,46541,11,,,0,30,,46542,11,,,0,71,,46543,11,,,0,15,,46544,11,,,0,39,,46545,11,,,0,64,,46546,11,,,0,11,,46547,11,,,0,88,,46548,11,,,0,11,,46549,11,,,0,12,,46550,11,,,0,12,,46551,11,,,0,63,,46552,11,,,0,27,,46553,11,,,0,55,,46556,11,,,0,44,,46554,11,,,0,100,,46555,11,,,0
502029,'1887',633,,46608,11,,,0,15,,46570,11,,,0,70,,46563,11,,,0,30,,46571,11,,,0,66,,46562,11,,,0,30,,46572,11,,,0,71,,46561,11,,,0,30,,46573,11,,,0,55,,46574,11,,,0,15,,46599,11,,,0,15,,46582,11,,,0,15,,46591,11,,,0,55,,46575,11,,,0,15,,46600,11,,,0,16,,46583,11,,,0,15,,46592,11,,,0,55,,46576,11,,,0,15,,46601,11,,,0,15,,46584,11,,,0,15,,46593,11,,,0,55,,46577,11,,,0,15,,46602,11,,,0,15,,46585,11,,,0,15,,46594,11,,,0,55,,46578,11,,,0,16,,46603,11,,,0,15,,46586,11,,,0,15,,46595,11,,,0,55,,46579,11,,,0,15,,46604,11,,,0,15,,46587,11,,,0,15,,46596,11,,,0,55,,46580,11,,,0,14,,46605,11,,,0,14,,46588,11,,,0,15,,46597,11,,,0,55,,46581,11,,,0,15,,46606,11,,,0,15,,46589,11,,,0,15,,46565,11,,,0,70,,46598,11,,,0,15,,46590,11,,,0,15,,46566,11,,,0,55,,46607,11,,,0,45,,46567,11,,,0,70,,46560,11,,,0,30,,46568,11,,,0,70,,46559,11,,,0,30,,46564,11,,,0,69,,46558,11,,,0,30,,46569,11,,,0,70,,46557,11,,,0
502029,'1888',648,,46609,11,,,0,95,,46622,11,,,0,101,,46621,11,,,0,101,,46620,11,,,0,100,,46619,11,,,0,86,,46631,11,,,0,15,,46618,11,,,0,55,,46634,11,,,0,15,,46610,11,,,0,15,,46625,11,,,0,15,,46617,11,,,0,55,,46627,11,,,0,30,,46629,11,,,0,15,,46616,11,,,0,55,,46632,11,,,0,31,,46633,11,,,0,15,,46615,11,,,0,55,,46624,11,,,0,30,,46626,11,,,0,15,,46614,11,,,0,55,,46628,11,,,0,28,,46630,11,,,0,15,,46613,11,,,0,55,,46635,11,,,0,30,,46623,11,,,0,15,,46612,11,,,0,100,,46611,11,,,0
