6019,'1816',723,,9775,25,,,0,100,,9776,25,,,0,1201,,9788,13,,,0
6019,'1817',855,,16906,13,,,0,100,,16907,13,,,0,100,,16908,13,,,0,102,,16909,13,,,0,100,,16910,13,,,0,100,,16904,13,,,0,100,,16900,13,,,0,99,,16903,13,,,0,100,,16902,13,,,0,99,,16905,13,,,0,100,,16899,13,,,0,100,,16901,13,,,0
6019,'1820',739,,14056,25,,,0,17,,14058,25,,,0,70,,9763,25,,,0,129,,9745,25,,,0,70,,9747,25,,,0,30,,14066,25,,,0,71,,14054,25,,,0,30,,9774,25,,,0,70,,9769,25,,,0,30,,14063,25,,,0,70,,14064,25,,,0,30,,9765,25,,,0,70,,14062,25,,,0,76,,9756,25,,,0,27,,14061,25,,,0,30,,14055,25,,,0,72,,9754,25,,,0,70,,9757,25,,,0,31,,9752,25,,,0,25,,14060,25,,,0,67,,14057,25,,,0,30,,14051,25,,,0,70,,14059,25,,,0,99,,14052,25,,,0,100,,14053,25,,,0,100,,14067,25,,,0,100,,14065,25,,,0
6019,'1821',701,,9760,25,,,0,154,,9751,25,,,0,70,,9762,25,,,0
6019,'1823',739,,16920,25,,,0,17,,16924,25,,,0,70,,16926,25,,,0,129,,16911,25,,,0,70,,16913,25,,,0,30,,16935,25,,,0,71,,16916,25,,,0,30,,16937,25,,,0,70,,16932,25,,,0,30,,16931,25,,,0,70,,16933,25,,,0,30,,16928,25,,,0,70,,16930,25,,,0,76,,16921,25,,,0,27,,16929,25,,,0,30,,16918,25,,,0,72,,16919,25,,,0,70,,16922,25,,,0,31,,16917,25,,,0,25,,16927,25,,,0,67,,16923,25,,,0,30,,16912,25,,,0,70,,16925,25,,,0,99,,16914,25,,,0,100,,16915,25,,,0,100,,16936,25,,,0,100,,16934,25,,,0
6019,'1824',653,,16950,25,,,0,100,,16951,25,,,0,100,,16952,25,,,0,70,,16938,25,,,0,30,,16953,25,,,0,70,,16939,25,,,0,30,,16954,25,,,0,72,,16940,25,,,0,30,,16955,25,,,0,70,,16941,25,,,0,32,,16956,25,,,0,70,,16942,25,,,0,30,,16957,25,,,0,70,,16943,25,,,0,30,,16958,25,,,0,69,,16944,25,,,0,30,,16959,25,,,0,70,,16945,25,,,0,30,,16960,25,,,0,69,,16946,25,,,0,28,,16961,25,,,0,70,,16947,25,,,0,30,,16962,25,,,0,70,,16948,25,,,0,201,,16949,13,,,0
13019,'1816',1123,,10476,28,,,0,201,,10478,28,,,0,100,,10479,28,,,0,697,,10486,28,,,0
13019,'1817',822,,17297,28,,,0,100,,17298,28,,,0,100,,17299,28,,,0,101,,17300,28,,,0,101,,17301,28,,,0,100,,17302,28,,,0,100,,17303,28,,,0,100,,17304,28,,,0,100,,17305,28,,,0,98,,17306,28,,,0,100,,17307,28,,,0,100,,17308,28,,,0,99,,17309,28,,,0,100,,17310,28,,,0,100,,17296,28,,,0
13019,'1820',631,,14445,28,,,0,71,,14446,28,,,0,30,,14447,28,,,0,70,,14448,28,,,0,156,,14449,28,,,0,100,,14450,28,,,0,100,,14451,28,,,0,200,,14452,28,,,0,70,,14453,28,,,0,31,,14454,28,,,0,73,,14455,28,,,0,102,,14456,28,,,0,98,,14457,28,,,0,96,,14458,28,,,0,99,,14459,28,,,0,32,,14464,28,,,0,69,,14460,28,,,0,30,,14463,28,,,0,70,,14461,28,,,0,28,,14462,28,,,0
13019,'1821',858,,10452,28,,,0,400,,10456,28,,,0,969,,10467,7,,,0,29,,10468,28,,,0
13019,'1823',631,,17311,28,,,0,71,,17312,28,,,0,30,,17313,28,,,0,70,,17314,28,,,0,156,,17315,28,,,0,100,,17316,28,,,0,100,,17317,28,,,0,200,,17318,28,,,0,70,,17319,28,,,0,31,,17320,28,,,0,73,,17321,28,,,0,102,,17322,28,,,0,98,,17323,28,,,0,96,,17324,28,,,0,99,,17325,28,,,0,32,,17330,28,,,0,69,,17326,28,,,0,30,,17329,28,,,0,70,,17327,28,,,0,28,,17328,28,,,0
13019,'1824',721,,17331,28,,,0,101,,17332,28,,,0,100,,17333,28,,,0,100,,17334,28,,,0,202,,17335,28,,,0,300,,17336,28,,,0,100,,17337,28,,,0,98,,17338,28,,,0,100,,17339,28,,,0,100,,17340,28,,,0,99,,17341,28,,,0,300,,17342,28,,,0
15029,'1816',623,,10714,38,,,0,226,,10716,78,,,0,303,,10719,78,,,0,306,,10722,78,,,0,295,,10725,78,,,0,298,,10713,78,,,0
15029,'1817',751,,10678,78,,,0,98,,17441,78,,,0,102,,10675,78,,,0,100,,10676,78,,,0,103,,17442,78,,,0,100,,10673,78,,,0,100,,10670,78,,,0,102,,17440,78,,,0,100,,10672,78,,,0,98,,10669,78,,,0,99,,17439,78,,,0,99,,10667,78,,,0,99,,10668,78,,,0,100,,17438,78,,,0
15029,'1820',629,,14594,38,,,0,91,,10681,78,,,0,33,,10682,78,,,0,74,,14595,78,,,0,29,,14596,78,,,0,73,,14597,78,,,0,30,,14598,78,,,0,65,,10687,78,,,0,130,,10690,78,,,0,70,,10691,78,,,0,30,,14599,78,,,0,70,,14600,78,,,0,30,,10694,78,,,0,70,,10695,78,,,0,34,,14601,78,,,0,73,,14602,78,,,0,75,,10698,78,,,0,32,,14603,78,,,0,68,,14604,78,,,0,24,,14605,78,,,0,92,,14606,78,,,0,29,,14607,78,,,0,67,,14608,78,,,0,30,,14609,78,,,0,70,,14610,78,,,0,30,,14611,78,,,0,70,,14612,78,,,0,98,,14614,78,,,0,97,,14613,78,,,0
15029,'1821',649,,10680,38,,,0,405,,10688,78,,,0,70,,10689,78,,,0,629,,10702,78,,,0
15029,'1823',629,,17443,38,,,0,91,,17444,78,,,0,33,,17445,78,,,0,74,,17446,78,,,0,29,,17447,78,,,0,73,,17448,78,,,0,30,,17449,78,,,0,65,,17450,78,,,0,130,,17451,78,,,0,70,,17452,78,,,0,30,,17453,78,,,0,70,,17454,78,,,0,30,,17455,78,,,0,70,,17456,78,,,0,34,,17457,78,,,0,73,,17458,78,,,0,75,,17459,78,,,0,32,,17460,78,,,0,68,,17461,78,,,0,24,,17462,78,,,0,92,,17463,78,,,0,29,,17464,78,,,0,67,,17465,78,,,0,30,,17466,78,,,0,70,,17467,78,,,0,30,,17468,78,,,0,70,,17469,78,,,0,98,,17471,78,,,0,97,,17470,78,,,0
15029,'1824',756,,17473,78,,,0,193,,17474,78,,,0,100,,17475,78,,,0,203,,17476,78,,,0,100,,17477,78,,,0,206,,17478,78,,,0,97,,17479,78,,,0,197,,17480,78,,,0,99,,17472,78,,,0
19019,'1816',2049,,11082,15,,,0,175,,11080,15,,,0,100,,11078,15,,,0
19019,'1817',626,,17589,15,,,0,112,,17590,15,,,0,100,,17587,15,,,0,70,,17586,15,,,0,30,,17579,15,,,0,70,,17583,15,,,0,31,,17585,15,,,0,71,,17571,15,,,0,30,,17575,15,,,0,70,,17578,15,,,0,30,,17582,15,,,0,70,,17584,15,,,0,30,,17570,15,,,0,70,,17574,15,,,0,31,,17577,15,,,0,71,,17580,15,,,0,30,,17566,15,,,0,70,,17569,15,,,0,30,,17573,15,,,0,68,,17576,15,,,0,29,,17581,15,,,0,70,,17567,15,,,0,30,,17568,15,,,0,70,,17572,15,,,0,30,,17591,15,,,0,70,,17592,15,,,0,45,,17588,15,,,0,100,,11009,15,,,0,100,,10984,15,,,0,84,,17565,15,,,0
19019,'1820',839,,14745,15,,,0,71,,14746,15,,,0,29,,14738,15,,,0,70,,14739,15,,,0,30,,14741,15,,,0,70,,14742,15,,,0,101,,14743,15,,,0,30,,14747,15,,,0,70,,14744,15,,,0,100,,14740,15,,,0,30,,14748,15,,,0,72,,11042,15,,,0,31,,11049,15,,,0,297,,14751,15,,,0,70,,14750,15,,,0,30,,14755,15,,,0,100,,14754,15,,,0,99,,14753,15,,,0,99,,14752,15,,,0,99,,14749,15,,,0
19019,'1821',1140,,11030,15,,,0,200,,11028,15,,,0
19019,'1823',839,,17600,15,,,0,71,,17601,15,,,0,29,,17593,15,,,0,70,,17594,15,,,0,30,,17596,15,,,0,70,,17597,15,,,0,101,,17598,15,,,0,30,,17602,15,,,0,70,,17599,15,,,0,100,,17595,15,,,0,30,,17603,15,,,0,72,,17605,15,,,0,31,,17612,15,,,0,297,,17607,15,,,0,70,,17606,15,,,0,30,,17611,15,,,0,100,,17610,15,,,0,99,,17609,15,,,0,99,,17608,15,,,0,99,,17604,15,,,0
19019,'1824',626,,17628,15,,,0,12,,17619,15,,,0,70,,17633,15,,,0,30,,17623,15,,,0,70,,17637,15,,,0,30,,17627,15,,,0,70,,17620,15,,,0,30,,17634,15,,,0,70,,17624,15,,,0,31,,17621,15,,,0,71,,17635,15,,,0,30,,17625,15,,,0,70,,17622,15,,,0,30,,17636,15,,,0,70,,17626,15,,,0,30,,17638,15,,,0,70,,17614,15,,,0,31,,17640,15,,,0,71,,17630,15,,,0,30,,17617,15,,,0,70,,17615,15,,,0,30,,17631,15,,,0,68,,17618,15,,,0,29,,17613,15,,,0,70,,17639,15,,,0,30,,17629,15,,,0,70,,17616,15,,,0,30,,17642,15,,,0,185,,17641,15,,,0,219,,17632,15,,,0
10019019,'1820',642,,16418,14,,,0,70,,16416,14,,,0,100,,16419,14,,,0
10019019,'1821',742,,13625,14,,,0
10019019,'1823',642,,19080,14,,,0,70,,19078,14,,,0,100,,19081,14,,,0
