1029,'1796',617,,19297,37,,,0,30,,19298,37,,,0,70,,19318,37,,,0,30,,19294,37,,,0,70,,19289,37,,,0,30,,19322,37,,,0,70,,19292,37,,,0,30,,19299,37,,,0,70,,19317,37,,,0,30,,19296,37,,,0,70,,19288,37,,,0,30,,19321,37,,,0,70,,19293,37,,,0,30,,19300,37,,,0,70,,19316,37,,,0,30,,19295,37,,,0,70,,19290,37,,,0,30,,19319,37,,,0,70,,19291,37,,,0,30,,19301,37,,,0,70,,19315,37,,,0,30,,19304,37,,,0,70,,19303,37,,,0,30,,19302,37,,,0,70,,19308,37,,,0,30,,19307,37,,,0,70,,19306,37,,,0,30,,19305,37,,,0,70,,19320,37,,,0,30,,19314,37,,,0,70,,19313,37,,,0,30,,19312,37,,,0,70,,19311,37,,,0,30,,19310,37,,,0,65,,19309,37,,,0
1029,'1797',617,,19328,37,,,0,30,,19340,37,,,0,70,,19347,37,,,0,30,,19335,37,,,0,70,,19356,37,,,0,30,,19344,37,,,0,69,,19327,37,,,0,31,,19339,37,,,0,70,,19350,37,,,0,30,,19334,37,,,0,70,,19357,37,,,0,30,,19343,37,,,0,70,,19326,37,,,0,30,,19338,37,,,0,70,,19349,37,,,0,30,,19333,37,,,0,70,,19329,37,,,0,30,,19342,37,,,0,70,,19325,37,,,0,30,,19337,37,,,0,70,,19345,37,,,0,30,,19332,37,,,0,70,,19354,37,,,0,30,,19341,37,,,0,70,,19324,37,,,0,30,,19336,37,,,0,70,,19348,37,,,0,30,,19330,37,,,0,70,,19352,37,,,0,30,,19351,37,,,0,70,,19323,37,,,0,30,,19331,37,,,0,70,,19346,37,,,0,30,,19355,37,,,0,65,,19353,37,,,0
1029,'1798',617,,19358,37,,,0,100,,19359,37,,,0,100,,19360,37,,,0,100,,19361,37,,,0,100,,19362,37,,,0,100,,19363,37,,,0,100,,19364,37,,,0,100,,19365,37,,,0,100,,19366,37,,,0,100,,19367,37,,,0,100,,19368,37,,,0,100,,19369,37,,,0,100,,19370,37,,,0,100,,19371,37,,,0,100,,19372,37,,,0,100,,19373,37,,,0,100,,19374,37,,,0,95,,19375,37,,,0
1029,'1799',617,,19376,37,,,0,100,,19377,37,,,0,100,,19378,37,,,0,100,,19379,37,,,0,100,,19380,37,,,0,100,,19381,37,,,0,100,,19382,37,,,0,100,,19383,37,,,0,100,,19384,37,,,0,100,,19385,37,,,0,100,,19386,37,,,0,100,,19387,37,,,0,100,,19388,37,,,0,100,,19389,37,,,0,100,,19390,37,,,0,100,,19391,37,,,0,100,,19392,37,,,0,95,,19393,37,,,0
1029,'1800',617,,19394,37,,,0,100,,19395,37,,,0,100,,19396,37,,,0,100,,19397,37,,,0,100,,19398,37,,,0,100,,19399,37,,,0,100,,19400,37,,,0,100,,19401,37,,,0,100,,19402,37,,,0,100,,19403,37,,,0,100,,19404,37,,,0,100,,19405,37,,,0,100,,19406,37,,,0,100,,19407,37,,,0,100,,19408,37,,,0,100,,19409,37,,,0,100,,19410,37,,,0,95,,19411,37,,,0
1029,'1817',617,,16625,37,,,0,100,,16626,37,,,0,100,,16627,37,,,0,100,,16628,37,,,0,100,,16629,37,,,0,100,,16630,37,,,0,100,,16631,37,,,0,100,,16632,37,,,0,100,,16633,37,,,0,100,,16634,37,,,0,100,,16635,37,,,0,100,,16636,37,,,0,100,,16637,37,,,0,100,,16638,37,,,0,100,,16639,37,,,0,100,,16640,37,,,0,100,,16641,37,,,0,95,,16642,37,,,0
1029,'1824',617,,16682,37,,,0,30,,16694,37,,,0,70,,16701,37,,,0,30,,16689,37,,,0,70,,16710,37,,,0,30,,16698,37,,,0,69,,16681,37,,,0,31,,16693,37,,,0,70,,16704,37,,,0,30,,16688,37,,,0,70,,16711,37,,,0,30,,16697,37,,,0,70,,16680,37,,,0,30,,16692,37,,,0,70,,16703,37,,,0,30,,16687,37,,,0,70,,16683,37,,,0,30,,16696,37,,,0,70,,16679,37,,,0,30,,16691,37,,,0,70,,16699,37,,,0,30,,16686,37,,,0,70,,16708,37,,,0,30,,16695,37,,,0,70,,16678,37,,,0,30,,16690,37,,,0,70,,16702,37,,,0,30,,16684,37,,,0,70,,16706,37,,,0,30,,16705,37,,,0,70,,16677,37,,,0,30,,16685,37,,,0,70,,16700,37,,,0,30,,16709,37,,,0,65,,16707,37,,,0
2029,'1796',535,,19588,19,,,0,67,,19562,34,,,0,30,,19563,34,,,0,70,,19564,34,,,0,30,,19565,34,,,0,70,,19566,34,,,0,30,,19567,34,,,0,70,,19568,34,,,0,30,,19569,34,,,0,70,,19570,34,,,0,30,,19571,34,,,0,70,,19572,34,,,0,30,,19573,34,,,0,70,,19574,34,,,0,30,,19575,34,,,0,70,,19576,34,,,0,30,,19577,34,,,0,70,,19578,34,,,0,30,,19579,34,,,0,70,,19580,34,,,0,30,,19581,34,,,0,70,,19582,34,,,0,30,,19583,34,,,0,70,,19584,34,,,0,30,,19585,34,,,0,70,,19586,34,,,0,30,,19587,34,,,0,70,,19591,34,,,0,30,,19592,34,,,0,100,,19593,34,,,0,100,,19594,34,,,0,100,,19590,34,,,0
2029,'1797',602,,19628,34,0,5 2 15 16 17,0,30,,19611,34,,,0,70,,19618,34,,,0,30,,19597,34,,,0,70,,19603,34,,,0,30,,19612,34,,,0,70,,19619,34,,,0,30,,19598,34,,,0,70,,19604,34,,,0,30,,19613,34,,,0,70,,19620,34,,,0,30,,19599,34,,,0,70,,19605,34,,,0,30,,19614,34,,,0,70,,19621,34,,,0,30,,19600,34,,,0,70,,19606,34,,,0,30,,19615,34,,,0,70,,19622,34,,,0,30,,19601,34,,,0,70,,19607,34,,,0,30,,19616,34,,,0,70,,19623,34,,,0,30,,19602,34,,,0,70,,19608,34,,,0,30,,19617,34,,,0,70,,19624,34,,,0,30,,19609,34,,,0,100,,19625,34,,,0,100,,19610,34,,,0,100,,19626,34,,,0
2029,'1798',632,,19632,34,,,0,70,,19640,34,,,0,30,,19651,34,,,0,70,,19646,34,,,0,30,,19633,34,,,0,70,,19641,34,,,0,30,,19652,34,,,0,70,,19647,34,,,0,30,,19634,34,,,0,70,,19642,34,,,0,30,,19653,34,,,0,70,,19648,34,,,0,30,,19635,34,,,0,70,,19643,34,,,0,30,,19654,34,,,0,70,,19649,34,,,0,30,,19636,34,,,0,70,,19644,34,,,0,30,,19655,34,,,0,70,,19650,34,,,0,30,,19637,34,,,0,70,,19645,34,,,0,30,,19656,34,,,0,100,,19638,34,,,0,100,,19657,34,,,0,100,,19639,34,,,0,100,,19658,34,,,0,100,,19631,34,,,0
2029,'1799',632,,19664,34,,,0,70,,19672,34,,,0,30,,19683,34,,,0,70,,19678,34,,,0,30,,19665,34,,,0,70,,19673,34,,,0,30,,19684,34,,,0,70,,19679,34,,,0,30,,19666,34,,,0,70,,19674,34,,,0,30,,19685,34,,,0,70,,19680,34,,,0,30,,19667,34,,,0,70,,19675,34,,,0,30,,19686,34,,,0,70,,19681,34,,,0,30,,19668,34,,,0,70,,19676,34,,,0,30,,19687,34,,,0,70,,19682,34,,,0,30,,19669,34,,,0,70,,19677,34,,,0,30,,19688,34,,,0,100,,19670,34,,,0,100,,19689,34,,,0,100,,19671,34,,,0,100,,19690,34,,,0,100,,19663,34,,,0
2029,'1800',632,,19696,34,,,0,70,,19704,34,,,0,30,,19715,34,,,0,70,,19710,34,,,0,30,,19697,34,,,0,70,,19705,34,,,0,30,,19716,34,,,0,70,,19711,34,,,0,30,,19698,34,,,0,70,,19706,34,,,0,30,,19717,34,,,0,70,,19712,34,,,0,30,,19699,34,,,0,70,,19707,34,,,0,30,,19718,34,,,0,70,,19713,34,,,0,30,,19700,34,,,0,70,,19708,34,,,0,30,,19719,34,,,0,70,,19714,34,,,0,30,,19701,34,,,0,70,,19709,34,,,0,30,,19720,34,,,0,100,,19702,34,,,0,100,,19721,34,,,0,100,,19703,34,,,0,100,,19722,34,,,0,100,,19695,34,,,0
2029,'1816',602,,5908,34,0,5 2 15 16 17,0,30,,5891,34,,,0,70,,5898,34,,,0,30,,5877,34,,,0,70,,5883,34,,,0,30,,5892,34,,,0,70,,5899,34,,,0,30,,5878,34,,,0,70,,5884,34,,,0,30,,5893,34,,,0,70,,5900,34,,,0,30,,5879,34,,,0,70,,5885,34,,,0,30,,5894,34,,,0,70,,5901,34,,,0,30,,5880,34,,,0,70,,5886,34,,,0,30,,5895,34,,,0,70,,5902,34,,,0,30,,5881,34,,,0,70,,5887,34,,,0,30,,5896,34,,,0,70,,5903,34,,,0,30,,5882,34,,,0,70,,5888,34,,,0,30,,5897,34,,,0,70,,5904,34,,,0,30,,5889,34,,,0,100,,5905,34,,,0,100,,5890,34,,,0,100,,5906,34,,,0
2029,'1817',632,,9443,34,,,0,70,,9451,34,,,0,30,,9462,34,,,0,70,,9457,34,,,0,30,,9444,34,,,0,70,,9452,34,,,0,30,,9463,34,,,0,70,,9458,34,,,0,30,,9445,34,,,0,70,,9453,34,,,0,30,,9464,34,,,0,70,,9459,34,,,0,30,,9446,34,,,0,70,,9454,34,,,0,30,,9465,34,,,0,70,,9460,34,,,0,30,,9447,34,,,0,70,,9455,34,,,0,30,,9466,34,,,0,70,,9461,34,,,0,30,,9448,34,,,0,70,,9456,34,,,0,30,,9467,34,,,0,100,,9449,34,,,0,100,,9468,34,,,0,100,,9450,34,,,0,100,,9469,34,,,0,100,,9442,34,,,0
14000001029,'1796',440,,24916,18,0,18 7,0,102,,24917,18,0,18 7,0,1812,,24919,18,,,0,70,,24920,18,,,0,30,,24923,18,,,0,70,,24918,18,,,0,30,,24921,18,,,0,70,,24922,18,,,0
14000001029,'1797',541,,24928,18,0,18 7,0,1813,,24930,18,,,0,70,,24925,18,,,0,30,,24924,18,,,0,70,,24926,18,,,0,30,,24929,18,,,0,70,,24927,18,,,0
14000001029,'1798',541,,24937,18,0,18 7,0,1813,,24931,18,,,0,70,,24935,18,,,0,30,,24936,18,,,0,70,,24933,18,,,0,30,,24934,18,,,0,70,,24932,18,,,0
14000001029,'1799',541,,24944,18,0,18 7,0,1813,,24938,18,,,0,70,,24942,18,,,0,30,,24943,18,,,0,70,,24940,18,,,0,30,,24941,18,,,0,70,,24939,18,,,0
14000001029,'1800',541,,24951,18,0,18 7,0,1813,,24945,18,,,0,70,,24949,18,,,0,30,,24950,18,,,0,70,,24947,18,,,0,30,,24948,18,,,0,70,,24946,18,,,0
14000001029,'1816',2424,,9292,18,,,0,130,,9296,18,,,0
14000001029,'1817',541,,19150,18,0,18 7,0,1813,,19146,18,,,0,70,,13744,18,,,0,30,,19149,18,,,0,70,,19148,18,,,0,30,,13743,18,,,0,70,,19147,18,,,0
14000001029,'1824',541,,19160,18,0,18 7,0,1813,,19161,18,,,0,100,,19157,18,,,0,70,,19158,18,,,0,100,,19159,18,,,0
