16019,'1799',954,,21266,17,,,0,701,,21255,17,,,0,398,,21258,17,,,0
16019,'1800',753,,25891,17,,,0,101,,25893,17,,,0,100,,21281,17,,,0,100,,25901,17,,,0,100,,25892,17,,,0,100,,25894,17,,,0,100,,25895,17,,,0,101,,25898,17,,,0,100,,25897,17,,,0,100,,21270,17,,,0,99,,25899,17,,,0,100,,25900,17,,,0,99,,25896,17,,,0,100,,21273,17,,,0,100,,25902,17,,,0
16019,'1829',625,,21176,17,,,0,30,,21177,17,,,0,70,,21178,17,,,0,30,,21179,17,,,0,70,,21180,17,,,0,30,,21181,17,,,0,70,,21182,17,,,0,100,,21184,17,,,0,30,,21185,17,,,0,170,,21188,17,,,0,30,,21189,17,,,0,70,,21190,17,,,0,30,,21191,17,,,0,70,,21192,17,,,0,30,,21193,17,,,0,70,,21194,17,,,0,30,,21195,17,,,0,70,,21196,17,,,0,230,,21201,17,,,0,70,,21202,17,,,0,130,,21205,17,,,0,170,,21175,17,,,0
16019,'1831',623,,21229,17,,,0,30,,21225,17,,,0,70,,21233,17,,,0,30,,21217,17,,,0,71,,21231,17,,,0,30,,21212,17,,,0,70,,21210,17,,,0,30,,21207,17,,,0,70,,21218,17,,,0,30,,21228,17,,,0,70,,21222,17,,,0,30,,21230,17,,,0,70,,21214,17,,,0,30,,21232,17,,,0,70,,21209,17,,,0,30,,21220,17,,,0,71,,21219,17,,,0,30,,21223,17,,,0,70,,21224,17,,,0,30,,21208,17,,,0,70,,21216,17,,,0,30,,21226,17,,,0,69,,21211,17,,,0,30,,21215,17,,,0,70,,21221,17,,,0,30,,21235,17,,,0,70,,21227,17,,,0,29,,21234,17,,,0,70,,21213,17,,,0,30,,21237,17,,,0,100,,21236,17,,,0,70,,21206,17,,,0
16019,'1832',753,,21238,17,,,0,101,,21241,17,,,0,200,,21250,17,,,0,100,,21239,17,,,0,100,,21242,17,,,0,100,,21244,17,,,0,101,,21247,17,,,0,100,,21246,17,,,0,199,,21248,17,,,0,100,,21249,17,,,0,99,,21245,17,,,0,200,,21252,17,,,0
16019,'1833',954,,21251,17,,,0,701,,21240,17,,,0,398,,21243,17,,,0
16019,'1834',753,,21253,17,,,0,101,,21256,17,,,0,200,,21265,17,,,0,100,,21254,17,,,0,100,,21257,17,,,0,100,,21259,17,,,0,101,,21262,17,,,0,100,,21261,17,,,0,199,,21263,17,,,0,100,,21264,17,,,0,99,,21260,17,,,0,200,,21267,17,,,0
16019,'1835',955,,25905,17,,,0,170,,25906,17,,,0,30,,25907,17,,,0,500,,25908,17,,,0,70,,25909,17,,,0,30,,25910,17,,,0,70,,25911,17,,,0,130,,25912,17,,,0,70,,25913,17,,,0,100,,25903,17,,,0,30,,25904,17,,,0
16019,'1837',753,,25914,17,,,0,101,,25916,17,,,0,200,,25924,17,,,0,100,,25915,17,,,0,100,,25917,17,,,0,100,,25918,17,,,0,101,,25921,17,,,0,100,,25920,17,,,0,199,,25922,17,,,0,100,,25923,17,,,0,99,,25919,17,,,0,200,,25925,17,,,0
16019,'1838',753,,25926,17,,,0,101,,25928,17,,,0,200,,25936,17,,,0,100,,25927,17,,,0,100,,25929,17,,,0,100,,25930,17,,,0,101,,25933,17,,,0,100,,25932,17,,,0,199,,25934,17,,,0,100,,25935,17,,,0,99,,25931,17,,,0,200,,25937,17,,,0
