11019,'1800',909,,29840,16,,,0,100,,36443,16,,,0,103,,36444,16,,,0,101,,29843,16,,,0,100,,36445,16,,,0,100,,36446,16,,,0,100,,29846,16,,,0,99,,36447,16,,,0,100,,36448,16,,,0,97,,29849,16,,,0,100,,29850,16,,,0,100,,36449,16,,,0
11019,'1838',909,,36451,16,,,0,100,,36452,16,,,0,103,,36453,16,,,0,101,,36454,16,,,0,100,,36455,16,,,0,100,,36456,16,,,0,100,,36457,16,,,0,99,,36458,16,,,0,100,,36459,16,,,0,97,,36460,16,,,0,100,,36461,16,,,0,100,,36462,16,,,0
11019,'1850',709,,29894,16,,,0,101,,29895,16,,,0,100,,29896,16,,,0,100,,29897,16,,,0,100,,29898,16,,,0,100,,29899,16,,,0,100,,29900,16,,,0,100,,29901,16,,,0,99,,29902,16,,,0,100,,29903,16,,,0,100,,29904,16,,,0,100,,29905,16,,,0,100,,29906,16,,,0,100,,29907,16,,,0,98,,29908,16,,,0
11019,'1859',909,,29870,16,,,0,100,,29871,16,,,0,404,,29875,16,,,0,199,,29877,16,,,0,100,,29878,16,,,0
11019,'1861',909,,29881,16,,,0,304,,29884,16,,,0,300,,29887,16,,,0,296,,29890,16,,,0,100,,29891,16,,,0
11019,'1862',709,,36466,16,,,0,100,,36467,16,,,0,300,,36468,16,,,0,104,,36469,16,,,0,100,,36470,16,,,0,200,,36471,16,,,0,296,,36472,16,,,0,100,,36464,16,,,0,100,,36465,16,,,0
11019,'1863',1009,,36474,16,,,0,103,,36475,16,,,0,201,,36476,16,,,0,100,,36477,16,,,0,199,,36478,16,,,0,100,,36479,16,,,0,297,,36480,16,,,0
11019,'1864',709,,29910,16,,,0,101,,29911,16,,,0,100,,29912,16,,,0,100,,36482,16,,,0,100,,29914,16,,,0,100,,36483,16,,,0,100,,36484,16,,,0,100,,36485,16,,,0,99,,36486,16,,,0,100,,36487,16,,,0,100,,36488,16,,,0,100,,36489,16,,,0,100,,36490,16,,,0,100,,29923,16,,,0,98,,36491,16,,,0
11019,'1865',709,,36492,16,,,0,101,,36493,16,,,0,100,,36494,16,,,0,100,,36495,16,,,0,100,,36496,16,,,0,100,,36497,16,,,0,100,,36498,16,,,0,100,,36499,16,,,0,99,,36500,16,,,0,100,,36501,16,,,0,100,,36502,16,,,0,100,,36503,16,,,0,100,,36504,16,,,0,100,,36505,16,,,0,98,,36506,16,,,0
11019,'1866',709,,36510,16,,,0,100,,36511,16,,,0,100,,36512,16,,,0,100,,36513,16,,,0,100,,36514,16,,,0,104,,36515,16,,,0,100,,36516,16,,,0,100,,36517,16,,,0,100,,36518,16,,,0,99,,36519,16,,,0,100,,36520,16,,,0,97,,36521,16,,,0,100,,36508,16,,,0,100,,36509,16,,,0
11019,'1867',909,,36523,16,,,0,100,,36524,16,,,0,103,,36525,16,,,0,101,,36526,16,,,0,100,,36527,16,,,0,100,,36528,16,,,0,100,,36529,16,,,0,99,,36530,16,,,0,100,,36531,16,,,0,97,,36532,16,,,0,100,,36533,16,,,0,100,,36534,16,,,0
