1029,'1800',554,,28457,2,,,0,98,,28458,2,,,0,100,,28459,2,,,0,100,,28460,2,,,0,100,,28461,2,,,0,100,,28462,2,,,0,100,,28463,2,,,0,100,,28464,2,,,0,100,,28465,2,,,0,100,,28466,2,,,0,100,,28467,2,,,0,100,,28468,2,,,0,100,,28469,2,,,0,100,,28470,2,,,0,100,,28471,2,,,0,100,,28472,2,,,0,100,,28473,2,,,0,100,,28474,2,,,0
1029,'1838',554,,34957,2,,,0,98,,34958,2,,,0,100,,34959,2,,,0,100,,34960,2,,,0,100,,34961,2,,,0,100,,34962,2,,,0,100,,34963,2,,,0,100,,34964,2,,,0,100,,34965,2,,,0,100,,34966,2,,,0,100,,34967,2,,,0,100,,34968,2,,,0,100,,34969,2,,,0,100,,34970,2,,,0,100,,34971,2,,,0,100,,34972,2,,,0,100,,34973,2,,,0,100,,34974,2,,,0
1029,'1850',551,,28555,2,,,0,71,,28556,2,,,0,25,,28576,2,,,0,68,,28552,2,,,0,30,,28547,2,,,0,70,,28580,2,,,0,30,,28550,2,,,0,72,,28557,2,,,0,30,,28575,2,,,0,70,,28554,2,,,0,30,,28546,2,,,0,70,,28579,2,,,0,30,,28551,2,,,0,70,,28558,2,,,0,30,,28574,2,,,0,70,,28553,2,,,0,30,,28548,2,,,0,70,,28577,2,,,0,32,,28549,2,,,0,70,,28559,2,,,0,30,,28573,2,,,0,69,,28562,2,,,0,30,,28561,2,,,0,70,,28560,2,,,0,34,,28566,2,,,0,70,,28565,2,,,0,30,,28564,2,,,0,70,,28563,2,,,0,30,,28578,2,,,0,70,,28572,2,,,0,30,,28571,2,,,0,70,,28570,2,,,0,30,,28569,2,,,0,70,,28568,2,,,0,25,,28567,2,,,0
1029,'1859',554,,28498,2,,,0,68,,28510,2,,,0,30,,28517,2,,,0,70,,28505,2,,,0,30,,28526,2,,,0,70,,28514,2,,,0,30,,28497,2,,,0,70,,28509,2,,,0,30,,28520,2,,,0,70,,28504,2,,,0,30,,28527,2,,,0,70,,28513,2,,,0,30,,28496,2,,,0,70,,28508,2,,,0,30,,28519,2,,,0,70,,28503,2,,,0,30,,28499,2,,,0,70,,28512,2,,,0,30,,28495,2,,,0,70,,28507,2,,,0,30,,28515,2,,,0,70,,28502,2,,,0,30,,28524,2,,,0,70,,28511,2,,,0,30,,28494,2,,,0,70,,28506,2,,,0,30,,28518,2,,,0,70,,28500,2,,,0,30,,28522,2,,,0,70,,28521,2,,,0,30,,28493,2,,,0,70,,28501,2,,,0,30,,28516,2,,,0,70,,28525,2,,,0,30,,28523,2,,,0
1029,'1861',554,,28528,2,,,0,98,,28529,2,,,0,100,,28530,2,,,0,100,,28531,2,,,0,100,,28532,2,,,0,100,,28533,2,,,0,100,,28534,2,,,0,100,,28535,2,,,0,100,,28536,2,,,0,100,,28537,2,,,0,100,,28538,2,,,0,100,,28539,2,,,0,100,,28540,2,,,0,100,,28541,2,,,0,100,,28542,2,,,0,100,,28543,2,,,0,100,,28544,2,,,0,100,,28545,2,,,0
1029,'1864',551,,34984,2,,,0,71,,28591,2,,,0,25,,35004,2,,,0,68,,34981,2,,,0,30,,34976,2,,,0,70,,35008,2,,,0,30,,34979,2,,,0,72,,34985,2,,,0,30,,35003,2,,,0,70,,34983,2,,,0,30,,34975,2,,,0,70,,35007,2,,,0,30,,34980,2,,,0,70,,34986,2,,,0,30,,35002,2,,,0,70,,34982,2,,,0,30,,34977,2,,,0,70,,35005,2,,,0,32,,34978,2,,,0,70,,34987,2,,,0,30,,35001,2,,,0,69,,34990,2,,,0,30,,34989,2,,,0,70,,34988,2,,,0,34,,34994,2,,,0,70,,34993,2,,,0,30,,34992,2,,,0,70,,34991,2,,,0,30,,35006,2,,,0,70,,35000,2,,,0,30,,34999,2,,,0,70,,34998,2,,,0,30,,34997,2,,,0,70,,34996,2,,,0,25,,34995,2,,,0
1029,'1865',551,,35018,2,,,0,71,,35019,2,,,0,25,,35039,2,,,0,68,,35015,2,,,0,30,,35010,2,,,0,70,,35043,2,,,0,30,,35013,2,,,0,72,,35020,2,,,0,30,,35038,2,,,0,70,,35017,2,,,0,30,,35009,2,,,0,70,,35042,2,,,0,30,,35014,2,,,0,70,,35021,2,,,0,30,,35037,2,,,0,70,,35016,2,,,0,30,,35011,2,,,0,70,,35040,2,,,0,32,,35012,2,,,0,70,,35022,2,,,0,30,,35036,2,,,0,69,,35025,2,,,0,30,,35024,2,,,0,70,,35023,2,,,0,34,,35029,2,,,0,70,,35028,2,,,0,30,,35027,2,,,0,70,,35026,2,,,0,30,,35041,2,,,0,70,,35035,2,,,0,30,,35034,2,,,0,70,,35033,2,,,0,30,,35032,2,,,0,70,,35031,2,,,0,25,,35030,2,,,0
1029,'1866',554,,35049,2,,,0,68,,35061,2,,,0,30,,35068,2,,,0,70,,35056,2,,,0,30,,35077,2,,,0,70,,35065,2,,,0,30,,35048,2,,,0,70,,35060,2,,,0,30,,35071,2,,,0,70,,35055,2,,,0,30,,35078,2,,,0,70,,35064,2,,,0,30,,35047,2,,,0,70,,35059,2,,,0,30,,35070,2,,,0,70,,35054,2,,,0,30,,35050,2,,,0,70,,35063,2,,,0,30,,35046,2,,,0,70,,35058,2,,,0,30,,35066,2,,,0,70,,35053,2,,,0,30,,35075,2,,,0,70,,35062,2,,,0,30,,35045,2,,,0,70,,35057,2,,,0,30,,35069,2,,,0,70,,35051,2,,,0,30,,35073,2,,,0,70,,35072,2,,,0,30,,35044,2,,,0,70,,35052,2,,,0,30,,35067,2,,,0,70,,35076,2,,,0,30,,35074,2,,,0
1029,'1867',554,,35079,2,,,0,98,,35080,2,,,0,100,,35081,2,,,0,100,,35082,2,,,0,100,,35083,2,,,0,100,,35084,2,,,0,100,,35085,2,,,0,100,,35086,2,,,0,100,,35087,2,,,0,100,,35088,2,,,0,100,,35089,2,,,0,100,,35090,2,,,0,100,,35091,2,,,0,100,,35092,2,,,0,100,,35093,2,,,0,100,,35094,2,,,0,100,,35095,2,,,0,100,,35096,2,,,0
801019,'1800',746,,41437,2,0,12,0,70,,41433,2,0,12,0,30,,41441,2,0,12,0,70,,41430,2,0,12,0,30,,41425,2,0,12,0,70,,41435,2,0,12,0,30,,41448,2,0,12,0,70,,41439,2,0,12,0,30,,41436,2,0,12,0,70,,41445,2,0,12,0,30,,41431,2,0,12,0,70,,41442,2,0,12,0,30,,41444,2,0,12,0,70,,41440,2,0,12,0,30,,41427,2,0,12,0,70,,41446,2,0,12,0,30,,41432,2,0,12,0,70,,41428,2,0,12,0,30,,41443,2,0,12,0,70,,41426,2,0,12,0,30,,41429,2,0,12,0,70,,41447,2,0,12,0,30,,41424,2,0,12,0,71,,41434,2,0,12,0,30,,41449,2,0,12,0,70,,41438,2,0,12,0
801019,'1838',746,,41463,2,0,12,0,70,,41459,2,0,12,0,30,,41467,2,0,12,0,70,,41456,2,0,12,0,30,,41451,2,0,12,0,70,,41461,2,0,12,0,30,,41474,2,0,12,0,70,,41465,2,0,12,0,30,,41462,2,0,12,0,70,,41471,2,0,12,0,30,,41457,2,0,12,0,70,,41468,2,0,12,0,30,,41470,2,0,12,0,70,,41466,2,0,12,0,30,,41453,2,0,12,0,70,,41472,2,0,12,0,30,,41458,2,0,12,0,70,,41454,2,0,12,0,30,,41469,2,0,12,0,70,,41452,2,0,12,0,30,,41455,2,0,12,0,70,,41473,2,0,12,0,30,,41450,2,0,12,0,71,,41460,2,0,12,0,30,,41475,2,0,12,0,70,,41464,2,0,12,0
801019,'1850',552,,34395,2,0,12,0,70,,34403,2,0,12,0,20,,34399,2,0,12,0,65,,34396,2,0,12,0,15,,34398,2,0,12,0,18,,34394,2,0,12,0,60,,34397,2,0,12,0,20,,34404,2,0,12,0,25,,34373,2,0,12,0,72,,34374,2,0,12,0,30,,34375,2,0,12,0,70,,34376,2,0,12,0,30,,34377,2,0,12,0,70,,34378,2,0,12,0,30,,34379,2,0,12,0,70,,34380,2,0,12,0,30,,34381,2,0,12,0,70,,34382,2,0,12,0,30,,34383,2,0,12,0,70,,34384,2,0,12,0,30,,34400,2,0,12,0,70,,34405,2,0,12,0,25,,34385,2,0,12,0,60,,34386,2,0,12,0,20,,34406,2,0,12,0,20,,34387,2,0,12,0,60,,34388,2,0,12,0,20,,34407,2,0,12,0,20,,34389,2,0,12,0,60,,34402,2,0,12,0,20,,34401,2,0,12,0,25,,34390,2,0,12,0,70,,34391,2,0,12,0,30,,34392,2,0,12,0,70,,34393,2,0,12,0
801019,'1862',746,,41496,2,0,12,0,70,,41497,2,0,12,0,30,,41498,2,0,12,0,70,,41484,2,0,12,0,30,,41483,2,0,12,0,70,,41482,2,0,12,0,30,,41493,2,0,12,0,70,,41487,2,0,12,0,30,,41492,2,0,12,0,70,,41491,2,0,12,0,30,,41490,2,0,12,0,70,,41489,2,0,12,0,30,,41478,2,0,12,0,70,,41486,2,0,12,0,30,,41495,2,0,12,0,70,,41480,2,0,12,0,30,,41476,2,0,12,0,70,,41477,2,0,12,0,30,,41479,2,0,12,0,70,,41481,2,0,12,0,30,,41494,2,0,12,0,70,,41488,2,0,12,0,30,,41485,2,0,12,0,71,,41499,2,0,12,0,30,,41500,2,0,12,0,70,,41501,2,0,12,0
801019,'1863',746,,41515,2,0,12,0,70,,41511,2,0,12,0,30,,41519,2,0,12,0,70,,41508,2,0,12,0,30,,41503,2,0,12,0,70,,41513,2,0,12,0,30,,41526,2,0,12,0,70,,41517,2,0,12,0,30,,41514,2,0,12,0,70,,41523,2,0,12,0,30,,41509,2,0,12,0,70,,41520,2,0,12,0,30,,41522,2,0,12,0,70,,41518,2,0,12,0,30,,41505,2,0,12,0,70,,41524,2,0,12,0,30,,41510,2,0,12,0,70,,41506,2,0,12,0,30,,41521,2,0,12,0,70,,41504,2,0,12,0,30,,41507,2,0,12,0,70,,41525,2,0,12,0,30,,41502,2,0,12,0,71,,41512,2,0,12,0,30,,41527,2,0,12,0,70,,41516,2,0,12,0
801019,'1864',552,,34430,2,0,12,0,70,,34438,2,0,12,0,20,,34434,2,0,12,0,65,,41549,2,0,12,0,15,,34433,2,0,12,0,18,,41548,2,0,12,0,60,,34432,2,0,12,0,20,,34439,2,0,12,0,25,,41528,2,0,12,0,72,,41529,2,0,12,0,30,,41530,2,0,12,0,70,,41531,2,0,12,0,30,,41532,2,0,12,0,70,,41533,2,0,12,0,30,,41534,2,0,12,0,70,,41535,2,0,12,0,30,,41536,2,0,12,0,70,,41537,2,0,12,0,30,,41538,2,0,12,0,70,,41539,2,0,12,0,30,,34435,2,0,12,0,70,,34440,2,0,12,0,25,,41540,2,0,12,0,60,,34421,2,0,12,0,20,,41552,2,0,12,0,20,,41541,2,0,12,0,60,,41542,2,0,12,0,20,,41553,2,0,12,0,20,,41543,2,0,12,0,60,,41551,2,0,12,0,20,,41550,2,0,12,0,25,,41544,2,0,12,0,70,,41545,2,0,12,0,30,,41546,2,0,12,0,70,,41547,2,0,12,0
801019,'1865',552,,41576,2,0,12,0,70,,41584,2,0,12,0,20,,41580,2,0,12,0,65,,41577,2,0,12,0,15,,41579,2,0,12,0,18,,41575,2,0,12,0,60,,41578,2,0,12,0,20,,41585,2,0,12,0,25,,41554,2,0,12,0,72,,41555,2,0,12,0,30,,41556,2,0,12,0,70,,41557,2,0,12,0,30,,41558,2,0,12,0,70,,41559,2,0,12,0,30,,41560,2,0,12,0,70,,41561,2,0,12,0,30,,41562,2,0,12,0,70,,41563,2,0,12,0,30,,41564,2,0,12,0,70,,41565,2,0,12,0,30,,41581,2,0,12,0,70,,41586,2,0,12,0,25,,41566,2,0,12,0,60,,41567,2,0,12,0,20,,41587,2,0,12,0,20,,41568,2,0,12,0,60,,41569,2,0,12,0,20,,41588,2,0,12,0,20,,41570,2,0,12,0,60,,41583,2,0,12,0,20,,41582,2,0,12,0,25,,41571,2,0,12,0,70,,41572,2,0,12,0,30,,41573,2,0,12,0,70,,41574,2,0,12,0
801019,'1866',746,,41609,2,0,12,0,70,,41610,2,0,12,0,30,,41611,2,0,12,0,70,,41597,2,0,12,0,30,,41596,2,0,12,0,70,,41595,2,0,12,0,30,,41606,2,0,12,0,70,,41600,2,0,12,0,30,,41605,2,0,12,0,70,,41604,2,0,12,0,30,,41603,2,0,12,0,70,,41602,2,0,12,0,30,,41591,2,0,12,0,70,,41599,2,0,12,0,30,,41608,2,0,12,0,70,,41593,2,0,12,0,30,,41589,2,0,12,0,70,,41590,2,0,12,0,30,,41592,2,0,12,0,70,,41594,2,0,12,0,30,,41607,2,0,12,0,70,,41601,2,0,12,0,30,,41598,2,0,12,0,71,,41612,2,0,12,0,30,,41613,2,0,12,0,70,,41614,2,0,12,0
801019,'1867',746,,41628,2,0,12,0,70,,41624,2,0,12,0,30,,41632,2,0,12,0,70,,41621,2,0,12,0,30,,41616,2,0,12,0,70,,41626,2,0,12,0,30,,41639,2,0,12,0,70,,41630,2,0,12,0,30,,41627,2,0,12,0,70,,41636,2,0,12,0,30,,41622,2,0,12,0,70,,41633,2,0,12,0,30,,41635,2,0,12,0,70,,41631,2,0,12,0,30,,41618,2,0,12,0,70,,41637,2,0,12,0,30,,41623,2,0,12,0,70,,41619,2,0,12,0,30,,41634,2,0,12,0,70,,41617,2,0,12,0,30,,41620,2,0,12,0,70,,41638,2,0,12,0,30,,41615,2,0,12,0,71,,41625,2,0,12,0,30,,41640,2,0,12,0,70,,41629,2,0,12,0
