1019,'1796',530,,19171,1,,,0,70,,19194,1,,,0,30,,19169,1,,,0,70,,19164,1,,,0,30,,19183,1,,,0,70,,19166,1,,,0,30,,19172,1,,,0,70,,19197,1,,,0,30,,19168,1,,,0,70,,19162,1,,,0,30,,19182,1,,,0,70,,19167,1,,,0,30,,19173,1,,,0,70,,19193,1,,,0,30,,19170,1,,,0,70,,19163,1,,,0,30,,19195,1,,,0,70,,19165,1,,,0,30,,19174,1,,,0,70,,19192,1,,,0,30,,19185,1,,,0,70,,19177,1,,,0,30,,19175,1,,,0,70,,19178,1,,,0,30,,19180,1,,,0,70,,19179,1,,,0,30,,19176,1,,,0,70,,19196,1,,,0,30,,19190,1,,,0,70,,19191,1,,,0,30,,19189,1,,,0,70,,19188,1,,,0,30,,19187,1,,,0,70,,19186,1,,,0,30,,19184,1,,,0,70,,19181,1,,,0
1019,'1797',530,,19209,1,,,0,70,,19223,1,,,0,30,,19208,1,,,0,70,,19228,1,,,0,30,,19218,1,,,0,70,,19202,1,,,0,30,,19224,1,,,0,70,,19226,1,,,0,30,,19207,1,,,0,70,,19229,1,,,0,30,,19217,1,,,0,70,,19201,1,,,0,30,,19212,1,,,0,70,,19222,1,,,0,30,,19206,1,,,0,70,,19230,1,,,0,30,,19216,1,,,0,70,,19200,1,,,0,30,,19211,1,,,0,70,,19221,1,,,0,30,,19205,1,,,0,70,,19231,1,,,0,30,,19215,1,,,0,70,,19199,1,,,0,30,,19210,1,,,0,70,,19220,1,,,0,30,,19203,1,,,0,70,,19232,1,,,0,30,,19213,1,,,0,70,,19198,1,,,0,30,,19204,1,,,0,70,,19219,1,,,0,30,,19214,1,,,0,70,,19233,1,,,0,30,,19227,1,,,0,70,,19225,1,,,0
1019,'1798',600,,19234,1,,,0,100,,19235,1,,,0,100,,19236,1,,,0,100,,19237,1,,,0,100,,19238,1,,,0,100,,19239,1,,,0,100,,19240,1,,,0,100,,19241,1,,,0,100,,19242,1,,,0,100,,19243,1,,,0,100,,19244,1,,,0,100,,19245,1,,,0,100,,19246,1,,,0,100,,19247,1,,,0,100,,19248,1,,,0,100,,19249,1,,,0,100,,19250,1,,,0,100,,19251,1,,,0
1019,'1799',600,,19252,1,,,0,100,,19253,1,,,0,100,,19254,1,,,0,100,,19255,1,,,0,100,,19256,1,,,0,100,,19257,1,,,0,100,,19258,1,,,0,100,,19259,1,,,0,100,,19260,1,,,0,100,,19261,1,,,0,100,,19262,1,,,0,100,,19263,1,,,0,100,,19264,1,,,0,100,,19265,1,,,0,100,,19266,1,,,0,100,,19267,1,,,0,100,,19268,1,,,0,100,,19269,1,,,0
1019,'1800',600,,19270,1,,,0,100,,19271,1,,,0,100,,19272,1,,,0,100,,19273,1,,,0,100,,19274,1,,,0,100,,19275,1,,,0,100,,19276,1,,,0,100,,19277,1,,,0,100,,19278,1,,,0,100,,19279,1,,,0,100,,19280,1,,,0,100,,19281,1,,,0,100,,19282,1,,,0,100,,19283,1,,,0,100,,19284,1,,,0,100,,19285,1,,,0,100,,19286,1,,,0,100,,19287,1,,,0
1019,'1817',600,,16535,1,,,0,100,,16536,1,,,0,100,,16537,1,,,0,100,,16538,1,,,0,100,,16539,1,,,0,100,,16540,1,,,0,100,,16541,1,,,0,100,,16542,1,,,0,100,,16543,1,,,0,100,,16544,1,,,0,100,,16545,1,,,0,100,,16546,1,,,0,100,,16547,1,,,0,100,,16548,1,,,0,100,,16549,1,,,0,100,,16550,1,,,0,100,,16551,1,,,0,100,,16552,1,,,0
1019,'1824',530,,16600,1,,,0,70,,16614,1,,,0,30,,16599,1,,,0,70,,16619,1,,,0,30,,16609,1,,,0,70,,16593,1,,,0,30,,16615,1,,,0,70,,16617,1,,,0,30,,16598,1,,,0,70,,16620,1,,,0,30,,16608,1,,,0,70,,16592,1,,,0,30,,16603,1,,,0,70,,16613,1,,,0,30,,16597,1,,,0,70,,16621,1,,,0,30,,16607,1,,,0,70,,16591,1,,,0,30,,16602,1,,,0,70,,16612,1,,,0,30,,16596,1,,,0,70,,16622,1,,,0,30,,16606,1,,,0,70,,16590,1,,,0,30,,16601,1,,,0,70,,16611,1,,,0,30,,16594,1,,,0,70,,16623,1,,,0,30,,16604,1,,,0,70,,16589,1,,,0,30,,16595,1,,,0,70,,16610,1,,,0,30,,16605,1,,,0,70,,16624,1,,,0,30,,16618,1,,,0,70,,16616,1,,,0
1029,'1796',630,,19297,53,4,,0,70,,19298,53,4,,0,30,,19318,53,4,,0,70,,19294,53,4,,0,31,,19289,53,4,,0,70,,19322,53,4,,0,29,,19292,53,4,,0,70,,19299,53,4,,0,31,,19317,53,4,,0,70,,19296,53,4,,0,30,,19288,53,4,,0,70,,19321,53,4,,0,30,,19293,53,4,,0,70,,19300,53,4,,0,30,,19316,53,4,,0,70,,19295,53,4,,0,30,,19290,53,4,,0,71,,19319,53,4,,0,30,,19291,53,4,,0,70,,19301,53,4,,0,30,,19315,53,4,,0,70,,19304,53,4,,0,30,,19303,53,4,,0,68,,19302,53,4,,0,30,,19308,53,4,,0,70,,19307,53,4,,0,30,,19306,53,4,,0,70,,19305,53,4,,0,30,,19320,53,4,,0,70,,19314,53,4,,0,30,,19313,53,4,,0,70,,19312,53,4,,0,30,,19311,53,4,,0,70,,19310,53,4,,0,25,,19309,53,4,,0
1029,'1797',630,,19328,53,4,,0,70,,19340,53,4,,0,30,,19347,53,4,,0,70,,19335,53,4,,0,30,,19356,53,4,,0,70,,19344,53,4,,0,29,,19327,53,4,,0,71,,19339,53,4,,0,30,,19350,53,4,,0,70,,19334,53,4,,0,30,,19357,53,4,,0,70,,19343,53,4,,0,30,,19326,53,4,,0,70,,19338,53,4,,0,30,,19349,53,4,,0,70,,19333,53,4,,0,30,,19329,53,4,,0,70,,19342,53,4,,0,30,,19325,53,4,,0,70,,19337,53,4,,0,30,,19345,53,4,,0,70,,19332,53,4,,0,30,,19354,53,4,,0,70,,19341,53,4,,0,30,,19324,53,4,,0,70,,19336,53,4,,0,30,,19348,53,4,,0,70,,19330,53,4,,0,30,,19352,53,4,,0,70,,19351,53,4,,0,30,,19323,53,4,,0,70,,19331,53,4,,0,30,,19346,53,4,,0,70,,19355,53,4,,0,25,,19353,53,4,,0
1029,'1798',630,,19358,53,4,,0,100,,19359,53,4,,0,100,,19360,53,4,,0,100,,19361,53,4,,0,100,,19362,53,4,,0,100,,19363,53,4,,0,100,,19364,53,4,,0,100,,19365,53,4,,0,100,,19366,53,4,,0,100,,19367,53,4,,0,100,,19368,53,4,,0,100,,19369,53,4,,0,100,,19370,53,4,,0,100,,19371,53,4,,0,100,,19372,53,4,,0,100,,19373,53,4,,0,100,,19374,53,4,,0,95,,19375,53,4,,0
1029,'1799',630,,19376,53,4,,0,100,,19377,53,4,,0,100,,19378,53,4,,0,100,,19379,53,4,,0,100,,19380,53,4,,0,100,,19381,53,4,,0,100,,19382,53,4,,0,100,,19383,53,4,,0,100,,19384,53,4,,0,100,,19385,53,4,,0,100,,19386,53,4,,0,100,,19387,53,4,,0,100,,19388,53,4,,0,100,,19389,53,4,,0,100,,19390,53,4,,0,100,,19391,53,4,,0,100,,19392,53,4,,0,95,,19393,53,4,,0
1029,'1800',630,,19394,53,4,,0,100,,19395,53,4,,0,100,,19396,53,4,,0,100,,19397,53,4,,0,100,,19398,53,4,,0,100,,19399,53,4,,0,100,,19400,53,4,,0,100,,19401,53,4,,0,100,,19402,53,4,,0,100,,19403,53,4,,0,100,,19404,53,4,,0,100,,19405,53,4,,0,100,,19406,53,4,,0,100,,19407,53,4,,0,100,,19408,53,4,,0,100,,19409,53,4,,0,100,,19410,53,4,,0,95,,19411,53,4,,0
1029,'1817',630,,16625,53,4,,0,100,,16626,53,4,,0,100,,16627,53,4,,0,100,,16628,53,4,,0,100,,16629,53,4,,0,100,,16630,53,4,,0,100,,16631,53,4,,0,100,,16632,53,4,,0,100,,16633,53,4,,0,100,,16634,53,4,,0,100,,16635,53,4,,0,100,,16636,53,4,,0,100,,16637,53,4,,0,100,,16638,53,4,,0,100,,16639,53,4,,0,100,,16640,53,4,,0,100,,16641,53,4,,0,95,,16642,53,4,,0
1029,'1824',630,,16682,53,4,,0,70,,16694,53,4,,0,30,,16701,53,4,,0,70,,16689,53,4,,0,30,,16710,53,4,,0,70,,16698,53,4,,0,29,,16681,53,4,,0,71,,16693,53,4,,0,30,,16704,53,4,,0,70,,16688,53,4,,0,30,,16711,53,4,,0,70,,16697,53,4,,0,30,,16680,53,4,,0,70,,16692,53,4,,0,30,,16703,53,4,,0,70,,16687,53,4,,0,30,,16683,53,4,,0,70,,16696,53,4,,0,30,,16679,53,4,,0,70,,16691,53,4,,0,30,,16699,53,4,,0,70,,16686,53,4,,0,30,,16708,53,4,,0,70,,16695,53,4,,0,30,,16678,53,4,,0,70,,16690,53,4,,0,30,,16702,53,4,,0,70,,16684,53,4,,0,30,,16706,53,4,,0,70,,16705,53,4,,0,30,,16677,53,4,,0,70,,16685,53,4,,0,30,,16700,53,4,,0,70,,16709,53,4,,0,25,,16707,53,4,,0
2019,'1796',440,,19443,1,0,5 2 13 14,0,175,,19412,10,,,0,30,2,19413,10,,,0,70,3,19414,10,,,0,30,,19415,10,,,0,71,,19416,10,,,0,29,,19417,10,,,0,70,3,19418,10,,,0,30,3,19419,10,,,0,70,3,19420,10,,,0,30,3,19421,10,,,0,70,3,19422,10,,,0,30,3,19423,10,,,0,70,3,19424,10,,,0,30,3,19425,10,,,0,70,3,19426,10,,,0,30,3,19427,10,,,0,70,3,19428,10,,,0,30,3,19429,10,,,0,70,3,19430,10,,,0,30,3,19431,10,,,0,70,3,19432,10,,,0,30,3,19433,10,,,0,70,3,19434,10,,,0,30,3,19435,10,,,0,70,3,19436,10,,,0,30,3,19442,10,,,0,70,3,19437,10,,,0,100,3,19438,10,,,0,100,3,19439,10,,,0,100,3,19440,10,,,0,100,,19441,10,,,0
2019,'1797',615,,19444,1,,,0,30,,19451,10,,,0,70,,19460,10,,,0,30,,19467,10,,,0,70,,19445,10,,,0,30,,19452,10,,,0,70,,19461,10,,,0,30,,19468,10,,,0,70,,19446,10,,,0,30,,19453,10,,,0,70,,19462,10,,,0,30,,19469,10,,,0,70,,19447,10,,,0,30,,19454,10,,,0,70,,19463,10,,,0,30,,19470,10,,,0,70,,19448,10,,,0,30,,19455,10,,,0,70,,19464,10,,,0,30,,19471,10,,,0,70,,19449,10,,,0,30,,19456,10,,,0,70,,19465,10,,,0,30,,19472,10,,,0,70,,19450,10,,,0,30,,19457,10,,,0,70,,19466,10,,,0,100,,19458,10,,,0,100,,19473,10,,,0,100,,19459,10,,,0,100,,19474,10,,,0
2019,'1798',645,,19502,10,,,0,70,,19479,10,,,0,30,,19483,10,,,0,70,,19495,10,,,0,30,,19490,10,,,0,70,,19480,10,,,0,30,,19484,10,,,0,70,,19496,10,,,0,30,,19491,10,,,0,70,,19481,10,,,0,30,,19485,10,,,0,70,,19497,10,,,0,30,,19492,10,,,0,70,,19482,10,,,0,30,,19486,10,,,0,70,,19498,10,,,0,30,,19493,10,,,0,70,,19477,10,,,0,30,,19487,10,,,0,70,,19499,10,,,0,30,,19494,10,,,0,70,,19475,10,,,0,30,,19488,10,,,0,70,,19500,10,,,0,100,,19476,10,,,0,100,,19501,10,,,0,100,,19478,10,,,0,100,,19489,10,,,0,99,,19503,10,,,0
2019,'1799',645,,19531,10,,,0,70,,19508,10,,,0,30,,19512,10,,,0,70,,19524,10,,,0,30,,19519,10,,,0,70,,19509,10,,,0,30,,19513,10,,,0,70,,19525,10,,,0,30,,19520,10,,,0,70,,19510,10,,,0,30,,19514,10,,,0,70,,19526,10,,,0,30,,19521,10,,,0,70,,19511,10,,,0,30,,19515,10,,,0,70,,19527,10,,,0,30,,19522,10,,,0,70,,19506,10,,,0,30,,19516,10,,,0,70,,19528,10,,,0,30,,19523,10,,,0,70,,19504,10,,,0,30,,19517,10,,,0,70,,19529,10,,,0,100,,19505,10,,,0,100,,19530,10,,,0,100,,19507,10,,,0,100,,19518,10,,,0,99,,19532,10,,,0
2019,'1800',645,,19560,10,,,0,70,,19537,10,,,0,30,,19541,10,,,0,70,,19553,10,,,0,30,,19548,10,,,0,70,,19538,10,,,0,30,,19542,10,,,0,70,,19554,10,,,0,30,,19549,10,,,0,70,,19539,10,,,0,30,,19543,10,,,0,70,,19555,10,,,0,30,,19550,10,,,0,70,,19540,10,,,0,30,,19544,10,,,0,70,,19556,10,,,0,30,,19551,10,,,0,70,,19535,10,,,0,30,,19545,10,,,0,70,,19557,10,,,0,30,,19552,10,,,0,70,,19533,10,,,0,30,,19546,10,,,0,70,,19558,10,,,0,100,,19534,10,,,0,100,,19559,10,,,0,100,,19536,10,,,0,100,,19547,10,,,0,99,,19561,10,,,0
2019,'1816',615,,5782,1,,,0,30,,5789,10,,,0,70,,5798,10,,,0,30,,5805,10,,,0,70,,5783,10,,,0,30,,5790,10,,,0,70,,5799,10,,,0,30,,5806,10,,,0,70,,5784,10,,,0,30,,5791,10,,,0,70,,5800,10,,,0,30,,5807,10,,,0,70,,5785,10,,,0,30,,5792,10,,,0,70,,5801,10,,,0,30,,5808,10,,,0,70,,5786,10,,,0,30,,5793,10,,,0,70,,5802,10,,,0,30,,5809,10,,,0,70,,5787,10,,,0,30,,5794,10,,,0,70,,5803,10,,,0,30,,5810,10,,,0,70,,5788,10,,,0,30,,5795,10,,,0,70,,5804,10,,,0,100,,5796,10,,,0,100,,5811,10,,,0,100,,5797,10,,,0,100,,5812,10,,,0
2019,'1817',645,,9439,10,,,0,70,,9416,10,,,0,30,,9420,10,,,0,70,,9432,10,,,0,30,,9427,10,,,0,70,,9417,10,,,0,30,,9421,10,,,0,70,,9433,10,,,0,30,,9428,10,,,0,70,,9418,10,,,0,30,,9422,10,,,0,70,,9434,10,,,0,30,,9429,10,,,0,70,,9419,10,,,0,30,,9423,10,,,0,70,,9435,10,,,0,30,,9430,10,,,0,70,,9414,10,,,0,30,,9424,10,,,0,70,,9436,10,,,0,30,,9431,10,,,0,70,,9412,10,,,0,30,,9425,10,,,0,70,,9437,10,,,0,100,,9413,10,,,0,100,,9438,10,,,0,100,,9415,10,,,0,100,,9426,10,,,0,99,,9440,10,,,0
2029,'1796',548,,19588,35,,,0,67,,19562,50,,,0,31,,19563,50,,,0,70,,19564,50,,,0,30,,19565,50,,,0,70,,19566,50,,,0,30,,19567,50,,,0,70,,19568,50,,,0,30,,19569,50,,,0,70,,19570,50,,,0,30,,19571,50,,,0,70,,19572,50,,,0,30,,19573,50,,,0,70,,19574,50,,,0,30,,19575,50,,,0,70,,19576,50,,,0,30,,19577,50,,,0,70,,19578,50,,,0,30,,19579,50,,,0,70,,19580,50,,,0,30,,19581,50,,,0,70,,19582,50,,,0,30,,19583,50,,,0,70,,19584,50,,,0,31,,19585,50,,,0,69,,19586,50,,,0,30,,19587,50,,,0,70,,19591,50,,,0,30,,19592,50,,,0,100,,19593,50,,,0,100,,19594,50,,,0,100,,19590,50,,,0
2029,'1797',615,,19628,50,4,,0,31,,19611,50,,,0,70,,19618,50,,,0,30,,19597,50,,,0,70,,19603,50,,,0,30,,19612,50,,,0,70,,19619,50,,,0,30,,19598,50,,,0,70,,19604,50,,,0,30,,19613,50,,,0,70,,19620,50,,,0,30,,19599,50,,,0,70,,19605,50,,,0,30,,19614,50,,,0,70,,19621,50,,,0,30,,19600,50,,,0,70,,19606,50,,,0,30,,19615,50,,,0,70,,19622,50,,,0,30,,19601,50,,,0,70,,19607,50,,,0,30,,19616,50,,,0,70,,19623,50,,,0,30,,19602,50,,,0,70,,19608,50,,,0,30,,19617,50,,,0,70,,19624,50,,,0,30,,19609,50,,,0,100,,19625,50,,,0,100,,19610,50,,,0,99,,19626,50,,,0
2029,'1798',646,,19632,50,,,0,70,,19640,50,,,0,30,,19651,50,,,0,70,,19646,50,,,0,30,,19633,50,,,0,70,,19641,50,,,0,30,,19652,50,,,0,70,,19647,50,,,0,30,,19634,50,,,0,70,,19642,50,,,0,30,,19653,50,,,0,70,,19648,50,,,0,30,,19635,50,,,0,70,,19643,50,,,0,30,,19654,50,,,0,70,,19649,50,,,0,30,,19636,50,,,0,70,,19644,50,,,0,30,,19655,50,,,0,70,,19650,50,,,0,30,,19637,50,,,0,70,,19645,50,,,0,30,,19656,50,,,0,100,,19638,50,,,0,100,,19657,50,,,0,100,,19639,50,,,0,100,,19658,50,,,0,100,,19631,50,,,0
2029,'1799',646,,19664,50,,,0,70,,19672,50,,,0,30,,19683,50,,,0,70,,19678,50,,,0,30,,19665,50,,,0,70,,19673,50,,,0,30,,19684,50,,,0,70,,19679,50,,,0,30,,19666,50,,,0,70,,19674,50,,,0,30,,19685,50,,,0,70,,19680,50,,,0,30,,19667,50,,,0,70,,19675,50,,,0,30,,19686,50,,,0,70,,19681,50,,,0,30,,19668,50,,,0,70,,19676,50,,,0,30,,19687,50,,,0,70,,19682,50,,,0,30,,19669,50,,,0,70,,19677,50,,,0,30,,19688,50,,,0,100,,19670,50,,,0,100,,19689,50,,,0,100,,19671,50,,,0,100,,19690,50,,,0,100,,19663,50,,,0
2029,'1800',646,,19696,50,,,0,70,,19704,50,,,0,30,,19715,50,,,0,70,,19710,50,,,0,30,,19697,50,,,0,70,,19705,50,,,0,30,,19716,50,,,0,70,,19711,50,,,0,30,,19698,50,,,0,70,,19706,50,,,0,30,,19717,50,,,0,70,,19712,50,,,0,30,,19699,50,,,0,70,,19707,50,,,0,30,,19718,50,,,0,70,,19713,50,,,0,30,,19700,50,,,0,70,,19708,50,,,0,30,,19719,50,,,0,70,,19714,50,,,0,30,,19701,50,,,0,70,,19709,50,,,0,30,,19720,50,,,0,100,,19702,50,,,0,100,,19721,50,,,0,100,,19703,50,,,0,100,,19722,50,,,0,100,,19695,50,,,0
2029,'1816',615,,5908,50,4,,0,31,,5891,50,,,0,70,,5898,50,,,0,30,,5877,50,,,0,70,,5883,50,,,0,30,,5892,50,,,0,70,,5899,50,,,0,30,,5878,50,,,0,70,,5884,50,,,0,30,,5893,50,,,0,70,,5900,50,,,0,30,,5879,50,,,0,70,,5885,50,,,0,30,,5894,50,,,0,70,,5901,50,,,0,30,,5880,50,,,0,70,,5886,50,,,0,30,,5895,50,,,0,70,,5902,50,,,0,30,,5881,50,,,0,70,,5887,50,,,0,30,,5896,50,,,0,70,,5903,50,,,0,30,,5882,50,,,0,70,,5888,50,,,0,30,,5897,50,,,0,70,,5904,50,,,0,30,,5889,50,,,0,100,,5905,50,,,0,100,,5890,50,,,0,99,,5906,50,,,0
2029,'1817',646,,9443,50,,,0,70,,9451,50,,,0,30,,9462,50,,,0,70,,9457,50,,,0,30,,9444,50,,,0,70,,9452,50,,,0,30,,9463,50,,,0,70,,9458,50,,,0,30,,9445,50,,,0,70,,9453,50,,,0,30,,9464,50,,,0,70,,9459,50,,,0,30,,9446,50,,,0,70,,9454,50,,,0,30,,9465,50,,,0,70,,9460,50,,,0,30,,9447,50,,,0,70,,9455,50,,,0,30,,9466,50,,,0,70,,9461,50,,,0,30,,9448,50,,,0,70,,9456,50,,,0,30,,9467,50,,,0,100,,9449,50,,,0,100,,9468,50,,,0,100,,9450,50,,,0,100,,9469,50,,,0,100,,9442,50,,,0
6019,'1796',637,,20032,1,,,0,68,,20033,1,,,0,30,,20034,1,,,0,70,,20035,1,,,0,30,,20036,1,,,0,70,,20037,1,,,0,30,,20038,1,,,0,70,,20039,1,,,0,30,,20040,1,,,0,70,,20041,1,,,0,30,,20042,1,,,0,70,,20043,1,,,0,30,,20044,1,,,0,70,,20045,1,,,0,30,,20046,1,,,0,70,,20047,1,,,0,30,,20048,1,,,0,70,,20049,1,,,0,30,,20050,1,,,0,70,,20051,1,,,0,30,,20052,1,,,0,70,,20053,1,,,0,30,,20054,1,,,0,70,,20055,1,,,0,30,,20056,1,,,0,67,,20031,1,,,0,98,,20027,1,,,0,100,,20029,1,,,0,100,,20028,1,,,0,100,,20030,1,,,0
6019,'1797',632,,20060,1,,,0,70,,20059,1,,,0,28,,20079,1,,,0,70,,20072,1,,,0,30,,20062,1,,,0,70,,20071,1,,,0,30,,20080,1,,,0,70,,20078,1,,,0,30,,20070,1,,,0,70,,20083,1,,,0,30,,20069,1,,,0,70,,20077,1,,,0,30,,20068,1,,,0,70,,20082,1,,,0,30,,20067,1,,,0,70,,20076,1,,,0,30,,20066,1,,,0,70,,20081,1,,,0,30,,20065,1,,,0,70,,20075,1,,,0,30,,20064,1,,,0,70,,20057,1,,,0,30,,20063,1,,,0,70,,20074,1,,,0,30,,20061,1,,,0,70,,20073,1,,,0
6019,'1816',700,,9775,1,,,0,100,,9776,1,,,0
6019,'1824',630,,16950,1,,,0,100,,16951,1,,,0,100,,16952,1,,,0,70,,16938,1,,,0,30,,16953,1,,,0,70,,16939,1,,,0,30,,16954,1,,,0,70,,16940,1,,,0,30,,16955,1,,,0,70,,16941,1,,,0,32,,16956,1,,,0,70,,16942,1,,,0,30,,16957,1,,,0,70,,16943,1,,,0,30,,16958,1,,,0,70,,16944,1,,,0,30,,16959,1,,,0,70,,16945,1,,,0,30,,16960,1,,,0,70,,16946,1,,,0,28,,16961,1,,,0,70,,16947,1,,,0,30,,16962,1,,,0,70,,16948,1,,,0
6029,'1796',636,,20125,28,4,,0,71,,20126,28,4,,0,33,,20127,28,4,,0,70,,20128,28,4,,0,30,,20129,28,4,,0,70,,20130,28,4,,0,28,,20131,28,4,,0,70,,20132,28,4,,0,30,,20133,28,4,,0,70,,20134,28,4,,0,30,,20135,28,4,,0,70,,20136,28,4,,0,30,,20137,28,4,,0,70,,20138,28,4,,0,30,,20139,28,4,,0,70,,20140,28,4,,0,30,,20141,28,4,,0,73,,20142,28,4,,0,30,,20143,28,4,,0,70,,20144,28,4,,0,30,,20145,28,4,,0,70,,20146,28,4,,0,29,,20147,28,4,,0,67,,20148,28,4,,0,30,,20149,28,4,,0,70,,20150,28,4,,0,50,,20122,28,4,,0,98,,20124,28,4,,0,100,,20121,28,4,,0,100,,20123,28,4,,0
6029,'1797',630,,20152,28,4,,0,70,,20154,28,4,,0,25,,20170,28,4,,0,30,,20178,28,4,,0,70,,20153,28,4,,0,30,,20164,28,4,,0,70,,20171,28,4,,0,30,,20179,28,4,,0,72,,20163,28,4,,0,30,,20176,28,4,,0,70,,20162,28,4,,0,30,,20168,28,4,,0,70,,20161,28,4,,0,30,,20175,28,4,,0,70,,20160,28,4,,0,30,,20167,28,4,,0,70,,20159,28,4,,0,30,,20174,28,4,,0,70,,20158,28,4,,0,30,,20166,28,4,,0,70,,20157,28,4,,0,30,,20173,28,4,,0,70,,20156,28,4,,0,30,,20165,28,4,,0,70,,20155,28,4,,0,30,,20172,28,4,,0
6029,'1816',658,,9846,28,4,,0,98,,9848,28,4,,0
6029,'1824',628,,16990,28,4,,0,98,,16991,28,4,,0,100,,16992,28,4,,0,30,,16993,28,4,,0,70,,16994,28,4,,0,30,,16995,28,4,,0,70,,16996,28,4,,0,30,,16997,28,4,,0,70,,16998,28,4,,0,30,,16999,28,4,,0,72,,17000,28,4,,0,30,,17001,28,4,,0,70,,17002,28,4,,0,30,,17003,28,4,,0,72,,17004,28,4,,0,70,,17005,28,4,,0,30,,17006,28,4,,0,70,,17007,28,4,,0,29,,17008,28,4,,0,30,,17009,28,4,,0,68,,17010,28,4,,0,30,,17011,28,4,,0,70,,17012,28,4,,0,30,,17013,28,4,,0
16019,'1796',615,,21176,1,,,0,30,,21177,1,,,0,70,,21178,1,,,0,30,,21179,1,,,0,70,,21180,1,,,0,30,,21181,1,,,0,70,,21182,1,,,0,30,,21183,1,,,0,70,,21184,1,,,0,30,,21185,1,,,0,70,,21186,1,,,0,30,,21187,1,,,0,70,,21188,1,,,0,30,,21189,1,,,0,70,,21190,1,,,0,30,,21191,1,,,0,70,,21192,1,,,0,30,,21193,1,,,0,70,,21194,1,,,0,30,,21195,1,,,0,70,,21196,1,,,0,30,,21197,1,,,0,70,,21198,1,,,0,30,,21199,1,,,0,70,,21200,1,,,0,30,,21201,1,,,0,70,,21202,1,,,0,30,,21203,1,,,0,70,,21204,1,,,0,30,,21205,1,,,0,70,,21173,1,,,0,30,,21174,1,,,0,70,,21175,1,,,0
16019,'1797',615,,21229,1,,,0,30,,21225,1,,,0,70,,21233,1,,,0,30,,21217,1,,,0,70,,21231,1,,,0,30,,21212,1,,,0,70,,21210,1,,,0,30,,21207,1,,,0,70,,21218,1,,,0,30,,21228,1,,,0,70,,21222,1,,,0,30,,21230,1,,,0,70,,21214,1,,,0,30,,21232,1,,,0,70,,21209,1,,,0,30,,21220,1,,,0,70,,21219,1,,,0,30,,21223,1,,,0,70,,21224,1,,,0,30,,21208,1,,,0,70,,21216,1,,,0,30,,21226,1,,,0,70,,21211,1,,,0,30,,21215,1,,,0,70,,21221,1,,,0,30,,21235,1,,,0,70,,21227,1,,,0,30,,21234,1,,,0,70,,21213,1,,,0,30,,21237,1,,,0,100,,21236,1,,,0,70,,21206,1,,,0
16019,'1798',745,,21238,1,,,0,100,,21241,1,,,0,100,,21251,1,,,0,100,,21250,1,,,0,100,,21239,1,,,0,100,,21242,1,,,0,100,,21244,1,,,0,100,,21247,1,,,0,100,,21246,1,,,0,100,,21240,1,,,0,100,,21248,1,,,0,100,,21249,1,,,0,100,,21245,1,,,0,100,,21243,1,,,0,100,,21252,1,,,0
16019,'1799',745,,21253,1,,,0,100,,21256,1,,,0,100,,21266,1,,,0,100,,21265,1,,,0,100,,21254,1,,,0,100,,21257,1,,,0,100,,21259,1,,,0,100,,21262,1,,,0,100,,21261,1,,,0,100,,21255,1,,,0,100,,21263,1,,,0,100,,21264,1,,,0,100,,21260,1,,,0,100,,21258,1,,,0,100,,21267,1,,,0
16019,'1800',745,,21268,1,,,0,100,,21271,1,,,0,100,,21281,1,,,0,100,,21280,1,,,0,100,,21269,1,,,0,100,,21272,1,,,0,100,,21274,1,,,0,100,,21277,1,,,0,100,,21276,1,,,0,100,,21270,1,,,0,100,,21278,1,,,0,100,,21279,1,,,0,100,,21275,1,,,0,100,,21273,1,,,0,100,,21282,1,,,0
16019,'1816',615,,10757,1,,,0,30,,10842,1,,,0,70,,10759,1,,,0,30,,10748,1,,,0,70,,10843,1,,,0,30,,10744,1,,,0,70,,10743,1,,,0,30,,10836,1,,,0,70,,10749,1,,,0,30,,10756,1,,,0,70,,10841,1,,,0,30,,10758,1,,,0,70,,10745,1,,,0,30,,10844,1,,,0,70,,10742,1,,,0,30,,10750,1,,,0,70,,10840,1,,,0,30,,10752,1,,,0,70,,10753,1,,,0,30,,10837,1,,,0,70,,10747,1,,,0,30,,10754,1,,,0,70,,10838,1,,,0,30,,10746,1,,,0,70,,10751,1,,,0,30,,10845,1,,,0,70,,10755,1,,,0,30,,10760,1,,,0,70,,10839,1,,,0,30,,10761,1,,,0,100,,10846,1,,,0,70,,10741,1,,,0
16019,'1817',745,,17481,1,,,0,100,,17484,1,,,0,100,,17492,1,,,0,100,,17491,1,,,0,100,,17482,1,,,0,100,,17485,1,,,0,100,,17486,1,,,0,100,,17489,1,,,0,100,,17488,1,,,0,100,,17483,1,,,0,100,,17490,1,,,0,100,,10774,1,,,0,100,,17487,1,,,0,100,,10768,1,,,0,100,,17493,1,,,0
16029,'1796',615,,21283,31,4,,0,30,,21284,31,4,,0,73,,21285,31,4,,0,37,,21286,31,4,,0,70,,21287,31,4,,0,32,,21288,31,4,,0,70,,21289,31,4,,0,29,,21290,31,4,,0,67,,21291,31,4,,0,30,,21292,31,4,,0,70,,21293,31,4,,0,30,,21294,31,4,,0,70,,21295,31,4,,0,30,,21296,31,4,,0,70,,21297,31,4,,0,30,,21298,31,4,,0,71,,21299,31,4,,0,32,,21300,31,4,,0,71,,21301,31,4,,0,29,,21302,31,4,,0,72,,21303,31,4,,0,30,,21304,31,4,,0,69,,21305,31,4,,0,28,,21306,31,4,,0,69,,21307,31,4,,0,30,,21315,31,4,,0,67,,21308,31,4,,0,30,,21309,31,4,,0,70,,21310,31,4,,0,24,,21311,31,4,,0,70,,21312,31,4,,0,29,,21313,31,4,,0,70,,21314,31,4,,0
16029,'1797',614,,21323,31,4,,0,27,,21338,31,4,,0,70,,21331,31,4,,0,30,,21316,31,4,,0,70,,21324,31,4,,0,30,,21339,31,4,,0,70,,21332,31,4,,0,30,,21317,31,4,,0,71,,21325,31,4,,0,30,,21340,31,4,,0,70,,21333,31,4,,0,31,,21318,31,4,,0,70,,21326,31,4,,0,30,,21341,31,4,,0,71,,21334,31,4,,0,30,,21319,31,4,,0,71,,21327,31,4,,0,29,,21342,31,4,,0,71,,21335,31,4,,0,30,,21320,31,4,,0,69,,21328,31,4,,0,30,,21343,31,4,,0,69,,21336,31,4,,0,29,,21321,31,4,,0,71,,21329,31,4,,0,30,,21344,31,4,,0,70,,21337,31,4,,0,30,,21322,31,4,,0,69,,21330,31,4,,0,31,,21345,31,4,,0,97,,21346,31,4,,0,73,,21347,31,4,,0
16029,'1798',745,,21351,31,4,,0,99,,21352,31,4,,0,97,,21349,31,4,,0,104,,21358,31,4,,0,98,,21361,31,4,,0,100,,21357,31,4,,0,101,,21359,31,4,,0,100,,21348,31,4,,0,100,,21350,31,4,,0,99,,21354,31,4,,0,99,,21353,31,4,,0,101,,21360,31,4,,0,100,,21355,31,4,,0,102,,21356,31,4,,0,98,,21362,31,4,,0
16029,'1799',745,,21366,31,4,,0,99,,21367,31,4,,0,97,,21364,31,4,,0,104,,21373,31,4,,0,98,,21376,31,4,,0,100,,21372,31,4,,0,101,,21374,31,4,,0,100,,21363,31,4,,0,100,,21365,31,4,,0,99,,21369,31,4,,0,99,,21368,31,4,,0,101,,21375,31,4,,0,100,,21370,31,4,,0,102,,21371,31,4,,0,98,,21377,31,4,,0
16029,'1800',745,,21381,31,4,,0,99,,21382,31,4,,0,97,,21379,31,4,,0,104,,21388,31,4,,0,98,,21391,31,4,,0,100,,21387,31,4,,0,101,,21389,31,4,,0,100,,21378,31,4,,0,100,,21380,31,4,,0,99,,21384,31,4,,0,99,,21383,31,4,,0,101,,21390,31,4,,0,100,,21385,31,4,,0,102,,21386,31,4,,0,98,,21392,31,4,,0
16029,'1816',614,,10867,31,4,,0,27,,10964,31,4,,0,70,,10872,31,4,,0,30,,10862,31,4,,0,70,,10959,31,4,,0,30,,10877,31,4,,0,70,,10873,31,4,,0,30,,10957,31,4,,0,71,,10868,31,4,,0,30,,10878,31,4,,0,70,,10962,31,4,,0,31,,10863,31,4,,0,70,,10869,31,4,,0,30,,10965,31,4,,0,71,,10874,31,4,,0,30,,10864,31,4,,0,71,,10960,31,4,,0,29,,10879,31,4,,0,71,,10875,31,4,,0,30,,10958,31,4,,0,69,,10870,31,4,,0,30,,10880,31,4,,0,69,,10963,31,4,,0,29,,10865,31,4,,0,71,,10871,31,4,,0,30,,10966,31,4,,0,70,,10876,31,4,,0,30,,10866,31,4,,0,69,,10961,31,4,,0,31,,10881,31,4,,0,97,,10967,31,4,,0,73,,10882,31,4,,0
16029,'1817',745,,17526,31,4,,0,99,,17527,31,4,,0,97,,17524,31,4,,0,104,,17532,31,4,,0,98,,17534,31,4,,0,100,,17531,31,4,,0,101,,17533,31,4,,0,100,,17523,31,4,,0,100,,17525,31,4,,0,99,,17529,31,4,,0,99,,17528,31,4,,0,101,,10896,31,4,,0,100,,17530,31,4,,0,102,,10892,31,4,,0,98,,17535,31,4,,0
31019,'1796',630,,21907,1,,,0,70,,21922,1,,,0,30,,21935,1,,,0,70,,21918,1,,,0,30,,21915,1,,,0,70,,21929,1,,,0,30,,21910,1,,,0,70,,21923,1,,,0,30,,21934,1,,,0,70,,21921,1,,,0,30,,21916,1,,,0,70,,21928,1,,,0,30,,21909,1,,,0,70,,21924,1,,,0,30,,21933,1,,,0,70,,21919,1,,,0,30,,21913,1,,,0,70,,21927,1,,,0,30,,21911,1,,,0,70,,21925,1,,,0,30,,21932,1,,,0,70,,21920,1,,,0,30,,21914,1,,,0,70,,21926,1,,,0,30,,21908,1,,,0,70,,21943,1,,,0,30,,21931,1,,,0,70,,21938,1,0,5 2 8 7,0,30,,21917,1,,,0,70,,21939,1,0,5 2 8 7,0,30,,21912,1,,,0,70,,21941,1,0,5 2 8 7,0,30,,21930,1,,,0,70,,21940,1,0,5 2 8 7,0,25,,21936,1,0,5 2 8 7,0
31019,'1797',630,,21949,1,,,0,70,,21965,1,,,0,30,,21978,1,,,0,70,,21961,1,,,0,30,,21955,1,,,0,70,,21971,1,,,0,30,,21948,1,,,0,70,,21964,1,,,0,30,,21973,1,,,0,70,,21960,1,,,0,30,,21954,1,,,0,70,,21970,1,,,0,30,,21947,1,,,0,70,,21963,1,,,0,30,,21976,1,,,0,70,,21959,1,,,0,30,,21953,1,,,0,70,,21969,1,,,0,30,,21946,1,,,0,70,,21962,1,,,0,30,,21975,1,,,0,70,,21958,1,,,0,30,,21952,1,,,0,70,,21968,1,,,0,30,,21945,1,,,0,70,,21980,1,,,0,30,,21974,1,,,0,70,,21957,1,0,5 2 8 7,0,30,,21951,1,,,0,70,,21967,1,0,5 2 8 7,0,30,,21944,1,,,0,70,,21956,1,0,5 2 8 7,0,30,,21977,1,,,0,70,,21966,1,0,5 2 8 7,0,25,,21950,1,0,5 2 8 7,0
31019,'1798',630,,21981,1,,,0,100,,21982,1,,,0,100,,21983,1,,,0,100,,21984,1,,,0,100,,21985,1,,,0,100,,21986,1,,,0,100,,21987,1,,,0,100,,21988,1,,,0,100,,21989,1,,,0,100,,21990,1,,,0,100,,21991,1,,,0,100,,21992,1,,,0,100,,21993,1,,,0,100,,21994,1,,,0,100,,21995,1,,,0,100,,21996,1,,,0,100,,21997,1,,,0,95,,21999,1,0,5 2 8 7,0
31019,'1799',630,,22000,1,,,0,100,,22001,1,,,0,100,,22002,1,,,0,100,,22003,1,,,0,100,,22004,1,,,0,100,,22005,1,,,0,100,,22006,1,,,0,100,,22007,1,,,0,100,,22008,1,,,0,100,,22009,1,,,0,100,,22010,1,,,0,100,,22011,1,,,0,100,,22012,1,,,0,100,,22013,1,,,0,100,,22014,1,,,0,100,,22015,1,,,0,100,,22016,1,,,0,95,,22018,1,0,5 2 8 7,0
31019,'1800',630,,22019,1,,,0,100,,22020,1,,,0,100,,22021,1,,,0,100,,22022,1,,,0,100,,22023,1,,,0,100,,22024,1,,,0,100,,22025,1,,,0,100,,22026,1,,,0,100,,22027,1,,,0,100,,22028,1,,,0,100,,22029,1,,,0,100,,22030,1,,,0,100,,22031,1,,,0,100,,22032,1,,,0,100,,22033,1,,,0,100,,22034,1,,,0,100,,22035,1,,,0,95,,22037,1,0,5 2 8 7,0
31019,'1817',630,,17804,1,,,0,100,,17805,1,,,0,100,,17806,1,,,0,100,,17807,1,,,0,100,,17808,1,,,0,100,,17809,1,,,0,100,,17810,1,,,0,100,,17811,1,,,0,100,,17812,1,,,0,100,,17813,1,,,0,100,,17814,1,,,0,100,,17815,1,,,0,100,,17816,1,,,0,100,,17817,1,,,0,100,,17818,1,,,0,100,,17819,1,,,0,100,,17820,1,,,0,95,,17822,1,0,5 2 8 7,0
31019,'1824',630,,17865,1,,,0,70,,17881,1,,,0,30,,17894,1,,,0,70,,17877,1,,,0,30,,17871,1,,,0,70,,17887,1,,,0,30,,17864,1,,,0,70,,17880,1,,,0,30,,17889,1,,,0,70,,17876,1,,,0,30,,17870,1,,,0,70,,17886,1,,,0,30,,17863,1,,,0,70,,17879,1,,,0,30,,17892,1,,,0,70,,17875,1,,,0,30,,17869,1,,,0,70,,17885,1,,,0,30,,17862,1,,,0,70,,17878,1,,,0,30,,17891,1,,,0,70,,17874,1,,,0,30,,17868,1,,,0,70,,17884,1,,,0,30,,17861,1,,,0,70,,17896,1,,,0,30,,17890,1,,,0,70,,17873,1,0,5 2 8 7,0,30,,17867,1,,,0,70,,17883,1,0,5 2 8 7,0,30,,17860,1,,,0,70,,17872,1,0,5 2 8 7,0,30,,17893,1,,,0,70,,17882,1,0,5 2 8 7,0,25,,17866,1,0,5 2 8 7,0
32019,'1796',440,,22072,12,4,,0,89,,22074,12,4,,0,30,,22075,12,4,,0,70,,22071,12,4,,0,30,,22046,42,4,,0,70,,22062,42,4,,0,30,,22041,42,4,,0,69,,22057,42,4,,0,30,,22067,42,4,,0,69,,22051,42,4,,0,30,,22049,42,4,,0,70,,22061,42,4,,0,30,,22039,42,4,,0,70,,22055,42,4,,0,30,,22066,42,4,,0,70,,22053,42,4,,0,30,,22048,42,4,,0,70,,22060,42,4,,0,30,,22042,42,4,,0,72,,22054,42,4,,0,30,,22065,42,4,,0,70,,22052,42,4,,0,71,,22045,42,4,,0,30,,22059,42,4,,0,28,,22038,42,4,,0,70,,22056,42,4,,0,29,,22064,42,4,,0,70,,22050,42,4,,0,30,,22047,42,4,,0,69,,22058,42,4,,0,30,,22043,42,4,,0,70,,22068,12,4,,0,30,,22063,42,4,,0,70,,22070,12,4,,0,30,,22044,42,4,,0,70,,22069,12,4,,0,30,,22040,42,4,,0
32019,'1797',529,,22111,12,4,,0,30,,22112,12,4,,0,70,,22094,12,4,,0,26,,22087,42,4,,0,70,,22104,42,4,,0,30,,22081,42,4,,0,70,,22098,42,4,,0,30,,22105,42,4,,0,70,,22093,42,4,,0,29,,22086,42,4,,0,72,,22103,42,4,,0,31,,22080,42,4,,0,70,,22097,42,4,,0,30,,22108,42,4,,0,70,,22092,42,4,,0,30,,22085,42,4,,0,70,,22102,42,4,,0,30,,22079,42,4,,0,70,,22096,42,4,,0,30,,22107,42,4,,0,70,,22091,42,4,,0,30,,22084,42,4,,0,70,,22101,42,4,,0,30,,22078,42,4,,0,70,,22095,42,4,,0,30,,22109,42,4,,0,70,,22090,42,4,,0,30,,22083,42,4,,0,69,,22099,42,4,,0,30,,22077,42,4,,0,70,,22089,12,4,,0,30,,22106,42,4,,0,70,,22100,12,4,,0,30,,22082,42,4,,0,70,,22088,12,4,,0,30,,22076,42,4,,0
32019,'1798',559,,22130,12,4,,0,96,,22113,42,4,,0,100,,22114,42,4,,0,100,,22115,42,4,,0,99,,22116,42,4,,0,103,,22117,42,4,,0,100,,22118,42,4,,0,100,,22119,42,4,,0,100,,22120,42,4,,0,100,,22121,42,4,,0,100,,22122,42,4,,0,100,,22123,42,4,,0,100,,22124,42,4,,0,100,,22125,42,4,,0,99,,22126,42,4,,0,100,,22127,42,4,,0,100,,22128,42,4,,0,100,,22129,42,4,,0
32019,'1799',559,,22149,12,4,,0,96,,22132,42,4,,0,100,,22133,42,4,,0,100,,22134,42,4,,0,99,,22135,42,4,,0,103,,22136,42,4,,0,100,,22137,42,4,,0,100,,22138,42,4,,0,100,,22139,42,4,,0,100,,22140,42,4,,0,100,,22141,42,4,,0,100,,22142,42,4,,0,100,,22143,42,4,,0,100,,22144,42,4,,0,99,,22145,42,4,,0,100,,22146,42,4,,0,100,,22147,42,4,,0,100,,22148,42,4,,0
32019,'1800',559,,22168,12,4,,0,96,,22151,42,4,,0,100,,22152,42,4,,0,100,,22153,42,4,,0,99,,22154,42,4,,0,103,,22155,42,4,,0,100,,22156,42,4,,0,100,,22157,42,4,,0,100,,22158,42,4,,0,100,,22159,42,4,,0,100,,22160,42,4,,0,100,,22161,42,4,,0,100,,22162,42,4,,0,100,,22163,42,4,,0,99,,22164,42,4,,0,100,,22165,42,4,,0,100,,22166,42,4,,0,100,,22167,42,4,,0
32019,'1817',559,,17914,12,4,,0,96,,17897,42,4,,0,100,,17898,42,4,,0,100,,17899,42,4,,0,99,,17900,42,4,,0,103,,17901,42,4,,0,100,,17902,42,4,,0,100,,17903,42,4,,0,100,,17904,42,4,,0,100,,17905,42,4,,0,100,,17906,42,4,,0,100,,17907,42,4,,0,100,,17908,42,4,,0,100,,17909,42,4,,0,99,,17910,42,4,,0,100,,17911,42,4,,0,100,,17912,42,4,,0,100,,17913,42,4,,0
32019,'1824',529,,17989,12,4,,0,30,,17990,12,4,,0,70,,17972,12,4,,0,26,,17965,42,4,,0,70,,17982,42,4,,0,30,,17959,42,4,,0,70,,17976,42,4,,0,30,,17983,42,4,,0,70,,17971,42,4,,0,29,,17964,42,4,,0,72,,17981,42,4,,0,31,,17958,42,4,,0,70,,17975,42,4,,0,30,,17986,42,4,,0,70,,17970,42,4,,0,30,,17963,42,4,,0,70,,17980,42,4,,0,30,,17957,42,4,,0,70,,17974,42,4,,0,30,,17985,42,4,,0,70,,17969,42,4,,0,30,,17962,42,4,,0,70,,17979,42,4,,0,30,,17956,42,4,,0,70,,17973,42,4,,0,30,,17987,42,4,,0,70,,17968,42,4,,0,30,,17961,42,4,,0,69,,17977,42,4,,0,30,,17955,42,4,,0,70,,17967,12,4,,0,30,,17984,42,4,,0,70,,17978,12,4,,0,30,,17960,42,4,,0,70,,17966,12,4,,0,30,,17954,42,4,,0
14000001019,'1796',2410,,24895,17,,,0,30,,24892,17,,,0,70,,24893,17,,,0,30,,24894,17,,,0,70,,24891,17,,,0
14000001019,'1797',2410,,24900,17,,,0,30,,24896,17,,,0,70,,24899,17,,,0,30,,24898,17,,,0,70,,24897,17,,,0
14000001019,'1798',2410,,24904,17,,,0,30,,24903,17,,,0,70,,24901,17,,,0,30,,24905,17,,,0,70,,24902,17,,,0
14000001019,'1799',2410,,24909,17,,,0,30,,24908,17,,,0,70,,24906,17,,,0,30,,24910,17,,,0,70,,24907,17,,,0
14000001019,'1800',2410,,24914,17,,,0,30,,24913,17,,,0,70,,24911,17,,,0,30,,24915,17,,,0,70,,24912,17,,,0
14000001019,'1816',2510,,9276,17,,,0
14000001019,'1817',2410,,19136,17,,,0,30,,19135,17,,,0,70,,13721,17,,,0,30,,19137,17,,,0,70,,19134,17,,,0
14000001019,'1824',2410,,19145,17,,,0,30,,19142,17,,,0,100,,19144,17,,,0,70,,19143,17,,,0
14000001029,'1796',452,,24916,34,0,18 7,0,102,,24917,34,0,18 7,0,1852,,24919,34,,,0,30,,24920,34,,,0,70,,24923,34,,,0,30,,24918,34,,,0,70,,24921,34,,,0,30,,24922,34,,,0
14000001029,'1797',552,,24928,34,0,18 7,0,1854,,24930,34,,,0,30,,24925,34,,,0,70,,24924,34,,,0,30,,24926,34,,,0,70,,24929,34,,,0,30,,24927,34,,,0
14000001029,'1798',552,,24937,34,0,18 7,0,1854,,24931,34,,,0,30,,24935,34,,,0,70,,24936,34,,,0,30,,24933,34,,,0,70,,24934,34,,,0,30,,24932,34,,,0
14000001029,'1799',552,,24944,34,0,18 7,0,1854,,24938,34,,,0,30,,24942,34,,,0,70,,24943,34,,,0,30,,24940,34,,,0,70,,24941,34,,,0,30,,24939,34,,,0
14000001029,'1800',552,,24951,34,0,18 7,0,1854,,24945,34,,,0,30,,24949,34,,,0,70,,24950,34,,,0,30,,24947,34,,,0,70,,24948,34,,,0,30,,24946,34,,,0
14000001029,'1816',2436,,9292,34,,,0,170,,9296,34,,,0
14000001029,'1817',552,,19150,34,0,18 7,0,1854,,19146,34,,,0,30,,13744,34,,,0,70,,19149,34,,,0,30,,19148,34,,,0,70,,13743,34,,,0,30,,19147,34,,,0
14000001029,'1824',552,,19160,34,0,18 7,0,1854,,19161,34,,,0,100,,19157,34,,,0,30,,19158,34,,,0,100,,19159,34,,,0
