2029,'1800',619,,19696,18,,,0,30,,19704,18,,,0,68,,19715,18,,,0,30,,19710,18,,,0,70,,19697,18,,,0,30,,19705,18,,,0,70,,19716,18,,,0,30,,19711,18,,,0,70,,19698,18,,,0,30,,19706,18,,,0,70,,19717,18,,,0,30,,19712,18,,,0,70,,19699,18,,,0,30,,19707,18,,,0,70,,19718,18,,,0,30,,19713,18,,,0,70,,19700,18,,,0,30,,19708,18,,,0,70,,19719,18,,,0,30,,19714,18,,,0,70,,19701,18,,,0,30,,19709,18,,,0,70,,19720,18,,,0,100,,19702,18,,,0,100,,19721,18,,,0,100,,19703,18,,,0,100,,19722,18,,,0,100,,19695,18,,,0
2029,'1838',619,,19664,18,,,0,30,,19672,18,,,0,68,,19683,18,,,0,30,,19678,18,,,0,70,,19665,18,,,0,30,,19673,18,,,0,70,,19684,18,,,0,30,,19679,18,,,0,70,,19666,18,,,0,30,,19674,18,,,0,70,,19685,18,,,0,30,,19680,18,,,0,70,,19667,18,,,0,30,,19675,18,,,0,70,,19686,18,,,0,30,,19681,18,,,0,70,,19668,18,,,0,30,,19676,18,,,0,70,,19687,18,,,0,30,,19682,18,,,0,70,,19669,18,,,0,30,,19677,18,,,0,70,,19688,18,,,0,100,,19670,18,,,0,100,,19689,18,,,0,100,,19671,18,,,0,100,,19690,18,,,0,100,,19663,18,,,0
2029,'1843',522,,19588,3,,,0,27,,19562,18,,,0,70,,19563,18,,,0,30,,19564,18,,,0,68,,19565,18,,,0,30,,19566,18,,,0,70,,19567,18,,,0,30,,19568,18,,,0,70,,19569,18,,,0,30,,19570,18,,,0,70,,19571,18,,,0,30,,19572,18,,,0,70,,19573,18,,,0,30,,19574,18,,,0,70,,19575,18,,,0,30,,19576,18,,,0,70,,19577,18,,,0,30,,19578,18,,,0,70,,19579,18,,,0,30,,19580,18,,,0,70,,19581,18,,,0,30,,19582,18,,,0,70,,19583,18,,,0,30,,19584,18,,,0,71,,19585,18,,,0,29,,19586,18,,,0,70,,19587,18,,,0,30,,19591,18,,,0,70,,19592,18,,,0,100,,19593,18,,,0,100,,19594,18,,,0,100,,19590,18,,,0
2029,'1845',549,,19628,18,0,5 2 15 16 17,0,70,,19611,18,,,0,30,,19618,18,,,0,68,,19597,18,,,0,30,,19603,18,,,0,70,,19612,18,,,0,30,,19619,18,,,0,70,,19598,18,,,0,30,,19604,18,,,0,70,,19613,18,,,0,30,,19620,18,,,0,70,,19599,18,,,0,30,,19605,18,,,0,70,,19614,18,,,0,30,,19621,18,,,0,70,,19600,18,,,0,30,,19606,18,,,0,70,,19615,18,,,0,30,,19622,18,,,0,70,,19601,18,,,0,30,,19607,18,,,0,70,,19616,18,,,0,30,,19623,18,,,0,70,,19602,18,,,0,30,,19608,18,,,0,70,,19617,18,,,0,30,,19624,18,,,0,70,,19609,18,,,0,100,,19625,18,,,0,100,,19610,18,,,0,100,,19626,18,,,0
2029,'1847',619,,19632,18,,,0,30,,19640,18,,,0,68,,19651,18,,,0,30,,19646,18,,,0,70,,19633,18,,,0,30,,19641,18,,,0,70,,19652,18,,,0,30,,19647,18,,,0,70,,19634,18,,,0,30,,19642,18,,,0,70,,19653,18,,,0,30,,19648,18,,,0,70,,19635,18,,,0,30,,19643,18,,,0,70,,19654,18,,,0,30,,19649,18,,,0,70,,19636,18,,,0,30,,19644,18,,,0,70,,19655,18,,,0,30,,19650,18,,,0,70,,19637,18,,,0,30,,19645,18,,,0,70,,19656,18,,,0,100,,19638,18,,,0,100,,19657,18,,,0,100,,19639,18,,,0,100,,19658,18,,,0,100,,19631,18,,,0
2029,'1850',522,,28675,3,,,0,27,,28649,18,,,0,70,,28650,18,,,0,30,,28651,18,,,0,68,,28652,18,,,0,30,,28653,18,,,0,70,,28654,18,,,0,30,,28655,18,,,0,70,,28656,18,,,0,30,,28657,18,,,0,70,,28658,18,,,0,30,,28659,18,,,0,70,,28660,18,,,0,30,,28661,18,,,0,70,,28662,18,,,0,30,,28663,18,,,0,70,,28664,18,,,0,30,,28665,18,,,0,70,,28666,18,,,0,30,,28667,18,,,0,70,,28668,18,,,0,30,,28669,18,,,0,70,,28670,18,,,0,30,,28671,18,,,0,71,,28672,18,,,0,29,,28673,18,,,0,70,,28674,18,,,0,30,,28678,18,,,0,70,,28679,18,,,0,100,,28680,18,,,0,100,,28681,18,,,0,100,,28677,18,,,0
7029,'1800',716,,29514,14,,,0,99,,29515,14,,,0,100,,29516,14,,,0,100,,29517,14,,,0,100,,29518,14,,,0,100,,29519,14,,,0,100,,29520,14,,,0,101,,29521,14,,,0,100,,29522,14,,,0,99,,29523,14,,,0,100,,29524,14,,,0,100,,29525,14,,,0,100,,29526,14,,,0,101,,29527,14,,,0,100,,29513,14,,,0
7029,'1838',716,,29530,14,,,0,99,,29531,14,,,0,100,,29532,14,,,0,100,,29533,14,,,0,100,,29534,14,,,0,100,,29535,14,,,0,100,,29536,14,,,0,101,,29537,14,,,0,100,,29538,14,,,0,99,,29539,14,,,0,100,,29540,14,,,0,100,,29541,14,,,0,100,,29542,14,,,0,101,,29543,14,,,0,100,,29529,14,,,0
7029,'1841',513,,25358,14,,,0,103,,25359,14,,,0,29,,25360,14,,,0,72,,25361,14,,,0,30,,20403,14,,,0,70,,20404,14,,,0,30,,25362,14,,,0,70,,20406,14,,,0,30,,25363,14,,,0,70,,25364,14,,,0,30,,20409,14,,,0,70,,25365,14,,,0,30,,20411,14,,,0,70,,25355,14,,,0,30,,25356,14,,,0,70,,20397,14,,,0,31,,25354,14,,,0,70,,25353,14,,,0,30,,25357,14,,,0,70,,25366,14,,,0,30,,25367,14,,,0,70,,25368,14,,,0,29,,25369,14,,,0,70,,20416,14,,,0,29,,25370,14,,,0,70,,25371,14,,,0,30,,25372,14,,,0,70,,25373,14,,,0,30,,25374,14,,,0,69,,25375,14,,,0,101,,25376,14,,,0,100,,25377,14,,,0,100,,25378,14,,,0
7029,'1848',617,,29576,3,,,0,29,,29545,14,,,0,70,,29559,14,,,0,30,,29546,14,,,0,69,,29560,14,,,0,30,,29547,14,,,0,70,,29561,14,,,0,30,,29548,14,,,0,70,,29562,14,,,0,30,,29549,14,,,0,70,,29563,14,,,0,30,,29550,14,,,0,70,,29564,14,,,0,30,,29551,14,,,0,70,,29565,14,,,0,30,,29552,14,,,0,71,,29566,14,,,0,30,,29553,14,,,0,70,,29567,14,,,0,30,,29554,14,,,0,69,,29568,14,,,0,30,,29555,14,,,0,70,,29569,14,,,0,30,,29556,14,,,0,70,,29570,14,,,0,30,,29557,14,,,0,70,,29571,14,,,0,30,,29558,14,,,0,71,,29572,14,,,0,100,,29573,14,,,0,100,,29574,14,,,0,100,,29575,14,,,0
7029,'1849',716,,29579,14,,,0,99,,29580,14,,,0,100,,29581,14,,,0,100,,29582,14,,,0,100,,29583,14,,,0,100,,29584,14,,,0,100,,29585,14,,,0,101,,29586,14,,,0,100,,29587,14,,,0,99,,29588,14,,,0,100,,29589,14,,,0,100,,29590,14,,,0,100,,29591,14,,,0,101,,29592,14,,,0,100,,29578,14,,,0
7029,'1850',513,,29600,14,,,0,103,,29601,14,,,0,29,,29602,14,,,0,72,,29603,14,,,0,30,,29604,14,,,0,70,,29605,14,,,0,30,,29606,14,,,0,70,,29607,14,,,0,30,,29608,14,,,0,70,,29609,14,,,0,30,,29610,14,,,0,70,,29611,14,,,0,30,,29612,14,,,0,70,,29596,14,,,0,30,,29597,14,,,0,70,,29598,14,,,0,31,,29595,14,,,0,70,,29594,14,,,0,30,,29599,14,,,0,70,,29613,14,,,0,30,,29614,14,,,0,70,,29615,14,,,0,29,,29616,14,,,0,70,,29617,14,,,0,29,,29618,14,,,0,70,,29619,14,,,0,30,,29620,14,,,0,70,,29621,14,,,0,30,,29622,14,,,0,69,,29623,14,,,0,101,,29624,14,,,0,100,,29625,14,,,0,100,,29626,14,,,0
7029,'1852',513,,29633,14,,,0,103,,29634,14,,,0,29,,29635,14,,,0,72,,29636,14,,,0,30,,29637,14,,,0,70,,29638,14,,,0,30,,29639,14,,,0,70,,29640,14,,,0,30,,29641,14,,,0,70,,29642,14,,,0,30,,29643,14,,,0,70,,29644,14,,,0,30,,29645,14,,,0,70,,29629,14,,,0,30,,29630,14,,,0,70,,29631,14,,,0,31,,29628,14,,,0,70,,29627,14,,,0,30,,29632,14,,,0,70,,29646,14,,,0,30,,29647,14,,,0,70,,29648,14,,,0,29,,29649,14,,,0,70,,29650,14,,,0,29,,29651,14,,,0,70,,29652,14,,,0,30,,29653,14,,,0,70,,29654,14,,,0,30,,29655,14,,,0,69,,29656,14,,,0,101,,29657,14,,,0,100,,29658,14,,,0,100,,29659,14,,,0
20002019,'1800',1002,,34683,3,,,0
20002019,'1838',1002,,34684,3,,,0
20002019,'1849',1002,,34685,3,,,0
14000001029,'1800',532,,34784,3,0,18 7,0,1812,,34780,3,,,0,68,,24949,3,,,0,30,,34783,3,,,0,70,,34782,3,,,0,30,,24948,3,,,0,70,,34781,3,,,0
14000001029,'1838',532,,34789,3,0,18 7,0,1812,,34785,3,,,0,68,,24942,3,,,0,30,,34788,3,,,0,70,,34787,3,,,0,30,,24941,3,,,0,70,,34786,3,,,0
14000001029,'1841',430,,24916,3,0,18 7,0,102,,28284,3,0,18 7,0,1812,,28286,3,,,0,98,,28288,3,,,0,70,,28285,3,,,0,100,,28287,3,,,0
14000001029,'1843',2412,,24920,3,,,0,130,,24921,3,,,0
14000001029,'1845',2412,,24925,3,,,0,130,,24929,3,,,0
14000001029,'1847',2412,,24935,3,,,0,130,,24934,3,,,0
14000001029,'1848',532,,34793,3,0,18 7,0,1812,,34794,3,,,0,98,,34790,3,,,0,70,,34791,3,,,0,100,,34792,3,,,0
14000001029,'1849',532,,34799,3,0,18 7,0,1812,,34795,3,,,0,98,,34798,3,,,0,70,,34797,3,,,0,100,,34796,3,,,0
14000001029,'1850',430,,34800,3,0,18 7,0,102,,34801,3,0,18 7,0,1812,,34803,3,,,0,68,,34804,3,,,0,30,,34807,3,,,0,70,,34802,3,,,0,30,,34805,3,,,0,70,,34806,3,,,0
14000001029,'1852',430,,34808,3,0,18 7,0,102,,34809,3,0,18 7,0,1812,,34811,3,,,0,98,,34813,3,,,0,70,,34810,3,,,0,100,,34812,3,,,0
