15019,'1838',736,,45028,46,,,0,100,,36883,46,,,0,100,,36886,46,,,0,101,,45027,46,,,0,100,,36881,46,,,0,100,,36879,46,,,0,101,,45026,46,,,0,100,,36880,46,,,0,100,,36877,46,,,0,99,,45025,46,,,0,100,,36875,46,,,0,100,,36876,46,,,0,100,,45024,46,,,0,99,,36887,46,,,0
15019,'1865',608,,36904,12,0,5 2 6 7,0,94,,36905,46,,,0,30,,45029,46,,,0,76,,36907,46,,,0,31,,36908,46,,,0,65,,36909,46,,,0,30,,36910,46,,,0,70,,36911,46,,,0,30,,45030,46,,,0,70,,45031,46,,,0,30,,42569,46,,,0,70,,45032,46,,,0,30,,45033,46,,,0,70,,42570,46,,,0,30,,36918,46,,,0,70,,45034,46,,,0,30,,36920,46,,,0,72,,36921,46,,,0,30,,45035,46,,,0,70,,45036,46,,,0,30,,36924,46,,,0,69,,36925,46,,,0,30,,36926,46,,,0,67,,45037,46,,,0,30,,36928,46,,,0,70,,45038,46,,,0,30,,45039,46,,,0,70,,36931,46,,,0,100,,45040,46,,,0,98,,45041,46,,,0,100,,45042,46,0,5 2 6 7,0
15019,'1866',609,,45048,12,0,5 2 6 7,0,127,,36935,46,,,0,100,,45043,46,,,0,100,,36937,46,,,0,101,,36938,46,,,0,100,,45044,46,,,0,100,,36940,46,,,0,102,,36941,46,,,0,100,,45045,46,,,0,100,,36943,46,,,0,98,,36944,46,,,0,100,,45046,46,,,0,100,,36946,46,,,0,100,,36947,46,,,0,99,,45047,46,,,0
15019,'1867',736,,45053,46,,,0,100,,36959,46,,,0,100,,36962,46,,,0,101,,45052,46,,,0,100,,36957,46,,,0,100,,36955,46,,,0,101,,45051,46,,,0,100,,36956,46,,,0,100,,36953,46,,,0,99,,45050,46,,,0,100,,36951,46,,,0,100,,36952,46,,,0,100,,45049,46,,,0,99,,36963,46,,,0
15019,'1873',736,,30301,46,,,0,200,,30303,46,,,0,101,,30304,46,,,0,200,,30306,46,,,0,102,,30307,46,,,0,200,,30309,46,,,0,98,,30310,46,,,0,200,,30312,46,,,0,100,,30313,46,,,0
15019,'1878',836,,30325,46,,,0,100,,30328,46,,,0,201,,30323,46,,,0,100,,30321,46,,,0,201,,30322,46,,,0,100,,30319,46,,,0,199,,30317,46,,,0,100,,30318,46,,,0,199,,30329,46,,,0
15019,'1881',732,,36889,46,,,0,302,,36890,46,,,0,70,,36891,46,,,0,100,,36893,46,,,0,30,,36894,46,,,0,170,,36896,46,,,0,132,,36897,46,,,0,70,,36898,46,,,0,196,,30384,46,,,0,100,,36899,46,,,0,30,,42574,46,,,0,170,,36901,46,,,0,98,,36902,46,,,0,100,,36903,46,0,5 2 6 7,0
15019,'1882',608,,30361,12,0,5 2 6 7,0,94,,30362,46,,,0,106,,30364,46,,,0,31,,30365,46,,,0,65,,30366,46,,,0,30,,30367,46,,,0,70,,30368,46,,,0,130,,42572,46,,,0,170,,42573,46,,,0,30,,30375,46,,,0,100,,30377,46,,,0,72,,30378,46,,,0,130,,30381,46,,,0,69,,30382,46,,,0,30,,30383,46,,,0,97,,30385,46,,,0,170,,30388,46,,,0
15019,'1886',732,,45054,46,,,0,302,,45055,46,,,0,70,,45056,46,,,0,100,,45057,46,,,0,30,,45058,46,,,0,170,,45059,46,,,0,132,,45060,46,,,0,70,,45061,46,,,0,196,,45062,46,,,0,100,,45063,46,,,0,30,,45064,46,,,0,170,,45065,46,,,0,98,,45066,46,,,0,100,,45067,46,0,5 2 6 7,0
15019,'1887',609,,45073,12,0,5 2 6 7,0,227,,45068,46,,,0,301,,45069,46,,,0,302,,45070,46,,,0,298,,45071,46,,,0,299,,45072,46,,,0
15019,'1888',736,,45078,46,,,0,301,,45077,46,,,0,301,,45076,46,,,0,299,,45075,46,,,0,300,,45074,46,,,0
