4019,'1799',932,,19845,9,,,0,201,,19834,9,,,0,699,,19827,9,,,0,70,,19831,9,,,0,100,,19846,9,,,0,30,,19838,9,,,0,100,,19839,9,,,0
4019,'1800',802,,24984,9,,,0,30,,24985,9,,,0,70,,24982,9,,,0,30,,19873,9,,,0,71,,24983,9,,,0,30,,24972,9,,,0,70,,24975,9,,,0,30,,19862,9,,,0,69,,24980,9,,,0,31,,24968,9,,,0,69,,24971,9,,,0,30,,24974,9,,,0,70,,24977,9,,,0,30,,24978,9,,,0,70,,24967,9,,,0,30,,24970,9,,,0,70,,24973,9,,,0,30,,24976,9,,,0,70,,24979,9,,,0,31,,24966,9,,,0,70,,24969,9,,,0,29,,19855,9,,,0,70,,19859,9,,,0,30,,24981,9,,,0,70,,19874,9,,,0,30,,19866,9,,,0,70,,24986,9,,,0,30,,19867,9,,,0
4019,'1829',632,,19733,9,,,0,70,,19759,9,,,0,30,,19734,9,,,0,27,,19735,9,,,0,76,,19736,9,,,0,168,,19739,9,,,0,99,,19741,9,,,0,30,,19742,9,,,0,405,,19750,9,,,0
4019,'1831',802,,19761,9,,,0,130,,19777,9,,,0,71,,19765,9,,,0,829,,19790,9,,,0,170,,19773,9,,,0,100,,19766,9,,,0,100,,19770,9,,,0
4019,'1832',802,,19815,9,,,0,30,,19816,9,,,0,70,,19813,9,,,0,101,,19814,9,,,0,30,,19798,9,,,0,70,,19802,9,,,0,99,,19809,9,,,0,31,,19794,9,,,0,69,,19797,9,,,0,30,,19801,9,,,0,70,,19805,9,,,0,30,,19807,9,,,0,70,,19793,9,,,0,30,,19796,9,,,0,70,,19800,9,,,0,30,,19804,9,,,0,70,,19808,9,,,0,31,,19792,9,,,0,70,,19795,9,,,0,129,,19812,9,,,0,170,,19819,9,,,0
4019,'1833',932,,19817,9,,,0,201,,19806,9,,,0,699,,19799,9,,,0,70,,19803,9,,,0,100,,19818,9,,,0,30,,19810,9,,,0,100,,19811,9,,,0
4019,'1834',802,,19843,9,,,0,30,,19844,9,,,0,70,,19841,9,,,0,101,,19842,9,,,0,30,,19826,9,,,0,70,,19830,9,,,0,99,,19837,9,,,0,31,,19822,9,,,0,69,,19825,9,,,0,30,,19829,9,,,0,70,,19833,9,,,0,30,,19835,9,,,0,70,,19821,9,,,0,30,,19824,9,,,0,70,,19828,9,,,0,30,,19832,9,,,0,70,,19836,9,,,0,31,,19820,9,,,0,70,,19823,9,,,0,129,,19840,9,,,0,170,,19847,9,,,0
4019,'1835',859,,24993,9,,,0,76,,24994,9,,,0,97,,24995,9,,,0,172,,24996,9,,,0,30,,24997,9,,,0,70,,24998,9,,,0,30,,24999,9,,,0,70,,25000,9,,,0,30,,25001,9,,,0,73,,25002,9,,,0,101,,25003,9,,,0,24,,25004,9,,,0,76,,25005,9,,,0,23,,25006,9,,,0,76,,25007,9,,,0,21,,25008,9,,,0,75,,25009,9,,,0,29,,25010,9,,,0,70,,24987,9,,,0,30,,24988,9,,,0,70,,24989,9,,,0,30,,24990,9,,,0,70,,24991,9,,,0,30,,24992,9,,,0
4019,'1836',702,,25035,9,,,0,30,,25015,9,,,0,100,,25018,9,,,0,70,,25027,9,,,0,131,,25032,9,,,0,70,,25014,9,,,0,30,,25029,9,,,0,69,,25024,9,,,0,31,,25019,9,,,0,69,,25030,9,,,0,30,,25033,9,,,0,70,,25013,9,,,0,31,,25020,9,,,0,70,,25012,9,,,0,30,,25016,9,,,0,70,,25031,9,,,0,30,,25028,9,,,0,70,,25025,9,,,0,30,,25017,9,,,0,70,,25034,9,,,0,99,,25011,9,,,0,30,,25021,9,,,0,100,,25026,9,,,0,100,,25022,9,,,0,100,,25023,9,,,0
4019,'1837',802,,25054,9,,,0,30,,25055,9,,,0,70,,25052,9,,,0,101,,25053,9,,,0,30,,25042,9,,,0,70,,25045,9,,,0,99,,25050,9,,,0,31,,25038,9,,,0,69,,25041,9,,,0,30,,25044,9,,,0,70,,25047,9,,,0,30,,25048,9,,,0,70,,25037,9,,,0,30,,25040,9,,,0,70,,25043,9,,,0,30,,25046,9,,,0,70,,25049,9,,,0,31,,25036,9,,,0,70,,25039,9,,,0,129,,25051,9,,,0,170,,25056,9,,,0
4019,'1838',802,,25075,9,,,0,30,,25076,9,,,0,70,,25073,9,,,0,101,,25074,9,,,0,30,,25063,9,,,0,70,,25066,9,,,0,99,,25071,9,,,0,31,,25059,9,,,0,69,,25062,9,,,0,30,,25065,9,,,0,70,,25068,9,,,0,30,,25069,9,,,0,70,,25058,9,,,0,30,,25061,9,,,0,70,,25064,9,,,0,30,,25067,9,,,0,70,,25070,9,,,0,31,,25057,9,,,0,70,,25060,9,,,0,129,,25072,9,,,0,170,,25077,9,,,0
11029,'1800',837,,25609,27,,,0,100,,25610,27,,,0,103,,25611,27,,,0,100,,25612,27,,,0,100,,25613,27,,,0,100,,25614,27,,,0,100,,25615,27,,,0,100,,25616,27,,,0,100,,25617,27,,,0,97,,25618,27,,,0,99,,25619,27,,,0,101,,25620,27,,,0,95,,25621,27,,,0
11029,'1832',837,,20751,27,,,0,100,,20752,27,,,0,103,,20753,27,,,0,100,,20754,27,,,0,100,,20755,27,,,0,100,,20756,27,,,0,100,,20757,27,,,0,100,,20758,27,,,0,100,,20759,27,,,0,97,,20760,27,,,0,99,,20761,27,,,0,101,,20762,27,,,0,95,,20763,27,,,0
11029,'1834',837,,20764,27,,,0,100,,20765,27,,,0,103,,20766,27,,,0,100,,20767,27,,,0,100,,20768,27,,,0,100,,20769,27,,,0,100,,20770,27,,,0,100,,20771,27,,,0,100,,20772,27,,,0,97,,20773,27,,,0,99,,20774,27,,,0,101,,20775,27,,,0,95,,20776,27,,,0
11029,'1835',637,,25637,20,,,0,100,,25623,27,,,0,100,,25624,27,,,0,100,,25625,27,,,0,100,,25626,27,,,0,100,,25627,27,,,0,100,,25628,27,,,0,100,,25629,27,,,0,100,,25630,27,,,0,100,,25631,27,,,0,100,,25632,27,,,0,100,,25633,27,,,0,100,,25634,27,,,0,100,,25635,27,,,0,100,,25636,27,,,0,95,,25622,27,,,0
11029,'1836',637,,25638,20,,,0,98,,25652,27,,,0,102,,25639,27,,,0,100,,25640,27,,,0,100,,25641,27,,,0,103,,25642,27,,,0,100,,25643,27,,,0,100,,25644,27,,,0,100,,25645,27,,,0,100,,25646,27,,,0,100,,25647,27,,,0,97,,25648,27,,,0,100,,25649,27,,,0,99,,25650,27,,,0,101,,25651,27,,,0
11029,'1837',837,,25653,27,,,0,100,,25654,27,,,0,103,,25655,27,,,0,100,,25656,27,,,0,100,,25657,27,,,0,100,,25658,27,,,0,100,,25659,27,,,0,100,,25660,27,,,0,100,,25661,27,,,0,97,,25662,27,,,0,99,,25663,27,,,0,101,,25664,27,,,0,95,,25665,27,,,0
11029,'1838',837,,25666,27,,,0,100,,25667,27,,,0,103,,25668,27,,,0,100,,25669,27,,,0,100,,25670,27,,,0,100,,25671,27,,,0,100,,25672,27,,,0,100,,25673,27,,,0,100,,25674,27,,,0,97,,25675,27,,,0,99,,25676,27,,,0,101,,25677,27,,,0,95,,25678,27,,,0
502019,'1799',1011,,22917,7,,,0,200,,22915,7,,,0,200,,22914,7,,,0,200,,22911,7,,,0,199,,22909,7,,,0,199,,22907,7,,,0,30,,22897,7,,,0,70,,22920,7,,,0,30,,22906,7,,,0,70,,22921,7,,,0,30,,22900,7,,,0,69,,22922,7,,,0,30,,22898,7,,,0
502019,'1800',639,,26625,7,,,0,70,,26614,7,,,0,30,,26628,7,,,0,70,,26635,7,,,0,31,,26623,7,,,0,70,,26634,7,,,0,30,,26624,7,,,0,71,,22952,7,,,0,30,,26622,7,,,0,70,,26633,7,,,0,30,,26617,7,,,0,70,,22950,7,,,0,30,,26620,7,,,0,70,,26632,7,,,0,30,,26618,7,,,0,70,,22949,7,,,0,30,,26621,7,,,0,70,,26631,7,,,0,30,,26615,7,,,0,70,,22946,7,,,0,30,,26619,7,,,0,70,,26630,7,,,0,30,,26616,7,,,0,69,,22944,7,,,0,30,,26626,7,,,0,70,,26629,7,,,0,30,,26627,7,,,0,69,,22942,7,,,0,30,,22932,7,,,0,70,,22955,7,,,0,30,,22941,7,,,0,70,,22956,7,,,0,30,,22935,7,,,0,69,,22957,7,,,0,30,,22933,7,,,0
502019,'1829',704,,22817,7,,,0,101,,22780,7,,,0,36,,22782,7,,,0,64,,22783,7,,,0,36,,22785,7,,,0,301,,22791,7,,,0,70,,22792,7,,,0,327,,22799,7,,,0,571,,22813,7,,,0,99,,22815,7,,,0
502019,'1831',709,,22833,7,,,0,30,,22825,7,,,0,70,,22834,7,,,0,31,,22824,7,,,0,70,,22835,7,,,0,30,,22823,7,,,0,71,,22836,7,,,0,30,,22844,7,,,0,170,,22838,7,,,0,30,,22846,7,,,0,70,,22839,7,,,0,131,,22848,7,,,0,70,,22841,7,,,0,129,,22850,7,,,0,70,,22843,7,,,0,30,,22851,7,,,0,169,,22829,7,,,0,99,,22828,7,,,0,100,,22830,7,,,0,100,,22831,7,,,0,100,,22832,7,,,0
502019,'1832',639,,22867,7,,,0,70,,22853,7,,,0,30,,22870,7,,,0,70,,22884,7,,,0,31,,22864,7,,,0,70,,22883,7,,,0,30,,22866,7,,,0,101,,22861,7,,,0,70,,22881,7,,,0,30,,22856,7,,,0,100,,22859,7,,,0,70,,22878,7,,,0,30,,22857,7,,,0,100,,22860,7,,,0,70,,22877,7,,,0,30,,22854,7,,,0,100,,22858,7,,,0,70,,22875,7,,,0,30,,22855,7,,,0,99,,22868,7,,,0,70,,22873,7,,,0,30,,22869,7,,,0
502019,'1833',1011,,22882,7,,,0,200,,22880,7,,,0,200,,22879,7,,,0,200,,22876,7,,,0,199,,22874,7,,,0,199,,22872,7,,,0,30,,22862,7,,,0,70,,22885,7,,,0,30,,22871,7,,,0,70,,22886,7,,,0,30,,22865,7,,,0,69,,22887,7,,,0,30,,22863,7,,,0
502019,'1834',639,,22902,7,,,0,70,,22888,7,,,0,30,,22905,7,,,0,70,,22919,7,,,0,31,,22899,7,,,0,70,,22918,7,,,0,30,,22901,7,,,0,101,,22896,7,,,0,70,,22916,7,,,0,30,,22891,7,,,0,100,,22894,7,,,0,70,,22913,7,,,0,30,,22892,7,,,0,100,,22895,7,,,0,70,,22912,7,,,0,30,,22889,7,,,0,100,,22893,7,,,0,70,,22910,7,,,0,30,,22890,7,,,0,99,,22903,7,,,0,70,,22908,7,,,0,30,,22904,7,,,0
502019,'1835',609,,26636,7,,,0,30,,26637,7,,,0,75,,26638,7,,,0,26,,26639,7,,,0,77,,26640,7,,,0,100,,26641,7,,,0,95,,26642,7,,,0,30,,26643,7,,,0,70,,26644,7,,,0,30,,26645,7,,,0,70,,26646,7,,,0,130,,26647,7,,,0,70,,26648,7,,,0,35,,26649,7,,,0,70,,26650,7,,,0,30,,26651,7,,,0,68,,26652,7,,,0,36,,26653,7,,,0,62,,26654,7,,,0,6,,26668,7,,,0,16,,26655,7,,,0,12,,26656,7,,,0,64,,26657,7,,,0,22,,26658,7,,,0,12,,26659,7,,,0,65,,26660,7,,,0,30,,26661,7,,,0,70,,26662,7,,,0,30,,26663,7,,,0,70,,26664,7,,,0,30,,26665,7,,,0,100,,26666,7,,,0,99,,26667,7,,,0
502019,'1836',639,,26673,7,,,0,472,,26675,7,,,0,30,,26678,7,,,0,200,,26679,7,,,0,71,,26676,7,,,0,130,,26680,7,,,0,69,,26677,7,,,0,199,,26674,7,,,0,30,,26681,7,,,0,199,,26672,7,,,0,100,,26671,7,,,0,100,,26670,7,,,0,100,,26669,7,,,0
502019,'1837',639,,26693,7,,,0,70,,26682,7,,,0,30,,26696,7,,,0,70,,26703,7,,,0,31,,26691,7,,,0,70,,26702,7,,,0,30,,26692,7,,,0,101,,26690,7,,,0,70,,26701,7,,,0,30,,26685,7,,,0,100,,26688,7,,,0,70,,26700,7,,,0,30,,26686,7,,,0,100,,26689,7,,,0,70,,26699,7,,,0,30,,26683,7,,,0,100,,26687,7,,,0,70,,26698,7,,,0,30,,26684,7,,,0,99,,26694,7,,,0,70,,26697,7,,,0,30,,26695,7,,,0
502019,'1838',639,,26715,7,,,0,70,,26704,7,,,0,30,,26718,7,,,0,70,,26725,7,,,0,31,,26713,7,,,0,70,,26724,7,,,0,30,,26714,7,,,0,101,,26712,7,,,0,70,,26723,7,,,0,30,,26707,7,,,0,100,,26710,7,,,0,70,,26722,7,,,0,30,,26708,7,,,0,100,,26711,7,,,0,70,,26721,7,,,0,30,,26705,7,,,0,100,,26709,7,,,0,70,,26720,7,,,0,30,,26706,7,,,0,99,,26716,7,,,0,70,,26719,7,,,0,30,,26717,7,,,0
14000001029,'1799',2444,,24942,42,,,0,70,,24943,42,,,0,100,,24941,42,,,0,30,,24939,42,,,0
14000001029,'1800',558,,28283,42,0,18 7,0,1856,,28281,42,,,0,30,,24949,42,,,0,70,,24950,42,,,0,30,,28282,42,,,0,70,,24948,42,,,0,30,,24946,42,,,0
14000001029,'1829',500,,24916,42,0,18 7,0,1944,,24920,42,,,0,170,,24921,42,,,0
14000001029,'1831',558,,24928,42,0,18 7,0,1856,,24930,42,,,0,30,,24925,42,,,0,70,,24924,42,,,0,30,,24926,42,,,0,70,,24929,42,,,0,30,,24927,42,,,0
14000001029,'1832',558,,24937,42,0,18 7,0,1856,,24931,42,,,0,130,,24933,42,,,0
14000001029,'1833',2444,,24935,42,,,0,70,,24936,42,,,0,100,,24934,42,,,0,30,,24932,42,,,0
14000001029,'1834',558,,24944,42,0,18 7,0,1856,,24938,42,,,0,130,,24940,42,,,0
14000001029,'1835',602,,28284,42,0,18 7,0,1812,,28286,42,,,0,100,,28288,42,,,0,30,,28285,42,,,0,100,,28287,42,,,0
14000001029,'1837',558,,28291,42,0,18 7,0,1856,,28289,42,,,0,130,,28290,42,,,0
14000001029,'1838',558,,28294,42,0,18 7,0,1856,,28292,42,,,0,130,,28293,42,,,0
