2019,'1799',633,,19531,1,,,0,70,,19508,1,,,0,30,,19512,1,,,0,70,,19524,1,,,0,30,,19519,1,,,0,70,,19509,1,,,0,30,,19513,1,,,0,70,,19525,1,,,0,30,,19520,1,,,0,70,,19510,1,,,0,30,,19514,1,,,0,70,,19526,1,,,0,30,,19521,1,,,0,70,,19511,1,,,0,30,,19515,1,,,0,70,,19527,1,,,0,30,,19522,1,,,0,70,,19506,1,,,0,30,,19516,1,,,0,70,,19528,1,,,0,30,,19523,1,,,0,70,,19504,1,,,0,30,,19517,1,,,0,70,,19529,1,,,0,100,,19505,1,,,0,100,,19530,1,,,0,100,,19507,1,,,0,100,,19518,1,,,0,99,,19532,1,,,0
2019,'1800',633,,19560,1,,,0,70,,19537,1,,,0,30,,19541,1,,,0,70,,19553,1,,,0,30,,19548,1,,,0,70,,19538,1,,,0,30,,19542,1,,,0,70,,19554,1,,,0,30,,19549,1,,,0,70,,19539,1,,,0,30,,19543,1,,,0,70,,19555,1,,,0,30,,19550,1,,,0,70,,19540,1,,,0,30,,19544,1,,,0,70,,19556,1,,,0,30,,19551,1,,,0,70,,19535,1,,,0,30,,19545,1,,,0,70,,19557,1,,,0,30,,19552,1,,,0,70,,19533,1,,,0,30,,19546,1,,,0,70,,19558,1,,,0,100,,19534,1,,,0,100,,19559,1,,,0,100,,19536,1,,,0,100,,19547,1,,,0,99,,19561,1,,,0
2019,'1829',602,,19412,1,,,0,29,,19413,1,,,0,69,,19414,1,,,0,29,,19415,1,,,0,71,,19416,1,,,0,30,,19417,1,,,0,70,,19418,1,,,0,30,,19419,1,,,0,70,,19420,1,,,0,30,,19421,1,,,0,70,,19422,1,,,0,30,,19423,1,,,0,70,,19424,1,,,0,30,,19425,1,,,0,70,,19426,1,,,0,30,,19427,1,,,0,70,,19428,1,,,0,30,,19429,1,,,0,70,,19430,1,,,0,30,,19431,1,,,0,70,,19432,1,,,0,30,,19433,1,,,0,70,,19434,1,,,0,30,,19435,1,,,0,70,,19436,1,,,0,30,,19442,1,,,0,70,,19437,1,,,0,100,,19438,1,,,0,100,,19439,1,,,0,100,,19440,1,,,0,102,,19441,1,,,0
2019,'1831',632,,19451,1,,,0,70,,19460,1,,,0,30,,19467,1,,,0,70,,19445,1,,,0,30,,19452,1,,,0,70,,19461,1,,,0,30,,19468,1,,,0,70,,19446,1,,,0,30,,19453,1,,,0,70,,19462,1,,,0,30,,19469,1,,,0,70,,19447,1,,,0,30,,19454,1,,,0,70,,19463,1,,,0,30,,19470,1,,,0,70,,19448,1,,,0,30,,19455,1,,,0,70,,19464,1,,,0,30,,19471,1,,,0,70,,19449,1,,,0,30,,19456,1,,,0,70,,19465,1,,,0,30,,19472,1,,,0,70,,19450,1,,,0,30,,19457,1,,,0,70,,19466,1,,,0,100,,19458,1,,,0,100,,19473,1,,,0,100,,19459,1,,,0,100,,19474,1,,,0
2019,'1833',633,,19502,1,,,0,70,,19479,1,,,0,30,,19483,1,,,0,70,,19495,1,,,0,30,,19490,1,,,0,70,,19480,1,,,0,30,,19484,1,,,0,70,,19496,1,,,0,30,,19491,1,,,0,70,,19481,1,,,0,30,,19485,1,,,0,70,,19497,1,,,0,30,,19492,1,,,0,70,,19482,1,,,0,30,,19486,1,,,0,70,,19498,1,,,0,30,,19493,1,,,0,70,,19477,1,,,0,30,,19487,1,,,0,70,,19499,1,,,0,30,,19494,1,,,0,70,,19475,1,,,0,30,,19488,1,,,0,70,,19500,1,,,0,100,,19476,1,,,0,100,,19501,1,,,0,100,,19478,1,,,0,100,,19489,1,,,0,99,,19503,1,,,0
2029,'1799',658,,19664,64,4,,0,70,,19672,64,4,,0,30,,19683,64,4,,0,70,,19678,64,4,,0,30,,19665,64,4,,0,70,,19673,64,4,,0,30,,19684,64,4,,0,70,,19679,64,4,,0,30,,19666,64,4,,0,70,,19674,64,4,,0,30,,19685,64,4,,0,70,,19680,64,4,,0,30,,19667,64,4,,0,70,,19675,64,4,,0,30,,19686,64,4,,0,70,,19681,64,4,,0,30,,19668,64,4,,0,70,,19676,64,4,,0,30,,19687,64,4,,0,70,,19682,64,4,,0,30,,19669,64,4,,0,70,,19677,64,4,,0,30,,19688,64,4,,0,100,,19670,64,4,,0,100,,19689,64,4,,0,100,,19671,64,4,,0,100,,19690,64,4,,0,100,,19663,64,4,,0
2029,'1800',658,,19696,64,4,,0,70,,19704,64,4,,0,30,,19715,64,4,,0,70,,19710,64,4,,0,30,,19697,64,4,,0,70,,19705,64,4,,0,30,,19716,64,4,,0,70,,19711,64,4,,0,30,,19698,64,4,,0,70,,19706,64,4,,0,30,,19717,64,4,,0,70,,19712,64,4,,0,30,,19699,64,4,,0,70,,19707,64,4,,0,30,,19718,64,4,,0,70,,19713,64,4,,0,30,,19700,64,4,,0,70,,19708,64,4,,0,30,,19719,64,4,,0,70,,19714,64,4,,0,30,,19701,64,4,,0,70,,19709,64,4,,0,30,,19720,64,4,,0,100,,19702,64,4,,0,100,,19721,64,4,,0,100,,19703,64,4,,0,100,,19722,64,4,,0,100,,19695,64,4,,0
2029,'1829',600,,19588,49,4,,0,27,,19562,64,4,,0,31,,19563,64,4,,0,70,,19564,64,4,,0,30,,19565,64,4,,0,70,,19566,64,4,,0,30,,19567,64,4,,0,70,,19568,64,4,,0,30,,19569,64,4,,0,70,,19570,64,4,,0,30,,19571,64,4,,0,70,,19572,64,4,,0,30,,19573,64,4,,0,70,,19574,64,4,,0,30,,19575,64,4,,0,70,,19576,64,4,,0,30,,19577,64,4,,0,70,,19578,64,4,,0,30,,19579,64,4,,0,72,,19580,64,4,,0,70,,19581,64,4,,0,30,,19582,64,4,,0,70,,19583,64,4,,0,30,,19584,64,4,,0,70,,19585,64,4,,0,28,,19586,64,4,,0,30,,19587,64,4,,0,70,,19591,64,4,,0,30,,19592,64,4,,0,100,,19593,64,4,,0,100,,19594,64,4,,0,100,,19590,64,4,,0
2029,'1831',658,,19611,64,4,,0,70,,19618,64,4,,0,30,,19597,64,4,,0,70,,19603,64,4,,0,30,,19612,64,4,,0,70,,19619,64,4,,0,30,,19598,64,4,,0,70,,19604,64,4,,0,30,,19613,64,4,,0,70,,19620,64,4,,0,30,,19599,64,4,,0,70,,19605,64,4,,0,30,,19614,64,4,,0,70,,19621,64,4,,0,30,,19600,64,4,,0,70,,19606,64,4,,0,30,,19615,64,4,,0,70,,19622,64,4,,0,30,,19601,64,4,,0,70,,19607,64,4,,0,30,,19616,64,4,,0,70,,19623,64,4,,0,30,,19602,64,4,,0,70,,19608,64,4,,0,30,,19617,64,4,,0,70,,19624,64,4,,0,30,,19609,64,4,,0,100,,19625,64,4,,0,100,,19610,64,4,,0,99,,19626,64,4,,0
2029,'1833',658,,19632,64,4,,0,70,,19640,64,4,,0,30,,19651,64,4,,0,70,,19646,64,4,,0,30,,19633,64,4,,0,70,,19641,64,4,,0,30,,19652,64,4,,0,70,,19647,64,4,,0,30,,19634,64,4,,0,70,,19642,64,4,,0,30,,19653,64,4,,0,70,,19648,64,4,,0,30,,19635,64,4,,0,70,,19643,64,4,,0,30,,19654,64,4,,0,70,,19649,64,4,,0,30,,19636,64,4,,0,70,,19644,64,4,,0,30,,19655,64,4,,0,70,,19650,64,4,,0,30,,19637,64,4,,0,70,,19645,64,4,,0,30,,19656,64,4,,0,100,,19638,64,4,,0,100,,19657,64,4,,0,100,,19639,64,4,,0,100,,19658,64,4,,0,100,,19631,64,4,,0
11019,'1800',845,,25539,1,,,0,100,,25540,1,,,0,103,,25541,1,,,0,100,,25542,1,,,0,100,,25543,1,,,0,100,,25544,1,,,0,100,,25545,1,,,0,100,,25546,1,,,0,100,,25547,1,,,0,97,,25548,1,,,0,100,,25549,1,,,0,100,,25550,1,,,0,95,,25551,1,0,5 2 8 7,0
11019,'1832',845,,20681,1,,,0,100,,20682,1,,,0,103,,20683,1,,,0,100,,20684,1,,,0,100,,20685,1,,,0,100,,20686,1,,,0,100,,20687,1,,,0,100,,20688,1,,,0,100,,20689,1,,,0,97,,20690,1,,,0,100,,20691,1,,,0,100,,20692,1,,,0,95,,20693,1,0,5 2 8 7,0
11019,'1834',845,,20694,1,,,0,100,,20695,1,,,0,103,,20696,1,,,0,100,,20697,1,,,0,100,,20698,1,,,0,100,,20699,1,,,0,100,,20700,1,,,0,100,,20701,1,,,0,100,,20702,1,,,0,97,,20703,1,,,0,100,,20704,1,,,0,100,,20705,1,,,0,95,,20706,1,0,5 2 8 7,0
11019,'1835',645,,25552,1,,,0,100,,25553,1,,,0,100,,25554,1,,,0,100,,25555,1,,,0,100,,25556,1,,,0,100,,25557,1,,,0,100,,25558,1,,,0,100,,25559,1,,,0,100,,25560,1,,,0,100,,25561,1,,,0,100,,25562,1,,,0,100,,25563,1,,,0,100,,25564,1,,,0,100,,25565,1,,,0,100,,25566,1,,,0,95,,25567,1,0,5 2 8 7,0
11019,'1836',645,,25570,1,,,0,100,,25571,1,,,0,100,,25572,1,,,0,100,,25573,1,,,0,100,,25574,1,,,0,103,,25575,1,,,0,100,,25576,1,,,0,100,,25577,1,,,0,100,,25578,1,,,0,100,,25579,1,,,0,100,,25580,1,,,0,97,,25581,1,,,0,100,,25568,1,,,0,100,,25569,1,,,0,100,,25582,1,0,5 2 8 7,0
11019,'1837',845,,25583,1,,,0,100,,25584,1,,,0,103,,25585,1,,,0,100,,25586,1,,,0,100,,25587,1,,,0,100,,25588,1,,,0,100,,25589,1,,,0,100,,25590,1,,,0,100,,25591,1,,,0,97,,25592,1,,,0,100,,25593,1,,,0,100,,25594,1,,,0,95,,25595,1,0,5 2 8 7,0
11019,'1838',845,,25596,1,,,0,100,,25597,1,,,0,103,,25598,1,,,0,100,,25599,1,,,0,100,,25600,1,,,0,100,,25601,1,,,0,100,,25602,1,,,0,100,,25603,1,,,0,100,,25604,1,,,0,97,,25605,1,,,0,100,,25606,1,,,0,100,,25607,1,,,0,95,,25608,1,0,5 2 8 7,0
11029,'1800',844,,25609,33,4,,0,100,,25610,33,4,,0,104,,25611,33,4,,0,100,,25612,33,4,,0,100,,25613,33,4,,0,100,,25614,33,4,,0,100,,25615,33,4,,0,100,,25616,33,4,,0,100,,25617,33,4,,0,97,,25618,33,4,,0,99,,25619,33,4,,0,101,,25620,33,4,,0,95,,25621,33,4,,0
11029,'1832',844,,20751,33,4,,0,100,,20752,33,4,,0,104,,20753,33,4,,0,100,,20754,33,4,,0,100,,20755,33,4,,0,100,,20756,33,4,,0,100,,20757,33,4,,0,100,,20758,33,4,,0,100,,20759,33,4,,0,97,,20760,33,4,,0,99,,20761,33,4,,0,101,,20762,33,4,,0,95,,20763,33,4,,0
11029,'1834',844,,20764,33,4,,0,100,,20765,33,4,,0,104,,20766,33,4,,0,100,,20767,33,4,,0,100,,20768,33,4,,0,100,,20769,33,4,,0,100,,20770,33,4,,0,100,,20771,33,4,,0,100,,20772,33,4,,0,97,,20773,33,4,,0,99,,20774,33,4,,0,101,,20775,33,4,,0,95,,20776,33,4,,0
11029,'1835',645,,25637,26,4,,0,100,,25623,33,4,,0,100,,25624,33,4,,0,100,,25625,33,4,,0,100,,25626,33,4,,0,100,,25627,33,4,,0,100,,25628,33,4,,0,100,,25629,33,4,,0,100,,25630,33,4,,0,100,,25631,33,4,,0,100,,25632,33,4,,0,100,,25633,33,4,,0,100,,25634,33,4,,0,100,,25635,33,4,,0,100,,25636,33,4,,0,95,,25622,33,4,,0
11029,'1836',644,,25638,26,4,,0,98,,25652,33,4,,0,102,,25639,33,4,,0,100,,25640,33,4,,0,101,,25641,33,4,,0,103,,25642,33,4,,0,100,,25643,33,4,,0,100,,25644,33,4,,0,100,,25645,33,4,,0,100,,25646,33,4,,0,100,,25647,33,4,,0,97,,25648,33,4,,0,100,,25649,33,4,,0,99,,25650,33,4,,0,101,,25651,33,4,,0
11029,'1837',844,,25653,33,4,,0,100,,25654,33,4,,0,104,,25655,33,4,,0,100,,25656,33,4,,0,100,,25657,33,4,,0,100,,25658,33,4,,0,100,,25659,33,4,,0,100,,25660,33,4,,0,100,,25661,33,4,,0,97,,25662,33,4,,0,99,,25663,33,4,,0,101,,25664,33,4,,0,95,,25665,33,4,,0
11029,'1838',844,,25666,33,4,,0,100,,25667,33,4,,0,104,,25668,33,4,,0,100,,25669,33,4,,0,100,,25670,33,4,,0,100,,25671,33,4,,0,100,,25672,33,4,,0,100,,25673,33,4,,0,100,,25674,33,4,,0,97,,25675,33,4,,0,99,,25676,33,4,,0,101,,25677,33,4,,0,95,,25678,33,4,,0
