501019,'1799',645,,22441,7,,,0,97,,22440,7,,,0,101,,22442,7,,,0,272,,22417,7,,,0,200,,22416,7,,,0,200,,22414,7,,,0,200,,22419,7,,,0,198,,22425,7,,,0,298,,22422,7,,,0,100,,22421,7,,,0
501019,'1800',615,,26311,7,,,0,30,,22476,7,,,0,67,,26310,7,,,0,30,,22475,7,,,0,70,,26313,7,,,0,31,,22477,7,,,0,70,,26314,7,,,0,30,,26323,7,,,0,72,,26306,7,,,0,30,,26315,7,,,0,70,,22452,7,,,0,30,,26316,7,,,0,70,,26307,7,,,0,30,,26317,7,,,0,70,,22451,7,,,0,30,,26322,7,,,0,70,,26305,7,,,0,30,,26321,7,,,0,70,,22449,7,,,0,30,,26318,7,,,0,70,,26304,7,,,0,30,,26320,7,,,0,70,,22454,7,,,0,30,,26319,7,,,0,69,,26312,7,,,0,30,,26324,7,,,0,69,,22460,7,,,0,30,,26327,7,,,0,70,,26309,7,,,0,30,,26303,7,,,0,70,,26308,7,,,0,30,,26325,7,,,0,68,,22457,7,,,0,30,,26326,7,,,0,70,,22456,7,,,0
501019,'1829',520,,22300,1,,,0,92,,22301,7,,,0,206,,22306,7,,,0,24,,22307,7,,,0,62,,22308,7,,,0,41,,22310,7,,,0,70,,22311,7,,,0,201,,22315,7,,,0,100,,22317,7,,,0,30,,22318,7,,,0,70,,22319,7,,,0,26,,22320,7,,,0,174,,22325,7,,,0,100,,22328,7,,,0,228,,22334,7,,,0
501019,'1831',1015,,22361,7,,,0,130,,22372,7,,,0,70,,22363,7,,,0,130,,22374,7,,,0,70,,22365,7,,,0,31,,22375,7,,,0,170,,22367,7,,,0,30,,22369,7,,,0,170,,22347,7,,,0,28,,22360,7,,,0,70,,22346,7,,,0,30,,22358,7,,,0,68,,22345,7,,,0,30,,22359,7,,,0,70,,22344,7,,,0,30,,22356,7,,,0,69,,22343,7,,,0,30,,22357,7,,,0,70,,22342,7,,,0
501019,'1832',615,,22392,7,,,0,97,,22391,7,,,0,100,,22394,7,,,0,101,,22395,7,,,0,30,,22404,7,,,0,72,,22383,7,,,0,30,,22396,7,,,0,100,,22397,7,,,0,70,,22385,7,,,0,30,,22398,7,,,0,100,,22403,7,,,0,70,,22380,7,,,0,30,,22402,7,,,0,100,,22399,7,,,0,70,,22378,7,,,0,30,,22401,7,,,0,100,,22400,7,,,0,69,,22393,7,,,0,30,,22408,7,,,0,99,,22411,7,,,0,70,,22389,7,,,0,30,,22377,7,,,0,70,,22388,7,,,0,30,,22409,7,,,0,98,,22410,7,,,0
501019,'1833',645,,22406,7,,,0,97,,22405,7,,,0,101,,22407,7,,,0,272,,22382,7,,,0,200,,22381,7,,,0,200,,22379,7,,,0,200,,22384,7,,,0,198,,22390,7,,,0,298,,22387,7,,,0,100,,22386,7,,,0
501019,'1834',615,,22427,7,,,0,97,,22426,7,,,0,100,,22429,7,,,0,101,,22430,7,,,0,30,,22439,7,,,0,72,,22418,7,,,0,30,,22431,7,,,0,100,,22432,7,,,0,70,,22420,7,,,0,30,,22433,7,,,0,100,,22438,7,,,0,70,,22415,7,,,0,30,,22437,7,,,0,100,,22434,7,,,0,70,,22413,7,,,0,30,,22436,7,,,0,100,,22435,7,,,0,69,,22428,7,,,0,30,,22443,7,,,0,99,,22446,7,,,0,70,,22424,7,,,0,30,,22412,7,,,0,70,,22423,7,,,0,30,,22444,7,,,0,98,,22445,7,,,0
501019,'1835',642,,26328,7,,,0,75,,26329,7,,,0,25,,26330,7,,,0,64,,26331,7,,,0,109,,26332,7,,,0,130,,26333,7,,,0,71,,26334,7,,,0,30,,26335,7,,,0,100,,26336,7,,,0,208,,26337,7,,,0,62,,26338,7,,,0,24,,26339,7,,,0,12,,26340,7,,,0,88,,26341,7,,,0,12,,26342,7,,,0,87,,26343,7,,,0,12,,26344,7,,,0,66,,26345,7,,,0,28,,26346,7,,,0,70,,26347,7,,,0,99,,26348,7,,,0,30,,26349,7,,,0,68,,26350,7,,,0,30,,26351,7,,,0,69,,26352,7,,,0,30,,26353,7,,,0,70,,26354,7,,,0
501019,'1836',615,,26358,7,,,0,30,,26361,7,,,0,67,,26357,7,,,0,30,,26360,7,,,0,70,,26356,7,,,0,31,,26362,7,,,0,70,,26355,7,,,0,30,,26359,7,,,0,102,,26368,7,,,0,70,,26363,7,,,0,130,,26369,7,,,0,70,,26364,7,,,0,201,,26365,7,,,0,30,,26370,7,,,0,170,,26366,7,,,0,30,,26367,7,,,0
501019,'1837',615,,26379,7,,,0,97,,26378,7,,,0,100,,26381,7,,,0,101,,26382,7,,,0,30,,26391,7,,,0,72,,26374,7,,,0,30,,26383,7,,,0,100,,26384,7,,,0,70,,26375,7,,,0,30,,26385,7,,,0,100,,26390,7,,,0,70,,26373,7,,,0,30,,26389,7,,,0,100,,26386,7,,,0,70,,26372,7,,,0,30,,26388,7,,,0,100,,26387,7,,,0,69,,26380,7,,,0,30,,26392,7,,,0,99,,26395,7,,,0,70,,26377,7,,,0,30,,26371,7,,,0,70,,26376,7,,,0,30,,26393,7,,,0,98,,26394,7,,,0
501019,'1838',615,,26404,7,,,0,97,,26403,7,,,0,100,,26406,7,,,0,101,,26407,7,,,0,30,,26416,7,,,0,72,,26399,7,,,0,30,,26408,7,,,0,100,,26409,7,,,0,70,,26400,7,,,0,30,,26410,7,,,0,100,,26415,7,,,0,70,,26398,7,,,0,30,,26414,7,,,0,100,,26411,7,,,0,70,,26397,7,,,0,30,,26413,7,,,0,100,,26412,7,,,0,69,,26405,7,,,0,30,,26417,7,,,0,99,,26420,7,,,0,70,,26402,7,,,0,30,,26396,7,,,0,70,,26401,7,,,0,30,,26418,7,,,0,98,,26419,7,,,0
