1029,'1800',623,,28457,44,,,0,100,,28458,44,,,0,100,,28459,44,,,0,100,,28460,44,,,0,100,,28461,44,,,0,100,,28462,44,,,0,100,,28463,44,,,0,100,,28464,44,,,0,100,,28465,44,,,0,100,,28466,44,,,0,100,,28467,44,,,0,100,,28468,44,,,0,100,,28469,44,,,0,100,,28470,44,,,0,100,,28471,44,,,0,100,,28472,44,,,0,100,,28473,44,,,0,95,,28474,44,,,0
1029,'1838',623,,34957,44,,,0,100,,34958,44,,,0,100,,34959,44,,,0,100,,34960,44,,,0,100,,34961,44,,,0,100,,34962,44,,,0,100,,34963,44,,,0,100,,34964,44,,,0,100,,34965,44,,,0,100,,34966,44,,,0,100,,34967,44,,,0,100,,34968,44,,,0,100,,34969,44,,,0,100,,34970,44,,,0,100,,34971,44,,,0,100,,34972,44,,,0,100,,34973,44,,,0,95,,34974,44,,,0
1029,'1850',623,,28555,44,,,0,30,,28556,44,,,0,70,,28576,44,,,0,30,,28552,44,,,0,70,,28547,44,,,0,30,,28580,44,,,0,70,,28550,44,,,0,30,,28557,44,,,0,70,,28575,44,,,0,30,,28554,44,,,0,70,,28546,44,,,0,30,,28579,44,,,0,70,,28551,44,,,0,30,,28558,44,,,0,70,,28574,44,,,0,30,,28553,44,,,0,70,,28548,44,,,0,31,,28577,44,,,0,70,,28549,44,,,0,30,,28559,44,,,0,70,,28573,44,,,0,30,,28562,44,,,0,70,,28561,44,,,0,29,,28560,44,,,0,70,,28566,44,,,0,30,,28565,44,,,0,70,,28564,44,,,0,30,,28563,44,,,0,70,,28578,44,,,0,30,,28572,44,,,0,70,,28571,44,,,0,30,,28570,44,,,0,70,,28569,44,,,0,30,,28568,44,,,0,65,,28567,44,,,0
1029,'1859',623,,28498,44,,,0,30,,28510,44,,,0,70,,28517,44,,,0,30,,28505,44,,,0,70,,28526,44,,,0,30,,28514,44,,,0,69,,28497,44,,,0,31,,28509,44,,,0,70,,28520,44,,,0,30,,28504,44,,,0,70,,28527,44,,,0,30,,28513,44,,,0,70,,28496,44,,,0,30,,28508,44,,,0,70,,28519,44,,,0,30,,28503,44,,,0,70,,28499,44,,,0,30,,28512,44,,,0,70,,28495,44,,,0,30,,28507,44,,,0,70,,28515,44,,,0,30,,28502,44,,,0,70,,28524,44,,,0,30,,28511,44,,,0,70,,28494,44,,,0,30,,28506,44,,,0,70,,28518,44,,,0,30,,28500,44,,,0,70,,28522,44,,,0,30,,28521,44,,,0,70,,28493,44,,,0,30,,28501,44,,,0,70,,28516,44,,,0,30,,28525,44,,,0,65,,28523,44,,,0
1029,'1861',623,,28528,44,,,0,100,,28529,44,,,0,100,,28530,44,,,0,100,,28531,44,,,0,100,,28532,44,,,0,100,,28533,44,,,0,100,,28534,44,,,0,100,,28535,44,,,0,100,,28536,44,,,0,100,,28537,44,,,0,100,,28538,44,,,0,100,,28539,44,,,0,100,,28540,44,,,0,100,,28541,44,,,0,100,,28542,44,,,0,100,,28543,44,,,0,100,,28544,44,,,0,95,,28545,44,,,0
1029,'1864',623,,34984,44,,,0,30,,28591,44,,,0,70,,35004,44,,,0,30,,34981,44,,,0,70,,34976,44,,,0,30,,35008,44,,,0,70,,34979,44,,,0,30,,34985,44,,,0,70,,35003,44,,,0,30,,34983,44,,,0,70,,34975,44,,,0,30,,35007,44,,,0,70,,34980,44,,,0,30,,34986,44,,,0,70,,35002,44,,,0,30,,34982,44,,,0,70,,34977,44,,,0,31,,35005,44,,,0,70,,34978,44,,,0,30,,34987,44,,,0,70,,35001,44,,,0,30,,34990,44,,,0,70,,34989,44,,,0,29,,34988,44,,,0,70,,34994,44,,,0,30,,34993,44,,,0,70,,34992,44,,,0,30,,34991,44,,,0,70,,35006,44,,,0,30,,35000,44,,,0,70,,34999,44,,,0,30,,34998,44,,,0,70,,34997,44,,,0,30,,34996,44,,,0,65,,34995,44,,,0
1029,'1865',623,,35018,44,,,0,30,,35019,44,,,0,70,,35039,44,,,0,30,,35015,44,,,0,70,,35010,44,,,0,30,,35043,44,,,0,70,,35013,44,,,0,30,,35020,44,,,0,70,,35038,44,,,0,30,,35017,44,,,0,70,,35009,44,,,0,30,,35042,44,,,0,70,,35014,44,,,0,30,,35021,44,,,0,70,,35037,44,,,0,30,,35016,44,,,0,70,,35011,44,,,0,31,,35040,44,,,0,70,,35012,44,,,0,30,,35022,44,,,0,70,,35036,44,,,0,30,,35025,44,,,0,70,,35024,44,,,0,29,,35023,44,,,0,70,,35029,44,,,0,30,,35028,44,,,0,70,,35027,44,,,0,30,,35026,44,,,0,70,,35041,44,,,0,30,,35035,44,,,0,70,,35034,44,,,0,30,,35033,44,,,0,70,,35032,44,,,0,30,,35031,44,,,0,65,,35030,44,,,0
1029,'1866',623,,35049,44,,,0,30,,35061,44,,,0,70,,35068,44,,,0,30,,35056,44,,,0,70,,35077,44,,,0,30,,35065,44,,,0,69,,35048,44,,,0,31,,35060,44,,,0,70,,35071,44,,,0,30,,35055,44,,,0,70,,35078,44,,,0,30,,35064,44,,,0,70,,35047,44,,,0,30,,35059,44,,,0,70,,35070,44,,,0,30,,35054,44,,,0,70,,35050,44,,,0,30,,35063,44,,,0,70,,35046,44,,,0,30,,35058,44,,,0,70,,35066,44,,,0,30,,35053,44,,,0,70,,35075,44,,,0,30,,35062,44,,,0,70,,35045,44,,,0,30,,35057,44,,,0,70,,35069,44,,,0,30,,35051,44,,,0,70,,35073,44,,,0,30,,35072,44,,,0,70,,35044,44,,,0,30,,35052,44,,,0,70,,35067,44,,,0,30,,35076,44,,,0,65,,35074,44,,,0
1029,'1867',623,,35079,44,,,0,100,,35080,44,,,0,100,,35081,44,,,0,100,,35082,44,,,0,100,,35083,44,,,0,100,,35084,44,,,0,100,,35085,44,,,0,100,,35086,44,,,0,100,,35087,44,,,0,100,,35088,44,,,0,100,,35089,44,,,0,100,,35090,44,,,0,100,,35091,44,,,0,100,,35092,44,,,0,100,,35093,44,,,0,100,,35094,44,,,0,100,,35095,44,,,0,95,,35096,44,,,0
2029,'1800',638,,19696,41,,,0,70,,19704,41,,,0,30,,19715,41,,,0,70,,19710,41,,,0,30,,19697,41,,,0,70,,19705,41,,,0,30,,19716,41,,,0,70,,19711,41,,,0,30,,19698,41,,,0,70,,19706,41,,,0,30,,19717,41,,,0,70,,19712,41,,,0,30,,19699,41,,,0,70,,19707,41,,,0,30,,19718,41,,,0,70,,19713,41,,,0,30,,19700,41,,,0,70,,19708,41,,,0,30,,19719,41,,,0,70,,19714,41,,,0,30,,19701,41,,,0,70,,19709,41,,,0,30,,19720,41,,,0,100,,19702,41,,,0,100,,19721,41,,,0,100,,19703,41,,,0,100,,19722,41,,,0,100,,19695,41,,,0
2029,'1838',638,,35220,41,,,0,70,,35228,41,,,0,30,,35239,41,,,0,70,,35234,41,,,0,30,,35221,41,,,0,70,,35229,41,,,0,30,,35240,41,,,0,70,,35235,41,,,0,30,,35222,41,,,0,70,,35230,41,,,0,30,,35241,41,,,0,70,,35236,41,,,0,30,,35223,41,,,0,70,,35231,41,,,0,30,,35242,41,,,0,70,,35237,41,,,0,30,,35224,41,,,0,70,,35232,41,,,0,30,,35243,41,,,0,70,,35238,41,,,0,30,,35225,41,,,0,70,,35233,41,,,0,30,,35244,41,,,0,100,,35226,41,,,0,100,,35245,41,,,0,100,,35227,41,,,0,100,,35246,41,,,0,100,,35219,41,,,0
2029,'1850',541,,28675,26,,,0,67,,28649,41,,,0,30,,28650,41,,,0,70,,28651,41,,,0,30,,28652,41,,,0,70,,28653,41,,,0,30,,28654,41,,,0,70,,28655,41,,,0,30,,28656,41,,,0,70,,28657,41,,,0,30,,28658,41,,,0,70,,28659,41,,,0,30,,28660,41,,,0,70,,28661,41,,,0,30,,28662,41,,,0,70,,28663,41,,,0,30,,28664,41,,,0,70,,28665,41,,,0,30,,28666,41,,,0,70,,28667,41,,,0,30,,28668,41,,,0,70,,28669,41,,,0,30,,28670,41,,,0,70,,28671,41,,,0,30,,28672,41,,,0,70,,28673,41,,,0,30,,28674,41,,,0,70,,28678,41,,,0,30,,28679,41,,,0,100,,28680,41,,,0,100,,28681,41,,,0,100,,28677,41,,,0
2029,'1857',541,,19588,26,,,0,67,,19562,41,,,0,30,,19563,41,,,0,70,,19564,41,,,0,30,,19565,41,,,0,70,,19566,41,,,0,30,,19567,41,,,0,70,,19568,41,,,0,30,,19569,41,,,0,70,,19570,41,,,0,30,,19571,41,,,0,70,,19572,41,,,0,30,,19573,41,,,0,70,,19574,41,,,0,30,,19575,41,,,0,70,,19576,41,,,0,30,,19577,41,,,0,70,,19578,41,,,0,30,,19579,41,,,0,70,,19580,41,,,0,30,,19581,41,,,0,70,,19582,41,,,0,30,,19583,41,,,0,70,,19584,41,,,0,30,,19585,41,,,0,70,,19586,41,,,0,30,,19587,41,,,0,70,,19591,41,,,0,30,,19592,41,,,0,100,,19593,41,,,0,100,,19594,41,,,0,100,,19590,41,,,0
2029,'1859',608,,19628,41,0,5 2 15 16 17,0,30,,19611,41,,,0,70,,19618,41,,,0,30,,19597,41,,,0,70,,19603,41,,,0,30,,19612,41,,,0,70,,19619,41,,,0,30,,19598,41,,,0,70,,19604,41,,,0,30,,19613,41,,,0,70,,19620,41,,,0,30,,19599,41,,,0,70,,19605,41,,,0,30,,19614,41,,,0,70,,19621,41,,,0,30,,19600,41,,,0,70,,19606,41,,,0,30,,19615,41,,,0,70,,19622,41,,,0,30,,19601,41,,,0,70,,19607,41,,,0,30,,19616,41,,,0,70,,19623,41,,,0,30,,19602,41,,,0,70,,19608,41,,,0,30,,19617,41,,,0,70,,19624,41,,,0,30,,19609,41,,,0,100,,19625,41,,,0,100,,19610,41,,,0,100,,19626,41,,,0
2029,'1861',638,,19632,41,,,0,70,,19640,41,,,0,30,,19651,41,,,0,70,,19646,41,,,0,30,,19633,41,,,0,70,,19641,41,,,0,30,,19652,41,,,0,70,,19647,41,,,0,30,,19634,41,,,0,70,,19642,41,,,0,30,,19653,41,,,0,70,,19648,41,,,0,30,,19635,41,,,0,70,,19643,41,,,0,30,,19654,41,,,0,70,,19649,41,,,0,30,,19636,41,,,0,70,,19644,41,,,0,30,,19655,41,,,0,70,,19650,41,,,0,30,,19637,41,,,0,70,,19645,41,,,0,30,,19656,41,,,0,100,,19638,41,,,0,100,,19657,41,,,0,100,,19639,41,,,0,100,,19658,41,,,0,100,,19631,41,,,0
2029,'1865',541,,35277,26,,,0,67,,35251,41,,,0,30,,35252,41,,,0,70,,35253,41,,,0,30,,35254,41,,,0,70,,35255,41,,,0,30,,35256,41,,,0,70,,35257,41,,,0,30,,35258,41,,,0,70,,35259,41,,,0,30,,35260,41,,,0,70,,35261,41,,,0,30,,35262,41,,,0,70,,35263,41,,,0,30,,35264,41,,,0,70,,35265,41,,,0,30,,35266,41,,,0,70,,35267,41,,,0,30,,35268,41,,,0,70,,35269,41,,,0,30,,35270,41,,,0,70,,35271,41,,,0,30,,35272,41,,,0,70,,35273,41,,,0,30,,35274,41,,,0,70,,35275,41,,,0,30,,35276,41,,,0,70,,35280,41,,,0,30,,35281,41,,,0,100,,35282,41,,,0,100,,35283,41,,,0,100,,35279,41,,,0
2029,'1866',608,,35317,41,0,5 2 15 16 17,0,30,,35300,41,,,0,70,,35307,41,,,0,30,,35286,41,,,0,70,,35292,41,,,0,30,,35301,41,,,0,70,,35308,41,,,0,30,,35287,41,,,0,70,,35293,41,,,0,30,,35302,41,,,0,70,,35309,41,,,0,30,,35288,41,,,0,70,,35294,41,,,0,30,,35303,41,,,0,70,,35310,41,,,0,30,,35289,41,,,0,70,,35295,41,,,0,30,,35304,41,,,0,70,,35311,41,,,0,30,,35290,41,,,0,70,,35296,41,,,0,30,,35305,41,,,0,70,,35312,41,,,0,30,,35291,41,,,0,70,,35297,41,,,0,30,,35306,41,,,0,70,,35313,41,,,0,30,,35298,41,,,0,100,,35314,41,,,0,100,,35299,41,,,0,100,,35315,41,,,0
2029,'1867',638,,35321,41,,,0,70,,35329,41,,,0,30,,35340,41,,,0,70,,35335,41,,,0,30,,35322,41,,,0,70,,35330,41,,,0,30,,35341,41,,,0,70,,35336,41,,,0,30,,35323,41,,,0,70,,35331,41,,,0,30,,35342,41,,,0,70,,35337,41,,,0,30,,35324,41,,,0,70,,35332,41,,,0,30,,35343,41,,,0,70,,35338,41,,,0,30,,35325,41,,,0,70,,35333,41,,,0,30,,35344,41,,,0,70,,35339,41,,,0,30,,35326,41,,,0,70,,35334,41,,,0,30,,35345,41,,,0,100,,35327,41,,,0,100,,35346,41,,,0,100,,35328,41,,,0,100,,35347,41,,,0,100,,35320,41,,,0
14000001029,'1800',546,,42000,25,0,18 7,0,1813,,41998,25,,,0,70,,24949,25,,,0,30,,34783,25,,,0,70,,41999,25,,,0,30,,24948,25,,,0,70,,34781,25,,,0
14000001029,'1838',546,,42007,25,0,18 7,0,1813,,42001,25,,,0,70,,42005,25,,,0,30,,42006,25,,,0,70,,42003,25,,,0,30,,42004,25,,,0,70,,42002,25,,,0
14000001029,'1850',445,,34800,25,0,18 7,0,102,,34801,25,0,18 7,0,1812,,34803,25,,,0,70,,34804,25,,,0,30,,34807,25,,,0,70,,34802,25,,,0,30,,34805,25,,,0,70,,34806,25,,,0
14000001029,'1857',2429,,24920,25,,,0,130,,24921,25,,,0
14000001029,'1859',546,,34793,25,0,18 7,0,1813,,34794,25,,,0,70,,24925,25,,,0,30,,34790,25,,,0,70,,34791,25,,,0,30,,24929,25,,,0,70,,34792,25,,,0
14000001029,'1861',2429,,24935,25,,,0,30,,34798,25,,,0,100,,24934,25,,,0,70,,34796,25,,,0
14000001029,'1863',546,,42010,25,0,18 7,0,1813,,42008,25,,,0,170,,42009,25,,,0
14000001029,'1864',445,,34808,25,0,18 7,0,102,,42011,25,0,18 7,0,1812,,42013,25,,,0,100,,42015,25,,,0,70,,42012,25,,,0,100,,42014,25,,,0
14000001029,'1865',445,,42016,25,0,18 7,0,102,,42017,25,0,18 7,0,1812,,42019,25,,,0,70,,42020,25,,,0,30,,42023,25,,,0,70,,42018,25,,,0,30,,42021,25,,,0,70,,42022,25,,,0
14000001029,'1866',546,,42028,25,0,18 7,0,1813,,42030,25,,,0,70,,42025,25,,,0,30,,42024,25,,,0,70,,42026,25,,,0,30,,42029,25,,,0,70,,42027,25,,,0
14000001029,'1867',546,,42037,25,0,18 7,0,1813,,42031,25,,,0,70,,42035,25,,,0,30,,42036,25,,,0,70,,42033,25,,,0,30,,42034,25,,,0,70,,42032,25,,,0
