15029,'1838',710,,36977,15,,,0,98,,45082,15,,,0,100,,36974,15,,,0,100,,36975,15,,,0,101,,45083,15,,,0,100,,36972,15,,,0,100,,36969,15,,,0,102,,45081,15,,,0,100,,36971,15,,,0,100,,36968,15,,,0,99,,45080,15,,,0,99,,36966,15,,,0,100,,36967,15,,,0,100,,45079,15,,,0
15029,'1865',636,,36995,15,,,0,69,,36996,15,,,0,31,,36997,15,,,0,71,,45086,15,,,0,35,,36999,15,,,0,70,,37000,15,,,0,25,,37001,15,,,0,70,,37002,15,,,0,30,,37003,15,,,0,70,,45087,15,,,0,30,,45088,15,,,0,70,,42575,15,,,0,30,,45089,15,,,0,70,,45090,15,,,0,30,,42576,15,,,0,70,,37010,15,,,0,31,,45091,15,,,0,75,,37012,15,,,0,32,,37013,15,,,0,70,,45092,15,,,0,29,,45093,15,,,0,65,,37016,15,,,0,29,,37017,15,,,0,69,,37018,15,,,0,27,,45094,15,,,0,70,,37020,15,,,0,30,,45095,15,,,0,70,,45096,15,,,0,30,,37023,15,,,0,100,,45098,15,,,0,97,,45097,15,,,0
15029,'1866',715,,37029,15,,,0,93,,37030,15,,,0,100,,45100,15,,,0,100,,37032,15,,,0,101,,37033,15,,,0,100,,45101,15,,,0,100,,37035,15,,,0,103,,37036,15,,,0,100,,45102,15,,,0,100,,37038,15,,,0,98,,37039,15,,,0,99,,45103,15,,,0,100,,37026,15,,,0,100,,37027,15,,,0
15029,'1867',710,,37054,15,,,0,98,,45107,15,,,0,100,,37051,15,,,0,100,,37052,15,,,0,101,,45108,15,,,0,100,,37049,15,,,0,100,,37046,15,,,0,102,,45106,15,,,0,100,,37048,15,,,0,100,,37045,15,,,0,99,,45105,15,,,0,99,,37043,15,,,0,100,,37044,15,,,0,100,,45104,15,,,0
15029,'1873',715,,30423,15,,,0,93,,30424,15,,,0,200,,30426,15,,,0,101,,30427,15,,,0,200,,30429,15,,,0,103,,30430,15,,,0,200,,30432,15,,,0,98,,30433,15,,,0,199,,30420,15,,,0,100,,30421,15,,,0
15029,'1878',710,,30448,15,,,0,198,,30445,15,,,0,100,,30446,15,,,0,201,,30443,15,,,0,100,,30440,15,,,0,202,,30442,15,,,0,100,,30439,15,,,0,198,,30437,15,,,0,100,,30438,15,,,0
15029,'1881',807,,36979,15,,,0,300,,36980,15,,,0,30,,36981,15,,,0,100,,36983,15,,,0,70,,36984,15,,,0,131,,36986,15,,,0,177,,36987,15,,,0,29,,36988,15,,,0,190,,30508,15,,,0,100,,36989,15,,,0,70,,42580,15,,,0,130,,36992,15,,,0,97,,36991,15,,,0
15029,'1882',636,,30484,15,,,0,69,,30485,15,,,0,31,,30486,15,,,0,106,,30488,15,,,0,70,,30489,15,,,0,25,,30490,15,,,0,70,,30491,15,,,0,30,,30492,15,,,0,170,,42578,15,,,0,130,,42579,15,,,0,70,,30499,15,,,0,106,,30501,15,,,0,32,,30502,15,,,0,164,,30505,15,,,0,29,,30506,15,,,0,69,,30507,15,,,0,97,,30509,15,,,0,130,,30512,15,,,0
15029,'1886',807,,45111,15,,,0,300,,45112,15,,,0,30,,45113,15,,,0,100,,45114,15,,,0,70,,45115,15,,,0,131,,45116,15,,,0,177,,45117,15,,,0,29,,45118,15,,,0,190,,45119,15,,,0,100,,45120,15,,,0,70,,45121,15,,,0,130,,45123,15,,,0,97,,45122,15,,,0
15029,'1887',908,,45125,15,,,0,301,,45126,15,,,0,303,,45127,15,,,0,297,,45128,15,,,0
15029,'1888',808,,45132,15,,,0,301,,45133,15,,,0,302,,45131,15,,,0,299,,45130,15,,,0,299,,45129,15,,,0
