15029,'1838',712,,36977,18,,,0,98,,45082,18,,,0,100,,36974,18,,,0,100,,36975,18,,,0,101,,45083,18,,,0,100,,36972,18,,,0,100,,36969,18,,,0,102,,45081,18,,,0,100,,36971,18,,,0,100,,36968,18,,,0,99,,45080,18,,,0,99,,36966,18,,,0,100,,36967,18,,,0,100,,45079,18,,,0
15029,'1865',638,,36995,18,,,0,69,,36996,18,,,0,32,,36997,18,,,0,71,,45086,18,,,0,34,,36999,18,,,0,70,,37000,18,,,0,25,,37001,18,,,0,70,,37002,18,,,0,30,,37003,18,,,0,70,,45087,18,,,0,30,,45088,18,,,0,70,,42575,18,,,0,30,,45089,18,,,0,70,,45090,18,,,0,30,,42576,18,,,0,70,,37010,18,,,0,31,,45091,18,,,0,75,,37012,18,,,0,32,,37013,18,,,0,70,,45092,18,,,0,29,,45093,18,,,0,65,,37016,18,,,0,29,,37017,18,,,0,69,,37018,18,,,0,27,,45094,18,,,0,70,,37020,18,,,0,30,,45095,18,,,0,70,,45096,18,,,0,30,,37023,18,,,0,100,,45098,18,,,0,97,,45097,18,,,0
15029,'1866',717,,37029,18,,,0,93,,37030,18,,,0,100,,45100,18,,,0,100,,37032,18,,,0,101,,37033,18,,,0,100,,45101,18,,,0,100,,37035,18,,,0,103,,37036,18,,,0,100,,45102,18,,,0,100,,37038,18,,,0,98,,37039,18,,,0,99,,45103,18,,,0,100,,37026,18,,,0,100,,37027,18,,,0
15029,'1867',712,,37054,18,,,0,98,,45107,18,,,0,100,,37051,18,,,0,100,,37052,18,,,0,101,,45108,18,,,0,100,,37049,18,,,0,100,,37046,18,,,0,102,,45106,18,,,0,100,,37048,18,,,0,100,,37045,18,,,0,99,,45105,18,,,0,99,,37043,18,,,0,100,,37044,18,,,0,100,,45104,18,,,0
15029,'1873',717,,30423,18,,,0,93,,30424,18,,,0,200,,30426,18,,,0,101,,30427,18,,,0,200,,30429,18,,,0,103,,30430,18,,,0,200,,30432,18,,,0,98,,30433,18,,,0,199,,30420,18,,,0,100,,30421,18,,,0
15029,'1878',712,,30448,18,,,0,198,,30445,18,,,0,100,,30446,18,,,0,201,,30443,18,,,0,100,,30440,18,,,0,202,,30442,18,,,0,100,,30439,18,,,0,198,,30437,18,,,0,100,,30438,18,,,0
15029,'1881',810,,36979,18,,,0,299,,36980,18,,,0,30,,36981,18,,,0,100,,36983,18,,,0,70,,36984,18,,,0,131,,36986,18,,,0,177,,36987,18,,,0,29,,36988,18,,,0,190,,30508,18,,,0,100,,36989,18,,,0,70,,42580,18,,,0,130,,36992,18,,,0,97,,36991,18,,,0
15029,'1882',638,,30484,18,,,0,69,,30485,18,,,0,32,,30486,18,,,0,105,,30488,18,,,0,70,,30489,18,,,0,25,,30490,18,,,0,70,,30491,18,,,0,30,,30492,18,,,0,170,,42578,18,,,0,130,,42579,18,,,0,70,,30499,18,,,0,106,,30501,18,,,0,32,,30502,18,,,0,164,,30505,18,,,0,29,,30506,18,,,0,69,,30507,18,,,0,97,,30509,18,,,0,130,,30512,18,,,0
15029,'1886',810,,45111,18,,,0,299,,45112,18,,,0,30,,45113,18,,,0,100,,45114,18,,,0,70,,45115,18,,,0,131,,45116,18,,,0,177,,45117,18,,,0,29,,45118,18,,,0,190,,45119,18,,,0,100,,45120,18,,,0,70,,45121,18,,,0,130,,45123,18,,,0,97,,45122,18,,,0
15029,'1887',910,,45125,18,,,0,301,,45126,18,,,0,303,,45127,18,,,0,297,,45128,18,,,0
15029,'1888',810,,45132,18,,,0,301,,45133,18,,,0,302,,45131,18,,,0,299,,45130,18,,,0,299,,45129,18,,,0
