4029,'1809',722,,13938,6,,,0,30,,13940,6,,,0,70,,13936,6,,,0,30,,13939,6,,,0,70,,13937,6,,,0,30,,13929,6,,,0,69,,13932,6,,,0,30,,13917,6,,,0,70,,13922,6,,,0,30,,13925,6,,,0,68,,13928,6,,,0,30,,13930,6,,,0,70,,13918,6,,,0,30,,13921,6,,,0,70,,13924,6,,,0,30,,13927,6,,,0,70,,13931,6,,,0,30,,13919,6,,,0,70,,13920,6,,,0,30,,13923,6,,,0,70,,13926,6,,,0,30,,13944,6,,,0,70,,13943,6,,,0,34,,13945,6,,,0,70,,13942,6,,,0,30,,13935,6,,,0,70,,13941,6,,,0,30,,13933,6,,,0,100,,13934,6,,,0
4029,'1813',624,,9696,6,,,0,28,,9697,6,,,0,70,,9698,6,,,0,30,,9699,6,,,0,70,,9700,6,,,0,30,,9701,6,,,0,70,,9702,6,,,0,30,,9689,6,,,0,70,,9683,6,,,0,29,,9676,6,,,0,70,,9687,6,,,0,28,,9693,6,,,0,70,,9688,6,,,0,30,,9675,6,,,0,70,,9680,6,,,0,30,,9691,6,,,0,70,,9674,6,,,0,30,,9690,6,,,0,70,,9685,6,,,0,30,,9677,6,,,0,70,,9672,6,,,0,30,,9692,6,,,0,70,,9695,6,,,0,30,,9686,6,,,0,70,,9681,6,,,0,30,,9703,6,,,0,75,,9678,6,,,0,30,,9673,6,,,0,69,,9679,6,,,0,30,,9684,6,,,0,70,,9694,6,,,0,30,,9682,6,,,0
4029,'1814',722,,9628,6,,,0,30,,9630,6,,,0,70,,9626,6,,,0,30,,9629,6,,,0,70,,9627,6,,,0,30,,9619,6,,,0,69,,9622,6,,,0,30,,9607,6,,,0,70,,9612,6,,,0,30,,9615,6,,,0,68,,9618,6,,,0,30,,9620,6,,,0,70,,9608,6,,,0,30,,9611,6,,,0,70,,9614,6,,,0,30,,9617,6,,,0,70,,9621,6,,,0,30,,9609,6,,,0,70,,9610,6,,,0,30,,9613,6,,,0,70,,9616,6,,,0,30,,9634,6,,,0,70,,9633,6,,,0,34,,9635,6,,,0,70,,9632,6,,,0,30,,9625,6,,,0,70,,9631,6,,,0,30,,9623,6,,,0,100,,9624,6,,,0
4029,'1815',622,,13946,6,,,0,30,,13947,6,,,0,72,,13948,6,,,0,24,,13949,6,,,0,76,,13950,6,,,0,24,,13951,6,,,0,71,,13952,6,,,0,30,,13953,6,,,0,70,,13954,6,,,0,30,,13955,6,,,0,70,,13956,6,,,0,31,,13957,6,,,0,70,,13958,6,,,0,30,,13959,6,,,0,70,,13960,6,,,0,30,,13961,6,,,0,70,,13962,6,,,0,35,,13963,6,,,0,65,,13964,6,,,0,36,,13965,6,,,0,64,,13966,6,,,0,36,,13967,6,,,0,64,,13968,6,,,0,36,,13969,6,,,0,67,,13970,6,,,0,31,,13971,6,,,0,70,,13972,6,,,0,30,,13973,6,,,0,69,,13974,6,,,0,30,,13975,6,,,0,70,,13976,6,,,0,30,,13977,6,,,0
4029,'1816',624,,14002,6,,,0,28,,14003,6,,,0,70,,14004,6,,,0,30,,14005,6,,,0,70,,14006,6,,,0,30,,14007,6,,,0,70,,14008,6,,,0,30,,13995,6,,,0,70,,13989,6,,,0,29,,13982,6,,,0,70,,13993,6,,,0,28,,13999,6,,,0,70,,13994,6,,,0,30,,13981,6,,,0,70,,13986,6,,,0,30,,13997,6,,,0,70,,13980,6,,,0,30,,13996,6,,,0,70,,13991,6,,,0,30,,13983,6,,,0,70,,13978,6,,,0,30,,13998,6,,,0,70,,14001,6,,,0,30,,13992,6,,,0,70,,13987,6,,,0,30,,14009,6,,,0,75,,13984,6,,,0,30,,13979,6,,,0,69,,13985,6,,,0,30,,13990,6,,,0,70,,14000,6,,,0,30,,13988,6,,,0
4029,'1817',722,,14031,6,,,0,30,,14033,6,,,0,70,,14029,6,,,0,30,,14032,6,,,0,70,,14030,6,,,0,30,,14022,6,,,0,69,,14025,6,,,0,30,,14010,6,,,0,70,,14015,6,,,0,30,,14018,6,,,0,68,,14021,6,,,0,30,,14023,6,,,0,70,,14011,6,,,0,30,,14014,6,,,0,70,,14017,6,,,0,30,,14020,6,,,0,70,,14024,6,,,0,30,,14012,6,,,0,70,,14013,6,,,0,30,,14016,6,,,0,70,,14019,6,,,0,30,,14037,6,,,0,70,,14036,6,,,0,34,,14038,6,,,0,70,,14035,6,,,0,30,,14028,6,,,0,70,,14034,6,,,0,30,,14026,6,,,0,100,,14027,6,,,0
14000001019,'1790',2500,,9278,8,,,0
14000001019,'1791',2500,,9270,8,,,0
14000001019,'1794',2500,,13721,8,,,0
14000001019,'1808',2500,,9276,8,,,0
14000001019,'1809',2400,,16501,8,,,0,30,,16500,8,,,0,100,,16502,8,,,0,70,,16499,8,,,0
14000001019,'1813',2400,,13735,8,,,0,30,,13732,8,,,0,100,,13734,8,,,0,70,,13733,8,,,0
14000001019,'1814',2400,,13724,8,,,0,30,,13723,8,,,0,100,,13725,8,,,0,70,,13722,8,,,0
14000001019,'1815',2400,,16506,8,,,0,30,,16504,8,,,0,100,,16505,8,,,0,70,,16503,8,,,0
14000001019,'1816',2400,,16510,8,,,0,30,,16507,8,,,0,100,,16509,8,,,0,70,,16508,8,,,0
14000001019,'1817',2400,,16513,8,,,0,30,,16512,8,,,0,100,,16514,8,,,0,70,,16511,8,,,0
