2029,'1838',648,,35220,53,,,0,70,,35228,53,,,0,30,,35239,53,,,0,70,,35234,53,,,0,30,,35221,53,,,0,70,,35229,53,,,0,30,,35240,53,,,0,70,,35235,53,,,0,30,,35222,53,,,0,70,,35230,53,,,0,30,,35241,53,,,0,70,,35236,53,,,0,30,,35223,53,,,0,70,,35231,53,,,0,30,,35242,53,,,0,70,,35237,53,,,0,30,,35224,53,,,0,70,,35232,53,,,0,30,,35243,53,,,0,70,,35238,53,,,0,30,,35225,53,,,0,70,,35233,53,,,0,30,,35244,53,,,0,100,,35226,53,,,0,100,,35245,53,,,0,100,,35227,53,,,0,100,,35246,53,,,0,100,,35219,53,,,0
2029,'1865',550,,35277,38,,,0,67,,35251,53,,,0,31,,35252,53,,,0,70,,35253,53,,,0,30,,35254,53,,,0,70,,35255,53,,,0,30,,35256,53,,,0,70,,35257,53,,,0,30,,35258,53,,,0,70,,35259,53,,,0,30,,35260,53,,,0,70,,35261,53,,,0,30,,35262,53,,,0,70,,35263,53,,,0,30,,35264,53,,,0,70,,35265,53,,,0,30,,35266,53,,,0,70,,35267,53,,,0,30,,35268,53,,,0,70,,35269,53,,,0,30,,35270,53,,,0,70,,35271,53,,,0,30,,35272,53,,,0,70,,35273,53,,,0,31,,35274,53,,,0,69,,35275,53,,,0,30,,35276,53,,,0,70,,35280,53,,,0,30,,35281,53,,,0,100,,35282,53,,,0,100,,35283,53,,,0,100,,35279,53,,,0
2029,'1866',648,,35300,53,,,0,70,,35307,53,,,0,30,,35286,53,,,0,70,,35292,53,,,0,30,,35301,53,,,0,70,,35308,53,,,0,30,,35287,53,,,0,70,,35293,53,,,0,30,,35302,53,,,0,70,,35309,53,,,0,30,,35288,53,,,0,70,,35294,53,,,0,30,,35303,53,,,0,70,,35310,53,,,0,30,,35289,53,,,0,70,,35295,53,,,0,30,,35304,53,,,0,70,,35311,53,,,0,30,,35290,53,,,0,70,,35296,53,,,0,30,,35305,53,,,0,70,,35312,53,,,0,30,,35291,53,,,0,70,,35297,53,,,0,30,,35306,53,,,0,70,,35313,53,,,0,30,,35298,53,,,0,100,,35314,53,,,0,100,,35299,53,,,0,99,,35315,53,,,0
2029,'1867',648,,35321,53,,,0,70,,35329,53,,,0,30,,35340,53,,,0,70,,35335,53,,,0,30,,35322,53,,,0,70,,35330,53,,,0,30,,35341,53,,,0,70,,35336,53,,,0,30,,35323,53,,,0,70,,35331,53,,,0,30,,35342,53,,,0,70,,35337,53,,,0,30,,35324,53,,,0,70,,35332,53,,,0,30,,35343,53,,,0,70,,35338,53,,,0,30,,35325,53,,,0,70,,35333,53,,,0,30,,35344,53,,,0,70,,35339,53,,,0,30,,35326,53,,,0,70,,35334,53,,,0,30,,35345,53,,,0,100,,35327,53,,,0,100,,35346,53,,,0,100,,35328,53,,,0,100,,35347,53,,,0,100,,35320,53,,,0
2029,'1873',648,,19611,53,,,0,70,,19618,53,,,0,30,,19597,53,,,0,70,,19603,53,,,0,30,,19612,53,,,0,70,,19619,53,,,0,30,,19598,53,,,0,70,,19604,53,,,0,30,,19613,53,,,0,70,,19620,53,,,0,30,,19599,53,,,0,70,,19605,53,,,0,30,,19614,53,,,0,70,,19621,53,,,0,30,,19600,53,,,0,70,,19606,53,,,0,30,,19615,53,,,0,70,,19622,53,,,0,30,,19601,53,,,0,70,,19607,53,,,0,30,,19616,53,,,0,70,,19623,53,,,0,30,,19602,53,,,0,70,,19608,53,,,0,30,,19617,53,,,0,70,,19624,53,,,0,30,,19609,53,,,0,100,,19625,53,,,0,100,,19610,53,,,0,99,,19626,53,,,0
2029,'1878',648,,19632,53,,,0,70,,19640,53,,,0,30,,19651,53,,,0,70,,19646,53,,,0,30,,19633,53,,,0,70,,19641,53,,,0,30,,19652,53,,,0,70,,19647,53,,,0,30,,19634,53,,,0,70,,19642,53,,,0,30,,19653,53,,,0,70,,19648,53,,,0,30,,19635,53,,,0,70,,19643,53,,,0,30,,19654,53,,,0,70,,19649,53,,,0,30,,19636,53,,,0,70,,19644,53,,,0,30,,19655,53,,,0,70,,19650,53,,,0,30,,19637,53,,,0,70,,19645,53,,,0,30,,19656,53,,,0,100,,19638,53,,,0,100,,19657,53,,,0,100,,19639,53,,,0,100,,19658,53,,,0,100,,19631,53,,,0
2029,'1882',550,,19588,38,,,0,67,,19562,53,,,0,31,,19563,53,,,0,70,,19564,53,,,0,30,,19565,53,,,0,70,,19566,53,,,0,30,,19567,53,,,0,70,,19568,53,,,0,30,,19569,53,,,0,70,,19570,53,,,0,30,,19571,53,,,0,70,,19572,53,,,0,30,,19573,53,,,0,70,,19574,53,,,0,30,,19575,53,,,0,70,,19576,53,,,0,30,,19577,53,,,0,70,,19578,53,,,0,30,,19579,53,,,0,70,,19580,53,,,0,30,,19581,53,,,0,70,,19582,53,,,0,30,,19583,53,,,0,70,,19584,53,,,0,31,,19585,53,,,0,69,,19586,53,,,0,30,,19587,53,,,0,70,,19591,53,,,0,30,,19592,53,,,0,100,,19593,53,,,0,100,,19594,53,,,0,100,,19590,53,,,0
31019,'1838',632,,38194,4,,,0,100,,38195,4,,,0,100,,38196,4,,,0,100,,38197,4,,,0,100,,38198,4,,,0,100,,38199,4,,,0,100,,38200,4,,,0,100,,38201,4,,,0,100,,38202,4,,,0,100,,38203,4,,,0,100,,38204,4,,,0,100,,38205,4,,,0,100,,38206,4,,,0,100,,38207,4,,,0,100,,38208,4,,,0,100,,38209,4,,,0,100,,38210,4,,,0,95,,38212,4,0,5 2 8 7,0
31019,'1865',632,,43369,4,,,0,70,,45591,4,,,0,30,,43397,4,,,0,71,,43380,4,,,0,30,,43377,4,,,0,69,,43391,4,,,0,30,,43372,4,,,0,70,,45592,4,,,0,30,,43396,4,,,0,70,,43383,4,,,0,30,,45590,4,,,0,70,,43390,4,,,0,30,,43371,4,,,0,70,,45593,4,,,0,30,,43395,4,,,0,70,,43381,4,,,0,30,,43375,4,,,0,71,,43389,4,,,0,30,,43373,4,,,0,70,,45594,4,,,0,30,,43394,4,,,0,70,,43382,4,,,0,30,,43376,4,,,0,69,,43388,4,,,0,30,,43370,4,,,0,70,,45596,4,,,0,30,,43393,4,,,0,70,,43400,4,0,5 2 8 7,0,30,,43379,4,,,0,70,,43401,4,0,5 2 8 7,0,30,,43374,4,,,0,70,,43403,4,0,5 2 8 7,0,30,,43392,4,,,0,70,,43402,4,0,5 2 8 7,0,25,,43398,4,0,5 2 8 7,0
31019,'1866',632,,38292,4,,,0,70,,38308,4,,,0,30,,38321,4,,,0,70,,38304,4,,,0,30,,38298,4,,,0,70,,38314,4,,,0,30,,38291,4,,,0,70,,38307,4,,,0,30,,38316,4,,,0,70,,38303,4,,,0,30,,38297,4,,,0,70,,38313,4,,,0,30,,38290,4,,,0,70,,38306,4,,,0,30,,38319,4,,,0,70,,38302,4,,,0,30,,38296,4,,,0,70,,38312,4,,,0,30,,38289,4,,,0,70,,38305,4,,,0,30,,38318,4,,,0,70,,38301,4,,,0,30,,38295,4,,,0,70,,38311,4,,,0,30,,38288,4,,,0,70,,38323,4,,,0,30,,38317,4,,,0,70,,38300,4,0,5 2 8 7,0,30,,38294,4,,,0,70,,38310,4,0,5 2 8 7,0,30,,38287,4,,,0,70,,38299,4,0,5 2 8 7,0,30,,38320,4,,,0,70,,38309,4,0,5 2 8 7,0,25,,38293,4,0,5 2 8 7,0
31019,'1867',632,,38324,4,,,0,100,,38325,4,,,0,100,,38326,4,,,0,100,,38327,4,,,0,100,,38328,4,,,0,100,,38329,4,,,0,100,,38330,4,,,0,100,,38331,4,,,0,100,,38332,4,,,0,100,,38333,4,,,0,100,,38334,4,,,0,100,,38335,4,,,0,100,,38336,4,,,0,100,,38337,4,,,0,100,,38338,4,,,0,100,,38339,4,,,0,100,,38340,4,,,0,95,,38342,4,0,5 2 8 7,0
31019,'1873',632,,31457,4,,,0,70,,31473,4,,,0,30,,31486,4,,,0,70,,31469,4,,,0,30,,31463,4,,,0,70,,31479,4,,,0,30,,31456,4,,,0,70,,31472,4,,,0,30,,31481,4,,,0,70,,31468,4,,,0,30,,31462,4,,,0,70,,31478,4,,,0,30,,31455,4,,,0,70,,31471,4,,,0,30,,31484,4,,,0,70,,31467,4,,,0,30,,31461,4,,,0,70,,31477,4,,,0,30,,31454,4,,,0,70,,31470,4,,,0,30,,31483,4,,,0,70,,31466,4,,,0,30,,31460,4,,,0,70,,31476,4,,,0,30,,31453,4,,,0,70,,31488,4,,,0,30,,31482,4,,,0,70,,31465,4,0,5 2 8 7,0,30,,31459,4,,,0,70,,31475,4,0,5 2 8 7,0,30,,31452,4,,,0,70,,31464,4,0,5 2 8 7,0,30,,31485,4,,,0,70,,31474,4,0,5 2 8 7,0,25,,31458,4,0,5 2 8 7,0
31019,'1878',632,,31489,4,,,0,100,,31490,4,,,0,100,,31491,4,,,0,100,,31492,4,,,0,100,,31493,4,,,0,100,,31494,4,,,0,100,,31495,4,,,0,100,,31496,4,,,0,100,,31497,4,,,0,100,,31498,4,,,0,100,,31499,4,,,0,100,,31500,4,,,0,100,,31501,4,,,0,100,,31502,4,,,0,100,,31503,4,,,0,100,,31504,4,,,0,100,,31505,4,,,0,95,,31507,4,0,5 2 8 7,0
31019,'1881',702,,43421,4,,,0,300,,43422,4,,,0,130,,43415,4,,,0,170,,43423,4,,,0,301,,43424,4,,,0,299,,43442,4,,,0
31019,'1882',632,,43406,4,,,0,100,,43434,4,,,0,71,,43417,4,,,0,30,,43414,4,,,0,69,,43428,4,,,0,30,,43409,4,,,0,100,,43433,4,,,0,70,,43420,4,,,0,100,,43427,4,,,0,30,,43408,4,,,0,100,,43432,4,,,0,70,,43418,4,,,0,30,,43412,4,,,0,71,,43426,4,,,0,30,,43410,4,,,0,100,,43431,4,,,0,70,,43419,4,,,0,30,,43413,4,,,0,69,,43425,4,,,0,30,,43407,4,,,0,100,,43430,4,,,0,70,,43437,4,0,5 2 8 7,0,30,,43416,4,,,0,70,,43438,4,0,5 2 8 7,0,30,,43411,4,,,0,70,,43440,4,0,5 2 8 7,0,30,,43429,4,,,0,70,,43439,4,0,5 2 8 7,0,25,,43435,4,0,5 2 8 7,0
31019,'1886',702,,45598,4,,,0,300,,45599,4,,,0,130,,45597,4,,,0,170,,45600,4,,,0,301,,45601,4,,,0,299,,45603,4,,,0
14000001029,'1838',553,,48495,37,0,18 7,0,1855,,48491,37,,,0,30,,42005,37,,,0,70,,48494,37,,,0,30,,48493,37,,,0,70,,42004,37,,,0,30,,48492,37,,,0
14000001029,'1865',454,,42016,37,0,18 7,0,102,,48496,37,0,18 7,0,1852,,48498,37,,,0,30,,42020,37,,,0,70,,48500,37,,,0,30,,48497,37,,,0,70,,42021,37,,,0,30,,48499,37,,,0
14000001029,'1866',553,,42028,37,0,18 7,0,1855,,48504,37,,,0,30,,42025,37,,,0,70,,48501,37,,,0,30,,48502,37,,,0,70,,42029,37,,,0,30,,48503,37,,,0
14000001029,'1867',553,,48509,37,0,18 7,0,1855,,48505,37,,,0,30,,42035,37,,,0,70,,48508,37,,,0,30,,48507,37,,,0,70,,42034,37,,,0,30,,48506,37,,,0
14000001029,'1873',553,,34793,37,0,18 7,0,1885,,24925,37,,,0,170,,24929,37,,,0
14000001029,'1878',2438,,24935,37,,,0,170,,24934,37,,,0
14000001029,'1881',556,,43968,37,0,18 7,0,1852,,43970,37,,,0,100,,42015,37,,,0,30,,43969,37,,,0,100,,42014,37,,,0
14000001029,'1882',454,,34808,37,0,18 7,0,1984,,24920,37,,,0,170,,24921,37,,,0
14000001029,'1886',556,,48510,37,0,18 7,0,1852,,48512,37,,,0,100,,48514,37,,,0,30,,48511,37,,,0,100,,48513,37,,,0
14000001029,'1887',2408,,48518,37,,,0,100,,48515,37,,,0,30,,48516,37,,,0,100,,48517,37,,,0
14000001029,'1888',553,,48523,37,0,18 7,0,1855,,48519,37,,,0,100,,48522,37,,,0,30,,48521,37,,,0,100,,48520,37,,,0
