16019,'1799',1008,,21266,27,,,0,701,,21255,27,,,0,398,,21258,27,,,0
16019,'1800',806,,25891,27,,,0,102,,25893,27,,,0,100,,21281,27,,,0,100,,25901,27,,,0,100,,25892,27,,,0,101,,25894,27,,,0,100,,25895,27,,,0,101,,25898,27,,,0,100,,25897,27,,,0,99,,21270,27,,,0,99,,25899,27,,,0,100,,25900,27,,,0,99,,25896,27,,,0,100,,21273,27,,,0,100,,25902,27,,,0
16019,'1829',640,,21176,27,,,0,70,,21177,27,,,0,30,,21178,27,,,0,70,,21179,27,,,0,30,,21180,27,,,0,70,,21181,27,,,0,30,,21182,27,,,0,100,,21184,27,,,0,70,,21185,27,,,0,130,,21188,27,,,0,70,,21189,27,,,0,30,,21190,27,,,0,70,,21191,27,,,0,32,,21192,27,,,0,70,,21193,27,,,0,28,,21194,27,,,0,70,,21195,27,,,0,30,,21196,27,,,0,270,,21201,27,,,0,30,,21202,27,,,0,168,,21205,27,,,0,129,,21175,27,,,0
16019,'1831',636,,21229,27,,,0,70,,21225,27,,,0,30,,21233,27,,,0,70,,21217,27,,,0,31,,21231,27,,,0,71,,21212,27,,,0,30,,21210,27,,,0,70,,21207,27,,,0,30,,21218,27,,,0,70,,21228,27,,,0,30,,21222,27,,,0,70,,21230,27,,,0,31,,21214,27,,,0,70,,21232,27,,,0,30,,21209,27,,,0,70,,21220,27,,,0,31,,21219,27,,,0,70,,21223,27,,,0,30,,21224,27,,,0,70,,21208,27,,,0,29,,21216,27,,,0,70,,21226,27,,,0,29,,21211,27,,,0,70,,21215,27,,,0,30,,21221,27,,,0,70,,21235,27,,,0,30,,21227,27,,,0,69,,21234,27,,,0,30,,21213,27,,,0,70,,21237,27,,,0,100,,21236,27,,,0,30,,21206,27,,,0
16019,'1832',806,,21238,27,,,0,102,,21241,27,,,0,200,,21250,27,,,0,100,,21239,27,,,0,101,,21242,27,,,0,100,,21244,27,,,0,101,,21247,27,,,0,100,,21246,27,,,0,198,,21248,27,,,0,100,,21249,27,,,0,99,,21245,27,,,0,200,,21252,27,,,0
16019,'1833',1008,,21251,27,,,0,701,,21240,27,,,0,398,,21243,27,,,0
16019,'1834',806,,21253,27,,,0,102,,21256,27,,,0,200,,21265,27,,,0,100,,21254,27,,,0,101,,21257,27,,,0,100,,21259,27,,,0,101,,21262,27,,,0,100,,21261,27,,,0,198,,21263,27,,,0,100,,21264,27,,,0,99,,21260,27,,,0,200,,21267,27,,,0
16019,'1835',1010,,25905,27,,,0,130,,25906,27,,,0,70,,25907,27,,,0,500,,25908,27,,,0,30,,25909,27,,,0,70,,25910,27,,,0,30,,25911,27,,,0,168,,25912,27,,,0,30,,25913,27,,,0,99,,25903,27,,,0,70,,25904,27,,,0
16019,'1837',806,,25914,27,,,0,102,,25916,27,,,0,200,,25924,27,,,0,100,,25915,27,,,0,101,,25917,27,,,0,100,,25918,27,,,0,101,,25921,27,,,0,100,,25920,27,,,0,198,,25922,27,,,0,100,,25923,27,,,0,99,,25919,27,,,0,200,,25925,27,,,0
16019,'1838',806,,25926,27,,,0,102,,25928,27,,,0,200,,25936,27,,,0,100,,25927,27,,,0,101,,25929,27,,,0,100,,25930,27,,,0,101,,25933,27,,,0,100,,25932,27,,,0,198,,25934,27,,,0,100,,25935,27,,,0,99,,25931,27,,,0,200,,25937,27,,,0
