22019,'1816',844,,11336,7,,,0,72,,11243,7,,,0,30,,11244,7,,,0,70,,11337,7,,,0,30,,11245,7,,,0,70,,11246,7,,,0,30,,11338,7,,,0,70,,11247,7,,,0,31,,11248,7,,,0,70,,11339,7,,,0,30,,11249,7,,,0,70,,11250,7,,,0,31,,11340,7,,,0,70,,11251,7,,,0,30,,11252,7,,,0,70,,11341,7,,,0,29,,11253,7,,,0,70,,11254,7,,,0
22019,'1817',841,,17728,7,,,0,100,,17729,7,,,0,100,,17722,7,,,0,100,,17727,7,,,0,100,,17723,7,,,0,100,,17724,7,,,0,100,,17721,7,,,0,100,,17725,7,,,0,100,,17726,7,,,0
22019,'1820',820,,11308,7,,,0,30,,11309,7,,,0,69,,14931,7,,,0,30,,14932,7,,,0,70,,11312,7,,,0,30,,11313,7,,,0,70,,14933,7,,,0,30,,14934,7,,,0,70,,11316,7,,,0,30,,14935,7,,,0,71,,11318,7,,,0,30,,14936,7,,,0,70,,14937,7,,,0,32,,11321,7,,,0,70,,11322,7,,,0,28,,11334,7,,,0,70,,14938,7,,,0,30,,14939,7,,,0,69,,14940,7,,,0,30,,14941,7,,,0,69,,11327,7,,,0,30,,11264,7,,,0,70,,14942,7,,,0,29,,14943,7,,,0,68,,11330,7,,,0
22019,'1821',750,,11307,7,,,0,1295,,11331,7,,,0
22019,'1823',820,,17735,7,,,0,30,,17736,7,,,0,69,,17737,7,,,0,30,,17738,7,,,0,70,,17739,7,,,0,30,,17740,7,,,0,70,,17741,7,,,0,30,,17742,7,,,0,70,,17743,7,,,0,30,,17744,7,,,0,71,,17745,7,,,0,30,,17746,7,,,0,70,,17747,7,,,0,32,,17748,7,,,0,70,,17749,7,,,0,28,,17761,7,,,0,70,,17750,7,,,0,30,,17751,7,,,0,69,,17752,7,,,0,30,,17753,7,,,0,69,,17754,7,,,0,30,,17755,7,,,0,70,,17756,7,,,0,29,,17757,7,,,0,68,,17758,7,,,0
801019,'1816',818,,13476,4,0,12,0,30,,13477,4,0,12,0,100,,13462,4,0,12,0,70,,13461,4,0,12,0,100,,13466,4,0,12,0,30,,13471,4,0,12,0,100,,13469,4,0,12,0,70,,13468,4,0,12,0,100,,13465,4,0,12,0,30,,13474,4,0,12,0,100,,13455,4,0,12,0,70,,13456,4,0,12,0,100,,13460,4,0,12,0,30,,13473,4,0,12,0,100,,13464,4,0,12,0,71,,13478,4,0,12,0,100,,13480,4,0,12,0
801019,'1817',748,,13407,4,0,12,0,70,,19002,4,0,12,0,30,,13411,4,0,12,0,70,,13400,4,0,12,0,30,,19001,4,0,12,0,70,,13405,4,0,12,0,30,,13418,4,0,12,0,70,,13409,4,0,12,0,30,,13406,4,0,12,0,70,,13415,4,0,12,0,30,,13401,4,0,12,0,70,,13412,4,0,12,0,30,,13414,4,0,12,0,70,,13410,4,0,12,0,30,,13397,4,0,12,0,70,,13416,4,0,12,0,30,,13402,4,0,12,0,70,,13398,4,0,12,0,30,,13413,4,0,12,0,70,,13396,4,0,12,0,30,,13399,4,0,12,0,70,,13417,4,0,12,0,30,,13394,4,0,12,0,71,,13404,4,0,12,0,30,,13419,4,0,12,0,70,,13408,4,0,12,0
801019,'1820',624,,16362,4,0,12,0,20,,16359,4,0,12,0,65,,16356,4,0,12,0,15,,16358,4,0,12,0,19,,16355,4,0,12,0,60,,16357,4,0,12,0,20,,16363,4,0,12,0,96,,16338,4,0,12,0,30,,16339,4,0,12,0,100,,16340,4,0,12,0,70,,16341,4,0,12,0,30,,16342,4,0,12,0,70,,16343,4,0,12,0,30,,16344,4,0,12,0,70,,16345,4,0,12,0,30,,16346,4,0,12,0,70,,16347,4,0,12,0,30,,16360,4,0,12,0,70,,16364,4,0,12,0,25,,16348,4,0,12,0,60,,16349,4,0,12,0,120,,16365,4,0,12,0,20,,16350,4,0,12,0,60,,16361,4,0,12,0,45,,16351,4,0,12,0,70,,16352,4,0,12,0,30,,16353,4,0,12,0,70,,16354,4,0,12,0
801019,'1821',554,,13442,4,0,12,0,294,,13420,4,0,12,0,171,,13423,4,0,12,0,605,,13453,4,0,12,0,20,,13434,4,0,12,0,60,,13435,4,0,12,0,120,,13448,4,0,12,0
801019,'1823',624,,19027,4,0,12,0,20,,19024,4,0,12,0,65,,19021,4,0,12,0,15,,19023,4,0,12,0,19,,19020,4,0,12,0,60,,19022,4,0,12,0,20,,19028,4,0,12,0,96,,19003,4,0,12,0,30,,19004,4,0,12,0,100,,19005,4,0,12,0,70,,19006,4,0,12,0,30,,19007,4,0,12,0,70,,19008,4,0,12,0,30,,19009,4,0,12,0,70,,19010,4,0,12,0,30,,19011,4,0,12,0,70,,19012,4,0,12,0,30,,19025,4,0,12,0,70,,19029,4,0,12,0,25,,19013,4,0,12,0,60,,19014,4,0,12,0,120,,19030,4,0,12,0,20,,19015,4,0,12,0,60,,19026,4,0,12,0,45,,19016,4,0,12,0,70,,19017,4,0,12,0,30,,19018,4,0,12,0,70,,19019,4,0,12,0
801019,'1824',748,,19038,4,0,12,0,170,,19034,4,0,12,0,130,,19037,4,0,12,0,170,,19036,4,0,12,0,130,,19031,4,0,12,0,170,,19033,4,0,12,0,130,,19032,4,0,12,0,170,,19035,4,0,12,0,131,,19039,4,0,12,0
