12029,'1796',647,,20803,4,,,0,70,,20804,4,,,0,30,,20805,4,,,0,70,,20806,4,,,0,30,,20807,4,,,0,602,,20808,4,,,0,70,,20809,4,,,0,30,,20810,4,,,0,70,,20811,4,,,0,30,,20812,4,,,0,70,,20813,4,,,0,30,,20814,4,,,0,70,,20815,4,,,0
60029,'1798',614,,22244,2,,,0,24,,22237,2,,,0,70,,22245,2,,,0,30,,22239,2,,,0,70,,22246,2,,,0,30,,22238,2,,,0,70,,22247,2,,,0,30,,22241,2,,,0,69,,22248,2,,,0,30,,22258,2,,,0,70,,22249,2,,,0,30,,22260,2,,,0,70,,22250,2,,,0,30,,22240,2,,,0,70,,22251,2,,,0,30,,22257,2,,,0,70,,22252,2,,,0,30,,22261,2,,,0,70,,22263,2,,,0,30,,22256,2,,,0,70,,22262,2,,,0,30,,22259,2,,,0,70,,22265,2,,,0,30,,22255,2,,,0,70,,22266,2,,,0,30,,22253,2,,,0,70,,22264,2,,,0,30,,22242,2,,,0,71,,22267,2,,,0,29,,22236,2,,,0,71,,22243,2,,,0,30,,22254,2,,,0
60029,'1800',614,,22276,2,,,0,24,,22269,2,,,0,70,,22277,2,,,0,30,,22271,2,,,0,70,,22278,2,,,0,30,,22270,2,,,0,70,,22279,2,,,0,30,,22273,2,,,0,69,,22280,2,,,0,30,,22290,2,,,0,70,,22281,2,,,0,30,,22292,2,,,0,70,,22282,2,,,0,30,,22272,2,,,0,70,,22283,2,,,0,30,,22289,2,,,0,70,,22284,2,,,0,30,,22293,2,,,0,70,,22295,2,,,0,30,,22288,2,,,0,70,,22294,2,,,0,30,,22291,2,,,0,70,,22297,2,,,0,30,,22287,2,,,0,70,,22298,2,,,0,30,,22285,2,,,0,70,,22296,2,,,0,30,,22274,2,,,0,71,,22299,2,,,0,29,,22268,2,,,0,71,,22275,2,,,0,30,,22286,2,,,0
60029,'1817',614,,11657,2,,,0,24,,11642,2,,,0,70,,11656,2,,,0,30,,11641,2,,,0,70,,11654,2,,,0,30,,11640,2,,,0,70,,11655,2,,,0,30,,11639,2,,,0,69,,11653,2,,,0,30,,11638,2,,,0,70,,11652,2,,,0,30,,11637,2,,,0,70,,11651,2,,,0,30,,11636,2,,,0,70,,11650,2,,,0,30,,11635,2,,,0,70,,11649,2,,,0,30,,11634,2,,,0,70,,11648,2,,,0,30,,11633,2,,,0,70,,11647,2,,,0,30,,11632,2,,,0,70,,11646,2,,,0,30,,11631,2,,,0,70,,11645,2,,,0,30,,11630,2,,,0,70,,11644,2,,,0,30,,11629,2,,,0,71,,11643,2,,,0,30,,11628,2,,,0
602019,'1796',614,,23395,4,,,0,245,,23394,5,,,0,63,,23403,5,,,0,30,,23401,5,,,0,70,,23408,5,,,0,30,,23406,5,,,0,70,,23402,5,,,0,30,,23400,5,,,0,70,,23407,5,,,0,30,,23398,5,,,0,70,,23404,5,,,0,30,,23399,5,,,0,70,,23405,5,,,0,405,,23386,5,,,0,17,,23360,5,,,0,70,,23361,5,,,0,12,,23393,5,,,0,18,,23366,5,,,0,70,,23364,5,,,0,30,,23365,5,,,0,69,,23369,5,,,0,30,,23362,5,,,0,70,,23367,5,,,0,30,,23363,5,,,0,76,,23368,5,,,0
602019,'1797',624,,23443,4,,,0,26,,23425,5,,,0,70,,23442,5,,,0,30,,23424,5,,,0,70,,23441,5,,,0,30,,23423,5,,,0,70,,23440,5,,,0,30,,23422,5,,,0,70,,23439,5,,,0,30,,23421,5,,,0,70,,23438,5,,,0,30,,23419,5,,,0,70,,23437,5,,,0,30,,23420,5,,,0,70,,23435,5,,,0,30,,23418,5,,,0,70,,23436,5,,,0,30,,23411,5,,,0,70,,23434,5,,,0,30,,23412,5,,,0,70,,23433,5,,,0,30,,23410,5,,,0,70,,23432,5,,,0,30,,23413,5,,,0,70,,23431,5,,,0,30,,23416,5,,,0,70,,23429,5,,,0,30,,23417,5,,,0,70,,23430,5,,,0,30,,23415,5,,,0,70,,23427,5,,,0,30,,23414,5,,,0,70,,23428,5,,,0,30,,23409,5,,,0,70,,23426,5,,,0
602019,'1798',2220,,23446,5,,,0,30,,23445,5,,,0,70,,23444,5,,,0
602019,'1799',624,,23475,4,,,0,26,,23472,5,,,0,70,,23457,5,,,0,30,,23461,5,,,0,70,,23476,5,,,0,30,,23452,5,,,0,70,,23448,5,,,0,30,,23471,5,,,0,70,,23468,5,,,0,30,,23462,5,,,0,70,,23470,5,,,0,30,,23480,5,,,0,70,,23469,5,,,0,30,,23449,5,,,0,70,,23478,5,,,0,30,,23479,5,,,0,70,,23447,5,,,0,30,,23473,5,,,0,70,,23456,5,,,0,30,,23458,5,,,0,70,,23481,5,,,0,30,,23463,5,,,0,70,,23453,5,,,0,30,,23466,5,,,0,70,,23477,5,,,0,30,,23451,5,,,0,70,,23455,5,,,0,30,,23464,5,,,0,70,,23454,5,,,0,30,,23467,5,,,0,70,,23460,5,,,0,30,,23474,5,,,0,70,,23459,5,,,0,30,,23465,5,,,0,70,,23450,5,,,0
602019,'1800',2220,,23484,5,,,0,30,,23483,5,,,0,70,,23482,5,,,0
602019,'1816',624,,8388,4,,,0,26,,8370,5,,,0,70,,8387,5,,,0,30,,8369,5,,,0,70,,8386,5,,,0,30,,8368,5,,,0,70,,8385,5,,,0,30,,8367,5,,,0,70,,8384,5,,,0,30,,8366,5,,,0,70,,8383,5,,,0,30,,8364,5,,,0,70,,8382,5,,,0,30,,8365,5,,,0,70,,8380,5,,,0,30,,8363,5,,,0,70,,8381,5,,,0,30,,8356,5,,,0,70,,8379,5,,,0,30,,8357,5,,,0,70,,8378,5,,,0,30,,8355,5,,,0,70,,8377,5,,,0,30,,8358,5,,,0,70,,8376,5,,,0,30,,8361,5,,,0,70,,8374,5,,,0,30,,8362,5,,,0,70,,8375,5,,,0,30,,8360,5,,,0,70,,8372,5,,,0,30,,8359,5,,,0,70,,8373,5,,,0,30,,8354,5,,,0,70,,8371,5,,,0
602019,'1817',2120,,12491,5,,,0,30,,12487,5,,,0,70,,12490,5,,,0,30,,12488,5,,,0,70,,12489,5,,,0
