15029,'1838',736,,36977,51,,,0,98,,45082,51,,,0,101,,36974,51,,,0,100,,36975,51,,,0,101,,45083,51,,,0,100,,36972,51,,,0,100,,36969,51,,,0,102,,45081,51,,,0,100,,36971,51,,,0,100,,36968,51,,,0,99,,45080,51,,,0,99,,36966,51,,,0,99,,36967,51,,,0,100,,45079,51,,,0
15029,'1865',612,,45084,11,,,0,20,,45085,11,,,0,71,,36995,51,,,0,30,,36996,51,,,0,74,,36997,51,,,0,31,,45086,51,,,0,73,,36999,51,,,0,30,,37000,51,,,0,65,,37001,51,,,0,30,,37002,51,,,0,70,,37003,51,,,0,30,,45087,51,,,0,70,,45088,51,,,0,30,,42575,51,,,0,70,,45089,51,,,0,30,,45090,51,,,0,70,,42576,51,,,0,31,,37010,51,,,0,73,,45091,51,,,0,35,,37012,51,,,0,72,,37013,51,,,0,29,,45092,51,,,0,67,,45093,51,,,0,23,,37016,51,,,0,69,,37017,51,,,0,29,,37018,51,,,0,67,,45094,51,,,0,30,,37020,51,,,0,70,,45095,51,,,0,30,,45096,51,,,0,70,,37023,51,,,0,99,,45098,51,,,0,57,,45097,51,,,0
15029,'1866',608,,45099,11,,,0,133,,37029,51,,,0,93,,37030,51,,,0,100,,45100,51,,,0,100,,37032,51,,,0,102,,37033,51,,,0,100,,45101,51,,,0,100,,37035,51,,,0,104,,37036,51,,,0,100,,45102,51,,,0,99,,37038,51,,,0,98,,37039,51,,,0,99,,45103,51,,,0,99,,37026,51,,,0,100,,37027,51,,,0
15029,'1867',736,,37054,51,,,0,98,,45107,51,,,0,101,,37051,51,,,0,100,,37052,51,,,0,101,,45108,51,,,0,100,,37049,51,,,0,100,,37046,51,,,0,102,,45106,51,,,0,100,,37048,51,,,0,100,,37045,51,,,0,99,,45105,51,,,0,99,,37043,51,,,0,99,,37044,51,,,0,100,,45104,51,,,0
15029,'1873',741,,30423,51,,,0,93,,30424,51,,,0,200,,30426,51,,,0,102,,30427,51,,,0,200,,30429,51,,,0,104,,30430,51,,,0,199,,30432,51,,,0,98,,30433,51,,,0,198,,30420,51,,,0,100,,30421,51,,,0
15029,'1878',736,,30448,51,,,0,199,,30445,51,,,0,100,,30446,51,,,0,201,,30443,51,,,0,100,,30440,51,,,0,202,,30442,51,,,0,100,,30439,51,,,0,198,,30437,51,,,0,99,,30438,51,,,0
15029,'1881',612,,30482,11,,,0,20,,36978,11,,,0,206,,36979,51,,,0,298,,36980,51,,,0,70,,36981,51,,,0,100,,36983,51,,,0,30,,36984,51,,,0,174,,36986,51,,,0,136,,36987,51,,,0,67,,36988,51,,,0,188,,30508,51,,,0,100,,36989,51,,,0,30,,42580,51,,,0,169,,36992,51,,,0,57,,36991,51,,,0
15029,'1882',703,,30484,51,,,0,30,,30485,51,,,0,74,,30486,51,,,0,104,,30488,51,,,0,30,,30489,51,,,0,65,,30490,51,,,0,30,,30491,51,,,0,70,,30492,51,,,0,130,,42578,51,,,0,170,,42579,51,,,0,31,,30499,51,,,0,108,,30501,51,,,0,72,,30502,51,,,0,119,,30505,51,,,0,69,,30506,51,,,0,29,,30507,51,,,0,97,,30509,51,,,0,170,,30512,51,,,0
15029,'1886',612,,45109,11,,,0,20,,45110,11,,,0,206,,45111,51,,,0,298,,45112,51,,,0,70,,45113,51,,,0,100,,45114,51,,,0,30,,45115,51,,,0,174,,45116,51,,,0,136,,45117,51,,,0,67,,45118,51,,,0,188,,45119,51,,,0,100,,45120,51,,,0,30,,45121,51,,,0,169,,45123,51,,,0,57,,45122,51,,,0
15029,'1887',608,,45124,11,,,0,326,,45125,51,,,0,302,,45126,51,,,0,304,,45127,51,,,0,296,,45128,51,,,0
15029,'1888',834,,45132,51,,,0,302,,45133,51,,,0,302,,45131,51,,,0,299,,45130,51,,,0,298,,45129,51,,,0
