4029,'1746',735,,648,17,,,0,70,,650,17,,,0,30,,646,17,,,0,70,,649,17,,,0,31,,647,17,,,0,70,,639,17,,,0,29,,642,17,,,0,70,,627,17,,,0,30,,632,17,,,0,70,,635,17,,,0,30,,638,17,,,0,70,,640,17,,,0,30,,628,17,,,0,70,,631,17,,,0,30,,634,17,,,0,70,,637,17,,,0,30,,641,17,,,0,70,,629,17,,,0,30,,630,17,,,0,70,,633,17,,,0,30,,636,17,,,0,70,,654,17,,,0,30,,653,17,,,0,71,,655,17,,,0,30,,652,17,,,0,70,,645,17,,,0,30,,651,17,,,0,70,,643,17,,,0,100,,644,17,,,0
4029,'1763',805,,660,17,,,0,131,,659,17,,,0,169,,656,17,,,0,230,,657,17,,,0,400,,658,17,,,0,171,,662,17,,,0,130,,661,17,,,0
4029,'1764',735,,680,17,,,0,100,,679,17,,,0,70,,681,17,,,0,101,,672,17,,,0,29,,675,17,,,0,100,,666,17,,,0,70,,669,17,,,0,30,,671,17,,,0,70,,673,17,,,0,100,,665,17,,,0,30,,668,17,,,0,70,,670,17,,,0,30,,674,17,,,0,70,,663,17,,,0,30,,664,17,,,0,70,,667,17,,,0,100,,684,17,,,0,30,,683,17,,,0,101,,682,17,,,0,70,,678,17,,,0,100,,676,17,,,0,100,,677,17,,,0
4029,'1767',705,,685,17,,,0,34,,686,17,,,0,66,,687,17,,,0,36,,688,17,,,0,64,,689,17,,,0,31,,690,17,,,0,70,,691,17,,,0,30,,692,17,,,0,70,,693,17,,,0,101,,694,17,,,0,30,,695,17,,,0,70,,696,17,,,0,30,,697,17,,,0,70,,698,17,,,0,206,,699,17,,,0,325,,700,17,,,0,70,,701,17,,,0,28,,702,17,,,0,70,,703,17,,,0,100,,704,17,,,0
4029,'1768',705,,705,17,,,0
4029,'1769',637,,730,17,,,0,98,,731,17,,,0,70,,732,17,,,0,30,,733,17,,,0,71,,734,17,,,0,30,,735,17,,,0,70,,723,17,,,0,31,,717,17,,,0,69,,710,17,,,0,31,,721,17,,,0,69,,727,17,,,0,30,,722,17,,,0,70,,709,17,,,0,30,,714,17,,,0,70,,725,17,,,0,30,,708,17,,,0,70,,724,17,,,0,30,,719,17,,,0,70,,711,17,,,0,29,,706,17,,,0,70,,726,17,,,0,30,,729,17,,,0,70,,720,17,,,0,30,,715,17,,,0,69,,736,17,,,0,35,,712,17,,,0,70,,707,17,,,0,27,,713,17,,,0,70,,718,17,,,0,30,,728,17,,,0,70,,716,17,,,0
4029,'1770',635,,737,17,,,0,501,,738,17,,,0,301,,739,17,,,0,75,,740,17,,,0,25,,741,17,,,0,100,,742,17,,,0,76,,743,17,,,0,24,,744,17,,,0,75,,745,17,,,0,26,,746,17,,,0,71,,747,17,,,0,227,,748,17,,,0
4029,'1771',705,,749,17,,,0
4029,'1772',805,,754,17,,,0,131,,753,17,,,0,169,,750,17,,,0,230,,751,17,,,0,400,,752,17,,,0,171,,756,17,,,0,130,,755,17,,,0
501019,'1746',619,,2741,9,,,0,30,,2755,9,,,0,67,,2740,9,,,0,30,,2754,9,,,0,70,,2743,9,,,0,31,,2756,9,,,0,71,,2744,9,,,0,30,,2753,9,,,0,72,,2732,9,,,0,30,,2745,9,,,0,70,,2731,9,,,0,30,,2746,9,,,0,70,,2734,9,,,0,30,,2747,9,,,0,70,,2730,9,,,0,30,,2752,9,,,0,70,,2729,9,,,0,30,,2751,9,,,0,70,,2728,9,,,0,30,,2748,9,,,0,70,,2727,9,,,0,30,,2750,9,,,0,70,,2733,9,,,0,30,,2749,9,,,0,69,,2742,9,,,0,30,,2757,9,,,0,69,,2739,9,,,0,30,,2760,9,,,0,70,,2738,9,,,0,30,,2726,9,,,0,70,,2737,9,,,0,30,,2758,9,,,0,67,,2736,9,,,0,30,,2759,9,,,0,70,,2735,9,,,0
501019,'1763',1020,,2762,9,,,0,200,,2763,9,,,0,400,,2761,9,,,0,398,,2764,9,,,0
501019,'1764',619,,2776,9,,,0,30,,2790,9,,,0,67,,2775,9,,,0,30,,2789,9,,,0,70,,2778,9,,,0,31,,2791,9,,,0,71,,2779,9,,,0,30,,2788,9,,,0,102,,2780,9,,,0,70,,2769,9,,,0,30,,2781,9,,,0,100,,2782,9,,,0,70,,2768,9,,,0,30,,2787,9,,,0,70,,2767,9,,,0,30,,2786,9,,,0,70,,2766,9,,,0,30,,2783,9,,,0,100,,2785,9,,,0,70,,2770,9,,,0,30,,2784,9,,,0,69,,2777,9,,,0,30,,2792,9,,,0,69,,2774,9,,,0,30,,2795,9,,,0,100,,2765,9,,,0,70,,2773,9,,,0,30,,2793,9,,,0,67,,2772,9,,,0,30,,2794,9,,,0,70,,2771,9,,,0
501019,'1767',524,,2796,3,,,0,92,,2797,9,,,0,30,,2798,9,,,0,76,,2799,9,,,0,89,,2800,9,,,0,12,,2801,9,,,0,24,,2802,9,,,0,62,,2803,9,,,0,11,,2804,9,,,0,130,,2805,9,,,0,71,,2806,9,,,0,30,,2807,9,,,0,70,,2808,9,,,0,30,,2809,9,,,0,170,,2810,9,,,0,26,,2811,9,,,0,111,,2812,9,,,0,88,,2813,9,,,0,75,,2814,9,,,0,35,,2815,9,,,0,66,,2816,9,,,0,127,,2817,9,,,0,366,,2818,9,,,0
501019,'1768',649,,2822,9,,,0,97,,2821,9,,,0,101,,2823,9,,,0,70,,2819,9,,,0,30,,2820,9,,,0
501019,'1769',619,,2832,9,,,0,97,,2831,9,,,0,100,,2830,9,,,0,204,,2838,9,,,0,30,,2848,9,,,0,70,,2839,9,,,0,30,,2849,9,,,0,71,,2840,9,,,0,30,,2850,9,,,0,70,,2841,9,,,0,30,,2851,9,,,0,70,,2842,9,,,0,31,,2852,9,,,0,70,,2843,9,,,0,30,,2853,9,,,0,70,,2844,9,,,0,30,,2846,9,,,0,70,,2845,9,,,0,30,,2847,9,,,0,70,,2829,9,,,0,27,,2837,9,,,0,70,,2828,9,,,0,30,,2835,9,,,0,68,,2827,9,,,0,30,,2836,9,,,0,70,,2826,9,,,0,30,,2833,9,,,0,68,,2825,9,,,0,30,,2834,9,,,0,70,,2824,9,,,0
501019,'1770',747,,2854,9,,,0,203,,2855,9,,,0,70,,2856,9,,,0,301,,2857,9,,,0,30,,2858,9,,,0,108,,2859,9,,,0,63,,2860,9,,,0,24,,2861,9,,,0,76,,2862,9,,,0,36,,2863,9,,,0,86,,2864,9,,,0,106,,2865,9,,,0,70,,2866,9,,,0,99,,2867,9,,,0,30,,2868,9,,,0,68,,2869,9,,,0,30,,2870,9,,,0,68,,2871,9,,,0,30,,2872,9,,,0
501019,'1771',649,,2876,9,,,0,97,,2875,9,,,0,101,,2877,9,,,0,70,,2873,9,,,0,30,,2874,9,,,0
501019,'1772',1020,,2879,9,,,0,200,,2880,9,,,0,400,,2878,9,,,0,398,,2881,9,,,0
