2019,'1790',722,,5840,43,,,0,30,,5817,43,,,0,70,,5821,43,,,0,30,,5833,43,,,0,70,,5828,43,,,0,30,,5818,43,,,0,70,,5822,43,,,0,30,,5834,43,,,0,70,,5829,43,,,0,30,,5819,43,,,0,70,,5823,43,,,0,30,,5835,43,,,0,70,,5830,43,,,0,30,,5820,43,,,0,70,,5824,43,,,0,30,,5836,43,,,0,70,,5831,43,,,0,30,,5815,43,,,0,70,,5825,43,,,0,30,,5837,43,,,0,70,,5832,43,,,0,30,,5813,43,,,0,70,,5826,43,,,0,30,,5838,43,,,0,100,,5814,43,,,0,102,,5839,43,,,0,100,,5816,43,,,0,95,,5827,43,,,0,100,,5841,43,,,0
2019,'1791',652,,5750,43,,,0,68,,5751,43,,,0,30,,5752,43,,,0,72,,5753,43,,,0,31,,5754,43,,,0,69,,5755,43,,,0,30,,5756,43,,,0,70,,5757,43,,,0,30,,5758,43,,,0,70,,5759,43,,,0,30,,5760,43,,,0,70,,5761,43,,,0,30,,5762,43,,,0,70,,5763,43,,,0,30,,5764,43,,,0,70,,5765,43,,,0,30,,5766,43,,,0,70,,5767,43,,,0,30,,5768,43,,,0,71,,5769,43,,,0,32,,5770,43,,,0,67,,5771,43,,,0,30,,5772,43,,,0,70,,5773,43,,,0,30,,5774,43,,,0,70,,5780,43,,,0,30,,5775,43,,,0,100,,5776,43,,,0,100,,5777,43,,,0,100,,5778,43,,,0,97,,5779,43,,,0
2019,'1794',722,,9439,43,,,0,30,,9416,43,,,0,70,,9420,43,,,0,30,,9432,43,,,0,70,,9427,43,,,0,30,,9417,43,,,0,70,,9421,43,,,0,30,,9433,43,,,0,70,,9428,43,,,0,30,,9418,43,,,0,70,,9422,43,,,0,30,,9434,43,,,0,70,,9429,43,,,0,30,,9419,43,,,0,70,,9423,43,,,0,30,,9435,43,,,0,70,,9430,43,,,0,30,,9414,43,,,0,70,,9424,43,,,0,30,,9436,43,,,0,70,,9431,43,,,0,30,,9412,43,,,0,70,,9425,43,,,0,30,,9437,43,,,0,100,,9413,43,,,0,102,,9438,43,,,0,100,,9415,43,,,0,95,,9426,43,,,0,100,,9440,43,,,0
2019,'1808',652,,5782,34,,,0,70,,5789,43,,,0,30,,5798,43,,,0,70,,5805,43,,,0,30,,5783,43,,,0,70,,5790,43,,,0,30,,5799,43,,,0,70,,5806,43,,,0,30,,5784,43,,,0,70,,5791,43,,,0,30,,5800,43,,,0,70,,5807,43,,,0,30,,5785,43,,,0,70,,5792,43,,,0,30,,5801,43,,,0,70,,5808,43,,,0,30,,5786,43,,,0,70,,5793,43,,,0,30,,5802,43,,,0,70,,5809,43,,,0,30,,5787,43,,,0,70,,5794,43,,,0,30,,5803,43,,,0,70,,5810,43,,,0,30,,5788,43,,,0,70,,5795,43,,,0,30,,5804,43,,,0,100,,5796,43,,,0,100,,5811,43,,,0,97,,5797,43,,,0,99,,5812,43,,,0
7019,'1791',532,,9927,8,,,0,103,,9928,8,,,0,102,,9937,8,,,0,70,,9930,8,,,0,32,,9938,8,,,0,268,,9933,8,,,0,30,,9941,8,,,0,70,,9934,8,,,0,30,,9942,8,,,0,70,,9935,8,,,0,132,,9956,8,,,0,73,,9957,8,,,0,196,,9946,8,,,0,100,,9948,8,,,0,28,,9949,8,,,0,299,,9954,8,,,0,199,,9947,8,,,0
7019,'1794',734,,9879,8,,,0,101,,9880,8,,,0,200,,9881,8,,,0,100,,9882,8,,,0,200,,9884,8,,,0,101,,9885,8,,,0,199,,9887,8,,,0,100,,9875,8,,,0,199,,9874,8,,,0,100,,9878,8,,,0
7019,'1808',635,,9977,8,,,0,300,,9980,8,,,0,270,,9975,8,,,0,30,,9983,8,,,0,170,,9989,8,,,0,101,,9991,8,,,0,30,,9986,8,,,0,298,,9965,8,,,0,300,,9968,8,,,0,100,,9969,8,,,0
7019,'1809',734,,10004,8,,,0,101,,10005,8,,,0,100,,14153,8,,,0,100,,10006,8,,,0,100,,10007,8,,,0,100,,14150,8,,,0,100,,10009,8,,,0,101,,10010,8,,,0,100,,14151,8,,,0,99,,10012,8,,,0,100,,10000,8,,,0,99,,14148,8,,,0,100,,9999,8,,,0,100,,10003,8,,,0,100,,14149,8,,,0
7019,'1813',704,,9970,8,,,0,30,,9978,8,,,0,70,,9971,8,,,0,31,,9979,8,,,0,70,,9972,8,,,0,100,,9973,8,,,0,30,,9981,8,,,0,70,,9974,8,,,0,30,,9982,8,,,0,170,,9976,8,,,0,30,,9984,8,,,0,101,,9985,8,,,0,170,,9990,8,,,0,29,,9987,8,,,0,70,,9992,8,,,0,30,,9988,8,,,0,70,,9995,8,,,0,99,,9993,8,,,0,30,,9966,8,,,0,70,,9994,8,,,0,30,,9967,8,,,0
7019,'1814',935,,9889,8,,,0,300,,9883,8,,,0,301,,9886,8,,,0,298,,9876,8,,,0,300,,9877,8,,,0
7019,'1815',705,,14171,8,,,0,202,,14172,8,,,0,30,,14175,8,,,0,70,,14173,8,,,0,30,,14176,8,,,0,300,,14177,8,,,0,71,,14174,8,,,0,132,,14185,8,,,0,70,,14186,8,,,0,30,,14178,8,,,0,98,,14179,8,,,0,168,,14180,8,,,0,29,,14181,8,,,0,70,,14182,8,,,0,30,,14183,8,,,0,199,,14184,8,,,0
7019,'1816',704,,14191,8,,,0,30,,14197,8,,,0,70,,14192,8,,,0,31,,14198,8,,,0,70,,14193,8,,,0,100,,14194,8,,,0,30,,14199,8,,,0,70,,14195,8,,,0,30,,14200,8,,,0,170,,14196,8,,,0,30,,14201,8,,,0,101,,14202,8,,,0,170,,14205,8,,,0,29,,14203,8,,,0,70,,14206,8,,,0,30,,14204,8,,,0,70,,14209,8,,,0,99,,14207,8,,,0,30,,14189,8,,,0,70,,14208,8,,,0,30,,14190,8,,,0
7019,'1817',935,,14217,8,,,0,300,,14214,8,,,0,301,,14215,8,,,0,298,,14212,8,,,0,300,,14213,8,,,0
