14019,'1800',652,,30160,19,,,0,100,,30161,19,,,0,101,,36755,19,,,0,100,,36756,19,,,0,100,,30151,19,,,0,101,,36757,19,,,0,100,,36758,19,,,0,101,,30154,19,,,0,100,,36759,19,,,0,100,,36760,19,,,0,98,,30157,19,,,0,100,,30158,19,,,0,100,,36761,19,,,0,99,,36754,19,,,0,95,,30147,19,,,0
14019,'1838',652,,36775,19,,,0,100,,36776,19,,,0,101,,36764,19,,,0,100,,36765,19,,,0,100,,36766,19,,,0,101,,36767,19,,,0,100,,36768,19,,,0,101,,36769,19,,,0,100,,36770,19,,,0,100,,36771,19,,,0,98,,36772,19,,,0,100,,36773,19,,,0,100,,36774,19,,,0,99,,36763,19,,,0,95,,36762,19,,,0
14019,'1850',527,,30239,19,,,0,100,,30238,19,,,0,80,,30209,19,,,0,30,,30222,19,,,0,68,,30210,19,,,0,23,,30223,19,,,0,30,,30211,19,,,0,70,,30224,19,,,0,30,,30212,19,,,0,70,,30225,19,,,0,30,,30213,19,,,0,70,,30226,19,,,0,30,,30214,19,,,0,70,,30227,19,,,0,30,,30215,19,,,0,70,,30228,19,,,0,30,,30216,19,,,0,70,,30229,19,,,0,31,,30217,19,,,0,71,,30230,19,,,0,80,,30218,19,,,0,30,,30231,19,,,0,69,,30219,19,,,0,30,,30232,19,,,0,70,,30220,19,,,0,19,,30233,19,,,0,30,,30221,19,,,0,70,,30234,19,,,0,30,,30240,19,,,0,69,,30235,19,,,0,92,,30236,19,,,0,100,,30237,19,,,0
14019,'1859',752,,30178,19,,,0,101,,30179,19,,,0,401,,30183,19,,,0,201,,30185,19,,,0,100,,30186,19,,,0,497,,30191,19,,,0,95,,30192,19,,,0
14019,'1861',652,,30207,19,,,0,100,,30208,19,,,0,301,,30198,19,,,0,302,,30201,19,,,0,298,,30204,19,,,0,100,,30205,19,,,0,294,,30194,19,,,0
14019,'1862',652,,36777,19,,,0,301,,36778,19,,,0,100,,36779,19,,,0,101,,36780,19,,,0,201,,36781,19,,,0,298,,36782,19,,,0,100,,36783,19,,,0,100,,36784,19,,,0,99,,36785,19,,,0,295,,36786,19,,,0
14019,'1863',853,,36788,19,,,0,100,,36789,19,,,0,201,,36790,19,,,0,100,,36791,19,,,0,201,,36792,19,,,0,100,,36793,19,,,0,298,,36794,19,,,0,99,,36787,19,,,0
14019,'1864',527,,30271,19,,,0,100,,30270,19,,,0,80,,30241,19,,,0,30,,30254,19,,,0,68,,30242,19,,,0,23,,30255,19,,,0,30,,30243,19,,,0,70,,30256,19,,,0,30,,30244,19,,,0,70,,36801,19,,,0,30,,36795,19,,,0,70,,36802,19,,,0,30,,30246,19,,,0,70,,30259,19,,,0,30,,30247,19,,,0,70,,36803,19,,,0,30,,36796,19,,,0,70,,36804,19,,,0,31,,36797,19,,,0,71,,36805,19,,,0,80,,36798,19,,,0,30,,30263,19,,,0,69,,36799,19,,,0,30,,36806,19,,,0,70,,30252,19,,,0,19,,36807,19,,,0,30,,36800,19,,,0,70,,30266,19,,,0,30,,36809,19,,,0,69,,36808,19,,,0,92,,30268,19,,,0,100,,30269,19,,,0
14019,'1865',527,,36840,19,,,0,100,,36839,19,,,0,80,,36810,19,,,0,30,,36823,19,,,0,68,,36811,19,,,0,23,,36824,19,,,0,30,,36812,19,,,0,70,,36825,19,,,0,30,,36813,19,,,0,70,,36826,19,,,0,30,,36814,19,,,0,70,,36827,19,,,0,30,,36815,19,,,0,70,,36828,19,,,0,30,,36816,19,,,0,70,,36829,19,,,0,30,,36817,19,,,0,70,,36830,19,,,0,31,,36818,19,,,0,71,,36831,19,,,0,80,,36819,19,,,0,30,,36832,19,,,0,69,,36820,19,,,0,30,,36833,19,,,0,70,,36821,19,,,0,19,,36834,19,,,0,30,,36822,19,,,0,70,,36835,19,,,0,30,,36841,19,,,0,69,,36836,19,,,0,92,,36837,19,,,0,100,,36838,19,,,0
14019,'1866',652,,36842,19,,,0,100,,36843,19,,,0,101,,36844,19,,,0,100,,36845,19,,,0,100,,36846,19,,,0,101,,36847,19,,,0,100,,36848,19,,,0,101,,36849,19,,,0,100,,36850,19,,,0,100,,36851,19,,,0,98,,36852,19,,,0,100,,36853,19,,,0,100,,36854,19,,,0,99,,36855,19,,,0,100,,36856,19,,,0,95,,36857,19,,,0,100,,36858,19,,,0
14019,'1867',652,,36872,19,,,0,100,,36873,19,,,0,101,,36861,19,,,0,100,,36862,19,,,0,100,,36863,19,,,0,101,,36864,19,,,0,100,,36865,19,,,0,101,,36866,19,,,0,100,,36867,19,,,0,100,,36868,19,,,0,98,,36869,19,,,0,100,,36870,19,,,0,100,,36871,19,,,0,99,,36860,19,,,0,95,,36859,19,,,0
