16029,'1799',937,,21364,24,,,0,702,,21369,24,,,0,402,,21371,24,,,0
16029,'1800',742,,25940,24,,,0,99,,25941,24,,,0,96,,21379,24,,,0,104,,25945,24,,,0,98,,25948,24,,,0,100,,25944,24,,,0,101,,25946,24,,,0,100,,25938,24,,,0,100,,25939,24,,,0,99,,21384,24,,,0,99,,25942,24,,,0,101,,25947,24,,,0,100,,25943,24,,,0,102,,21386,24,,,0,98,,25949,24,,,0
16029,'1829',611,,21283,24,,,0,30,,21284,24,,,0,73,,21285,24,,,0,36,,21286,24,,,0,71,,21287,24,,,0,32,,21288,24,,,0,70,,21289,24,,,0,29,,21290,24,,,0,67,,21291,24,,,0,30,,21292,24,,,0,100,,21294,24,,,0,70,,21295,24,,,0,130,,21298,24,,,0,71,,21299,24,,,0,32,,21300,24,,,0,71,,21301,24,,,0,29,,21302,24,,,0,72,,21303,24,,,0,30,,21304,24,,,0,69,,21305,24,,,0,28,,21306,24,,,0,266,,21310,24,,,0,24,,21311,24,,,0,169,,21314,24,,,0
16029,'1831',611,,21323,24,,,0,27,,21338,24,,,0,70,,21331,24,,,0,30,,21316,24,,,0,70,,21324,24,,,0,30,,21339,24,,,0,70,,21332,24,,,0,29,,21317,24,,,0,71,,21325,24,,,0,30,,21340,24,,,0,70,,21333,24,,,0,31,,21318,24,,,0,70,,21326,24,,,0,30,,21341,24,,,0,71,,21334,24,,,0,30,,21319,24,,,0,71,,21327,24,,,0,29,,21342,24,,,0,71,,21335,24,,,0,30,,21320,24,,,0,69,,21328,24,,,0,30,,21343,24,,,0,69,,21336,24,,,0,29,,21321,24,,,0,71,,21329,24,,,0,30,,21344,24,,,0,70,,21337,24,,,0,30,,21322,24,,,0,69,,21330,24,,,0,31,,21345,24,,,0,97,,21346,24,,,0,73,,21347,24,,,0
16029,'1832',742,,21351,24,,,0,99,,21352,24,,,0,200,,21358,24,,,0,98,,21361,24,,,0,100,,21357,24,,,0,101,,21359,24,,,0,100,,21348,24,,,0,100,,21350,24,,,0,198,,21353,24,,,0,101,,21360,24,,,0,100,,21355,24,,,0,200,,21362,24,,,0
16029,'1833',937,,21349,24,,,0,702,,21354,24,,,0,402,,21356,24,,,0
16029,'1834',742,,21366,24,,,0,99,,21367,24,,,0,200,,21373,24,,,0,98,,21376,24,,,0,100,,21372,24,,,0,101,,21374,24,,,0,100,,21363,24,,,0,100,,21365,24,,,0,198,,21368,24,,,0,101,,21375,24,,,0,100,,21370,24,,,0,200,,21377,24,,,0
16029,'1835',1119,,25950,24,,,0,130,,25951,24,,,0,70,,25952,24,,,0,501,,25953,24,,,0,30,,25958,24,,,0,67,,25954,24,,,0,30,,25955,24,,,0,164,,25956,24,,,0,29,,25957,24,,,0
16029,'1837',742,,25961,24,,,0,99,,25962,24,,,0,200,,25966,24,,,0,98,,25969,24,,,0,100,,25965,24,,,0,101,,25967,24,,,0,100,,25959,24,,,0,100,,25960,24,,,0,198,,25963,24,,,0,101,,25968,24,,,0,100,,25964,24,,,0,200,,25970,24,,,0
16029,'1838',742,,25973,24,,,0,99,,25974,24,,,0,200,,25978,24,,,0,98,,25981,24,,,0,100,,25977,24,,,0,101,,25979,24,,,0,100,,25971,24,,,0,100,,25972,24,,,0,198,,25975,24,,,0,101,,25980,24,,,0,100,,25976,24,,,0,200,,25982,24,,,0
