10019,'1800',918,,29664,29,,,0,100,,29670,29,,,0,100,,29663,29,,,0,100,,29668,29,,,0,100,,29661,29,,,0,100,,29666,29,,,0,100,,29667,29,,,0,100,,29669,29,,,0,100,,29662,29,,,0,100,,29660,29,,,0,100,,29665,29,,,0
10019,'1838',918,,36275,29,,,0,100,,36281,29,,,0,100,,36274,29,,,0,30,,36283,29,,,0,70,,36279,29,,,0,30,,36284,29,,,0,70,,36272,29,,,0,30,,36285,29,,,0,70,,36277,29,,,0,30,,36286,29,,,0,70,,36278,29,,,0,30,,36287,29,,,0,70,,36280,29,,,0,100,,36273,29,,,0,100,,36271,29,,,0,100,,36276,29,,,0
10019,'1850',615,,29722,29,,,0,100,,29723,29,,,0,100,,29721,29,,,0,103,,29724,29,,,0,100,,29720,29,,,0,100,,29719,29,,,0,100,,29718,29,,,0,100,,29716,29,,,0,100,,29714,29,,,0,100,,29717,29,,,0,100,,29715,29,,,0,100,,29713,29,,,0,100,,29725,29,,,0,100,,29726,29,,,0,100,,29727,29,,,0,100,,29728,29,,,0,100,,29729,29,,,0
10019,'1859',718,,29698,29,,,0,100,,29691,29,,,0,100,,29684,29,,,0,100,,29692,29,,,0,100,,29685,29,,,0,100,,29693,29,,,0,100,,29686,29,,,0,100,,29694,29,,,0,100,,29687,29,,,0,100,,29695,29,,,0,100,,29688,29,,,0,100,,29696,29,,,0,100,,29689,29,,,0,100,,29697,29,,,0,100,,29690,29,,,0
10019,'1861',918,,29705,29,,,0,100,,29711,29,,,0,100,,29704,29,,,0,100,,29709,29,,,0,100,,29702,29,,,0,100,,29707,29,,,0,100,,29708,29,,,0,100,,29710,29,,,0,100,,29703,29,,,0,100,,29701,29,,,0,100,,29706,29,,,0
10019,'1864',615,,29741,29,,,0,100,,29742,29,,,0,100,,36290,29,,,0,103,,29743,29,,,0,100,,29739,29,,,0,100,,29738,29,,,0,100,,29737,29,,,0,100,,29735,29,,,0,100,,29733,29,,,0,100,,36289,29,,,0,100,,36288,29,,,0,100,,29732,29,,,0,100,,36291,29,,,0,100,,29745,29,,,0,100,,29746,29,,,0,100,,29747,29,,,0,100,,29748,29,,,0
10019,'1865',545,,36312,29,,,0,70,,36302,29,,,0,30,,36313,29,,,0,70,,36303,29,,,0,30,,36314,29,,,0,70,,36301,29,,,0,103,,36304,29,,,0,100,,36300,29,,,0,100,,36299,29,,,0,100,,36298,29,,,0,100,,36296,29,,,0,100,,36294,29,,,0,100,,36297,29,,,0,100,,36295,29,,,0,30,,36315,29,,,0,70,,36293,29,,,0,30,,36316,29,,,0,70,,36305,29,,,0,30,,36317,29,,,0,70,,36306,29,,,0,30,,36318,29,,,0,70,,36307,29,,,0,100,,36308,29,,,0,100,,36309,29,,,0
10019,'1866',718,,36333,29,,,0,100,,36326,29,,,0,100,,36319,29,,,0,100,,36327,29,,,0,100,,36320,29,,,0,30,,36340,29,,,0,70,,36328,29,,,0,30,,36336,29,,,0,70,,36321,29,,,0,30,,36338,29,,,0,70,,36329,29,,,0,30,,36339,29,,,0,70,,36322,29,,,0,30,,36337,29,,,0,70,,36330,29,,,0,100,,36323,29,,,0,100,,36331,29,,,0,100,,36324,29,,,0,100,,36332,29,,,0,100,,36325,29,,,0
10019,'1867',918,,36345,29,,,0,100,,36351,29,,,0,100,,36344,29,,,0,30,,36357,29,,,0,70,,36349,29,,,0,30,,36353,29,,,0,70,,36342,29,,,0,30,,36355,29,,,0,70,,36347,29,,,0,30,,36356,29,,,0,70,,36348,29,,,0,30,,36354,29,,,0,70,,36350,29,,,0,100,,36343,29,,,0,100,,36341,29,,,0,100,,36346,29,,,0
10090019,'1851',649,,34670,6,,,0,100,,34668,6,,,0,100,,34667,6,,,0,100,,34669,6,,,0,470,,34672,6,,,0,100,,34673,6,,,0,100,,34674,6,,,0,100,,34671,6,,,0
