11019,'1838',920,,36451,28,,,0,100,,42449,28,,,0,103,,42450,28,,,0,103,,36454,28,,,0,100,,42451,28,,,0,100,,42452,28,,,0,100,,36457,28,,,0,98,,42453,28,,,0,100,,42454,28,,,0,97,,36460,28,,,0,98,,36461,28,,,0,100,,42455,28,,,0
11019,'1857',720,,29910,28,,,0,102,,29911,28,,,0,100,,29912,28,,,0,200,,29914,28,,,0,101,,36483,28,,,0,100,,36484,28,,,0,100,,36485,28,,,0,100,,36486,28,,,0,200,,36488,28,,,0,97,,36489,28,,,0,100,,36490,28,,,0,100,,29923,28,,,0
11019,'1865',720,,36492,28,,,0,102,,36493,28,,,0,100,,36494,28,,,0,100,,42457,28,,,0,100,,36496,28,,,0,101,,36497,28,,,0,100,,36498,28,,,0,100,,36499,28,,,0,100,,36500,28,,,0,100,,42458,28,,,0,100,,36502,28,,,0,97,,36503,28,,,0,100,,36504,28,,,0,100,,36505,28,,,0,98,,42459,28,,,0
11019,'1866',719,,36510,28,,,0,100,,36511,28,,,0,101,,36512,28,,,0,100,,36513,28,,,0,100,,36514,28,,,0,106,,36515,28,,,0,100,,36516,28,,,0,100,,36517,28,,,0,100,,36518,28,,,0,98,,36519,28,,,0,100,,36520,28,,,0,97,,36521,28,,,0,98,,36508,28,,,0,100,,36509,28,,,0
11019,'1867',920,,36523,28,,,0,100,,42460,28,,,0,103,,42461,28,,,0,103,,36526,28,,,0,100,,42462,28,,,0,100,,42463,28,,,0,100,,36529,28,,,0,98,,42464,28,,,0,100,,42465,28,,,0,97,,36532,28,,,0,98,,36533,28,,,0,100,,42466,28,,,0
11019,'1871',1022,,36482,28,,,0,601,,36487,28,,,0,495,,36491,28,,,0
11019,'1873',719,,36466,28,,,0,100,,36467,28,,,0,101,,29870,28,,,0,100,,29871,28,,,0,100,,36468,28,,,0,106,,36469,28,,,0,100,,36470,28,,,0,100,,29875,28,,,0,100,,36471,28,,,0,98,,29877,28,,,0,100,,29878,28,,,0,97,,36472,28,,,0,98,,36464,28,,,0,100,,36465,28,,,0
11019,'1874',1020,,36474,28,,,0,103,,36475,28,,,0,203,,36476,28,,,0,100,,36477,28,,,0,198,,36478,28,,,0,100,,36479,28,,,0,295,,36480,28,,,0
11019,'1875',920,,29881,28,,,0,306,,29884,28,,,0,300,,29887,28,,,0,295,,29890,28,,,0,98,,29891,28,,,0
11019,'1876',1022,,42468,28,,,0,601,,42469,28,,,0,495,,42470,28,,,0
11019,'1878',1020,,42471,28,,,0,103,,42472,28,,,0,203,,42473,28,,,0,100,,42474,28,,,0,198,,42475,28,,,0,100,,42476,28,,,0,295,,42477,28,,,0
