19019,'1838',622,,45222,10,,,0,112,,45212,10,,,0,100,,45225,10,,,0,70,,45216,10,,,0,30,,37464,10,,,0,70,,45220,10,,,0,31,,45232,10,,,0,71,,45230,10,,,0,30,,45231,10,,,0,70,,42933,10,,,0,30,,45233,10,,,0,70,,45214,10,,,0,30,,45234,10,,,0,70,,45226,10,,,0,31,,45228,10,,,0,71,,45218,10,,,0,30,,45221,10,,,0,70,,45223,10,,,0,30,,45224,10,,,0,68,,45215,10,,,0,29,,45217,10,,,0,70,,45229,10,,,0,30,,45219,10,,,0,70,,42937,10,,,0,30,,45213,10,,,0,70,,45227,10,,,0,45,,42939,10,,,0,100,,42942,10,,,0,100,,42943,10,,,0,84,,37486,10,,,0
19019,'1865',838,,45240,10,,,0,68,,37545,10,,,0,30,,45235,10,,,0,70,,37543,10,,,0,30,,45241,10,,,0,70,,45242,10,,,0,30,,45237,10,,,0,70,,45248,10,,,0,30,,45239,10,,,0,70,,45247,10,,,0,30,,45236,10,,,0,70,,45249,10,,,0,30,,45245,10,,,0,72,,45238,10,,,0,31,,45243,10,,,0,297,,45244,10,,,0,70,,37562,10,,,0,30,,37555,10,,,0,100,,37554,10,,,0,99,,37553,10,,,0,99,,45246,10,,,0,100,,37550,10,,,0
19019,'1866',624,,37593,10,,,0,80,,45261,10,,,0,30,,45254,10,,,0,70,,45271,10,,,0,30,,45263,10,,,0,70,,45256,10,,,0,30,,45251,10,,,0,70,,45269,10,,,0,31,,45270,10,,,0,71,,45262,10,,,0,30,,45255,10,,,0,70,,45253,10,,,0,30,,45265,10,,,0,70,,45260,10,,,0,30,,45267,10,,,0,70,,45275,10,,,0,31,,45268,10,,,0,71,,45252,10,,,0,30,,45250,10,,,0,70,,45257,10,,,0,30,,45264,10,,,0,68,,45259,10,,,0,29,,45258,10,,,0,70,,45266,10,,,0,30,,45272,10,,,0,70,,37572,10,,,0,30,,45273,10,,,0,110,,37589,10,,,0,70,,37576,10,,,0,100,,37580,10,,,0,100,,37575,10,,,0,25,,45274,10,,,0
19019,'1867',622,,45286,10,,,0,112,,45276,10,,,0,100,,45289,10,,,0,70,,45280,10,,,0,30,,37601,10,,,0,70,,45284,10,,,0,31,,45296,10,,,0,71,,45294,10,,,0,30,,45295,10,,,0,70,,42950,10,,,0,30,,45297,10,,,0,70,,45278,10,,,0,30,,45298,10,,,0,70,,45290,10,,,0,31,,45292,10,,,0,71,,45282,10,,,0,30,,45285,10,,,0,70,,45287,10,,,0,30,,45288,10,,,0,68,,45279,10,,,0,29,,45281,10,,,0,70,,45293,10,,,0,30,,45283,10,,,0,70,,42954,10,,,0,30,,45277,10,,,0,70,,45291,10,,,0,45,,42956,10,,,0,100,,42959,10,,,0,100,,42960,10,,,0,84,,37623,10,,,0
19019,'1873',624,,30891,10,,,0,1281,,30870,10,,,0,140,,30887,10,,,0,70,,30874,10,,,0,100,,30878,10,,,0,100,,30873,10,,,0
19019,'1878',934,,30899,10,,,0,272,,42967,10,,,0,699,,42971,10,,,0,145,,42973,10,,,0,100,,42976,10,,,0,100,,42977,10,,,0,84,,30921,10,,,0
19019,'1881',838,,30952,10,,,0,98,,30945,10,,,0,100,,30953,10,,,0,70,,37533,10,,,0,30,,37530,10,,,0,70,,37539,10,,,0,30,,42963,10,,,0,70,,37538,10,,,0,30,,37529,10,,,0,70,,37540,10,,,0,30,,42964,10,,,0,72,,37531,10,,,0,31,,37534,10,,,0,297,,37535,10,,,0,398,,37537,10,,,0
19019,'1882',906,,30949,10,,,0,100,,30947,10,,,0,900,,30966,10,,,0,30,,30959,10,,,0,100,,30958,10,,,0,99,,30957,10,,,0,199,,30954,10,,,0
19019,'1886',838,,45304,10,,,0,98,,45299,10,,,0,100,,45305,10,,,0,70,,45306,10,,,0,30,,45301,10,,,0,70,,45312,10,,,0,30,,45303,10,,,0,70,,45311,10,,,0,30,,45300,10,,,0,70,,45313,10,,,0,30,,45309,10,,,0,72,,45302,10,,,0,31,,45307,10,,,0,297,,45308,10,,,0,398,,45310,10,,,0
19019,'1887',704,,45325,10,,,0,30,,45318,10,,,0,70,,45335,10,,,0,30,,45327,10,,,0,70,,45320,10,,,0,30,,45315,10,,,0,70,,45333,10,,,0,31,,45334,10,,,0,71,,45326,10,,,0,30,,45319,10,,,0,70,,45317,10,,,0,30,,45329,10,,,0,70,,45324,10,,,0,30,,45331,10,,,0,70,,45339,10,,,0,31,,45332,10,,,0,71,,45316,10,,,0,30,,45314,10,,,0,70,,45321,10,,,0,30,,45328,10,,,0,68,,45323,10,,,0,29,,45322,10,,,0,70,,45330,10,,,0,30,,45336,10,,,0,100,,45337,10,,,0,405,,45338,10,,,0
19019,'1888',622,,45350,10,,,0,112,,45340,10,,,0,100,,45353,10,,,0,70,,45344,10,,,0,100,,45348,10,,,0,31,,45360,10,,,0,71,,45358,10,,,0,30,,45359,10,,,0,100,,45361,10,,,0,70,,45342,10,,,0,30,,45362,10,,,0,70,,45354,10,,,0,31,,45356,10,,,0,71,,45346,10,,,0,30,,45349,10,,,0,70,,45351,10,,,0,30,,45352,10,,,0,68,,45343,10,,,0,29,,45345,10,,,0,70,,45357,10,,,0,30,,45347,10,,,0,100,,45341,10,,,0,70,,45355,10,,,0
10019019,'1865',612,,43929,9,,,0,26,,48409,9,,,0,70,,41876,9,,,0,30,,48408,9,,,0,70,,48410,9,,,0,804,,41885,9,,,0,30,,41883,9,,,0,70,,48411,9,,,0,30,,48414,9,,,0,67,,48412,9,,,0,210,,48413,9,,,0
10019019,'1881',638,,34637,9,,,0,100,,41870,9,,,0,70,,34638,9,,,0,904,,41872,9,,,0,30,,43932,9,,,0,67,,41873,9,,,0,210,,41874,9,,,0
10019019,'1882',612,,43931,9,,,0,96,,34634,9,,,0,904,,34643,9,,,0,30,,34641,9,,,0
10019019,'1886',638,,48416,9,,,0,100,,48415,9,,,0,70,,48417,9,,,0,904,,48418,9,,,0,30,,48421,9,,,0,67,,48419,9,,,0,210,,48420,9,,,0
