15019,'1838',754,,45028,68,,,0,100,,36883,68,,,0,100,,36886,68,,,0,101,,45027,68,,,0,100,,36881,68,,,0,100,,36879,68,,,0,102,,45026,68,,,0,100,,36880,68,,,0,100,,36877,68,,,0,99,,45025,68,,,0,99,,36875,68,,,0,100,,36876,68,,,0,100,,45024,68,,,0,99,,36887,68,,,0
15019,'1865',720,,36905,68,,,0,31,,45029,68,,,0,76,,36907,68,,,0,30,,36908,68,,,0,65,,36909,68,,,0,30,,36910,68,,,0,70,,36911,68,,,0,30,,45030,68,,,0,70,,45031,68,,,0,30,,42569,68,,,0,70,,45032,68,,,0,30,,45033,68,,,0,70,,42570,68,,,0,30,,36918,68,,,0,70,,45034,68,,,0,35,,36920,68,,,0,72,,36921,68,,,0,30,,45035,68,,,0,69,,45036,68,,,0,27,,36924,68,,,0,69,,36925,68,,,0,29,,36926,68,,,0,67,,45037,68,,,0,30,,36928,68,,,0,70,,45038,68,,,0,30,,45039,68,,,0,70,,36931,68,,,0,100,,45040,68,,,0,98,,45041,68,,,0
15019,'1866',754,,36935,68,,,0,100,,45043,68,,,0,100,,36937,68,,,0,101,,36938,68,,,0,100,,45044,68,,,0,100,,36940,68,,,0,103,,36941,68,,,0,100,,45045,68,,,0,100,,36943,68,,,0,98,,36944,68,,,0,99,,45046,68,,,0,100,,36946,68,,,0,100,,36947,68,,,0,99,,45047,68,,,0
15019,'1867',754,,45053,68,,,0,100,,36959,68,,,0,100,,36962,68,,,0,101,,45052,68,,,0,100,,36957,68,,,0,100,,36955,68,,,0,102,,45051,68,,,0,100,,36956,68,,,0,100,,36953,68,,,0,99,,45050,68,,,0,99,,36951,68,,,0,100,,36952,68,,,0,100,,45049,68,,,0,99,,36963,68,,,0
15019,'1873',754,,30301,68,,,0,200,,30303,68,,,0,101,,30304,68,,,0,200,,30306,68,,,0,103,,30307,68,,,0,200,,30309,68,,,0,98,,30310,68,,,0,199,,30312,68,,,0,100,,30313,68,,,0
15019,'1878',854,,30325,68,,,0,100,,30328,68,,,0,201,,30323,68,,,0,100,,30321,68,,,0,202,,30322,68,,,0,100,,30319,68,,,0,198,,30317,68,,,0,100,,30318,68,,,0,199,,30329,68,,,0
15019,'1881',751,,36889,68,,,0,301,,36890,68,,,0,70,,36891,68,,,0,100,,36893,68,,,0,30,,36894,68,,,0,170,,36896,68,,,0,137,,36897,68,,,0,69,,36898,68,,,0,192,,30384,68,,,0,100,,36899,68,,,0,30,,42574,68,,,0,170,,36901,68,,,0,98,,36902,68,,,0
15019,'1882',720,,30362,68,,,0,107,,30364,68,,,0,30,,30365,68,,,0,65,,30366,68,,,0,30,,30367,68,,,0,70,,30368,68,,,0,130,,42572,68,,,0,170,,42573,68,,,0,30,,30375,68,,,0,105,,30377,68,,,0,72,,30378,68,,,0,126,,30381,68,,,0,69,,30382,68,,,0,29,,30383,68,,,0,97,,30385,68,,,0,170,,30388,68,,,0
15019,'1886',751,,45054,68,,,0,301,,45055,68,,,0,70,,45056,68,,,0,100,,45057,68,,,0,30,,45058,68,,,0,170,,45059,68,,,0,137,,45060,68,,,0,69,,45061,68,,,0,192,,45062,68,,,0,100,,45063,68,,,0,30,,45064,68,,,0,170,,45065,68,,,0,98,,45066,68,,,0
15019,'1887',854,,45068,68,,,0,301,,45069,68,,,0,303,,45070,68,,,0,297,,45071,68,,,0,299,,45072,68,,,0
15019,'1888',754,,45078,68,,,0,301,,45077,68,,,0,302,,45076,68,,,0,299,,45075,68,,,0,299,,45074,68,,,0
