10019,'1838',916,,36275,27,,,0,100,,36281,27,,,0,100,,36274,27,,,0,30,,36283,27,,,0,70,,36279,27,,,0,30,,36284,27,,,0,70,,36272,27,,,0,30,,36285,27,,,0,70,,36277,27,,,0,30,,36286,27,,,0,70,,36278,27,,,0,30,,36287,27,,,0,70,,36280,27,,,0,100,,36273,27,,,0,100,,36271,27,,,0,100,,36276,27,,,0
10019,'1857',614,,29741,27,,,0,100,,29742,27,,,0,100,,36290,27,,,0,102,,29743,27,,,0,100,,29739,27,,,0,100,,29738,27,,,0,100,,29737,27,,,0,100,,29735,27,,,0,100,,29733,27,,,0,100,,36289,27,,,0,200,,29732,27,,,0,200,,29745,27,,,0,100,,29746,27,,,0,100,,29747,27,,,0,100,,29748,27,,,0
10019,'1865',544,,36312,27,,,0,70,,36302,27,,,0,30,,36313,27,,,0,70,,36303,27,,,0,30,,36314,27,,,0,70,,36301,27,,,0,102,,36304,27,,,0,100,,36300,27,,,0,100,,36299,27,,,0,100,,36298,27,,,0,100,,36296,27,,,0,100,,36294,27,,,0,100,,36297,27,,,0,100,,42439,27,,,0,30,,36315,27,,,0,70,,36293,27,,,0,30,,36316,27,,,0,70,,42440,27,,,0,30,,36317,27,,,0,70,,36306,27,,,0,30,,36318,27,,,0,70,,36307,27,,,0,100,,36308,27,,,0,100,,36309,27,,,0
10019,'1866',716,,36333,27,,,0,100,,36326,27,,,0,100,,36319,27,,,0,100,,36327,27,,,0,100,,36320,27,,,0,30,,36340,27,,,0,70,,36328,27,,,0,30,,36336,27,,,0,70,,36321,27,,,0,30,,36338,27,,,0,70,,36329,27,,,0,30,,36339,27,,,0,70,,36322,27,,,0,30,,36337,27,,,0,70,,36330,27,,,0,100,,36323,27,,,0,100,,36331,27,,,0,100,,36324,27,,,0,100,,36332,27,,,0,100,,36325,27,,,0
10019,'1867',916,,36345,27,,,0,100,,36351,27,,,0,100,,36344,27,,,0,30,,36357,27,,,0,70,,36349,27,,,0,30,,36353,27,,,0,70,,36342,27,,,0,30,,36355,27,,,0,70,,36347,27,,,0,30,,36356,27,,,0,70,,36348,27,,,0,30,,36354,27,,,0,70,,36350,27,,,0,100,,36343,27,,,0,100,,36341,27,,,0,100,,36346,27,,,0
10019,'1871',1616,,36288,27,,,0,200,,36291,27,,,0
10019,'1873',716,,29698,27,,,0,100,,29691,27,,,0,100,,29684,27,,,0,100,,29692,27,,,0,100,,29685,27,,,0,100,,29693,27,,,0,100,,29686,27,,,0,100,,29694,27,,,0,100,,29687,27,,,0,100,,29695,27,,,0,100,,29688,27,,,0,100,,29696,27,,,0,100,,29689,27,,,0,100,,29697,27,,,0,100,,29690,27,,,0
10019,'1875',916,,29705,27,,,0,100,,29711,27,,,0,100,,29704,27,,,0,100,,29709,27,,,0,100,,29702,27,,,0,100,,29707,27,,,0,100,,29708,27,,,0,100,,29710,27,,,0,100,,29703,27,,,0,100,,29701,27,,,0,100,,29706,27,,,0
10019,'1876',1616,,42442,27,,,0,200,,42443,27,,,0
10090019,'1870',647,,34670,4,,,0,100,,34668,4,,,0,100,,34667,4,,,0,100,,34669,4,,,0,470,,34672,4,,,0,100,,34673,4,,,0,100,,34674,4,,,0,100,,34671,4,,,0
20090019,'1870',720,,24875,10,,,0,100,,24876,10,,,0,100,,24877,10,,,0,100,,24878,10,,,0,500,,24879,10,,,0,100,,24880,10,,,0,100,,24881,10,,,0,100,,24882,10,,,0
