11029,'1800',817,,29926,13,,,0,100,,36536,13,,,0,104,,36537,13,,,0,100,,29929,13,,,0,100,,36538,13,,,0,100,,36539,13,,,0,100,,29932,13,,,0,100,,36540,13,,,0,100,,36541,13,,,0,98,,29935,13,,,0,100,,29936,13,,,0,99,,36542,13,,,0,100,,36543,13,,,0
11029,'1838',817,,36544,13,,,0,100,,36545,13,,,0,104,,36546,13,,,0,100,,36547,13,,,0,100,,36548,13,,,0,100,,36549,13,,,0,100,,36550,13,,,0,100,,36551,13,,,0,100,,36552,13,,,0,98,,36553,13,,,0,100,,36554,13,,,0,99,,36555,13,,,0,100,,36556,13,,,0
11029,'1850',619,,29995,6,,,0,98,,29981,13,,,0,101,,29982,13,,,0,100,,29983,13,,,0,101,,29984,13,,,0,100,,29985,13,,,0,100,,29986,13,,,0,100,,29987,13,,,0,100,,29988,13,,,0,100,,29989,13,,,0,100,,29990,13,,,0,100,,29991,13,,,0,100,,29992,13,,,0,100,,29993,13,,,0,100,,29994,13,,,0,100,,29980,13,,,0
11029,'1859',817,,29953,13,,,0,100,,29954,13,,,0,404,,29958,13,,,0,200,,29960,13,,,0,100,,29961,13,,,0
11029,'1861',817,,29967,13,,,0,304,,29970,13,,,0,300,,29973,13,,,0,298,,29976,13,,,0,100,,29977,13,,,0
11029,'1862',619,,36557,6,,,0,98,,36566,13,,,0,304,,36558,13,,,0,100,,36559,13,,,0,100,,36560,13,,,0,200,,36561,13,,,0,298,,36562,13,,,0,100,,36563,13,,,0,99,,36564,13,,,0,100,,36565,13,,,0
11029,'1863',917,,36567,13,,,0,104,,36568,13,,,0,200,,36569,13,,,0,100,,36570,13,,,0,200,,36571,13,,,0,100,,36572,13,,,0,297,,36573,13,,,0,100,,36574,13,,,0
11029,'1864',619,,30011,6,,,0,98,,29997,13,,,0,101,,29998,13,,,0,100,,36575,13,,,0,101,,30000,13,,,0,100,,36576,13,,,0,100,,36577,13,,,0,100,,36578,13,,,0,100,,36579,13,,,0,100,,36580,13,,,0,100,,36581,13,,,0,100,,36582,13,,,0,100,,36583,13,,,0,100,,30009,13,,,0,100,,36584,13,,,0,100,,29996,13,,,0
11029,'1865',619,,36600,6,,,0,98,,36586,13,,,0,101,,36587,13,,,0,100,,36588,13,,,0,101,,36589,13,,,0,100,,36590,13,,,0,100,,36591,13,,,0,100,,36592,13,,,0,100,,36593,13,,,0,100,,36594,13,,,0,100,,36595,13,,,0,100,,36596,13,,,0,100,,36597,13,,,0,100,,36598,13,,,0,100,,36599,13,,,0,100,,36585,13,,,0
11029,'1866',619,,36601,6,,,0,98,,36615,13,,,0,100,,36602,13,,,0,100,,36603,13,,,0,104,,36604,13,,,0,100,,36605,13,,,0,100,,36606,13,,,0,100,,36607,13,,,0,100,,36608,13,,,0,100,,36609,13,,,0,100,,36610,13,,,0,98,,36611,13,,,0,100,,36612,13,,,0,99,,36613,13,,,0,100,,36614,13,,,0
11029,'1867',817,,36616,13,,,0,100,,36617,13,,,0,104,,36618,13,,,0,100,,36619,13,,,0,100,,36620,13,,,0,100,,36621,13,,,0,100,,36622,13,,,0,100,,36623,13,,,0,100,,36624,13,,,0,98,,36625,13,,,0,100,,36626,13,,,0,99,,36627,13,,,0,100,,36628,13,,,0
