7029,'1816',910,,10101,8,,,0,230,,10090,8,,,0,70,,10104,8,,,0,130,,10092,8,,,0,101,,10093,8,,,0,70,,10107,8,,,0,299,,10110,8,,,0,299,,10113,8,,,0,100,,10114,8,,,0,100,,10115,8,,,0
7029,'1817',710,,10035,8,,,0,100,,10036,8,,,0,100,,17091,8,,,0,100,,10038,8,,,0,100,,10039,8,,,0,100,,17092,8,,,0,100,,10041,8,,,0,101,,10042,8,,,0,100,,17093,8,,,0,99,,10044,8,,,0,100,,10045,8,,,0,100,,17094,8,,,0,100,,10047,8,,,0,99,,10048,8,,,0,100,,17090,8,,,0,230,,17095,8,0,13 14,0
7029,'1820',639,,14242,8,,,0,72,,10061,8,,,0,30,,10062,8,,,0,70,,10063,8,,,0,30,,14243,8,,,0,69,,14244,8,,,0,30,,14245,8,,,0,70,,14246,8,,,0,30,,10068,8,,,0,171,,10054,8,,,0,30,,10055,8,,,0,70,,14241,8,,,0,31,,14240,8,,,0,70,,10052,8,,,0,30,,10057,8,,,0,70,,14247,8,,,0,30,,14248,8,,,0,70,,14249,8,,,0,29,,10074,8,,,0,70,,14250,8,,,0,29,,10076,8,,,0,100,,14251,8,,,0,70,,14252,8,,,0,30,,14253,8,,,0,70,,14254,8,,,0,199,,14255,8,,,0
7029,'1821',509,,10058,8,,,0,100,,10059,8,,,0,502,,10069,8,,,0,30,,10070,8,,,0,669,,10077,8,,,0,299,,10082,8,,,0,200,,10084,8,,,0
7029,'1823',639,,17102,8,,,0,72,,17103,8,,,0,30,,17104,8,,,0,70,,17105,8,,,0,30,,17106,8,,,0,69,,17107,8,,,0,30,,17108,8,,,0,70,,17109,8,,,0,30,,17110,8,,,0,171,,17098,8,,,0,30,,17099,8,,,0,70,,17100,8,,,0,31,,17097,8,,,0,70,,17096,8,,,0,30,,17101,8,,,0,70,,17111,8,,,0,30,,17112,8,,,0,70,,17113,8,,,0,29,,17114,8,,,0,70,,17115,8,,,0,29,,17116,8,,,0,100,,17117,8,,,0,70,,17118,8,,,0,30,,17119,8,,,0,70,,17120,8,,,0,199,,17121,8,,,0
7029,'1824',641,,17122,8,,,0,70,,17133,8,,,0,30,,17123,8,,,0,69,,17134,8,,,0,30,,17124,8,,,0,100,,17125,8,,,0,70,,17135,8,,,0,30,,17126,8,,,0,70,,17136,8,,,0,130,,17127,8,,,0,70,,17137,8,,,0,101,,17138,8,,,0,130,,17128,8,,,0,69,,17139,8,,,0,30,,17129,8,,,0,70,,17140,8,,,0,30,,17130,8,,,0,100,,17131,8,,,0,70,,17141,8,,,0,30,,17132,8,,,0,69,,17142,8,,,0,330,,17143,8,0,13 14,0
11019,'1816',1351,,10299,2,,,0,200,,10301,2,,,0,100,,10302,2,,,0
11019,'1817',848,,17178,2,,,0,100,,17179,2,,,0,103,,17180,2,,,0,100,,17181,2,,,0,100,,17182,2,,,0,100,,17183,2,,,0,100,,17184,2,,,0,100,,17185,2,,,0,100,,17186,2,,,0,97,,17187,2,,,0,100,,17188,2,,,0,100,,17189,2,,,0,95,,10265,2,0,5 2 8 7,0
11019,'1820',648,,14327,2,,,0,200,,14328,2,,,0,100,,14329,2,,,0,100,,14330,2,,,0,201,,14331,2,,,0,200,,14332,2,,,0,100,,10283,2,,,0,200,,10285,2,,,0,99,,14333,2,,,0,100,,14334,2,,,0,100,,14335,2,,,0,95,,14336,2,0,5 2 8 7,0
11019,'1821',749,,10275,2,,,0,399,,10279,2,,,0,201,,10281,2,,,0,300,,10284,2,,,0
11019,'1823',648,,17190,2,,,0,200,,17191,2,,,0,100,,17192,2,,,0,100,,17193,2,,,0,201,,17194,2,,,0,200,,17195,2,,,0,100,,17196,2,,,0,200,,17197,2,,,0,99,,17198,2,,,0,100,,17199,2,,,0,100,,17200,2,,,0,95,,17201,2,0,5 2 8 7,0
11019,'1824',648,,17204,2,,,0,100,,17205,2,,,0,100,,17206,2,,,0,100,,17207,2,,,0,100,,17208,2,,,0,103,,17209,2,,,0,100,,17210,2,,,0,200,,17211,2,,,0,297,,17212,2,,,0,100,,17202,2,,,0,100,,17203,2,,,0,100,,17213,2,0,5 2 8 7,0
20007019,'1816',2238,,13702,8,,,0
20007019,'1817',640,,19127,8,,,0,200,,19113,8,,,0,100,,19114,8,,,0,100,,19115,8,,,0,100,,19116,8,,,0,100,,19117,8,,,0,100,,19118,8,,,0,101,,19119,8,,,0,100,,19120,8,,,0,99,,19121,8,,,0,100,,19122,8,,,0,100,,19123,8,,,0,100,,19124,8,,,0,98,,19125,8,,,0,100,,19126,8,,,0,70,,13688,8,,,0,30,,19112,8,,,0,70,,19111,8,,,0
20007019,'1820',544,,13694,8,,,0,1494,,16477,8,,,0,300,,16479,8,,,0,100,,16478,8,,,0
20007019,'1821',2138,,13696,8,,,0,100,,13697,8,,,0
20007019,'1823',544,,19128,8,,,0,1494,,19129,8,,,0,300,,19131,8,,,0,100,,19130,8,,,0
20007019,'1824',2038,,19132,8,,,0,100,,19133,8,,,0
