14019,'1838',649,,36775,14,,,0,100,,36776,14,,,0,100,,42532,14,,,0,100,,42533,14,,,0,100,,36766,14,,,0,100,,42534,14,,,0,100,,42535,14,,,0,101,,36769,14,,,0,100,,42536,14,,,0,100,,42537,14,,,0,99,,36772,14,,,0,100,,36773,14,,,0,100,,42538,14,,,0,100,,42531,14,,,0,95,,36762,14,,,0
14019,'1857',524,,30271,14,,,0,100,,30270,14,,,0,80,,30241,14,,,0,30,,30254,14,,,0,68,,30242,14,,,0,22,,30255,14,,,0,30,,30243,14,,,0,70,,30256,14,,,0,30,,30244,14,,,0,200,,30246,14,,,0,70,,30259,14,,,0,30,,30247,14,,,0,70,,36803,14,,,0,30,,36796,14,,,0,100,,36797,14,,,0,151,,36798,14,,,0,30,,30263,14,,,0,70,,36799,14,,,0,30,,36806,14,,,0,70,,30252,14,,,0,49,,36800,14,,,0,70,,30266,14,,,0,30,,36809,14,,,0,70,,36808,14,,,0,92,,30268,14,,,0,100,,30269,14,,,0
14019,'1865',524,,36840,14,,,0,100,,36839,14,,,0,80,,36810,14,,,0,30,,36823,14,,,0,68,,36811,14,,,0,22,,36824,14,,,0,30,,36812,14,,,0,70,,36825,14,,,0,30,,36813,14,,,0,70,,42540,14,,,0,30,,42539,14,,,0,70,,42541,14,,,0,30,,36815,14,,,0,70,,36828,14,,,0,30,,36816,14,,,0,70,,36829,14,,,0,30,,36817,14,,,0,70,,42542,14,,,0,30,,36818,14,,,0,71,,42543,14,,,0,80,,36819,14,,,0,30,,36832,14,,,0,70,,36820,14,,,0,30,,36833,14,,,0,70,,36821,14,,,0,19,,42544,14,,,0,30,,36822,14,,,0,70,,36835,14,,,0,30,,36841,14,,,0,70,,36836,14,,,0,92,,36837,14,,,0,100,,36838,14,,,0
14019,'1866',649,,36842,14,,,0,100,,36843,14,,,0,100,,36844,14,,,0,100,,36845,14,,,0,100,,36846,14,,,0,100,,36847,14,,,0,100,,36848,14,,,0,101,,36849,14,,,0,100,,36850,14,,,0,100,,36851,14,,,0,99,,36852,14,,,0,100,,36853,14,,,0,100,,36854,14,,,0,100,,36855,14,,,0,100,,36856,14,,,0,95,,36857,14,,,0,100,,42545,14,,,0
14019,'1867',649,,36872,14,,,0,100,,36873,14,,,0,100,,42547,14,,,0,100,,42548,14,,,0,100,,36863,14,,,0,100,,42549,14,,,0,100,,42550,14,,,0,101,,36866,14,,,0,100,,42551,14,,,0,100,,42552,14,,,0,99,,36869,14,,,0,100,,36870,14,,,0,100,,42553,14,,,0,100,,42546,14,,,0,95,,36859,14,,,0
14019,'1871',1024,,36801,14,,,0,30,,36795,14,,,0,70,,36802,14,,,0,300,,36804,14,,,0,101,,36805,14,,,0,299,,36807,14,,,0
14019,'1873',649,,36777,14,,,0,100,,30178,14,,,0,100,,30179,14,,,0,100,,36778,14,,,0,100,,36779,14,,,0,100,,36780,14,,,0,100,,30183,14,,,0,101,,36781,14,,,0,100,,30185,14,,,0,100,,30186,14,,,0,99,,36782,14,,,0,100,,36783,14,,,0,100,,36784,14,,,0,100,,36785,14,,,0,100,,30191,14,,,0,95,,30192,14,,,0
14019,'1874',849,,36788,14,,,0,100,,36789,14,,,0,200,,36790,14,,,0,100,,36791,14,,,0,201,,36792,14,,,0,100,,36793,14,,,0,299,,36794,14,,,0,100,,36787,14,,,0
14019,'1875',649,,30207,14,,,0,100,,30208,14,,,0,300,,30198,14,,,0,301,,30201,14,,,0,299,,30204,14,,,0,100,,30205,14,,,0,295,,30194,14,,,0
14019,'1876',1024,,42555,14,,,0,30,,42554,14,,,0,70,,42556,14,,,0,300,,42557,14,,,0,101,,42558,14,,,0,299,,42559,14,,,0
14019,'1877',2244,,42560,14,,,0
14019,'1878',849,,42562,14,,,0,100,,42563,14,,,0,200,,42564,14,,,0,100,,42565,14,,,0,201,,42566,14,,,0,100,,42567,14,,,0,299,,42568,14,,,0,100,,42561,14,,,0
