16029,'1799',919,,21364,4,,,0,702,,21369,4,,,0,401,,21371,4,,,0
16029,'1800',722,,25940,4,,,0,100,,25941,4,,,0,97,,21379,4,,,0,104,,25945,4,,,0,97,,25948,4,,,0,100,,25944,4,,,0,101,,25946,4,,,0,100,,25938,4,,,0,100,,25939,4,,,0,100,,21384,4,,,0,99,,25942,4,,,0,100,,25947,4,,,0,100,,25943,4,,,0,102,,21386,4,,,0,97,,25949,4,,,0
16029,'1829',552,,21283,4,,,0,70,,21284,4,,,0,33,,21285,4,,,0,74,,21286,4,,,0,30,,21287,4,,,0,73,,21288,4,,,0,70,,21289,4,,,0,30,,21290,4,,,0,27,,21291,4,,,0,70,,21292,4,,,0,100,,21294,4,,,0,30,,21295,4,,,0,170,,21298,4,,,0,71,,21299,4,,,0,31,,21300,4,,,0,70,,21301,4,,,0,30,,21302,4,,,0,72,,21303,4,,,0,30,,21304,4,,,0,70,,21305,4,,,0,28,,21306,4,,,0,226,,21310,4,,,0,65,,21311,4,,,0,126,,21314,4,,,0
16029,'1831',554,,21323,4,,,0,67,,21338,4,,,0,30,,21331,4,,,0,67,,21316,4,,,0,30,,21324,4,,,0,71,,21339,4,,,0,30,,21332,4,,,0,70,,21317,4,,,0,31,,21325,4,,,0,70,,21340,4,,,0,30,,21333,4,,,0,70,,21318,4,,,0,30,,21326,4,,,0,70,,21341,4,,,0,31,,21334,4,,,0,70,,21319,4,,,0,31,,21327,4,,,0,69,,21342,4,,,0,31,,21335,4,,,0,70,,21320,4,,,0,30,,21328,4,,,0,70,,21343,4,,,0,29,,21336,4,,,0,69,,21321,4,,,0,31,,21329,4,,,0,69,,21344,4,,,0,30,,21337,4,,,0,70,,21322,4,,,0,29,,21330,4,,,0,71,,21345,4,,,0,96,,21346,4,,,0,33,,21347,4,,,0
16029,'1832',722,,21351,4,,,0,100,,21352,4,,,0,201,,21358,4,,,0,97,,21361,4,,,0,100,,21357,4,,,0,101,,21359,4,,,0,100,,21348,4,,,0,100,,21350,4,,,0,199,,21353,4,,,0,100,,21360,4,,,0,100,,21355,4,,,0,199,,21362,4,,,0
16029,'1833',919,,21349,4,,,0,702,,21354,4,,,0,401,,21356,4,,,0
16029,'1834',722,,21366,4,,,0,100,,21367,4,,,0,201,,21373,4,,,0,97,,21376,4,,,0,100,,21372,4,,,0,101,,21374,4,,,0,100,,21363,4,,,0,100,,21365,4,,,0,199,,21368,4,,,0,100,,21375,4,,,0,100,,21370,4,,,0,199,,21377,4,,,0
16029,'1835',1059,,25950,4,,,0,170,,25951,4,,,0,30,,25952,4,,,0,541,,25953,4,,,0,30,,25958,4,,,0,27,,25954,4,,,0,70,,25955,4,,,0,125,,25956,4,,,0,69,,25957,4,,,0
16029,'1837',722,,25961,4,,,0,100,,25962,4,,,0,201,,25966,4,,,0,97,,25969,4,,,0,100,,25965,4,,,0,101,,25967,4,,,0,100,,25959,4,,,0,100,,25960,4,,,0,199,,25963,4,,,0,100,,25968,4,,,0,100,,25964,4,,,0,199,,25970,4,,,0
16029,'1838',722,,25973,4,,,0,100,,25974,4,,,0,201,,25978,4,,,0,97,,25981,4,,,0,100,,25977,4,,,0,101,,25979,4,,,0,100,,25971,4,,,0,100,,25972,4,,,0,199,,25975,4,,,0,100,,25980,4,,,0,100,,25976,4,,,0,199,,25982,4,,,0
