10019,'1838',857,,36275,3,,,0,100,,36281,3,,,0,100,,36274,3,,,0,70,,36283,3,,,0,30,,36279,3,,,0,70,,36284,3,,,0,30,,36272,3,,,0,70,,36285,3,,,0,30,,36277,3,,,0,70,,36286,3,,,0,30,,36278,3,,,0,70,,36287,3,,,0,30,,36280,3,,,0,100,,36273,3,,,0,100,,36271,3,,,0,100,,36276,3,,,0,100,,36282,3,0,27 28 1 29,0
10019,'1865',527,,36312,3,,,0,30,,36302,3,,,0,70,,36313,3,,,0,30,,36303,3,,,0,70,,36314,3,,,0,30,,44713,3,,,0,100,,36304,3,,,0,100,,36300,3,,,0,100,,36299,3,,,0,100,,36298,3,,,0,100,,44711,3,,,0,100,,44710,3,,,0,100,,44712,3,,,0,100,,42439,3,,,0,70,,36315,3,,,0,30,,36293,3,,,0,70,,36316,3,,,0,30,,44714,3,,,0,70,,36317,3,,,0,30,,36306,3,,,0,70,,36318,3,,,0,30,,36307,3,,,0,100,,36308,3,,,0,100,,36309,3,,,0,100,,36311,3,0,27 28 1 29,0,100,,42441,3,0,27 28 1 29,0
10019,'1866',657,,36333,3,,,0,100,,36326,3,,,0,100,,36319,3,,,0,100,,36327,3,,,0,100,,36320,3,,,0,70,,36340,3,,,0,30,,36328,3,,,0,70,,36336,3,,,0,30,,36321,3,,,0,70,,36338,3,,,0,30,,36329,3,,,0,70,,36339,3,,,0,30,,36322,3,,,0,70,,36337,3,,,0,30,,36330,3,,,0,100,,36323,3,,,0,100,,36331,3,,,0,100,,36324,3,,,0,100,,36332,3,,,0,100,,36325,3,,,0,100,,36335,3,0,27 28 1 29,0,200,,44715,3,0,27 28 1 29,0
10019,'1867',857,,36345,3,,,0,100,,36351,3,,,0,100,,36344,3,,,0,70,,36357,3,,,0,30,,36349,3,,,0,70,,36353,3,,,0,30,,36342,3,,,0,70,,36355,3,,,0,30,,36347,3,,,0,70,,36356,3,,,0,30,,36348,3,,,0,70,,36354,3,,,0,30,,36350,3,,,0,100,,36343,3,,,0,100,,36341,3,,,0,100,,36346,3,,,0,100,,36352,3,0,27 28 1 29,0
10019,'1873',657,,29698,3,,,0,100,,29691,3,,,0,100,,29684,3,,,0,100,,29692,3,,,0,100,,29685,3,,,0,100,,29693,3,,,0,100,,29686,3,,,0,100,,29694,3,,,0,100,,29687,3,,,0,100,,29695,3,,,0,100,,29688,3,,,0,100,,29696,3,,,0,100,,29689,3,,,0,100,,29697,3,,,0,100,,29690,3,,,0,100,,29700,3,0,27 28 1 29,0
10019,'1878',857,,29705,3,,,0,100,,29711,3,,,0,100,,29704,3,,,0,100,,29709,3,,,0,100,,29702,3,,,0,100,,29707,3,,,0,100,,29708,3,,,0,100,,29710,3,,,0,100,,29703,3,,,0,100,,29701,3,,,0,100,,29706,3,,,0,100,,29712,3,0,27 28 1 29,0
10019,'1881',757,,36290,3,,,0,500,,29735,3,,,0,100,,29733,3,,,0,100,,36289,3,,,0,300,,42443,3,,,0
10019,'1882',557,,29741,3,,,0,100,,29742,3,,,0,200,,29743,3,,,0,100,,29739,3,,,0,100,,29738,3,,,0,100,,29737,3,,,0,400,,42442,3,,,0,100,,29732,3,,,0,200,,29745,3,,,0,100,,29746,3,,,0,100,,29747,3,,,0,100,,29748,3,,,0,100,,29750,3,0,27 28 1 29,0,100,,42444,3,0,27 28 1 29,0
10019,'1886',757,,44719,3,,,0,500,,44717,3,,,0,100,,44716,3,,,0,100,,44718,3,,,0,300,,44720,3,,,0
10019,'1887',2357,,44721,3,0,27 28 1 29,0
