16019,'1800',758,,30515,20,,,0,101,,30518,20,,,0,100,,30528,20,,,0,100,,30527,20,,,0,100,,30516,20,,,0,100,,30519,20,,,0,100,,30521,20,,,0,141,41,30524,20,,,0,100,41,30523,20,,,0,100,41,30517,20,,,0,59,,30525,20,,,0,100,,30526,20,,,0,99,,30522,20,,,0,100,,30520,20,,,0,100,,30529,20,,,0
16019,'1838',758,,30530,20,,,0,101,,30533,20,,,0,100,,30543,20,,,0,100,,30542,20,,,0,100,,30531,20,,,0,100,,30534,20,,,0,100,,30536,20,,,0,141,41,30539,20,,,0,100,41,30538,20,,,0,100,41,30532,20,,,0,59,,30540,20,,,0,100,,30541,20,,,0,99,,30537,20,,,0,100,,30535,20,,,0,100,,30544,20,,,0
16019,'1841',630,,21176,20,,,0,70,41,21177,20,,,0,30,,21178,20,,,0,70,41,21179,20,,,0,30,,21180,20,,,0,70,41,21181,20,,,0,30,,21182,20,,,0,70,41,25905,20,,,0,30,,21184,20,,,0,70,41,21185,20,,,0,30,,25906,20,,,0,70,41,25907,20,,,0,30,,21188,20,,,0,70,41,21189,20,,,0,30,,21190,20,,,0,70,41,21191,20,,,0,30,,21192,20,,,0,70,41,21193,20,,,0,30,,21194,20,,,0,70,41,21195,20,,,0,30,,21196,20,,,0,70,41,25908,20,,,0,30,,25909,20,,,0,70,41,25910,20,,,0,30,,25911,20,,,0,70,41,21201,20,,,0,30,,21202,20,,,0,70,41,25912,20,,,0,30,,25913,20,,,0,70,41,21205,20,,,0,30,,25903,20,,,0,70,41,25904,20,,,0,30,,21175,20,,,0
16019,'1848',628,,30568,20,,,0,30,,30564,20,,,0,70,,30572,20,,,0,30,,30556,20,,,0,71,,30570,20,,,0,30,,30551,20,,,0,70,,30549,20,,,0,30,,30546,20,,,0,70,,30557,20,,,0,30,,30567,20,,,0,70,,30561,20,,,0,30,,30569,20,,,0,70,,30553,20,,,0,30,,30571,20,,,0,70,,30548,20,,,0,30,,30559,20,,,0,71,,30558,20,,,0,70,41,30562,20,,,0,30,,30563,20,,,0,70,41,30547,20,,,0,30,,30555,20,,,0,70,41,30565,20,,,0,29,,30550,20,,,0,30,,30554,20,,,0,70,,30560,20,,,0,30,,30574,20,,,0,70,,30566,20,,,0,29,,30573,20,,,0,70,,30552,20,,,0,30,,30576,20,,,0,100,,30575,20,,,0,70,,30545,20,,,0
16019,'1849',758,,30577,20,,,0,101,,30580,20,,,0,100,,30590,20,,,0,100,,30589,20,,,0,100,,30578,20,,,0,100,,30581,20,,,0,100,,30583,20,,,0,141,41,30586,20,,,0,100,41,30585,20,,,0,100,41,30579,20,,,0,59,,30587,20,,,0,100,,30588,20,,,0,99,,30584,20,,,0,100,,30582,20,,,0,100,,30591,20,,,0
16019,'1850',630,,30595,20,,,0,70,41,30596,20,,,0,30,,30597,20,,,0,70,41,30598,20,,,0,30,,30599,20,,,0,70,41,30600,20,,,0,30,,30601,20,,,0,70,41,30602,20,,,0,30,,30603,20,,,0,70,41,30604,20,,,0,30,,30605,20,,,0,70,41,30606,20,,,0,30,,30607,20,,,0,70,41,30608,20,,,0,30,,30609,20,,,0,70,41,30610,20,,,0,30,,30611,20,,,0,70,41,30612,20,,,0,30,,30613,20,,,0,70,41,30614,20,,,0,30,,30615,20,,,0,70,41,30616,20,,,0,30,,30617,20,,,0,70,41,30618,20,,,0,30,,30619,20,,,0,70,41,30620,20,,,0,30,,30621,20,,,0,70,41,30622,20,,,0,30,,30623,20,,,0,70,41,30624,20,,,0,30,,30592,20,,,0,70,41,30593,20,,,0,30,,30594,20,,,0
16019,'1852',630,,30628,20,,,0,70,41,30629,20,,,0,30,,30630,20,,,0,70,41,30631,20,,,0,30,,30632,20,,,0,70,41,30633,20,,,0,30,,30634,20,,,0,70,41,30635,20,,,0,30,,30636,20,,,0,70,41,30637,20,,,0,30,,30638,20,,,0,70,41,30639,20,,,0,30,,30640,20,,,0,70,41,30641,20,,,0,30,,30642,20,,,0,70,41,30643,20,,,0,30,,30644,20,,,0,70,41,30645,20,,,0,30,,30646,20,,,0,70,41,30647,20,,,0,30,,30648,20,,,0,70,41,30649,20,,,0,30,,30650,20,,,0,70,41,30651,20,,,0,30,,30652,20,,,0,70,41,30653,20,,,0,30,,30654,20,,,0,70,41,30655,20,,,0,30,,30656,20,,,0,70,41,30657,20,,,0,30,,30625,20,,,0,70,41,30626,20,,,0,30,,30627,20,,,0
32019,'1800',549,,31599,1,,,0,96,2,31582,31,,,0,100,7,31583,31,,,0,100,7,31584,31,,,0,99,6,31585,31,,,0,101,5,31586,31,,,0,100,4,31587,31,,,0,100,4,31588,31,,,0,100,4,31589,31,,,0,100,4,31590,31,,,0,100,4,31591,31,,,0,100,4,31592,31,,,0,100,4,31593,31,,,0,100,5,31594,31,,,0,100,5,31595,31,,,0,100,5,31596,31,,,0,100,6,31597,31,,,0,100,6,31598,31,,,0,89,,31600,31,4,,0
32019,'1838',549,,31618,1,,,0,96,2,31601,31,,,0,100,7,31602,31,,,0,100,7,31603,31,,,0,99,6,31604,31,,,0,101,5,31605,31,,,0,100,4,31606,31,,,0,100,4,31607,31,,,0,100,4,31608,31,,,0,100,4,31609,31,,,0,100,4,31610,31,,,0,100,4,31611,31,,,0,100,4,31612,31,,,0,100,5,31613,31,,,0,100,5,31614,31,,,0,100,5,31615,31,,,0,100,6,31616,31,,,0,100,6,31617,31,,,0,89,,31619,31,4,,0
32019,'1841',429,,26302,1,,,0,88,,22074,1,,,0,30,,22075,1,,,0,70,,22071,1,,,0,30,2,26297,31,,,0,68,4,22062,31,,,0,30,,22041,31,,,0,70,,26300,31,,,0,30,,22067,31,,,0,70,2,22051,31,,,0,30,3,22049,31,,,0,70,3,22061,31,,,0,30,3,22039,31,,,0,70,3,22055,31,,,0,30,3,22066,31,,,0,70,3,22053,31,,,0,30,3,26298,31,,,0,70,3,22060,31,,,0,30,3,22042,31,,,0,70,3,26299,31,,,0,30,,26301,31,,,0,70,,22052,31,,,0,31,,22045,31,,,0,72,3,22059,31,,,0,28,,22038,31,,,0,70,,22056,31,,,0,29,,22064,31,,,0,70,2,22050,31,,,0,30,3,22047,31,,,0,70,3,22058,31,,,0,30,5,26296,31,,,0,70,,22068,1,,,0,30,5,22063,31,,,0,70,,22070,1,,,0,30,6,22044,31,,,0,70,,22069,1,,,0,30,6,26295,31,,,0,89,,22073,31,4,,0
32019,'1848',519,,31655,1,,,0,30,,31656,1,,,0,70,,31638,1,,,0,26,2,31631,31,,,0,70,7,31648,31,,,0,30,7,31625,31,,,0,70,7,31642,31,,,0,30,7,31649,31,,,0,70,7,31637,31,,,0,29,6,31630,31,,,0,70,5,31647,31,,,0,31,5,31624,31,,,0,70,5,31641,31,,,0,30,4,31652,31,,,0,70,4,31636,31,,,0,30,4,31629,31,,,0,70,4,31646,31,,,0,30,4,31623,31,,,0,70,4,31640,31,,,0,30,4,31651,31,,,0,70,4,31635,31,,,0,30,4,31628,31,,,0,70,4,31645,31,,,0,30,4,31622,31,,,0,70,4,31639,31,,,0,30,4,31653,31,,,0,70,5,31634,31,,,0,30,5,31627,31,,,0,70,5,31643,31,,,0,30,5,31621,31,,,0,70,,31633,1,,,0,30,5,31650,31,,,0,70,,31644,1,,,0,30,6,31626,31,,,0,70,,31632,1,,,0,30,6,31620,31,,,0,94,,31654,31,4,,0
32019,'1849',549,,31674,1,,,0,96,2,31657,31,,,0,100,7,31658,31,,,0,100,7,31659,31,,,0,99,6,31660,31,,,0,101,5,31661,31,,,0,100,4,31662,31,,,0,100,4,31663,31,,,0,100,4,31664,31,,,0,100,4,31665,31,,,0,100,4,31666,31,,,0,100,4,31667,31,,,0,100,4,31668,31,,,0,100,5,31669,31,,,0,100,5,31670,31,,,0,100,5,31671,31,,,0,100,6,31672,31,,,0,100,6,31673,31,,,0,89,,31675,31,4,,0
32019,'1850',429,,31710,1,,,0,88,,31712,1,,,0,30,,31713,1,,,0,70,,31709,1,,,0,30,2,31684,31,,,0,68,4,31700,31,,,0,30,,31679,31,,,0,70,,31695,31,,,0,30,,31705,31,,,0,70,2,31689,31,,,0,30,3,31687,31,,,0,70,3,31699,31,,,0,30,3,31677,31,,,0,70,3,31693,31,,,0,30,3,31704,31,,,0,70,3,31691,31,,,0,30,3,31686,31,,,0,70,3,31698,31,,,0,30,3,31680,31,,,0,70,3,31692,31,,,0,30,,31703,31,,,0,70,,31690,31,,,0,31,,31683,31,,,0,72,3,31697,31,,,0,28,,31676,31,,,0,70,,31694,31,,,0,29,,31702,31,,,0,70,2,31688,31,,,0,30,3,31685,31,,,0,70,3,31696,31,,,0,30,5,31681,31,,,0,70,,31706,1,,,0,30,5,31701,31,,,0,70,,31708,1,,,0,30,6,31682,31,,,0,70,,31707,1,,,0,30,6,31678,31,,,0,89,,31711,31,4,,0
32019,'1852',429,,31748,1,,,0,88,,31750,1,,,0,30,,31751,1,,,0,70,,31747,1,,,0,30,2,31722,31,,,0,68,4,31738,31,,,0,30,,31717,31,,,0,70,,31733,31,,,0,30,,31743,31,,,0,70,2,31727,31,,,0,30,3,31725,31,,,0,70,3,31737,31,,,0,30,3,31715,31,,,0,70,3,31731,31,,,0,30,3,31742,31,,,0,70,3,31729,31,,,0,30,3,31724,31,,,0,70,3,31736,31,,,0,30,3,31718,31,,,0,70,3,31730,31,,,0,30,,31741,31,,,0,70,,31728,31,,,0,31,,31721,31,,,0,72,3,31735,31,,,0,28,,31714,31,,,0,70,,31732,31,,,0,29,,31740,31,,,0,70,2,31726,31,,,0,30,3,31723,31,,,0,70,3,31734,31,,,0,30,5,31719,31,,,0,70,,31744,1,,,0,30,5,31739,31,,,0,70,,31746,1,,,0,30,6,31720,31,,,0,70,,31745,1,,,0,30,6,31716,31,,,0,89,,31749,31,4,,0
