16029,'1838',741,,45175,18,,,0,99,,45176,18,,,0,97,,42757,18,,,0,104,,45179,18,,,0,98,,45181,18,,,0,100,,45178,18,,,0,101,,45180,18,,,0,100,,45173,18,,,0,100,,45174,18,,,0,99,,42762,18,,,0,99,,45177,18,,,0,101,,42768,18,,,0,100,,42763,18,,,0,102,,42764,18,,,0,98,,42770,18,,,0
16029,'1865',611,,42771,18,,,0,30,,42772,18,,,0,73,,42773,18,,,0,36,,42774,18,,,0,71,,42775,18,,,0,32,,42776,18,,,0,70,,42777,18,,,0,29,,45182,18,,,0,67,,42779,18,,,0,30,,42780,18,,,0,70,,45183,18,,,0,30,,42782,18,,,0,70,,42783,18,,,0,30,,45184,18,,,0,70,,42785,18,,,0,30,,42786,18,,,0,71,,42787,18,,,0,32,,42788,18,,,0,71,,42789,18,,,0,29,,45185,18,,,0,72,,42791,18,,,0,30,,42792,18,,,0,69,,42793,18,,,0,28,,42794,18,,,0,69,,42795,18,,,0,30,,45187,18,,,0,67,,42796,18,,,0,30,,42797,18,,,0,70,,42798,18,,,0,24,,42799,18,,,0,70,,45186,18,,,0,29,,42801,18,,,0,70,,42802,18,,,0
16029,'1866',610,,42811,18,,,0,27,,42826,18,,,0,70,,42819,18,,,0,30,,42804,18,,,0,70,,42812,18,,,0,30,,42827,18,,,0,70,,42820,18,,,0,30,,42805,18,,,0,71,,42813,18,,,0,30,,42828,18,,,0,70,,42821,18,,,0,31,,42806,18,,,0,70,,42814,18,,,0,30,,42829,18,,,0,71,,42822,18,,,0,30,,42807,18,,,0,71,,42815,18,,,0,29,,42830,18,,,0,71,,42823,18,,,0,30,,42808,18,,,0,69,,42816,18,,,0,30,,42831,18,,,0,69,,42824,18,,,0,29,,42809,18,,,0,71,,42817,18,,,0,30,,42832,18,,,0,70,,42825,18,,,0,30,,42810,18,,,0,69,,42818,18,,,0,31,,42833,18,,,0,97,,42834,18,,,0,73,,42835,18,,,0
16029,'1867',741,,45190,18,,,0,99,,45191,18,,,0,97,,42837,18,,,0,104,,45194,18,,,0,98,,45196,18,,,0,100,,45193,18,,,0,101,,45195,18,,,0,100,,45188,18,,,0,100,,45189,18,,,0,99,,42842,18,,,0,99,,45192,18,,,0,101,,42848,18,,,0,100,,42843,18,,,0,102,,42844,18,,,0,98,,42850,18,,,0
16029,'1873',610,,42891,18,,,0,27,,42906,18,,,0,70,,42899,18,,,0,30,,42884,18,,,0,70,,42892,18,,,0,30,,42907,18,,,0,70,,42900,18,,,0,30,,42885,18,,,0,71,,42893,18,,,0,30,,42908,18,,,0,70,,42901,18,,,0,31,,42886,18,,,0,70,,42894,18,,,0,30,,42909,18,,,0,71,,42902,18,,,0,30,,42887,18,,,0,71,,42895,18,,,0,29,,42910,18,,,0,71,,42903,18,,,0,30,,42888,18,,,0,69,,42896,18,,,0,30,,42911,18,,,0,69,,42904,18,,,0,29,,42889,18,,,0,71,,42897,18,,,0,30,,42912,18,,,0,70,,42905,18,,,0,30,,42890,18,,,0,69,,42898,18,,,0,31,,42913,18,,,0,97,,42914,18,,,0,73,,42915,18,,,0
16029,'1878',937,,42917,18,,,0,702,,42922,18,,,0,200,,42928,18,,,0,100,,42923,18,,,0,102,,42924,18,,,0,98,,42930,18,,,0
16029,'1881',952,,42858,18,,,0,167,,42861,18,,,0,130,,42864,18,,,0,303,,42870,18,,,0,298,,42883,18,,,0,261,,42880,18,,,0
16029,'1882',611,,42851,18,,,0,30,,42852,18,,,0,73,,42853,18,,,0,36,,42854,18,,,0,71,,42855,18,,,0,32,,42856,18,,,0,70,,42857,18,,,0,96,,42859,18,,,0,30,,42860,18,,,0,100,,42862,18,,,0,70,,42863,18,,,0,100,,42865,18,,,0,30,,42866,18,,,0,71,,42867,18,,,0,32,,42868,18,,,0,71,,42869,18,,,0,101,,42871,18,,,0,30,,42872,18,,,0,69,,42873,18,,,0,28,,42874,18,,,0,69,,42875,18,,,0,97,,42876,18,,,0,30,,42877,18,,,0,70,,42878,18,,,0,24,,42879,18,,,0,99,,42881,18,,,0,70,,42882,18,,,0
16029,'1886',952,,45197,18,,,0,167,,45198,18,,,0,130,,45199,18,,,0,303,,45200,18,,,0,298,,45202,18,,,0,261,,45201,18,,,0
16029,'1888',741,,45205,18,,,0,99,,45206,18,,,0,201,,45209,18,,,0,98,,45211,18,,,0,100,,45208,18,,,0,101,,45210,18,,,0,100,,45203,18,,,0,100,,45204,18,,,0,198,,45207,18,,,0
