15019,'1838',709,,45028,5,,,0,100,,36883,5,,,0,100,,36886,5,,,0,100,,45027,5,,,0,100,,36881,5,,,0,100,,36879,5,,,0,101,,45026,5,,,0,100,,36880,5,,,0,100,,36877,5,,,0,99,,45025,5,,,0,100,,36875,5,,,0,100,,36876,5,,,0,100,,45024,5,,,0,100,,36887,5,,,0
15019,'1865',634,,36905,5,,,0,70,,45029,5,,,0,31,,36907,5,,,0,70,,36908,5,,,0,29,,36909,5,,,0,70,,36910,5,,,0,30,,36911,5,,,0,70,,45030,5,,,0,30,,45031,5,,,0,70,,42569,5,,,0,30,,45032,5,,,0,70,,45033,5,,,0,30,,42570,5,,,0,70,,36918,5,,,0,30,,45034,5,,,0,70,,36920,5,,,0,31,,36921,5,,,0,70,,45035,5,,,0,30,,45036,5,,,0,70,,36924,5,,,0,30,,36925,5,,,0,70,,36926,5,,,0,29,,45037,5,,,0,70,,36928,5,,,0,30,,45038,5,,,0,70,,45039,5,,,0,30,,36931,5,,,0,100,,45040,5,,,0,100,,45041,5,,,0,100,,45042,5,0,5 2 6 7,0
15019,'1866',709,,36935,5,,,0,100,,45043,5,,,0,100,,36937,5,,,0,100,,36938,5,,,0,100,,45044,5,,,0,100,,36940,5,,,0,101,,36941,5,,,0,100,,45045,5,,,0,100,,36943,5,,,0,99,,36944,5,,,0,100,,45046,5,,,0,100,,36946,5,,,0,100,,36947,5,,,0,100,,45047,5,,,0
15019,'1867',709,,45053,5,,,0,100,,36959,5,,,0,100,,36962,5,,,0,100,,45052,5,,,0,100,,36957,5,,,0,100,,36955,5,,,0,101,,45051,5,,,0,100,,36956,5,,,0,100,,36953,5,,,0,99,,45050,5,,,0,100,,36951,5,,,0,100,,36952,5,,,0,100,,45049,5,,,0,100,,36963,5,,,0
15019,'1873',709,,30301,5,,,0,200,,30303,5,,,0,100,,30304,5,,,0,200,,30306,5,,,0,101,,30307,5,,,0,200,,30309,5,,,0,99,,30310,5,,,0,200,,30312,5,,,0,100,,30313,5,,,0
15019,'1878',809,,30325,5,,,0,100,,30328,5,,,0,200,,30323,5,,,0,100,,30321,5,,,0,201,,30322,5,,,0,100,,30319,5,,,0,199,,30317,5,,,0,100,,30318,5,,,0,200,,30329,5,,,0
15019,'1881',704,,36889,5,,,0,300,,36890,5,,,0,30,,36891,5,,,0,100,,36893,5,,,0,70,,36894,5,,,0,130,,36896,5,,,0,171,,36897,5,,,0,30,,36898,5,,,0,199,,30384,5,,,0,100,,36899,5,,,0,70,,42574,5,,,0,130,,36901,5,,,0,100,,36902,5,,,0,100,,36903,5,0,5 2 6 7,0
15019,'1882',634,,30362,5,,,0,101,,30364,5,,,0,70,,30365,5,,,0,29,,30366,5,,,0,70,,30367,5,,,0,30,,30368,5,,,0,170,,42572,5,,,0,130,,42573,5,,,0,70,,30375,5,,,0,100,,30377,5,,,0,31,,30378,5,,,0,170,,30381,5,,,0,30,,30382,5,,,0,70,,30383,5,,,0,99,,30385,5,,,0,130,,30388,5,,,0
15019,'1886',704,,45054,5,,,0,300,,45055,5,,,0,30,,45056,5,,,0,100,,45057,5,,,0,70,,45058,5,,,0,130,,45059,5,,,0,171,,45060,5,,,0,30,,45061,5,,,0,199,,45062,5,,,0,100,,45063,5,,,0,70,,45064,5,,,0,130,,45065,5,,,0,100,,45066,5,,,0,100,,45067,5,0,5 2 6 7,0
15019,'1887',809,,45068,5,,,0,300,,45069,5,,,0,301,,45070,5,,,0,299,,45071,5,,,0,300,,45072,5,,,0
15019,'1888',709,,45078,5,,,0,300,,45077,5,,,0,301,,45076,5,,,0,299,,45075,5,,,0,300,,45074,5,,,0
