4029,'1796',631,,19876,12,,,0,70,,19877,12,,,0,33,,19878,12,,,0,25,,19879,12,,,0,76,,19880,12,,,0,24,,19881,12,,,0,71,,19882,12,,,0,70,,19883,12,,,0,30,,19884,12,,,0,70,,19885,12,,,0,30,,19886,12,,,0,71,,19887,12,,,0,30,,19888,12,,,0,70,,19889,12,,,0,30,,19890,12,,,0,70,,19891,12,,,0,30,,19892,12,,,0,75,,19893,12,,,0,25,,19894,12,,,0,76,,19895,12,,,0,24,,19896,12,,,0,76,,19897,12,,,0,24,,19898,12,,,0,77,,19899,12,,,0,26,,19900,12,,,0,69,,19901,12,,,0,29,,19902,12,,,0,71,,19903,12,,,0,29,,19904,12,,,0,70,,19905,12,,,0,30,,19906,12,,,0,70,,19907,12,,,0
4029,'1797',633,,19932,12,,,0,68,,19933,12,,,0,30,,19934,12,,,0,70,,19935,12,,,0,30,,19936,12,,,0,70,,19937,12,,,0,30,,19938,12,,,0,70,,19925,12,,,0,31,,19919,12,,,0,69,,19912,12,,,0,30,,19923,12,,,0,69,,19929,12,,,0,30,,19924,12,,,0,70,,19911,12,,,0,30,,19916,12,,,0,70,,19927,12,,,0,30,,19910,12,,,0,70,,19926,12,,,0,30,,19921,12,,,0,70,,19913,12,,,0,30,,19908,12,,,0,70,,19928,12,,,0,30,,19931,12,,,0,70,,19922,12,,,0,30,,19917,12,,,0,29,,19939,12,,,0,75,,19914,12,,,0,70,,19909,12,,,0,27,,19915,12,,,0,70,,19920,12,,,0,30,,19930,12,,,0,70,,19918,12,,,0
4029,'1798',731,,19961,12,,,0,70,,19963,12,,,0,30,,19959,12,,,0,70,,19962,12,,,0,30,,19960,12,,,0,70,,19952,12,,,0,29,,19955,12,,,0,70,,19940,12,,,0,30,,19945,12,,,0,70,,19948,12,,,0,30,,19951,12,,,0,70,,19953,12,,,0,30,,19941,12,,,0,70,,19944,12,,,0,30,,19947,12,,,0,70,,19950,12,,,0,30,,19954,12,,,0,70,,19942,12,,,0,30,,19943,12,,,0,70,,19946,12,,,0,30,,19949,12,,,0,70,,19967,12,,,0,30,,19966,12,,,0,71,,19968,12,,,0,30,,19965,12,,,0,70,,19958,12,,,0,30,,19964,12,,,0,70,,19956,12,,,0,100,,19957,12,,,0
4029,'1799',731,,19990,12,,,0,70,,19992,12,,,0,30,,19988,12,,,0,70,,19991,12,,,0,30,,19989,12,,,0,70,,19981,12,,,0,29,,19984,12,,,0,70,,19969,12,,,0,30,,19974,12,,,0,70,,19977,12,,,0,30,,19980,12,,,0,70,,19982,12,,,0,30,,19970,12,,,0,70,,19973,12,,,0,30,,19976,12,,,0,70,,19979,12,,,0,30,,19983,12,,,0,70,,19971,12,,,0,30,,19972,12,,,0,70,,19975,12,,,0,30,,19978,12,,,0,70,,19996,12,,,0,30,,19995,12,,,0,71,,19997,12,,,0,30,,19994,12,,,0,70,,19987,12,,,0,30,,19993,12,,,0,70,,19985,12,,,0,100,,19986,12,,,0
4029,'1800',731,,20019,12,,,0,70,,20021,12,,,0,30,,20017,12,,,0,70,,20020,12,,,0,30,,20018,12,,,0,70,,20010,12,,,0,29,,20013,12,,,0,70,,19998,12,,,0,30,,20003,12,,,0,70,,20006,12,,,0,30,,20009,12,,,0,70,,20011,12,,,0,30,,19999,12,,,0,70,,20002,12,,,0,30,,20005,12,,,0,70,,20008,12,,,0,30,,20012,12,,,0,70,,20000,12,,,0,30,,20001,12,,,0,70,,20004,12,,,0,30,,20007,12,,,0,70,,20025,12,,,0,30,,20024,12,,,0,71,,20026,12,,,0,30,,20023,12,,,0,70,,20016,12,,,0,30,,20022,12,,,0,70,,20014,12,,,0,100,,20015,12,,,0
4029,'1817',731,,16827,12,,,0,70,,16829,12,,,0,30,,16825,12,,,0,70,,16828,12,,,0,30,,16826,12,,,0,70,,16818,12,,,0,29,,16821,12,,,0,70,,16806,12,,,0,30,,16811,12,,,0,70,,16814,12,,,0,30,,16817,12,,,0,70,,16819,12,,,0,30,,16807,12,,,0,70,,16810,12,,,0,30,,16813,12,,,0,70,,16816,12,,,0,30,,16820,12,,,0,70,,16808,12,,,0,30,,16809,12,,,0,70,,16812,12,,,0,30,,16815,12,,,0,70,,16833,12,,,0,30,,16832,12,,,0,71,,16834,12,,,0,30,,16831,12,,,0,70,,16824,12,,,0,30,,16830,12,,,0,70,,16822,12,,,0,100,,16823,12,,,0
4029,'1824',633,,16891,12,,,0,68,,16892,12,,,0,30,,16893,12,,,0,70,,16894,12,,,0,30,,16895,12,,,0,70,,16896,12,,,0,30,,16897,12,,,0,70,,16884,12,,,0,31,,16878,12,,,0,69,,16871,12,,,0,30,,16882,12,,,0,69,,16888,12,,,0,30,,16883,12,,,0,70,,16870,12,,,0,30,,16875,12,,,0,70,,16886,12,,,0,30,,16869,12,,,0,70,,16885,12,,,0,30,,16880,12,,,0,70,,16872,12,,,0,30,,16867,12,,,0,70,,16887,12,,,0,30,,16890,12,,,0,70,,16881,12,,,0,30,,16876,12,,,0,29,,16898,12,,,0,75,,16873,12,,,0,70,,16868,12,,,0,27,,16874,12,,,0,70,,16879,12,,,0,30,,16889,12,,,0,70,,16877,12,,,0
16019,'1796',631,,21176,21,,,0,70,,21177,21,,,0,31,,21178,21,,,0,70,,21179,21,,,0,30,,21180,21,,,0,69,,21181,21,,,0,30,,21182,21,,,0,70,,21183,21,,,0,30,,21184,21,,,0,70,,21185,21,,,0,30,,21186,21,,,0,70,,21187,21,,,0,30,,21188,21,,,0,71,,21189,21,,,0,30,,21190,21,,,0,70,,21191,21,,,0,30,,21192,21,,,0,70,,21193,21,,,0,30,,21194,21,,,0,70,,21195,21,,,0,30,,21196,21,,,0,69,,21197,21,,,0,30,,21198,21,,,0,70,,21199,21,,,0,30,,21200,21,,,0,70,,21201,21,,,0,30,,21202,21,,,0,70,,21203,21,,,0,30,,21204,21,,,0,70,,21205,21,,,0,30,,21173,21,,,0,70,,21174,21,,,0,30,,21175,21,,,0
16019,'1797',629,,21229,21,,,0,30,,21225,21,,,0,70,,21233,21,,,0,30,,21217,21,,,0,71,,21231,21,,,0,70,,21212,21,,,0,30,,21210,21,,,0,70,,21207,21,,,0,30,,21218,21,,,0,70,,21228,21,,,0,30,,21222,21,,,0,70,,21230,21,,,0,30,,21214,21,,,0,70,,21232,21,,,0,30,,21209,21,,,0,70,,21220,21,,,0,31,,21219,21,,,0,70,,21223,21,,,0,30,,21224,21,,,0,70,,21208,21,,,0,30,,21216,21,,,0,70,,21226,21,,,0,29,,21211,21,,,0,70,,21215,21,,,0,30,,21221,21,,,0,70,,21235,21,,,0,30,,21227,21,,,0,29,,21234,21,,,0,70,,21213,21,,,0,30,,21237,21,,,0,100,,21236,21,,,0,70,,21206,21,,,0
16019,'1798',759,,21238,21,,,0,141,,21241,21,,,0,100,,21251,21,,,0,100,,21250,21,,,0,100,,21239,21,,,0,100,,21242,21,,,0,100,,21244,21,,,0,101,,21247,21,,,0,100,,21246,21,,,0,100,,21240,21,,,0,99,,21248,21,,,0,100,,21249,21,,,0,59,,21245,21,,,0,100,,21243,21,,,0,100,,21252,21,,,0
16019,'1799',759,,21253,21,,,0,141,,21256,21,,,0,100,,21266,21,,,0,100,,21265,21,,,0,100,,21254,21,,,0,100,,21257,21,,,0,100,,21259,21,,,0,101,,21262,21,,,0,100,,21261,21,,,0,100,,21255,21,,,0,99,,21263,21,,,0,100,,21264,21,,,0,59,,21260,21,,,0,100,,21258,21,,,0,100,,21267,21,,,0
16019,'1800',759,,21268,21,,,0,141,,21271,21,,,0,100,,21281,21,,,0,100,,21280,21,,,0,100,,21269,21,,,0,100,,21272,21,,,0,100,,21274,21,,,0,101,,21277,21,,,0,100,,21276,21,,,0,100,,21270,21,,,0,99,,21278,21,,,0,100,,21279,21,,,0,59,,21275,21,,,0,100,,21273,21,,,0,100,,21282,21,,,0
16019,'1816',629,,10757,21,,,0,30,,10842,21,,,0,70,,10759,21,,,0,30,,10748,21,,,0,71,,10843,21,,,0,70,,10744,21,,,0,30,,10743,21,,,0,70,,10836,21,,,0,30,,10749,21,,,0,70,,10756,21,,,0,30,,10841,21,,,0,70,,10758,21,,,0,30,,10745,21,,,0,70,,10844,21,,,0,30,,10742,21,,,0,70,,10750,21,,,0,31,,10840,21,,,0,70,,10752,21,,,0,30,,10753,21,,,0,70,,10837,21,,,0,30,,10747,21,,,0,70,,10754,21,,,0,29,,10838,21,,,0,70,,10746,21,,,0,30,,10751,21,,,0,70,,10845,21,,,0,30,,10755,21,,,0,29,,10760,21,,,0,70,,10839,21,,,0,30,,10761,21,,,0,100,,10846,21,,,0,70,,10741,21,,,0
16019,'1817',759,,17481,21,,,0,141,,17484,21,,,0,100,,17492,21,,,0,100,,17491,21,,,0,100,,17482,21,,,0,100,,17485,21,,,0,100,,17486,21,,,0,101,,17489,21,,,0,100,,17488,21,,,0,100,,17483,21,,,0,99,,17490,21,,,0,100,,10774,21,,,0,59,,17487,21,,,0,100,,10768,21,,,0,100,,17493,21,,,0
31019,'1796',555,,21942,2,,,0,66,,21937,2,,,0,25,,21907,14,,,0,71,,21922,14,,,0,29,,21935,14,,,0,70,,21918,14,,,0,30,,21915,14,,,0,69,,21929,14,,,0,30,,21910,14,,,0,72,,21923,14,,,0,28,,21934,14,,,0,70,,21921,14,,,0,30,,21916,14,,,0,70,,21928,14,,,0,30,,21909,14,,,0,70,,21924,14,,,0,30,,21933,14,,,0,70,,21919,14,,,0,30,,21913,14,,,0,71,,21927,14,,,0,30,,21911,14,,,0,70,,21925,14,,,0,30,,21932,14,,,0,69,,21920,14,,,0,30,,21914,14,,,0,71,,21926,14,,,0,30,,21908,14,,,0,70,,21943,14,,,0,30,,21931,14,,,0,100,,21917,14,,,0,100,,21912,14,,,0,100,,21930,14,,,0
31019,'1797',556,,21979,2,,,0,66,,21972,2,,,0,24,,21949,14,,,0,70,,21965,14,,,0,30,,21978,14,,,0,70,,21961,14,,,0,30,,21955,14,,,0,70,,21971,14,,,0,30,,21948,14,,,0,70,,21964,14,,,0,30,,21973,14,,,0,70,,21960,14,,,0,30,,21954,14,,,0,70,,21970,14,,,0,30,,21947,14,,,0,70,,21963,14,,,0,30,,21976,14,,,0,70,,21959,14,,,0,30,,21953,14,,,0,70,,21969,14,,,0,30,,21946,14,,,0,70,,21962,14,,,0,30,,21975,14,,,0,70,,21958,14,,,0,30,,21952,14,,,0,70,,21968,14,,,0,30,,21945,14,,,0,70,,21980,14,,,0,30,,21974,14,,,0,100,,21951,14,,,0,100,,21944,14,,,0,100,,21977,14,,,0
31019,'1798',556,,21998,2,,,0,90,,21981,14,,,0,100,,21982,14,,,0,100,,21983,14,,,0,100,,21984,14,,,0,100,,21985,14,,,0,100,,21986,14,,,0,100,,21987,14,,,0,100,,21988,14,,,0,100,,21989,14,,,0,100,,21990,14,,,0,100,,21991,14,,,0,100,,21992,14,,,0,100,,21993,14,,,0,100,,21994,14,,,0,100,,21995,14,,,0,100,,21996,14,,,0,100,,21997,14,,,0
31019,'1799',556,,22017,2,,,0,90,,22000,14,,,0,100,,22001,14,,,0,100,,22002,14,,,0,100,,22003,14,,,0,100,,22004,14,,,0,100,,22005,14,,,0,100,,22006,14,,,0,100,,22007,14,,,0,100,,22008,14,,,0,100,,22009,14,,,0,100,,22010,14,,,0,100,,22011,14,,,0,100,,22012,14,,,0,100,,22013,14,,,0,100,,22014,14,,,0,100,,22015,14,,,0,100,,22016,14,,,0
31019,'1800',556,,22036,2,,,0,90,,22019,14,,,0,100,,22020,14,,,0,100,,22021,14,,,0,100,,22022,14,,,0,100,,22023,14,,,0,100,,22024,14,,,0,100,,22025,14,,,0,100,,22026,14,,,0,100,,22027,14,,,0,100,,22028,14,,,0,100,,22029,14,,,0,100,,22030,14,,,0,100,,22031,14,,,0,100,,22032,14,,,0,100,,22033,14,,,0,100,,22034,14,,,0,100,,22035,14,,,0
31019,'1817',556,,17821,2,,,0,90,,17804,14,,,0,100,,17805,14,,,0,100,,17806,14,,,0,100,,17807,14,,,0,100,,17808,14,,,0,100,,17809,14,,,0,100,,17810,14,,,0,100,,17811,14,,,0,100,,17812,14,,,0,100,,17813,14,,,0,100,,17814,14,,,0,100,,17815,14,,,0,100,,17816,14,,,0,100,,17817,14,,,0,100,,17818,14,,,0,100,,17819,14,,,0,100,,17820,14,,,0
31019,'1824',556,,17895,2,,,0,66,,17888,2,,,0,24,,17865,14,,,0,70,,17881,14,,,0,30,,17894,14,,,0,70,,17877,14,,,0,30,,17871,14,,,0,70,,17887,14,,,0,30,,17864,14,,,0,70,,17880,14,,,0,30,,17889,14,,,0,70,,17876,14,,,0,30,,17870,14,,,0,70,,17886,14,,,0,30,,17863,14,,,0,70,,17879,14,,,0,30,,17892,14,,,0,70,,17875,14,,,0,30,,17869,14,,,0,70,,17885,14,,,0,30,,17862,14,,,0,70,,17878,14,,,0,30,,17891,14,,,0,70,,17874,14,,,0,30,,17868,14,,,0,70,,17884,14,,,0,30,,17861,14,,,0,70,,17896,14,,,0,30,,17890,14,,,0,100,,17867,14,,,0,100,,17860,14,,,0,100,,17893,14,,,0
