4019,'1800',748,,28707,3,,,0,70,,35371,3,,,0,30,,28705,3,,,0,70,,28709,3,,,0,30,,35370,3,,,0,70,,35358,3,,,0,30,,35362,3,,,0,70,,35365,3,,,0,30,,35368,3,,,0,70,,35354,3,,,0,31,,35357,3,,,0,70,,35361,3,,,0,30,,35364,3,,,0,70,,35366,3,,,0,30,,35353,3,,,0,70,,35356,3,,,0,30,,35360,3,,,0,70,,35363,3,,,0,30,,35367,3,,,0,70,,35352,3,,,0,30,,35355,3,,,0,70,,35359,3,,,0,29,,28695,3,,,0,70,,35369,3,,,0,30,,35372,3,,,0,70,,28702,3,,,0,30,,35373,3,,,0,70,,28703,3,,,0
4019,'1838',748,,35397,3,,,0,70,,35398,3,,,0,30,,35395,3,,,0,70,,35399,3,,,0,30,,35396,3,,,0,70,,35380,3,,,0,30,,35384,3,,,0,70,,35388,3,,,0,30,,35391,3,,,0,70,,35376,3,,,0,31,,35379,3,,,0,70,,35383,3,,,0,30,,35387,3,,,0,70,,35389,3,,,0,30,,35375,3,,,0,70,,35378,3,,,0,30,,35382,3,,,0,70,,35386,3,,,0,30,,35390,3,,,0,70,,35374,3,,,0,30,,35377,3,,,0,70,,35381,3,,,0,29,,35385,3,,,0,70,,35394,3,,,0,30,,35400,3,,,0,70,,35392,3,,,0,30,,35401,3,,,0,70,,35393,3,,,0
4019,'1850',618,,28806,3,,,0,30,,28832,3,,,0,71,,28807,3,,,0,27,,28808,3,,,0,76,,28809,3,,,0,24,,28810,3,,,0,76,,28811,3,,,0,27,,28812,3,,,0,70,,28813,3,,,0,30,,28814,3,,,0,70,,28815,3,,,0,30,,28816,3,,,0,70,,28817,3,,,0,30,,28818,3,,,0,70,,28819,3,,,0,30,,28820,3,,,0,70,,28821,3,,,0,33,,28822,3,,,0,70,,28823,3,,,0,31,,28824,3,,,0,64,,28825,3,,,0,36,,28826,3,,,0,63,,28827,3,,,0,36,,28828,3,,,0,62,,28829,3,,,0,35,,28830,3,,,0,70,,28831,3,,,0,30,,28800,3,,,0,70,,28801,3,,,0,30,,28802,3,,,0,70,,28803,3,,,0,30,,28804,3,,,0,70,,28805,3,,,0
4019,'1859',648,,28771,3,,,0,70,,28747,3,,,0,30,,28741,3,,,0,70,,28751,3,,,0,30,,28762,3,,,0,70,,28757,3,,,0,30,,28745,3,,,0,871,,28770,3,,,0,129,,28753,3,,,0,70,,28761,3,,,0,30,,28746,3,,,0,70,,28756,3,,,0,30,,28750,3,,,0,70,,28758,3,,,0
4019,'1861',748,,28795,3,,,0,100,,28793,3,,,0,70,,28797,3,,,0,930,,28783,3,,,0,170,,28790,3,,,0,100,,28791,3,,,0
4019,'1862',1018,,35417,3,,,0,30,,35405,3,,,0,70,,35414,3,,,0,30,,35411,3,,,0,70,,35408,3,,,0,31,,35415,3,,,0,70,,35418,3,,,0,30,,35404,3,,,0,70,,35409,3,,,0,30,,35403,3,,,0,70,,35406,3,,,0,30,,35416,3,,,0,70,,35413,3,,,0,30,,35412,3,,,0,70,,35407,3,,,0,30,,35419,3,,,0,99,,35402,3,,,0,70,,35410,3,,,0
4019,'1863',818,,35439,3,,,0,130,,35438,3,,,0,70,,35426,3,,,0,30,,35430,3,,,0,70,,35433,3,,,0,30,,35436,3,,,0,70,,35422,3,,,0,31,,35425,3,,,0,70,,35429,3,,,0,30,,35432,3,,,0,70,,35434,3,,,0,30,,35421,3,,,0,70,,35424,3,,,0,30,,35428,3,,,0,70,,35431,3,,,0,30,,35435,3,,,0,70,,35420,3,,,0,30,,35423,3,,,0,70,,35427,3,,,0,99,,35437,3,,,0,30,,35440,3,,,0,100,,35441,3,,,0
4019,'1864',618,,28839,3,,,0,30,,28865,3,,,0,71,,35443,3,,,0,27,,28841,3,,,0,76,,28842,3,,,0,24,,28843,3,,,0,76,,35444,3,,,0,27,,28845,3,,,0,70,,35445,3,,,0,30,,28847,3,,,0,70,,28848,3,,,0,30,,35446,3,,,0,70,,35447,3,,,0,30,,28851,3,,,0,70,,28852,3,,,0,30,,28853,3,,,0,70,,35448,3,,,0,33,,35449,3,,,0,70,,28856,3,,,0,31,,28857,3,,,0,64,,28858,3,,,0,36,,28859,3,,,0,63,,28860,3,,,0,36,,35450,3,,,0,62,,35451,3,,,0,35,,28863,3,,,0,70,,28864,3,,,0,30,,28833,3,,,0,70,,28834,3,,,0,30,,28835,3,,,0,70,,28836,3,,,0,30,,35442,3,,,0,70,,28838,3,,,0
4019,'1865',618,,35458,3,,,0,30,,35484,3,,,0,71,,35459,3,,,0,27,,35460,3,,,0,76,,35461,3,,,0,24,,35462,3,,,0,76,,35463,3,,,0,27,,35464,3,,,0,70,,35465,3,,,0,30,,35466,3,,,0,70,,35467,3,,,0,30,,35468,3,,,0,70,,35469,3,,,0,30,,35470,3,,,0,70,,35471,3,,,0,30,,35472,3,,,0,70,,35473,3,,,0,33,,35474,3,,,0,70,,35475,3,,,0,31,,35476,3,,,0,64,,35477,3,,,0,36,,35478,3,,,0,63,,35479,3,,,0,36,,35480,3,,,0,62,,35481,3,,,0,35,,35482,3,,,0,70,,35483,3,,,0,30,,35452,3,,,0,70,,35453,3,,,0,30,,35454,3,,,0,70,,35455,3,,,0,30,,35456,3,,,0,70,,35457,3,,,0
4019,'1866',648,,35516,3,,,0,70,,35492,3,,,0,30,,35486,3,,,0,70,,35496,3,,,0,30,,35507,3,,,0,70,,35502,3,,,0,30,,35490,3,,,0,70,,35512,3,,,0,30,,35489,3,,,0,70,,35509,3,,,0,30,,35504,3,,,0,70,,35497,3,,,0,31,,35510,3,,,0,70,,35513,3,,,0,30,,35488,3,,,0,70,,35499,3,,,0,30,,35487,3,,,0,70,,35493,3,,,0,30,,35511,3,,,0,70,,35508,3,,,0,30,,35505,3,,,0,70,,35494,3,,,0,30,,35514,3,,,0,70,,35515,3,,,0,29,,35485,3,,,0,70,,35500,3,,,0,30,,35498,3,,,0,70,,35506,3,,,0,30,,35491,3,,,0,70,,35501,3,,,0,30,,35495,3,,,0,70,,35503,3,,,0
4019,'1867',748,,35540,3,,,0,70,,35541,3,,,0,30,,35538,3,,,0,70,,35542,3,,,0,30,,35539,3,,,0,70,,35523,3,,,0,30,,35527,3,,,0,70,,35531,3,,,0,30,,35534,3,,,0,70,,35519,3,,,0,31,,35522,3,,,0,70,,35526,3,,,0,30,,35530,3,,,0,70,,35532,3,,,0,30,,35518,3,,,0,70,,35521,3,,,0,30,,35525,3,,,0,70,,35529,3,,,0,30,,35533,3,,,0,70,,35517,3,,,0,30,,35520,3,,,0,70,,35524,3,,,0,29,,35528,3,,,0,70,,35537,3,,,0,30,,35543,3,,,0,70,,35535,3,,,0,30,,35544,3,,,0,70,,35536,3,,,0
502019,'1800',632,,32357,3,,,0,70,,39078,3,,,0,30,,32360,3,,,0,70,,39085,3,,,0,30,,32354,3,,,0,70,,39084,3,,,0,30,,32356,3,,,0,71,,32372,3,,,0,30,,32351,3,,,0,70,,39083,3,,,0,30,,32346,3,,,0,70,,32370,3,,,0,30,,39079,3,,,0,70,,32368,3,,,0,30,,32347,3,,,0,70,,32369,3,,,0,30,,32350,3,,,0,70,,39082,3,,,0,30,,32344,3,,,0,70,,32366,3,,,0,30,,32348,3,,,0,70,,32365,3,,,0,30,,32345,3,,,0,70,,32364,3,,,0,30,,32358,3,,,0,70,,39081,3,,,0,30,,39080,3,,,0,69,,32362,3,,,0,30,,32352,3,,,0,70,,32375,3,,,0,30,,32361,3,,,0,70,,32376,3,,,0,30,,32355,3,,,0,70,,32377,3,,,0,30,,32353,3,,,0
502019,'1838',632,,39100,3,,,0,70,,39086,3,,,0,30,,39103,3,,,0,70,,39117,3,,,0,30,,39097,3,,,0,70,,39116,3,,,0,30,,39099,3,,,0,71,,39115,3,,,0,30,,39094,3,,,0,70,,39114,3,,,0,30,,39089,3,,,0,70,,39113,3,,,0,30,,39092,3,,,0,70,,39111,3,,,0,30,,39090,3,,,0,70,,39112,3,,,0,30,,39093,3,,,0,70,,39110,3,,,0,30,,39087,3,,,0,70,,39109,3,,,0,30,,39091,3,,,0,70,,39108,3,,,0,30,,39088,3,,,0,70,,39107,3,,,0,30,,39101,3,,,0,70,,39106,3,,,0,30,,39102,3,,,0,69,,39105,3,,,0,30,,39095,3,,,0,70,,39118,3,,,0,30,,39104,3,,,0,70,,39119,3,,,0,30,,39098,3,,,0,70,,39120,3,,,0,30,,39096,3,,,0
502019,'1850',602,,32482,3,,,0,30,,32483,3,,,0,25,,32523,3,,,0,50,,32484,3,,,0,26,,32485,3,,,0,24,,32486,3,,,0,52,,32487,3,,,0,24,,32488,3,,,0,24,,32489,3,,,0,52,,32490,3,,,0,24,,32491,3,,,0,70,,32492,3,,,0,30,,32493,3,,,0,70,,32494,3,,,0,30,,32495,3,,,0,70,,32496,3,,,0,30,,32497,3,,,0,70,,32498,3,,,0,30,,32499,3,,,0,70,,32500,3,,,0,33,,32501,3,,,0,70,,32502,3,,,0,30,,32503,3,,,0,68,,32504,3,,,0,24,,32505,3,,,0,12,,32506,3,,,0,63,,32507,3,,,0,6,,32524,3,,,0,18,,32508,3,,,0,12,,32509,3,,,0,64,,32510,3,,,0,22,,32511,3,,,0,12,,32512,3,,,0,66,,32513,3,,,0,30,,32514,3,,,0,69,,32515,3,,,0,30,,32516,3,,,0,70,,32517,3,,,0,30,,32518,3,,,0,70,,32519,3,,,0,30,,32520,3,,,0,70,,32521,3,,,0,30,,32522,3,,,0
502019,'1859',632,,32420,3,,,0,70,,32427,3,,,0,30,,32419,3,,,0,70,,32428,3,,,0,30,,32418,3,,,0,70,,32429,3,,,0,30,,32417,3,,,0,71,,32430,3,,,0,30,,32438,3,,,0,70,,32431,3,,,0,30,,32439,3,,,0,70,,32432,3,,,0,30,,32440,3,,,0,70,,32433,3,,,0,30,,32441,3,,,0,70,,32434,3,,,0,30,,32442,3,,,0,70,,32435,3,,,0,30,,32443,3,,,0,70,,32436,3,,,0,30,,32444,3,,,0,70,,32437,3,,,0,30,,32445,3,,,0,70,,32421,3,,,0,30,,32446,3,,,0,70,,32423,3,,,0,99,,32422,3,,,0,30,,32416,3,,,0,70,,32424,3,,,0,30,,32415,3,,,0,70,,32425,3,,,0,30,,32414,3,,,0,70,,32426,3,,,0,30,,32413,3,,,0
502019,'1861',632,,32461,3,,,0,100,,32464,3,,,0,100,,32458,3,,,0,100,,32460,3,,,0,71,,32476,3,,,0,30,,32455,3,,,0,100,,32450,3,,,0,70,,32474,3,,,0,100,,32472,3,,,0,30,,32451,3,,,0,70,,32473,3,,,0,30,,32454,3,,,0,100,,32448,3,,,0,70,,32470,3,,,0,30,,32452,3,,,0,70,,32469,3,,,0,30,,32449,3,,,0,70,,32468,3,,,0,30,,32462,3,,,0,169,,32466,3,,,0,30,,32456,3,,,0,70,,32479,3,,,0,30,,32465,3,,,0,70,,32480,3,,,0,30,,32459,3,,,0,70,,32481,3,,,0,30,,32457,3,,,0
502019,'1863',702,,39121,3,,,0,100,,39128,3,,,0,100,,39127,3,,,0,201,,39126,3,,,0,130,,39122,3,,,0,270,,39125,3,,,0,400,,39124,3,,,0,30,,39123,3,,,0
502019,'1864',602,,39129,3,,,0,30,,32526,3,,,0,25,,32566,3,,,0,50,,39130,3,,,0,26,,39131,3,,,0,24,,32529,3,,,0,52,,39132,3,,,0,24,,39133,3,,,0,24,,32532,3,,,0,52,,39134,3,,,0,24,,32534,3,,,0,70,,32535,3,,,0,30,,39135,3,,,0,70,,39136,3,,,0,30,,39137,3,,,0,70,,32539,3,,,0,30,,32540,3,,,0,70,,32541,3,,,0,30,,39138,3,,,0,70,,32543,3,,,0,33,,32544,3,,,0,70,,32545,3,,,0,30,,32546,3,,,0,68,,32547,3,,,0,24,,39139,3,,,0,12,,39140,3,,,0,63,,32550,3,,,0,6,,39146,3,,,0,18,,32551,3,,,0,12,,32552,3,,,0,64,,39141,3,,,0,22,,32554,3,,,0,12,,39142,3,,,0,66,,39143,3,,,0,30,,32557,3,,,0,69,,39144,3,,,0,30,,32559,3,,,0,70,,39145,3,,,0,30,,32561,3,,,0,70,,32562,3,,,0,30,,32563,3,,,0,70,,32564,3,,,0,30,,32565,3,,,0
502019,'1865',602,,39147,3,,,0,30,,39148,3,,,0,25,,39188,3,,,0,50,,39149,3,,,0,26,,39150,3,,,0,24,,39151,3,,,0,52,,39152,3,,,0,24,,39153,3,,,0,24,,39154,3,,,0,52,,39155,3,,,0,24,,39156,3,,,0,70,,39157,3,,,0,30,,39158,3,,,0,70,,39159,3,,,0,30,,39160,3,,,0,70,,39161,3,,,0,30,,39162,3,,,0,70,,39163,3,,,0,30,,39164,3,,,0,70,,39165,3,,,0,33,,39166,3,,,0,70,,39167,3,,,0,30,,39168,3,,,0,68,,39169,3,,,0,24,,39170,3,,,0,12,,39171,3,,,0,63,,39172,3,,,0,6,,39189,3,,,0,18,,39173,3,,,0,12,,39174,3,,,0,64,,39175,3,,,0,22,,39176,3,,,0,12,,39177,3,,,0,66,,39178,3,,,0,30,,39179,3,,,0,69,,39180,3,,,0,30,,39181,3,,,0,70,,39182,3,,,0,30,,39183,3,,,0,70,,39184,3,,,0,30,,39185,3,,,0,70,,39186,3,,,0,30,,39187,3,,,0
502019,'1866',632,,39197,3,,,0,70,,39204,3,,,0,30,,39196,3,,,0,70,,39205,3,,,0,30,,39195,3,,,0,70,,39206,3,,,0,30,,39194,3,,,0,71,,39207,3,,,0,30,,39215,3,,,0,70,,39208,3,,,0,30,,39216,3,,,0,70,,39209,3,,,0,30,,39217,3,,,0,70,,39210,3,,,0,30,,39218,3,,,0,70,,39211,3,,,0,30,,39219,3,,,0,70,,39212,3,,,0,30,,39220,3,,,0,70,,39213,3,,,0,30,,39221,3,,,0,70,,39214,3,,,0,30,,39222,3,,,0,70,,39198,3,,,0,30,,39223,3,,,0,70,,39200,3,,,0,99,,39199,3,,,0,30,,39193,3,,,0,70,,39201,3,,,0,30,,39192,3,,,0,70,,39202,3,,,0,30,,39191,3,,,0,70,,39203,3,,,0,30,,39190,3,,,0
502019,'1867',632,,39238,3,,,0,70,,39224,3,,,0,30,,39241,3,,,0,70,,39255,3,,,0,30,,39235,3,,,0,70,,39254,3,,,0,30,,39237,3,,,0,71,,39253,3,,,0,30,,39232,3,,,0,70,,39252,3,,,0,30,,39227,3,,,0,70,,39251,3,,,0,30,,39230,3,,,0,70,,39249,3,,,0,30,,39228,3,,,0,70,,39250,3,,,0,30,,39231,3,,,0,70,,39248,3,,,0,30,,39225,3,,,0,70,,39247,3,,,0,30,,39229,3,,,0,70,,39246,3,,,0,30,,39226,3,,,0,70,,39245,3,,,0,30,,39239,3,,,0,70,,39244,3,,,0,30,,39240,3,,,0,69,,39243,3,,,0,30,,39233,3,,,0,70,,39256,3,,,0,30,,39242,3,,,0,70,,39257,3,,,0,30,,39236,3,,,0,70,,39258,3,,,0,30,,39234,3,,,0
701019,'1800',619,,39877,3,,,0,28,,33140,3,,,0,70,,39899,3,,,0,30,,39876,3,,,0,55,,39855,3,,,0,15,,39917,3,,,0,15,,39837,3,,,0,15,,39886,3,,,0,55,,39839,3,,,0,15,,39873,3,,,0,15,,39856,3,,,0,15,,39913,3,,,0,55,,39831,3,,,0,15,,39897,3,,,0,15,,39840,3,,,0,15,,33094,3,,,0,55,,39835,3,,,0,16,,33134,3,,,0,15,,39843,3,,,0,15,,39895,3,,,0,55,,39838,3,,,0,15,,39871,3,,,0,15,,39850,3,,,0,15,,39910,3,,,0,55,,39841,3,,,0,15,,39891,3,,,0,15,,39846,3,,,0,15,,39869,3,,,0,55,,39849,3,,,0,15,,39918,3,,,0,15,,39836,3,,,0,15,,39892,3,,,0,55,,39848,3,,,0,15,,39867,3,,,0,15,,39852,3,,,0,15,,39914,3,,,0,55,,39833,3,,,0,15,,39898,3,,,0,15,,39834,3,,,0,15,,39865,3,,,0,55,,39851,3,,,0,15,,39908,3,,,0,15,,39832,3,,,0,15,,39888,3,,,0,55,,39847,3,,,0,14,,39864,3,,,0,15,,39853,3,,,0,15,,39907,3,,,0,55,,39844,3,,,0,15,,39889,3,,,0,15,,39845,3,,,0,15,,39862,3,,,0,55,,39854,3,,,0,15,,39919,3,,,0,15,,39842,3,,,0,15,,39887,3,,,0,70,,39859,3,,,0,30,,39915,3,,,0,70,,39882,3,,,0,30,,39857,3,,,0,70,,39920,3,,,0,25,,39922,3,,,0,65,,39921,3,,,0
701019,'1838',619,,39972,3,,,0,28,,40013,3,,,0,70,,39994,3,,,0,30,,39971,3,,,0,55,,39948,3,,,0,15,,40016,3,,,0,15,,39930,3,,,0,15,,39981,3,,,0,55,,39932,3,,,0,15,,39968,3,,,0,15,,39949,3,,,0,15,,40011,3,,,0,55,,39924,3,,,0,15,,39992,3,,,0,15,,39933,3,,,0,15,,39967,3,,,0,55,,39928,3,,,0,16,,40007,3,,,0,15,,39936,3,,,0,15,,39990,3,,,0,55,,39931,3,,,0,15,,39964,3,,,0,15,,39943,3,,,0,15,,40008,3,,,0,55,,39934,3,,,0,15,,39986,3,,,0,15,,39939,3,,,0,15,,39962,3,,,0,55,,39942,3,,,0,15,,40017,3,,,0,15,,39929,3,,,0,15,,39987,3,,,0,55,,39941,3,,,0,15,,39960,3,,,0,15,,39945,3,,,0,15,,40012,3,,,0,55,,39926,3,,,0,15,,39993,3,,,0,15,,39927,3,,,0,15,,39958,3,,,0,55,,39944,3,,,0,15,,40004,3,,,0,15,,39925,3,,,0,15,,39983,3,,,0,55,,39940,3,,,0,14,,39957,3,,,0,15,,39946,3,,,0,15,,40003,3,,,0,55,,39937,3,,,0,15,,39984,3,,,0,15,,39938,3,,,0,15,,39955,3,,,0,55,,39947,3,,,0,15,,40018,3,,,0,15,,39935,3,,,0,15,,39982,3,,,0,70,,39952,3,,,0,30,,40014,3,,,0,70,,39977,3,,,0,30,,39950,3,,,0,70,,40019,3,,,0,25,,40021,3,,,0,65,,40020,3,,,0
701019,'1850',559,,33447,3,,,0,70,,33448,3,,,0,18,,33449,3,,,0,55,,33450,3,,,0,16,,33451,3,,,0,15,,33452,3,,,0,15,,33453,3,,,0,55,,33454,3,,,0,15,,33455,3,,,0,15,,33456,3,,,0,15,,33457,3,,,0,55,,33458,3,,,0,15,,33459,3,,,0,15,,33460,3,,,0,15,,33555,3,,,0,55,,33461,3,,,0,15,,33462,3,,,0,15,,33463,3,,,0,15,,33464,3,,,0,55,,33465,3,,,0,15,,33466,3,,,0,15,,33467,3,,,0,15,,33468,3,,,0,55,,33469,3,,,0,15,,33470,3,,,0,15,,33471,3,,,0,15,,33472,3,,,0,55,,33473,3,,,0,15,,33474,3,,,0,15,,33475,3,,,0,15,,33476,3,,,0,55,,33477,3,,,0,15,,33478,3,,,0,15,,33479,3,,,0,15,,33480,3,,,0,55,,33546,3,,,0,15,,33481,3,,,0,15,,33482,3,,,0,15,,33483,3,,,0,55,,33484,3,,,0,15,,33549,3,,,0,15,,33485,3,,,0,15,,33486,3,,,0,55,,33487,3,,,0,15,,33488,3,,,0,15,,33489,3,,,0,15,,33490,3,,,0,55,,33491,3,,,0,15,,33492,3,,,0,15,,33493,3,,,0,14,,33494,3,,,0,55,,33495,3,,,0,15,,33496,3,,,0,15,,33497,3,,,0,15,,33498,3,,,0,55,,33499,3,,,0,15,,33500,3,,,0,15,,33501,3,,,0,15,,33502,3,,,0,70,,33503,3,,,0,30,,33504,3,,,0,70,,33505,3,,,0,30,,33506,3,,,0,70,,33507,3,,,0,25,,33508,3,,,0,65,,33509,3,,,0
701019,'1861',647,,33437,3,,,0,400,,33391,3,,,0,71,,33431,3,,,0
701019,'1862',619,,40092,3,,,0,28,,40057,3,,,0,70,,40037,3,,,0,30,,40049,3,,,0,55,,40095,3,,,0,15,,40061,3,,,0,15,,40096,3,,,0,15,,40027,3,,,0,55,,40097,3,,,0,15,,40038,3,,,0,15,,40104,3,,,0,15,,40050,3,,,0,55,,40107,3,,,0,15,,40062,3,,,0,15,,40102,3,,,0,15,,40028,3,,,0,55,,40105,3,,,0,16,,40039,3,,,0,15,,40103,3,,,0,15,,40051,3,,,0,55,,40106,3,,,0,15,,40063,3,,,0,15,,40118,3,,,0,15,,40029,3,,,0,55,,40117,3,,,0,15,,40040,3,,,0,15,,40116,3,,,0,15,,40052,3,,,0,55,,40115,3,,,0,15,,40064,3,,,0,15,,40114,3,,,0,15,,40030,3,,,0,55,,40113,3,,,0,15,,40041,3,,,0,15,,40119,3,,,0,15,,40053,3,,,0,55,,40112,3,,,0,15,,40065,3,,,0,15,,40111,3,,,0,15,,40031,3,,,0,55,,40110,3,,,0,15,,40042,3,,,0,15,,40109,3,,,0,15,,40054,3,,,0,55,,40108,3,,,0,14,,40066,3,,,0,15,,40120,3,,,0,15,,40032,3,,,0,55,,40093,3,,,0,15,,40043,3,,,0,15,,40098,3,,,0,15,,40055,3,,,0,55,,40099,3,,,0,15,,40067,3,,,0,15,,40100,3,,,0,15,,40033,3,,,0,70,,40044,3,,,0,30,,40056,3,,,0,70,,40068,3,,,0,30,,40088,3,,,0,70,,40091,3,,,0,25,,40101,3,,,0,65,,40094,3,,,0
701019,'1863',619,,40168,3,,,0,98,,40190,3,,,0,30,,40167,3,,,0,55,,40146,3,,,0,15,,40208,3,,,0,15,,40128,3,,,0,15,,40177,3,,,0,55,,40130,3,,,0,15,,40164,3,,,0,15,,40147,3,,,0,15,,40204,3,,,0,55,,40122,3,,,0,15,,40188,3,,,0,15,,40131,3,,,0,70,,40126,3,,,0,31,,40134,3,,,0,15,,40186,3,,,0,55,,40129,3,,,0,15,,40162,3,,,0,15,,40141,3,,,0,15,,40201,3,,,0,55,,40132,3,,,0,15,,40182,3,,,0,15,,40137,3,,,0,15,,40160,3,,,0,55,,40140,3,,,0,15,,40209,3,,,0,15,,40127,3,,,0,15,,40183,3,,,0,55,,40139,3,,,0,15,,40158,3,,,0,15,,40143,3,,,0,15,,40205,3,,,0,55,,40124,3,,,0,15,,40189,3,,,0,15,,40125,3,,,0,15,,40156,3,,,0,55,,40142,3,,,0,15,,40199,3,,,0,15,,40123,3,,,0,15,,40179,3,,,0,55,,40138,3,,,0,14,,40155,3,,,0,15,,40144,3,,,0,15,,40198,3,,,0,55,,40135,3,,,0,15,,40180,3,,,0,15,,40136,3,,,0,15,,40153,3,,,0,55,,40145,3,,,0,15,,40210,3,,,0,15,,40133,3,,,0,15,,40178,3,,,0,70,,40150,3,,,0,30,,40206,3,,,0,70,,40173,3,,,0,30,,40148,3,,,0,70,,40211,3,,,0,25,,40213,3,,,0,65,,40212,3,,,0
701019,'1864',559,,40215,3,,,0,70,,40216,3,,,0,18,,40217,3,,,0,55,,40218,3,,,0,16,,40219,3,,,0,15,,40220,3,,,0,15,,40221,3,,,0,55,,40222,3,,,0,15,,40223,3,,,0,15,,40224,3,,,0,15,,40225,3,,,0,55,,40226,3,,,0,15,,40227,3,,,0,15,,40228,3,,,0,15,,40316,3,,,0,55,,40229,3,,,0,15,,40230,3,,,0,15,,40231,3,,,0,15,,40232,3,,,0,55,,40233,3,,,0,15,,40234,3,,,0,15,,40235,3,,,0,15,,40236,3,,,0,55,,40237,3,,,0,15,,40238,3,,,0,15,,40239,3,,,0,15,,40240,3,,,0,55,,40241,3,,,0,15,,40242,3,,,0,15,,40243,3,,,0,15,,40244,3,,,0,55,,40245,3,,,0,15,,40246,3,,,0,15,,40247,3,,,0,15,,33589,3,,,0,55,,33655,3,,,0,15,,33590,3,,,0,15,,40248,3,,,0,15,,33592,3,,,0,55,,40249,3,,,0,15,,33658,3,,,0,15,,40250,3,,,0,15,,40251,3,,,0,55,,40252,3,,,0,15,,40253,3,,,0,15,,40254,3,,,0,15,,40255,3,,,0,55,,40256,3,,,0,15,,40257,3,,,0,15,,40258,3,,,0,14,,40259,3,,,0,55,,40260,3,,,0,15,,40261,3,,,0,15,,40262,3,,,0,15,,40263,3,,,0,55,,40264,3,,,0,15,,40265,3,,,0,15,,40266,3,,,0,15,,40267,3,,,0,70,,40268,3,,,0,30,,40269,3,,,0,70,,40270,3,,,0,30,,40271,3,,,0,70,,40272,3,,,0,25,,40273,3,,,0,65,,40274,3,,,0
701019,'1865',559,,40317,3,,,0,70,,40318,3,,,0,18,,40319,3,,,0,55,,40320,3,,,0,16,,40321,3,,,0,15,,40322,3,,,0,15,,40323,3,,,0,55,,40324,3,,,0,15,,40325,3,,,0,15,,40326,3,,,0,15,,40327,3,,,0,55,,40328,3,,,0,15,,40329,3,,,0,15,,40330,3,,,0,15,,40425,3,,,0,55,,40331,3,,,0,15,,40332,3,,,0,15,,40333,3,,,0,15,,40334,3,,,0,55,,40335,3,,,0,15,,40336,3,,,0,15,,40337,3,,,0,15,,40338,3,,,0,55,,40339,3,,,0,15,,40340,3,,,0,15,,40341,3,,,0,15,,40342,3,,,0,55,,40343,3,,,0,15,,40344,3,,,0,15,,40345,3,,,0,15,,40346,3,,,0,55,,40347,3,,,0,15,,40348,3,,,0,15,,40349,3,,,0,15,,40350,3,,,0,55,,40416,3,,,0,15,,40351,3,,,0,15,,40352,3,,,0,15,,40353,3,,,0,55,,40354,3,,,0,15,,40419,3,,,0,15,,40355,3,,,0,15,,40356,3,,,0,55,,40357,3,,,0,15,,40358,3,,,0,15,,40359,3,,,0,15,,40360,3,,,0,55,,40361,3,,,0,15,,40362,3,,,0,15,,40363,3,,,0,14,,40364,3,,,0,55,,40365,3,,,0,15,,40366,3,,,0,15,,40367,3,,,0,15,,40368,3,,,0,55,,40369,3,,,0,15,,40370,3,,,0,15,,40371,3,,,0,15,,40372,3,,,0,70,,40373,3,,,0,30,,40374,3,,,0,70,,40375,3,,,0,30,,40376,3,,,0,70,,40377,3,,,0,25,,40378,3,,,0,65,,40379,3,,,0
701019,'1866',619,,40495,3,,,0,28,,40460,3,,,0,70,,40440,3,,,0,30,,40452,3,,,0,55,,40498,3,,,0,15,,40464,3,,,0,15,,40499,3,,,0,15,,40430,3,,,0,55,,40500,3,,,0,15,,40441,3,,,0,15,,40507,3,,,0,15,,40453,3,,,0,55,,40510,3,,,0,15,,40465,3,,,0,15,,40505,3,,,0,15,,40431,3,,,0,55,,40508,3,,,0,16,,40442,3,,,0,15,,40506,3,,,0,15,,40454,3,,,0,55,,40509,3,,,0,15,,40466,3,,,0,15,,40521,3,,,0,15,,40432,3,,,0,55,,40520,3,,,0,15,,40443,3,,,0,15,,40519,3,,,0,15,,40455,3,,,0,55,,40518,3,,,0,15,,40467,3,,,0,15,,40517,3,,,0,15,,40433,3,,,0,55,,40516,3,,,0,15,,40444,3,,,0,15,,40522,3,,,0,15,,40456,3,,,0,55,,40515,3,,,0,15,,40468,3,,,0,15,,40514,3,,,0,15,,40434,3,,,0,55,,40513,3,,,0,15,,40445,3,,,0,15,,40512,3,,,0,15,,40457,3,,,0,55,,40511,3,,,0,14,,40469,3,,,0,15,,40523,3,,,0,15,,40435,3,,,0,55,,40496,3,,,0,15,,40446,3,,,0,15,,40501,3,,,0,15,,40458,3,,,0,55,,40502,3,,,0,15,,40470,3,,,0,15,,40503,3,,,0,15,,40436,3,,,0,70,,40447,3,,,0,30,,40459,3,,,0,70,,40471,3,,,0,30,,40491,3,,,0,70,,40494,3,,,0,25,,40504,3,,,0,65,,40497,3,,,0
701019,'1867',619,,40573,3,,,0,28,,40614,3,,,0,70,,40595,3,,,0,30,,40572,3,,,0,55,,40549,3,,,0,15,,40617,3,,,0,15,,40531,3,,,0,15,,40582,3,,,0,55,,40533,3,,,0,15,,40569,3,,,0,15,,40550,3,,,0,15,,40612,3,,,0,55,,40525,3,,,0,15,,40593,3,,,0,15,,40534,3,,,0,15,,40568,3,,,0,55,,40529,3,,,0,16,,40608,3,,,0,15,,40537,3,,,0,15,,40591,3,,,0,55,,40532,3,,,0,15,,40565,3,,,0,15,,40544,3,,,0,15,,40609,3,,,0,55,,40535,3,,,0,15,,40587,3,,,0,15,,40540,3,,,0,15,,40563,3,,,0,55,,40543,3,,,0,15,,40618,3,,,0,15,,40530,3,,,0,15,,40588,3,,,0,55,,40542,3,,,0,15,,40561,3,,,0,15,,40546,3,,,0,15,,40613,3,,,0,55,,40527,3,,,0,15,,40594,3,,,0,15,,40528,3,,,0,15,,40559,3,,,0,55,,40545,3,,,0,15,,40605,3,,,0,15,,40526,3,,,0,15,,40584,3,,,0,55,,40541,3,,,0,14,,40558,3,,,0,15,,40547,3,,,0,15,,40604,3,,,0,55,,40538,3,,,0,15,,40585,3,,,0,15,,40539,3,,,0,15,,40556,3,,,0,55,,40548,3,,,0,15,,40619,3,,,0,15,,40536,3,,,0,15,,40583,3,,,0,70,,40553,3,,,0,30,,40615,3,,,0,70,,40578,3,,,0,30,,40551,3,,,0,70,,40620,3,,,0,25,,40622,3,,,0,65,,40621,3,,,0
