16019,'1838',749,,45134,7,,,0,101,,45136,7,,,0,100,,42594,7,,,0,100,,45142,7,,,0,100,,45135,7,,,0,100,,45137,7,,,0,100,,45138,7,,,0,100,,45140,7,,,0,100,,45139,7,,,0,100,,42583,7,,,0,100,,45141,7,,,0,100,,42592,7,,,0,99,,42588,7,,,0,100,,42586,7,,,0,100,,42595,7,,,0
16019,'1865',620,,42599,7,,,0,30,,42600,7,,,0,70,,42601,7,,,0,30,,42602,7,,,0,70,,42603,7,,,0,30,,42604,7,,,0,70,,42605,7,,,0,30,,45144,7,,,0,70,,42607,7,,,0,30,,42608,7,,,0,70,,45145,7,,,0,30,,42610,7,,,0,70,,42611,7,,,0,30,,42612,7,,,0,70,,42613,7,,,0,30,,42614,7,,,0,70,,45146,7,,,0,30,,42616,7,,,0,70,,42617,7,,,0,30,,42618,7,,,0,70,,42619,7,,,0,30,,42620,7,,,0,70,,45147,7,,,0,30,,42622,7,,,0,70,,42623,7,,,0,30,,42624,7,,,0,70,,42625,7,,,0,30,,45148,7,,,0,70,,42627,7,,,0,30,,42628,7,,,0,70,,45143,7,,,0,30,,42597,7,,,0,70,,42598,7,,,0
16019,'1866',619,,42652,7,,,0,30,,42648,7,,,0,70,,42656,7,,,0,30,,42640,7,,,0,71,,42654,7,,,0,30,,42635,7,,,0,70,,42633,7,,,0,30,,42630,7,,,0,70,,42641,7,,,0,30,,42651,7,,,0,70,,42645,7,,,0,30,,42653,7,,,0,70,,42637,7,,,0,30,,42655,7,,,0,70,,42632,7,,,0,30,,42643,7,,,0,70,,42642,7,,,0,30,,42646,7,,,0,70,,42647,7,,,0,30,,42631,7,,,0,70,,42639,7,,,0,30,,42649,7,,,0,70,,42634,7,,,0,30,,42638,7,,,0,70,,42644,7,,,0,30,,42658,7,,,0,70,,42650,7,,,0,29,,42657,7,,,0,70,,42636,7,,,0,30,,42660,7,,,0,100,,42659,7,,,0,70,,42629,7,,,0
16019,'1867',749,,45149,7,,,0,101,,45151,7,,,0,100,,42674,7,,,0,100,,45157,7,,,0,100,,45150,7,,,0,100,,45152,7,,,0,100,,45153,7,,,0,100,,45155,7,,,0,100,,45154,7,,,0,100,,42663,7,,,0,100,,45156,7,,,0,100,,42672,7,,,0,99,,42668,7,,,0,100,,42666,7,,,0,100,,42675,7,,,0
16019,'1873',619,,42732,7,,,0,30,,42728,7,,,0,70,,42736,7,,,0,30,,42720,7,,,0,71,,42734,7,,,0,30,,42715,7,,,0,70,,42713,7,,,0,30,,42710,7,,,0,70,,42721,7,,,0,30,,42731,7,,,0,70,,42725,7,,,0,30,,42733,7,,,0,70,,42717,7,,,0,30,,42735,7,,,0,70,,42712,7,,,0,30,,42723,7,,,0,70,,42722,7,,,0,30,,42726,7,,,0,70,,42727,7,,,0,30,,42711,7,,,0,70,,42719,7,,,0,30,,42729,7,,,0,70,,42714,7,,,0,30,,42718,7,,,0,70,,42724,7,,,0,30,,42738,7,,,0,70,,42730,7,,,0,29,,42737,7,,,0,70,,42716,7,,,0,30,,42740,7,,,0,100,,42739,7,,,0,70,,42709,7,,,0
16019,'1878',950,,42754,7,,,0,700,,42743,7,,,0,200,,42752,7,,,0,99,,42748,7,,,0,100,,42746,7,,,0,100,,42755,7,,,0
16019,'1881',950,,42686,7,,,0,170,,42689,7,,,0,300,,42695,7,,,0,300,,42701,7,,,0,230,,42706,7,,,0,170,,42676,7,,,0
16019,'1882',620,,42679,7,,,0,30,,42680,7,,,0,70,,42681,7,,,0,30,,42682,7,,,0,70,,42683,7,,,0,30,,42684,7,,,0,70,,42685,7,,,0,100,,42687,7,,,0,30,,42688,7,,,0,100,,42690,7,,,0,70,,42691,7,,,0,30,,42692,7,,,0,70,,42693,7,,,0,30,,42694,7,,,0,100,,42696,7,,,0,70,,42697,7,,,0,30,,42698,7,,,0,70,,42699,7,,,0,30,,42700,7,,,0,100,,42702,7,,,0,70,,42703,7,,,0,30,,42704,7,,,0,70,,42705,7,,,0,100,,42707,7,,,0,30,,42708,7,,,0,100,,42677,7,,,0,70,,42678,7,,,0
16019,'1886',950,,45159,7,,,0,170,,45160,7,,,0,300,,45161,7,,,0,300,,45162,7,,,0,230,,45163,7,,,0,170,,45158,7,,,0
16019,'1888',749,,45164,7,,,0,101,,45166,7,,,0,200,,45172,7,,,0,100,,45165,7,,,0,100,,45167,7,,,0,100,,45168,7,,,0,100,,45170,7,,,0,100,,45169,7,,,0,200,,45171,7,,,0
