7019,'1838',731,,35957,3,,,0,101,,35958,3,,,0,100,,44517,3,,,0,100,,35959,3,,,0,100,,35960,3,,,0,100,,44515,3,,,0,100,,35962,3,,,0,101,,35963,3,,,0,100,,44516,3,,,0,99,,35965,3,,,0,100,,35953,3,,,0,99,,44513,3,,,0,100,,35952,3,,,0,100,,35956,3,,,0,100,,44514,3,,,0
7019,'1865',529,,44531,3,,,0,103,,44532,3,,,0,70,,44533,3,,,0,32,,36047,3,,,0,70,,36040,3,,,0,32,,36048,3,,,0,68,,44534,3,,,0,30,,42371,3,,,0,70,,42370,3,,,0,30,,42372,3,,,0,70,,36043,3,,,0,30,,36051,3,,,0,70,,36044,3,,,0,30,,44537,3,,,0,70,,44535,3,,,0,30,,42373,3,,,0,71,,44536,3,,,0,30,,44543,3,,,0,73,,42376,3,,,0,28,,36068,3,,,0,70,,44544,3,,,0,30,,44538,3,,,0,68,,44539,3,,,0,30,,42374,3,,,0,70,,44540,3,,,0,28,,36059,3,,,0,70,,36060,3,,,0,30,,44541,3,,,0,70,,44542,3,,,0,30,,36063,3,,,0,100,,36064,3,,,0,99,,36065,3,,,0,100,,42375,3,,,0
7019,'1866',632,,36086,3,,,0,69,,44548,3,,,0,30,,44553,3,,,0,70,,36080,3,,,0,31,,36088,3,,,0,70,,44549,3,,,0,30,,36089,3,,,0,70,,44550,3,,,0,30,,44554,3,,,0,70,,44551,3,,,0,30,,36091,3,,,0,70,,36084,3,,,0,30,,36092,3,,,0,70,,44552,3,,,0,30,,44555,3,,,0,70,,36098,3,,,0,31,,36094,3,,,0,70,,36100,3,,,0,30,,36095,3,,,0,70,,44557,3,,,0,29,,44556,3,,,0,70,,44558,3,,,0,30,,36097,3,,,0,70,,44561,3,,,0,29,,36074,3,,,0,70,,44559,3,,,0,30,,44547,3,,,0,70,,44560,3,,,0,30,,36076,3,,,0,100,,36077,3,,,0,100,,36078,3,,,0
7019,'1867',731,,36113,3,,,0,101,,36114,3,,,0,100,,44568,3,,,0,100,,36115,3,,,0,100,,36116,3,,,0,100,,44566,3,,,0,100,,36118,3,,,0,101,,36119,3,,,0,100,,44567,3,,,0,99,,36121,3,,,0,100,,36109,3,,,0,99,,44564,3,,,0,100,,36108,3,,,0,100,,36112,3,,,0,100,,44565,3,,,0
7019,'1873',632,,29380,3,,,0,169,,29374,3,,,0,31,,29382,3,,,0,100,,29383,3,,,0,200,,29385,3,,,0,70,,29378,3,,,0,30,,29386,3,,,0,170,,29392,3,,,0,31,,29388,3,,,0,70,,29394,3,,,0,30,,29389,3,,,0,199,,29391,3,,,0,99,,29368,3,,,0,200,,29370,3,,,0,100,,29371,3,,,0,100,,29372,3,,,0
7019,'1878',731,,29407,3,,,0,101,,29408,3,,,0,200,,29409,3,,,0,100,,29410,3,,,0,200,,29412,3,,,0,101,,29413,3,,,0,199,,29415,3,,,0,100,,29403,3,,,0,199,,29402,3,,,0,100,,29406,3,,,0
7019,'1881',529,,36014,3,,,0,103,,36015,3,,,0,70,,29478,3,,,0,202,,36016,3,,,0,330,,36022,3,,,0,70,,36018,3,,,0,101,,36019,3,,,0,30,,36030,3,,,0,171,,36032,3,,,0,30,,36024,3,,,0,68,,36026,3,,,0,100,,36028,3,,,0,128,,36029,3,,,0,70,,29501,3,,,0
7019,'1882',734,,29486,3,,,0,70,,29479,3,,,0,32,,29487,3,,,0,98,,42396,3,,,0,70,,42395,3,,,0,30,,42397,3,,,0,70,,29482,3,,,0,30,,29490,3,,,0,70,,29483,3,,,0,130,,42398,3,,,0,174,,42401,3,,,0,28,,29507,3,,,0,198,,42399,3,,,0,98,,29498,3,,,0,70,,29499,3,,,0,130,,29502,3,,,0,100,,29503,3,,,0,99,,29504,3,,,0,100,,42400,3,,,0
7019,'1886',529,,44582,3,,,0,103,,44583,3,,,0,70,,44584,3,,,0,202,,44585,3,,,0,330,,44588,3,,,0,70,,44586,3,,,0,101,,44587,3,,,0,30,,44594,3,,,0,171,,44595,3,,,0,30,,44589,3,,,0,68,,44590,3,,,0,100,,44591,3,,,0,128,,44592,3,,,0,70,,44593,3,,,0
7019,'1887',701,,44599,3,,,0,30,,44604,3,,,0,171,,44600,3,,,0,100,,44601,3,,,0,30,,44605,3,,,0,70,,44602,3,,,0,200,,44603,3,,,0,30,,44606,3,,,0,271,,44608,3,,,0,29,,44607,3,,,0,70,,44609,3,,,0,100,,44612,3,,,0,99,,44610,3,,,0,30,,44598,3,,,0,70,,44611,3,,,0
7019,'1888',932,,44619,3,,,0,300,,44617,3,,,0,301,,44618,3,,,0,298,,44615,3,,,0,300,,44616,3,,,0
