11019,'1838',850,,36451,4,,,0,100,,42449,4,,,0,103,,42450,4,,,0,100,,36454,4,,,0,100,,42451,4,,,0,100,,42452,4,,,0,100,,36457,4,,,0,100,,42453,4,,,0,100,,42454,4,,,0,97,,36460,4,,,0,100,,36461,4,,,0,100,,42455,4,,,0,95,,42456,4,0,5 2 8 7,0
11019,'1857',650,,29910,4,,,0,101,,29911,4,,,0,99,,29912,4,,,0,200,,29914,4,,,0,100,,36483,4,,,0,101,,36484,4,,,0,100,,36485,4,,,0,100,,36486,4,,,0,200,,36488,4,,,0,100,,36489,4,,,0,99,,36490,4,,,0,100,,29923,4,,,0,195,,29925,4,0,5 2 8 7,0
11019,'1865',650,,36492,4,,,0,101,,36493,4,,,0,99,,36494,4,,,0,100,,42457,4,,,0,100,,36496,4,,,0,100,,36497,4,,,0,101,,36498,4,,,0,100,,36499,4,,,0,100,,36500,4,,,0,100,,42458,4,,,0,100,,36502,4,,,0,100,,36503,4,,,0,99,,36504,4,,,0,100,,36505,4,,,0,100,,42459,4,,,0,95,,36507,4,0,5 2 8 7,0
11019,'1866',650,,36510,4,,,0,100,,36511,4,,,0,100,,36512,4,,,0,100,,36513,4,,,0,100,,36514,4,,,0,103,,36515,4,,,0,100,,36516,4,,,0,100,,36517,4,,,0,100,,36518,4,,,0,100,,36519,4,,,0,100,,36520,4,,,0,97,,36521,4,,,0,100,,36508,4,,,0,100,,36509,4,,,0,100,,36522,4,0,5 2 8 7,0
11019,'1867',850,,36523,4,,,0,100,,42460,4,,,0,103,,42461,4,,,0,100,,36526,4,,,0,100,,42462,4,,,0,100,,42463,4,,,0,100,,36529,4,,,0,100,,42464,4,,,0,100,,42465,4,,,0,97,,36532,4,,,0,100,,36533,4,,,0,100,,42466,4,,,0,95,,42467,4,0,5 2 8 7,0
11019,'1871',950,,36482,4,,,0,601,,36487,4,,,0,499,,36491,4,,,0
11019,'1873',650,,36466,4,,,0,100,,36467,4,,,0,100,,29870,4,,,0,100,,29871,4,,,0,100,,36468,4,,,0,103,,36469,4,,,0,100,,36470,4,,,0,100,,29875,4,,,0,100,,36471,4,,,0,100,,29877,4,,,0,100,,29878,4,,,0,97,,36472,4,,,0,100,,36464,4,,,0,100,,36465,4,,,0,100,,36473,4,0,5 2 8 7,0
11019,'1874',950,,36474,4,,,0,103,,36475,4,,,0,200,,36476,4,,,0,100,,36477,4,,,0,200,,36478,4,,,0,100,,36479,4,,,0,297,,36480,4,,,0,95,,36481,4,0,5 2 8 7,0
11019,'1875',850,,29881,4,,,0,303,,29884,4,,,0,300,,29887,4,,,0,297,,29890,4,,,0,100,,29891,4,,,0
11019,'1876',950,,42468,4,,,0,601,,42469,4,,,0,499,,42470,4,,,0
11019,'1878',950,,42471,4,,,0,103,,42472,4,,,0,200,,42473,4,,,0,100,,42474,4,,,0,200,,42475,4,,,0,100,,42476,4,,,0,297,,42477,4,,,0,95,,42478,4,0,5 2 8 7,0
