16019,'1838',803,,45134,16,,,0,102,,45136,16,,,0,100,,42594,16,,,0,100,,45142,16,,,0,100,,45135,16,,,0,100,,45137,16,,,0,100,,45138,16,,,0,101,,45140,16,,,0,100,,45139,16,,,0,100,,42583,16,,,0,99,,45141,16,,,0,100,,42592,16,,,0,99,,42588,16,,,0,100,,42586,16,,,0,100,,42595,16,,,0
16019,'1865',636,,42599,16,,,0,70,,42600,16,,,0,31,,42601,16,,,0,70,,42602,16,,,0,30,,42603,16,,,0,69,,42604,16,,,0,30,,42605,16,,,0,70,,45144,16,,,0,30,,42607,16,,,0,70,,42608,16,,,0,30,,45145,16,,,0,70,,42610,16,,,0,30,,42611,16,,,0,71,,42612,16,,,0,30,,42613,16,,,0,70,,42614,16,,,0,31,,45146,16,,,0,70,,42616,16,,,0,29,,42617,16,,,0,70,,42618,16,,,0,30,,42619,16,,,0,69,,42620,16,,,0,30,,45147,16,,,0,70,,42622,16,,,0,30,,42623,16,,,0,70,,42624,16,,,0,30,,42625,16,,,0,69,,45148,16,,,0,30,,42627,16,,,0,70,,42628,16,,,0,30,,45143,16,,,0,70,,42597,16,,,0,30,,42598,16,,,0
16019,'1866',633,,42652,16,,,0,70,,42648,16,,,0,30,,42656,16,,,0,70,,42640,16,,,0,31,,42654,16,,,0,71,,42635,16,,,0,30,,42633,16,,,0,70,,42630,16,,,0,30,,42641,16,,,0,70,,42651,16,,,0,30,,42645,16,,,0,70,,42653,16,,,0,30,,42637,16,,,0,70,,42655,16,,,0,30,,42632,16,,,0,70,,42643,16,,,0,31,,42642,16,,,0,70,,42646,16,,,0,30,,42647,16,,,0,70,,42631,16,,,0,30,,42639,16,,,0,70,,42649,16,,,0,29,,42634,16,,,0,70,,42638,16,,,0,30,,42644,16,,,0,70,,42658,16,,,0,30,,42650,16,,,0,69,,42657,16,,,0,30,,42636,16,,,0,70,,42660,16,,,0,100,,42659,16,,,0,30,,42629,16,,,0
16019,'1867',803,,45149,16,,,0,102,,45151,16,,,0,100,,42674,16,,,0,100,,45157,16,,,0,100,,45150,16,,,0,100,,45152,16,,,0,100,,45153,16,,,0,101,,45155,16,,,0,100,,45154,16,,,0,100,,42663,16,,,0,99,,45156,16,,,0,100,,42672,16,,,0,99,,42668,16,,,0,100,,42666,16,,,0,100,,42675,16,,,0
16019,'1873',633,,42732,16,,,0,70,,42728,16,,,0,30,,42736,16,,,0,70,,42720,16,,,0,31,,42734,16,,,0,71,,42715,16,,,0,30,,42713,16,,,0,70,,42710,16,,,0,30,,42721,16,,,0,70,,42731,16,,,0,30,,42725,16,,,0,70,,42733,16,,,0,30,,42717,16,,,0,70,,42735,16,,,0,30,,42712,16,,,0,70,,42723,16,,,0,31,,42722,16,,,0,70,,42726,16,,,0,30,,42727,16,,,0,70,,42711,16,,,0,30,,42719,16,,,0,70,,42729,16,,,0,29,,42714,16,,,0,70,,42718,16,,,0,30,,42724,16,,,0,70,,42738,16,,,0,30,,42730,16,,,0,69,,42737,16,,,0,30,,42716,16,,,0,70,,42740,16,,,0,100,,42739,16,,,0,30,,42709,16,,,0
16019,'1878',1005,,42754,16,,,0,701,,42743,16,,,0,199,,42752,16,,,0,99,,42748,16,,,0,100,,42746,16,,,0,100,,42755,16,,,0
16019,'1881',1006,,42686,16,,,0,130,,42689,16,,,0,302,,42695,16,,,0,298,,42701,16,,,0,269,,42706,16,,,0,130,,42676,16,,,0
16019,'1882',636,,42679,16,,,0,70,,42680,16,,,0,31,,42681,16,,,0,70,,42682,16,,,0,30,,42683,16,,,0,69,,42684,16,,,0,30,,42685,16,,,0,100,,42687,16,,,0,70,,42688,16,,,0,100,,42690,16,,,0,30,,42691,16,,,0,71,,42692,16,,,0,30,,42693,16,,,0,70,,42694,16,,,0,101,,42696,16,,,0,29,,42697,16,,,0,70,,42698,16,,,0,30,,42699,16,,,0,69,,42700,16,,,0,100,,42702,16,,,0,30,,42703,16,,,0,70,,42704,16,,,0,30,,42705,16,,,0,99,,42707,16,,,0,70,,42708,16,,,0,100,,42677,16,,,0,30,,42678,16,,,0
16019,'1886',1006,,45159,16,,,0,130,,45160,16,,,0,302,,45161,16,,,0,298,,45162,16,,,0,269,,45163,16,,,0,130,,45158,16,,,0
16019,'1888',803,,45164,16,,,0,102,,45166,16,,,0,200,,45172,16,,,0,100,,45165,16,,,0,100,,45167,16,,,0,100,,45168,16,,,0,101,,45170,16,,,0,100,,45169,16,,,0,199,,45171,16,,,0
