10019,'1838',917,,36275,28,,,0,100,,36281,28,,,0,100,,36274,28,,,0,30,,36283,28,,,0,70,,36279,28,,,0,30,,36284,28,,,0,70,,36272,28,,,0,30,,36285,28,,,0,70,,36277,28,,,0,30,,36286,28,,,0,70,,36278,28,,,0,30,,36287,28,,,0,70,,36280,28,,,0,100,,36273,28,,,0,100,,36271,28,,,0,100,,36276,28,,,0
10019,'1857',615,,29741,28,,,0,100,,29742,28,,,0,100,,36290,28,,,0,102,,29743,28,,,0,100,,29739,28,,,0,100,,29738,28,,,0,100,,29737,28,,,0,100,,29735,28,,,0,100,,29733,28,,,0,100,,36289,28,,,0,200,,29732,28,,,0,200,,29745,28,,,0,100,,29746,28,,,0,100,,29747,28,,,0,100,,29748,28,,,0
10019,'1865',545,,36312,28,,,0,70,,36302,28,,,0,30,,36313,28,,,0,70,,36303,28,,,0,30,,36314,28,,,0,70,,36301,28,,,0,102,,36304,28,,,0,100,,36300,28,,,0,100,,36299,28,,,0,100,,36298,28,,,0,100,,36296,28,,,0,100,,36294,28,,,0,100,,36297,28,,,0,100,,42439,28,,,0,30,,36315,28,,,0,70,,36293,28,,,0,30,,36316,28,,,0,70,,42440,28,,,0,30,,36317,28,,,0,70,,36306,28,,,0,30,,36318,28,,,0,70,,36307,28,,,0,100,,36308,28,,,0,100,,36309,28,,,0
10019,'1866',717,,36333,28,,,0,100,,36326,28,,,0,100,,36319,28,,,0,100,,36327,28,,,0,100,,36320,28,,,0,30,,36340,28,,,0,70,,36328,28,,,0,30,,36336,28,,,0,70,,36321,28,,,0,30,,36338,28,,,0,70,,36329,28,,,0,30,,36339,28,,,0,70,,36322,28,,,0,30,,36337,28,,,0,70,,36330,28,,,0,100,,36323,28,,,0,100,,36331,28,,,0,100,,36324,28,,,0,100,,36332,28,,,0,100,,36325,28,,,0
10019,'1867',917,,36345,28,,,0,100,,36351,28,,,0,100,,36344,28,,,0,30,,36357,28,,,0,70,,36349,28,,,0,30,,36353,28,,,0,70,,36342,28,,,0,30,,36355,28,,,0,70,,36347,28,,,0,30,,36356,28,,,0,70,,36348,28,,,0,30,,36354,28,,,0,70,,36350,28,,,0,100,,36343,28,,,0,100,,36341,28,,,0,100,,36346,28,,,0
10019,'1871',1617,,36288,28,,,0,200,,36291,28,,,0
10019,'1873',717,,29698,28,,,0,100,,29691,28,,,0,100,,29684,28,,,0,100,,29692,28,,,0,100,,29685,28,,,0,100,,29693,28,,,0,100,,29686,28,,,0,100,,29694,28,,,0,100,,29687,28,,,0,100,,29695,28,,,0,100,,29688,28,,,0,100,,29696,28,,,0,100,,29689,28,,,0,100,,29697,28,,,0,100,,29690,28,,,0
10019,'1875',917,,29705,28,,,0,100,,29711,28,,,0,100,,29704,28,,,0,100,,29709,28,,,0,100,,29702,28,,,0,100,,29707,28,,,0,100,,29708,28,,,0,100,,29710,28,,,0,100,,29703,28,,,0,100,,29701,28,,,0,100,,29706,28,,,0
10019,'1876',1617,,42442,28,,,0,200,,42443,28,,,0
10090019,'1870',648,,34670,5,,,0,100,,34668,5,,,0,100,,34667,5,,,0,100,,34669,5,,,0,470,,34672,5,,,0,100,,34673,5,,,0,100,,34674,5,,,0,100,,34671,5,,,0
20090019,'1870',721,,24875,11,,,0,100,,24876,11,,,0,100,,24877,11,,,0,100,,24878,11,,,0,500,,24879,11,,,0,100,,24880,11,,,0,100,,24881,11,,,0,100,,24882,11,,,0
