14019,'1838',649,,36775,16,,,0,100,,44957,16,,,0,101,,44947,16,,,0,100,,44948,16,,,0,100,,44949,16,,,0,100,,44950,16,,,0,100,,44951,16,,,0,101,,44952,16,,,0,100,,44953,16,,,0,100,,44954,16,,,0,99,,44955,16,,,0,100,,36773,16,,,0,100,,44956,16,,,0,99,,42531,16,,,0,95,,36762,16,,,0
14019,'1865',524,,36840,16,,,0,100,,36839,16,,,0,80,,36810,16,,,0,30,,36823,16,,,0,68,,36811,16,,,0,23,,36824,16,,,0,30,,36812,16,,,0,70,,36825,16,,,0,30,,44958,16,,,0,70,,42540,16,,,0,30,,42539,16,,,0,70,,42541,16,,,0,30,,36815,16,,,0,70,,36828,16,,,0,30,,36816,16,,,0,70,,44964,16,,,0,30,,44959,16,,,0,70,,42542,16,,,0,30,,44960,16,,,0,71,,42543,16,,,0,80,,44961,16,,,0,30,,36832,16,,,0,70,,44962,16,,,0,30,,44965,16,,,0,70,,36821,16,,,0,19,,42544,16,,,0,30,,44963,16,,,0,70,,44966,16,,,0,30,,44968,16,,,0,69,,44967,16,,,0,92,,36837,16,,,0,100,,36838,16,,,0
14019,'1866',649,,44969,16,,,0,100,,44970,16,,,0,101,,36844,16,,,0,100,,44971,16,,,0,100,,44972,16,,,0,100,,44973,16,,,0,100,,36848,16,,,0,101,,44974,16,,,0,100,,36850,16,,,0,100,,36851,16,,,0,99,,44975,16,,,0,100,,44976,16,,,0,100,,44977,16,,,0,99,,44978,16,,,0,100,,44979,16,,,0,95,,36857,16,,,0,100,,42545,16,,,0
14019,'1867',649,,36872,16,,,0,100,,44990,16,,,0,101,,44980,16,,,0,100,,44981,16,,,0,100,,44982,16,,,0,100,,44983,16,,,0,100,,44984,16,,,0,101,,44985,16,,,0,100,,44986,16,,,0,100,,44987,16,,,0,99,,44988,16,,,0,100,,36870,16,,,0,100,,44989,16,,,0,99,,42546,16,,,0,95,,36859,16,,,0
14019,'1873',850,,30179,16,,,0,400,,30183,16,,,0,201,,30185,16,,,0,100,,30186,16,,,0,593,,30192,16,,,0,100,,42560,16,,,0
14019,'1878',649,,30207,16,,,0,1101,,30205,16,,,0,199,,42561,16,,,0,95,,30194,16,,,0
14019,'1881',955,,30244,16,,,0,370,,36803,16,,,0,30,,36796,16,,,0,100,,36797,16,,,0,151,,36798,16,,,0,100,,36799,16,,,0,30,,36806,16,,,0,119,,36800,16,,,0,70,,30266,16,,,0,30,,36809,16,,,0,69,,36808,16,,,0
14019,'1882',524,,30271,16,,,0,100,,30270,16,,,0,80,,30241,16,,,0,30,,30254,16,,,0,68,,30242,16,,,0,23,,30255,16,,,0,30,,30243,16,,,0,70,,30256,16,,,0,100,,42555,16,,,0,30,,42554,16,,,0,70,,42556,16,,,0,30,,30246,16,,,0,70,,30259,16,,,0,30,,30247,16,,,0,170,,42557,16,,,0,101,,42558,16,,,0,110,,30263,16,,,0,170,,30252,16,,,0,19,,42559,16,,,0,291,,30268,16,,,0,100,,30269,16,,,0
14019,'1886',955,,44991,16,,,0,370,,44997,16,,,0,30,,44992,16,,,0,100,,44993,16,,,0,151,,44994,16,,,0,100,,44995,16,,,0,30,,44998,16,,,0,119,,44996,16,,,0,70,,44999,16,,,0,30,,45001,16,,,0,69,,45000,16,,,0
14019,'1887',649,,45002,16,,,0,100,,45003,16,,,0,201,,45004,16,,,0,100,,45005,16,,,0,100,,45006,16,,,0,201,,45007,16,,,0,299,,45008,16,,,0,100,,45009,16,,,0,100,,45010,16,,,0,99,,45011,16,,,0,100,,45012,16,,,0
14019,'1888',749,,45023,16,,,0,101,,45013,16,,,0,100,,45014,16,,,0,100,,45015,16,,,0,100,,45016,16,,,0,100,,45017,16,,,0,101,,45018,16,,,0,100,,45019,16,,,0,100,,45020,16,,,0,99,,45021,16,,,0,200,,45022,16,,,0
