15019,'1838',743,,45028,55,,,0,100,,36883,55,,,0,100,,36886,55,,,0,101,,45027,55,,,0,100,,36881,55,,,0,100,,36879,55,,,0,101,,45026,55,,,0,100,,36880,55,,,0,100,,36877,55,,,0,99,,45025,55,,,0,100,,36875,55,,,0,100,,36876,55,,,0,100,,45024,55,,,0,99,,36887,55,,,0
15019,'1865',709,,36905,55,,,0,30,,45029,55,,,0,76,,36907,55,,,0,31,,36908,55,,,0,65,,36909,55,,,0,30,,36910,55,,,0,70,,36911,55,,,0,30,,45030,55,,,0,70,,45031,55,,,0,30,,42569,55,,,0,70,,45032,55,,,0,30,,45033,55,,,0,70,,42570,55,,,0,30,,36918,55,,,0,70,,45034,55,,,0,32,,36920,55,,,0,72,,36921,55,,,0,30,,45035,55,,,0,70,,45036,55,,,0,29,,36924,55,,,0,69,,36925,55,,,0,29,,36926,55,,,0,67,,45037,55,,,0,30,,36928,55,,,0,70,,45038,55,,,0,30,,45039,55,,,0,70,,36931,55,,,0,100,,45040,55,,,0,98,,45041,55,,,0
15019,'1866',743,,36935,55,,,0,100,,45043,55,,,0,100,,36937,55,,,0,101,,36938,55,,,0,100,,45044,55,,,0,100,,36940,55,,,0,102,,36941,55,,,0,100,,45045,55,,,0,100,,36943,55,,,0,98,,36944,55,,,0,100,,45046,55,,,0,100,,36946,55,,,0,100,,36947,55,,,0,99,,45047,55,,,0
15019,'1867',743,,45053,55,,,0,100,,36959,55,,,0,100,,36962,55,,,0,101,,45052,55,,,0,100,,36957,55,,,0,100,,36955,55,,,0,101,,45051,55,,,0,100,,36956,55,,,0,100,,36953,55,,,0,99,,45050,55,,,0,100,,36951,55,,,0,100,,36952,55,,,0,100,,45049,55,,,0,99,,36963,55,,,0
15019,'1873',743,,30301,55,,,0,200,,30303,55,,,0,101,,30304,55,,,0,200,,30306,55,,,0,102,,30307,55,,,0,200,,30309,55,,,0,98,,30310,55,,,0,200,,30312,55,,,0,100,,30313,55,,,0
15019,'1878',843,,30325,55,,,0,100,,30328,55,,,0,201,,30323,55,,,0,100,,30321,55,,,0,201,,30322,55,,,0,100,,30319,55,,,0,199,,30317,55,,,0,100,,30318,55,,,0,199,,30329,55,,,0
15019,'1881',739,,36889,55,,,0,302,,36890,55,,,0,70,,36891,55,,,0,100,,36893,55,,,0,30,,36894,55,,,0,170,,36896,55,,,0,134,,36897,55,,,0,70,,36898,55,,,0,194,,30384,55,,,0,100,,36899,55,,,0,30,,42574,55,,,0,170,,36901,55,,,0,98,,36902,55,,,0
15019,'1882',709,,30362,55,,,0,106,,30364,55,,,0,31,,30365,55,,,0,65,,30366,55,,,0,30,,30367,55,,,0,70,,30368,55,,,0,130,,42572,55,,,0,170,,42573,55,,,0,30,,30375,55,,,0,102,,30377,55,,,0,72,,30378,55,,,0,129,,30381,55,,,0,69,,30382,55,,,0,29,,30383,55,,,0,97,,30385,55,,,0,170,,30388,55,,,0
15019,'1886',739,,45054,55,,,0,302,,45055,55,,,0,70,,45056,55,,,0,100,,45057,55,,,0,30,,45058,55,,,0,170,,45059,55,,,0,134,,45060,55,,,0,70,,45061,55,,,0,194,,45062,55,,,0,100,,45063,55,,,0,30,,45064,55,,,0,170,,45065,55,,,0,98,,45066,55,,,0
15019,'1887',843,,45068,55,,,0,301,,45069,55,,,0,302,,45070,55,,,0,298,,45071,55,,,0,299,,45072,55,,,0
15019,'1888',743,,45078,55,,,0,301,,45077,55,,,0,301,,45076,55,,,0,299,,45075,55,,,0,300,,45074,55,,,0
