4029,'1838',720,,35575,4,,,0,30,,44174,4,,,0,70,,35573,4,,,0,30,,44173,4,,,0,70,,44172,4,,,0,30,,35566,4,,,0,68,,44168,4,,,0,30,,44160,4,,,0,70,,44163,4,,,0,30,,35562,4,,,0,68,,44166,4,,,0,30,,35567,4,,,0,70,,44161,4,,,0,30,,35558,4,,,0,70,,44164,4,,,0,30,,35564,4,,,0,70,,44167,4,,,0,30,,35556,4,,,0,70,,44162,4,,,0,30,,35560,4,,,0,70,,44165,4,,,0,30,,44177,4,,,0,70,,44176,4,,,0,34,,44178,4,,,0,70,,42224,4,,,0,30,,44171,4,,,0,70,,44175,4,,,0,30,,44169,4,,,0,100,,44170,4,,,0
4029,'1865',620,,44179,4,,,0,30,,44180,4,,,0,71,,35609,4,,,0,24,,35610,4,,,0,76,,44181,4,,,0,24,,35612,4,,,0,71,,44182,4,,,0,30,,35614,4,,,0,70,,44183,4,,,0,30,,42227,4,,,0,70,,44184,4,,,0,31,,44185,4,,,0,70,,44186,4,,,0,30,,44187,4,,,0,70,,42228,4,,,0,30,,44188,4,,,0,70,,44189,4,,,0,35,,44190,4,,,0,65,,44191,4,,,0,36,,42230,4,,,0,64,,44192,4,,,0,36,,44193,4,,,0,64,,44194,4,,,0,36,,44195,4,,,0,67,,44196,4,,,0,29,,44197,4,,,0,70,,35633,4,,,0,30,,35634,4,,,0,71,,35635,4,,,0,30,,35636,4,,,0,70,,44198,4,,,0,30,,35638,4,,,0
4029,'1866',622,,35663,4,,,0,28,,44220,4,,,0,70,,44221,4,,,0,30,,44222,4,,,0,70,,44223,4,,,0,30,,44224,4,,,0,70,,44225,4,,,0,30,,44214,4,,,0,70,,44208,4,,,0,28,,44203,4,,,0,70,,44212,4,,,0,28,,44218,4,,,0,70,,44213,4,,,0,30,,44202,4,,,0,70,,44205,4,,,0,30,,44216,4,,,0,70,,44201,4,,,0,30,,44215,4,,,0,70,,44210,4,,,0,30,,44204,4,,,0,70,,44199,4,,,0,30,,44217,4,,,0,70,,44219,4,,,0,30,,44211,4,,,0,70,,44206,4,,,0,30,,44226,4,,,0,75,,35645,4,,,0,30,,44200,4,,,0,69,,35646,4,,,0,30,,44209,4,,,0,70,,35661,4,,,0,30,,44207,4,,,0
4029,'1867',720,,35692,4,,,0,30,,44241,4,,,0,70,,35690,4,,,0,30,,44240,4,,,0,70,,44239,4,,,0,30,,35683,4,,,0,68,,44235,4,,,0,30,,44227,4,,,0,70,,44230,4,,,0,30,,35679,4,,,0,68,,44233,4,,,0,30,,35684,4,,,0,70,,44228,4,,,0,30,,35675,4,,,0,70,,44231,4,,,0,30,,35681,4,,,0,70,,44234,4,,,0,30,,35673,4,,,0,70,,44229,4,,,0,30,,35677,4,,,0,70,,44232,4,,,0,30,,44244,4,,,0,70,,44243,4,,,0,34,,44245,4,,,0,70,,42234,4,,,0,30,,44238,4,,,0,70,,44242,4,,,0,30,,44236,4,,,0,100,,44237,4,,,0
4029,'1873',622,,28948,4,,,0,1299,,28930,4,,,0,99,,28931,4,,,0,100,,28946,4,,,0
4029,'1878',720,,28977,4,,,0,100,,28975,4,,,0,130,,28968,4,,,0,198,,28964,4,,,0,98,,28969,4,,,0,100,,28960,4,,,0,100,,28966,4,,,0,100,,28958,4,,,0,100,,28962,4,,,0,274,,42244,4,,,0
4029,'1881',620,,42236,4,,,0,30,,29018,4,,,0,171,,29021,4,,,0,95,,35594,4,,,0,100,,29025,4,,,0,100,,29027,4,,,0,31,,29028,4,,,0,70,,29029,4,,,0,30,,29030,4,,,0,100,,29032,4,,,0,70,,29033,4,,,0,35,,42239,4,,,0,65,,35598,4,,,0,100,,35600,4,,,0,36,,42241,4,,,0,64,,35602,4,,,0,36,,35603,4,,,0,67,,35604,4,,,0,29,,35605,4,,,0,271,,35606,4,,,0
4029,'1882',721,,29019,4,,,0,24,,29020,4,,,0,100,,29022,4,,,0,101,,29024,4,,,0,100,,42237,4,,,0,271,,42238,4,,,0,236,,42240,4,,,0,366,,29043,4,,,0,30,,29044,4,,,0,71,,29045,4,,,0,30,,29046,4,,,0,100,,29048,4,,,0
4029,'1886',620,,44246,4,,,0,30,,44247,4,,,0,171,,44248,4,,,0,95,,44249,4,,,0,100,,44250,4,,,0,100,,44251,4,,,0,31,,44252,4,,,0,70,,44253,4,,,0,30,,44254,4,,,0,100,,44255,4,,,0,70,,44256,4,,,0,35,,44257,4,,,0,65,,44258,4,,,0,100,,44259,4,,,0,36,,44260,4,,,0,64,,44261,4,,,0,36,,44262,4,,,0,67,,44263,4,,,0,29,,44264,4,,,0,271,,44265,4,,,0
4029,'1887',650,,44287,4,,,0,70,,44288,4,,,0,30,,44289,4,,,0,70,,44290,4,,,0,30,,44291,4,,,0,70,,44292,4,,,0,30,,44281,4,,,0,70,,44275,4,,,0,28,,44270,4,,,0,70,,44279,4,,,0,28,,44285,4,,,0,70,,44280,4,,,0,30,,44269,4,,,0,70,,44272,4,,,0,30,,44283,4,,,0,70,,44268,4,,,0,30,,44282,4,,,0,70,,44277,4,,,0,30,,44271,4,,,0,70,,44266,4,,,0,30,,44284,4,,,0,70,,44286,4,,,0,30,,44278,4,,,0,70,,44273,4,,,0,30,,44293,4,,,0,105,,44267,4,,,0,99,,44276,4,,,0,100,,44274,4,,,0
4029,'1888',750,,44308,4,,,0,100,,44307,4,,,0,70,,44306,4,,,0,98,,44302,4,,,0,30,,44294,4,,,0,70,,44297,4,,,0,98,,44300,4,,,0,100,,44295,4,,,0,100,,44298,4,,,0,100,,44301,4,,,0,100,,44296,4,,,0,100,,44299,4,,,0,30,,44311,4,,,0,70,,44310,4,,,0,34,,44312,4,,,0,100,,44305,4,,,0,70,,44309,4,,,0,30,,44303,4,,,0,100,,44304,4,,,0
7029,'1838',705,,36145,4,,,0,100,,36146,4,,,0,100,,44633,4,,,0,100,,36148,4,,,0,100,,36149,4,,,0,100,,44634,4,,,0,100,,36151,4,,,0,100,,36152,4,,,0,100,,44635,4,,,0,100,,36154,4,,,0,100,,36155,4,,,0,100,,44636,4,,,0,100,,36157,4,,,0,99,,36158,4,,,0,100,,44632,4,,,0,230,,44637,4,0,13 14,0
7029,'1865',504,,44642,4,,,0,100,,44643,4,,,0,30,,44644,4,,,0,71,,36198,4,,,0,30,,36199,4,,,0,70,,36200,4,,,0,30,,44645,4,,,0,70,,42423,4,,,0,30,,42424,4,,,0,70,,42425,4,,,0,30,,36205,4,,,0,70,,36206,4,,,0,30,,36207,4,,,0,70,,44640,4,,,0,30,,44641,4,,,0,70,,42421,4,,,0,30,,44639,4,,,0,70,,44638,4,,,0,30,,42422,4,,,0,70,,36208,4,,,0,30,,44646,4,,,0,70,,44647,4,,,0,30,,44648,4,,,0,70,,42426,4,,,0,30,,44649,4,,,0,70,,36214,4,,,0,30,,36215,4,,,0,70,,44650,4,,,0,30,,44651,4,,,0,70,,36218,4,,,0,99,,36219,4,,,0,100,,36220,4,,,0,100,,42427,4,,,0
7029,'1866',636,,44652,4,,,0,70,,44662,4,,,0,30,,36223,4,,,0,69,,36237,4,,,0,30,,44653,4,,,0,70,,36238,4,,,0,30,,44654,4,,,0,70,,44663,4,,,0,30,,44655,4,,,0,70,,36240,4,,,0,30,,36227,4,,,0,70,,36241,4,,,0,30,,44656,4,,,0,70,,44664,4,,,0,30,,36229,4,,,0,70,,36243,4,,,0,30,,36230,4,,,0,70,,36244,4,,,0,30,,44657,4,,,0,70,,44665,4,,,0,30,,44658,4,,,0,70,,36246,4,,,0,30,,44659,4,,,0,70,,36247,4,,,0,30,,44660,4,,,0,70,,44666,4,,,0,30,,44661,4,,,0,69,,36249,4,,,0,100,,36250,4,,,0,100,,36251,4,,,0,100,,42428,4,,,0,30,,44667,4,0,13 14,0
7029,'1867',705,,36256,4,,,0,100,,36257,4,,,0,100,,44669,4,,,0,100,,36259,4,,,0,100,,36260,4,,,0,100,,44670,4,,,0,100,,36262,4,,,0,100,,36263,4,,,0,100,,44671,4,,,0,100,,36265,4,,,0,100,,36266,4,,,0,100,,44672,4,,,0,100,,36268,4,,,0,99,,36269,4,,,0,100,,44668,4,,,0,230,,44673,4,0,13 14,0
7029,'1873',736,,29546,4,,,0,69,,29560,4,,,0,100,,29561,4,,,0,200,,29563,4,,,0,30,,29550,4,,,0,70,,29564,4,,,0,130,,29552,4,,,0,70,,29566,4,,,0,30,,29553,4,,,0,70,,29567,4,,,0,200,,29569,4,,,0,100,,29570,4,,,0,199,,29572,4,,,0,100,,29573,4,,,0,100,,29574,4,,,0,100,,42437,4,,,0
7029,'1878',705,,29579,4,,,0,100,,29580,4,,,0,200,,29582,4,,,0,100,,29583,4,,,0,200,,29585,4,,,0,100,,29586,4,,,0,200,,29588,4,,,0,100,,29589,4,,,0,200,,29591,4,,,0,99,,29592,4,,,0
7029,'1881',504,,36176,4,,,0,100,,36177,4,,,0,30,,29635,4,,,0,201,,36178,4,,,0,370,,36172,4,,,0,30,,36173,4,,,0,100,,36171,4,,,0,70,,36170,4,,,0,130,,36182,4,,,0,70,,36183,4,,,0,30,,36184,4,,,0,100,,36186,4,,,0,170,,36187,4,,,0,30,,29655,4,,,0
7029,'1882',705,,29636,4,,,0,30,,29637,4,,,0,70,,29638,4,,,0,100,,42432,4,,,0,30,,42433,4,,,0,70,,42434,4,,,0,30,,29643,4,,,0,70,,29644,4,,,0,30,,29645,4,,,0,170,,42430,4,,,0,130,,42431,4,,,0,70,,29646,4,,,0,200,,42435,4,,,0,100,,29652,4,,,0,30,,29653,4,,,0,170,,29656,4,,,0,99,,29657,4,,,0,100,,29658,4,,,0,100,,42436,4,,,0
7029,'1886',504,,44678,4,,,0,100,,44679,4,,,0,30,,44680,4,,,0,201,,44681,4,,,0,370,,44676,4,,,0,30,,44677,4,,,0,100,,44675,4,,,0,70,,44674,4,,,0,130,,44682,4,,,0,70,,44683,4,,,0,30,,44684,4,,,0,100,,44685,4,,,0,170,,44686,4,,,0,30,,44687,4,,,0
7029,'1887',636,,44688,4,,,0,70,,44698,4,,,0,129,,44689,4,,,0,100,,44690,4,,,0,70,,44699,4,,,0,30,,44691,4,,,0,200,,44692,4,,,0,70,,44700,4,,,0,230,,44693,4,,,0,70,,44701,4,,,0,30,,44694,4,,,0,100,,44695,4,,,0,100,,44696,4,,,0,70,,44702,4,,,0,30,,44697,4,,,0,399,,44703,4,0,13 14,0
7029,'1888',905,,44705,4,,,0,300,,44706,4,,,0,300,,44707,4,,,0,300,,44708,4,,,0,299,,44704,4,,,0,230,,44709,4,0,13 14,0
13019,'1838',806,,36660,11,,,0,100,,44894,11,,,0,100,,36662,11,,,0,101,,36663,11,,,0,100,,36664,11,,,0,100,,44895,11,,,0,100,,36666,11,,,0,100,,36667,11,,,0,100,,36668,11,,,0,99,,36669,11,,,0,100,,36670,11,,,0,100,,36671,11,,,0,99,,42510,11,,,0,100,,44896,11,,,0,100,,42509,11,,,0
13019,'1865',616,,36699,11,,,0,30,,36700,11,,,0,70,,36701,11,,,0,30,,44897,11,,,0,96,,36703,11,,,0,100,,44898,11,,,0,100,,44899,11,,,0,100,,44900,11,,,0,100,,44901,11,,,0,100,,44902,11,,,0,70,,42512,11,,,0,31,,42513,11,,,0,70,,44903,11,,,0,31,,42517,11,,,0,70,,44904,11,,,0,30,,42518,11,,,0,70,,42515,11,,,0,30,,36720,11,,,0,99,,44905,11,,,0,100,,36719,11,,,0,99,,44907,11,,,0,98,,36717,11,,,0,100,,42516,11,,,0
13019,'1866',705,,36723,11,,,0,101,,44908,11,,,0,100,,44909,11,,,0,100,,44910,11,,,0,101,,36727,11,,,0,100,,44911,11,,,0,100,,36729,11,,,0,100,,36730,11,,,0,100,,44912,11,,,0,100,,44913,11,,,0,99,,44914,11,,,0,100,,44915,11,,,0,100,,44916,11,,,0,99,,44917,11,,,0,100,,36737,11,,,0,200,,44918,11,,,0
13019,'1867',806,,36740,11,,,0,100,,44919,11,,,0,100,,36742,11,,,0,101,,36743,11,,,0,100,,36744,11,,,0,100,,44920,11,,,0,100,,36746,11,,,0,100,,36747,11,,,0,100,,36748,11,,,0,99,,36749,11,,,0,100,,36750,11,,,0,100,,36751,11,,,0,99,,42520,11,,,0,100,,44921,11,,,0,100,,42519,11,,,0
13019,'1873',705,,30068,11,,,0,402,,30072,11,,,0,200,,30074,11,,,0,100,,30075,11,,,0,698,,30082,11,,,0
13019,'1878',806,,30085,11,,,0,200,,30087,11,,,0,101,,30088,11,,,0,100,,30089,11,,,0,200,,30091,11,,,0,100,,30092,11,,,0,100,,30093,11,,,0,99,,30094,11,,,0,100,,30095,11,,,0,100,,30096,11,,,0,99,,42530,11,,,0,200,,42529,11,,,0
13019,'1881',746,,30126,11,,,0,196,,30128,11,,,0,100,,42521,11,,,0,100,,30130,11,,,0,100,,36688,11,,,0,100,,36689,11,,,0,171,,30135,11,,,0,101,,42524,11,,,0,229,,36694,11,,,0,199,,30142,11,,,0
13019,'1882',616,,30123,11,,,0,30,,30124,11,,,0,70,,30125,11,,,0,126,,30127,11,,,0,570,,42522,11,,,0,31,,42523,11,,,0,101,,42527,11,,,0,100,,42528,11,,,0,70,,42525,11,,,0,30,,30144,11,,,0,199,,30143,11,,,0,197,,30141,11,,,0,100,,42526,11,,,0
13019,'1886',746,,44922,11,,,0,196,,44923,11,,,0,100,,44924,11,,,0,100,,44925,11,,,0,100,,44926,11,,,0,100,,44927,11,,,0,171,,44928,11,,,0,101,,44929,11,,,0,229,,44930,11,,,0,199,,44932,11,,,0
13019,'1887',806,,44933,11,,,0,100,,44934,11,,,0,100,,44935,11,,,0,201,,44936,11,,,0,300,,44937,11,,,0,100,,44938,11,,,0,99,,44939,11,,,0,100,,44940,11,,,0,100,,44941,11,,,0,99,,44942,11,,,0,300,,44943,11,,,0
13019,'1888',906,,44944,11,,,0,401,,44945,11,,,0,798,,44946,11,,,0
501019,'1838',608,,45632,3,,,0,30,,45645,3,,,0,67,,45631,3,,,0,30,,45644,3,,,0,70,,45634,3,,,0,30,,45646,3,,,0,70,,38590,3,,,0,30,,45643,3,,,0,71,,45624,3,,,0,30,,45635,3,,,0,70,,45623,3,,,0,30,,45636,3,,,0,70,,45626,3,,,0,30,,45637,3,,,0,70,,45622,3,,,0,30,,45642,3,,,0,70,,45621,3,,,0,30,,45641,3,,,0,70,,45620,3,,,0,30,,45638,3,,,0,70,,45619,3,,,0,30,,45640,3,,,0,70,,45625,3,,,0,30,,45639,3,,,0,69,,45633,3,,,0,30,,45647,3,,,0,70,,45630,3,,,0,30,,38606,3,,,0,70,,45629,3,,,0,30,,45618,3,,,0,70,,43518,3,,,0,30,,45648,3,,,0,69,,45628,3,,,0,30,,45649,3,,,0,70,,45627,3,,,0
501019,'1865',605,,45651,3,,,0,30,,45652,3,,,0,73,,45653,3,,,0,25,,45654,3,,,0,24,,45655,3,,,0,52,,45656,3,,,0,24,,45657,3,,,0,22,,45658,3,,,0,51,,45659,3,,,0,30,,45660,3,,,0,70,,45661,3,,,0,30,,45662,3,,,0,70,,38660,3,,,0,30,,45663,3,,,0,70,,43527,3,,,0,30,,45664,3,,,0,70,,45665,3,,,0,30,,45666,3,,,0,70,,43528,3,,,0,26,,43529,3,,,0,12,,45667,3,,,0,62,,45668,3,,,0,24,,45669,3,,,0,12,,45670,3,,,0,64,,45671,3,,,0,24,,45672,3,,,0,12,,45673,3,,,0,64,,43530,3,,,0,24,,45674,3,,,0,12,,45675,3,,,0,66,,45676,3,,,0,28,,45677,3,,,0,70,,45678,3,,,0,29,,45679,3,,,0,70,,45680,3,,,0,30,,45681,3,,,0,70,,45682,3,,,0,30,,45683,3,,,0,69,,45684,3,,,0,30,,45685,3,,,0,70,,45686,3,,,0
501019,'1866',608,,45696,3,,,0,30,,45699,3,,,0,67,,45695,3,,,0,30,,45698,3,,,0,70,,45694,3,,,0,30,,45700,3,,,0,70,,45693,3,,,0,30,,45697,3,,,0,71,,45706,3,,,0,30,,45716,3,,,0,70,,45707,3,,,0,30,,45717,3,,,0,70,,45708,3,,,0,30,,45718,3,,,0,70,,45709,3,,,0,30,,45719,3,,,0,70,,45710,3,,,0,30,,45720,3,,,0,70,,45711,3,,,0,30,,45721,3,,,0,70,,45712,3,,,0,30,,45714,3,,,0,70,,45713,3,,,0,30,,45715,3,,,0,70,,45692,3,,,0,29,,45705,3,,,0,70,,45691,3,,,0,30,,45703,3,,,0,70,,45690,3,,,0,30,,45704,3,,,0,70,,45689,3,,,0,30,,45701,3,,,0,69,,45688,3,,,0,30,,45702,3,,,0,70,,45687,3,,,0
501019,'1867',608,,45736,3,,,0,30,,45749,3,,,0,67,,45735,3,,,0,30,,45748,3,,,0,70,,45738,3,,,0,30,,45750,3,,,0,70,,38742,3,,,0,30,,45747,3,,,0,71,,45728,3,,,0,30,,45739,3,,,0,70,,45727,3,,,0,30,,45740,3,,,0,70,,45730,3,,,0,30,,45741,3,,,0,70,,45726,3,,,0,30,,45746,3,,,0,70,,45725,3,,,0,30,,45745,3,,,0,70,,45724,3,,,0,30,,45742,3,,,0,70,,45723,3,,,0,30,,45744,3,,,0,70,,45729,3,,,0,30,,45743,3,,,0,69,,45737,3,,,0,30,,45751,3,,,0,70,,45734,3,,,0,30,,38758,3,,,0,70,,45733,3,,,0,30,,45722,3,,,0,70,,43534,3,,,0,30,,45752,3,,,0,69,,45732,3,,,0,30,,45753,3,,,0,70,,45731,3,,,0
501019,'1878',905,,31875,3,,,0,1030,,31891,3,,,0,170,,43550,3,,,0
501019,'1881',604,,31935,3,,,0,30,,31936,3,,,0,74,,31937,3,,,0,24,,38626,3,,,0,24,,31939,3,,,0,52,,31940,3,,,0,24,,31941,3,,,0,22,,31942,3,,,0,51,,31943,3,,,0,30,,31944,3,,,0,70,,31945,3,,,0,30,,31946,3,,,0,101,,31948,3,,,0,100,,31950,3,,,0,70,,31951,3,,,0,30,,31952,3,,,0,108,,38630,3,,,0,62,,38631,3,,,0,24,,38632,3,,,0,12,,38633,3,,,0,64,,31959,3,,,0,24,,31960,3,,,0,12,,38634,3,,,0,87,,38636,3,,,0,12,,31964,3,,,0,66,,31965,3,,,0,28,,38637,3,,,0,70,,43547,3,,,0,30,,43548,3,,,0,70,,38640,3,,,0,30,,38641,3,,,0,69,,38642,3,,,0,30,,38643,3,,,0,70,,38644,3,,,0,30,,38645,3,,,0,70,,38646,3,,,0
501019,'1882',1106,,31947,3,,,0,100,,43543,3,,,0,200,,43544,3,,,0,26,,43545,3,,,0,274,,43546,3,,,0
501019,'1886',605,,45755,3,,,0,30,,45756,3,,,0,73,,45757,3,,,0,25,,45758,3,,,0,24,,45759,3,,,0,52,,45760,3,,,0,24,,45761,3,,,0,22,,45762,3,,,0,51,,45763,3,,,0,30,,45764,3,,,0,70,,45765,3,,,0,30,,45766,3,,,0,100,,45767,3,,,0,100,,45768,3,,,0,70,,45769,3,,,0,30,,45770,3,,,0,108,,45771,3,,,0,62,,45772,3,,,0,24,,45773,3,,,0,12,,45774,3,,,0,64,,45775,3,,,0,24,,45776,3,,,0,12,,45777,3,,,0,88,,45778,3,,,0,12,,45779,3,,,0,66,,45780,3,,,0,28,,45781,3,,,0,70,,45782,3,,,0,29,,45783,3,,,0,70,,45784,3,,,0,30,,45785,3,,,0,70,,45786,3,,,0,30,,45787,3,,,0,69,,45788,3,,,0,30,,45789,3,,,0,70,,45790,3,,,0
501019,'1887',608,,45800,3,,,0,30,,45803,3,,,0,67,,45799,3,,,0,30,,45802,3,,,0,70,,45798,3,,,0,30,,45804,3,,,0,70,,45797,3,,,0,30,,45801,3,,,0,71,,45810,3,,,0,30,,45820,3,,,0,70,,45811,3,,,0,30,,45821,3,,,0,70,,45812,3,,,0,30,,45822,3,,,0,70,,45813,3,,,0,30,,45823,3,,,0,70,,45814,3,,,0,30,,45824,3,,,0,70,,45815,3,,,0,30,,45825,3,,,0,70,,45816,3,,,0,30,,45818,3,,,0,70,,45817,3,,,0,30,,45819,3,,,0,70,,45796,3,,,0,29,,45809,3,,,0,70,,45795,3,,,0,30,,45807,3,,,0,70,,45794,3,,,0,30,,45808,3,,,0,70,,45793,3,,,0,30,,45805,3,,,0,69,,45792,3,,,0,30,,45806,3,,,0,70,,45791,3,,,0
501019,'1888',608,,45840,3,,,0,30,,45853,3,,,0,67,,45839,3,,,0,30,,45852,3,,,0,70,,45842,3,,,0,30,,45854,3,,,0,100,,45851,3,,,0,71,,45832,3,,,0,30,,45843,3,,,0,70,,45831,3,,,0,30,,45844,3,,,0,70,,45834,3,,,0,30,,45845,3,,,0,70,,45830,3,,,0,30,,45850,3,,,0,70,,45829,3,,,0,30,,45849,3,,,0,70,,45828,3,,,0,30,,45846,3,,,0,70,,45827,3,,,0,30,,45848,3,,,0,70,,45833,3,,,0,30,,45847,3,,,0,69,,45841,3,,,0,30,,45855,3,,,0,70,,45838,3,,,0,100,,45837,3,,,0,30,,45826,3,,,0,100,,45856,3,,,0,69,,45836,3,,,0,30,,45857,3,,,0,70,,45835,3,,,0
20007019,'1838',635,,48442,4,,,0,200,,41916,4,,,0,100,,48439,4,,,0,100,,41918,4,,,0,100,,41919,4,,,0,100,,41920,4,,,0,100,,48440,4,,,0,100,,41922,4,,,0,100,,41923,4,,,0,100,,41924,4,,,0,100,,41925,4,,,0,100,,41926,4,,,0,100,,41927,4,,,0,99,,43939,4,,,0,100,,48441,4,,,0,70,,43940,4,,,0,30,,43938,4,,,0,70,,43937,4,,,0
20007019,'1865',539,,41943,4,,,0,1495,,48443,4,,,0,100,,48444,4,,,0,100,,41946,4,,,0,100,,48446,4,,,0,100,,48445,4,,,0
20007019,'1866',2034,,48447,4,,,0,100,,48448,4,,,0,100,,41951,4,,,0
20007019,'1867',635,,48452,4,,,0,200,,41954,4,,,0,100,,48449,4,,,0,100,,41956,4,,,0,100,,41957,4,,,0,100,,41958,4,,,0,100,,48450,4,,,0,100,,41960,4,,,0,100,,41961,4,,,0,100,,41962,4,,,0,100,,41963,4,,,0,100,,41964,4,,,0,100,,41965,4,,,0,99,,43944,4,,,0,100,,48451,4,,,0,70,,43945,4,,,0,30,,43943,4,,,0,70,,43942,4,,,0
20007019,'1873',2234,,34724,4,,,0
20007019,'1878',835,,34727,4,,,0,200,,34729,4,,,0,100,,34730,4,,,0,100,,34731,4,,,0,200,,34733,4,,,0,100,,34734,4,,,0,100,,34735,4,,,0,100,,34736,4,,,0,100,,34737,4,,,0,100,,34738,4,,,0,99,,43949,4,,,0,170,,43950,4,,,0,30,,43948,4,,,0,70,,43947,4,,,0
20007019,'1881',2034,,41939,4,,,0,100,,41940,4,,,0,200,,43946,4,,,0,100,,41941,4,,,0
20007019,'1882',539,,34749,4,,,0,1695,,34752,4,,,0
20007019,'1886',2034,,48453,4,,,0,100,,48454,4,,,0,200,,48456,4,,,0,100,,48455,4,,,0
20007019,'1887',2034,,48457,4,,,0,100,,48458,4,,,0
20007019,'1888',635,,48462,4,,,0,300,,48459,4,,,0,400,,48460,4,,,0,799,,48461,4,,,0
14000001019,'1838',2358,,48465,6,,,0,70,,48464,6,,,0,30,,41972,6,,,0,70,,48466,6,,,0,30,,48463,6,,,0
14000001019,'1865',2358,,48470,6,,,0,70,,48468,6,,,0,30,,41985,6,,,0,70,,48469,6,,,0,30,,48467,6,,,0
14000001019,'1866',2358,,48474,6,,,0,70,,48471,6,,,0,30,,41991,6,,,0,70,,48473,6,,,0,30,,48472,6,,,0
14000001019,'1867',2358,,48477,6,,,0,70,,48476,6,,,0,30,,41993,6,,,0,70,,48478,6,,,0,30,,48475,6,,,0
14000001019,'1873',2458,,24899,6,,,0
14000001019,'1878',2458,,24901,6,,,0
14000001019,'1881',2358,,41982,6,,,0,70,,43958,6,,,0,100,,41981,6,,,0,30,,43957,6,,,0
14000001019,'1882',2458,,24893,6,,,0
14000001019,'1886',2358,,48482,6,,,0,70,,48480,6,,,0,100,,48481,6,,,0,30,,48479,6,,,0
14000001019,'1887',2358,,48486,6,,,0,70,,48483,6,,,0,100,,48485,6,,,0,30,,48484,6,,,0
14000001019,'1888',2358,,48489,6,,,0,70,,48488,6,,,0,100,,48490,6,,,0,30,,48487,6,,,0
