15029,'1838',745,,36977,68,,,0,98,,45082,68,,,0,102,,36974,68,,,0,100,,36975,68,,,0,102,,45083,68,,,0,100,,36972,68,,,0,100,,36969,68,,,0,102,,45081,68,,,0,100,,36971,68,,,0,99,,36968,68,,,0,99,,45080,68,,,0,99,,36966,68,,,0,99,,36967,68,,,0,100,,45079,68,,,0
15029,'1865',623,,45084,28,,,0,20,,45085,28,,,0,71,,36995,68,,,0,32,,36996,68,,,0,74,,36997,68,,,0,29,,45086,68,,,0,73,,36999,68,,,0,30,,37000,68,,,0,65,,37001,68,,,0,30,,37002,68,,,0,70,,37003,68,,,0,30,,45087,68,,,0,70,,45088,68,,,0,30,,42575,68,,,0,70,,45089,68,,,0,30,,45090,68,,,0,70,,42576,68,,,0,33,,37010,68,,,0,73,,45091,68,,,0,35,,37012,68,,,0,72,,37013,68,,,0,29,,45092,68,,,0,65,,45093,68,,,0,23,,37016,68,,,0,69,,37017,68,,,0,29,,37018,68,,,0,67,,45094,68,,,0,30,,37020,68,,,0,70,,45095,68,,,0,30,,45096,68,,,0,70,,37023,68,,,0,98,,45098,68,,,0,97,,45097,68,,,0
15029,'1866',617,,45099,28,,,0,133,,37029,68,,,0,93,,37030,68,,,0,100,,45100,68,,,0,100,,37032,68,,,0,103,,37033,68,,,0,100,,45101,68,,,0,100,,37035,68,,,0,105,,37036,68,,,0,100,,45102,68,,,0,98,,37038,68,,,0,98,,37039,68,,,0,99,,45103,68,,,0,99,,37026,68,,,0,100,,37027,68,,,0
15029,'1867',745,,37054,68,,,0,98,,45107,68,,,0,102,,37051,68,,,0,100,,37052,68,,,0,102,,45108,68,,,0,100,,37049,68,,,0,100,,37046,68,,,0,102,,45106,68,,,0,100,,37048,68,,,0,99,,37045,68,,,0,99,,45105,68,,,0,99,,37043,68,,,0,99,,37044,68,,,0,100,,45104,68,,,0
15029,'1873',750,,30423,68,,,0,93,,30424,68,,,0,200,,30426,68,,,0,103,,30427,68,,,0,200,,30429,68,,,0,105,,30430,68,,,0,198,,30432,68,,,0,98,,30433,68,,,0,198,,30420,68,,,0,100,,30421,68,,,0
15029,'1878',745,,30448,68,,,0,200,,30445,68,,,0,100,,30446,68,,,0,202,,30443,68,,,0,100,,30440,68,,,0,202,,30442,68,,,0,99,,30439,68,,,0,198,,30437,68,,,0,99,,30438,68,,,0
15029,'1881',623,,30482,28,,,0,20,,36978,28,,,0,206,,36979,68,,,0,298,,36980,68,,,0,70,,36981,68,,,0,100,,36983,68,,,0,30,,36984,68,,,0,176,,36986,68,,,0,136,,36987,68,,,0,65,,36988,68,,,0,188,,30508,68,,,0,100,,36989,68,,,0,30,,42580,68,,,0,168,,36992,68,,,0,97,,36991,68,,,0
15029,'1882',714,,30484,68,,,0,32,,30485,68,,,0,74,,30486,68,,,0,102,,30488,68,,,0,30,,30489,68,,,0,65,,30490,68,,,0,30,,30491,68,,,0,70,,30492,68,,,0,130,,42578,68,,,0,170,,42579,68,,,0,33,,30499,68,,,0,108,,30501,68,,,0,72,,30502,68,,,0,117,,30505,68,,,0,69,,30506,68,,,0,29,,30507,68,,,0,97,,30509,68,,,0,170,,30512,68,,,0
15029,'1886',623,,45109,28,,,0,20,,45110,28,,,0,206,,45111,68,,,0,298,,45112,68,,,0,70,,45113,68,,,0,100,,45114,68,,,0,30,,45115,68,,,0,176,,45116,68,,,0,136,,45117,68,,,0,65,,45118,68,,,0,188,,45119,68,,,0,100,,45120,68,,,0,30,,45121,68,,,0,168,,45123,68,,,0,97,,45122,68,,,0
15029,'1887',617,,45124,28,,,0,326,,45125,68,,,0,303,,45126,68,,,0,305,,45127,68,,,0,295,,45128,68,,,0
15029,'1888',843,,45132,68,,,0,304,,45133,68,,,0,302,,45131,68,,,0,298,,45130,68,,,0,298,,45129,68,,,0
