7029,'1796',507,,20399,7,,,0,100,,20400,7,,,0,30,,20401,7,,,0,71,,20402,7,,,0,30,,20403,7,,,0,70,,20404,7,,,0,30,,20405,7,,,0,70,,20406,7,,,0,30,,20407,7,,,0,70,,20408,7,,,0,30,,20409,7,,,0,70,,20410,7,,,0,30,,20411,7,,,0,70,,20395,7,,,0,30,,20396,7,,,0,70,,20397,7,,,0,31,,20394,7,,,0,70,,20393,7,,,0,30,,20398,7,,,0,70,,20412,7,,,0,30,,20413,7,,,0,70,,20414,7,,,0,29,,20415,7,,,0,70,,20416,7,,,0,30,,20417,7,,,0,70,,20418,7,,,0,30,,20419,7,,,0,70,,20420,7,,,0,30,,20421,7,,,0,70,,20422,7,,,0,99,,20423,7,,,0,100,,20424,7,,,0,100,,20425,7,,,0
7029,'1797',639,,20426,7,,,0,70,,20440,7,,,0,30,,20427,7,,,0,69,,20441,7,,,0,30,,20428,7,,,0,70,,20442,7,,,0,30,,20429,7,,,0,70,,20443,7,,,0,30,,20430,7,,,0,70,,20444,7,,,0,30,,20431,7,,,0,70,,20445,7,,,0,30,,20432,7,,,0,70,,20446,7,,,0,30,,20433,7,,,0,70,,20447,7,,,0,30,,20434,7,,,0,70,,20448,7,,,0,30,,20435,7,,,0,70,,20449,7,,,0,30,,20436,7,,,0,70,,20450,7,,,0,30,,20437,7,,,0,70,,20451,7,,,0,30,,20438,7,,,0,70,,20452,7,,,0,30,,20439,7,,,0,69,,20453,7,,,0,100,,20454,7,,,0,100,,20455,7,,,0,100,,20456,7,,,0,30,,20458,7,0,13 14,0
7029,'1798',708,,20460,7,,,0,100,,20461,7,,,0,100,,20462,7,,,0,100,,20463,7,,,0,100,,20464,7,,,0,100,,20465,7,,,0,100,,20466,7,,,0,100,,20467,7,,,0,100,,20468,7,,,0,100,,20469,7,,,0,100,,20470,7,,,0,100,,20471,7,,,0,100,,20472,7,,,0,99,,20473,7,,,0,100,,20459,7,,,0,230,,20474,7,0,13 14,0
7029,'1799',708,,20476,7,,,0,100,,20477,7,,,0,100,,20478,7,,,0,100,,20479,7,,,0,100,,20480,7,,,0,100,,20481,7,,,0,100,,20482,7,,,0,100,,20483,7,,,0,100,,20484,7,,,0,100,,20485,7,,,0,100,,20486,7,,,0,100,,20487,7,,,0,100,,20488,7,,,0,99,,20489,7,,,0,100,,20475,7,,,0,230,,20490,7,0,13 14,0
7029,'1800',708,,20492,7,,,0,100,,20493,7,,,0,100,,20494,7,,,0,100,,20495,7,,,0,100,,20496,7,,,0,100,,20497,7,,,0,100,,20498,7,,,0,100,,20499,7,,,0,100,,20500,7,,,0,100,,20501,7,,,0,100,,20502,7,,,0,100,,20503,7,,,0,100,,20504,7,,,0,99,,20505,7,,,0,100,,20491,7,,,0,230,,20506,7,0,13 14,0
7029,'1816',908,,10101,7,,,0,230,,10090,7,,,0,70,,10104,7,,,0,130,,10092,7,,,0,100,,10093,7,,,0,70,,10107,7,,,0,300,,10110,7,,,0,299,,10113,7,,,0,100,,10114,7,,,0,100,,10115,7,,,0
7029,'1817',708,,10035,7,,,0,100,,10036,7,,,0,100,,17091,7,,,0,100,,10038,7,,,0,100,,10039,7,,,0,100,,17092,7,,,0,100,,10041,7,,,0,100,,10042,7,,,0,100,,17093,7,,,0,100,,10044,7,,,0,100,,10045,7,,,0,100,,17094,7,,,0,100,,10047,7,,,0,99,,10048,7,,,0,100,,17090,7,,,0,230,,17095,7,0,13 14,0
7029,'1824',639,,17122,7,,,0,70,,17133,7,,,0,30,,17123,7,,,0,69,,17134,7,,,0,30,,17124,7,,,0,100,,17125,7,,,0,70,,17135,7,,,0,30,,17126,7,,,0,70,,17136,7,,,0,130,,17127,7,,,0,70,,17137,7,,,0,100,,17138,7,,,0,130,,17128,7,,,0,70,,17139,7,,,0,30,,17129,7,,,0,70,,17140,7,,,0,30,,17130,7,,,0,100,,17131,7,,,0,70,,17141,7,,,0,30,,17132,7,,,0,69,,17142,7,,,0,330,,17143,7,0,13 14,0
20007019,'1796',542,,24812,7,,,0,1494,,24813,7,,,0,100,,24814,7,,,0,100,,24815,7,,,0,100,,24817,7,,,0,100,,24816,7,,,0
20007019,'1797',2036,,24818,7,,,0,100,,24819,7,,,0,100,,24820,7,,,0
20007019,'1798',638,,24838,7,,,0,200,,24823,7,,,0,100,,24824,7,,,0,100,,24825,7,,,0,100,,24826,7,,,0,100,,24827,7,,,0,100,,24828,7,,,0,100,,24829,7,,,0,100,,24830,7,,,0,100,,24831,7,,,0,100,,24832,7,,,0,100,,24833,7,,,0,100,,24834,7,,,0,98,,24835,7,,,0,100,,24836,7,,,0,70,,24837,7,,,0,30,,24822,7,,,0,70,,24821,7,,,0
20007019,'1799',638,,24856,7,,,0,200,,24841,7,,,0,100,,24842,7,,,0,100,,24843,7,,,0,100,,24844,7,,,0,100,,24845,7,,,0,100,,24846,7,,,0,100,,24847,7,,,0,100,,24848,7,,,0,100,,24849,7,,,0,100,,24850,7,,,0,100,,24851,7,,,0,100,,24852,7,,,0,98,,24853,7,,,0,100,,24854,7,,,0,70,,24855,7,,,0,30,,24840,7,,,0,70,,24839,7,,,0
20007019,'1800',638,,24874,7,,,0,200,,24859,7,,,0,100,,24860,7,,,0,100,,24861,7,,,0,100,,24862,7,,,0,100,,24863,7,,,0,100,,24864,7,,,0,100,,24865,7,,,0,100,,24866,7,,,0,100,,24867,7,,,0,100,,24868,7,,,0,100,,24869,7,,,0,100,,24870,7,,,0,98,,24871,7,,,0,100,,24872,7,,,0,70,,24873,7,,,0,30,,24858,7,,,0,70,,24857,7,,,0
20007019,'1816',2236,,13702,7,,,0
20007019,'1817',638,,19127,7,,,0,200,,19113,7,,,0,100,,19114,7,,,0,100,,19115,7,,,0,100,,19116,7,,,0,100,,19117,7,,,0,100,,19118,7,,,0,100,,19119,7,,,0,100,,19120,7,,,0,100,,19121,7,,,0,100,,19122,7,,,0,100,,19123,7,,,0,100,,19124,7,,,0,98,,19125,7,,,0,100,,19126,7,,,0,70,,13688,7,,,0,30,,19112,7,,,0,70,,19111,7,,,0
20007019,'1824',2036,,19132,7,,,0,100,,19133,7,,,0
