2019,'1800',643,,19560,9,,,0,70,,19537,9,,,0,30,,19541,9,,,0,70,,19553,9,,,0,30,,19548,9,,,0,70,,19538,9,,,0,30,,19542,9,,,0,70,,19554,9,,,0,30,,19549,9,,,0,70,,19539,9,,,0,30,,19543,9,,,0,70,,19555,9,,,0,30,,19550,9,,,0,70,,19540,9,,,0,30,,19544,9,,,0,70,,19556,9,,,0,30,,19551,9,,,0,70,,19535,9,,,0,30,,19545,9,,,0,70,,19557,9,,,0,30,,19552,9,,,0,70,,19533,9,,,0,30,,19546,9,,,0,70,,19558,9,,,0,100,,19534,9,,,0,100,,19559,9,,,0,100,,19536,9,,,0,100,,19547,9,,,0,99,,19561,9,,,0
2019,'1838',643,,35124,9,,,0,70,,35101,9,,,0,30,,35105,9,,,0,70,,35117,9,,,0,30,,35112,9,,,0,70,,35102,9,,,0,30,,35106,9,,,0,70,,35118,9,,,0,30,,35113,9,,,0,70,,35103,9,,,0,30,,35107,9,,,0,70,,35119,9,,,0,30,,35114,9,,,0,70,,35104,9,,,0,30,,35108,9,,,0,70,,35120,9,,,0,30,,35115,9,,,0,70,,35099,9,,,0,30,,35109,9,,,0,70,,35121,9,,,0,30,,35116,9,,,0,70,,35097,9,,,0,30,,35110,9,,,0,70,,35122,9,,,0,100,,35098,9,,,0,100,,35123,9,,,0,100,,35100,9,,,0,100,,35111,9,,,0,99,,35125,9,,,0
2019,'1850',613,,28616,9,,,0,29,,28617,9,,,0,69,,28618,9,,,0,32,,28619,9,,,0,71,,28620,9,,,0,30,,28621,9,,,0,67,,28622,9,,,0,30,,28623,9,,,0,70,,28624,9,,,0,30,,28625,9,,,0,70,,28626,9,,,0,30,,28627,9,,,0,70,,28628,9,,,0,30,,28629,9,,,0,70,,28630,9,,,0,30,,28631,9,,,0,70,,28632,9,,,0,30,,28633,9,,,0,70,,28634,9,,,0,30,,28635,9,,,0,70,,28636,9,,,0,30,,28637,9,,,0,70,,28638,9,,,0,30,,28639,9,,,0,70,,28640,9,,,0,30,,28646,9,,,0,70,,28641,9,,,0,100,,28642,9,,,0,100,,28643,9,,,0,100,,28644,9,,,0,102,,28645,9,,,0
2019,'1857',613,,19412,9,,,0,29,,19413,9,,,0,69,,19414,9,,,0,32,,19415,9,,,0,71,,19416,9,,,0,30,,19417,9,,,0,67,,19418,9,,,0,30,,19419,9,,,0,70,,19420,9,,,0,30,,19421,9,,,0,70,,19422,9,,,0,30,,19423,9,,,0,70,,19424,9,,,0,30,,19425,9,,,0,70,,19426,9,,,0,30,,19427,9,,,0,70,,19428,9,,,0,30,,19429,9,,,0,70,,19430,9,,,0,30,,19431,9,,,0,70,,19432,9,,,0,30,,19433,9,,,0,70,,19434,9,,,0,30,,19435,9,,,0,70,,19436,9,,,0,30,,19442,9,,,0,70,,19437,9,,,0,100,,19438,9,,,0,100,,19439,9,,,0,100,,19440,9,,,0,102,,19441,9,,,0
2019,'1859',643,,19451,9,,,0,70,,19460,9,,,0,30,,19467,9,,,0,70,,19445,9,,,0,30,,19452,9,,,0,70,,19461,9,,,0,30,,19468,9,,,0,70,,19446,9,,,0,30,,19453,9,,,0,70,,19462,9,,,0,30,,19469,9,,,0,70,,19447,9,,,0,30,,19454,9,,,0,70,,19463,9,,,0,30,,19470,9,,,0,70,,19448,9,,,0,30,,19455,9,,,0,70,,19464,9,,,0,30,,19471,9,,,0,70,,19449,9,,,0,30,,19456,9,,,0,70,,19465,9,,,0,30,,19472,9,,,0,70,,19450,9,,,0,30,,19457,9,,,0,70,,19466,9,,,0,100,,19458,9,,,0,100,,19473,9,,,0,100,,19459,9,,,0,100,,19474,9,,,0
2019,'1861',643,,19502,9,,,0,70,,19479,9,,,0,30,,19483,9,,,0,70,,19495,9,,,0,30,,19490,9,,,0,70,,19480,9,,,0,30,,19484,9,,,0,70,,19496,9,,,0,30,,19491,9,,,0,70,,19481,9,,,0,30,,19485,9,,,0,70,,19497,9,,,0,30,,19492,9,,,0,70,,19482,9,,,0,30,,19486,9,,,0,70,,19498,9,,,0,30,,19493,9,,,0,70,,19477,9,,,0,30,,19487,9,,,0,70,,19499,9,,,0,30,,19494,9,,,0,70,,19475,9,,,0,30,,19488,9,,,0,70,,19500,9,,,0,100,,19476,9,,,0,100,,19501,9,,,0,100,,19478,9,,,0,100,,19489,9,,,0,99,,19503,9,,,0
2019,'1865',613,,35127,9,,,0,29,,35128,9,,,0,69,,35129,9,,,0,32,,35130,9,,,0,71,,35131,9,,,0,30,,35132,9,,,0,67,,35133,9,,,0,30,,35134,9,,,0,70,,35135,9,,,0,30,,35136,9,,,0,70,,35137,9,,,0,30,,35138,9,,,0,70,,35139,9,,,0,30,,35140,9,,,0,70,,35141,9,,,0,30,,35142,9,,,0,70,,35143,9,,,0,30,,35144,9,,,0,70,,35145,9,,,0,30,,35146,9,,,0,70,,35147,9,,,0,30,,35148,9,,,0,70,,35149,9,,,0,30,,35150,9,,,0,70,,35151,9,,,0,30,,35157,9,,,0,70,,35152,9,,,0,100,,35153,9,,,0,100,,35154,9,,,0,100,,35155,9,,,0,102,,35156,9,,,0
2019,'1866',643,,35166,9,,,0,70,,35175,9,,,0,30,,35182,9,,,0,70,,35160,9,,,0,30,,35167,9,,,0,70,,35176,9,,,0,30,,35183,9,,,0,70,,35161,9,,,0,30,,35168,9,,,0,70,,35177,9,,,0,30,,35184,9,,,0,70,,35162,9,,,0,30,,35169,9,,,0,70,,35178,9,,,0,30,,35185,9,,,0,70,,35163,9,,,0,30,,35170,9,,,0,70,,35179,9,,,0,30,,35186,9,,,0,70,,35164,9,,,0,30,,35171,9,,,0,70,,35180,9,,,0,30,,35187,9,,,0,70,,35165,9,,,0,30,,35172,9,,,0,70,,35181,9,,,0,100,,35173,9,,,0,100,,35188,9,,,0,100,,35174,9,,,0,100,,35189,9,,,0
2019,'1867',643,,35217,9,,,0,70,,35194,9,,,0,30,,35198,9,,,0,70,,35210,9,,,0,30,,35205,9,,,0,70,,35195,9,,,0,30,,35199,9,,,0,70,,35211,9,,,0,30,,35206,9,,,0,70,,35196,9,,,0,30,,35200,9,,,0,70,,35212,9,,,0,30,,35207,9,,,0,70,,35197,9,,,0,30,,35201,9,,,0,70,,35213,9,,,0,30,,35208,9,,,0,70,,35192,9,,,0,30,,35202,9,,,0,70,,35214,9,,,0,30,,35209,9,,,0,70,,35190,9,,,0,30,,35203,9,,,0,70,,35215,9,,,0,100,,35191,9,,,0,100,,35216,9,,,0,100,,35193,9,,,0,100,,35204,9,,,0,99,,35218,9,,,0
32019,'1800',558,,31599,11,,,0,96,,31582,41,,,0,100,,31583,41,,,0,100,,31584,41,,,0,99,,31585,41,,,0,103,,31586,41,,,0,100,,31587,41,,,0,100,,31588,41,,,0,100,,31589,41,,,0,100,,31590,41,,,0,100,,31591,41,,,0,100,,31592,41,,,0,100,,31593,41,,,0,100,,31594,41,,,0,99,,31595,41,,,0,100,,31596,41,,,0,100,,31597,41,,,0,100,,31598,41,,,0
32019,'1838',558,,38360,11,,,0,96,,38343,41,,,0,100,,38344,41,,,0,100,,38345,41,,,0,99,,38346,41,,,0,103,,38347,41,,,0,100,,38348,41,,,0,100,,38349,41,,,0,100,,38350,41,,,0,100,,38351,41,,,0,100,,38352,41,,,0,100,,38353,41,,,0,100,,38354,41,,,0,100,,38355,41,,,0,99,,38356,41,,,0,100,,38357,41,,,0,100,,38358,41,,,0,100,,38359,41,,,0
32019,'1850',439,,31710,11,,,0,89,,31712,11,,,0,30,,31713,11,,,0,70,,31709,11,,,0,30,,31684,41,,,0,70,,31700,41,,,0,30,,31679,41,,,0,69,,31695,41,,,0,30,,31705,41,,,0,69,,31689,41,,,0,30,,31687,41,,,0,70,,31699,41,,,0,30,,31677,41,,,0,70,,31693,41,,,0,30,,31704,41,,,0,70,,31691,41,,,0,30,,31686,41,,,0,70,,31698,41,,,0,30,,31680,41,,,0,72,,31692,41,,,0,30,,31703,41,,,0,70,,31690,41,,,0,31,,31683,41,,,0,70,,31697,41,,,0,28,,31676,41,,,0,70,,31694,41,,,0,29,,31702,41,,,0,70,,31688,41,,,0,30,,31685,41,,,0,69,,31696,41,,,0,30,,31681,41,,,0,70,,31706,11,,,0,30,,31701,41,,,0,70,,31708,11,,,0,30,,31682,41,,,0,70,,31707,11,,,0,30,,31678,41,,,0
32019,'1859',528,,31655,11,,,0,30,,31656,11,,,0,70,,31638,11,,,0,26,,31631,41,,,0,70,,31648,41,,,0,30,,31625,41,,,0,70,,31642,41,,,0,30,,31649,41,,,0,70,,31637,41,,,0,29,,31630,41,,,0,72,,31647,41,,,0,31,,31624,41,,,0,70,,31641,41,,,0,30,,31652,41,,,0,70,,31636,41,,,0,30,,31629,41,,,0,70,,31646,41,,,0,30,,31623,41,,,0,70,,31640,41,,,0,30,,31651,41,,,0,70,,31635,41,,,0,30,,31628,41,,,0,70,,31645,41,,,0,30,,31622,41,,,0,70,,31639,41,,,0,30,,31653,41,,,0,70,,31634,41,,,0,30,,31627,41,,,0,69,,31643,41,,,0,30,,31621,41,,,0,70,,31633,11,,,0,30,,31650,41,,,0,70,,31644,11,,,0,30,,31626,41,,,0,70,,31632,11,,,0,30,,31620,41,,,0
32019,'1861',558,,31674,11,,,0,96,,31657,41,,,0,100,,31658,41,,,0,100,,31659,41,,,0,99,,31660,41,,,0,103,,31661,41,,,0,100,,31662,41,,,0,100,,31663,41,,,0,100,,31664,41,,,0,100,,31665,41,,,0,100,,31666,41,,,0,100,,31667,41,,,0,100,,31668,41,,,0,100,,31669,41,,,0,99,,31670,41,,,0,100,,31671,41,,,0,100,,31672,41,,,0,100,,31673,41,,,0
32019,'1864',439,,38396,11,,,0,89,,31750,11,,,0,30,,38398,11,,,0,70,,38395,11,,,0,30,,38370,41,,,0,70,,38386,41,,,0,30,,38365,41,,,0,69,,38381,41,,,0,30,,38391,41,,,0,69,,38375,41,,,0,30,,38373,41,,,0,70,,38385,41,,,0,30,,38363,41,,,0,70,,38379,41,,,0,30,,38390,41,,,0,70,,38377,41,,,0,30,,38372,41,,,0,70,,38384,41,,,0,30,,38366,41,,,0,72,,38378,41,,,0,30,,38389,41,,,0,70,,38376,41,,,0,31,,38369,41,,,0,70,,38383,41,,,0,28,,38362,41,,,0,70,,38380,41,,,0,29,,38388,41,,,0,70,,38374,41,,,0,30,,38371,41,,,0,69,,38382,41,,,0,30,,38367,41,,,0,70,,38392,11,,,0,30,,38387,41,,,0,70,,38394,11,,,0,30,,38368,41,,,0,70,,38393,11,,,0,30,,38364,41,,,0
32019,'1865',439,,38433,11,,,0,89,,38435,11,,,0,30,,38436,11,,,0,70,,38432,11,,,0,30,,38407,41,,,0,70,,38423,41,,,0,30,,38402,41,,,0,69,,38418,41,,,0,30,,38428,41,,,0,69,,38412,41,,,0,30,,38410,41,,,0,70,,38422,41,,,0,30,,38400,41,,,0,70,,38416,41,,,0,30,,38427,41,,,0,70,,38414,41,,,0,30,,38409,41,,,0,70,,38421,41,,,0,30,,38403,41,,,0,72,,38415,41,,,0,30,,38426,41,,,0,70,,38413,41,,,0,31,,38406,41,,,0,70,,38420,41,,,0,28,,38399,41,,,0,70,,38417,41,,,0,29,,38425,41,,,0,70,,38411,41,,,0,30,,38408,41,,,0,69,,38419,41,,,0,30,,38404,41,,,0,70,,38429,11,,,0,30,,38424,41,,,0,70,,38431,11,,,0,30,,38405,41,,,0,70,,38430,11,,,0,30,,38401,41,,,0
32019,'1866',528,,38472,11,,,0,30,,38473,11,,,0,70,,38455,11,,,0,26,,38448,41,,,0,70,,38465,41,,,0,30,,38442,41,,,0,70,,38459,41,,,0,30,,38466,41,,,0,70,,38454,41,,,0,29,,38447,41,,,0,72,,38464,41,,,0,31,,38441,41,,,0,70,,38458,41,,,0,30,,38469,41,,,0,70,,38453,41,,,0,30,,38446,41,,,0,70,,38463,41,,,0,30,,38440,41,,,0,70,,38457,41,,,0,30,,38468,41,,,0,70,,38452,41,,,0,30,,38445,41,,,0,70,,38462,41,,,0,30,,38439,41,,,0,70,,38456,41,,,0,30,,38470,41,,,0,70,,38451,41,,,0,30,,38444,41,,,0,69,,38460,41,,,0,30,,38438,41,,,0,70,,38450,11,,,0,30,,38467,41,,,0,70,,38461,11,,,0,30,,38443,41,,,0,70,,38449,11,,,0,30,,38437,41,,,0
32019,'1867',558,,38491,11,,,0,96,,38474,41,,,0,100,,38475,41,,,0,100,,38476,41,,,0,99,,38477,41,,,0,103,,38478,41,,,0,100,,38479,41,,,0,100,,38480,41,,,0,100,,38481,41,,,0,100,,38482,41,,,0,100,,38483,41,,,0,100,,38484,41,,,0,100,,38485,41,,,0,100,,38486,41,,,0,99,,38487,41,,,0,100,,38488,41,,,0,100,,38489,41,,,0,100,,38490,41,,,0
14000001019,'1800',2409,,34757,16,,,0,30,,41971,16,,,0,70,,24911,16,,,0,30,,34758,16,,,0,70,,41970,16,,,0
14000001019,'1838',2409,,41975,16,,,0,30,,41974,16,,,0,70,,41972,16,,,0,30,,41976,16,,,0,70,,41973,16,,,0
14000001019,'1850',2409,,34775,16,,,0,30,,34772,16,,,0,70,,34773,16,,,0,30,,34774,16,,,0,70,,34771,16,,,0
14000001019,'1857',2509,,24893,16,,,0
14000001019,'1859',2409,,34766,16,,,0,30,,34763,16,,,0,70,,24899,16,,,0,30,,34765,16,,,0,70,,34764,16,,,0
14000001019,'1861',2409,,34769,16,,,0,100,,24901,16,,,0,30,,34770,16,,,0
14000001019,'1863',2439,,41978,16,,,0,170,,41977,16,,,0
14000001019,'1864',2409,,41982,16,,,0,30,,41980,16,,,0,100,,41981,16,,,0,70,,41979,16,,,0
14000001019,'1865',2409,,41987,16,,,0,30,,41984,16,,,0,70,,41985,16,,,0,30,,41986,16,,,0,70,,41983,16,,,0
14000001019,'1866',2409,,41992,16,,,0,30,,41988,16,,,0,70,,41991,16,,,0,30,,41990,16,,,0,70,,41989,16,,,0
14000001019,'1867',2409,,41996,16,,,0,30,,41995,16,,,0,70,,41993,16,,,0,30,,41997,16,,,0,70,,41994,16,,,0
