1,1019,'1790',5644,5645,5646,5647,5648,5649,5650,5651,5652,5653,5654,5655,5656,5657,5658,5659,5660,5661
1,1019,'1791',9324,9325,9328,9329,9331,9332,9334,9305,9337,9338,9339,9341,9345,9347,9348,9350,9351,9355,9356,9357
1,1019,'1794',9306,9307,9308,9309,9310,9311,9312,9313,9314,9315,9316,9317,9318,9319,9320,9321,9322,9323
1,1019,'1808',5608,5609,5610,5611,5612,5613,5614,5615,5616,5617,5618,5619,5620,5621,5622,5623,5624,5625,5626,5627,5628,5629,5630,5631,5632,5633,5634,5635,5636,5637,5638,5639,5640,5641,5642,5643
1,1019,'1815',13765,13766,13767,13768,13769,13770,13771,13772,13773,13774,13775,13776,13777,13778,13779,13780
1,1029,'1790',5732,5733,5734,5735,5736,5737,5738,5739,5740,5741,5742,5743,5744,5745,5746,5747,5748,5749
1,1029,'1791',9378,9380,9382,9383,9384,9385,9387,9388,9389,9359,9392,9394,9396,9397,9398,9399,9401,9403,9407,9408,9409
1,1029,'1794',9360,9361,9362,9363,9364,9365,9366,9367,9368,9369,9370,9371,9372,9373,9374,9375,9376,9377
1,1029,'1808',5697,5698,5699,5700,5701,5702,5703,5704,5705,5706,5707,5708,5709,5710,5711,5712,5713,5714,5715,5716,5717,5718,5719,5720,5721,5722,5723,5724,5725,5726,5727,5728,5729,5730,5731
1,1029,'1815',13781,13782,13783,13784,13785,13786,13787,13788,13789,13790,13791,13792,13793,13794
2,2019,'1790',5813,5814,5815,5816,5817,5818,5819,5820,5821,5822,5823,5824,5825,5826,5827,5828,5829,5830,5831,5832,5833,5834,5835,5836,5837,5838,5839,5840,5841
2,2019,'1791',5750,5751,5752,5753,5754,5755,5756,5757,5758,5759,5760,5761,5762,5763,5764,5765,5766,5767,5768,5769,5770,5771,5772,5773,5774,5775,5776,5777,5778,5779,5780
2,2019,'1794',9412,9413,9414,9415,9416,9417,9418,9419,9420,9421,9422,9423,9424,9425,9426,9427,9428,9429,9430,9431,9432,9433,9434,9435,9436,9437,9438,9439,9440
2,2019,'1808',5782,5783,5784,5785,5786,5787,5788,5789,5790,5791,5792,5793,5794,5795,5796,5797,5798,5799,5800,5801,5802,5803,5804,5805,5806,5807,5808,5809,5810,5811,5812
2,2019,'1815',13795
2,2029,'1790',5911,5912,5913,5914,5915,5916,5917,5918,5919,5920,5921,5922,5923,5924,5925,5926,5927,5928,5929,5930,5931,5932,5933,5934,5935,5936,5937,5938,5939,5940,5941,5942
2,2029,'1791',5842,5843,5844,5845,5846,5847,5848,5849,5850,5851,5852,5853,5854,5855,5856,5857,5858,5859,5860,5861,5862,5863,5864,5865,5866,5867,5868,5869,5870,5871,5872,5873,5874,5875,5876
2,2029,'1794',9442,9443,9444,9445,9446,9447,9448,9449,9450,9451,9452,9453,9454,9455,9456,9457,9458,9459,9460,9461,9462,9463,9464,9465,9466,9467,9468,9469,9470,9471,9472,9473
2,2029,'1808',5877,5878,5879,5880,5881,5882,5883,5884,5885,5886,5887,5888,5889,5890,5891,5892,5893,5894,5895,5896,5897,5898,5899,5900,5901,5902,5903,5904,5905,5906,5907,5908,5909,5910
4,4019,'1809',13796,13797,13798,13799,13800,13801,13802,13803,13804,13805,13806,13807,13808,13809,13810,13811,13812,13813,13814,13815,13816,13817,13818,13819,13820,13821,13822,13823
4,4019,'1813',9547,9548,9549,9550,9551,9552,9553,9554,9555,9556,9557,9558,9559,9560,9561,9562,9563,9564,9565,9566,9567,9568,9569,9570,9571,9572,9573,9574,9575,9576,9577,9578
4,4019,'1814',9474,9475,9476,9477,9478,9479,9480,9481,9482,9483,9484,9485,9486,9487,9488,9489,9490,9491,9492,9493,9494,9495,9496,9497,9498,9499,9500,9501
4,4019,'1815',13824,13825,13826,13827,13828,13829,13830,13831,13832,13833,13834,13835,13836,13837,13838,13839,13840,13841,13842,13843,13844,13845,13846,13847,13848,13849,13850,13851,13852,13853,13854,13855,13856
4,4019,'1816',13857,13858,13859,13860,13861,13862,13863,13864,13865,13866,13867,13868,13869,13870,13871,13872,13873,13874,13875,13876,13877,13878,13879,13880,13881,13882,13883,13884,13885,13886,13887,13888
4,4019,'1817',13889,13890,13891,13892,13893,13894,13895,13896,13897,13898,13899,13900,13901,13902,13903,13904,13905,13906,13907,13908,13909,13910,13911,13912,13913,13914,13915,13916
4,4029,'1809',13917,13918,13919,13920,13921,13922,13923,13924,13925,13926,13927,13928,13929,13930,13931,13932,13933,13934,13935,13936,13937,13938,13939,13940,13941,13942,13943,13944,13945
4,4029,'1813',9672,9673,9674,9675,9676,9677,9678,9679,9680,9681,9682,9683,9684,9685,9686,9687,9688,9689,9690,9691,9692,9693,9694,9695,9696,9697,9698,9699,9700,9701,9702,9703
4,4029,'1814',9607,9608,9609,9610,9611,9612,9613,9614,9615,9616,9617,9618,9619,9620,9621,9622,9623,9624,9625,9626,9627,9628,9629,9630,9631,9632,9633,9634,9635
4,4029,'1815',13946,13947,13948,13949,13950,13951,13952,13953,13954,13955,13956,13957,13958,13959,13960,13961,13962,13963,13964,13965,13966,13967,13968,13969,13970,13971,13972,13973,13974,13975,13976,13977
4,4029,'1816',13978,13979,13980,13981,13982,13983,13984,13985,13986,13987,13988,13989,13990,13991,13992,13993,13994,13995,13996,13997,13998,13999,14000,14001,14002,14003,14004,14005,14006,14007,14008,14009
4,4029,'1817',14010,14011,14012,14013,14014,14015,14016,14017,14018,14019,14020,14021,14022,14023,14024,14025,14026,14027,14028,14029,14030,14031,14032,14033,14034,14035,14036,14037,14038
6,6019,'1791',9745,9747,9751,9752,9754,9756,9757,9760,9762,9763,9765,9769,9774
6,6019,'1808',9775,9776,9788
6,6019,'1809',14039,14040,14041,14042,14043,14044,14045,14046,14047,14048,14049,14050
6,6019,'1813',9777,9778,9779,9780,9781,9782,9783,9784,9785,9786,9787,9789,9790,9791,9792,9793,9794,9795,9796,9797,9798,9799,9800,9801,9802
6,6019,'1814',9733,9734,9735,9736,9737,9738,9739,9740,9741,9742,9743,9744
6,6019,'1815',14051,14052,14053,14054,14055,14056,14057,14058,14059,14060,14061,14062,14063,14064,14065,14066,14067
6,6019,'1816',14068,14069,14070,14071,14072,14073,14074,14075,14076,14077,14078,14079,14080,14081,14082,14083,14084,14085,14086,14087,14088,14089,14090,14091,14092
6,6019,'1817',14093,14094,14095,14096,14097,14098,14099,14100,14101,14102,14103,14104
6,6029,'1791',9822,9823,9825,9826,9831,9832,9833,9838,9839,9840,9841,9842,9844
6,6029,'1808',9846,9848,9872
6,6029,'1813',9845,9847,9849,9850,9851,9852,9853,9854,9855,9856,9857,9858,9859,9860,9861,9862,9863,9864,9865,9866,9867,9868,9869,9870,9871,9873
6,6029,'1815',14105,14106,14107,14108,14109,14110,14111,14112,14113,14114,14115,14116,14117,14118,14119,14120,14121
6,6029,'1816',14122,14123,14124,14125,14126,14127,14128,14129,14130,14131,14132,14133,14134,14135,14136,14137,14138,14139,14140,14141,14142,14143,14144,14145,14146,14147
7,7019,'1791',9927,9928,9930,9933,9934,9935,9937,9938,9941,9942,9946,9947,9948,9949,9954,9956,9957,9961,9962,9963
7,7019,'1794',9874,9875,9878,9879,9880,9881,9882,9884,9885,9887,9894,9900,9908
7,7019,'1808',9965,9968,9969,9975,9977,9980,9983,9986,9989,9991,9997
7,7019,'1809',9999,10000,14148,14149,10003,10004,10005,10006,10007,14150,10009,10010,14151,10012,14152,14153,14154,14155,14156,14157,10019,14158,14159,14160,14161,14162,10025,14163,14164,14165,14166,14167,14168,14169,10033
7,7019,'1813',9966,9967,9970,9971,9972,9973,9974,9976,9978,9979,9981,9982,9984,9985,9987,9988,9990,9992,9993,9994,9995,9996,9998
7,7019,'1814',9876,9877,9883,9886,9888,9889,9890,9891,9892,9893,9895,9896,9897,9898,9899,9901,9902,9903,9904,9905,9906,9907
7,7019,'1815',14170,14171,14172,14173,14174,14175,14176,14177,14178,14179,14180,14181,14182,14183,14184,14185,14186,14187,14188
7,7019,'1816',14189,14190,14191,14192,14193,14194,14195,14196,14197,14198,14199,14200,14201,14202,14203,14204,14205,14206,14207,14208,14209,14210,14211
7,7019,'1817',14212,14213,14214,14215,14216,14217,14218,14219,14220,14221,14222,14223,14224,14225,14226,14227,14228,14229,14230,14231,14232,14233
7,7029,'1791',10052,10054,10055,10057,10058,10059,10061,10062,10063,10068,10069,10070,10074,10076,10077,10082,10084
7,7029,'1794',10035,10036,10038,10039,10041,10042,10044,10045,10047,10048
7,7029,'1808',10090,10092,10093,10101,10104,10107,10110,10113,10114,10115,10116
7,7029,'1809',14234,10119,10120,14235,10122,10123,14236,10125,10126,14237,10128,10129,14238,10131,10132,14239
7,7029,'1813',10085,10086,10087,10088,10089,10091,10094,10095,10096,10097,10098,10099,10100,10102,10103,10105,10106,10108,10109,10111,10112,10117
7,7029,'1814',10034,10037,10040,10043,10046,10049
7,7029,'1815',14240,14241,14242,14243,14244,14245,14246,14247,14248,14249,14250,14251,14252,14253,14254,14255
7,7029,'1816',14256,14257,14258,14259,14260,14261,14262,14263,14264,14265,14266,14267,14268,14269,14270,14271,14272,14273,14274,14275,14276,14277
7,7029,'1817',14278,14279,14280,14281,14282,14283
10,10019,'1791',10148,10158,10162,10163
10,10019,'1794',10134,10135,10136,10137,10138,10139,10140,10141,10142,10143,10144,10145
10,10019,'1808',10164,10165,10166,10167,10168,10169,10170,10171,10172,10173,10174,10175,10176,10177,10178,10180
10,10019,'1809',10181,10182,10183,10184,10185,10186,10187,10188,10189,10190,10191,10192
10,10019,'1813',10179
10,10019,'1815',14284,14285,14286,14287,14288,14289,14290,14291,14292,14293,14294,14295,14296,14297
10,10019,'1816',14298
10,10029,'1791',10214,10218,10219,10222
10,10029,'1794',10193,10194,10195,10196,10197,10198,10199,10200,10201,10202,10203,10204
10,10029,'1808',10224,10225,10226,10227,10228,10229,10230,10231,10232,10233,10234,10235,10236,10237,10238,10240
10,10029,'1809',10241,10242,10243,10244,10245,10246,10247,10248,10249,10250,10251,10252
10,10029,'1813',10239
10,10029,'1815',14299,14300,14301,14302,14303,14304,14305,14306,14307,14308,14309,14310,14311,14312,14313
10,10029,'1816',14314
11,11019,'1791',10275,10279,10281,10283,10284,10285
11,11019,'1794',10265
11,11019,'1808',10299,10301,10302
11,11019,'1809',14315,14316,14317,14318,14319,14320,14321,14322,14323,14324,14325,14326,10317
11,11019,'1813',10290,10291,10292,10293,10294,10295,10296,10297,10298,10300,10303,10304
11,11019,'1814',10253,10254,10255,10256,10257,10258,10259,10260,10261,10262,10263,10264
11,11019,'1815',14327,14328,14329,14330,14331,14332,14333,14334,14335,14336
11,11019,'1816',14337,14338,14339,14340,14341,14342,14343,14344,14345,14346,14347,14348
11,11019,'1817',14349,14350,14351,14352,14353,14354,14355,14356,14357,14358,14359,14360
11,11029,'1791',10340,10344,10346,10348,10349,10350
11,11029,'1794',10330
11,11029,'1808',10361,10363,10364
11,11029,'1809',14361,14362,14363,14364,14365,14366,14367,14368,14369,14370,14371,14372,10382
11,11029,'1813',10355,10356,10357,10358,10359,10360,10362,10365,10366,10367,10368,10369
11,11029,'1814',10318,10319,10320,10321,10322,10323,10324,10325,10326,10327,10328,10329
11,11029,'1815',14373,14374,14375,14376,14377,14378,14379,14380,14381,14382
11,11029,'1816',14383,14384,14385,14386,14387,14388,14389,14390,14391,14392,14393,14394
11,11029,'1817',14395,14396,14397,14398,14399,14400,14401,14402,14403,14404,14405,14406
12,12019,'1791',10383,10388,10389,10390,10391,10392,10393,10395,10398,10399,10400,10401
12,12019,'1815',14407,14408,14409,14410,14411,14412,14413,14414,14415,14416,14417,14418
12,12029,'1791',10408,10411,10412,10413,10418,10419,10420,10421,10424,10407,10427,10429,10430
12,12029,'1815',14419,14420,14421,14422,14423,14424,14425,14426,14427,14428,14429
13,13019,'1791',10452,10456,10467,10468
13,13019,'1808',10476,10478,10479,10486
13,13019,'1809',14430,14431,14432,14433,14434,14435,14436,14437,14438,14439,14440,14441,14442,14443,14444
13,13019,'1813',10472,10473,10474,10475,10477,10480,10481,10482,10483,10484,10485,10487
13,13019,'1814',10431,10432,10433,10434,10435,10436,10437,10438,10439,10440,10441,10442,10443,10444,10445
13,13019,'1815',14445,14446,14447,14448,14449,14450,14451,14452,14453,14454,14455,14456,14457,14458,14459,14460,14461,14462,14463,14464
13,13019,'1816',14465,14466,14467,14468,14469,14470,14471,14472,14473,14474,14475,14476
13,13019,'1817',14477,14478,14479,14480,14481,14482,14483,14484,14485,14486,14487,14488,14489,14490,14491
14,14019,'1791',10529,10532,10533,10534,10536,10537,10539,10541,10542,10545,10546,10552,10555,10557
14,14019,'1794',10504,10516
14,14019,'1808',10565,10567,10568,10574,10575
14,14019,'1809',14492,10577,14493,14494,14495,14496,14497,14498,14499,14500,14501,14502,14503,10589,14504
14,14019,'1813',10559,10560,10561,10562,10563,10564,10566,10569,10570,10571,10572,10573
14,14019,'1814',10503,10505,10506,10507,10508,10509,10510,10511,10512,10513,10514,10515,10517
14,14019,'1815',14505,14506,14507,14508,14509,14510,14511,14512,14513,14514,14515,14516,14517,14518,14519,14520,14521,14522
14,14019,'1816',14523,14524,14525,14526,14527,14528,14529,14530,14531,14532,14533,14534
14,14019,'1817',14535,14536,14537,14538,14539,14540,14541,14542,14543,14544,14545,14546,14547
15,15019,'1791',10610,10611,10612,10613,10614,10617,10618,10621,10625,10635
15,15019,'1794',10592,10593,10594,10596,10597,10598,10600,10603,10604
15,15019,'1808',10636,10639,10642,10645,10648
15,15019,'1809',14548,10652,10653,10654,14549,10656,10657,10658,14550,10660,14551,14552,10663,10664
15,15019,'1813',10637,10638,10640,10641,10643,10644,10646,10647,10649,10650
15,15019,'1814',10591,10595,10599,10601,10602
15,15019,'1815',14553,14554,14555,14556,14557,14558,14559,14560,14561,14562,14563,14564,14565,14566,14567,14568,14569,14570,14571,14572,14573
15,15019,'1816',14574,14575,14576,14577,14578,14579,14580,14581,14582,14583
15,15019,'1817',14584,14585,14586,14587,14588
15,15029,'1791',10680,10681,10682,10687,10688,10689,10690,10691,10694,10695,10698,10702
15,15029,'1794',10667,10668,10669,10670,10672,10673,10675,10676,10678
15,15029,'1808',10713,10714,10716,10719,10722,10725
15,15029,'1809',14589,14590,10729,10730,10731,10732,14591,10734,10735,14592,10737,10738,14593,10740
15,15029,'1813',10712,10715,10717,10718,10720,10721,10723,10724,10726
15,15029,'1814',10665,10666,10671,10674,10677
15,15029,'1815',14594,14595,14596,14597,14598,14599,14600,14601,14602,14603,14604,14605,14606,14607,14608,14609,14610,14611,14612,14613,14614
15,15029,'1816',14615,14616,14617,14618,14619,14620,14621,14622,14623
15,15029,'1817',14624,14625,14626,14627,14628
16,16019,'1791',10804,10805,10807,10808,10809,10810,10811,10814,10815,10818,10820,10823,10824,10825,10830,10762,10833,10834
16,16019,'1794',10768,10774
16,16019,'1808',10741,10836,10837,10742,10743,10838,10744,10839,10745,10746,10747,10748,10749,10840,10750,10751,10841,10752,10753,10842,10754,10755,10756,10757,10758,10843,10844,10759,10760,10845,10846,10761
16,16019,'1809',14629,14630,14631,14632,14633,10852,14634,14635,14636,14637,14638,10858,14639,14640,14641
16,16019,'1814',10763,10764,10765,10766,10767,10769,10770,10771,10772,10773,10775,10776,10777
16,16019,'1815',14642,14643,14644,14645,14646,14647,14648,14649,14650,14651,14652,14653,14654,14655,14656
16,16019,'1817',14657,14658,14659,14660,14661,14662,14663,14664,14665,14666,14667,14668,14669
16,16029,'1791',10925,10926,10927,10928,10929,10930,10931,10932,10935,10936,10939,10941,10944,10945,10946,10950,10883,10953,10954
16,16029,'1794',10892,10896
16,16029,'1808',10862,10957,10863,10864,10958,10865,10866,10867,10959,10868,10869,10960,10870,10871,10961,10872,10873,10962,10874,10875,10963,10876,10964,10877,10878,10965,10879,10880,10966,10881,10967,10882
16,16029,'1809',14670,14671,14672,14673,14674,14675,14676,14677,10976,14678,14679,14680,10980,14681,14682
16,16029,'1814',10884,10885,10886,10887,10888,10889,10890,10891,10893,10894,10895,10897,10898
16,16029,'1815',14683,14684,14685,14686,14687,14688,14689,14690,14691,14692,14693,14694,14695,14696
16,16029,'1817',14697,14698,14699,14700,14701,14702,14703,14704,14705,14706,14707,14708,14709
19,19019,'1791',11028,11030,11042,11049
19,19019,'1794',10984,11009
19,19019,'1808',11078,11080,11082
19,19019,'1809',14710,11084,14711,14712,14713,14714,14715,14716,14717,14718,14719,14720,14721,14722,14723,14724,14725,14726,14727,14728,14729,14730,14731,14732,14733,14734,11109,14735,14736,14737
19,19019,'1813',11050,11051,11052,11053,11054,11055,11056,11057,11058,11059,11060,11061,11062,11063,11064,11065,11066,11067,11068,11069,11070,11071,11072,11073,11074,11075,11076,11077,11079,11081
19,19019,'1814',10983,10985,10986,10987,10988,10989,10990,10991,10992,10993,10994,10995,10996,10997,10998,10999,11000,11001,11002,11003,11004,11005,11006,11007,11008,11010,11011,11012
19,19019,'1815',14738,14739,14740,14741,14742,14743,14744,14745,14746,14747,14748,14749,14750,14751,14752,14753,14754,14755
19,19019,'1816',14756,14757,14758,14759,14760,14761,14762,14763,14764,14765,14766,14767,14768,14769,14770,14771,14772,14773,14774,14775,14776,14777,14778,14779,14780,14781,14782,14783,14784,14785
19,19019,'1817',14786,14787,14788,14789,14790,14791,14792,14793,14794,14795,14796,14797,14798,14799,14800,14801,14802,14803,14804,14805,14806,14807,14808,14809,14810,14811,14812,14813
19,19029,'1791',11160,11161,11172,11179
19,19029,'1794',11135,11141
19,19029,'1808',11210,11211,11212
19,19029,'1809',14814,14815,14816,14817,14818,14819,14820,14821,14822,14823,14824,14825,14826,14827,14828,14829,14830,14831,14832,14833,14834,14835,11235,14836,14837,14838,14839,14840,11241,14841
19,19029,'1813',11180,11181,11182,11183,11184,11185,11186,11187,11188,11189,11190,11191,11192,11193,11194,11195,11196,11197,11198,11199,11200,11201,11202,11203,11204,11205,11206,11207,11208,11209
19,19029,'1814',11113,11114,11115,11116,11117,11118,11119,11120,11121,11122,11123,11124,11125,11126,11127,11128,11129,11130,11131,11132,11133,11134,11136,11137,11138,11139,11140,11142
19,19029,'1815',14842,14843,14844,14845,14846,14847,14848,14849,14850,14851,14852,14853,14854,14855,14856,14857,14858,14859
19,19029,'1816',14860,14861,14862,14863,14864,14865,14866,14867,14868,14869,14870,14871,14872,14873,14874,14875,14876,14877,14878,14879,14880,14881,14882,14883,14884,14885,14886,14887,14888,14889
19,19029,'1817',14890,14891,14892,14893,14894,14895,14896,14897,14898,14899,14900,14901,14902,14903,14904,14905,14906,14907,14908,14909,14910,14911,14912,14913,14914,14915,14916,14917
22,22019,'1791',11305,11306,11307,11308,11309,11312,11313,11316,11318,11321,11322,11327,11264,11330,11331,11333,11334,11335
22,22019,'1794',11276,11278
22,22019,'1808',11336,11243,11244,11337,11245,11246,11338,11247,11248,11339,11249,11250,11340,11251,11252,11341,11253,11254,11342,11255,11343,11256,11257,11258,11259,11260,11344,11261,11262,11345,11263
22,22019,'1809',14918,14919,14920,14921,14922,14923,14924,14925,14926,14927,14928,11357,14929,11359,14930
22,22019,'1814',11265,11266,11267,11268,11269,11270,11271,11272,11273,11274,11275,11277,11279
22,22019,'1815',14931,14932,14933,14934,14935,14936,14937,14938,14939,14940,14941,14942,14943,14944
22,22019,'1817',14945,14946,14947,14948,14949,14950,14951,14952,14953,14954,14955,14956,14957
22,22029,'1790',7410,7411
22,22029,'1791',11427,11428,11429,11430,11431,11432,11434,11436,11439,11440,11443,11444,11445,11450,11382,11453,11454,11456,11457
22,22029,'1794',11395,11397,11398,11399
22,22029,'1808',11361,11458,11362,11363,11459,11364,11365,11460,11366,11367,11461,11368,11369,11462,11370,11371,11463,11372,11373,11464,11374,11375,11465,11376,11466,11377,11378,11467,11379,11380,11468,11381,7393,7394
22,22029,'1809',14958,14959,14960,14961,14962,14963,14964,14965,14966,14967,14968,14969,11481,14970,11483
22,22029,'1814',11383,11384,11385,11386,11387,11388,11389,11390,11391,11392,11393,11394,11396
22,22029,'1815',14971,14972,14973,14974,14975,14976,14977,14978,14979,14980,14981,14982,14983,14984
22,22029,'1817',14985,14986,14987,14988,14989,14990,14991,14992,14993,14994,14995,14996,14997
31,31019,'1790',7486,7487,7488,7489,7490,7491,7492,7493,7494,7495,7496,7497,7498,7499,7500,7501,7502,7503,7504
31,31019,'1791',11504,11507,11508,11510,11511,11512,11513,11514,11517,11518,11519,11522,11523,11484,11524,11532,11534,11535,11536,11537,11539
31,31019,'1794',11485,11486,11487,11488,11489,11490,11491,11492,11493,11494,11495,11496,11497,11498,11499,11500,11501,11502,11503
31,31019,'1808',7449,7450,7451,7452,7453,7454,7455,7456,7457,7458,7459,7460,7461,7462,7463,7464,7465,7466,7467,7468,7469,7470,7471,7472,7473,7474,7475,7476,7477,7478,7479,7480,7481,7482,7483,7484,7485
31,31019,'1815',14998,14999,15000,15001,15002,15003,15004,15005,15006,15007,15008,15009,15010,15011,15012,15013
32,32019,'1790',7580,7581,7582,7583,7584,7585,7586,7587,7588,7589,7590,7591,7592,7593,7594,7595,7596,7597,7598
32,32019,'1791',11560,11561,11563,11566,11567,11569,11570,11571,11572,11575,11578,11579,11580,11540,11581,11589,11590,11591,11592,11596
32,32019,'1794',11541,11542,11543,11544,11545,11546,11547,11548,11549,11550,11551,11552,11553,11554,11555,11556,11557,11558,11559
32,32019,'1808',7543,7544,7545,7546,7547,7548,7549,7550,7551,7552,7553,7554,7555,7556,7557,7558,7559,7560,7561,7562,7563,7564,7565,7566,7567,7568,7569,7570,7571,7572,7573,7574,7575,7576,7577,7578,7579
32,32019,'1815',15014,15015,15016,15017,15018,15019,15020,15021,15022,15023,15024,15025,15026,15027,15028,15029,15030,15031
60,60019,'1794',11597,11598,11599,11600,11601,11602,11603,11604,11605,11606,11607,11608,11609,11610,11611,11612,11613,11614,11615,11616,11617,11618,11619,11620,11621,11622,11623,11624,11625,11626,11627
60,60029,'1794',11628,11629,11630,11631,11632,11633,11634,11635,11636,11637,11638,11639,11640,11641,11642,11643,11644,11645,11646,11647,11648,11649,11650,11651,11652,11653,11654,11655,11656,11657
501,501019,'1809',15032,15033,15034,15035,15036,15037,15038,15039,15040,15041,15042,15043,15044,15045,15046,15047,15048,15049,15050,15051,15052,15053,15054,15055,15056,15057,15058,15059,15060,15061,15062,15063,15064,15065,15066
501,501019,'1813',11745,11746,11747,11748,11749,11750,11751,11752,11753,11754,11755,11756,11757,11758,11759,11760,11761,11762,11763,11764,11765,11766,11767,11768,11769,11770,11771,11772,11773,11774,11775,11776,11777,11778,11779
501,501019,'1814',11658,11659,11660,11661,11662,11663,11664,11665,11666,11667,11668,11669,11670,11671,11672,11673,11674,11675,11676,11677,11678,11679,11680,11681,11682,11683,11684,11685,11686,11687,11688,11689,11690,11691,11692
501,501019,'1815',15067,15068,15069,15070,15071,15072,15073,15074,15075,15076,15077,15078,15079,15080,15081,15082,15083,15084,15085,15086,15087,15088,15089,15090,15091,15092,15093,15094,15095,15096,15097,15098,15099,15100,15101,15102,15103,15104,15105,15106,15107,15108
501,501019,'1816',15109,15110,15111,15112,15113,15114,15115,15116,15117,15118,15119,15120,15121,15122,15123,15124,15125,15126,15127,15128,15129,15130,15131,15132,15133,15134,15135,15136,15137,15138,15139,15140,15141,15142,15143
501,501019,'1817',15144,15145,15146,15147,15148,15149,15150,15151,15152,15153,15154,15155,15156,15157,15158,15159,15160,15161,15162,15163,15164,15165,15166,15167,15168,15169,15170,15171,15172,15173,15174,15175,15176,15177,15178
501,501029,'1791',11946
501,501029,'1809',15179,15180,15181,15182,15183,15184,15185,15186,15187,15188,15189,15190,15191,15192,15193,15194,15195,15196,15197,15198,15199,15200,15201,15202,15203,15204,15205,15206,15207,15208,15209,15210,15211,15212,15213,15214,15215,15216,15217,15218,15219,15220,15221,15222,15223,15224,15225,15226,15227,15228,15229,15230,15231,15232
501,501029,'1813',11952,11953,11954,11955,11956,11957,11958,11959,11960,11961,11962,11963,11964,11965,11966,11967,11968,11969,11970,11971,11972,11973,11974,11975,11976,11977,11978,11979,11980,11981,11982,11983,11984,11985,11986,11987,11988,11989,11990,11991,11992,11993,11994,11995,11996,11997,11998,11999,12000,12001,12002,12003,12004,12005,12006,12007,12008,12009,12010
501,501029,'1814',11815,11816,11817,11818,11819,11820,11821,11822,11823,11824,11825,11826,11827,11828,11829,11830,11831,11832,11833,11834,11835,11836,11837,11838,11839,11840,11841,11842,11843,11844,11845,11846,11847,11848,11849,11850,11851,11852,11853,11854,11855,11856,11857,11858,11859,11860,11861,11862,11863,11864,11865,11866,11867,11868
501,501029,'1815',15233,15234,15235,15236,15237,15238,15239,15240,15241,15242,15243,15244,15245,15246,15247,15248,15249,15250,15251,15252,15253,15254,15255,15256,15257,15258,15259,15260,15261,15262,15263,15264,15265,15266,15267,15268,15269,15270,15271,15272,15273,15274,15275,15276,15277,15278,15279,15280,15281,15282,15283,15284,15285,15286,15287,15288,15289,15290,15291,15292,15293,15294,15295,15296,15297,15298,15299,15300,15301,15302,15303,15304
501,501029,'1816',15305,15306,15307,15308,15309,15310,15311,15312,15313,15314,15315,15316,15317,15318,15319,15320,15321,15322,15323,15324,15325,15326,15327,15328,15329,15330,15331,15332,15333,15334,15335,15336,15337,15338,15339,15340,15341,15342,15343,15344,15345,15346,15347,15348,15349,15350,15351,15352,15353,15354,15355,15356,15357,15358,15359,15360,15361,15362,15363
501,501029,'1817',15364,15365,15366,15367,15368,15369,15370,15371,15372,15373,15374,15375,15376,15377,15378,15379,15380,15381,15382,15383,15384,15385,15386,15387,15388,15389,15390,15391,15392,15393,15394,15395,15396,15397,15398,15399,15400,15401,15402,15403,15404,15405,15406,15407,15408,15409,15410,15411,15412,15413,15414,15415,15416,15417
502,502019,'1809',15418,15419,15420,15421,15422,15423,15424,15425,15426,15427,15428,15429,15430,15431,15432,15433,15434,15435,15436,15437,15438,15439,15440,15441,15442,15443,15444,15445,15446,15447,15448,15449,15450,15451,15452
502,502019,'1813',12144,12145,12146,12147,12148,12149,12150,12151,12152,12153,12154,12155,12156,12157,12158,12159,12160,12161,12162,12163,12164,12165,12166,12167,12168,12169,12170,12171,12172,12173,12174,12175,12176,12177
502,502019,'1814',12065,12066,12067,12068,12069,12070,12071,12072,12073,12074,12075,12076,12077,12078,12079,12080,12081,12082,12083,12084,12085,12086,12087,12088,12089,12090,12091,12092,12093,12094,12095,12096,12097,12098,12099
502,502019,'1815',15453,15454,15455,15456,15457,15458,15459,15460,15461,15462,15463,15464,15465,15466,15467,15468,15469,15470,15471,15472,15473,15474,15475,15476,15477,15478,15479,15480,15481,15482,15483,15484,15485,15486,15487,15488,15489,15490,15491,15492,15493,15494,15495
502,502019,'1816',15496,15497,15498,15499,15500,15501,15502,15503,15504,15505,15506,15507,15508,15509,15510,15511,15512,15513,15514,15515,15516,15517,15518,15519,15520,15521,15522,15523,15524,15525,15526,15527,15528,15529
502,502019,'1817',15530,15531,15532,15533,15534,15535,15536,15537,15538,15539,15540,15541,15542,15543,15544,15545,15546,15547,15548,15549,15550,15551,15552,15553,15554,15555,15556,15557,15558,15559,15560,15561,15562,15563,15564
502,502029,'1791',12285
502,502029,'1809',15565,15566,15567,15568,15569,15570,15571,15572,15573,15574,15575,15576,15577,15578,15579,15580,15581,15582,15583,15584,15585,15586,15587,15588,15589,15590,15591,15592,15593,15594,15595,15596,15597,15598,15599,15600,15601,15602,15603,15604,15605,15606,15607,15608,15609,15610,15611,15612,15613,15614
502,502029,'1813',12343,12344,12345,12346,12347,12348,12349,12350,12351,12352,12353,12354,12355,12356,12357,12358,12359,12360,12361,12362,12363,12364,12365,12366,12367,12368,12369,12370,12371,12372,12373,12374,12375,12376,12377,12378,12379,12380,12381,12382,12383,12384,12385,12386,12387,12388,12389,12390,12391,12392,12393,12394,12395,12396
502,502029,'1814',12213,12214,12215,12216,12217,12218,12219,12220,12221,12222,12223,12224,12225,12226,12227,12228,12229,12230,12231,12232,12233,12234,12235,12236,12237,12238,12239,12240,12241,12242,12243,12244,12245,12246,12247,12248,12249,12250,12251,12252,12253,12254,12255,12256,12257,12258,12259,12260,12261,12262
502,502029,'1815',15615,15616,15617,15618,15619,15620,15621,15622,15623,15624,15625,15626,15627,15628,15629,15630,15631,15632,15633,15634,15635,15636,15637,15638,15639,15640,15641,15642,15643,15644,15645,15646,15647,15648,15649,15650,15651,15652,15653,15654,15655,15656,15657,15658,15659,15660,15661,15662,15663,15664,15665,15666,15667,15668,15669,15670,15671,15672,15673,15674,15675,15676,15677,15678,15679,15680,15681,15682,15683,15684
502,502029,'1816',15685,15686,15687,15688,15689,15690,15691,15692,15693,15694,15695,15696,15697,15698,15699,15700,15701,15702,15703,15704,15705,15706,15707,15708,15709,15710,15711,15712,15713,15714,15715,15716,15717,15718,15719,15720,15721,15722,15723,15724,15725,15726,15727,15728,15729,15730,15731,15732,15733,15734,15735,15736,15737,15738
502,502029,'1817',15739,15740,15741,15742,15743,15744,15745,15746,15747,15748,15749,15750,15751,15752,15753,15754,15755,15756,15757,15758,15759,15760,15761,15762,15763,15764,15765,15766,15767,15768,15769,15770,15771,15772,15773,15774,15775,15776,15777,15778,15779,15780,15781,15782,15783,15784,15785,15786,15787,15788
601,601019,'1790',8270,8271,8272,8273,8274,8275,8276,8277,8278,8279,8280,8281,8282,8283,8284,8285,8286,8287,8288,8289,8290,8291,8292,8293,8294,8295,8296,8297,8298,8299,8300,8301,8302,8303,8304
601,601019,'1791',12452,12453,12454,12455,12456,12457,12458,12459,12460,12461,12462,8195,8196,12463,12466,12467,12468,12473,12474,12475,12476,8211,12477,12478,8214,12480,8217,8218,12481,12482,12483,8222,12484,8226,8227,8228,8229,8230,8231,8232,8233,8234
601,601019,'1794',12447,12448,12449,12450,12451
601,601019,'1808',8235,8236,8237,8238,8239,8240,8241,8242,8243,8244,8245,8246,8247,8248,8249,8250,8251,8252,8253,8254,8255,8256,8257,8258,8259,8260,8261,8262,8263,8264,8265,8266,8267,8268,8269
601,601019,'1815',15789,15790,15791,15792,15793,15794,15795,15796,15797
602,602019,'1790',8389,8390,8391,8392,8393,8394,8395,8396,8397,8398,8399,8400,8401,8402,8403,8404,8405,8406,8407,8408,8409,8410,8411,8412,8413,8414,8415,8416,8417,8418,8419,8420,8421,8422,8423
602,602019,'1791',12492,12493,12494,12495,12496,12497,12498,12499,12500,12501,12502,12503,12504,12509,12510,12511,12513,12514,12515,8329,8330,12516,12517,12518,8334,12519,12520,12521,12522,8339,8342,8343,8344,8345,8346,8347,8348,8349,8352,12527
602,602019,'1794',12487,12488,12489,12490,12491
602,602019,'1808',8354,8355,8356,8357,8358,8359,8360,8361,8362,8363,8364,8365,8366,8367,8368,8369,8370,8371,8372,8373,8374,8375,8376,8377,8378,8379,8380,8381,8382,8383,8384,8385,8386,8387,8388
602,602019,'1815',15798,15799,15800,15801,15802,15803,15804,15805,15806
701,701019,'1791',12655,12657,12659,12660,12661,12663,12665,12666,12667,12670,12671,12672,12676,12680,12689,12695,12696,12700,12702,12706,12708,12711,12712,12714,12718,12719,12720,12722,12724,12732,12734,12735,12737,12738,12740,12743,12745,12748,12749,12751,12755,12756,12760
701,701019,'1794',12529,12530,12531,12532,12533,12535,12536,12537,12538,12539,12540,12541,12542,12543,12544,12545,12546,12547,12548,12549,12550,12551,12552,12553,12580,12584,12590,12594,12600,12603,12612,12615
701,701019,'1808',12766,12776,12777,12788,12790,12801,12808,12810,12814,12818,12822,12823,12829,12831,12832,12835,12836,12837,12839,12841,12842,12845,12846,12847,12848,12850,12851,12852,12853,12855,12856
701,701019,'1809',15807,12862,12863,12864,12865,12866,15808,12868,12869,12870,12871,12872,12873,12874,12875,12876,12877,12878,12879,12880,12881,12882,12883,12884,12885,12886,15809,15810,15811,15812,15813,15814,15815,15816,15817,15818,15819,15820,15821,15822,15823,15824,15825,15826,15827,15828,15829,15830,15831,15832,15833,15834,12913,15835,15836,15837,12917,15838,15839,15840,15841,15842,12923,15843,15844,15845,12927,15846,15847,15848,15849,15850,12933,15851,15852,12936,15853,15854,15855,15856,15857,15858,15859,15860,12945,15861,15862,12948,15863,15864,15865,15866,15867,15868,15869,15870,15871,15872,15873
701,701019,'1813',12762,12763,12764,12765,12767,12768,12769,12770,12771,12772,12773,12774,12775,12778,12779,12780,12781,12782,12783,12784,12785,12786,12787,12789,12791,12792,12793,12794,12795,12796,12797,12798,12799,12800,12802,12803,12804,12805,12806,12807,12809,12811,12812,12813,12815,12816,12817,12819,12820,12821,12824,12825,12826,12827,12828,12830,12833,12834,12838,12840,12843,12844,12849,12854,12857,12858,12859,12860
701,701019,'1814',12528,12534,12554,12555,12556,12557,12558,12559,12560,12561,12562,12563,12564,12565,12566,12567,12568,12569,12570,12571,12572,12573,12574,12575,12576,12577,12578,12579,12581,12582,12583,12585,12586,12587,12588,12589,12591,12592,12593,12595,12596,12597,12598,12599,12601,12602,12604,12605,12606,12607,12608,12609,12610,12611,12613,12614,12616,12617,12618,12619,12620,12621,12622,12623,12624,12625,12626
701,701019,'1815',15874,15875,15876,15877,15878,15879,15880,15881,15882,15883,15884,15885,15886,15887,15888,15889,15890,15891,15892,15893,15894,15895,15896,15897,15898,15899,15900,15901,15902,15903,15904,15905,15906,15907,15908,15909,15910,15911,15912,15913,15914,15915,15916,15917,15918,15919,15920,15921,15922,15923,15924,15925,15926,15927,15928,15929,15930,15931,15932,15933,15934,15935,15936,15937
701,701019,'1816',15938,15939,15940,15941,15942,15943,15944,15945,15946,15947,15948,15949,15950,15951,15952,15953,15954,15955,15956,15957,15958,15959,15960,15961,15962,15963,15964,15965,15966,15967,15968,15969,15970,15971,15972,15973,15974,15975,15976,15977,15978,15979,15980,15981,15982,15983,15984,15985,15986,15987,15988,15989,15990,15991,15992,15993,15994,15995,15996,15997,15998,15999,16000,16001,16002,16003,16004,16005
701,701019,'1817',16006,16007,16008,16009,16010,16011,16012,16013,16014,16015,16016,16017,16018,16019,16020,16021,16022,16023,16024,16025,16026,16027,16028,16029,16030,16031,16032,16033,16034,16035,16036,16037,16038,16039,16040,16041,16042,16043,16044,16045,16046,16047,16048,16049,16050,16051,16052,16053,16054,16055,16056,16057,16058,16059,16060,16061,16062,16063,16064,16065,16066,16067,16068,16069,16070,16071,16072
702,702019,'1791',13014,13015,13017,13018,13019,13020,13021,13023,13027,13034,13036,13038,13039,13041,13042,13044,13047,13048,13049,13050,13052
702,702019,'1794',12971,12986
702,702019,'1808',13066,13079,13080,13081,13082,13086
702,702019,'1809',16073,16074,16075,16076,16077,16078,16079,16080,16081,16082,16083,13099,16084,16085,16086,16087,16088,16089,16090,16091,16092,16093,16094,16095,16096,16097,13114,16098,16099,16100,16101,16102,16103,16104,16105
702,702019,'1813',13053,13054,13055,13056,13057,13058,13059,13060,13061,13062,13063,13064,13065,13067,13068,13069,13070,13071,13072,13073,13074,13075,13076,13077,13078,13083,13084,13085,13087
702,702019,'1814',12960,12961,12962,12963,12964,12965,12966,12967,12968,12969,12970,12972,12973,12974,12975,12976,12977,12978,12979,12980,12981,12982,12983,12984,12985,12987,12988,12989,12990,12991,12992,12993,12994
702,702019,'1815',16106,16107,16108,16109,16110,16111,16112,16113,16114,16115,16116,16117,16118,16119,16120,16121,16122,16123,16124
702,702019,'1816',16125,16126,16127,16128,16129,16130,16131,16132,16133,16134,16135,16136,16137,16138,16139,16140,16141,16142,16143,16144,16145,16146,16147,16148,16149,16150,16151,16152,16153
702,702019,'1817',16154,16155,16156,16157,16158,16159,16160,16161,16162,16163,16164,16165,16166,16167,16168,16169,16170,16171,16172,16173,16174,16175,16176,16177,16178,16179,16180,16181,16182,16183,16184,16185,16186
702,702029,'1791',13205,13206,13208,13209,13210,13211,13212,13214,13218,13224,13226,13227,13228,13230,13231,13233,13239,13250,13251,13259,13260,13261,13262,13263
702,702029,'1794',13141,13152,13158,13159,13160,13161,13162,13163,13164,13165,13166,13167,13168,13169,13170,13171,13172,13173,13174,13175,13176,13177,13178,13179,13180,13181,13182,13183
702,702029,'1808',13268,13270,13278,13285,13293,13301,13302,13303,13304,13305,13306,13307,13314,13315,13316,13317,13318,13319,13321,13323,13324,13325,13327,13328
702,702029,'1809',16187,16188,16189,16190,16191,16192,16193,16194,16195,16196,16197,16198,16199,16200,16201,16202,16203,16204,13349,16205,16206,16207,16208,16209,16210,16211,16212,16213,16214,13360,16215,16216,16217,16218,16219,13366,13367,13368,13369,13370,13371,13372,13373,13374,13375,13376,13377,13378,13379,13380,13381,13382,13383,13384,13385,13386,13387,13388,13389,13390,13391,16220,16221
702,702029,'1813',13269,13271,13272,13273,13274,13275,13276,13277,13279,13280,13281,13282,13283,13284,13286,13287,13288,13289,13290,13291,13292,13294,13295,13296,13297,13298,13299,13300,13308,13309,13310,13311,13312,13313,13320,13322,13326,13329,13330
702,702029,'1814',13123,13124,13125,13126,13127,13128,13129,13130,13131,13132,13133,13134,13135,13136,13137,13138,13139,13140,13142,13143,13144,13145,13146,13147,13148,13149,13150,13151,13153,13154,13155,13156,13157,13184,13185
702,702029,'1815',16222,16223,16224,16225,16226,16227,16228,16229,16230,16231,16232,16233,16234,16235,16236,16237,16238,16239,16240,16241,16242,16243,16244,16245,16246,16247,16248,16249,16250,16251,16252,16253,16254,16255,16256,16257,16258,16259,16260,16261
702,702029,'1816',16262,16263,16264,16265,16266,16267,16268,16269,16270,16271,16272,16273,16274,16275,16276,16277,16278,16279,16280,16281,16282,16283,16284,16285,16286,16287,16288,16289,16290,16291,16292,16293,16294,16295,16296,16297,16298,16299,16300
702,702029,'1817',16301,16302,16303,16304,16305,16306,16307,16308,16309,16310,16311,16312,16313,16314,16315,16316,16317,16318,16319,16320,16321,16322,16323,16324,16325,16326,16327,16328,16329,16330,16331,16332,16333,16334,16335
801,801019,'1791',13420,13423,13434,13435,13442,13448,13453
801,801019,'1794',13394,13396,13397,13398,13399,13400,13401,13402,13404,13405,13406,13407,13408,13409,13410,13411,13412,13413,13414,13415,13416,13417,13418,13419
801,801019,'1808',13455,13456,13460,13461,13462,13464,13465,13466,13468,13469,13471,13473,13474,13476,13477,13478,13480
801,801019,'1809',13481,16336,13483,13484,13485,13486,13487,13488,13489,16337,13491,13492,13493,13494,13495,13496,13497,13498,13499,13500,13501,13502,13503,13504,13505,13506
801,801019,'1813',13457,13458,13459,13463,13467,13470,13472,13475,13479
801,801019,'1814',13395,13403
801,801019,'1815',16338,16339,16340,16341,16342,16343,16344,16345,16346,16347,16348,16349,16350,16351,16352,16353,16354,16355,16356,16357,16358,16359,16360,16361,16362,16363,16364,16365
801,801019,'1816',16366,16367,16368,16369,16370,16371,16372,16373,16374
801,801019,'1817',16375,16376
802,802019,'1791',13537,13550,13551,13554,13556,13563,13565,13569
802,802019,'1794',13507,13508,13509,13510,13511,13512,13513,13514,13515,13516,13517,13518,13519,13520,13522,13523,13524,13525,13526,13527,13528,13529,13530,13531,13532,13533
802,802019,'1808',13570,13571,13572,13573,13574,13575,13582,13583,13584,13585,13586,13587,13589,13590,13592,13593,13594,13596
802,802019,'1809',13597,13598,13599,13600,13601,13602,13603,13604,13605,13606,13607,13608,13609,13610,16377,13612,13613,13614,13615,13616,13617,13618,13619,13620,13621,13622,13623
802,802019,'1813',13576,13577,13578,13579,13580,13581,13588,13591,13595
802,802019,'1814',13521
802,802019,'1815',16378,16379,16380,16381,16382,16383,16384,16385,16386,16387,16388,16389,16390,16391,16392,16393,16394,16395,16396,16397,16398,16399,16400,16401,16402,16403,16404,16405
802,802019,'1816',16406,16407,16408,16409,16410,16411,16412,16413,16414
802,802019,'1817',16415
10019,10019019,'1791',13625,13631
10019,10019019,'1815',16416,16417,16418,16419,16420,16421,16422,16423,16424
10019,10019029,'1791',13637,13642
10019,10019029,'1815',16425,16426,16427,16428,16429,16430,16431,16432,16433
10090,10090019,'1791',5411,5412,5413,5414,5415,5416,5417,5418
10090,10090029,'1791',5419,5420,5421,5422,5423,5424,5425,5426
20002,20002019,'1809',16434
20002,20002019,'1814',13646
20002,20002019,'1817',16435
20006,20006019,'1809',16436,16437,16438,16439,16440,16441,16442,16443,16444,16445,16446,16447
20006,20006019,'1814',13648,13649,13650,13651,13652,13653,13654,13655,13656,13657,13658,13659
20006,20006019,'1817',16448,16449,16450,16451,16452,16453,16454,16455,16456,16457,16458,16459
20007,20007019,'1791',13694,13696,13697
20007,20007019,'1794',13688
20007,20007019,'1808',13702
20007,20007019,'1809',16460,16461,16462,16463,16464,16465,16466,16467,16468,16469,16470,16471,16472,16473,16474,16475,13719,16476
20007,20007019,'1813',13700,13701
20007,20007019,'1814',13672,13673,13674,13675,13676,13677,13678,13679,13680,13681,13682,13683,13684,13685,13686,13687,13689
20007,20007019,'1815',16477,16478,16479
20007,20007019,'1816',16480,16481
20007,20007019,'1817',16482,16483,16484,16485,16486,16487,16488,16489,16490,16491,16492,16493,16494,16495,16496,16497,16498
20090,20090019,'1791',5506,5507,5508,5509,5510,5511,5512,5513
20090,20090029,'1791',5514,5515,5516,5517,5518,5519,5520,5521
14000001,14000001019,'1790',9278
14000001,14000001019,'1791',9270
14000001,14000001019,'1794',13721
14000001,14000001019,'1808',9276
14000001,14000001019,'1809',16499,16500,16501,16502
14000001,14000001019,'1813',13732,13733,13734,13735
14000001,14000001019,'1814',13722,13723,13724,13725
14000001,14000001019,'1815',16503,16504,16505,16506
14000001,14000001019,'1816',16507,16508,16509,16510
14000001,14000001019,'1817',16511,16512,16513,16514
14000001,14000001029,'1790',9301,9302
14000001,14000001029,'1791',13749,9287,9288
14000001,14000001029,'1794',13743,13744
14000001,14000001029,'1808',9292,9296
14000001,14000001029,'1809',16515,16516,16517,16518,16519
14000001,14000001029,'1813',13755,13756,13757,13758,13759
14000001,14000001029,'1814',13740,13741,13742,13745,13746
14000001,14000001029,'1815',16520,16521,16522,16523,16524
14000001,14000001029,'1816',16525,16526,16527,16528,16529
14000001,14000001029,'1817',16530,16531,16532,16533,16534
