6019,'1838',847,,35710,3,,,0,100,,44313,3,,,0,100,,44318,3,,,0,100,,44322,3,,,0,101,,44317,3,,,0,100,,44321,3,,,0,100,,44316,3,,,0,100,,44320,3,,,0,100,,44315,3,,,0,100,,44319,3,,,0,99,,44314,3,,,0,100,,44323,3,,,0
6019,'1865',654,,35753,15,,,0,69,,42249,15,,,0,30,,42250,15,,,0,70,,42251,15,,,0,30,,44328,15,,,0,71,,42253,15,,,0,30,,42254,15,,,0,70,,44329,15,,,0,30,,42256,15,,,0,70,,42257,15,,,0,30,,42258,15,,,0,70,,42259,15,,,0,30,,42260,15,,,0,70,,44330,15,,,0,30,,42262,15,,,0,70,,42263,15,,,0,31,,44331,15,,,0,70,,42265,15,,,0,30,,42266,15,,,0,70,,44332,15,,,0,30,,42268,15,,,0,70,,42269,15,,,0,28,,42270,15,,,0,70,,42271,15,,,0,30,,42272,15,,,0,67,,44327,15,,,0,96,,44324,15,,,0,100,,35750,15,,,0,100,,44325,15,,,0,100,,44326,15,,,0
6019,'1866',648,,44335,15,,,0,70,,35780,15,,,0,28,,44353,15,,,0,70,,35793,15,,,0,30,,44337,15,,,0,70,,44346,15,,,0,30,,44354,15,,,0,72,,44352,15,,,0,30,,44345,15,,,0,70,,44357,15,,,0,30,,44344,15,,,0,70,,44351,15,,,0,30,,44343,15,,,0,70,,44356,15,,,0,30,,44342,15,,,0,70,,44350,15,,,0,30,,44341,15,,,0,70,,44355,15,,,0,30,,44340,15,,,0,70,,44349,15,,,0,30,,44339,15,,,0,70,,44333,15,,,0,30,,44338,15,,,0,70,,44348,15,,,0,30,,44336,15,,,0,68,,44347,15,,,0,101,,35805,3,,,0,100,,44334,3,,,0
6019,'1867',847,,35812,3,,,0,100,,44358,3,,,0,100,,44363,3,,,0,100,,44367,3,,,0,101,,44362,3,,,0,100,,44366,3,,,0,100,,44361,3,,,0,100,,44365,3,,,0,100,,44360,3,,,0,100,,44364,3,,,0,99,,44359,3,,,0,100,,44368,3,,,0
6019,'1873',718,,29075,15,,,0,98,,29088,15,,,0,1201,,29100,3,,,0
6019,'1878',847,,29107,3,,,0
6019,'1881',853,,42279,15,,,0,171,,42282,15,,,0,300,,42288,15,,,0,131,,42291,15,,,0,170,,42294,15,,,0,295,,42275,15,,,0,96,,35721,15,,,0,200,,42273,15,,,0,100,,42274,15,,,0
6019,'1882',654,,29148,15,,,0,69,,42276,15,,,0,30,,42277,15,,,0,70,,42278,15,,,0,101,,42280,15,,,0,30,,42281,15,,,0,100,,42283,15,,,0,70,,42284,15,,,0,30,,42285,15,,,0,70,,42286,15,,,0,30,,42287,15,,,0,100,,42289,15,,,0,70,,42290,15,,,0,101,,42292,15,,,0,30,,42293,15,,,0,100,,42295,15,,,0,70,,42296,15,,,0,28,,42297,15,,,0,70,,42298,15,,,0,30,,42299,15,,,0,263,,29145,15,,,0
6019,'1886',853,,44373,15,,,0,171,,44374,15,,,0,300,,44375,15,,,0,131,,44376,15,,,0,170,,44377,15,,,0,295,,44372,15,,,0,96,,44369,15,,,0,200,,44370,15,,,0,100,,44371,15,,,0
6019,'1887',648,,44380,15,,,0,98,,44398,15,,,0,100,,44382,15,,,0,70,,44391,15,,,0,30,,44399,15,,,0,72,,44397,15,,,0,30,,44390,15,,,0,70,,44402,15,,,0,30,,44389,15,,,0,70,,44396,15,,,0,30,,44388,15,,,0,70,,44401,15,,,0,30,,44387,15,,,0,70,,44395,15,,,0,30,,44386,15,,,0,70,,44400,15,,,0,30,,44385,15,,,0,70,,44394,15,,,0,30,,44384,15,,,0,70,,44378,15,,,0,30,,44383,15,,,0,70,,44393,15,,,0,30,,44381,15,,,0,68,,44392,15,,,0,201,,44379,3,,,0
6019,'1888',947,,44403,3,,,0,100,,44408,3,,,0,100,,44412,3,,,0,101,,44407,3,,,0,100,,44411,3,,,0,100,,44406,3,,,0,100,,44410,3,,,0,100,,44405,3,,,0,100,,44409,3,,,0,99,,44404,3,,,0,100,,44413,3,,,0
