13019,'1838',812,,36660,19,,,0,100,,44894,19,,,0,100,,36662,19,,,0,101,,36663,19,,,0,100,,36664,19,,,0,100,,44895,19,,,0,100,,36666,19,,,0,100,,36667,19,,,0,100,,36668,19,,,0,99,,36669,19,,,0,100,,36670,19,,,0,100,,36671,19,,,0,99,,42510,19,,,0,100,,44896,19,,,0,100,,42509,19,,,0
13019,'1865',622,,36699,19,,,0,30,,36700,19,,,0,70,,36701,19,,,0,30,,44897,19,,,0,96,,36703,19,,,0,100,,44898,19,,,0,100,,44899,19,,,0,100,,44900,19,,,0,100,,44901,19,,,0,100,,44902,19,,,0,70,,42512,19,,,0,31,,42513,19,,,0,70,,44903,19,,,0,31,,42517,19,,,0,70,,44904,19,,,0,30,,42518,19,,,0,70,,42515,19,,,0,30,,36720,19,,,0,99,,44905,19,,,0,100,,36719,19,,,0,99,,44907,19,,,0,98,,36717,19,,,0,100,,42516,19,,,0
13019,'1866',711,,36723,19,,,0,101,,44908,19,,,0,100,,44909,19,,,0,100,,44910,19,,,0,101,,36727,19,,,0,100,,44911,19,,,0,100,,36729,19,,,0,100,,36730,19,,,0,100,,44912,19,,,0,100,,44913,19,,,0,99,,44914,19,,,0,100,,44915,19,,,0,100,,44916,19,,,0,99,,44917,19,,,0,100,,36737,19,,,0,200,,44918,19,,,0
13019,'1867',812,,36740,19,,,0,100,,44919,19,,,0,100,,36742,19,,,0,101,,36743,19,,,0,100,,36744,19,,,0,100,,44920,19,,,0,100,,36746,19,,,0,100,,36747,19,,,0,100,,36748,19,,,0,99,,36749,19,,,0,100,,36750,19,,,0,100,,36751,19,,,0,99,,42520,19,,,0,100,,44921,19,,,0,100,,42519,19,,,0
13019,'1873',711,,30068,19,,,0,402,,30072,19,,,0,200,,30074,19,,,0,100,,30075,19,,,0,698,,30082,19,,,0
13019,'1878',812,,30085,19,,,0,200,,30087,19,,,0,101,,30088,19,,,0,100,,30089,19,,,0,200,,30091,19,,,0,100,,30092,19,,,0,100,,30093,19,,,0,99,,30094,19,,,0,100,,30095,19,,,0,100,,30096,19,,,0,99,,42530,19,,,0,200,,42529,19,,,0
13019,'1881',752,,30126,19,,,0,196,,30128,19,,,0,100,,42521,19,,,0,100,,30130,19,,,0,100,,36688,19,,,0,100,,36689,19,,,0,171,,30135,19,,,0,101,,42524,19,,,0,229,,36694,19,,,0,199,,30142,19,,,0
13019,'1882',622,,30123,19,,,0,30,,30124,19,,,0,70,,30125,19,,,0,126,,30127,19,,,0,570,,42522,19,,,0,31,,42523,19,,,0,101,,42527,19,,,0,100,,42528,19,,,0,70,,42525,19,,,0,30,,30144,19,,,0,199,,30143,19,,,0,197,,30141,19,,,0,100,,42526,19,,,0
13019,'1886',752,,44922,19,,,0,196,,44923,19,,,0,100,,44924,19,,,0,100,,44925,19,,,0,100,,44926,19,,,0,100,,44927,19,,,0,171,,44928,19,,,0,101,,44929,19,,,0,229,,44930,19,,,0,199,,44932,19,,,0
13019,'1887',812,,44933,19,,,0,100,,44934,19,,,0,100,,44935,19,,,0,201,,44936,19,,,0,300,,44937,19,,,0,100,,44938,19,,,0,99,,44939,19,,,0,100,,44940,19,,,0,100,,44941,19,,,0,99,,44942,19,,,0,300,,44943,19,,,0
13019,'1888',912,,44944,19,,,0,401,,44945,19,,,0,798,,44946,19,,,0
