15029,'1838',738,,36977,54,,,0,98,,45082,54,,,0,100,,36974,54,,,0,100,,36975,54,,,0,102,,45083,54,,,0,100,,36972,54,,,0,100,,36969,54,,,0,102,,45081,54,,,0,100,,36971,54,,,0,99,,36968,54,,,0,99,,45080,54,,,0,99,,36966,54,,,0,100,,36967,54,,,0,100,,45079,54,,,0
15029,'1865',614,,45084,14,,,0,20,,45085,14,,,0,71,,36995,54,,,0,30,,36996,54,,,0,74,,36997,54,,,0,30,,45086,54,,,0,73,,36999,54,,,0,30,,37000,54,,,0,65,,37001,54,,,0,30,,37002,54,,,0,70,,37003,54,,,0,30,,45087,54,,,0,70,,45088,54,,,0,30,,42575,54,,,0,70,,45089,54,,,0,30,,45090,54,,,0,70,,42576,54,,,0,32,,37010,54,,,0,73,,45091,54,,,0,35,,37012,54,,,0,72,,37013,54,,,0,29,,45092,54,,,0,67,,45093,54,,,0,23,,37016,54,,,0,69,,37017,54,,,0,29,,37018,54,,,0,67,,45094,54,,,0,30,,37020,54,,,0,70,,45095,54,,,0,30,,45096,54,,,0,70,,37023,54,,,0,99,,45098,54,,,0,57,,45097,54,,,0
15029,'1866',610,,45099,14,,,0,133,,37029,54,,,0,93,,37030,54,,,0,100,,45100,54,,,0,100,,37032,54,,,0,101,,37033,54,,,0,100,,45101,54,,,0,100,,37035,54,,,0,105,,37036,54,,,0,100,,45102,54,,,0,98,,37038,54,,,0,98,,37039,54,,,0,99,,45103,54,,,0,100,,37026,54,,,0,100,,37027,54,,,0
15029,'1867',738,,37054,54,,,0,98,,45107,54,,,0,100,,37051,54,,,0,100,,37052,54,,,0,102,,45108,54,,,0,100,,37049,54,,,0,100,,37046,54,,,0,102,,45106,54,,,0,100,,37048,54,,,0,99,,37045,54,,,0,99,,45105,54,,,0,99,,37043,54,,,0,100,,37044,54,,,0,100,,45104,54,,,0
15029,'1873',743,,30423,54,,,0,93,,30424,54,,,0,200,,30426,54,,,0,101,,30427,54,,,0,200,,30429,54,,,0,105,,30430,54,,,0,198,,30432,54,,,0,98,,30433,54,,,0,199,,30420,54,,,0,100,,30421,54,,,0
15029,'1878',738,,30448,54,,,0,198,,30445,54,,,0,100,,30446,54,,,0,202,,30443,54,,,0,100,,30440,54,,,0,202,,30442,54,,,0,99,,30439,54,,,0,198,,30437,54,,,0,100,,30438,54,,,0
15029,'1881',614,,30482,14,,,0,20,,36978,14,,,0,205,,36979,54,,,0,298,,36980,54,,,0,70,,36981,54,,,0,100,,36983,54,,,0,30,,36984,54,,,0,175,,36986,54,,,0,136,,36987,54,,,0,67,,36988,54,,,0,188,,30508,54,,,0,100,,36989,54,,,0,30,,42580,54,,,0,169,,36992,54,,,0,57,,36991,54,,,0
15029,'1882',705,,30484,54,,,0,30,,30485,54,,,0,74,,30486,54,,,0,103,,30488,54,,,0,30,,30489,54,,,0,65,,30490,54,,,0,30,,30491,54,,,0,70,,30492,54,,,0,130,,42578,54,,,0,170,,42579,54,,,0,32,,30499,54,,,0,108,,30501,54,,,0,72,,30502,54,,,0,119,,30505,54,,,0,69,,30506,54,,,0,29,,30507,54,,,0,97,,30509,54,,,0,170,,30512,54,,,0
15029,'1886',614,,45109,14,,,0,20,,45110,14,,,0,205,,45111,54,,,0,298,,45112,54,,,0,70,,45113,54,,,0,100,,45114,54,,,0,30,,45115,54,,,0,175,,45116,54,,,0,136,,45117,54,,,0,67,,45118,54,,,0,188,,45119,54,,,0,100,,45120,54,,,0,30,,45121,54,,,0,169,,45123,54,,,0,57,,45122,54,,,0
15029,'1887',610,,45124,14,,,0,326,,45125,54,,,0,301,,45126,54,,,0,305,,45127,54,,,0,295,,45128,54,,,0
15029,'1888',836,,45132,54,,,0,302,,45133,54,,,0,302,,45131,54,,,0,298,,45130,54,,,0,299,,45129,54,,,0
