15019,'1838',740,,45028,51,,,0,100,,36883,51,,,0,100,,36886,51,,,0,101,,45027,51,,,0,100,,36881,51,,,0,100,,36879,51,,,0,101,,45026,51,,,0,100,,36880,51,,,0,100,,36877,51,,,0,99,,45025,51,,,0,100,,36875,51,,,0,100,,36876,51,,,0,100,,45024,51,,,0,99,,36887,51,,,0
15019,'1865',612,,36904,17,0,5 2 6 7,0,94,,36905,51,,,0,30,,45029,51,,,0,76,,36907,51,,,0,31,,36908,51,,,0,65,,36909,51,,,0,30,,36910,51,,,0,70,,36911,51,,,0,30,,45030,51,,,0,70,,45031,51,,,0,30,,42569,51,,,0,70,,45032,51,,,0,30,,45033,51,,,0,70,,42570,51,,,0,30,,36918,51,,,0,70,,45034,51,,,0,31,,36920,51,,,0,72,,36921,51,,,0,30,,45035,51,,,0,70,,45036,51,,,0,30,,36924,51,,,0,69,,36925,51,,,0,29,,36926,51,,,0,67,,45037,51,,,0,30,,36928,51,,,0,70,,45038,51,,,0,30,,45039,51,,,0,70,,36931,51,,,0,100,,45040,51,,,0,98,,45041,51,,,0,100,,45042,51,0,5 2 6 7,0
15019,'1866',613,,45048,17,0,5 2 6 7,0,127,,36935,51,,,0,100,,45043,51,,,0,100,,36937,51,,,0,101,,36938,51,,,0,100,,45044,51,,,0,100,,36940,51,,,0,102,,36941,51,,,0,100,,45045,51,,,0,100,,36943,51,,,0,98,,36944,51,,,0,100,,45046,51,,,0,100,,36946,51,,,0,100,,36947,51,,,0,99,,45047,51,,,0
15019,'1867',740,,45053,51,,,0,100,,36959,51,,,0,100,,36962,51,,,0,101,,45052,51,,,0,100,,36957,51,,,0,100,,36955,51,,,0,101,,45051,51,,,0,100,,36956,51,,,0,100,,36953,51,,,0,99,,45050,51,,,0,100,,36951,51,,,0,100,,36952,51,,,0,100,,45049,51,,,0,99,,36963,51,,,0
15019,'1873',740,,30301,51,,,0,200,,30303,51,,,0,101,,30304,51,,,0,200,,30306,51,,,0,102,,30307,51,,,0,200,,30309,51,,,0,98,,30310,51,,,0,200,,30312,51,,,0,100,,30313,51,,,0
15019,'1878',840,,30325,51,,,0,100,,30328,51,,,0,201,,30323,51,,,0,100,,30321,51,,,0,201,,30322,51,,,0,100,,30319,51,,,0,199,,30317,51,,,0,100,,30318,51,,,0,199,,30329,51,,,0
15019,'1881',736,,36889,51,,,0,302,,36890,51,,,0,70,,36891,51,,,0,100,,36893,51,,,0,30,,36894,51,,,0,170,,36896,51,,,0,133,,36897,51,,,0,70,,36898,51,,,0,195,,30384,51,,,0,100,,36899,51,,,0,30,,42574,51,,,0,170,,36901,51,,,0,98,,36902,51,,,0,100,,36903,51,0,5 2 6 7,0
15019,'1882',612,,30361,17,0,5 2 6 7,0,94,,30362,51,,,0,106,,30364,51,,,0,31,,30365,51,,,0,65,,30366,51,,,0,30,,30367,51,,,0,70,,30368,51,,,0,130,,42572,51,,,0,170,,42573,51,,,0,30,,30375,51,,,0,101,,30377,51,,,0,72,,30378,51,,,0,130,,30381,51,,,0,69,,30382,51,,,0,29,,30383,51,,,0,97,,30385,51,,,0,170,,30388,51,,,0
15019,'1886',736,,45054,51,,,0,302,,45055,51,,,0,70,,45056,51,,,0,100,,45057,51,,,0,30,,45058,51,,,0,170,,45059,51,,,0,133,,45060,51,,,0,70,,45061,51,,,0,195,,45062,51,,,0,100,,45063,51,,,0,30,,45064,51,,,0,170,,45065,51,,,0,98,,45066,51,,,0,100,,45067,51,0,5 2 6 7,0
15019,'1887',613,,45073,17,0,5 2 6 7,0,227,,45068,51,,,0,301,,45069,51,,,0,302,,45070,51,,,0,298,,45071,51,,,0,299,,45072,51,,,0
15019,'1888',740,,45078,51,,,0,301,,45077,51,,,0,301,,45076,51,,,0,299,,45075,51,,,0,300,,45074,51,,,0
