6029,'1829',659,,20126,20,,,0,73,,20127,20,,,0,70,,20128,20,,,0,30,,20129,20,,,0,70,,20130,20,,,0,98,,20132,20,,,0,30,,20133,20,,,0,170,,20136,20,,,0,30,,20137,20,,,0,70,,20138,20,,,0,30,,20139,20,,,0,70,,20140,20,,,0,30,,20141,20,,,0,73,,20142,20,,,0,30,,20143,20,,,0,70,,20144,20,,,0,227,,20149,20,,,0,70,,20150,20,,,0
6029,'1831',626,,20152,20,,,0,30,,20154,20,,,0,65,,20170,20,,,0,30,,20178,20,,,0,70,,20153,20,,,0,100,,20171,20,,,0,131,,20176,20,,,0,70,,20162,20,,,0,130,,20175,20,,,0,70,,20160,20,,,0,30,,20167,20,,,0,170,,20158,20,,,0,30,,20166,20,,,0,170,,20156,20,,,0,30,,20165,20,,,0,70,,20155,20,,,0
6029,'1835',629,,25230,20,,,0,301,,25231,20,,,0,170,,25232,20,,,0,30,,25233,20,,,0,503,,25234,20,,,0,70,,25235,20,,,0,30,,25236,20,,,0,67,,25237,20,,,0,150,,25227,20,,,0,98,,25229,20,,,0,100,,25226,20,,,0,100,,25228,20,,,0
6029,'1836',851,,25242,20,,,0,100,,25249,20,,,0,71,,25241,20,,,0,130,,25243,20,,,0,70,,25240,20,,,0,200,,25239,20,,,0,30,,25247,20,,,0,170,,25238,20,,,0,30,,25246,20,,,0,200,,25245,20,,,0
15019,'1799',758,,21066,70,4,,0,100,,21064,70,4,,0,100,,21067,70,4,,0,101,,21065,70,4,,0,100,,21062,70,4,,0,100,,21060,70,4,,0,142,,21063,70,4,,0,100,,21061,70,4,,0,100,,21058,70,4,,0,99,,21059,70,4,,0,59,,21056,70,4,,0,100,,21057,70,4,,0,100,,21055,70,4,,0,99,,21068,70,4,,0
15019,'1800',758,,21080,70,4,,0,100,,21078,70,4,,0,100,,21081,70,4,,0,101,,21079,70,4,,0,100,,21076,70,4,,0,100,,21074,70,4,,0,142,,21077,70,4,,0,100,,21075,70,4,,0,100,,21072,70,4,,0,99,,21073,70,4,,0,59,,21070,70,4,,0,100,,21071,70,4,,0,100,,21069,70,4,,0,99,,21082,70,4,,0
15019,'1829',724,,20996,70,4,,0,202,,21000,70,4,,0,100,,21002,70,4,,0,130,,21005,70,4,,0,345,,21011,70,4,,0,523,,21022,70,4,,0
15019,'1831',758,,21026,70,4,,0,100,,21027,70,4,,0,100,,21028,70,4,,0,101,,21029,70,4,,0,100,,21030,70,4,,0,100,,21031,70,4,,0,143,,21032,70,4,,0,100,,21033,70,4,,0,100,,21034,70,4,,0,98,,21035,70,4,,0,59,,21036,70,4,,0,100,,21037,70,4,,0,100,,21038,70,4,,0,99,,21039,70,4,,0
15019,'1833',758,,21052,70,4,,0,100,,21050,70,4,,0,100,,21053,70,4,,0,101,,21051,70,4,,0,100,,21048,70,4,,0,100,,21046,70,4,,0,142,,21049,70,4,,0,100,,21047,70,4,,0,100,,21044,70,4,,0,99,,21045,70,4,,0,59,,21042,70,4,,0,100,,21043,70,4,,0,100,,21041,70,4,,0,99,,21054,70,4,,0
15019,'1835',755,,25841,70,4,,0,76,,25842,70,4,,0,70,,25843,70,4,,0,55,,25844,70,4,,0,100,,25845,70,4,,0,70,,25846,70,4,,0,100,,25847,70,4,,0,30,,25848,70,4,,0,70,,25849,70,4,,0,30,,25850,70,4,,0,70,,25851,70,4,,0,107,,25852,70,4,,0,70,,25853,70,4,,0,29,,25854,70,4,,0,27,,25855,70,4,,0,69,,25856,70,4,,0,29,,25857,70,4,,0,67,,25858,70,4,,0,30,,25859,70,4,,0,70,,25860,70,4,,0,30,,25861,70,4,,0,170,,25862,70,4,,0,97,,25863,70,4,,0
15029,'1799',700,,21158,1,,,0,58,,21154,1,,,0,100,,21155,1,,,0,100,,21156,1,,,0,101,,21157,1,,,0,100,,21153,1,,,0,100,,21150,1,,,0,142,,21151,1,,,0,100,,21152,1,,,0,100,,21149,1,,,0,99,,21146,1,,,0,59,,21147,1,,,0,100,,21148,1,,,0,100,,21145,1,,,0
15029,'1800',700,,21172,1,,,0,58,,21168,1,,,0,100,,21169,1,,,0,100,,21170,1,,,0,101,,21171,1,,,0,100,,21167,1,,,0,100,,21164,1,,,0,142,,21165,1,,,0,100,,21166,1,,,0,100,,21163,1,,,0,99,,21160,1,,,0,59,,21161,1,,,0,100,,21162,1,,,0,100,,21159,1,,,0
15029,'1829',625,,21085,1,,,0,29,,21086,1,,,0,70,,21087,1,,,0,202,,21091,1,,,0,100,,21093,1,,,0,130,,21096,1,,,0,345,,21102,1,,,0,523,,21113,1,,,0
15029,'1831',705,,21119,1,,,0,53,,21120,1,,,0,100,,21121,1,,,0,100,,21122,1,,,0,101,,21123,1,,,0,100,,21124,1,,,0,100,,21125,1,,,0,143,,21126,1,,,0,100,,21127,1,,,0,100,,21128,1,,,0,98,,21129,1,,,0,59,,21130,1,,,0,100,,21116,1,,,0,100,,21117,1,,,0
15029,'1833',700,,21144,1,,,0,58,,21140,1,,,0,100,,21141,1,,,0,100,,21142,1,,,0,101,,21143,1,,,0,100,,21139,1,,,0,100,,21136,1,,,0,142,,21137,1,,,0,100,,21138,1,,,0,100,,21135,1,,,0,99,,21132,1,,,0,59,,21133,1,,,0,100,,21134,1,,,0,100,,21131,1,,,0
15029,'1835',755,,25868,1,,,0,76,,25869,1,,,0,70,,25870,1,,,0,55,,25871,1,,,0,100,,25872,1,,,0,70,,25873,1,,,0,100,,25874,1,,,0,30,,25875,1,,,0,70,,25876,1,,,0,30,,25877,1,,,0,70,,25878,1,,,0,107,,25879,1,,,0,70,,25880,1,,,0,29,,25881,1,,,0,27,,25882,1,,,0,69,,25883,1,,,0,29,,25884,1,,,0,67,,25885,1,,,0,30,,25886,1,,,0,70,,25887,1,,,0,30,,25888,1,,,0,170,,25890,1,,,0,97,,25889,1,,,0
502029,'1799',940,,23165,9,,,0,115,,23176,9,,,0,86,,23163,9,,,0,200,,23161,9,,,0,200,,23159,9,,,0,199,,23157,9,,,0,15,,23171,9,,,0,185,,23155,9,,,0,70,,23143,9,,,0,30,,23154,9,,,0,70,,23144,9,,,0,30,,23152,9,,,0,69,,23149,9,,,0,30,,23153,9,,,0,70,,23146,9,,,0
502029,'1800',615,,26740,9,,,0,28,,26726,9,,,0,65,,26735,9,,,0,30,,26747,9,,,0,71,,26737,9,,,0,30,,26746,9,,,0,71,,26736,9,,,0,30,,23215,9,,,0,70,,26727,9,,,0,30,,26745,9,,,0,15,,23226,9,,,0,55,,26728,9,,,0,16,,26756,9,,,0,15,,23213,9,,,0,15,,26759,9,,,0,55,,26729,9,,,0,15,,26750,9,,,0,15,,26744,9,,,0,15,,26752,9,,,0,55,,26730,9,,,0,15,,26754,9,,,0,15,,23211,9,,,0,15,,26757,9,,,0,55,,26731,9,,,0,15,,26758,9,,,0,15,,26743,9,,,0,15,,26749,9,,,0,55,,26732,9,,,0,15,,26751,9,,,0,15,,23209,9,,,0,15,,26753,9,,,0,55,,26733,9,,,0,14,,26755,9,,,0,15,,26742,9,,,0,15,,26760,9,,,0,55,,26734,9,,,0,15,,26748,9,,,0,15,,23207,9,,,0,15,,23221,9,,,0,55,,26739,9,,,0,30,,26741,9,,,0,70,,26738,9,,,0,30,,23205,9,,,0,70,,23193,9,,,0,30,,23204,9,,,0,70,,23194,9,,,0,30,,23202,9,,,0,69,,23199,9,,,0,30,,23203,9,,,0,70,,23196,9,,,0
502029,'1829',554,,22959,9,,,0,72,,22961,9,,,0,30,,22964,9,,,0,65,,22966,9,,,0,13,,22967,9,,,0,6,,22968,9,,,0,18,,22970,9,,,0,52,,22972,9,,,0,24,,22974,9,,,0,77,,22977,9,,,0,15,,22978,9,,,0,100,,22982,9,,,0,30,,22984,9,,,0,156,,22989,9,,,0,30,,22991,9,,,0,216,,23000,9,,,0,146,,23005,9,,,0,535,,23024,9,,,0,100,,23026,9,,,0
502029,'1831',643,,23043,9,,,0,70,,23035,9,,,0,30,,23044,9,,,0,66,,23034,9,,,0,30,,23045,9,,,0,71,,23033,9,,,0,30,,23046,9,,,0,70,,23073,9,,,0,131,,23066,9,,,0,70,,23075,9,,,0,30,,23067,9,,,0,170,,23077,9,,,0,30,,23069,9,,,0,170,,23079,9,,,0,29,,23071,9,,,0,70,,23080,9,,,0,45,,23055,9,,,0,85,,23039,9,,,0,100,,23040,9,,,0,100,,23041,9,,,0,100,,23037,9,,,0,99,,23042,9,,,0
502029,'1832',615,,23101,9,,,0,28,,23083,9,,,0,65,,23092,9,,,0,30,,23117,9,,,0,71,,23097,9,,,0,30,,23116,9,,,0,71,,23095,9,,,0,100,,23084,9,,,0,30,,23114,9,,,0,70,,23085,9,,,0,16,,23128,9,,,0,30,,23131,9,,,0,55,,23086,9,,,0,15,,23120,9,,,0,15,,23112,9,,,0,15,,23123,9,,,0,55,,23087,9,,,0,15,,23125,9,,,0,30,,23129,9,,,0,55,,23088,9,,,0,15,,23130,9,,,0,15,,23110,9,,,0,15,,23119,9,,,0,55,,23089,9,,,0,15,,23122,9,,,0,30,,23124,9,,,0,55,,23090,9,,,0,14,,23127,9,,,0,15,,23108,9,,,0,15,,23132,9,,,0,55,,23091,9,,,0,15,,23118,9,,,0,85,,23100,9,,,0,30,,23106,9,,,0,70,,23098,9,,,0
502029,'1833',940,,23115,9,,,0,115,,23126,9,,,0,86,,23113,9,,,0,200,,23111,9,,,0,200,,23109,9,,,0,199,,23107,9,,,0,15,,23121,9,,,0,185,,23105,9,,,0,70,,23093,9,,,0,30,,23104,9,,,0,70,,23094,9,,,0,30,,23102,9,,,0,69,,23099,9,,,0,30,,23103,9,,,0,70,,23096,9,,,0
502029,'1834',615,,23151,9,,,0,28,,23133,9,,,0,65,,23142,9,,,0,30,,23167,9,,,0,71,,23147,9,,,0,30,,23166,9,,,0,71,,23145,9,,,0,100,,23134,9,,,0,30,,23164,9,,,0,70,,23135,9,,,0,16,,23178,9,,,0,30,,23181,9,,,0,55,,23136,9,,,0,15,,23170,9,,,0,15,,23162,9,,,0,15,,23173,9,,,0,55,,23137,9,,,0,15,,23175,9,,,0,30,,23179,9,,,0,55,,23138,9,,,0,15,,23180,9,,,0,15,,23160,9,,,0,15,,23169,9,,,0,55,,23139,9,,,0,15,,23172,9,,,0,30,,23174,9,,,0,55,,23140,9,,,0,14,,23177,9,,,0,15,,23158,9,,,0,15,,23182,9,,,0,55,,23141,9,,,0,15,,23168,9,,,0,85,,23150,9,,,0,30,,23156,9,,,0,70,,23148,9,,,0
502029,'1835',539,,26761,9,,,0,70,,26762,9,,,0,24,,26763,9,,,0,8,,26764,9,,,0,68,,26765,9,,,0,37,,26766,9,,,0,58,,26767,9,,,0,18,,26768,9,,,0,24,,26769,9,,,0,11,,26770,9,,,0,84,,26771,9,,,0,15,,26772,9,,,0,55,,26773,9,,,0,30,,26774,9,,,0,70,,26775,9,,,0,16,,26776,9,,,0,15,,26777,9,,,0,15,,26778,9,,,0,70,,26779,9,,,0,30,,26780,9,,,0,55,,26781,9,,,0,15,,26782,9,,,0,15,,26783,9,,,0,15,,26784,9,,,0,55,,26785,9,,,0,15,,26786,9,,,0,16,,26787,9,,,0,70,,26788,9,,,0,15,,26789,9,,,0,12,,26790,9,,,0,12,,26791,9,,,0,64,,26792,9,,,0,11,,26793,9,,,0,12,,26794,9,,,0,12,,26795,9,,,0,52,,26796,9,,,0,12,,26797,9,,,0,11,,26798,9,,,0,12,,26799,9,,,0,12,,26800,9,,,0,52,,26801,9,,,0,12,,26802,9,,,0,12,,26803,9,,,0,15,,26804,9,,,0,15,,26812,9,,,0,54,,26805,9,,,0,29,,26806,9,,,0,70,,26807,9,,,0,30,,26808,9,,,0,70,,26809,9,,,0,100,,26810,9,,,0,100,,26811,9,,,0
502029,'1836',613,,26817,9,,,0,15,,26844,9,,,0,327,,26819,9,,,0,70,,26827,9,,,0,15,,26836,9,,,0,15,,26820,9,,,0,55,,26840,9,,,0,16,,26828,9,,,0,30,,26821,9,,,0,70,,26829,9,,,0,30,,26822,9,,,0,55,,26841,9,,,0,15,,26830,9,,,0,15,,26837,9,,,0,15,,26823,9,,,0,70,,26831,9,,,0,30,,26824,9,,,0,55,,26842,9,,,0,15,,26832,9,,,0,15,,26838,9,,,0,15,,26825,9,,,0,69,,26833,9,,,0,30,,26826,9,,,0,70,,26834,9,,,0,15,,26818,9,,,0,70,,26839,9,,,0,15,,26835,9,,,0,30,,26843,9,,,0,155,,26816,9,,,0,100,,26815,9,,,0,99,,26814,9,,,0,100,,26813,9,,,0
502029,'1837',615,,26859,9,,,0,28,,26845,9,,,0,65,,26854,9,,,0,30,,26866,9,,,0,71,,26856,9,,,0,30,,26865,9,,,0,71,,26855,9,,,0,100,,26846,9,,,0,30,,26864,9,,,0,70,,26847,9,,,0,16,,26875,9,,,0,30,,26878,9,,,0,55,,26848,9,,,0,15,,26869,9,,,0,15,,26863,9,,,0,15,,26871,9,,,0,55,,26849,9,,,0,15,,26873,9,,,0,30,,26876,9,,,0,55,,26850,9,,,0,15,,26877,9,,,0,15,,26862,9,,,0,15,,26868,9,,,0,55,,26851,9,,,0,15,,26870,9,,,0,30,,26872,9,,,0,55,,26852,9,,,0,14,,26874,9,,,0,15,,26861,9,,,0,15,,26879,9,,,0,55,,26853,9,,,0,15,,26867,9,,,0,85,,26858,9,,,0,30,,26860,9,,,0,70,,26857,9,,,0
502029,'1838',615,,26894,9,,,0,28,,26880,9,,,0,65,,26889,9,,,0,30,,26901,9,,,0,71,,26891,9,,,0,30,,26900,9,,,0,71,,26890,9,,,0,100,,26881,9,,,0,30,,26899,9,,,0,70,,26882,9,,,0,16,,26910,9,,,0,30,,26913,9,,,0,55,,26883,9,,,0,15,,26904,9,,,0,15,,26898,9,,,0,15,,26906,9,,,0,55,,26884,9,,,0,15,,26908,9,,,0,30,,26911,9,,,0,55,,26885,9,,,0,15,,26912,9,,,0,15,,26897,9,,,0,15,,26903,9,,,0,55,,26886,9,,,0,15,,26905,9,,,0,30,,26907,9,,,0,55,,26887,9,,,0,14,,26909,9,,,0,15,,26896,9,,,0,15,,26914,9,,,0,55,,26888,9,,,0,15,,26902,9,,,0,85,,26893,9,,,0,30,,26895,9,,,0,70,,26892,9,,,0
