4029,'1809',721,,13938,5,,,0,30,,13940,5,,,0,70,,13936,5,,,0,30,,13939,5,,,0,70,,13937,5,,,0,30,,13929,5,,,0,68,,13932,5,,,0,30,,13917,5,,,0,70,,13922,5,,,0,30,,13925,5,,,0,69,,13928,5,,,0,30,,13930,5,,,0,70,,13918,5,,,0,30,,13921,5,,,0,70,,13924,5,,,0,30,,13927,5,,,0,70,,13931,5,,,0,30,,13919,5,,,0,70,,13920,5,,,0,30,,13923,5,,,0,70,,13926,5,,,0,30,,13944,5,,,0,70,,13943,5,,,0,33,,13945,5,,,0,70,,13942,5,,,0,30,,13935,5,,,0,70,,13941,5,,,0,30,,13933,5,,,0,100,,13934,5,,,0
4029,'1813',623,,9696,5,,,0,28,,9697,5,,,0,70,,9698,5,,,0,30,,9699,5,,,0,70,,9700,5,,,0,30,,9701,5,,,0,70,,9702,5,,,0,30,,9689,5,,,0,70,,9683,5,,,0,28,,9676,5,,,0,70,,9687,5,,,0,29,,9693,5,,,0,70,,9688,5,,,0,30,,9675,5,,,0,70,,9680,5,,,0,30,,9691,5,,,0,70,,9674,5,,,0,30,,9690,5,,,0,70,,9685,5,,,0,30,,9677,5,,,0,70,,9672,5,,,0,30,,9692,5,,,0,70,,9695,5,,,0,30,,9686,5,,,0,70,,9681,5,,,0,29,,9703,5,,,0,75,,9678,5,,,0,30,,9673,5,,,0,69,,9679,5,,,0,30,,9684,5,,,0,70,,9694,5,,,0,30,,9682,5,,,0
4029,'1814',721,,9628,5,,,0,30,,9630,5,,,0,70,,9626,5,,,0,30,,9629,5,,,0,70,,9627,5,,,0,30,,9619,5,,,0,68,,9622,5,,,0,30,,9607,5,,,0,70,,9612,5,,,0,30,,9615,5,,,0,69,,9618,5,,,0,30,,9620,5,,,0,70,,9608,5,,,0,30,,9611,5,,,0,70,,9614,5,,,0,30,,9617,5,,,0,70,,9621,5,,,0,30,,9609,5,,,0,70,,9610,5,,,0,30,,9613,5,,,0,70,,9616,5,,,0,30,,9634,5,,,0,70,,9633,5,,,0,33,,9635,5,,,0,70,,9632,5,,,0,30,,9625,5,,,0,70,,9631,5,,,0,30,,9623,5,,,0,100,,9624,5,,,0
4029,'1815',621,,13946,5,,,0,30,,13947,5,,,0,71,,13948,5,,,0,25,,13949,5,,,0,76,,13950,5,,,0,24,,13951,5,,,0,71,,13952,5,,,0,30,,13953,5,,,0,70,,13954,5,,,0,30,,13955,5,,,0,70,,13956,5,,,0,30,,13957,5,,,0,70,,13958,5,,,0,30,,13959,5,,,0,70,,13960,5,,,0,30,,13961,5,,,0,70,,13962,5,,,0,35,,13963,5,,,0,65,,13964,5,,,0,36,,13965,5,,,0,64,,13966,5,,,0,36,,13967,5,,,0,64,,13968,5,,,0,36,,13969,5,,,0,67,,13970,5,,,0,31,,13971,5,,,0,70,,13972,5,,,0,30,,13973,5,,,0,69,,13974,5,,,0,30,,13975,5,,,0,70,,13976,5,,,0,30,,13977,5,,,0
4029,'1816',623,,14002,5,,,0,28,,14003,5,,,0,70,,14004,5,,,0,30,,14005,5,,,0,70,,14006,5,,,0,30,,14007,5,,,0,70,,14008,5,,,0,30,,13995,5,,,0,70,,13989,5,,,0,28,,13982,5,,,0,70,,13993,5,,,0,29,,13999,5,,,0,70,,13994,5,,,0,30,,13981,5,,,0,70,,13986,5,,,0,30,,13997,5,,,0,70,,13980,5,,,0,30,,13996,5,,,0,70,,13991,5,,,0,30,,13983,5,,,0,70,,13978,5,,,0,30,,13998,5,,,0,70,,14001,5,,,0,30,,13992,5,,,0,70,,13987,5,,,0,29,,14009,5,,,0,75,,13984,5,,,0,30,,13979,5,,,0,69,,13985,5,,,0,30,,13990,5,,,0,70,,14000,5,,,0,30,,13988,5,,,0
4029,'1817',721,,14031,5,,,0,30,,14033,5,,,0,70,,14029,5,,,0,30,,14032,5,,,0,70,,14030,5,,,0,30,,14022,5,,,0,68,,14025,5,,,0,30,,14010,5,,,0,70,,14015,5,,,0,30,,14018,5,,,0,69,,14021,5,,,0,30,,14023,5,,,0,70,,14011,5,,,0,30,,14014,5,,,0,70,,14017,5,,,0,30,,14020,5,,,0,70,,14024,5,,,0,30,,14012,5,,,0,70,,14013,5,,,0,30,,14016,5,,,0,70,,14019,5,,,0,30,,14037,5,,,0,70,,14036,5,,,0,33,,14038,5,,,0,70,,14035,5,,,0,30,,14028,5,,,0,70,,14034,5,,,0,30,,14026,5,,,0,100,,14027,5,,,0
7029,'1791',505,,10058,5,,,0,100,,10059,5,,,0,101,,10061,5,,,0,30,,10062,5,,,0,70,,10063,5,,,0,230,,10068,5,,,0,70,,10069,5,,,0,30,,10070,5,,,0,70,,10054,5,,,0,30,,10055,5,,,0,171,,10052,5,,,0,30,,10057,5,,,0,199,,10074,5,,,0,100,,10076,5,,,0,70,,10077,5,,,0,299,,10082,5,,,0,200,,10084,5,,,0
7029,'1794',706,,10035,5,,,0,100,,10036,5,,,0,200,,10038,5,,,0,100,,10039,5,,,0,200,,10041,5,,,0,100,,10042,5,,,0,200,,10044,5,,,0,100,,10045,5,,,0,200,,10047,5,,,0,99,,10048,5,,,0
7029,'1808',906,,10101,5,,,0,230,,10090,5,,,0,70,,10104,5,,,0,130,,10092,5,,,0,100,,10093,5,,,0,70,,10107,5,,,0,300,,10110,5,,,0,299,,10113,5,,,0,100,,10114,5,,,0,100,,10115,5,,,0
7029,'1809',706,,10119,5,,,0,100,,10120,5,,,0,100,,14235,5,,,0,100,,10122,5,,,0,100,,10123,5,,,0,100,,14236,5,,,0,100,,10125,5,,,0,100,,10126,5,,,0,100,,14237,5,,,0,100,,10128,5,,,0,100,,10129,5,,,0,100,,14238,5,,,0,100,,10131,5,,,0,99,,10132,5,,,0,100,,14234,5,,,0,230,,14239,5,0,13 14,0
7029,'1813',637,,10085,5,,,0,70,,10099,5,,,0,30,,10086,5,,,0,69,,10100,5,,,0,30,,10087,5,,,0,100,,10088,5,,,0,70,,10102,5,,,0,30,,10089,5,,,0,70,,10103,5,,,0,130,,10091,5,,,0,70,,10105,5,,,0,100,,10106,5,,,0,130,,10094,5,,,0,70,,10108,5,,,0,30,,10095,5,,,0,70,,10109,5,,,0,30,,10096,5,,,0,100,,10097,5,,,0,70,,10111,5,,,0,30,,10098,5,,,0,69,,10112,5,,,0,330,,10117,5,0,13 14,0
7029,'1814',906,,10037,5,,,0,300,,10040,5,,,0,300,,10043,5,,,0,300,,10046,5,,,0,299,,10034,5,,,0,230,,10049,5,0,13 14,0
7029,'1815',635,,14242,5,,,0,201,,14243,5,,,0,70,,14244,5,,,0,30,,14245,5,,,0,70,,14246,5,,,0,300,,14241,5,,,0,31,,14240,5,,,0,170,,14247,5,,,0,30,,14248,5,,,0,70,,14249,5,,,0,99,,14250,5,,,0,130,,14251,5,,,0,70,,14252,5,,,0,30,,14253,5,,,0,70,,14254,5,,,0,199,,14255,5,,,0
7029,'1816',637,,14256,5,,,0,70,,14267,5,,,0,30,,14257,5,,,0,69,,14268,5,,,0,30,,14258,5,,,0,100,,14259,5,,,0,70,,14269,5,,,0,30,,14260,5,,,0,70,,14270,5,,,0,130,,14261,5,,,0,70,,14271,5,,,0,100,,14272,5,,,0,130,,14262,5,,,0,70,,14273,5,,,0,30,,14263,5,,,0,70,,14274,5,,,0,30,,14264,5,,,0,100,,14265,5,,,0,70,,14275,5,,,0,30,,14266,5,,,0,69,,14276,5,,,0,330,,14277,5,0,13 14,0
7029,'1817',906,,14279,5,,,0,300,,14280,5,,,0,300,,14281,5,,,0,300,,14282,5,,,0,299,,14278,5,,,0,230,,14283,5,0,13 14,0
501019,'1809',608,,15047,4,,,0,30,,15061,4,,,0,67,,15046,4,,,0,30,,15060,4,,,0,70,,15049,4,,,0,31,,15062,4,,,0,70,,15050,4,,,0,30,,15059,4,,,0,71,,15038,4,,,0,30,,15051,4,,,0,70,,15037,4,,,0,30,,15052,4,,,0,70,,15040,4,,,0,30,,15053,4,,,0,70,,15036,4,,,0,30,,15058,4,,,0,70,,15035,4,,,0,30,,15057,4,,,0,70,,15034,4,,,0,30,,15054,4,,,0,70,,15033,4,,,0,30,,15056,4,,,0,70,,15039,4,,,0,30,,15055,4,,,0,69,,15048,4,,,0,30,,15063,4,,,0,70,,15045,4,,,0,30,,15066,4,,,0,70,,15044,4,,,0,30,,15032,4,,,0,70,,15043,4,,,0,30,,15064,4,,,0,69,,15042,4,,,0,30,,15065,4,,,0,70,,15041,4,,,0
501019,'1813',608,,11754,4,,,0,30,,11757,4,,,0,67,,11753,4,,,0,30,,11756,4,,,0,70,,11752,4,,,0,31,,11758,4,,,0,70,,11751,4,,,0,30,,11755,4,,,0,71,,11764,4,,,0,30,,11774,4,,,0,70,,11765,4,,,0,30,,11775,4,,,0,70,,11766,4,,,0,30,,11776,4,,,0,70,,11767,4,,,0,30,,11777,4,,,0,70,,11768,4,,,0,30,,11778,4,,,0,70,,11769,4,,,0,30,,11779,4,,,0,70,,11770,4,,,0,30,,11772,4,,,0,70,,11771,4,,,0,30,,11773,4,,,0,70,,11750,4,,,0,29,,11763,4,,,0,70,,11749,4,,,0,30,,11761,4,,,0,69,,11748,4,,,0,30,,11762,4,,,0,70,,11747,4,,,0,30,,11759,4,,,0,70,,11746,4,,,0,30,,11760,4,,,0,70,,11745,4,,,0
501019,'1814',608,,11673,4,,,0,30,,11687,4,,,0,67,,11672,4,,,0,30,,11686,4,,,0,70,,11675,4,,,0,31,,11688,4,,,0,70,,11676,4,,,0,30,,11685,4,,,0,71,,11664,4,,,0,30,,11677,4,,,0,70,,11663,4,,,0,30,,11678,4,,,0,70,,11666,4,,,0,30,,11679,4,,,0,70,,11662,4,,,0,30,,11684,4,,,0,70,,11661,4,,,0,30,,11683,4,,,0,70,,11660,4,,,0,30,,11680,4,,,0,70,,11659,4,,,0,30,,11682,4,,,0,70,,11665,4,,,0,30,,11681,4,,,0,69,,11674,4,,,0,30,,11689,4,,,0,70,,11671,4,,,0,30,,11692,4,,,0,70,,11670,4,,,0,30,,11658,4,,,0,70,,11669,4,,,0,30,,11690,4,,,0,69,,11668,4,,,0,30,,11691,4,,,0,70,,11667,4,,,0
501019,'1815',605,,15068,4,,,0,30,,15069,4,,,0,74,,15070,4,,,0,25,,15071,4,,,0,24,,15072,4,,,0,52,,15073,4,,,0,24,,15074,4,,,0,22,,15075,4,,,0,51,,15076,4,,,0,30,,15077,4,,,0,70,,15078,4,,,0,30,,15079,4,,,0,70,,15080,4,,,0,30,,15081,4,,,0,70,,15082,4,,,0,30,,15083,4,,,0,70,,15084,4,,,0,30,,15085,4,,,0,70,,15086,4,,,0,26,,15087,4,,,0,12,,15088,4,,,0,62,,15089,4,,,0,24,,15090,4,,,0,12,,15091,4,,,0,64,,15092,4,,,0,24,,15093,4,,,0,12,,15094,4,,,0,64,,15095,4,,,0,24,,15096,4,,,0,12,,15097,4,,,0,66,,15098,4,,,0,28,,15099,4,,,0,70,,15100,4,,,0,29,,15101,4,,,0,70,,15102,4,,,0,30,,15103,4,,,0,69,,15104,4,,,0,30,,15105,4,,,0,70,,15106,4,,,0,30,,15107,4,,,0,70,,15108,4,,,0
501019,'1816',608,,15118,4,,,0,30,,15121,4,,,0,67,,15117,4,,,0,30,,15120,4,,,0,70,,15116,4,,,0,31,,15122,4,,,0,70,,15115,4,,,0,30,,15119,4,,,0,71,,15128,4,,,0,30,,15138,4,,,0,70,,15129,4,,,0,30,,15139,4,,,0,70,,15130,4,,,0,30,,15140,4,,,0,70,,15131,4,,,0,30,,15141,4,,,0,70,,15132,4,,,0,30,,15142,4,,,0,70,,15133,4,,,0,30,,15143,4,,,0,70,,15134,4,,,0,30,,15136,4,,,0,70,,15135,4,,,0,30,,15137,4,,,0,70,,15114,4,,,0,29,,15127,4,,,0,70,,15113,4,,,0,30,,15125,4,,,0,69,,15112,4,,,0,30,,15126,4,,,0,70,,15111,4,,,0,30,,15123,4,,,0,70,,15110,4,,,0,30,,15124,4,,,0,70,,15109,4,,,0
501019,'1817',608,,15159,4,,,0,30,,15173,4,,,0,67,,15158,4,,,0,30,,15172,4,,,0,70,,15161,4,,,0,31,,15174,4,,,0,70,,15162,4,,,0,30,,15171,4,,,0,71,,15150,4,,,0,30,,15163,4,,,0,70,,15149,4,,,0,30,,15164,4,,,0,70,,15152,4,,,0,30,,15165,4,,,0,70,,15148,4,,,0,30,,15170,4,,,0,70,,15147,4,,,0,30,,15169,4,,,0,70,,15146,4,,,0,30,,15166,4,,,0,70,,15145,4,,,0,30,,15168,4,,,0,70,,15151,4,,,0,30,,15167,4,,,0,69,,15160,4,,,0,30,,15175,4,,,0,70,,15157,4,,,0,30,,15178,4,,,0,70,,15156,4,,,0,30,,15144,4,,,0,70,,15155,4,,,0,30,,15176,4,,,0,69,,15154,4,,,0,30,,15177,4,,,0,70,,15153,4,,,0
20007019,'1791',540,,13694,5,,,0,1595,,13696,5,,,0,100,,13697,5,,,0
20007019,'1794',2205,,13688,5,,,0
20007019,'1808',2235,,13702,5,,,0
20007019,'1809',636,,16476,5,,,0,200,,16462,5,,,0,100,,16463,5,,,0,100,,16464,5,,,0,100,,16465,5,,,0,100,,16466,5,,,0,100,,16467,5,,,0,100,,16468,5,,,0,100,,16469,5,,,0,100,,16470,5,,,0,100,,16471,5,,,0,100,,16472,5,,,0,100,,16473,5,,,0,99,,16474,5,,,0,100,,16475,5,,,0,70,,13719,5,,,0,30,,16461,5,,,0,70,,16460,5,,,0
20007019,'1813',2035,,13700,5,,,0,100,,13701,5,,,0
20007019,'1814',636,,13689,5,,,0,200,,13674,5,,,0,100,,13675,5,,,0,100,,13676,5,,,0,100,,13677,5,,,0,100,,13678,5,,,0,100,,13679,5,,,0,100,,13680,5,,,0,100,,13681,5,,,0,100,,13682,5,,,0,100,,13683,5,,,0,100,,13684,5,,,0,100,,13685,5,,,0,99,,13686,5,,,0,100,,13687,5,,,0,100,,13673,5,,,0,70,,13672,5,,,0
20007019,'1815',2035,,16477,5,,,0,300,,16479,5,,,0,100,,16478,5,,,0
20007019,'1816',2035,,16480,5,,,0,100,,16481,5,,,0
20007019,'1817',636,,16498,5,,,0,200,,16484,5,,,0,100,,16485,5,,,0,100,,16486,5,,,0,100,,16487,5,,,0,100,,16488,5,,,0,100,,16489,5,,,0,100,,16490,5,,,0,100,,16491,5,,,0,100,,16492,5,,,0,100,,16493,5,,,0,100,,16494,5,,,0,100,,16495,5,,,0,99,,16496,5,,,0,100,,16497,5,,,0,100,,16483,5,,,0,70,,16482,5,,,0
14000001019,'1790',2459,,9278,7,,,0
14000001019,'1791',2459,,9270,7,,,0
14000001019,'1794',2459,,13721,7,,,0
14000001019,'1808',2459,,9276,7,,,0
14000001019,'1809',2359,,16501,7,,,0,70,,16500,7,,,0,100,,16502,7,,,0,30,,16499,7,,,0
14000001019,'1813',2359,,13735,7,,,0,70,,13732,7,,,0,100,,13734,7,,,0,30,,13733,7,,,0
14000001019,'1814',2359,,13724,7,,,0,70,,13723,7,,,0,100,,13725,7,,,0,30,,13722,7,,,0
14000001019,'1815',2359,,16506,7,,,0,70,,16504,7,,,0,100,,16505,7,,,0,30,,16503,7,,,0
14000001019,'1816',2359,,16510,7,,,0,70,,16507,7,,,0,100,,16509,7,,,0,30,,16508,7,,,0
14000001019,'1817',2359,,16513,7,,,0,70,,16512,7,,,0,100,,16514,7,,,0,30,,16511,7,,,0
