15019,'1800',732,,30284,40,,,0,100,,30282,40,,,0,100,,30285,40,,,0,101,,30283,40,,,0,100,,30280,40,,,0,100,,30278,40,,,0,101,,30281,40,,,0,100,,30279,40,,,0,100,,30276,40,,,0,99,,30277,40,,,0,100,,30274,40,,,0,100,,30275,40,,,0,100,,30273,40,,,0,99,,30286,40,,,0
15019,'1838',732,,36885,40,,,0,100,,36883,40,,,0,100,,36886,40,,,0,101,,36884,40,,,0,100,,36881,40,,,0,100,,36879,40,,,0,101,,36882,40,,,0,100,,36880,40,,,0,100,,36877,40,,,0,99,,36878,40,,,0,100,,36875,40,,,0,100,,36876,40,,,0,100,,36874,40,,,0,99,,36887,40,,,0
15019,'1850',604,,30330,6,0,5 2 6 7,0,54,,30331,40,,,0,70,,30332,40,,,0,76,,30333,40,,,0,30,,30334,40,,,0,25,,30335,40,,,0,70,,30336,40,,,0,30,,30337,40,,,0,70,,30338,40,,,0,30,,30339,40,,,0,70,,30340,40,,,0,30,,30341,40,,,0,70,,30342,40,,,0,30,,30343,40,,,0,70,,30344,40,,,0,30,,30345,40,,,0,70,,30346,40,,,0,72,,30347,40,,,0,30,,30348,40,,,0,70,,30349,40,,,0,30,,30350,40,,,0,69,,30351,40,,,0,30,,30352,40,,,0,28,,30353,40,,,0,70,,30354,40,,,0,30,,30355,40,,,0,70,,30356,40,,,0,30,,30357,40,,,0,100,,30358,40,,,0,98,,30359,40,,,0,100,,30360,40,0,5 2 6 7,0
15019,'1859',732,,30301,40,,,0,100,,30302,40,,,0,100,,30303,40,,,0,101,,30304,40,,,0,100,,30305,40,,,0,100,,30306,40,,,0,102,,30307,40,,,0,100,,30308,40,,,0,100,,30309,40,,,0,98,,30310,40,,,0,100,,30311,40,,,0,100,,30312,40,,,0,100,,30313,40,,,0,99,,30314,40,,,0
15019,'1861',732,,30327,40,,,0,100,,30325,40,,,0,100,,30328,40,,,0,101,,30326,40,,,0,100,,30323,40,,,0,100,,30321,40,,,0,101,,30324,40,,,0,100,,30322,40,,,0,100,,30319,40,,,0,99,,30320,40,,,0,100,,30317,40,,,0,100,,30318,40,,,0,100,,30316,40,,,0,99,,30329,40,,,0
15019,'1862',605,,36888,6,0,5 2 6 7,0
15019,'1864',604,,30361,6,0,5 2 6 7,0,54,,30362,40,,,0,70,,36889,40,,,0,76,,30364,40,,,0,30,,30365,40,,,0,25,,30366,40,,,0,70,,30367,40,,,0,30,,30368,40,,,0,70,,36890,40,,,0,30,,36891,40,,,0,70,,36892,40,,,0,30,,36893,40,,,0,70,,36894,40,,,0,30,,36895,40,,,0,70,,30375,40,,,0,30,,36896,40,,,0,70,,30377,40,,,0,72,,30378,40,,,0,30,,36897,40,,,0,70,,36898,40,,,0,30,,30381,40,,,0,69,,30382,40,,,0,30,,30383,40,,,0,28,,30384,40,,,0,70,,30385,40,,,0,30,,36899,40,,,0,70,,36900,40,,,0,30,,30388,40,,,0,100,,36901,40,,,0,98,,36902,40,,,0,100,,36903,40,0,5 2 6 7,0
15019,'1865',604,,36904,6,0,5 2 6 7,0,54,,36905,40,,,0,70,,36906,40,,,0,76,,36907,40,,,0,30,,36908,40,,,0,25,,36909,40,,,0,70,,36910,40,,,0,30,,36911,40,,,0,70,,36912,40,,,0,30,,36913,40,,,0,70,,36914,40,,,0,30,,36915,40,,,0,70,,36916,40,,,0,30,,36917,40,,,0,70,,36918,40,,,0,30,,36919,40,,,0,70,,36920,40,,,0,72,,36921,40,,,0,30,,36922,40,,,0,70,,36923,40,,,0,30,,36924,40,,,0,69,,36925,40,,,0,30,,36926,40,,,0,28,,36927,40,,,0,70,,36928,40,,,0,30,,36929,40,,,0,70,,36930,40,,,0,30,,36931,40,,,0,100,,36932,40,,,0,98,,36933,40,,,0,100,,36934,40,0,5 2 6 7,0
15019,'1866',605,,36949,6,0,5 2 6 7,0,127,,36935,40,,,0,100,,36936,40,,,0,100,,36937,40,,,0,101,,36938,40,,,0,100,,36939,40,,,0,100,,36940,40,,,0,102,,36941,40,,,0,100,,36942,40,,,0,100,,36943,40,,,0,98,,36944,40,,,0,100,,36945,40,,,0,100,,36946,40,,,0,100,,36947,40,,,0,99,,36948,40,,,0
15019,'1867',732,,36961,40,,,0,100,,36959,40,,,0,100,,36962,40,,,0,101,,36960,40,,,0,100,,36957,40,,,0,100,,36955,40,,,0,101,,36958,40,,,0,100,,36956,40,,,0,100,,36953,40,,,0,99,,36954,40,,,0,100,,36951,40,,,0,100,,36952,40,,,0,100,,36950,40,,,0,99,,36963,40,,,0
