11019,'1800',911,,29840,19,,,0,100,,36443,19,,,0,103,,36444,19,,,0,101,,29843,19,,,0,100,,36445,19,,,0,100,,36446,19,,,0,100,,29846,19,,,0,99,,36447,19,,,0,100,,36448,19,,,0,97,,29849,19,,,0,100,,29850,19,,,0,100,,36449,19,,,0
11019,'1838',911,,36451,19,,,0,100,,36452,19,,,0,103,,36453,19,,,0,101,,36454,19,,,0,100,,36455,19,,,0,100,,36456,19,,,0,100,,36457,19,,,0,99,,36458,19,,,0,100,,36459,19,,,0,97,,36460,19,,,0,100,,36461,19,,,0,100,,36462,19,,,0
11019,'1850',711,,29894,19,,,0,101,,29895,19,,,0,100,,29896,19,,,0,100,,29897,19,,,0,100,,29898,19,,,0,100,,29899,19,,,0,100,,29900,19,,,0,100,,29901,19,,,0,99,,29902,19,,,0,100,,29903,19,,,0,100,,29904,19,,,0,100,,29905,19,,,0,100,,29906,19,,,0,100,,29907,19,,,0,98,,29908,19,,,0
11019,'1859',911,,29870,19,,,0,100,,29871,19,,,0,404,,29875,19,,,0,199,,29877,19,,,0,100,,29878,19,,,0
11019,'1861',911,,29881,19,,,0,304,,29884,19,,,0,300,,29887,19,,,0,296,,29890,19,,,0,100,,29891,19,,,0
11019,'1862',711,,36466,19,,,0,100,,36467,19,,,0,300,,36468,19,,,0,104,,36469,19,,,0,100,,36470,19,,,0,200,,36471,19,,,0,296,,36472,19,,,0,100,,36464,19,,,0,100,,36465,19,,,0
11019,'1863',1011,,36474,19,,,0,103,,36475,19,,,0,201,,36476,19,,,0,100,,36477,19,,,0,199,,36478,19,,,0,100,,36479,19,,,0,297,,36480,19,,,0
11019,'1864',711,,29910,19,,,0,101,,29911,19,,,0,100,,29912,19,,,0,100,,36482,19,,,0,100,,29914,19,,,0,100,,36483,19,,,0,100,,36484,19,,,0,100,,36485,19,,,0,99,,36486,19,,,0,100,,36487,19,,,0,100,,36488,19,,,0,100,,36489,19,,,0,100,,36490,19,,,0,100,,29923,19,,,0,98,,36491,19,,,0
11019,'1865',711,,36492,19,,,0,101,,36493,19,,,0,100,,36494,19,,,0,100,,36495,19,,,0,100,,36496,19,,,0,100,,36497,19,,,0,100,,36498,19,,,0,100,,36499,19,,,0,99,,36500,19,,,0,100,,36501,19,,,0,100,,36502,19,,,0,100,,36503,19,,,0,100,,36504,19,,,0,100,,36505,19,,,0,98,,36506,19,,,0
11019,'1866',711,,36510,19,,,0,100,,36511,19,,,0,100,,36512,19,,,0,100,,36513,19,,,0,100,,36514,19,,,0,104,,36515,19,,,0,100,,36516,19,,,0,100,,36517,19,,,0,100,,36518,19,,,0,99,,36519,19,,,0,100,,36520,19,,,0,97,,36521,19,,,0,100,,36508,19,,,0,100,,36509,19,,,0
11019,'1867',911,,36523,19,,,0,100,,36524,19,,,0,103,,36525,19,,,0,101,,36526,19,,,0,100,,36527,19,,,0,100,,36528,19,,,0,100,,36529,19,,,0,99,,36530,19,,,0,100,,36531,19,,,0,97,,36532,19,,,0,100,,36533,19,,,0,100,,36534,19,,,0
