10029,'1838',850,,36369,5,,,0,99,,36366,28,,,0,100,,36368,28,,,0,100,,36359,28,,,0,70,,36370,28,,,0,30,,36361,28,,,0,70,,36371,28,,,0,30,,36363,28,,,0,70,,36372,28,,,0,30,,36365,28,,,0,70,,36373,28,,,0,30,,36367,28,,,0,70,,36374,28,,,0,30,,36358,28,,,0,100,,36360,28,,,0,100,,36362,28,,,0,100,,36364,28,,,0
10029,'1865',549,,36396,5,,,0,70,,36397,28,,,0,30,,36391,28,,,0,70,,36398,28,,,0,29,,36379,28,,,0,70,,36399,28,,,0,31,,44726,28,,,0,100,,36393,28,,,0,100,,36394,28,,,0,100,,36390,28,,,0,100,,36389,28,,,0,100,,44725,28,,,0,100,,44724,28,,,0,100,,44723,28,,,0,100,,42446,28,,,0,70,,36400,28,,,0,30,,36384,28,,,0,70,,36401,28,,,0,30,,44722,28,,,0,70,,36402,28,,,0,30,,36395,28,,,0,70,,36403,28,,,0,30,,36381,28,,,0,100,,36382,28,,,0,100,,36380,28,,,0
10029,'1866',549,,36419,5,,,0,100,,36420,5,,,0,100,,36411,28,,,0,100,,36404,28,,,0,100,,36412,28,,,0,100,,36405,28,,,0,100,,36413,28,,,0,70,,36425,28,,,0,30,,36406,28,,,0,70,,36422,28,,,0,30,,36414,28,,,0,70,,36423,28,,,0,30,,36407,28,,,0,70,,36424,28,,,0,30,,36415,28,,,0,70,,36421,28,,,0,30,,36408,28,,,0,100,,36416,28,,,0,100,,36409,28,,,0,100,,36417,28,,,0,100,,36410,28,,,0,100,,36418,28,,,0
10029,'1867',850,,36437,5,,,0,99,,36434,28,,,0,100,,36436,28,,,0,100,,36427,28,,,0,70,,36442,28,,,0,30,,36429,28,,,0,70,,36439,28,,,0,30,,36431,28,,,0,70,,36440,28,,,0,30,,36433,28,,,0,70,,36441,28,,,0,30,,36435,28,,,0,70,,36438,28,,,0,30,,36426,28,,,0,100,,36428,28,,,0,100,,36430,28,,,0,100,,36432,28,,,0
10029,'1873',549,,29790,5,,,0,100,,29791,5,,,0,100,,29782,28,,,0,100,,29775,28,,,0,100,,29783,28,,,0,100,,29776,28,,,0,100,,29784,28,,,0,100,,29777,28,,,0,100,,29785,28,,,0,100,,29778,28,,,0,100,,29786,28,,,0,100,,29779,28,,,0,100,,29787,28,,,0,100,,29780,28,,,0,100,,29788,28,,,0,100,,29781,28,,,0,100,,29789,28,,,0
10029,'1878',850,,29803,5,,,0,99,,29800,28,,,0,100,,29802,28,,,0,100,,29793,28,,,0,100,,29795,28,,,0,100,,29797,28,,,0,100,,29799,28,,,0,100,,29801,28,,,0,100,,29792,28,,,0,100,,29794,28,,,0,100,,29796,28,,,0,100,,29798,28,,,0
10029,'1881',849,,36378,28,,,0,500,,29831,28,,,0,100,,29830,28,,,0,100,,36377,28,,,0,300,,42447,28,,,0
10029,'1882',549,,29839,5,,,0,100,,29834,28,,,0,99,,29822,28,,,0,201,,29836,28,,,0,100,,29837,28,,,0,100,,29833,28,,,0,100,,29832,28,,,0,400,,42448,28,,,0,100,,29827,28,,,0,200,,29838,28,,,0,100,,29824,28,,,0,100,,29825,28,,,0,100,,29823,28,,,0
10029,'1886',849,,44731,28,,,0,500,,44730,28,,,0,100,,44729,28,,,0,100,,44728,28,,,0,300,,44727,28,,,0
15029,'1838',741,,36977,60,,,0,98,,45082,60,,,0,101,,36974,60,,,0,100,,36975,60,,,0,102,,45083,60,,,0,100,,36972,60,,,0,100,,36969,60,,,0,102,,45081,60,,,0,100,,36971,60,,,0,99,,36968,60,,,0,99,,45080,60,,,0,99,,36966,60,,,0,99,,36967,60,,,0,100,,45079,60,,,0
15029,'1865',617,,45084,20,,,0,20,,45085,20,,,0,71,,36995,60,,,0,31,,36996,60,,,0,74,,36997,60,,,0,30,,45086,60,,,0,73,,36999,60,,,0,30,,37000,60,,,0,65,,37001,60,,,0,30,,37002,60,,,0,70,,37003,60,,,0,30,,45087,60,,,0,70,,45088,60,,,0,30,,42575,60,,,0,70,,45089,60,,,0,30,,45090,60,,,0,70,,42576,60,,,0,32,,37010,60,,,0,73,,45091,60,,,0,35,,37012,60,,,0,72,,37013,60,,,0,29,,45092,60,,,0,66,,45093,60,,,0,23,,37016,60,,,0,69,,37017,60,,,0,29,,37018,60,,,0,67,,45094,60,,,0,30,,37020,60,,,0,70,,45095,60,,,0,30,,45096,60,,,0,70,,37023,60,,,0,99,,45098,60,,,0,97,,45097,60,,,0
15029,'1866',613,,45099,20,,,0,133,,37029,60,,,0,93,,37030,60,,,0,100,,45100,60,,,0,100,,37032,60,,,0,102,,37033,60,,,0,100,,45101,60,,,0,100,,37035,60,,,0,105,,37036,60,,,0,100,,45102,60,,,0,98,,37038,60,,,0,98,,37039,60,,,0,99,,45103,60,,,0,99,,37026,60,,,0,100,,37027,60,,,0
15029,'1867',741,,37054,60,,,0,98,,45107,60,,,0,101,,37051,60,,,0,100,,37052,60,,,0,102,,45108,60,,,0,100,,37049,60,,,0,100,,37046,60,,,0,102,,45106,60,,,0,100,,37048,60,,,0,99,,37045,60,,,0,99,,45105,60,,,0,99,,37043,60,,,0,99,,37044,60,,,0,100,,45104,60,,,0
15029,'1873',746,,30423,60,,,0,93,,30424,60,,,0,200,,30426,60,,,0,102,,30427,60,,,0,200,,30429,60,,,0,105,,30430,60,,,0,198,,30432,60,,,0,98,,30433,60,,,0,198,,30420,60,,,0,100,,30421,60,,,0
15029,'1878',741,,30448,60,,,0,199,,30445,60,,,0,100,,30446,60,,,0,202,,30443,60,,,0,100,,30440,60,,,0,202,,30442,60,,,0,99,,30439,60,,,0,198,,30437,60,,,0,99,,30438,60,,,0
15029,'1881',617,,30482,20,,,0,20,,36978,20,,,0,206,,36979,60,,,0,298,,36980,60,,,0,70,,36981,60,,,0,100,,36983,60,,,0,30,,36984,60,,,0,175,,36986,60,,,0,136,,36987,60,,,0,66,,36988,60,,,0,188,,30508,60,,,0,100,,36989,60,,,0,30,,42580,60,,,0,169,,36992,60,,,0,97,,36991,60,,,0
15029,'1882',708,,30484,60,,,0,31,,30485,60,,,0,74,,30486,60,,,0,103,,30488,60,,,0,30,,30489,60,,,0,65,,30490,60,,,0,30,,30491,60,,,0,70,,30492,60,,,0,130,,42578,60,,,0,170,,42579,60,,,0,32,,30499,60,,,0,108,,30501,60,,,0,72,,30502,60,,,0,118,,30505,60,,,0,69,,30506,60,,,0,29,,30507,60,,,0,97,,30509,60,,,0,170,,30512,60,,,0
15029,'1886',617,,45109,20,,,0,20,,45110,20,,,0,206,,45111,60,,,0,298,,45112,60,,,0,70,,45113,60,,,0,100,,45114,60,,,0,30,,45115,60,,,0,175,,45116,60,,,0,136,,45117,60,,,0,66,,45118,60,,,0,188,,45119,60,,,0,100,,45120,60,,,0,30,,45121,60,,,0,169,,45123,60,,,0,97,,45122,60,,,0
15029,'1887',613,,45124,20,,,0,326,,45125,60,,,0,302,,45126,60,,,0,305,,45127,60,,,0,295,,45128,60,,,0
15029,'1888',839,,45132,60,,,0,303,,45133,60,,,0,302,,45131,60,,,0,298,,45130,60,,,0,298,,45129,60,,,0
