2019,'1799',706,,19531,32,,,0,30,,19508,32,,,0,70,,19512,32,,,0,30,,19524,32,,,0,71,,19519,32,,,0,30,,19509,32,,,0,70,,19513,32,,,0,30,,19525,32,,,0,70,,19520,32,,,0,30,,19510,32,,,0,70,,19514,32,,,0,30,,19526,32,,,0,70,,19521,32,,,0,30,,19511,32,,,0,70,,19515,32,,,0,30,,19527,32,,,0,70,,19522,32,,,0,30,,19506,32,,,0,70,,19516,32,,,0,30,,19528,32,,,0,70,,19523,32,,,0,30,,19504,32,,,0,70,,19517,32,,,0,30,,19529,32,,,0,100,,19505,32,,,0,99,,19530,32,,,0,100,,19507,32,,,0,100,,19518,32,,,0,99,,19532,32,,,0
2019,'1800',706,,19560,32,,,0,30,,19537,32,,,0,70,,19541,32,,,0,30,,19553,32,,,0,71,,19548,32,,,0,30,,19538,32,,,0,70,,19542,32,,,0,30,,19554,32,,,0,70,,19549,32,,,0,30,,19539,32,,,0,70,,19543,32,,,0,30,,19555,32,,,0,70,,19550,32,,,0,30,,19540,32,,,0,70,,19544,32,,,0,30,,19556,32,,,0,70,,19551,32,,,0,30,,19535,32,,,0,70,,19545,32,,,0,30,,19557,32,,,0,70,,19552,32,,,0,30,,19533,32,,,0,70,,19546,32,,,0,30,,19558,32,,,0,100,,19534,32,,,0,99,,19559,32,,,0,100,,19536,32,,,0,100,,19547,32,,,0,99,,19561,32,,,0
2019,'1829',637,,19412,32,,,0,70,,19413,32,,,0,30,,19414,32,,,0,70,,19415,32,,,0,31,,19416,32,,,0,69,,19417,32,,,0,30,,19418,32,,,0,70,,19419,32,,,0,30,,19420,32,,,0,70,,19421,32,,,0,30,,19422,32,,,0,70,,19423,32,,,0,30,,19424,32,,,0,70,,19425,32,,,0,30,,19426,32,,,0,70,,19427,32,,,0,31,,19428,32,,,0,70,,19429,32,,,0,30,,19430,32,,,0,70,,19431,32,,,0,30,,19432,32,,,0,69,,19433,32,,,0,30,,19434,32,,,0,70,,19435,32,,,0,30,,19436,32,,,0,70,,19442,32,,,0,30,,19437,32,,,0,100,,19438,32,,,0,100,,19439,32,,,0,100,,19440,32,,,0,101,,19441,32,,,0
2019,'1831',636,,19444,23,,,0,70,,19451,32,,,0,30,,19460,32,,,0,71,,19467,32,,,0,30,,19445,32,,,0,70,,19452,32,,,0,30,,19461,32,,,0,70,,19468,32,,,0,30,,19446,32,,,0,70,,19453,32,,,0,30,,19462,32,,,0,70,,19469,32,,,0,30,,19447,32,,,0,70,,19454,32,,,0,30,,19463,32,,,0,70,,19470,32,,,0,30,,19448,32,,,0,70,,19455,32,,,0,30,,19464,32,,,0,70,,19471,32,,,0,30,,19449,32,,,0,70,,19456,32,,,0,30,,19465,32,,,0,70,,19472,32,,,0,30,,19450,32,,,0,70,,19457,32,,,0,30,,19466,32,,,0,99,,19458,32,,,0,100,,19473,32,,,0,100,,19459,32,,,0,99,,19474,32,,,0
2019,'1833',706,,19502,32,,,0,30,,19479,32,,,0,70,,19483,32,,,0,30,,19495,32,,,0,71,,19490,32,,,0,30,,19480,32,,,0,70,,19484,32,,,0,30,,19496,32,,,0,70,,19491,32,,,0,30,,19481,32,,,0,70,,19485,32,,,0,30,,19497,32,,,0,70,,19492,32,,,0,30,,19482,32,,,0,70,,19486,32,,,0,30,,19498,32,,,0,70,,19493,32,,,0,30,,19477,32,,,0,70,,19487,32,,,0,30,,19499,32,,,0,70,,19494,32,,,0,30,,19475,32,,,0,70,,19488,32,,,0,30,,19500,32,,,0,100,,19476,32,,,0,99,,19501,32,,,0,100,,19478,32,,,0,100,,19489,32,,,0,99,,19503,32,,,0
2019,'1835',501,,24965,23,0,5 2 13 14,0
702019,'1800',649,,27441,4,,,0,71,,27430,4,,,0,30,,27452,4,,,0,70,,27437,4,,,0,30,,27429,4,,,0,70,,27451,4,,,0,30,,27440,4,,,0,70,,27428,4,,,0,30,,27446,4,,,0,70,,27436,4,,,0,30,,27427,4,,,0,70,,27442,4,,,0,30,,27431,4,,,0,70,,27426,4,,,0,30,,27450,4,,,0,70,,27435,4,,,0,30,,27425,4,,,0,70,,27447,4,,,0,30,,27439,4,,,0,70,,27424,4,,,0,30,,27445,4,,,0,70,,27434,4,,,0,30,,27423,4,,,0,70,,27444,4,,,0,30,,27433,4,,,0,70,,27422,4,,,0,30,,27449,4,,,0,70,,27432,4,,,0,30,,27421,4,,,0,69,,27448,4,,,0,30,,27438,4,,,0,70,,27420,4,,,0,30,,27443,4,,,0,65,,27453,4,,,0,25,,27454,4,,,0
702019,'1832',649,,24087,4,,,0,71,,24076,4,,,0,30,,24098,4,,,0,70,,24083,4,,,0,30,,24075,4,,,0,70,,24097,4,,,0,30,,24086,4,,,0,70,,24074,4,,,0,30,,24092,4,,,0,70,,24082,4,,,0,30,,24073,4,,,0,70,,24088,4,,,0,30,,24077,4,,,0,70,,24072,4,,,0,30,,24096,4,,,0,70,,24081,4,,,0,30,,24071,4,,,0,70,,24093,4,,,0,30,,24085,4,,,0,70,,24070,4,,,0,30,,24091,4,,,0,70,,24080,4,,,0,30,,24069,4,,,0,70,,24090,4,,,0,30,,24079,4,,,0,70,,24068,4,,,0,30,,24095,4,,,0,70,,24078,4,,,0,30,,24067,4,,,0,69,,24094,4,,,0,30,,24084,4,,,0,70,,24066,4,,,0,30,,24089,4,,,0,65,,24099,4,,,0,25,,24100,4,,,0
702019,'1834',649,,24122,4,,,0,71,,24111,4,,,0,30,,24133,4,,,0,70,,24118,4,,,0,30,,24110,4,,,0,70,,24132,4,,,0,30,,24121,4,,,0,70,,24109,4,,,0,30,,24127,4,,,0,70,,24117,4,,,0,30,,24108,4,,,0,70,,24123,4,,,0,30,,24112,4,,,0,70,,24107,4,,,0,30,,24131,4,,,0,70,,24116,4,,,0,30,,24106,4,,,0,70,,24128,4,,,0,30,,24120,4,,,0,70,,24105,4,,,0,30,,24126,4,,,0,70,,24115,4,,,0,30,,24104,4,,,0,70,,24125,4,,,0,30,,24114,4,,,0,70,,24103,4,,,0,30,,24130,4,,,0,70,,24113,4,,,0,30,,24102,4,,,0,69,,24129,4,,,0,30,,24119,4,,,0,70,,24101,4,,,0,30,,24124,4,,,0,65,,24134,4,,,0,25,,24135,4,,,0
702019,'1835',634,,27455,4,,,0,25,,27456,4,,,0,64,,27490,4,,,0,22,,27457,4,,,0,55,,27458,4,,,0,23,,27459,4,,,0,17,,27491,4,,,0,12,,27489,4,,,0,68,,27460,4,,,0,30,,27461,4,,,0,70,,27462,4,,,0,30,,27495,4,,,0,70,,27463,4,,,0,30,,27464,4,,,0,70,,27465,4,,,0,30,,27466,4,,,0,70,,27467,4,,,0,30,,27468,4,,,0,70,,27469,4,,,0,31,,27470,4,,,0,65,,27492,4,,,0,20,,27471,4,,,0,20,,27472,4,,,0,60,,27473,4,,,0,20,,27474,4,,,0,20,,27493,4,,,0,60,,27475,4,,,0,20,,27476,4,,,0,19,,27477,4,,,0,65,,27478,4,,,0,30,,27479,4,,,0,70,,27480,4,,,0,30,,27481,4,,,0,70,,27482,4,,,0,30,,27483,4,,,0,70,,27484,4,,,0,30,,27485,4,,,0,69,,27486,4,,,0,30,,27487,4,,,0,65,,27488,4,,,0,25,,27494,4,,,0
702019,'1836',649,,27523,4,,,0,71,,27525,4,,,0,30,,27528,4,,,0,70,,27522,4,,,0,30,,27524,4,,,0,70,,27526,4,,,0,30,,27529,4,,,0,70,,27527,4,,,0,30,,27502,4,,,0,70,,27509,4,,,0,30,,27516,4,,,0,70,,27496,4,,,0,30,,27503,4,,,0,70,,27510,4,,,0,30,,27517,4,,,0,70,,27497,4,,,0,30,,27504,4,,,0,70,,27511,4,,,0,30,,27518,4,,,0,70,,27498,4,,,0,30,,27505,4,,,0,70,,27512,4,,,0,30,,27519,4,,,0,70,,27499,4,,,0,30,,27506,4,,,0,70,,27513,4,,,0,30,,27520,4,,,0,70,,27500,4,,,0,30,,27507,4,,,0,69,,27514,4,,,0,30,,27521,4,,,0,70,,27501,4,,,0,30,,27508,4,,,0,65,,27515,4,,,0,25,,27530,4,,,0
702019,'1837',649,,27552,4,,,0,71,,27541,4,,,0,30,,27563,4,,,0,70,,27548,4,,,0,30,,27540,4,,,0,70,,27562,4,,,0,30,,27551,4,,,0,70,,27539,4,,,0,30,,27557,4,,,0,70,,27547,4,,,0,30,,27538,4,,,0,70,,27553,4,,,0,30,,27542,4,,,0,70,,27537,4,,,0,30,,27561,4,,,0,70,,27546,4,,,0,30,,27536,4,,,0,70,,27558,4,,,0,30,,27550,4,,,0,70,,27535,4,,,0,30,,27556,4,,,0,70,,27545,4,,,0,30,,27534,4,,,0,70,,27555,4,,,0,30,,27544,4,,,0,70,,27533,4,,,0,30,,27560,4,,,0,70,,27543,4,,,0,30,,27532,4,,,0,69,,27559,4,,,0,30,,27549,4,,,0,70,,27531,4,,,0,30,,27554,4,,,0,65,,27564,4,,,0,25,,27565,4,,,0
702019,'1838',649,,27587,4,,,0,71,,27576,4,,,0,30,,27598,4,,,0,70,,27583,4,,,0,30,,27575,4,,,0,70,,27597,4,,,0,30,,27586,4,,,0,70,,27574,4,,,0,30,,27592,4,,,0,70,,27582,4,,,0,30,,27573,4,,,0,70,,27588,4,,,0,30,,27577,4,,,0,70,,27572,4,,,0,30,,27596,4,,,0,70,,27581,4,,,0,30,,27571,4,,,0,70,,27593,4,,,0,30,,27585,4,,,0,70,,27570,4,,,0,30,,27591,4,,,0,70,,27580,4,,,0,30,,27569,4,,,0,70,,27590,4,,,0,30,,27579,4,,,0,70,,27568,4,,,0,30,,27595,4,,,0,70,,27578,4,,,0,30,,27567,4,,,0,69,,27594,4,,,0,30,,27584,4,,,0,70,,27566,4,,,0,30,,27589,4,,,0,65,,27599,4,,,0,25,,27600,4,,,0
14000001019,'1799',2430,,24909,39,,,0,100,,24906,39,,,0,70,,24910,39,,,0
14000001019,'1800',2430,,24914,39,,,0,70,,28272,39,,,0,30,,24911,39,,,0,70,,24915,39,,,0,30,,28271,39,,,0
14000001019,'1829',2530,,24893,39,,,0
14000001019,'1831',2430,,24900,39,,,0,70,,24896,39,,,0,30,,24899,39,,,0,70,,24898,39,,,0,30,,24897,39,,,0
14000001019,'1832',2500,,24903,39,,,0,130,,24902,39,,,0
14000001019,'1833',2430,,24904,39,,,0,100,,24901,39,,,0,70,,24905,39,,,0
14000001019,'1834',2500,,24908,39,,,0,130,,24907,39,,,0
14000001019,'1835',2430,,28276,39,,,0,70,,28274,39,,,0,100,,28275,39,,,0,30,,28273,39,,,0
14000001019,'1837',2500,,28278,39,,,0,130,,28277,39,,,0
14000001019,'1838',2500,,28280,39,,,0,130,,28279,39,,,0
