6029,'1838',832,,35833,2,0,5 2 6 7,0,100,,44416,2,0,5 2 6 7,0,100,,44424,2,0,5 2 6 7,0,100,,44414,2,0,5 2 6 7,0,100,,44423,2,0,5 2 6 7,0,100,,44419,2,0,5 2 6 7,0,100,,44422,2,0,5 2 6 7,0,100,,44417,2,0,5 2 6 7,0,100,,44421,2,0,5 2 6 7,0,100,,44418,2,0,5 2 6 7,0,100,,44420,2,0,5 2 6 7,0,100,,44415,2,0,5 2 6 7,0
6029,'1865',612,,35869,2,,,0,30,,42302,2,,,0,70,,42303,2,,,0,30,,42304,2,,,0,70,,42305,2,,,0,30,,42306,2,,,0,70,,44428,2,,,0,30,,42308,2,,,0,70,,42309,2,,,0,30,,44429,2,,,0,70,,42311,2,,,0,30,,42312,2,,,0,70,,42313,2,,,0,30,,42314,2,,,0,70,,42315,2,,,0,30,,44430,2,,,0,70,,42317,2,,,0,30,,42318,2,,,0,70,,42319,2,,,0,30,,42320,2,,,0,70,,42321,2,,,0,30,,44431,2,,,0,70,,42323,2,,,0,30,,42324,2,,,0,70,,42325,2,,,0,30,,42326,2,,,0,90,,44426,2,,,0,100,,35868,2,,,0,100,,44425,2,,,0,100,,44427,2,,,0
6029,'1866',607,,44433,2,,,0,30,,35898,2,,,0,65,,44450,2,,,0,30,,35922,2,,,0,70,,44434,2,,,0,30,,44444,2,,,0,70,,44451,2,,,0,30,,44457,2,,,0,70,,44443,2,,,0,30,,44456,2,,,0,70,,44442,2,,,0,30,,44448,2,,,0,70,,44441,2,,,0,30,,44455,2,,,0,70,,44440,2,,,0,30,,44447,2,,,0,70,,44439,2,,,0,30,,44454,2,,,0,70,,44438,2,,,0,30,,44446,2,,,0,70,,44437,2,,,0,30,,44453,2,,,0,70,,44436,2,,,0,30,,44445,2,,,0,70,,44435,2,,,0,30,,44452,2,,,0,70,,44432,2,0,5 2 6 7,0,100,,35921,2,0,5 2 6 7,0,100,,44449,2,0,5 2 6 7,0
6029,'1867',832,,35935,2,0,5 2 6 7,0,100,,44460,2,0,5 2 6 7,0,100,,44468,2,0,5 2 6 7,0,100,,44458,2,0,5 2 6 7,0,100,,44467,2,0,5 2 6 7,0,100,,44463,2,0,5 2 6 7,0,100,,44466,2,0,5 2 6 7,0,100,,44461,2,0,5 2 6 7,0,100,,44465,2,0,5 2 6 7,0,100,,44462,2,0,5 2 6 7,0,100,,44464,2,0,5 2 6 7,0,100,,44459,2,0,5 2 6 7,0
6029,'1873',637,,29200,2,,,0,95,,29224,2,,,0,1270,,29223,2,0,5 2 6 7,0
6029,'1878',832,,29237,2,0,5 2 6 7,0
6029,'1881',912,,42334,2,,,0,130,,42337,2,,,0,300,,42343,2,,,0,300,,42349,2,,,0,290,,35840,2,,,0,200,,42327,2,,,0,100,,42328,2,,,0
6029,'1882',612,,29272,2,,,0,30,,42329,2,,,0,70,,42330,2,,,0,30,,42331,2,,,0,70,,42332,2,,,0,30,,42333,2,,,0,100,,42335,2,,,0,70,,42336,2,,,0,100,,42338,2,,,0,30,,42339,2,,,0,70,,42340,2,,,0,30,,42341,2,,,0,70,,42342,2,,,0,100,,42344,2,,,0,30,,42345,2,,,0,70,,42346,2,,,0,30,,42347,2,,,0,70,,42348,2,,,0,100,,42350,2,,,0,30,,42351,2,,,0,70,,42352,2,,,0,30,,42353,2,,,0,190,,29271,2,,,0
6029,'1886',912,,44472,2,,,0,130,,44473,2,,,0,300,,44474,2,,,0,300,,44475,2,,,0,290,,44470,2,,,0,200,,44469,2,,,0,100,,44471,2,,,0
6029,'1887',607,,44477,2,,,0,95,,44494,2,,,0,100,,44478,2,,,0,30,,44488,2,,,0,70,,44495,2,,,0,30,,44501,2,,,0,70,,44487,2,,,0,30,,44500,2,,,0,70,,44486,2,,,0,30,,44492,2,,,0,70,,44485,2,,,0,30,,44499,2,,,0,70,,44484,2,,,0,30,,44491,2,,,0,70,,44483,2,,,0,30,,44498,2,,,0,70,,44482,2,,,0,30,,44490,2,,,0,70,,44481,2,,,0,30,,44497,2,,,0,70,,44480,2,,,0,30,,44489,2,,,0,70,,44479,2,,,0,30,,44496,2,,,0,70,,44476,2,0,5 2 6 7,0,200,,44493,2,0,5 2 6 7,0
6029,'1888',932,,44504,2,0,5 2 6 7,0,100,,44512,2,0,5 2 6 7,0,100,,44502,2,0,5 2 6 7,0,100,,44511,2,0,5 2 6 7,0,100,,44507,2,0,5 2 6 7,0,100,,44510,2,0,5 2 6 7,0,100,,44505,2,0,5 2 6 7,0,100,,44509,2,0,5 2 6 7,0,100,,44506,2,0,5 2 6 7,0,100,,44508,2,0,5 2 6 7,0,100,,44503,2,0,5 2 6 7,0
