13019,'1800',803,,30039,8,,,0,100,,30040,8,,,0,100,,30041,8,,,0,101,,30042,8,,,0,100,,30043,8,,,0,100,,36656,8,,,0,100,,30045,8,,,0,100,,30046,8,,,0,100,,30047,8,,,0,99,,30048,8,,,0,100,,30049,8,,,0,100,,30050,8,,,0,100,,36657,8,,,0,100,,36658,8,,,0,100,,36655,8,,,0
13019,'1838',803,,36660,8,,,0,100,,36661,8,,,0,100,,36662,8,,,0,101,,36663,8,,,0,100,,36664,8,,,0,100,,36665,8,,,0,100,,36666,8,,,0,100,,36667,8,,,0,100,,36668,8,,,0,99,,36669,8,,,0,100,,36670,8,,,0,100,,36671,8,,,0,100,,36672,8,,,0,100,,36673,8,,,0,100,,36659,8,,,0
13019,'1850',614,,30099,8,,,0,30,,30100,8,,,0,69,,30101,8,,,0,30,,30102,8,,,0,96,,30103,8,,,0,100,,30104,8,,,0,100,,30105,8,,,0,100,,30106,8,,,0,100,,30107,8,,,0,100,,30108,8,,,0,70,,30109,8,,,0,31,,30110,8,,,0,70,,30111,8,,,0,31,,30121,8,,,0,70,,30112,8,,,0,30,,30122,8,,,0,70,,30113,8,,,0,30,,30120,8,,,0,99,,30114,8,,,0,100,,30119,8,,,0,100,,30118,8,,,0,98,,30117,8,,,0,100,,30116,8,,,0
13019,'1859',703,,30068,8,,,0,401,,30072,8,,,0,200,,30074,8,,,0,100,,30075,8,,,0,499,,30080,8,,,0,200,,30082,8,,,0,200,,30083,8,,,0
13019,'1861',803,,30085,8,,,0,100,,30086,8,,,0,100,,30087,8,,,0,101,,30088,8,,,0,100,,30089,8,,,0,200,,30091,8,,,0,100,,30092,8,,,0,100,,30093,8,,,0,99,,30094,8,,,0,100,,30095,8,,,0,100,,30096,8,,,0
13019,'1862',803,,36674,8,,,0,100,,36675,8,,,0,100,,36676,8,,,0,201,,36677,8,,,0,300,,36678,8,,,0,100,,36679,8,,,0,99,,36680,8,,,0,100,,36681,8,,,0,200,,36682,8,,,0
13019,'1863',1304,,36684,8,,,0,699,,36685,8,,,0,100,,36686,8,,,0,100,,36683,8,,,0
13019,'1864',614,,30123,8,,,0,30,,30124,8,,,0,69,,30125,8,,,0,30,,30126,8,,,0,96,,30127,8,,,0,100,,30128,8,,,0,100,,36687,8,,,0,100,,30130,8,,,0,100,,36688,8,,,0,100,,36689,8,,,0,70,,36690,8,,,0,31,,36691,8,,,0,70,,30135,8,,,0,31,,36697,8,,,0,70,,36692,8,,,0,30,,36698,8,,,0,70,,36693,8,,,0,30,,30144,8,,,0,99,,36694,8,,,0,100,,30143,8,,,0,100,,30142,8,,,0,98,,30141,8,,,0,100,,36696,8,,,0
13019,'1865',614,,36699,8,,,0,30,,36700,8,,,0,69,,36701,8,,,0,30,,36702,8,,,0,96,,36703,8,,,0,100,,36704,8,,,0,100,,36705,8,,,0,100,,36706,8,,,0,100,,36707,8,,,0,100,,36708,8,,,0,70,,36709,8,,,0,31,,36710,8,,,0,70,,36711,8,,,0,31,,36721,8,,,0,70,,36712,8,,,0,30,,36722,8,,,0,70,,36713,8,,,0,30,,36720,8,,,0,99,,36714,8,,,0,100,,36719,8,,,0,100,,36718,8,,,0,98,,36717,8,,,0,100,,36716,8,,,0
13019,'1866',703,,36723,8,,,0,100,,36724,8,,,0,100,,36725,8,,,0,100,,36726,8,,,0,101,,36727,8,,,0,100,,36728,8,,,0,100,,36729,8,,,0,100,,36730,8,,,0,100,,36731,8,,,0,100,,36732,8,,,0,99,,36733,8,,,0,100,,36734,8,,,0,100,,36735,8,,,0,100,,36736,8,,,0,100,,36737,8,,,0,200,,36738,8,,,0
13019,'1867',803,,36740,8,,,0,100,,36741,8,,,0,100,,36742,8,,,0,101,,36743,8,,,0,100,,36744,8,,,0,100,,36745,8,,,0,100,,36746,8,,,0,100,,36747,8,,,0,100,,36748,8,,,0,99,,36749,8,,,0,100,,36750,8,,,0,100,,36751,8,,,0,100,,36752,8,,,0,100,,36753,8,,,0,100,,36739,8,,,0
