13019,'1800',815,,30039,22,,,0,100,,30040,22,,,0,100,,30041,22,,,0,101,,30042,22,,,0,100,,30043,22,,,0,100,,36656,22,,,0,100,,30045,22,,,0,100,,30046,22,,,0,100,,30047,22,,,0,99,,30048,22,,,0,100,,30049,22,,,0,100,,30050,22,,,0,99,,36657,22,,,0,100,,36658,22,,,0,100,,36655,22,,,0
13019,'1838',815,,36660,22,,,0,100,,36661,22,,,0,100,,36662,22,,,0,101,,36663,22,,,0,100,,36664,22,,,0,100,,36665,22,,,0,100,,36666,22,,,0,100,,36667,22,,,0,100,,36668,22,,,0,99,,36669,22,,,0,100,,36670,22,,,0,100,,36671,22,,,0,99,,36672,22,,,0,100,,36673,22,,,0,100,,36659,22,,,0
13019,'1850',625,,30099,22,,,0,30,,30100,22,,,0,70,,30101,22,,,0,30,,30102,22,,,0,96,,30103,22,,,0,100,,30104,22,,,0,100,,30105,22,,,0,100,,30106,22,,,0,100,,30107,22,,,0,100,,30108,22,,,0,70,,30109,22,,,0,31,,30110,22,,,0,71,,30111,22,,,0,31,,30121,22,,,0,70,,30112,22,,,0,30,,30122,22,,,0,70,,30113,22,,,0,30,,30120,22,,,0,98,,30114,22,,,0,100,,30119,22,,,0,99,,30118,22,,,0,98,,30117,22,,,0,71,,30115,1,,,0,29,,30116,22,,,0
13019,'1859',714,,30068,22,,,0,402,,30072,22,,,0,200,,30074,22,,,0,100,,30075,22,,,0,499,,30080,22,,,0,199,,30082,22,,,0,200,,30083,22,,,0
13019,'1861',815,,30085,22,,,0,100,,30086,22,,,0,100,,30087,22,,,0,101,,30088,22,,,0,100,,30089,22,,,0,200,,30091,22,,,0,100,,30092,22,,,0,100,,30093,22,,,0,99,,30094,22,,,0,100,,30095,22,,,0,100,,30096,22,,,0
13019,'1862',815,,36674,22,,,0,100,,36675,22,,,0,100,,36676,22,,,0,201,,36677,22,,,0,300,,36678,22,,,0,100,,36679,22,,,0,99,,36680,22,,,0,100,,36681,22,,,0,199,,36682,22,,,0
13019,'1863',1316,,36684,22,,,0,698,,36685,22,,,0,100,,36686,22,,,0,100,,36683,22,,,0
13019,'1864',625,,30123,22,,,0,30,,30124,22,,,0,70,,30125,22,,,0,30,,30126,22,,,0,96,,30127,22,,,0,100,,30128,22,,,0,100,,36687,22,,,0,100,,30130,22,,,0,100,,36688,22,,,0,100,,36689,22,,,0,70,,36690,22,,,0,31,,36691,22,,,0,71,,30135,22,,,0,31,,36697,22,,,0,70,,36692,22,,,0,30,,36698,22,,,0,70,,36693,22,,,0,30,,30144,22,,,0,98,,36694,22,,,0,100,,30143,22,,,0,99,,30142,22,,,0,98,,30141,22,,,0,71,,36695,1,,,0,29,,36696,22,,,0
13019,'1865',625,,36699,22,,,0,30,,36700,22,,,0,70,,36701,22,,,0,30,,36702,22,,,0,96,,36703,22,,,0,100,,36704,22,,,0,100,,36705,22,,,0,100,,36706,22,,,0,100,,36707,22,,,0,100,,36708,22,,,0,70,,36709,22,,,0,31,,36710,22,,,0,71,,36711,22,,,0,31,,36721,22,,,0,70,,36712,22,,,0,30,,36722,22,,,0,70,,36713,22,,,0,30,,36720,22,,,0,98,,36714,22,,,0,100,,36719,22,,,0,99,,36718,22,,,0,98,,36717,22,,,0,71,,36715,1,,,0,29,,36716,22,,,0
13019,'1866',714,,36723,22,,,0,101,,36724,22,,,0,100,,36725,22,,,0,100,,36726,22,,,0,101,,36727,22,,,0,100,,36728,22,,,0,100,,36729,22,,,0,100,,36730,22,,,0,100,,36731,22,,,0,100,,36732,22,,,0,99,,36733,22,,,0,100,,36734,22,,,0,100,,36735,22,,,0,99,,36736,22,,,0,100,,36737,22,,,0,200,,36738,22,,,0
13019,'1867',815,,36740,22,,,0,100,,36741,22,,,0,100,,36742,22,,,0,101,,36743,22,,,0,100,,36744,22,,,0,100,,36745,22,,,0,100,,36746,22,,,0,100,,36747,22,,,0,100,,36748,22,,,0,99,,36749,22,,,0,100,,36750,22,,,0,100,,36751,22,,,0,99,,36752,22,,,0,100,,36753,22,,,0,100,,36739,22,,,0
14019,'1800',643,,30160,7,,,0,100,,30161,7,,,0,100,,36755,7,,,0,100,,36756,7,,,0,100,,30151,7,,,0,100,,36757,7,,,0,100,,36758,7,,,0,101,,30154,7,,,0,100,,36759,7,,,0,100,,36760,7,,,0,99,,30157,7,,,0,100,,30158,7,,,0,100,,36761,7,,,0,100,,36754,7,,,0,95,,30147,7,,,0
14019,'1838',643,,36775,7,,,0,100,,36776,7,,,0,100,,36764,7,,,0,100,,36765,7,,,0,100,,36766,7,,,0,100,,36767,7,,,0,100,,36768,7,,,0,101,,36769,7,,,0,100,,36770,7,,,0,100,,36771,7,,,0,99,,36772,7,,,0,100,,36773,7,,,0,100,,36774,7,,,0,100,,36763,7,,,0,95,,36762,7,,,0
14019,'1850',518,,30239,7,,,0,100,,30238,7,,,0,40,,30209,7,,,0,70,,30222,7,,,0,28,,30210,7,,,0,62,,30223,7,,,0,30,,30211,7,,,0,70,,30224,7,,,0,30,,30212,7,,,0,70,,30225,7,,,0,30,,30213,7,,,0,70,,30226,7,,,0,30,,30214,7,,,0,70,,30227,7,,,0,30,,30215,7,,,0,70,,30228,7,,,0,30,,30216,7,,,0,70,,30229,7,,,0,30,,30217,7,,,0,71,,30230,7,,,0,40,,30218,7,,,0,70,,30231,7,,,0,30,,30219,7,,,0,70,,30232,7,,,0,30,,30220,7,,,0,59,,30233,7,,,0,30,,30221,7,,,0,70,,30234,7,,,0,30,,30240,7,,,0,70,,30235,7,,,0,92,,30236,7,,,0,100,,30237,7,,,0
14019,'1859',743,,30178,7,,,0,100,,30179,7,,,0,400,,30183,7,,,0,201,,30185,7,,,0,100,,30186,7,,,0,499,,30191,7,,,0,95,,30192,7,,,0
14019,'1861',643,,30207,7,,,0,100,,30208,7,,,0,300,,30198,7,,,0,301,,30201,7,,,0,299,,30204,7,,,0,100,,30205,7,,,0,295,,30194,7,,,0
14019,'1862',643,,36777,7,,,0,300,,36778,7,,,0,100,,36779,7,,,0,100,,36780,7,,,0,201,,36781,7,,,0,299,,36782,7,,,0,100,,36783,7,,,0,100,,36784,7,,,0,100,,36785,7,,,0,295,,36786,7,,,0
14019,'1863',843,,36788,7,,,0,100,,36789,7,,,0,200,,36790,7,,,0,100,,36791,7,,,0,201,,36792,7,,,0,100,,36793,7,,,0,299,,36794,7,,,0,100,,36787,7,,,0
14019,'1864',518,,30271,7,,,0,100,,30270,7,,,0,40,,30241,7,,,0,70,,30254,7,,,0,28,,30242,7,,,0,62,,30255,7,,,0,30,,30243,7,,,0,70,,30256,7,,,0,30,,30244,7,,,0,70,,36801,7,,,0,30,,36795,7,,,0,70,,36802,7,,,0,30,,30246,7,,,0,70,,30259,7,,,0,30,,30247,7,,,0,70,,36803,7,,,0,30,,36796,7,,,0,70,,36804,7,,,0,30,,36797,7,,,0,71,,36805,7,,,0,40,,36798,7,,,0,70,,30263,7,,,0,30,,36799,7,,,0,70,,36806,7,,,0,30,,30252,7,,,0,59,,36807,7,,,0,30,,36800,7,,,0,70,,30266,7,,,0,30,,36809,7,,,0,70,,36808,7,,,0,92,,30268,7,,,0,100,,30269,7,,,0
14019,'1865',518,,36840,7,,,0,100,,36839,7,,,0,40,,36810,7,,,0,70,,36823,7,,,0,28,,36811,7,,,0,62,,36824,7,,,0,30,,36812,7,,,0,70,,36825,7,,,0,30,,36813,7,,,0,70,,36826,7,,,0,30,,36814,7,,,0,70,,36827,7,,,0,30,,36815,7,,,0,70,,36828,7,,,0,30,,36816,7,,,0,70,,36829,7,,,0,30,,36817,7,,,0,70,,36830,7,,,0,30,,36818,7,,,0,71,,36831,7,,,0,40,,36819,7,,,0,70,,36832,7,,,0,30,,36820,7,,,0,70,,36833,7,,,0,30,,36821,7,,,0,59,,36834,7,,,0,30,,36822,7,,,0,70,,36835,7,,,0,30,,36841,7,,,0,70,,36836,7,,,0,92,,36837,7,,,0,100,,36838,7,,,0
14019,'1866',643,,36842,7,,,0,100,,36843,7,,,0,100,,36844,7,,,0,100,,36845,7,,,0,100,,36846,7,,,0,100,,36847,7,,,0,100,,36848,7,,,0,101,,36849,7,,,0,100,,36850,7,,,0,100,,36851,7,,,0,99,,36852,7,,,0,100,,36853,7,,,0,100,,36854,7,,,0,100,,36855,7,,,0,100,,36856,7,,,0,95,,36857,7,,,0,100,,36858,7,,,0
14019,'1867',643,,36872,7,,,0,100,,36873,7,,,0,100,,36861,7,,,0,100,,36862,7,,,0,100,,36863,7,,,0,100,,36864,7,,,0,100,,36865,7,,,0,101,,36866,7,,,0,100,,36867,7,,,0,100,,36868,7,,,0,99,,36869,7,,,0,100,,36870,7,,,0,100,,36871,7,,,0,100,,36860,7,,,0,95,,36859,7,,,0
