16029,'1799',921,,21364,6,,,0,702,,21369,6,,,0,401,,21371,6,,,0
16029,'1800',724,,25940,6,,,0,100,,25941,6,,,0,97,,21379,6,,,0,104,,25945,6,,,0,97,,25948,6,,,0,100,,25944,6,,,0,101,,25946,6,,,0,100,,25938,6,,,0,100,,25939,6,,,0,100,,21384,6,,,0,99,,25942,6,,,0,100,,25947,6,,,0,100,,25943,6,,,0,102,,21386,6,,,0,97,,25949,6,,,0
16029,'1829',554,,21283,6,,,0,70,,21284,6,,,0,33,,21285,6,,,0,74,,21286,6,,,0,71,,21287,6,,,0,32,,21288,6,,,0,70,,21289,6,,,0,30,,21290,6,,,0,67,,21291,6,,,0,30,,21292,6,,,0,100,,21294,6,,,0,70,,21295,6,,,0,130,,21298,6,,,0,71,,21299,6,,,0,31,,21300,6,,,0,71,,21301,6,,,0,29,,21302,6,,,0,72,,21303,6,,,0,30,,21304,6,,,0,70,,21305,6,,,0,28,,21306,6,,,0,226,,21310,6,,,0,65,,21311,6,,,0,126,,21314,6,,,0
16029,'1831',556,,21323,6,,,0,67,,21338,6,,,0,30,,21331,6,,,0,67,,21316,6,,,0,30,,21324,6,,,0,71,,21339,6,,,0,30,,21332,6,,,0,70,,21317,6,,,0,31,,21325,6,,,0,70,,21340,6,,,0,30,,21333,6,,,0,70,,21318,6,,,0,30,,21326,6,,,0,70,,21341,6,,,0,31,,21334,6,,,0,70,,21319,6,,,0,31,,21327,6,,,0,69,,21342,6,,,0,31,,21335,6,,,0,70,,21320,6,,,0,30,,21328,6,,,0,70,,21343,6,,,0,29,,21336,6,,,0,69,,21321,6,,,0,31,,21329,6,,,0,69,,21344,6,,,0,30,,21337,6,,,0,70,,21322,6,,,0,29,,21330,6,,,0,71,,21345,6,,,0,96,,21346,6,,,0,33,,21347,6,,,0
16029,'1832',724,,21351,6,,,0,100,,21352,6,,,0,201,,21358,6,,,0,97,,21361,6,,,0,100,,21357,6,,,0,101,,21359,6,,,0,100,,21348,6,,,0,100,,21350,6,,,0,199,,21353,6,,,0,100,,21360,6,,,0,100,,21355,6,,,0,199,,21362,6,,,0
16029,'1833',921,,21349,6,,,0,702,,21354,6,,,0,401,,21356,6,,,0
16029,'1834',724,,21366,6,,,0,100,,21367,6,,,0,201,,21373,6,,,0,97,,21376,6,,,0,100,,21372,6,,,0,101,,21374,6,,,0,100,,21363,6,,,0,100,,21365,6,,,0,199,,21368,6,,,0,100,,21375,6,,,0,100,,21370,6,,,0,199,,21377,6,,,0
16029,'1835',1101,,25950,6,,,0,130,,25951,6,,,0,70,,25952,6,,,0,501,,25953,6,,,0,30,,25958,6,,,0,27,,25954,6,,,0,70,,25955,6,,,0,125,,25956,6,,,0,69,,25957,6,,,0
16029,'1837',724,,25961,6,,,0,100,,25962,6,,,0,201,,25966,6,,,0,97,,25969,6,,,0,100,,25965,6,,,0,101,,25967,6,,,0,100,,25959,6,,,0,100,,25960,6,,,0,199,,25963,6,,,0,100,,25968,6,,,0,100,,25964,6,,,0,199,,25970,6,,,0
16029,'1838',724,,25973,6,,,0,100,,25974,6,,,0,201,,25978,6,,,0,97,,25981,6,,,0,100,,25977,6,,,0,101,,25979,6,,,0,100,,25971,6,,,0,100,,25972,6,,,0,199,,25975,6,,,0,100,,25980,6,,,0,100,,25976,6,,,0,199,,25982,6,,,0
