2019,'1816',635,,5782,22,,,0,70,,5789,31,,,0,30,,5798,31,,,0,71,,5805,31,,,0,30,,5783,31,,,0,70,,5790,31,,,0,30,,5799,31,,,0,70,,5806,31,,,0,30,,5784,31,,,0,70,,5791,31,,,0,30,,5800,31,,,0,70,,5807,31,,,0,30,,5785,31,,,0,70,,5792,31,,,0,30,,5801,31,,,0,70,,5808,31,,,0,30,,5786,31,,,0,70,,5793,31,,,0,30,,5802,31,,,0,70,,5809,31,,,0,30,,5787,31,,,0,70,,5794,31,,,0,30,,5803,31,,,0,70,,5810,31,,,0,30,,5788,31,,,0,70,,5795,31,,,0,30,,5804,31,,,0,99,,5796,31,,,0,100,,5811,31,,,0,100,,5797,31,,,0,100,,5812,31,,,0
2019,'1817',705,,9439,31,,,0,30,,9416,31,,,0,70,,9420,31,,,0,30,,9432,31,,,0,71,,9427,31,,,0,30,,9417,31,,,0,70,,9421,31,,,0,30,,9433,31,,,0,70,,9428,31,,,0,30,,9418,31,,,0,70,,9422,31,,,0,30,,9434,31,,,0,70,,9429,31,,,0,30,,9419,31,,,0,70,,9423,31,,,0,30,,9435,31,,,0,70,,9430,31,,,0,30,,9414,31,,,0,70,,9424,31,,,0,30,,9436,31,,,0,70,,9431,31,,,0,30,,9412,31,,,0,70,,9425,31,,,0,30,,9437,31,,,0,100,,9413,31,,,0,99,,9438,31,,,0,100,,9415,31,,,0,100,,9426,31,,,0,99,,9440,31,,,0
2019,'1820',500,,13795,22,0,5 2 13 14,0
2019,'1821',636,,5750,31,,,0,70,,5751,31,,,0,30,,5752,31,,,0,70,,5753,31,,,0,31,,5754,31,,,0,69,,5755,31,,,0,30,,5756,31,,,0,70,,5757,31,,,0,30,,5758,31,,,0,70,,5759,31,,,0,30,,5760,31,,,0,70,,5761,31,,,0,30,,5762,31,,,0,70,,5763,31,,,0,30,,5764,31,,,0,70,,5765,31,,,0,30,,5766,31,,,0,70,,5767,31,,,0,30,,5768,31,,,0,71,,5769,31,,,0,30,,5770,31,,,0,69,,5771,31,,,0,30,,5772,31,,,0,70,,5773,31,,,0,30,,5774,31,,,0,70,,5780,31,,,0,30,,5775,31,,,0,100,,5776,31,,,0,100,,5777,31,,,0,100,,5778,31,,,0,100,,5779,31,,,0
2019,'1823',500,,16712,22,0,5 2 13 14,0
14000001019,'1816',2529,,9276,38,,,0
14000001019,'1817',2429,,19136,38,,,0,30,,19135,38,,,0,70,,13721,38,,,0,30,,19137,38,,,0,70,,19134,38,,,0
14000001019,'1820',2429,,16506,38,,,0,30,,16504,38,,,0,100,,16505,38,,,0,70,,16503,38,,,0
14000001019,'1821',2529,,9270,38,,,0
14000001019,'1823',2429,,19141,38,,,0,30,,19139,38,,,0,100,,19140,38,,,0,70,,19138,38,,,0
14000001019,'1824',2429,,19145,38,,,0,30,,19142,38,,,0,100,,19144,38,,,0,70,,19143,38,,,0
