502029,'1799',936,,23165,7,,,0,115,,23176,7,,,0,86,,23163,7,,,0,200,,23161,7,,,0,200,,23159,7,,,0,199,,23157,7,,,0,15,,23171,7,,,0,185,,23155,7,,,0,70,,23143,7,,,0,30,,23154,7,,,0,70,,23144,7,,,0,30,,23152,7,,,0,69,,23149,7,,,0,30,,23153,7,,,0,70,,23146,7,,,0
502029,'1800',612,,26740,7,,,0,28,,26726,7,,,0,65,,26735,7,,,0,30,,26747,7,,,0,70,,26737,7,,,0,30,,26746,7,,,0,71,,26736,7,,,0,30,,23215,7,,,0,70,,26727,7,,,0,30,,26745,7,,,0,15,,23226,7,,,0,55,,26728,7,,,0,16,,26756,7,,,0,15,,23213,7,,,0,15,,26759,7,,,0,55,,26729,7,,,0,15,,26750,7,,,0,15,,26744,7,,,0,15,,26752,7,,,0,55,,26730,7,,,0,15,,26754,7,,,0,15,,23211,7,,,0,15,,26757,7,,,0,55,,26731,7,,,0,15,,26758,7,,,0,15,,26743,7,,,0,15,,26749,7,,,0,55,,26732,7,,,0,15,,26751,7,,,0,15,,23209,7,,,0,15,,26753,7,,,0,55,,26733,7,,,0,14,,26755,7,,,0,15,,26742,7,,,0,15,,26760,7,,,0,55,,26734,7,,,0,15,,26748,7,,,0,15,,23207,7,,,0,15,,23221,7,,,0,55,,26739,7,,,0,30,,26741,7,,,0,70,,26738,7,,,0,30,,23205,7,,,0,70,,23193,7,,,0,30,,23204,7,,,0,70,,23194,7,,,0,30,,23202,7,,,0,69,,23199,7,,,0,30,,23203,7,,,0,70,,23196,7,,,0
502029,'1829',551,,22959,7,,,0,71,,22961,7,,,0,30,,22964,7,,,0,65,,22966,7,,,0,12,,22967,7,,,0,7,,22968,7,,,0,18,,22970,7,,,0,52,,22972,7,,,0,24,,22974,7,,,0,77,,22977,7,,,0,15,,22978,7,,,0,100,,22982,7,,,0,30,,22984,7,,,0,155,,22989,7,,,0,30,,22991,7,,,0,216,,23000,7,,,0,106,,23005,7,,,0,577,,23024,7,,,0,100,,23026,7,,,0
502029,'1831',640,,23043,7,,,0,70,,23035,7,,,0,30,,23044,7,,,0,65,,23034,7,,,0,30,,23045,7,,,0,71,,23033,7,,,0,30,,23046,7,,,0,70,,23073,7,,,0,131,,23066,7,,,0,70,,23075,7,,,0,30,,23067,7,,,0,170,,23077,7,,,0,30,,23069,7,,,0,170,,23079,7,,,0,29,,23071,7,,,0,70,,23080,7,,,0,45,,23055,7,,,0,85,,23039,7,,,0,100,,23040,7,,,0,100,,23041,7,,,0,100,,23037,7,,,0,99,,23042,7,,,0
502029,'1832',612,,23101,7,,,0,28,,23083,7,,,0,65,,23092,7,,,0,30,,23117,7,,,0,70,,23097,7,,,0,30,,23116,7,,,0,71,,23095,7,,,0,100,,23084,7,,,0,30,,23114,7,,,0,70,,23085,7,,,0,16,,23128,7,,,0,30,,23131,7,,,0,55,,23086,7,,,0,15,,23120,7,,,0,15,,23112,7,,,0,15,,23123,7,,,0,55,,23087,7,,,0,15,,23125,7,,,0,30,,23129,7,,,0,55,,23088,7,,,0,15,,23130,7,,,0,15,,23110,7,,,0,15,,23119,7,,,0,55,,23089,7,,,0,15,,23122,7,,,0,30,,23124,7,,,0,55,,23090,7,,,0,14,,23127,7,,,0,15,,23108,7,,,0,15,,23132,7,,,0,55,,23091,7,,,0,15,,23118,7,,,0,85,,23100,7,,,0,30,,23106,7,,,0,70,,23098,7,,,0
502029,'1833',936,,23115,7,,,0,115,,23126,7,,,0,86,,23113,7,,,0,200,,23111,7,,,0,200,,23109,7,,,0,199,,23107,7,,,0,15,,23121,7,,,0,185,,23105,7,,,0,70,,23093,7,,,0,30,,23104,7,,,0,70,,23094,7,,,0,30,,23102,7,,,0,69,,23099,7,,,0,30,,23103,7,,,0,70,,23096,7,,,0
502029,'1834',612,,23151,7,,,0,28,,23133,7,,,0,65,,23142,7,,,0,30,,23167,7,,,0,70,,23147,7,,,0,30,,23166,7,,,0,71,,23145,7,,,0,100,,23134,7,,,0,30,,23164,7,,,0,70,,23135,7,,,0,16,,23178,7,,,0,30,,23181,7,,,0,55,,23136,7,,,0,15,,23170,7,,,0,15,,23162,7,,,0,15,,23173,7,,,0,55,,23137,7,,,0,15,,23175,7,,,0,30,,23179,7,,,0,55,,23138,7,,,0,15,,23180,7,,,0,15,,23160,7,,,0,15,,23169,7,,,0,55,,23139,7,,,0,15,,23172,7,,,0,30,,23174,7,,,0,55,,23140,7,,,0,14,,23177,7,,,0,15,,23158,7,,,0,15,,23182,7,,,0,55,,23141,7,,,0,15,,23168,7,,,0,85,,23150,7,,,0,30,,23156,7,,,0,70,,23148,7,,,0
502029,'1835',536,,26761,7,,,0,70,,26762,7,,,0,23,,26763,7,,,0,8,,26764,7,,,0,67,,26765,7,,,0,38,,26766,7,,,0,58,,26767,7,,,0,18,,26768,7,,,0,24,,26769,7,,,0,11,,26770,7,,,0,84,,26771,7,,,0,15,,26772,7,,,0,55,,26773,7,,,0,30,,26774,7,,,0,70,,26775,7,,,0,15,,26776,7,,,0,15,,26777,7,,,0,15,,26778,7,,,0,70,,26779,7,,,0,30,,26780,7,,,0,55,,26781,7,,,0,15,,26782,7,,,0,15,,26783,7,,,0,15,,26784,7,,,0,55,,26785,7,,,0,16,,26786,7,,,0,15,,26787,7,,,0,70,,26788,7,,,0,15,,26789,7,,,0,12,,26790,7,,,0,12,,26791,7,,,0,64,,26792,7,,,0,12,,26793,7,,,0,12,,26794,7,,,0,12,,26795,7,,,0,12,,26796,7,,,0,51,,26797,7,,,0,12,,26798,7,,,0,12,,26799,7,,,0,12,,26800,7,,,0,12,,26801,7,,,0,52,,26802,7,,,0,12,,26803,7,,,0,15,,26804,7,,,0,15,,26812,7,,,0,54,,26805,7,,,0,30,,26806,7,,,0,70,,26807,7,,,0,30,,26808,7,,,0,70,,26809,7,,,0,100,,26810,7,,,0,100,,26811,7,,,0
502029,'1836',610,,26817,7,,,0,15,,26844,7,,,0,326,,26819,7,,,0,70,,26827,7,,,0,15,,26836,7,,,0,15,,26820,7,,,0,55,,26840,7,,,0,16,,26828,7,,,0,30,,26821,7,,,0,70,,26829,7,,,0,30,,26822,7,,,0,55,,26841,7,,,0,15,,26830,7,,,0,15,,26837,7,,,0,15,,26823,7,,,0,70,,26831,7,,,0,30,,26824,7,,,0,55,,26842,7,,,0,15,,26832,7,,,0,15,,26838,7,,,0,15,,26825,7,,,0,69,,26833,7,,,0,30,,26826,7,,,0,70,,26834,7,,,0,15,,26818,7,,,0,70,,26839,7,,,0,15,,26835,7,,,0,30,,26843,7,,,0,155,,26816,7,,,0,100,,26815,7,,,0,99,,26814,7,,,0,100,,26813,7,,,0
502029,'1837',612,,26859,7,,,0,28,,26845,7,,,0,65,,26854,7,,,0,30,,26866,7,,,0,70,,26856,7,,,0,30,,26865,7,,,0,71,,26855,7,,,0,100,,26846,7,,,0,30,,26864,7,,,0,70,,26847,7,,,0,16,,26875,7,,,0,30,,26878,7,,,0,55,,26848,7,,,0,15,,26869,7,,,0,15,,26863,7,,,0,15,,26871,7,,,0,55,,26849,7,,,0,15,,26873,7,,,0,30,,26876,7,,,0,55,,26850,7,,,0,15,,26877,7,,,0,15,,26862,7,,,0,15,,26868,7,,,0,55,,26851,7,,,0,15,,26870,7,,,0,30,,26872,7,,,0,55,,26852,7,,,0,14,,26874,7,,,0,15,,26861,7,,,0,15,,26879,7,,,0,55,,26853,7,,,0,15,,26867,7,,,0,85,,26858,7,,,0,30,,26860,7,,,0,70,,26857,7,,,0
502029,'1838',612,,26894,7,,,0,28,,26880,7,,,0,65,,26889,7,,,0,30,,26901,7,,,0,70,,26891,7,,,0,30,,26900,7,,,0,71,,26890,7,,,0,100,,26881,7,,,0,30,,26899,7,,,0,70,,26882,7,,,0,16,,26910,7,,,0,30,,26913,7,,,0,55,,26883,7,,,0,15,,26904,7,,,0,15,,26898,7,,,0,15,,26906,7,,,0,55,,26884,7,,,0,15,,26908,7,,,0,30,,26911,7,,,0,55,,26885,7,,,0,15,,26912,7,,,0,15,,26897,7,,,0,15,,26903,7,,,0,55,,26886,7,,,0,15,,26905,7,,,0,30,,26907,7,,,0,55,,26887,7,,,0,14,,26909,7,,,0,15,,26896,7,,,0,15,,26914,7,,,0,55,,26888,7,,,0,15,,26902,7,,,0,85,,26893,7,,,0,30,,26895,7,,,0,70,,26892,7,,,0
