15029,'1838',702,,36977,5,,,0,98,,45082,5,,,0,100,,36974,5,,,0,100,,36975,5,,,0,101,,45083,5,,,0,100,,36972,5,,,0,100,,36969,5,,,0,102,,45081,5,,,0,100,,36971,5,,,0,100,,36968,5,,,0,99,,45080,5,,,0,99,,36966,5,,,0,100,,36967,5,,,0,100,,45079,5,,,0
15029,'1865',627,,36995,5,,,0,29,,36996,5,,,0,71,,36997,5,,,0,31,,45086,5,,,0,75,,36999,5,,,0,70,,37000,5,,,0,25,,37001,5,,,0,30,,37002,5,,,0,70,,37003,5,,,0,30,,45087,5,,,0,70,,45088,5,,,0,30,,42575,5,,,0,70,,45089,5,,,0,30,,45090,5,,,0,70,,42576,5,,,0,30,,37010,5,,,0,70,,45091,5,,,0,75,,37012,5,,,0,32,,37013,5,,,0,70,,45092,5,,,0,29,,45093,5,,,0,67,,37016,5,,,0,29,,37017,5,,,0,29,,37018,5,,,0,67,,45094,5,,,0,30,,37020,5,,,0,70,,45095,5,,,0,30,,45096,5,,,0,70,,37023,5,,,0,100,,45098,5,,,0,97,,45097,5,,,0
15029,'1866',707,,37029,5,,,0,93,,37030,5,,,0,100,,45100,5,,,0,100,,37032,5,,,0,101,,37033,5,,,0,100,,45101,5,,,0,100,,37035,5,,,0,103,,37036,5,,,0,100,,45102,5,,,0,100,,37038,5,,,0,98,,37039,5,,,0,99,,45103,5,,,0,100,,37026,5,,,0,100,,37027,5,,,0
15029,'1867',702,,37054,5,,,0,98,,45107,5,,,0,100,,37051,5,,,0,100,,37052,5,,,0,101,,45108,5,,,0,100,,37049,5,,,0,100,,37046,5,,,0,102,,45106,5,,,0,100,,37048,5,,,0,100,,37045,5,,,0,99,,45105,5,,,0,99,,37043,5,,,0,100,,37044,5,,,0,100,,45104,5,,,0
15029,'1873',707,,30423,5,,,0,93,,30424,5,,,0,200,,30426,5,,,0,101,,30427,5,,,0,200,,30429,5,,,0,103,,30430,5,,,0,200,,30432,5,,,0,98,,30433,5,,,0,199,,30420,5,,,0,100,,30421,5,,,0
15029,'1878',702,,30448,5,,,0,198,,30445,5,,,0,100,,30446,5,,,0,201,,30443,5,,,0,100,,30440,5,,,0,202,,30442,5,,,0,100,,30439,5,,,0,198,,30437,5,,,0,100,,30438,5,,,0
15029,'1881',758,,36979,5,,,0,300,,36980,5,,,0,70,,36981,5,,,0,100,,36983,5,,,0,30,,36984,5,,,0,170,,36986,5,,,0,177,,36987,5,,,0,29,,36988,5,,,0,192,,30508,5,,,0,100,,36989,5,,,0,30,,42580,5,,,0,170,,36992,5,,,0,97,,36991,5,,,0
15029,'1882',627,,30484,5,,,0,29,,30485,5,,,0,71,,30486,5,,,0,106,,30488,5,,,0,70,,30489,5,,,0,25,,30490,5,,,0,30,,30491,5,,,0,70,,30492,5,,,0,130,,42578,5,,,0,170,,42579,5,,,0,30,,30499,5,,,0,145,,30501,5,,,0,32,,30502,5,,,0,166,,30505,5,,,0,29,,30506,5,,,0,29,,30507,5,,,0,97,,30509,5,,,0,170,,30512,5,,,0
15029,'1886',758,,45111,5,,,0,300,,45112,5,,,0,70,,45113,5,,,0,100,,45114,5,,,0,30,,45115,5,,,0,170,,45116,5,,,0,177,,45117,5,,,0,29,,45118,5,,,0,192,,45119,5,,,0,100,,45120,5,,,0,30,,45121,5,,,0,170,,45123,5,,,0,97,,45122,5,,,0
15029,'1887',900,,45125,5,,,0,301,,45126,5,,,0,303,,45127,5,,,0,297,,45128,5,,,0
15029,'1888',800,,45132,5,,,0,301,,45133,5,,,0,302,,45131,5,,,0,299,,45130,5,,,0,299,,45129,5,,,0
