1019,'1838',631,,34814,40,,,0,100,,34815,40,,,0,101,,34816,40,,,0,100,,34817,40,,,0,100,,34818,40,,,0,101,,34819,40,,,0,100,,34820,40,,,0,100,,34821,40,,,0,100,,34822,40,,,0,100,,34823,40,,,0,100,,34824,40,,,0,100,,34825,40,,,0,100,,34826,40,,,0,99,,34827,40,,,0,100,,34828,40,,,0,100,,34829,40,,,0,103,,34830,40,,,0,95,,34831,40,,,0
1019,'1865',602,,42047,40,,,0,30,,42070,40,,,0,70,,42045,40,,,0,31,,43974,40,,,0,71,,42059,40,,,0,31,,42042,40,,,0,70,,43975,40,,,0,29,,42073,40,,,0,70,,42044,40,,,0,30,,42038,40,,,0,71,,42058,40,,,0,30,,42043,40,,,0,70,,43976,40,,,0,30,,42069,40,,,0,70,,42046,40,,,0,31,,43973,40,,,0,70,,42071,40,,,0,32,,42041,40,,,0,70,,43977,40,,,0,30,,42068,40,,,0,69,,42061,40,,,0,30,,42053,40,,,0,70,,42051,40,,,0,28,,42054,40,,,0,70,,43978,40,,,0,29,,42055,40,,,0,69,,42052,40,,,0,30,,42072,40,,,0,70,,42066,40,,,0,30,,42067,40,,,0,70,,42065,40,,,0,29,,42064,40,,,0,74,,42063,40,,,0,30,,42062,40,,,0,70,,42060,40,,,0,25,,42057,40,,,0
1019,'1866',601,,34914,40,,,0,30,,34928,40,,,0,70,,34913,40,,,0,30,,34933,40,,,0,71,,34923,40,,,0,30,,34907,40,,,0,70,,34929,40,,,0,30,,34931,40,,,0,70,,34912,40,,,0,30,,34934,40,,,0,71,,34922,40,,,0,30,,34906,40,,,0,70,,34917,40,,,0,30,,34927,40,,,0,70,,34911,40,,,0,30,,34935,40,,,0,70,,34921,40,,,0,30,,34905,40,,,0,70,,34916,40,,,0,30,,34926,40,,,0,70,,34910,40,,,0,30,,34936,40,,,0,70,,34920,40,,,0,30,,34904,40,,,0,70,,34915,40,,,0,30,,34925,40,,,0,70,,34908,40,,,0,29,,34937,40,,,0,70,,34918,40,,,0,30,,34903,40,,,0,70,,34909,40,,,0,30,,34924,40,,,0,73,,34919,40,,,0,30,,34938,40,,,0,70,,34932,40,,,0,25,,34930,40,,,0
1019,'1867',631,,34939,40,,,0,100,,34940,40,,,0,101,,34941,40,,,0,100,,34942,40,,,0,100,,34943,40,,,0,101,,34944,40,,,0,100,,34945,40,,,0,100,,34946,40,,,0,100,,34947,40,,,0,100,,34948,40,,,0,100,,34949,40,,,0,100,,34950,40,,,0,100,,34951,40,,,0,99,,34952,40,,,0,100,,34953,40,,,0,100,,34954,40,,,0,103,,34955,40,,,0,95,,34956,40,,,0
1019,'1873',601,,28342,40,,,0,30,,28356,40,,,0,70,,28341,40,,,0,30,,28361,40,,,0,71,,28351,40,,,0,30,,28335,40,,,0,70,,28357,40,,,0,30,,28359,40,,,0,70,,28340,40,,,0,30,,28362,40,,,0,71,,28350,40,,,0,30,,28334,40,,,0,70,,28345,40,,,0,30,,28355,40,,,0,70,,28339,40,,,0,30,,28363,40,,,0,70,,28349,40,,,0,30,,28333,40,,,0,70,,28344,40,,,0,30,,28354,40,,,0,70,,28338,40,,,0,30,,28364,40,,,0,70,,28348,40,,,0,30,,28332,40,,,0,70,,28343,40,,,0,30,,28353,40,,,0,70,,28336,40,,,0,29,,28365,40,,,0,70,,28346,40,,,0,30,,28331,40,,,0,70,,28337,40,,,0,30,,28352,40,,,0,73,,28347,40,,,0,30,,28366,40,,,0,70,,28360,40,,,0,25,,28358,40,,,0
1019,'1878',631,,28367,40,,,0,100,,28368,40,,,0,101,,28369,40,,,0,100,,28370,40,,,0,100,,28371,40,,,0,101,,28372,40,,,0,100,,28373,40,,,0,100,,28374,40,,,0,100,,28375,40,,,0,100,,28376,40,,,0,100,,28377,40,,,0,100,,28378,40,,,0,100,,28379,40,,,0,99,,28380,40,,,0,100,,28381,40,,,0,100,,28382,40,,,0,103,,28383,40,,,0,95,,28384,40,,,0
1019,'1881',733,,42076,40,,,0,172,,42084,40,,,0,300,,42085,40,,,0,131,,42075,40,,,0,172,,42086,40,,,0,297,,42092,40,,,0
1019,'1882',602,,42083,40,,,0,30,,42106,40,,,0,70,,42081,40,,,0,102,,42095,40,,,0,31,,42078,40,,,0,99,,42109,40,,,0,70,,42080,40,,,0,30,,42074,40,,,0,71,,42094,40,,,0,30,,42079,40,,,0,100,,42105,40,,,0,70,,42082,40,,,0,101,,42107,40,,,0,32,,42077,40,,,0,100,,42104,40,,,0,69,,42097,40,,,0,30,,42089,40,,,0,70,,42087,40,,,0,28,,42090,40,,,0,99,,42091,40,,,0,69,,42088,40,,,0,30,,42108,40,,,0,70,,42102,40,,,0,30,,42103,40,,,0,70,,42101,40,,,0,29,,42100,40,,,0,74,,42099,40,,,0,30,,42098,40,,,0,70,,42096,40,,,0,25,,42093,40,,,0
1019,'1886',733,,43980,40,,,0,172,,43981,40,,,0,300,,43982,40,,,0,131,,43979,40,,,0,172,,43983,40,,,0,297,,43984,40,,,0
7029,'1838',721,,36145,20,,,0,100,,36146,20,,,0,100,,44633,20,,,0,100,,36148,20,,,0,100,,36149,20,,,0,100,,44634,20,,,0,100,,36151,20,,,0,101,,36152,20,,,0,100,,44635,20,,,0,99,,36154,20,,,0,100,,36155,20,,,0,99,,44636,20,,,0,100,,36157,20,,,0,101,,36158,20,,,0,100,,44632,20,,,0
7029,'1865',518,,44642,20,,,0,103,,44643,20,,,0,29,,44644,20,,,0,72,,36198,20,,,0,30,,36199,20,,,0,71,,36200,20,,,0,29,,44645,20,,,0,70,,42423,20,,,0,30,,42424,20,,,0,70,,42425,20,,,0,30,,36205,20,,,0,70,,36206,20,,,0,30,,36207,20,,,0,70,,44640,20,,,0,30,,44641,20,,,0,70,,42421,20,,,0,31,,44639,20,,,0,70,,44638,20,,,0,31,,42422,20,,,0,69,,36208,20,,,0,30,,44646,20,,,0,70,,44647,20,,,0,29,,44648,20,,,0,70,,42426,20,,,0,29,,44649,20,,,0,70,,36214,20,,,0,30,,36215,20,,,0,70,,44650,20,,,0,30,,44651,20,,,0,70,,36218,20,,,0,100,,36219,20,,,0,100,,36220,20,,,0,100,,42427,20,,,0
7029,'1866',622,,36253,9,,,0,29,,44652,20,,,0,70,,44662,20,,,0,30,,36223,20,,,0,70,,36237,20,,,0,30,,44653,20,,,0,70,,36238,20,,,0,30,,44654,20,,,0,70,,44663,20,,,0,30,,44655,20,,,0,70,,36240,20,,,0,30,,36227,20,,,0,70,,36241,20,,,0,30,,44656,20,,,0,70,,44664,20,,,0,30,,36229,20,,,0,71,,36243,20,,,0,30,,36230,20,,,0,70,,36244,20,,,0,30,,44657,20,,,0,69,,44665,20,,,0,30,,44658,20,,,0,70,,36246,20,,,0,30,,44659,20,,,0,69,,36247,20,,,0,30,,44660,20,,,0,70,,44666,20,,,0,30,,44661,20,,,0,71,,36249,20,,,0,100,,36250,20,,,0,100,,36251,20,,,0,100,,42428,20,,,0
7029,'1867',721,,36256,20,,,0,100,,36257,20,,,0,100,,44669,20,,,0,100,,36259,20,,,0,100,,36260,20,,,0,100,,44670,20,,,0,100,,36262,20,,,0,101,,36263,20,,,0,100,,44671,20,,,0,99,,36265,20,,,0,100,,36266,20,,,0,99,,44672,20,,,0,100,,36268,20,,,0,101,,36269,20,,,0,100,,44668,20,,,0
7029,'1873',622,,29576,9,,,0,129,,29546,20,,,0,70,,29560,20,,,0,100,,29561,20,,,0,200,,29563,20,,,0,30,,29550,20,,,0,70,,29564,20,,,0,130,,29552,20,,,0,71,,29566,20,,,0,30,,29553,20,,,0,70,,29567,20,,,0,199,,29569,20,,,0,99,,29570,20,,,0,201,,29572,20,,,0,100,,29573,20,,,0,100,,29574,20,,,0,100,,42437,20,,,0
7029,'1878',721,,29579,20,,,0,100,,29580,20,,,0,200,,29582,20,,,0,100,,29583,20,,,0,200,,29585,20,,,0,101,,29586,20,,,0,199,,29588,20,,,0,100,,29589,20,,,0,199,,29591,20,,,0,101,,29592,20,,,0
7029,'1881',518,,36176,20,,,0,103,,36177,20,,,0,29,,29635,20,,,0,202,,36178,20,,,0,370,,36172,20,,,0,30,,36173,20,,,0,101,,36171,20,,,0,70,,36170,20,,,0,130,,36182,20,,,0,70,,36183,20,,,0,29,,36184,20,,,0,99,,36186,20,,,0,170,,36187,20,,,0,30,,29655,20,,,0
7029,'1882',722,,29636,20,,,0,30,,29637,20,,,0,71,,29638,20,,,0,99,,42432,20,,,0,30,,42433,20,,,0,70,,42434,20,,,0,30,,29643,20,,,0,70,,29644,20,,,0,30,,29645,20,,,0,170,,42430,20,,,0,132,,42431,20,,,0,69,,29646,20,,,0,199,,42435,20,,,0,99,,29652,20,,,0,30,,29653,20,,,0,170,,29656,20,,,0,100,,29657,20,,,0,100,,29658,20,,,0,100,,42436,20,,,0
7029,'1886',518,,44678,20,,,0,103,,44679,20,,,0,29,,44680,20,,,0,202,,44681,20,,,0,370,,44676,20,,,0,30,,44677,20,,,0,101,,44675,20,,,0,70,,44674,20,,,0,130,,44682,20,,,0,70,,44683,20,,,0,29,,44684,20,,,0,99,,44685,20,,,0,170,,44686,20,,,0,30,,44687,20,,,0
7029,'1887',651,,44688,20,,,0,70,,44698,20,,,0,130,,44689,20,,,0,100,,44690,20,,,0,70,,44699,20,,,0,30,,44691,20,,,0,200,,44692,20,,,0,70,,44700,20,,,0,231,,44693,20,,,0,69,,44701,20,,,0,30,,44694,20,,,0,100,,44695,20,,,0,99,,44696,20,,,0,70,,44702,20,,,0,30,,44697,20,,,0
7029,'1888',921,,44705,20,,,0,300,,44706,20,,,0,301,,44707,20,,,0,298,,44708,20,,,0,301,,44704,20,,,0
