11019,'1838',906,,44732,13,,,0,100,,44733,13,,,0,103,,44734,13,,,0,101,,44735,13,,,0,100,,44736,13,,,0,100,,44737,13,,,0,100,,44738,13,,,0,99,,44739,13,,,0,100,,44740,13,,,0,97,,44741,13,,,0,100,,36461,13,,,0,100,,44742,13,,,0
11019,'1865',706,,36492,13,,,0,101,,36493,13,,,0,100,,44743,13,,,0,100,,44744,13,,,0,100,,44745,13,,,0,100,,44746,13,,,0,100,,44747,13,,,0,100,,44748,13,,,0,98,,44749,13,,,0,100,,42458,13,,,0,100,,44750,13,,,0,101,,44751,13,,,0,100,,44752,13,,,0,100,,36505,13,,,0,98,,44753,13,,,0
11019,'1866',706,,44757,13,,,0,100,,44758,13,,,0,100,,44759,13,,,0,100,,44760,13,,,0,100,,44761,13,,,0,104,,44762,13,,,0,100,,44763,13,,,0,100,,36517,13,,,0,100,,44764,13,,,0,99,,36519,13,,,0,100,,36520,13,,,0,97,,44765,13,,,0,100,,44755,13,,,0,100,,44756,13,,,0
11019,'1867',906,,44767,13,,,0,100,,44768,13,,,0,103,,44769,13,,,0,101,,44770,13,,,0,100,,44771,13,,,0,100,,44772,13,,,0,100,,44773,13,,,0,99,,44774,13,,,0,100,,44775,13,,,0,97,,44776,13,,,0,100,,36533,13,,,0,100,,44777,13,,,0
11019,'1873',1410,,29875,13,,,0,199,,29877,13,,,0,100,,29878,13,,,0
11019,'1878',1906,,29891,13,,,0
11019,'1881',907,,29912,13,,,0,100,,42468,13,,,0,100,,29914,13,,,0,100,,36483,13,,,0,100,,36484,13,,,0,100,,36485,13,,,0,98,,36486,13,,,0,200,,36488,13,,,0,101,,36489,13,,,0,100,,36490,13,,,0,198,,42470,13,,,0
11019,'1882',706,,29910,13,,,0,101,,29911,13,,,0,798,,42469,13,,,0,401,,29923,13,,,0
11019,'1886',907,,44778,13,,,0,100,,44779,13,,,0,100,,44780,13,,,0,100,,44781,13,,,0,100,,44782,13,,,0,100,,44783,13,,,0,98,,44784,13,,,0,200,,44785,13,,,0,101,,44786,13,,,0,100,,44787,13,,,0,198,,44788,13,,,0
11019,'1887',706,,44792,13,,,0,100,,44793,13,,,0,100,,44794,13,,,0,100,,44795,13,,,0,100,,44796,13,,,0,104,,44797,13,,,0,100,,44798,13,,,0,200,,44799,13,,,0,296,,44800,13,,,0,100,,44790,13,,,0,100,,44791,13,,,0
11019,'1888',906,,44802,13,,,0,100,,44803,13,,,0,103,,44804,13,,,0,101,,44805,13,,,0,100,,44806,13,,,0,100,,44807,13,,,0,100,,44808,13,,,0,99,,44809,13,,,0,100,,44810,13,,,0,97,,44811,13,,,0,200,,44812,13,,,0
32019,'1838',553,,38360,4,,,0,96,,38343,34,,,0,100,,38344,34,,,0,100,,38345,34,,,0,99,,38346,34,,,0,101,,38347,34,,,0,100,,38348,34,,,0,100,,38349,34,,,0,100,,38350,34,,,0,100,,38351,34,,,0,100,,38352,34,,,0,100,,38353,34,,,0,100,,38354,34,,,0,100,,38355,34,,,0,100,,38356,34,,,0,100,,38357,34,,,0,100,,38358,34,,,0,100,,38359,34,,,0
32019,'1865',433,,45610,4,,,0,88,,43478,4,,,0,30,,43479,4,,,0,70,,43476,4,,,0,30,,45604,34,,,0,69,,43467,34,,,0,30,,43446,34,,,0,70,,45609,34,,,0,30,,43472,34,,,0,69,,43456,34,,,0,30,,43454,34,,,0,70,,43466,34,,,0,30,,43444,34,,,0,70,,45607,34,,,0,30,,43471,34,,,0,70,,43458,34,,,0,30,,45605,34,,,0,70,,43465,34,,,0,30,,43447,34,,,0,71,,45606,34,,,0,30,,43470,34,,,0,70,,43457,34,,,0,31,,43450,34,,,0,71,,43464,34,,,0,28,,43443,34,,,0,70,,45608,34,,,0,29,,43469,34,,,0,70,,43455,34,,,0,30,,43452,34,,,0,70,,43463,34,,,0,30,,43448,34,,,0,70,,43473,4,,,0,30,,43468,34,,,0,70,,43475,4,,,0,30,,43449,34,,,0,70,,43474,4,,,0,30,,43445,34,,,0
32019,'1866',523,,38472,4,,,0,30,,38473,4,,,0,70,,38455,4,,,0,26,,38448,34,,,0,70,,38465,34,,,0,30,,38442,34,,,0,70,,38459,34,,,0,30,,38466,34,,,0,70,,38454,34,,,0,29,,38447,34,,,0,70,,38464,34,,,0,31,,38441,34,,,0,70,,38458,34,,,0,30,,38469,34,,,0,70,,38453,34,,,0,30,,38446,34,,,0,70,,38463,34,,,0,30,,38440,34,,,0,70,,38457,34,,,0,30,,38468,34,,,0,70,,38452,34,,,0,30,,38445,34,,,0,70,,38462,34,,,0,30,,38439,34,,,0,70,,38456,34,,,0,30,,38470,34,,,0,70,,38451,34,,,0,30,,38444,34,,,0,70,,38460,34,,,0,30,,38438,34,,,0,70,,38450,4,,,0,30,,38467,34,,,0,70,,38461,4,,,0,30,,38443,34,,,0,70,,38449,4,,,0,30,,38437,34,,,0
32019,'1867',553,,38491,4,,,0,96,,38474,34,,,0,100,,38475,34,,,0,100,,38476,34,,,0,99,,38477,34,,,0,101,,38478,34,,,0,100,,38479,34,,,0,100,,38480,34,,,0,100,,38481,34,,,0,100,,38482,34,,,0,100,,38483,34,,,0,100,,38484,34,,,0,100,,38485,34,,,0,100,,38486,34,,,0,100,,38487,34,,,0,100,,38488,34,,,0,100,,38489,34,,,0,100,,38490,34,,,0
32019,'1873',523,,31655,4,,,0,30,,31656,4,,,0,70,,31638,4,,,0,26,,31631,34,,,0,70,,31648,34,,,0,30,,31625,34,,,0,70,,31642,34,,,0,30,,31649,34,,,0,70,,31637,34,,,0,29,,31630,34,,,0,70,,31647,34,,,0,31,,31624,34,,,0,70,,31641,34,,,0,30,,31652,34,,,0,70,,31636,34,,,0,30,,31629,34,,,0,70,,31646,34,,,0,30,,31623,34,,,0,70,,31640,34,,,0,30,,31651,34,,,0,70,,31635,34,,,0,30,,31628,34,,,0,70,,31645,34,,,0,30,,31622,34,,,0,70,,31639,34,,,0,30,,31653,34,,,0,70,,31634,34,,,0,30,,31627,34,,,0,70,,31643,34,,,0,30,,31621,34,,,0,70,,31633,4,,,0,30,,31650,34,,,0,70,,31644,4,,,0,30,,31626,34,,,0,70,,31632,4,,,0,30,,31620,34,,,0
32019,'1878',553,,31674,4,,,0,96,,31657,34,,,0,100,,31658,34,,,0,100,,31659,34,,,0,99,,31660,34,,,0,101,,31661,34,,,0,100,,31662,34,,,0,100,,31663,34,,,0,100,,31664,34,,,0,100,,31665,34,,,0,100,,31666,34,,,0,100,,31667,34,,,0,100,,31668,34,,,0,100,,31669,34,,,0,100,,31670,34,,,0,100,,31671,34,,,0,100,,31672,34,,,0,100,,31673,34,,,0
32019,'1881',433,,38396,4,,,0,218,,43488,34,,,0,169,,43499,34,,,0,299,,43497,34,,,0,130,,43490,34,,,0,171,,43496,34,,,0,300,,43498,34,,,0
32019,'1882',521,,43515,4,,,0,30,,43516,4,,,0,70,,43513,4,,,0,99,,43504,34,,,0,30,,43483,34,,,0,100,,43509,34,,,0,69,,43493,34,,,0,30,,43491,34,,,0,70,,43503,34,,,0,30,,43481,34,,,0,100,,43508,34,,,0,70,,43495,34,,,0,100,,43502,34,,,0,30,,43484,34,,,0,101,,43507,34,,,0,70,,43494,34,,,0,31,,43487,34,,,0,71,,43501,34,,,0,28,,43480,34,,,0,99,,43506,34,,,0,70,,43492,34,,,0,30,,43489,34,,,0,70,,43500,34,,,0,30,,43485,34,,,0,70,,43510,4,,,0,30,,43505,34,,,0,70,,43512,4,,,0,30,,43486,34,,,0,70,,43511,4,,,0,30,,43482,34,,,0
32019,'1886',433,,45617,4,,,0,218,,45611,34,,,0,169,,45616,34,,,0,299,,45614,34,,,0,130,,45612,34,,,0,171,,45613,34,,,0,300,,45615,34,,,0
