11019,'1838',912,,36451,21,,,0,100,,42449,21,,,0,103,,42450,21,,,0,101,,36454,21,,,0,100,,42451,21,,,0,100,,42452,21,,,0,100,,36457,21,,,0,99,,42453,21,,,0,100,,42454,21,,,0,97,,36460,21,,,0,100,,36461,21,,,0,100,,42455,21,,,0
11019,'1857',712,,29910,21,,,0,101,,29911,21,,,0,100,,29912,21,,,0,200,,29914,21,,,0,100,,36483,21,,,0,100,,36484,21,,,0,100,,36485,21,,,0,100,,36486,21,,,0,200,,36488,21,,,0,99,,36489,21,,,0,100,,36490,21,,,0,100,,29923,21,,,0
11019,'1865',712,,36492,21,,,0,101,,36493,21,,,0,100,,36494,21,,,0,100,,42457,21,,,0,100,,36496,21,,,0,100,,36497,21,,,0,100,,36498,21,,,0,100,,36499,21,,,0,100,,36500,21,,,0,100,,42458,21,,,0,100,,36502,21,,,0,99,,36503,21,,,0,100,,36504,21,,,0,100,,36505,21,,,0,98,,42459,21,,,0
11019,'1866',712,,36510,21,,,0,100,,36511,21,,,0,100,,36512,21,,,0,100,,36513,21,,,0,100,,36514,21,,,0,104,,36515,21,,,0,100,,36516,21,,,0,100,,36517,21,,,0,100,,36518,21,,,0,99,,36519,21,,,0,100,,36520,21,,,0,97,,36521,21,,,0,100,,36508,21,,,0,100,,36509,21,,,0
11019,'1867',912,,36523,21,,,0,100,,42460,21,,,0,103,,42461,21,,,0,101,,36526,21,,,0,100,,42462,21,,,0,100,,42463,21,,,0,100,,36529,21,,,0,99,,42464,21,,,0,100,,42465,21,,,0,97,,36532,21,,,0,100,,36533,21,,,0,100,,42466,21,,,0
11019,'1871',1013,,36482,21,,,0,600,,36487,21,,,0,497,,36491,21,,,0
11019,'1873',712,,36466,21,,,0,100,,36467,21,,,0,100,,29870,21,,,0,100,,29871,21,,,0,100,,36468,21,,,0,104,,36469,21,,,0,100,,36470,21,,,0,100,,29875,21,,,0,100,,36471,21,,,0,99,,29877,21,,,0,100,,29878,21,,,0,97,,36472,21,,,0,100,,36464,21,,,0,100,,36465,21,,,0
11019,'1874',1012,,36474,21,,,0,103,,36475,21,,,0,201,,36476,21,,,0,100,,36477,21,,,0,199,,36478,21,,,0,100,,36479,21,,,0,297,,36480,21,,,0
11019,'1875',912,,29881,21,,,0,304,,29884,21,,,0,300,,29887,21,,,0,296,,29890,21,,,0,100,,29891,21,,,0
11019,'1876',1013,,42468,21,,,0,600,,42469,21,,,0,497,,42470,21,,,0
11019,'1878',1012,,42471,21,,,0,103,,42472,21,,,0,201,,42473,21,,,0,100,,42474,21,,,0,199,,42475,21,,,0,100,,42476,21,,,0,297,,42477,21,,,0
