7029,'1838',726,,36145,28,,,0,100,,36146,28,,,0,100,,36147,28,,,0,100,,36148,28,,,0,100,,36149,28,,,0,100,,36150,28,,,0,100,,36151,28,,,0,101,,36152,28,,,0,100,,36153,28,,,0,99,,36154,28,,,0,100,,36155,28,,,0,99,,36156,28,,,0,100,,36157,28,,,0,101,,36158,28,,,0,100,,36144,28,,,0
7029,'1857',523,,36176,28,,,0,103,,36177,28,,,0,30,,29635,28,,,0,72,,29636,28,,,0,30,,29637,28,,,0,71,,29638,28,,,0,29,,36178,28,,,0,200,,29643,28,,,0,70,,29644,28,,,0,30,,29645,28,,,0,70,,36172,28,,,0,30,,36173,28,,,0,101,,36171,28,,,0,70,,36170,28,,,0,100,,29646,28,,,0,30,,36182,28,,,0,70,,36183,28,,,0,29,,36184,28,,,0,98,,36186,28,,,0,70,,29652,28,,,0,30,,29653,28,,,0,70,,36187,28,,,0,30,,29655,28,,,0,70,,29656,28,,,0,100,,29657,28,,,0,100,,29658,28,,,0
7029,'1865',523,,36195,28,,,0,103,,36196,28,,,0,30,,36197,28,,,0,72,,36198,28,,,0,30,,36199,28,,,0,71,,36200,28,,,0,29,,36201,28,,,0,70,,42423,28,,,0,30,,42424,28,,,0,70,,42425,28,,,0,30,,36205,28,,,0,70,,36206,28,,,0,30,,36207,28,,,0,70,,36191,28,,,0,30,,36192,28,,,0,70,,42421,28,,,0,31,,36190,28,,,0,70,,36189,28,,,0,72,,42422,28,,,0,28,,36208,28,,,0,30,,36209,28,,,0,70,,36210,28,,,0,29,,36211,28,,,0,70,,42426,28,,,0,28,,36213,28,,,0,70,,36214,28,,,0,30,,36215,28,,,0,70,,36216,28,,,0,30,,36217,28,,,0,70,,36218,28,,,0,100,,36219,28,,,0,100,,36220,28,,,0,100,,42427,28,,,0
7029,'1866',627,,36253,17,,,0,29,,36222,28,,,0,70,,36236,28,,,0,30,,36223,28,,,0,70,,36237,28,,,0,30,,36224,28,,,0,70,,36238,28,,,0,30,,36225,28,,,0,70,,36239,28,,,0,30,,36226,28,,,0,70,,36240,28,,,0,30,,36227,28,,,0,70,,36241,28,,,0,30,,36228,28,,,0,70,,36242,28,,,0,30,,36229,28,,,0,71,,36243,28,,,0,30,,36230,28,,,0,70,,36244,28,,,0,30,,36231,28,,,0,69,,36245,28,,,0,30,,36232,28,,,0,70,,36246,28,,,0,30,,36233,28,,,0,69,,36247,28,,,0,30,,36234,28,,,0,70,,36248,28,,,0,30,,36235,28,,,0,71,,36249,28,,,0,100,,36250,28,,,0,100,,36251,28,,,0,100,,42428,28,,,0
7029,'1867',726,,36256,28,,,0,100,,36257,28,,,0,100,,36258,28,,,0,100,,36259,28,,,0,100,,36260,28,,,0,100,,36261,28,,,0,100,,36262,28,,,0,101,,36263,28,,,0,100,,36264,28,,,0,99,,36265,28,,,0,100,,36266,28,,,0,99,,36267,28,,,0,100,,36268,28,,,0,101,,36269,28,,,0,100,,36255,28,,,0
7029,'1871',928,,36179,28,,,0,30,,36180,28,,,0,70,,36181,28,,,0,300,,36174,28,,,0,173,,36175,28,,,0,227,,36185,28,,,0,598,,36188,28,,,0
7029,'1873',627,,29576,17,,,0,29,,29545,28,,,0,70,,29559,28,,,0,30,,29546,28,,,0,70,,29560,28,,,0,30,,36160,28,,,0,70,,29561,28,,,0,30,,36161,28,,,0,70,,29562,28,,,0,30,,36162,28,,,0,70,,29563,28,,,0,30,,29550,28,,,0,70,,29564,28,,,0,30,,36163,28,,,0,70,,29565,28,,,0,30,,29552,28,,,0,71,,29566,28,,,0,30,,29553,28,,,0,70,,29567,28,,,0,30,,36164,28,,,0,69,,29568,28,,,0,30,,36165,28,,,0,70,,29569,28,,,0,30,,36166,28,,,0,69,,29570,28,,,0,30,,36167,28,,,0,70,,29571,28,,,0,30,,29558,28,,,0,71,,29572,28,,,0,100,,29573,28,,,0,100,,29574,28,,,0
7029,'1875',726,,29579,28,,,0,100,,29580,28,,,0,100,,29581,28,,,0,100,,29582,28,,,0,100,,29583,28,,,0,100,,29584,28,,,0,100,,29585,28,,,0,101,,29586,28,,,0,100,,29587,28,,,0,99,,29588,28,,,0,100,,29589,28,,,0,99,,29590,28,,,0,100,,29591,28,,,0,101,,29592,28,,,0,100,,29578,28,,,0
7029,'1876',928,,42432,28,,,0,30,,42433,28,,,0,70,,42434,28,,,0,300,,42430,28,,,0,173,,42431,28,,,0,227,,42435,28,,,0,598,,42436,28,,,0
7029,'1877',2326,,42437,28,,,0
