6019,'1816',724,,9775,26,4,,0,100,,9776,26,4,,0
6019,'1824',924,,16938,26,4,,0,100,,16939,26,4,,0,102,,16940,26,4,,0,100,,16941,26,4,,0,102,,16942,26,4,,0,100,,16943,26,4,,0,99,,16944,26,4,,0,100,,16945,26,4,,0,99,,16946,26,4,,0,98,,16947,26,4,,0,100,,16948,26,4,,0
7019,'1796',557,,20217,31,4,,0
10019,'1796',555,,20524,11,4,,0,100,,20519,37,4,,0,100,,20507,37,4,,0,100,,20520,37,4,,0,100,,20521,37,4,,0,100,,20522,37,4,,0,100,,20518,37,4,,0,100,,20517,37,4,,0,100,,20516,37,4,,0,100,,20515,37,4,,0,100,,20514,37,4,,0,100,,20513,37,4,,0,100,,20512,37,4,,0,100,,20511,37,4,,0,100,,20523,37,4,,0,100,,20509,37,4,,0,100,,20510,37,4,,0,100,,20508,37,4,,0
10019,'1797',555,,20540,11,4,,0,100,,20541,11,4,,0,100,,20532,37,4,,0,100,,20525,37,4,,0,100,,20533,37,4,,0,100,,20526,37,4,,0,100,,20534,37,4,,0,100,,20527,37,4,,0,100,,20535,37,4,,0,100,,20528,37,4,,0,100,,20536,37,4,,0,100,,20529,37,4,,0,100,,20537,37,4,,0,100,,20530,37,4,,0,100,,20538,37,4,,0,100,,20531,37,4,,0,100,,20539,37,4,,0
10019,'1798',855,,20553,11,4,,0,100,,20550,37,4,,0,100,,20552,37,4,,0,100,,20543,37,4,,0,100,,20545,37,4,,0,100,,20547,37,4,,0,100,,20549,37,4,,0,100,,20551,37,4,,0,100,,20542,37,4,,0,100,,20544,37,4,,0,100,,20546,37,4,,0,100,,20548,37,4,,0
10019,'1799',855,,20565,11,4,,0,100,,20562,37,4,,0,100,,20564,37,4,,0,100,,20555,37,4,,0,100,,20557,37,4,,0,100,,20559,37,4,,0,100,,20561,37,4,,0,100,,20563,37,4,,0,100,,20554,37,4,,0,100,,20556,37,4,,0,100,,20558,37,4,,0,100,,20560,37,4,,0
10019,'1800',855,,20577,11,4,,0,100,,20574,37,4,,0,100,,20576,37,4,,0,100,,20567,37,4,,0,100,,20569,37,4,,0,100,,20571,37,4,,0,100,,20573,37,4,,0,100,,20575,37,4,,0,100,,20566,37,4,,0,100,,20568,37,4,,0,100,,20570,37,4,,0,100,,20572,37,4,,0
10019,'1816',655,,10180,11,4,,0,100,,10171,37,4,,0,100,,10164,37,4,,0,100,,10172,37,4,,0,100,,10165,37,4,,0,100,,10173,37,4,,0,100,,10166,37,4,,0,100,,10174,37,4,,0,100,,10167,37,4,,0,100,,10175,37,4,,0,100,,10168,37,4,,0,100,,10176,37,4,,0,100,,10169,37,4,,0,100,,10177,37,4,,0,100,,10170,37,4,,0,100,,10178,37,4,,0
10019,'1817',855,,10145,11,4,,0,100,,10142,37,4,,0,100,,10144,37,4,,0,100,,10135,37,4,,0,100,,10137,37,4,,0,100,,10139,37,4,,0,100,,10141,37,4,,0,100,,10143,37,4,,0,100,,10134,37,4,,0,100,,10136,37,4,,0,100,,10138,37,4,,0,100,,10140,37,4,,0
10019,'1824',555,,17160,11,4,,0
10029,'1796',555,,20587,1,,,0,100,,20588,1,,,0,100,,20586,1,,,0,100,,20589,1,,,0,100,,20585,1,,,0,100,,20584,1,,,0,100,,20583,1,,,0,100,,20581,1,,,0,100,,20579,1,,,0,100,,20582,1,,,0,100,,20580,1,,,0,100,,20578,1,,,0,100,,20590,1,,,0,100,,20591,1,,,0,100,,20592,1,,,0,100,,20593,1,,,0,100,,20594,1,,,0,100,,20596,1,0,27 28 1 29,0,100,,20595,1,0,27 28 1 29,0
10029,'1797',655,,20611,1,,,0,100,,20604,1,,,0,100,,20597,1,,,0,100,,20605,1,,,0,100,,20598,1,,,0,100,,20606,1,,,0,100,,20599,1,,,0,100,,20607,1,,,0,100,,20600,1,,,0,100,,20608,1,,,0,100,,20601,1,,,0,100,,20609,1,,,0,100,,20602,1,,,0,100,,20610,1,,,0,100,,20603,1,,,0,100,,20613,1,0,27 28 1 29,0,200,,20612,1,0,27 28 1 29,0
10029,'1798',855,,20618,1,,,0,100,,20624,1,,,0,100,,20617,1,,,0,100,,20622,1,,,0,100,,20615,1,,,0,100,,20620,1,,,0,100,,20621,1,,,0,100,,20623,1,,,0,100,,20616,1,,,0,100,,20614,1,,,0,100,,20619,1,,,0,100,,20625,1,0,27 28 1 29,0
10029,'1799',855,,20630,1,,,0,100,,20636,1,,,0,100,,20629,1,,,0,100,,20634,1,,,0,100,,20627,1,,,0,100,,20632,1,,,0,100,,20633,1,,,0,100,,20635,1,,,0,100,,20628,1,,,0,100,,20626,1,,,0,100,,20631,1,,,0,100,,20637,1,0,27 28 1 29,0
10029,'1800',855,,20642,1,,,0,100,,20648,1,,,0,100,,20641,1,,,0,100,,20646,1,,,0,100,,20639,1,,,0,100,,20644,1,,,0,100,,20645,1,,,0,100,,20647,1,,,0,100,,20640,1,,,0,100,,20638,1,,,0,100,,20643,1,,,0,100,,20649,1,0,27 28 1 29,0
10029,'1816',655,,10238,1,,,0,100,,10231,1,,,0,100,,10224,1,,,0,100,,10232,1,,,0,100,,10225,1,,,0,100,,10233,1,,,0,100,,10226,1,,,0,100,,10234,1,,,0,100,,10227,1,,,0,100,,10235,1,,,0,100,,10228,1,,,0,100,,10236,1,,,0,100,,10229,1,,,0,100,,10237,1,,,0,100,,10230,1,,,0,100,,10240,1,0,27 28 1 29,0
10029,'1817',855,,10197,1,,,0,100,,10203,1,,,0,100,,10196,1,,,0,100,,10201,1,,,0,100,,10194,1,,,0,100,,10199,1,,,0,100,,10200,1,,,0,100,,10202,1,,,0,100,,10195,1,,,0,100,,10193,1,,,0,100,,10198,1,,,0,100,,10204,1,0,27 28 1 29,0
10029,'1824',2355,,17177,1,0,27 28 1 29,0
11029,'1796',705,,20721,1,,,0,100,,20722,1,,,0,100,,20723,1,,,0,100,,20724,1,,,0,100,,20725,1,,,0,100,,20726,1,,,0,100,,20727,1,,,0,98,,20728,1,,,0,100,,20729,1,,,0,100,,20730,1,,,0,100,,20731,1,,,0,102,,20732,1,,,0,100,,20733,1,,,0,100,,20734,1,,,0,100,,20720,1,,,0
11029,'1797',705,,20750,1,,,0,100,,20737,1,,,0,100,,20738,1,,,0,100,,20739,1,,,0,100,,20740,1,,,0,100,,20741,1,,,0,100,,20742,1,,,0,100,,20743,1,,,0,100,,20744,1,,,0,100,,20745,1,,,0,100,,20746,1,,,0,100,,20747,1,,,0,100,,20748,1,,,0,100,,20749,1,,,0
11029,'1798',805,,20751,1,,,0,100,,20752,1,,,0,100,,20753,1,,,0,100,,20754,1,,,0,100,,20755,1,,,0,100,,20756,1,,,0,100,,20757,1,,,0,100,,20758,1,,,0,100,,20759,1,,,0,100,,20760,1,,,0,100,,20761,1,,,0,100,,20762,1,,,0,100,,20763,1,,,0
11029,'1799',805,,20764,1,,,0,100,,20765,1,,,0,100,,20766,1,,,0,100,,20767,1,,,0,100,,20768,1,,,0,100,,20769,1,,,0,100,,20770,1,,,0,100,,20771,1,,,0,100,,20772,1,,,0,100,,20773,1,,,0,100,,20774,1,,,0,100,,20775,1,,,0,100,,20776,1,,,0
11029,'1800',805,,20777,1,,,0,100,,20778,1,,,0,100,,20779,1,,,0,100,,20780,1,,,0,100,,20781,1,,,0,100,,20782,1,,,0,100,,20783,1,,,0,100,,20784,1,,,0,100,,20785,1,,,0,100,,20786,1,,,0,100,,20787,1,,,0,100,,20788,1,,,0,100,,20789,1,,,0
11029,'1816',1305,,10361,1,,,0,200,,10363,1,,,0,100,,10364,1,,,0
11029,'1817',805,,17214,1,,,0,100,,17215,1,,,0,100,,17216,1,,,0,100,,17217,1,,,0,100,,17218,1,,,0,100,,17219,1,,,0,100,,17220,1,,,0,100,,17221,1,,,0,100,,17222,1,,,0,100,,17223,1,,,0,100,,17224,1,,,0,100,,17225,1,,,0,100,,10330,1,,,0
11029,'1824',705,,17249,1,,,0,100,,17239,1,,,0,100,,17240,1,,,0,100,,17241,1,,,0,100,,17242,1,,,0,100,,17243,1,,,0,200,,17244,1,,,0,300,,17245,1,,,0,100,,17246,1,,,0,100,,17247,1,,,0,100,,17248,1,,,0
