19019,'1799',826,,21494,1,,,0,130,,21487,1,,,0,201,,21480,1,,,0,700,,21489,1,,,0,70,,21478,1,,,0,215,,21499,1,,,0,100,,21500,1,,,0,84,,21505,1,,,0
19019,'1800',614,,25992,1,,,0,112,,25983,1,,,0,100,,21524,1,,,0,30,,25986,1,,,0,70,,25987,1,,,0,30,,21517,1,,,0,71,,26002,1,,,0,30,,26000,1,,,0,70,,26001,1,,,0,30,,21510,1,,,0,70,,26003,1,,,0,30,,25984,1,,,0,70,,26004,1,,,0,30,,25996,1,,,0,71,,25998,1,,,0,30,,25989,1,,,0,70,,25991,1,,,0,30,,25993,1,,,0,70,,25995,1,,,0,30,,25985,1,,,0,69,,25988,1,,,0,30,,25999,1,,,0,70,,25990,1,,,0,30,,21519,1,,,0,70,,21508,1,,,0,30,,25997,1,,,0,85,,25994,1,,,0,100,,21529,1,,,0,100,,21530,1,,,0,84,,21535,1,,,0
19019,'1829',827,,21400,1,,,0,130,,21395,1,,,0,70,,21401,1,,,0,1299,,21402,1,,,0
19019,'1831',616,,21445,1,,,0,40,,21429,1,,,0,170,,21431,1,,,0,130,,21438,1,,,0,71,,21439,1,,,0,830,,21424,1,,,0,250,,21428,1,,,0,100,,21432,1,,,0,125,,21444,1,,,0
19019,'1832',614,,21460,1,,,0,112,,21447,1,,,0,130,,21452,1,,,0,70,,21453,1,,,0,101,,21473,1,,,0,30,,21471,1,,,0,70,,21472,1,,,0,100,,21474,1,,,0,30,,21449,1,,,0,70,,21476,1,,,0,30,,21465,1,,,0,71,,21467,1,,,0,30,,21455,1,,,0,70,,21458,1,,,0,30,,21461,1,,,0,70,,21463,1,,,0,30,,21451,1,,,0,69,,21454,1,,,0,30,,21468,1,,,0,70,,21456,1,,,0,130,,21466,1,,,0,85,,21462,1,,,0
19019,'1833',826,,21464,1,,,0,130,,21457,1,,,0,201,,21450,1,,,0,700,,21459,1,,,0,70,,21448,1,,,0,215,,21469,1,,,0,100,,21470,1,,,0,84,,21475,1,,,0
19019,'1834',614,,21490,1,,,0,112,,21477,1,,,0,130,,21482,1,,,0,70,,21483,1,,,0,101,,21503,1,,,0,30,,21501,1,,,0,70,,21502,1,,,0,100,,21504,1,,,0,30,,21479,1,,,0,70,,21506,1,,,0,30,,21495,1,,,0,71,,21497,1,,,0,30,,21485,1,,,0,70,,21488,1,,,0,30,,21491,1,,,0,70,,21493,1,,,0,30,,21481,1,,,0,69,,21484,1,,,0,30,,21498,1,,,0,70,,21486,1,,,0,130,,21496,1,,,0,85,,21492,1,,,0
19019,'1835',857,,26008,1,,,0,70,,26005,1,,,0,130,,26011,1,,,0,70,,26007,1,,,0,30,,26020,1,,,0,70,,26010,1,,,0,30,,26019,1,,,0,70,,26006,1,,,0,30,,26021,1,,,0,70,,26017,1,,,0,30,,26009,1,,,0,71,,26012,1,,,0,299,,26016,1,,,0,30,,26022,1,,,0,70,,26015,1,,,0,100,,26014,1,,,0,100,,26013,1,,,0,99,,26018,1,,,0
19019,'1836',726,,26027,1,,,0,30,,26041,1,,,0,100,,26029,1,,,0,70,,26024,1,,,0,131,,26035,1,,,0,70,,26028,1,,,0,30,,26026,1,,,0,70,,26037,1,,,0,30,,26033,1,,,0,70,,26039,1,,,0,30,,26045,1,,,0,71,,26040,1,,,0,30,,26025,1,,,0,70,,26023,1,,,0,30,,26030,1,,,0,70,,26036,1,,,0,30,,26032,1,,,0,69,,26031,1,,,0,30,,26038,1,,,0,70,,26043,1,,,0,100,,26044,1,,,0,110,,26042,1,,,0,270,,26034,1,,,0
19019,'1837',614,,26055,1,,,0,112,,26046,1,,,0,130,,26049,1,,,0,70,,26050,1,,,0,101,,26065,1,,,0,30,,26063,1,,,0,70,,26064,1,,,0,100,,26066,1,,,0,30,,26047,1,,,0,70,,26067,1,,,0,30,,26059,1,,,0,71,,26061,1,,,0,30,,26052,1,,,0,70,,26054,1,,,0,30,,26056,1,,,0,70,,26058,1,,,0,30,,26048,1,,,0,69,,26051,1,,,0,30,,26062,1,,,0,70,,26053,1,,,0,130,,26060,1,,,0,85,,26057,1,,,0
19019,'1838',614,,26077,1,,,0,112,,26068,1,,,0,130,,26071,1,,,0,70,,26072,1,,,0,101,,26087,1,,,0,30,,26085,1,,,0,70,,26086,1,,,0,100,,26088,1,,,0,30,,26069,1,,,0,70,,26089,1,,,0,30,,26081,1,,,0,71,,26083,1,,,0,30,,26074,1,,,0,70,,26076,1,,,0,30,,26078,1,,,0,70,,26080,1,,,0,30,,26070,1,,,0,69,,26073,1,,,0,30,,26084,1,,,0,70,,26075,1,,,0,130,,26082,1,,,0,85,,26079,1,,,0
19029,'1799',826,,21644,7,4,,0,130,,21640,7,4,,0,201,,21636,7,4,,0,700,,21630,7,4,,0,70,,21647,7,4,,0,215,,21649,7,4,,0,100,,21643,7,4,,0,84,,21621,7,4,,0
19029,'1800',614,,26108,7,4,,0,112,,26109,7,4,,0,100,,21674,7,4,,0,30,,26107,7,4,,0,70,,26103,7,4,,0,30,,21670,7,4,,0,71,,26093,7,4,,0,30,,26097,7,4,,0,70,,26100,7,4,,0,30,,21666,7,4,,0,70,,26104,7,4,,0,30,,26091,7,4,,0,70,,26096,7,4,,0,30,,26099,7,4,,0,71,,26102,7,4,,0,30,,26105,7,4,,0,70,,26090,7,4,,0,30,,26095,7,4,,0,70,,26098,7,4,,0,30,,26101,7,4,,0,69,,26106,7,4,,0,30,,26092,7,4,,0,70,,26094,7,4,,0,30,,21660,7,4,,0,70,,21677,7,4,,0,30,,26111,7,4,,0,85,,26110,7,4,,0,100,,21679,7,4,,0,100,,21673,7,4,,0,84,,21651,7,4,,0
19029,'1829',827,,21545,7,4,,0,130,,21537,7,4,,0,70,,21542,7,4,,0,1299,,21550,7,4,,0
19029,'1831',616,,21583,7,4,,0,40,,21584,7,4,,0,170,,21579,7,4,,0,130,,21573,7,4,,0,71,,21580,7,4,,0,830,,21560,7,4,,0,250,,21586,7,4,,0,100,,21587,7,4,,0,125,,21563,7,4,,0
19029,'1832',614,,21615,7,4,,0,112,,21616,7,4,,0,130,,21612,7,4,,0,70,,21607,7,4,,0,101,,21595,7,4,,0,30,,21599,7,4,,0,70,,21603,7,4,,0,100,,21608,7,4,,0,30,,21593,7,4,,0,70,,21598,7,4,,0,30,,21602,7,4,,0,71,,21605,7,4,,0,30,,21609,7,4,,0,70,,21592,7,4,,0,30,,21597,7,4,,0,70,,21601,7,4,,0,30,,21604,7,4,,0,69,,21611,7,4,,0,30,,21594,7,4,,0,70,,21596,7,4,,0,130,,21620,7,4,,0,85,,21618,7,4,,0
19029,'1833',826,,21614,7,4,,0,130,,21610,7,4,,0,201,,21606,7,4,,0,700,,21600,7,4,,0,70,,21617,7,4,,0,215,,21619,7,4,,0,100,,21613,7,4,,0,84,,21591,7,4,,0
19029,'1834',614,,21645,7,4,,0,112,,21646,7,4,,0,130,,21642,7,4,,0,70,,21637,7,4,,0,101,,21625,7,4,,0,30,,21629,7,4,,0,70,,21633,7,4,,0,100,,21638,7,4,,0,30,,21623,7,4,,0,70,,21628,7,4,,0,30,,21632,7,4,,0,71,,21635,7,4,,0,30,,21639,7,4,,0,70,,21622,7,4,,0,30,,21627,7,4,,0,70,,21631,7,4,,0,30,,21634,7,4,,0,69,,21641,7,4,,0,30,,21624,7,4,,0,70,,21626,7,4,,0,130,,21650,7,4,,0,85,,21648,7,4,,0
19029,'1835',857,,26119,7,4,,0,70,,26112,7,4,,0,130,,26116,7,4,,0,70,,26114,7,4,,0,30,,26117,7,4,,0,70,,26118,7,4,,0,30,,26120,7,4,,0,70,,26113,7,4,,0,30,,26115,7,4,,0,70,,26121,7,4,,0,30,,26122,7,4,,0,71,,26129,7,4,,0,299,,26124,7,4,,0,30,,26123,7,4,,0,70,,26128,7,4,,0,100,,26127,7,4,,0,100,,26126,7,4,,0,99,,26125,7,4,,0
19029,'1836',726,,26145,7,4,,0,30,,26131,7,4,,0,100,,26146,7,4,,0,70,,26130,7,4,,0,131,,26135,7,4,,0,70,,26144,7,4,,0,30,,26134,7,4,,0,70,,26143,7,4,,0,30,,26140,7,4,,0,70,,26148,7,4,,0,30,,26152,7,4,,0,71,,26138,7,4,,0,30,,26133,7,4,,0,70,,26137,7,4,,0,30,,26142,7,4,,0,70,,26139,7,4,,0,30,,26147,7,4,,0,69,,26132,7,4,,0,30,,26141,7,4,,0,70,,26136,7,4,,0,100,,26149,7,4,,0,110,,26151,7,4,,0,270,,26150,7,4,,0
19029,'1837',614,,26171,7,4,,0,112,,26172,7,4,,0,130,,26170,7,4,,0,70,,26166,7,4,,0,101,,26156,7,4,,0,30,,26160,7,4,,0,70,,26163,7,4,,0,100,,26167,7,4,,0,30,,26154,7,4,,0,70,,26159,7,4,,0,30,,26162,7,4,,0,71,,26165,7,4,,0,30,,26168,7,4,,0,70,,26153,7,4,,0,30,,26158,7,4,,0,70,,26161,7,4,,0,30,,26164,7,4,,0,69,,26169,7,4,,0,30,,26155,7,4,,0,70,,26157,7,4,,0,130,,26174,7,4,,0,85,,26173,7,4,,0
19029,'1838',614,,26193,7,4,,0,112,,26194,7,4,,0,130,,26192,7,4,,0,70,,26188,7,4,,0,101,,26178,7,4,,0,30,,26182,7,4,,0,70,,26185,7,4,,0,100,,26189,7,4,,0,30,,26176,7,4,,0,70,,26181,7,4,,0,30,,26184,7,4,,0,71,,26187,7,4,,0,30,,26190,7,4,,0,70,,26175,7,4,,0,30,,26180,7,4,,0,70,,26183,7,4,,0,30,,26186,7,4,,0,69,,26191,7,4,,0,30,,26177,7,4,,0,70,,26179,7,4,,0,130,,26196,7,4,,0,85,,26195,7,4,,0
10019029,'1829',646,,24785,7,,,0,972,,24789,7,,,0
10019029,'1835',616,,28204,7,,,0,100,,28206,7,,,0,30,,28207,7,,,0,802,,28211,7,,,0,100,,28208,7,,,0,70,,28212,7,,,0,29,,28209,7,,,0,210,,28210,7,,,0
