15029,'1838',727,,36977,36,,,0,98,,45082,36,,,0,100,,36974,36,,,0,100,,36975,36,,,0,101,,45083,36,,,0,100,,36972,36,,,0,100,,36969,36,,,0,102,,45081,36,,,0,100,,36971,36,,,0,100,,36968,36,,,0,99,,45080,36,,,0,99,,36966,36,,,0,100,,36967,36,,,0,100,,45079,36,,,0
15029,'1865',653,,36995,36,,,0,69,,36996,36,,,0,34,,36997,36,,,0,71,,45086,36,,,0,73,,36999,36,,,0,30,,37000,36,,,0,25,,37001,36,,,0,70,,37002,36,,,0,30,,37003,36,,,0,70,,45087,36,,,0,30,,45088,36,,,0,70,,42575,36,,,0,30,,45089,36,,,0,70,,45090,36,,,0,30,,42576,36,,,0,70,,37010,36,,,0,32,,45091,36,,,0,75,,37012,36,,,0,72,,37013,36,,,0,30,,45092,36,,,0,69,,45093,36,,,0,23,,37016,36,,,0,29,,37017,36,,,0,69,,37018,36,,,0,27,,45094,36,,,0,70,,37020,36,,,0,30,,45095,36,,,0,70,,45096,36,,,0,30,,37023,36,,,0,100,,45098,36,,,0,97,,45097,36,,,0
15029,'1866',732,,37029,36,,,0,93,,37030,36,,,0,100,,45100,36,,,0,100,,37032,36,,,0,101,,37033,36,,,0,100,,45101,36,,,0,100,,37035,36,,,0,104,,37036,36,,,0,100,,45102,36,,,0,99,,37038,36,,,0,98,,37039,36,,,0,99,,45103,36,,,0,100,,37026,36,,,0,100,,37027,36,,,0
15029,'1867',727,,37054,36,,,0,98,,45107,36,,,0,100,,37051,36,,,0,100,,37052,36,,,0,101,,45108,36,,,0,100,,37049,36,,,0,100,,37046,36,,,0,102,,45106,36,,,0,100,,37048,36,,,0,100,,37045,36,,,0,99,,45105,36,,,0,99,,37043,36,,,0,100,,37044,36,,,0,100,,45104,36,,,0
15029,'1873',732,,30423,36,,,0,93,,30424,36,,,0,200,,30426,36,,,0,101,,30427,36,,,0,200,,30429,36,,,0,104,,30430,36,,,0,199,,30432,36,,,0,98,,30433,36,,,0,199,,30420,36,,,0,100,,30421,36,,,0
15029,'1878',727,,30448,36,,,0,198,,30445,36,,,0,100,,30446,36,,,0,201,,30443,36,,,0,100,,30440,36,,,0,202,,30442,36,,,0,100,,30439,36,,,0,198,,30437,36,,,0,100,,30438,36,,,0
15029,'1881',827,,36979,36,,,0,298,,36980,36,,,0,30,,36981,36,,,0,100,,36983,36,,,0,70,,36984,36,,,0,132,,36986,36,,,0,177,,36987,36,,,0,69,,36988,36,,,0,148,,30508,36,,,0,100,,36989,36,,,0,70,,42580,36,,,0,130,,36992,36,,,0,97,,36991,36,,,0
15029,'1882',653,,30484,36,,,0,69,,30485,36,,,0,34,,30486,36,,,0,144,,30488,36,,,0,30,,30489,36,,,0,25,,30490,36,,,0,70,,30491,36,,,0,30,,30492,36,,,0,170,,42578,36,,,0,130,,42579,36,,,0,70,,30499,36,,,0,107,,30501,36,,,0,72,,30502,36,,,0,122,,30505,36,,,0,29,,30506,36,,,0,69,,30507,36,,,0,97,,30509,36,,,0,130,,30512,36,,,0
15029,'1886',827,,45111,36,,,0,298,,45112,36,,,0,30,,45113,36,,,0,100,,45114,36,,,0,70,,45115,36,,,0,132,,45116,36,,,0,177,,45117,36,,,0,69,,45118,36,,,0,148,,45119,36,,,0,100,,45120,36,,,0,70,,45121,36,,,0,130,,45123,36,,,0,97,,45122,36,,,0
15029,'1887',925,,45125,36,,,0,301,,45126,36,,,0,304,,45127,36,,,0,296,,45128,36,,,0
15029,'1888',825,,45132,36,,,0,301,,45133,36,,,0,302,,45131,36,,,0,299,,45130,36,,,0,299,,45129,36,,,0
