4029,'1838',724,,35575,7,,,0,30,,44174,7,,,0,70,,35573,7,,,0,30,,44173,7,,,0,70,,44172,7,,,0,30,,35566,7,,,0,69,,44168,7,,,0,30,,44160,7,,,0,70,,44163,7,,,0,30,,35562,7,,,0,69,,44166,7,,,0,30,,35567,7,,,0,70,,44161,7,,,0,30,,35558,7,,,0,70,,44164,7,,,0,30,,35564,7,,,0,70,,44167,7,,,0,30,,35556,7,,,0,70,,44162,7,,,0,30,,35560,7,,,0,70,,44165,7,,,0,30,,44177,7,,,0,70,,44176,7,,,0,33,,44178,7,,,0,70,,42224,7,,,0,30,,44171,7,,,0,70,,44175,7,,,0,30,,44169,7,,,0,100,,44170,7,,,0
4029,'1865',624,,44179,7,,,0,30,,44180,7,,,0,72,,35609,7,,,0,25,,35610,7,,,0,76,,44181,7,,,0,24,,35612,7,,,0,71,,44182,7,,,0,30,,35614,7,,,0,70,,44183,7,,,0,30,,42227,7,,,0,70,,44184,7,,,0,31,,44185,7,,,0,70,,44186,7,,,0,30,,44187,7,,,0,70,,42228,7,,,0,30,,44188,7,,,0,70,,44189,7,,,0,35,,44190,7,,,0,65,,44191,7,,,0,36,,42230,7,,,0,64,,44192,7,,,0,36,,44193,7,,,0,64,,44194,7,,,0,36,,44195,7,,,0,66,,44196,7,,,0,29,,44197,7,,,0,70,,35633,7,,,0,30,,35634,7,,,0,71,,35635,7,,,0,30,,35636,7,,,0,70,,44198,7,,,0,30,,35638,7,,,0
4029,'1866',626,,35663,7,,,0,28,,44220,7,,,0,70,,44221,7,,,0,30,,44222,7,,,0,70,,44223,7,,,0,30,,44224,7,,,0,70,,44225,7,,,0,30,,44214,7,,,0,70,,44208,7,,,0,29,,44203,7,,,0,70,,44212,7,,,0,29,,44218,7,,,0,70,,44213,7,,,0,30,,44202,7,,,0,70,,44205,7,,,0,30,,44216,7,,,0,70,,44201,7,,,0,30,,44215,7,,,0,70,,44210,7,,,0,30,,44204,7,,,0,70,,44199,7,,,0,30,,44217,7,,,0,70,,44219,7,,,0,30,,44211,7,,,0,70,,44206,7,,,0,29,,44226,7,,,0,75,,35645,7,,,0,30,,44200,7,,,0,69,,35646,7,,,0,30,,44209,7,,,0,70,,35661,7,,,0,30,,44207,7,,,0
4029,'1867',724,,35692,7,,,0,30,,44241,7,,,0,70,,35690,7,,,0,30,,44240,7,,,0,70,,44239,7,,,0,30,,35683,7,,,0,69,,44235,7,,,0,30,,44227,7,,,0,70,,44230,7,,,0,30,,35679,7,,,0,69,,44233,7,,,0,30,,35684,7,,,0,70,,44228,7,,,0,30,,35675,7,,,0,70,,44231,7,,,0,30,,35681,7,,,0,70,,44234,7,,,0,30,,35673,7,,,0,70,,44229,7,,,0,30,,35677,7,,,0,70,,44232,7,,,0,30,,44244,7,,,0,70,,44243,7,,,0,33,,44245,7,,,0,70,,42234,7,,,0,30,,44238,7,,,0,70,,44242,7,,,0,30,,44236,7,,,0,100,,44237,7,,,0
4029,'1873',626,,28948,7,,,0,1300,,28930,7,,,0,99,,28931,7,,,0,100,,28946,7,,,0
4029,'1878',724,,28977,7,,,0,100,,28975,7,,,0,130,,28968,7,,,0,199,,28964,7,,,0,99,,28969,7,,,0,100,,28960,7,,,0,100,,28966,7,,,0,100,,28958,7,,,0,100,,28962,7,,,0,273,,42244,7,,,0
4029,'1881',624,,42236,7,,,0,30,,29018,7,,,0,173,,29021,7,,,0,95,,35594,7,,,0,100,,29025,7,,,0,100,,29027,7,,,0,31,,29028,7,,,0,70,,29029,7,,,0,30,,29030,7,,,0,100,,29032,7,,,0,70,,29033,7,,,0,35,,42239,7,,,0,65,,35598,7,,,0,100,,35600,7,,,0,36,,42241,7,,,0,64,,35602,7,,,0,36,,35603,7,,,0,66,,35604,7,,,0,29,,35605,7,,,0,271,,35606,7,,,0
4029,'1882',726,,29019,7,,,0,25,,29020,7,,,0,100,,29022,7,,,0,101,,29024,7,,,0,100,,42237,7,,,0,271,,42238,7,,,0,236,,42240,7,,,0,365,,29043,7,,,0,30,,29044,7,,,0,71,,29045,7,,,0,30,,29046,7,,,0,100,,29048,7,,,0
4029,'1886',624,,44246,7,,,0,30,,44247,7,,,0,173,,44248,7,,,0,95,,44249,7,,,0,100,,44250,7,,,0,100,,44251,7,,,0,31,,44252,7,,,0,70,,44253,7,,,0,30,,44254,7,,,0,100,,44255,7,,,0,70,,44256,7,,,0,35,,44257,7,,,0,65,,44258,7,,,0,100,,44259,7,,,0,36,,44260,7,,,0,64,,44261,7,,,0,36,,44262,7,,,0,66,,44263,7,,,0,29,,44264,7,,,0,271,,44265,7,,,0
4029,'1887',654,,44287,7,,,0,70,,44288,7,,,0,30,,44289,7,,,0,70,,44290,7,,,0,30,,44291,7,,,0,70,,44292,7,,,0,30,,44281,7,,,0,70,,44275,7,,,0,29,,44270,7,,,0,70,,44279,7,,,0,29,,44285,7,,,0,70,,44280,7,,,0,30,,44269,7,,,0,70,,44272,7,,,0,30,,44283,7,,,0,70,,44268,7,,,0,30,,44282,7,,,0,70,,44277,7,,,0,30,,44271,7,,,0,70,,44266,7,,,0,30,,44284,7,,,0,70,,44286,7,,,0,30,,44278,7,,,0,70,,44273,7,,,0,29,,44293,7,,,0,105,,44267,7,,,0,99,,44276,7,,,0,100,,44274,7,,,0
4029,'1888',754,,44308,7,,,0,100,,44307,7,,,0,70,,44306,7,,,0,99,,44302,7,,,0,30,,44294,7,,,0,70,,44297,7,,,0,99,,44300,7,,,0,100,,44295,7,,,0,100,,44298,7,,,0,100,,44301,7,,,0,100,,44296,7,,,0,100,,44299,7,,,0,30,,44311,7,,,0,70,,44310,7,,,0,33,,44312,7,,,0,100,,44305,7,,,0,70,,44309,7,,,0,30,,44303,7,,,0,100,,44304,7,,,0
501019,'1838',612,,45632,5,,,0,30,,45645,5,,,0,67,,45631,5,,,0,30,,45644,5,,,0,70,,45634,5,,,0,30,,45646,5,,,0,70,,38590,5,,,0,30,,45643,5,,,0,72,,45624,5,,,0,30,,45635,5,,,0,70,,45623,5,,,0,30,,45636,5,,,0,70,,45626,5,,,0,30,,45637,5,,,0,70,,45622,5,,,0,30,,45642,5,,,0,70,,45621,5,,,0,30,,45641,5,,,0,70,,45620,5,,,0,30,,45638,5,,,0,70,,45619,5,,,0,30,,45640,5,,,0,70,,45625,5,,,0,30,,45639,5,,,0,69,,45633,5,,,0,30,,45647,5,,,0,69,,45630,5,,,0,30,,38606,5,,,0,70,,45629,5,,,0,30,,45618,5,,,0,70,,43518,5,,,0,30,,45648,5,,,0,69,,45628,5,,,0,30,,45649,5,,,0,70,,45627,5,,,0
501019,'1865',609,,45651,5,,,0,30,,45652,5,,,0,74,,45653,5,,,0,25,,45654,5,,,0,64,,45655,5,,,0,12,,45656,5,,,0,24,,45657,5,,,0,62,,45658,5,,,0,11,,45659,5,,,0,30,,45660,5,,,0,70,,45661,5,,,0,30,,45662,5,,,0,70,,38660,5,,,0,30,,45663,5,,,0,70,,43527,5,,,0,30,,45664,5,,,0,70,,45665,5,,,0,30,,45666,5,,,0,70,,43528,5,,,0,26,,43529,5,,,0,12,,45667,5,,,0,62,,45668,5,,,0,24,,45669,5,,,0,12,,45670,5,,,0,64,,45671,5,,,0,24,,45672,5,,,0,12,,45673,5,,,0,64,,43530,5,,,0,24,,45674,5,,,0,12,,45675,5,,,0,66,,45676,5,,,0,28,,45677,5,,,0,70,,45678,5,,,0,29,,45679,5,,,0,70,,45680,5,,,0,30,,45681,5,,,0,69,,45682,5,,,0,30,,45683,5,,,0,69,,45684,5,,,0,30,,45685,5,,,0,70,,45686,5,,,0
501019,'1866',612,,45696,5,,,0,30,,45699,5,,,0,67,,45695,5,,,0,30,,45698,5,,,0,70,,45694,5,,,0,30,,45700,5,,,0,70,,45693,5,,,0,30,,45697,5,,,0,72,,45706,5,,,0,30,,45716,5,,,0,70,,45707,5,,,0,30,,45717,5,,,0,70,,45708,5,,,0,30,,45718,5,,,0,70,,45709,5,,,0,30,,45719,5,,,0,70,,45710,5,,,0,30,,45720,5,,,0,70,,45711,5,,,0,30,,45721,5,,,0,70,,45712,5,,,0,30,,45714,5,,,0,70,,45713,5,,,0,30,,45715,5,,,0,70,,45692,5,,,0,29,,45705,5,,,0,70,,45691,5,,,0,30,,45703,5,,,0,69,,45690,5,,,0,30,,45704,5,,,0,70,,45689,5,,,0,30,,45701,5,,,0,69,,45688,5,,,0,30,,45702,5,,,0,70,,45687,5,,,0
501019,'1867',612,,45736,5,,,0,30,,45749,5,,,0,67,,45735,5,,,0,30,,45748,5,,,0,70,,45738,5,,,0,30,,45750,5,,,0,70,,38742,5,,,0,30,,45747,5,,,0,72,,45728,5,,,0,30,,45739,5,,,0,70,,45727,5,,,0,30,,45740,5,,,0,70,,45730,5,,,0,30,,45741,5,,,0,70,,45726,5,,,0,30,,45746,5,,,0,70,,45725,5,,,0,30,,45745,5,,,0,70,,45724,5,,,0,30,,45742,5,,,0,70,,45723,5,,,0,30,,45744,5,,,0,70,,45729,5,,,0,30,,45743,5,,,0,69,,45737,5,,,0,30,,45751,5,,,0,69,,45734,5,,,0,30,,38758,5,,,0,70,,45733,5,,,0,30,,45722,5,,,0,70,,43534,5,,,0,30,,45752,5,,,0,69,,45732,5,,,0,30,,45753,5,,,0,70,,45731,5,,,0
501019,'1878',909,,31875,5,,,0,1030,,31891,5,,,0,170,,43550,5,,,0
501019,'1881',608,,31935,5,,,0,30,,31936,5,,,0,75,,31937,5,,,0,24,,38626,5,,,0,64,,31939,5,,,0,12,,31940,5,,,0,24,,31941,5,,,0,22,,31942,5,,,0,51,,31943,5,,,0,30,,31944,5,,,0,70,,31945,5,,,0,30,,31946,5,,,0,101,,31948,5,,,0,100,,31950,5,,,0,70,,31951,5,,,0,30,,31952,5,,,0,108,,38630,5,,,0,62,,38631,5,,,0,24,,38632,5,,,0,12,,38633,5,,,0,64,,31959,5,,,0,24,,31960,5,,,0,12,,38634,5,,,0,87,,38636,5,,,0,12,,31964,5,,,0,66,,31965,5,,,0,28,,38637,5,,,0,70,,43547,5,,,0,30,,43548,5,,,0,70,,38640,5,,,0,30,,38641,5,,,0,68,,38642,5,,,0,30,,38643,5,,,0,70,,38644,5,,,0,30,,38645,5,,,0,70,,38646,5,,,0
501019,'1882',1111,,31947,5,,,0,100,,43543,5,,,0,200,,43544,5,,,0,26,,43545,5,,,0,274,,43546,5,,,0
501019,'1886',609,,45755,5,,,0,30,,45756,5,,,0,74,,45757,5,,,0,25,,45758,5,,,0,64,,45759,5,,,0,12,,45760,5,,,0,24,,45761,5,,,0,62,,45762,5,,,0,11,,45763,5,,,0,30,,45764,5,,,0,70,,45765,5,,,0,30,,45766,5,,,0,100,,45767,5,,,0,100,,45768,5,,,0,70,,45769,5,,,0,30,,45770,5,,,0,108,,45771,5,,,0,62,,45772,5,,,0,24,,45773,5,,,0,12,,45774,5,,,0,64,,45775,5,,,0,24,,45776,5,,,0,12,,45777,5,,,0,88,,45778,5,,,0,12,,45779,5,,,0,66,,45780,5,,,0,28,,45781,5,,,0,70,,45782,5,,,0,29,,45783,5,,,0,70,,45784,5,,,0,30,,45785,5,,,0,69,,45786,5,,,0,30,,45787,5,,,0,69,,45788,5,,,0,30,,45789,5,,,0,70,,45790,5,,,0
501019,'1887',612,,45800,5,,,0,30,,45803,5,,,0,67,,45799,5,,,0,30,,45802,5,,,0,70,,45798,5,,,0,30,,45804,5,,,0,70,,45797,5,,,0,30,,45801,5,,,0,72,,45810,5,,,0,30,,45820,5,,,0,70,,45811,5,,,0,30,,45821,5,,,0,70,,45812,5,,,0,30,,45822,5,,,0,70,,45813,5,,,0,30,,45823,5,,,0,70,,45814,5,,,0,30,,45824,5,,,0,70,,45815,5,,,0,30,,45825,5,,,0,70,,45816,5,,,0,30,,45818,5,,,0,70,,45817,5,,,0,30,,45819,5,,,0,70,,45796,5,,,0,29,,45809,5,,,0,70,,45795,5,,,0,30,,45807,5,,,0,69,,45794,5,,,0,30,,45808,5,,,0,70,,45793,5,,,0,30,,45805,5,,,0,69,,45792,5,,,0,30,,45806,5,,,0,70,,45791,5,,,0
501019,'1888',612,,45840,5,,,0,30,,45853,5,,,0,67,,45839,5,,,0,30,,45852,5,,,0,70,,45842,5,,,0,30,,45854,5,,,0,100,,45851,5,,,0,72,,45832,5,,,0,30,,45843,5,,,0,70,,45831,5,,,0,30,,45844,5,,,0,70,,45834,5,,,0,30,,45845,5,,,0,70,,45830,5,,,0,30,,45850,5,,,0,70,,45829,5,,,0,30,,45849,5,,,0,70,,45828,5,,,0,30,,45846,5,,,0,70,,45827,5,,,0,30,,45848,5,,,0,70,,45833,5,,,0,30,,45847,5,,,0,69,,45841,5,,,0,30,,45855,5,,,0,69,,45838,5,,,0,100,,45837,5,,,0,30,,45826,5,,,0,100,,45856,5,,,0,69,,45836,5,,,0,30,,45857,5,,,0,70,,45835,5,,,0
14000001019,'1838',2402,,48465,9,,,0,30,,48464,9,,,0,70,,41972,9,,,0,30,,48466,9,,,0,70,,48463,9,,,0
14000001019,'1865',2402,,48470,9,,,0,30,,48468,9,,,0,70,,41985,9,,,0,30,,48469,9,,,0,70,,48467,9,,,0
14000001019,'1866',2402,,48474,9,,,0,30,,48471,9,,,0,70,,41991,9,,,0,30,,48473,9,,,0,70,,48472,9,,,0
14000001019,'1867',2402,,48477,9,,,0,30,,48476,9,,,0,70,,41993,9,,,0,30,,48478,9,,,0,70,,48475,9,,,0
14000001019,'1873',2502,,24899,9,,,0
14000001019,'1878',2502,,24901,9,,,0
14000001019,'1881',2402,,41982,9,,,0,30,,43958,9,,,0,100,,41981,9,,,0,70,,43957,9,,,0
14000001019,'1882',2502,,24893,9,,,0
14000001019,'1886',2402,,48482,9,,,0,30,,48480,9,,,0,100,,48481,9,,,0,70,,48479,9,,,0
14000001019,'1887',2402,,48486,9,,,0,30,,48483,9,,,0,100,,48485,9,,,0,70,,48484,9,,,0
14000001019,'1888',2402,,48489,9,,,0,30,,48488,9,,,0,100,,48490,9,,,0,70,,48487,9,,,0
