'1800',20260701,1
'1838',20260803,1
'1850',20260625,1,20260626,1
'1851',20260625,1,20260626,1,20260629,1,20260630,1,20260701,1,20260702,1,20260703,1,20260706,1,20260707,1,20260708,1,20260709,1,20260710,1,20260713,1,20260714,1,20260715,1,20260716,1,20260717,1,20260720,1,20260721,1,20260722,1,20260723,1,20260724,1,20260727,1,20260728,1,20260729,1,20260730,1,20260731,1,20260803,1,20260804,1,20260805,1,20260806,1,20260807,1,20260810,1,20260811,1,20260812,1,20260813,1,20260814,1,20260817,1,20260818,1,20260819,1,20260820,1,20260821,1,20260824,1,20260825,1,20260826,1,20260827,1,20260828,1,20260831,1,20260901,1,20260902,1,20260903,1,20260904,1
'1856',20260625,1,20260626,1,20260629,1,20260630,1,20260701,1,20260702,1,20260703,1,20260706,1,20260707,1,20260708,1,20260709,1,20260710,1,20260713,1,20260714,1,20260715,1,20260716,1,20260717,1,20260720,1,20260721,1,20260722,1,20260723,1,20260724,1,20260727,1,20260728,1,20260729,1,20260730,1,20260731,1,20260803,1,20260804,1,20260805,1,20260806,1,20260807,1,20260810,1,20260811,1,20260812,1,20260813,1,20260814,1,20260817,1,20260818,1,20260819,1,20260820,1,20260821,1,20260824,1,20260825,1,20260826,1,20260827,1,20260828,1,20260831,1,20260901,1,20260902,1,20260903,1,20260904,1
'1857',20260629,1,20260630,1,20260702,1,20260703,1,20260706,1,20260707,1,20260708,1,20260709,1,20260710,1,20260713,1,20260714,1,20260715,1,20260716,1,20260717,1
'1859',20260627,1,20260704,1,20260711,1,20260718,1
'1861',20260628,1,20260705,1,20260712,1,20260719,1
'1862',20260627,1,20260704,1,20260711,1,20260718,1
'1863',20260628,1,20260705,1,20260712,1,20260719,1
'1864',20260629,1,20260630,1,20260702,1,20260703,1,20260706,1,20260707,1,20260708,1,20260709,1,20260710,1,20260713,1,20260714,1,20260715,1,20260716,1,20260717,1
'1865',20260720,1,20260721,1,20260722,1,20260723,1,20260724,1,20260727,1,20260728,1,20260729,1,20260730,1,20260731,1,20260804,1,20260805,1,20260806,1,20260807,1,20260810,1,20260811,1,20260812,1,20260813,1,20260814,1,20260817,1,20260818,1,20260819,1,20260820,1,20260821,1,20260824,1,20260825,1,20260826,1,20260827,1,20260828,1,20260831,1,20260901,1,20260902,1,20260903,1,20260904,1
'1866',20260725,1,20260801,1,20260808,1,20260815,1,20260822,1,20260829,1,20260905,1
'1867',20260726,1,20260802,1,20260809,1,20260816,1,20260823,1,20260830,1,20260906,1
