7019,'1838',732,,35957,5,,,0,101,,35958,5,,,0,100,,44517,5,,,0,100,,35959,5,,,0,100,,35960,5,,,0,100,,44515,5,,,0,100,,35962,5,,,0,101,,35963,5,,,0,100,,44516,5,,,0,99,,35965,5,,,0,100,,35953,5,,,0,99,,44513,5,,,0,100,,35952,5,,,0,100,,35956,5,,,0,100,,44514,5,,,0
7019,'1865',530,,44531,5,,,0,103,,44532,5,,,0,70,,44533,5,,,0,32,,36047,5,,,0,70,,36040,5,,,0,32,,36048,5,,,0,68,,44534,5,,,0,30,,42371,5,,,0,70,,42370,5,,,0,30,,42372,5,,,0,70,,36043,5,,,0,30,,36051,5,,,0,70,,36044,5,,,0,30,,44537,5,,,0,70,,44535,5,,,0,30,,42373,5,,,0,71,,44536,5,,,0,30,,44543,5,,,0,73,,42376,5,,,0,28,,36068,5,,,0,70,,44544,5,,,0,30,,44538,5,,,0,68,,44539,5,,,0,30,,42374,5,,,0,70,,44540,5,,,0,28,,36059,5,,,0,70,,36060,5,,,0,30,,44541,5,,,0,70,,44542,5,,,0,30,,36063,5,,,0,100,,36064,5,,,0,99,,36065,5,,,0,100,,42375,5,,,0
7019,'1866',633,,36086,5,,,0,69,,44548,5,,,0,30,,44553,5,,,0,70,,36080,5,,,0,31,,36088,5,,,0,70,,44549,5,,,0,30,,36089,5,,,0,70,,44550,5,,,0,30,,44554,5,,,0,70,,44551,5,,,0,30,,36091,5,,,0,70,,36084,5,,,0,30,,36092,5,,,0,70,,44552,5,,,0,30,,44555,5,,,0,70,,36098,5,,,0,31,,36094,5,,,0,70,,36100,5,,,0,30,,36095,5,,,0,70,,44557,5,,,0,29,,44556,5,,,0,70,,44558,5,,,0,30,,36097,5,,,0,70,,44561,5,,,0,29,,36074,5,,,0,70,,44559,5,,,0,30,,44547,5,,,0,70,,44560,5,,,0,30,,36076,5,,,0,100,,36077,5,,,0,100,,36078,5,,,0
7019,'1867',732,,36113,5,,,0,101,,36114,5,,,0,100,,44568,5,,,0,100,,36115,5,,,0,100,,36116,5,,,0,100,,44566,5,,,0,100,,36118,5,,,0,101,,36119,5,,,0,100,,44567,5,,,0,99,,36121,5,,,0,100,,36109,5,,,0,99,,44564,5,,,0,100,,36108,5,,,0,100,,36112,5,,,0,100,,44565,5,,,0
7019,'1873',633,,29380,5,,,0,169,,29374,5,,,0,31,,29382,5,,,0,100,,29383,5,,,0,200,,29385,5,,,0,70,,29378,5,,,0,30,,29386,5,,,0,170,,29392,5,,,0,31,,29388,5,,,0,70,,29394,5,,,0,30,,29389,5,,,0,199,,29391,5,,,0,99,,29368,5,,,0,200,,29370,5,,,0,100,,29371,5,,,0,100,,29372,5,,,0
7019,'1878',732,,29407,5,,,0,101,,29408,5,,,0,200,,29409,5,,,0,100,,29410,5,,,0,200,,29412,5,,,0,101,,29413,5,,,0,199,,29415,5,,,0,100,,29403,5,,,0,199,,29402,5,,,0,100,,29406,5,,,0
7019,'1881',530,,36014,5,,,0,103,,36015,5,,,0,70,,29478,5,,,0,202,,36016,5,,,0,330,,36022,5,,,0,70,,36018,5,,,0,101,,36019,5,,,0,30,,36030,5,,,0,171,,36032,5,,,0,30,,36024,5,,,0,68,,36026,5,,,0,100,,36028,5,,,0,128,,36029,5,,,0,70,,29501,5,,,0
7019,'1882',735,,29486,5,,,0,70,,29479,5,,,0,32,,29487,5,,,0,98,,42396,5,,,0,70,,42395,5,,,0,30,,42397,5,,,0,70,,29482,5,,,0,30,,29490,5,,,0,70,,29483,5,,,0,130,,42398,5,,,0,174,,42401,5,,,0,28,,29507,5,,,0,198,,42399,5,,,0,98,,29498,5,,,0,70,,29499,5,,,0,130,,29502,5,,,0,100,,29503,5,,,0,99,,29504,5,,,0,100,,42400,5,,,0
7019,'1886',530,,44582,5,,,0,103,,44583,5,,,0,70,,44584,5,,,0,202,,44585,5,,,0,330,,44588,5,,,0,70,,44586,5,,,0,101,,44587,5,,,0,30,,44594,5,,,0,171,,44595,5,,,0,30,,44589,5,,,0,68,,44590,5,,,0,100,,44591,5,,,0,128,,44592,5,,,0,70,,44593,5,,,0
7019,'1887',702,,44599,5,,,0,30,,44604,5,,,0,171,,44600,5,,,0,100,,44601,5,,,0,30,,44605,5,,,0,70,,44602,5,,,0,200,,44603,5,,,0,30,,44606,5,,,0,271,,44608,5,,,0,29,,44607,5,,,0,70,,44609,5,,,0,100,,44612,5,,,0,99,,44610,5,,,0,30,,44598,5,,,0,70,,44611,5,,,0
7019,'1888',933,,44619,5,,,0,300,,44617,5,,,0,301,,44618,5,,,0,298,,44615,5,,,0,300,,44616,5,,,0
