60019,'1867',616,,38497,5,,,0,30,,38506,5,,,0,70,,38496,5,,,0,30,,38507,5,,,0,71,,38495,5,,,0,29,,38508,5,,,0,71,,38498,5,,,0,30,,38509,5,,,0,70,,38494,5,,,0,30,,38510,5,,,0,70,,38515,5,,,0,30,,38511,5,,,0,70,,38512,5,,,0,30,,38513,5,,,0,70,,38518,5,,,0,30,,38505,5,,,0,70,,38516,5,,,0,30,,38525,5,,,0,70,,38502,5,,,0,30,,38522,5,,,0,70,,38500,5,,,0,30,,38521,5,,,0,70,,38517,5,,,0,30,,38524,5,,,0,70,,38503,5,,,0,30,,38520,5,,,0,70,,38499,5,,,0,30,,38519,5,,,0,70,,38501,5,,,0,30,,38504,5,,,0,69,,38493,5,,,0,31,,38523,5,4,,0,70,,38514,5,4,,0
60019,'1875',616,,22174,5,,,0,30,,22183,5,,,0,70,,22173,5,,,0,30,,22184,5,,,0,71,,22172,5,,,0,29,,22185,5,,,0,71,,22175,5,,,0,30,,22186,5,,,0,70,,22171,5,,,0,30,,22187,5,,,0,70,,22192,5,,,0,30,,22188,5,,,0,70,,22189,5,,,0,30,,22190,5,,,0,70,,22195,5,,,0,30,,22182,5,,,0,70,,22193,5,,,0,30,,22202,5,,,0,70,,22179,5,,,0,30,,22199,5,,,0,70,,22177,5,,,0,30,,22198,5,,,0,70,,22194,5,,,0,30,,22201,5,,,0,70,,22180,5,,,0,30,,22197,5,,,0,70,,22176,5,,,0,30,,22196,5,,,0,70,,22178,5,,,0,30,,22181,5,,,0,69,,22170,5,,,0,31,,22200,5,4,,0,70,,22191,5,4,,0
601019,'1838',619,,39578,8,,,0,30,,39581,8,,,0,70,,39605,8,,,0,30,,39590,8,,,0,70,,39608,8,,,0,30,,39576,8,,,0,70,,39583,8,,,0,30,,39603,8,,,0,70,,39606,8,,,0,30,,39577,8,,,0,70,,39589,8,,,0,30,,39607,8,,,0,71,,39602,8,,,0,30,,39580,8,,,0,70,,39592,8,,,0,30,,39598,8,,,0,70,,39595,8,,,0,30,,39585,8,,,0,70,,39584,8,,,0,30,,39579,8,,,0,69,,39599,8,,,0,30,,39588,8,,,0,70,,39601,8,,,0,30,,39597,8,,,0,70,,39582,8,,,0,30,,39604,8,,,0,69,,39596,8,,,0,30,,39610,8,,,0,70,,39593,8,,,0,30,,39609,8,,,0,70,,39586,8,,,0,30,,39587,8,,,0,70,,39594,8,,,0,30,,39591,8,,,0
601019,'1857',616,,32973,8,,,0,20,,23253,8,,,0,68,,32967,8,0,19 2 11 2 22 1 23,0,28,,23263,8,0,19 2 11 2 22 1 23,0,71,,32966,8,0,19 2 11 2 22 1 23,0,29,,23262,8,0,19 2 11 2 22 1 23,0,24,,32978,8,,,0,70,,23278,8,,,0,30,,32981,8,,,0,70,,23276,8,,,0,30,,32979,8,,,0,70,,23280,8,,,0,30,,32983,8,,,0,70,,23277,8,,,0,30,,32980,8,,,0,70,,23283,8,,,0,30,,32982,8,,,0,60,,23241,8,,,0,15,,23270,8,0,19 2 11 2 22 1 23,0,15,,23258,8,0,19 2 11 2 22 1 23,0,55,,32975,8,0,19 2 11 2 22 1 23,0,15,,23254,8,0,19 2 11 2 22 1 23,0,15,,23267,8,0,19 2 11 2 22 1 23,0,15,,23257,8,0,19 2 11 2 22 1 23,0,55,,32974,8,0,19 2 11 2 22 1 23,0,15,,23259,8,0,19 2 11 2 22 1 23,0,15,,23265,8,0,19 2 11 2 22 1 23,0,15,,23251,8,0,19 2 11 2 22 1 23,0,55,,32976,8,0,19 2 11 2 22 1 23,0,15,,23246,8,0,19 2 11 2 22 1 23,0,15,,23271,8,0,19 2 11 2 22 1 23,0,15,,23250,8,0,19 2 11 2 22 1 23,0,55,,32977,8,0,19 2 11 2 22 1 23,0,14,,23235,8,,,0,30,,23236,8,,,0,55,,32965,8,,,0,15,,23242,8,,,0,30,,23239,8,,,0,70,,23240,8,,,0,30,,23234,8,,,0,70,,23237,8,,,0,30,,23233,8,,,0,70,,23238,8,,,0,33,,23243,8,,,0
601019,'1865',616,,39644,8,,,0,20,,39636,8,,,0,14,,43677,8,0,19 2 11 2 22 1 23,0,54,,39631,8,0,19 2 11 2 22 1 23,0,12,,43676,8,0,19 2 11 2 22 1 23,0,16,,39646,8,0,19 2 11 2 22 1 23,0,16,,43678,8,0,19 2 11 2 22 1 23,0,55,,39630,8,0,19 2 11 2 22 1 23,0,15,,43675,8,0,19 2 11 2 22 1 23,0,14,,39645,8,0,19 2 11 2 22 1 23,0,24,,39656,8,,,0,70,,39661,8,,,0,30,,39662,8,,,0,70,,39659,8,,,0,30,,39657,8,,,0,70,,39663,8,,,0,30,,39665,8,,,0,70,,39660,8,,,0,30,,39658,8,,,0,70,,39666,8,,,0,30,,39664,8,,,0,60,,39624,8,,,0,15,,39653,8,0,19 2 11 2 22 1 23,0,15,,39641,8,0,19 2 11 2 22 1 23,0,55,,39649,8,0,19 2 11 2 22 1 23,0,15,,39637,8,0,19 2 11 2 22 1 23,0,15,,39650,8,0,19 2 11 2 22 1 23,0,15,,39640,8,0,19 2 11 2 22 1 23,0,55,,39647,8,0,19 2 11 2 22 1 23,0,15,,39642,8,0,19 2 11 2 22 1 23,0,15,,39648,8,0,19 2 11 2 22 1 23,0,15,,39634,8,0,19 2 11 2 22 1 23,0,55,,39651,8,0,19 2 11 2 22 1 23,0,15,,39629,8,0,19 2 11 2 22 1 23,0,15,,39654,8,0,19 2 11 2 22 1 23,0,15,,39633,8,0,19 2 11 2 22 1 23,0,55,,39652,8,0,19 2 11 2 22 1 23,0,14,,39618,8,,,0,30,,39619,8,,,0,55,,39627,8,,,0,15,,39625,8,,,0,30,,39622,8,,,0,70,,39623,8,,,0,30,,39617,8,,,0,70,,39620,8,,,0,30,,39616,8,,,0,70,,39621,8,,,0,33,,39626,8,,,0
601019,'1866',619,,39683,8,,,0,30,,39701,8,,,0,70,,39682,8,,,0,30,,39700,8,,,0,70,,39681,8,,,0,30,,39699,8,,,0,70,,39680,8,,,0,30,,39698,8,,,0,70,,39678,8,,,0,30,,39696,8,,,0,70,,39679,8,,,0,30,,39697,8,,,0,71,,39677,8,,,0,30,,39695,8,,,0,70,,39668,8,,,0,30,,39694,8,,,0,70,,39676,8,,,0,30,,39693,8,,,0,70,,39674,8,,,0,30,,39692,8,,,0,69,,39669,8,,,0,30,,39690,8,,,0,70,,39671,8,,,0,30,,39691,8,,,0,70,,39675,8,,,0,30,,39689,8,,,0,69,,39670,8,,,0,30,,39688,8,,,0,70,,39673,8,,,0,30,,39687,8,,,0,70,,39672,8,,,0,30,,39686,8,,,0,70,,39667,8,,,0,30,,39685,8,,,0
601019,'1867',2147,,39704,1,,,0,70,,39703,1,,,0,31,,39702,8,,,0
601019,'1871',650,,39613,8,0,19 2 11 2 22 1 23,0,66,,39612,8,0,19 2 11 2 22 1 23,0,32,,39614,8,0,19 2 11 2 22 1 23,0,70,,39611,8,0,19 2 11 2 22 1 23,0
601019,'1873',619,,23300,8,,,0,30,,23318,8,,,0,70,,23299,8,,,0,30,,23317,8,,,0,70,,23298,8,,,0,30,,23316,8,,,0,70,,23297,8,,,0,30,,23315,8,,,0,70,,23295,8,,,0,30,,23313,8,,,0,70,,23296,8,,,0,30,,23314,8,,,0,71,,23294,8,,,0,30,,23312,8,,,0,70,,23285,8,,,0,30,,23311,8,,,0,70,,23293,8,,,0,30,,23310,8,,,0,70,,23291,8,,,0,30,,23309,8,,,0,69,,23286,8,,,0,30,,23307,8,,,0,70,,23288,8,,,0,30,,23308,8,,,0,70,,23292,8,,,0,30,,23306,8,,,0,69,,23287,8,,,0,30,,23305,8,,,0,70,,23290,8,,,0,30,,23304,8,,,0,70,,23289,8,,,0,30,,23303,8,,,0,70,,23284,8,,,0,30,,23302,8,,,0
601019,'1875',2147,,23321,1,,,0,70,,23320,1,,,0,31,,23319,8,,,0
601019,'1876',650,,43682,8,0,19 2 11 2 22 1 23,0,66,,43681,8,0,19 2 11 2 22 1 23,0,32,,43683,8,0,19 2 11 2 22 1 23,0,70,,43680,8,0,19 2 11 2 22 1 23,0
