1029,'1796',626,,19297,47,,,0,30,,19298,47,,,0,70,,19318,47,,,0,30,,19294,47,,,0,71,,19289,47,,,0,30,,19322,47,,,0,69,,19292,47,,,0,30,,19299,47,,,0,71,,19317,47,,,0,30,,19296,47,,,0,70,,19288,47,,,0,30,,19321,47,,,0,70,,19293,47,,,0,30,,19300,47,,,0,70,,19316,47,,,0,30,,19295,47,,,0,70,,19290,47,,,0,30,,19319,47,,,0,70,,19291,47,,,0,30,,19301,47,,,0,70,,19315,47,,,0,30,,19304,47,,,0,70,,19303,47,,,0,29,,19302,47,,,0,70,,19308,47,,,0,30,,19307,47,,,0,70,,19306,47,,,0,30,,19305,47,,,0,70,,19320,47,,,0,30,,19314,47,,,0,70,,19313,47,,,0,30,,19312,47,,,0,70,,19311,47,,,0,30,,19310,47,,,0,65,,19309,47,,,0
1029,'1797',626,,19328,47,,,0,30,,19340,47,,,0,70,,19347,47,,,0,30,,19335,47,,,0,70,,19356,47,,,0,30,,19344,47,,,0,69,,19327,47,,,0,31,,19339,47,,,0,70,,19350,47,,,0,30,,19334,47,,,0,70,,19357,47,,,0,30,,19343,47,,,0,70,,19326,47,,,0,30,,19338,47,,,0,70,,19349,47,,,0,30,,19333,47,,,0,70,,19329,47,,,0,30,,19342,47,,,0,70,,19325,47,,,0,30,,19337,47,,,0,70,,19345,47,,,0,30,,19332,47,,,0,70,,19354,47,,,0,30,,19341,47,,,0,70,,19324,47,,,0,30,,19336,47,,,0,70,,19348,47,,,0,30,,19330,47,,,0,70,,19352,47,,,0,30,,19351,47,,,0,70,,19323,47,,,0,30,,19331,47,,,0,70,,19346,47,,,0,30,,19355,47,,,0,65,,19353,47,,,0
1029,'1798',626,,19358,47,,,0,100,,19359,47,,,0,100,,19360,47,,,0,100,,19361,47,,,0,100,,19362,47,,,0,100,,19363,47,,,0,100,,19364,47,,,0,100,,19365,47,,,0,100,,19366,47,,,0,100,,19367,47,,,0,100,,19368,47,,,0,100,,19369,47,,,0,100,,19370,47,,,0,100,,19371,47,,,0,100,,19372,47,,,0,100,,19373,47,,,0,100,,19374,47,,,0,95,,19375,47,,,0
1029,'1799',626,,19376,47,,,0,100,,19377,47,,,0,100,,19378,47,,,0,100,,19379,47,,,0,100,,19380,47,,,0,100,,19381,47,,,0,100,,19382,47,,,0,100,,19383,47,,,0,100,,19384,47,,,0,100,,19385,47,,,0,100,,19386,47,,,0,100,,19387,47,,,0,100,,19388,47,,,0,100,,19389,47,,,0,100,,19390,47,,,0,100,,19391,47,,,0,100,,19392,47,,,0,95,,19393,47,,,0
1029,'1800',626,,19394,47,,,0,100,,19395,47,,,0,100,,19396,47,,,0,100,,19397,47,,,0,100,,19398,47,,,0,100,,19399,47,,,0,100,,19400,47,,,0,100,,19401,47,,,0,100,,19402,47,,,0,100,,19403,47,,,0,100,,19404,47,,,0,100,,19405,47,,,0,100,,19406,47,,,0,100,,19407,47,,,0,100,,19408,47,,,0,100,,19409,47,,,0,100,,19410,47,,,0,95,,19411,47,,,0
1029,'1817',626,,16625,47,,,0,100,,16626,47,,,0,100,,16627,47,,,0,100,,16628,47,,,0,100,,16629,47,,,0,100,,16630,47,,,0,100,,16631,47,,,0,100,,16632,47,,,0,100,,16633,47,,,0,100,,16634,47,,,0,100,,16635,47,,,0,100,,16636,47,,,0,100,,16637,47,,,0,100,,16638,47,,,0,100,,16639,47,,,0,100,,16640,47,,,0,100,,16641,47,,,0,95,,16642,47,,,0
1029,'1824',626,,16682,47,,,0,30,,16694,47,,,0,70,,16701,47,,,0,30,,16689,47,,,0,70,,16710,47,,,0,30,,16698,47,,,0,69,,16681,47,,,0,31,,16693,47,,,0,70,,16704,47,,,0,30,,16688,47,,,0,70,,16711,47,,,0,30,,16697,47,,,0,70,,16680,47,,,0,30,,16692,47,,,0,70,,16703,47,,,0,30,,16687,47,,,0,70,,16683,47,,,0,30,,16696,47,,,0,70,,16679,47,,,0,30,,16691,47,,,0,70,,16699,47,,,0,30,,16686,47,,,0,70,,16708,47,,,0,30,,16695,47,,,0,70,,16678,47,,,0,30,,16690,47,,,0,70,,16702,47,,,0,30,,16684,47,,,0,70,,16706,47,,,0,30,,16705,47,,,0,70,,16677,47,,,0,30,,16685,47,,,0,70,,16700,47,,,0,30,,16709,47,,,0,65,,16707,47,,,0
2029,'1796',544,,19588,29,,,0,67,,19562,44,,,0,30,,19563,44,,,0,70,,19564,44,,,0,30,,19565,44,,,0,70,,19566,44,,,0,30,,19567,44,,,0,70,,19568,44,,,0,30,,19569,44,,,0,70,,19570,44,,,0,30,,19571,44,,,0,70,,19572,44,,,0,30,,19573,44,,,0,70,,19574,44,,,0,30,,19575,44,,,0,70,,19576,44,,,0,30,,19577,44,,,0,70,,19578,44,,,0,30,,19579,44,,,0,70,,19580,44,,,0,30,,19581,44,,,0,70,,19582,44,,,0,30,,19583,44,,,0,70,,19584,44,,,0,31,,19585,44,,,0,69,,19586,44,,,0,30,,19587,44,,,0,70,,19591,44,,,0,30,,19592,44,,,0,100,,19593,44,,,0,100,,19594,44,,,0,100,,19590,44,,,0
2029,'1797',611,,19628,44,0,5 2 15 16 17,0,30,,19611,44,,,0,70,,19618,44,,,0,30,,19597,44,,,0,70,,19603,44,,,0,30,,19612,44,,,0,70,,19619,44,,,0,30,,19598,44,,,0,70,,19604,44,,,0,30,,19613,44,,,0,70,,19620,44,,,0,30,,19599,44,,,0,70,,19605,44,,,0,30,,19614,44,,,0,70,,19621,44,,,0,30,,19600,44,,,0,70,,19606,44,,,0,30,,19615,44,,,0,70,,19622,44,,,0,30,,19601,44,,,0,70,,19607,44,,,0,30,,19616,44,,,0,70,,19623,44,,,0,30,,19602,44,,,0,70,,19608,44,,,0,30,,19617,44,,,0,70,,19624,44,,,0,30,,19609,44,,,0,100,,19625,44,,,0,100,,19610,44,,,0,100,,19626,44,,,0
2029,'1798',641,,19632,44,,,0,70,,19640,44,,,0,30,,19651,44,,,0,70,,19646,44,,,0,30,,19633,44,,,0,70,,19641,44,,,0,30,,19652,44,,,0,70,,19647,44,,,0,30,,19634,44,,,0,70,,19642,44,,,0,30,,19653,44,,,0,70,,19648,44,,,0,30,,19635,44,,,0,70,,19643,44,,,0,30,,19654,44,,,0,70,,19649,44,,,0,30,,19636,44,,,0,70,,19644,44,,,0,30,,19655,44,,,0,70,,19650,44,,,0,30,,19637,44,,,0,70,,19645,44,,,0,30,,19656,44,,,0,100,,19638,44,,,0,100,,19657,44,,,0,100,,19639,44,,,0,100,,19658,44,,,0,100,,19631,44,,,0
2029,'1799',641,,19664,44,,,0,70,,19672,44,,,0,30,,19683,44,,,0,70,,19678,44,,,0,30,,19665,44,,,0,70,,19673,44,,,0,30,,19684,44,,,0,70,,19679,44,,,0,30,,19666,44,,,0,70,,19674,44,,,0,30,,19685,44,,,0,70,,19680,44,,,0,30,,19667,44,,,0,70,,19675,44,,,0,30,,19686,44,,,0,70,,19681,44,,,0,30,,19668,44,,,0,70,,19676,44,,,0,30,,19687,44,,,0,70,,19682,44,,,0,30,,19669,44,,,0,70,,19677,44,,,0,30,,19688,44,,,0,100,,19670,44,,,0,100,,19689,44,,,0,100,,19671,44,,,0,100,,19690,44,,,0,100,,19663,44,,,0
2029,'1800',641,,19696,44,,,0,70,,19704,44,,,0,30,,19715,44,,,0,70,,19710,44,,,0,30,,19697,44,,,0,70,,19705,44,,,0,30,,19716,44,,,0,70,,19711,44,,,0,30,,19698,44,,,0,70,,19706,44,,,0,30,,19717,44,,,0,70,,19712,44,,,0,30,,19699,44,,,0,70,,19707,44,,,0,30,,19718,44,,,0,70,,19713,44,,,0,30,,19700,44,,,0,70,,19708,44,,,0,30,,19719,44,,,0,70,,19714,44,,,0,30,,19701,44,,,0,70,,19709,44,,,0,30,,19720,44,,,0,100,,19702,44,,,0,100,,19721,44,,,0,100,,19703,44,,,0,100,,19722,44,,,0,100,,19695,44,,,0
2029,'1816',611,,5908,44,0,5 2 15 16 17,0,30,,5891,44,,,0,70,,5898,44,,,0,30,,5877,44,,,0,70,,5883,44,,,0,30,,5892,44,,,0,70,,5899,44,,,0,30,,5878,44,,,0,70,,5884,44,,,0,30,,5893,44,,,0,70,,5900,44,,,0,30,,5879,44,,,0,70,,5885,44,,,0,30,,5894,44,,,0,70,,5901,44,,,0,30,,5880,44,,,0,70,,5886,44,,,0,30,,5895,44,,,0,70,,5902,44,,,0,30,,5881,44,,,0,70,,5887,44,,,0,30,,5896,44,,,0,70,,5903,44,,,0,30,,5882,44,,,0,70,,5888,44,,,0,30,,5897,44,,,0,70,,5904,44,,,0,30,,5889,44,,,0,100,,5905,44,,,0,100,,5890,44,,,0,100,,5906,44,,,0
2029,'1817',641,,9443,44,,,0,70,,9451,44,,,0,30,,9462,44,,,0,70,,9457,44,,,0,30,,9444,44,,,0,70,,9452,44,,,0,30,,9463,44,,,0,70,,9458,44,,,0,30,,9445,44,,,0,70,,9453,44,,,0,30,,9464,44,,,0,70,,9459,44,,,0,30,,9446,44,,,0,70,,9454,44,,,0,30,,9465,44,,,0,70,,9460,44,,,0,30,,9447,44,,,0,70,,9455,44,,,0,30,,9466,44,,,0,70,,9461,44,,,0,30,,9448,44,,,0,70,,9456,44,,,0,30,,9467,44,,,0,100,,9449,44,,,0,100,,9468,44,,,0,100,,9450,44,,,0,100,,9469,44,,,0,100,,9442,44,,,0
14000001029,'1796',448,,24916,28,0,18 7,0,102,,24917,28,0,18 7,0,1852,,24919,28,,,0,30,,24920,28,,,0,70,,24923,28,,,0,30,,24918,28,,,0,70,,24921,28,,,0,30,,24922,28,,,0
14000001029,'1797',549,,24928,28,0,18 7,0,1853,,24930,28,,,0,30,,24925,28,,,0,70,,24924,28,,,0,30,,24926,28,,,0,70,,24929,28,,,0,30,,24927,28,,,0
14000001029,'1798',549,,24937,28,0,18 7,0,1853,,24931,28,,,0,30,,24935,28,,,0,70,,24936,28,,,0,30,,24933,28,,,0,70,,24934,28,,,0,30,,24932,28,,,0
14000001029,'1799',549,,24944,28,0,18 7,0,1853,,24938,28,,,0,30,,24942,28,,,0,70,,24943,28,,,0,30,,24940,28,,,0,70,,24941,28,,,0,30,,24939,28,,,0
14000001029,'1800',549,,24951,28,0,18 7,0,1853,,24945,28,,,0,30,,24949,28,,,0,70,,24950,28,,,0,30,,24947,28,,,0,70,,24948,28,,,0,30,,24946,28,,,0
14000001029,'1816',2432,,9292,28,,,0,170,,9296,28,,,0
14000001029,'1817',549,,19150,28,0,18 7,0,1853,,19146,28,,,0,30,,13744,28,,,0,70,,19149,28,,,0,30,,19148,28,,,0,70,,13743,28,,,0,30,,19147,28,,,0
14000001029,'1824',549,,19160,28,0,18 7,0,1853,,19161,28,,,0,100,,19157,28,,,0,30,,19158,28,,,0,100,,19159,28,,,0
