701019,'1816',616,,12829,9,4,,0,1,,12831,1,,,0,96,,12822,9,4,,0,2,,12776,1,,,0,28,,12808,9,4,,0,2,,12788,1,,,0,85,,12835,1,,,0,13,,12818,9,4,,0,2,,12766,1,,,0,55,,12836,1,,,0,13,,12823,9,4,,0,2,,12777,1,,,0,85,,12846,1,,,0,14,,12814,9,4,,0,1,,12801,1,,,0,15,,12841,1,,,0,100,,12842,1,,,0,14,,12810,9,4,,0,1,,12790,1,,,0,55,,12845,1,,,0,100,,12856,1,,,0,30,,12855,1,,,0,100,,12853,1,,,0,70,,12852,1,,,0,100,,12851,1,,,0,30,,12850,1,,,0,100,,12848,1,,,0,70,,12847,1,,,0,100,,12832,1,,,0,30,,12837,1,,,0,100,,12839,1,,,0
701019,'1817',616,,18632,9,4,,0,1,,18631,1,,,0,27,,18659,9,4,,0,1,,18664,1,,,0,68,,18650,9,4,,0,2,,18649,1,,,0,28,,18629,9,4,,0,2,,18630,1,,,0,55,,12552,1,,,0,13,,18651,9,4,,0,2,,18667,1,,,0,15,,18608,1,,,0,13,,18633,9,4,,0,2,,18638,1,,,0,55,,12536,1,,,0,13,,18628,9,4,,0,2,,18627,1,,,0,15,,12553,1,,,0,13,,12603,9,4,,0,2,,12615,1,,,0,55,,18607,1,,,0,14,,18636,9,4,,0,1,,18647,1,,,0,15,,12537,1,,,0,14,,18625,9,4,,0,1,,18626,1,,,0,55,,12532,1,,,0,14,,18654,9,4,,0,1,,18660,1,,,0,15,,12540,1,,,0,14,,12580,9,4,,0,1,,12594,1,,,0,55,,12535,1,,,0,15,,18624,9,4,,0,15,,12547,1,,,0,15,,12600,9,4,,0,55,,12538,1,,,0,15,,12584,9,4,,0,15,,12543,1,,,0,15,,18622,9,4,,0,55,,12546,1,,,0,15,,18653,9,4,,0,15,,12533,1,,,0,15,,18637,9,4,,0,55,,12545,1,,,0,15,,18620,9,4,,0,15,,12549,1,,,0,15,,18652,9,4,,0,55,,12530,1,,,0,15,,18634,9,4,,0,15,,12531,1,,,0,15,,18618,9,4,,0,55,,12548,1,,,0,14,,18655,9,4,,0,1,,18657,1,,,0,15,,12529,1,,,0,14,,18642,9,4,,0,1,,18640,1,,,0,55,,12544,1,,,0,14,,18615,9,4,,0,1,,18616,1,,,0,15,,12550,1,,,0,14,,18666,9,4,,0,1,,18656,1,,,0,55,,12541,1,,,0,13,,18644,9,4,,0,2,,18641,1,,,0,15,,12542,1,,,0,13,,18613,9,4,,0,2,,18614,1,,,0,55,,12551,1,,,0,13,,18662,9,4,,0,2,,18669,1,,,0,15,,12539,1,,,0,13,,18646,9,4,,0,2,,18639,1,,,0,68,,18610,9,4,,0,2,,18611,1,,,0,28,,18658,9,4,,0,2,,18665,1,,,0,67,,18645,9,4,,0,3,,18635,1,,,0,27,,18612,9,4,,0,3,,18609,1,,,0,67,,18661,9,4,,0,3,,18670,1,,,0,22,,18673,9,4,,0,3,,18672,1,,,0,65,,18671,1,,,0
701019,'1820',626,,15928,9,4,,0,1,,15874,1,,,0,73,,15929,9,4,,0,100,,15876,1,,,0,23,,15930,9,4,,0,7,,15877,1,,,0,100,,15878,1,,,0,70,,15879,1,,,0,100,,15880,1,,,0,14,,15913,9,4,,0,1,,15881,1,,,0,15,,15882,1,,,0,70,,15883,1,,,0,14,,15914,9,4,,0,1,,15884,1,,,0,15,,15885,1,,,0,70,,15886,1,,,0,14,,15915,9,4,,0,1,,15887,1,,,0,15,,15888,1,,,0,14,,15916,9,4,,0,1,,15889,1,,,0,55,,15890,1,,,0,13,,15917,9,4,,0,2,,15891,1,,,0,15,,15892,1,,,0,12,,15918,9,4,,0,3,,15893,1,,,0,55,,15933,1,,,0,25,,15919,9,4,,0,5,,15894,1,,,0,14,,15932,9,4,,0,1,,15895,1,,,0,55,,15896,1,,,0,15,,15934,1,,,0,9,,15920,9,4,,0,6,,15897,1,,,0,14,,15921,9,4,,0,1,,15898,1,,,0,80,,15931,9,4,,0,5,,15899,1,,,0,15,,15927,9,4,,0,55,,15901,1,,,0,29,,15926,9,4,,0,1,,15902,1,,,0,70,,15903,1,,,0,14,,15922,9,4,,0,1,,15904,1,,,0,15,,15905,1,,,0,70,,15906,1,,,0,30,,15907,1,,,0,13,,15923,9,4,,0,2,,15908,1,,,0,167,,15924,9,4,,0,3,,15909,1,,,0,97,,15925,9,4,,0,3,,15910,1,,,0,22,,15935,9,4,,0,3,,15911,1,,,0,65,,15912,1,,,0
701019,'1821',556,,12745,9,4,,0,1,,12655,1,,,0,87,,12756,9,4,,0,1,,12657,1,,,0,70,,12659,1,,,0,11,,12755,9,4,,0,4,,12660,1,,,0,15,,12748,9,4,,0,65,,12749,9,4,,0,5,,12663,1,,,0,28,,12751,9,4,,0,2,,12665,1,,,0,55,,12666,1,,,0,14,,12718,9,4,,0,1,,12667,1,,,0,99,,12719,9,4,,0,1,,12670,1,,,0,15,,12671,1,,,0,14,,12720,9,4,,0,1,,12672,1,,,0,99,,12722,9,4,,0,1,,12676,1,,,0,99,,12724,9,4,,0,1,,12680,1,,,0,270,,12689,1,,,0,185,,12695,1,,,0,15,,12696,1,,,0,94,,12743,9,4,,0,6,,12700,1,,,0,29,,12732,9,4,,0,1,,12702,1,,,0,98,,12734,9,4,,0,2,,12706,1,,,0,68,,12735,9,4,,0,2,,12708,1,,,0,98,,12737,9,4,,0,2,,12711,1,,,0,28,,12738,9,4,,0,2,,12712,1,,,0,97,,12740,9,4,,0,3,,12714,1,,,0
701019,'1823',626,,18728,9,4,,0,1,,18674,1,,,0,73,,18729,9,4,,0,100,,18676,1,,,0,23,,18730,9,4,,0,7,,18677,1,,,0,100,,18678,1,,,0,70,,18679,1,,,0,100,,18680,1,,,0,14,,18713,9,4,,0,1,,18681,1,,,0,15,,18682,1,,,0,70,,18683,1,,,0,14,,18714,9,4,,0,1,,18684,1,,,0,15,,18685,1,,,0,70,,18686,1,,,0,14,,18715,9,4,,0,1,,18687,1,,,0,15,,18688,1,,,0,14,,18716,9,4,,0,1,,18689,1,,,0,55,,18690,1,,,0,13,,18717,9,4,,0,2,,18691,1,,,0,15,,18692,1,,,0,12,,18718,9,4,,0,3,,18693,1,,,0,55,,18733,1,,,0,25,,18719,9,4,,0,5,,18694,1,,,0,14,,18732,9,4,,0,1,,18695,1,,,0,55,,18696,1,,,0,15,,18734,1,,,0,9,,18720,9,4,,0,6,,18697,1,,,0,14,,18721,9,4,,0,1,,18698,1,,,0,80,,18731,9,4,,0,5,,18699,1,,,0,15,,18727,9,4,,0,55,,18701,1,,,0,29,,18726,9,4,,0,1,,18702,1,,,0,70,,18703,1,,,0,14,,18722,9,4,,0,1,,18704,1,,,0,15,,18705,1,,,0,70,,18706,1,,,0,30,,18707,1,,,0,13,,18723,9,4,,0,2,,18708,1,,,0,167,,18724,9,4,,0,3,,18709,1,,,0,97,,18725,9,4,,0,3,,18710,1,,,0,22,,18735,9,4,,0,3,,18711,1,,,0,65,,18712,1,,,0
701019,'1824',644,,18757,9,4,,0,1,,18767,1,,,0,155,,18795,1,,,0,13,,18781,9,4,,0,2,,18771,1,,,0,115,,18798,1,,,0,13,,18778,9,4,,0,2,,18761,1,,,0,99,,18785,9,4,,0,1,,18742,1,,,0,55,,18799,1,,,0,14,,18788,9,4,,0,1,,18751,1,,,0,100,,18782,9,4,,0,15,,18802,1,,,0,15,,18786,9,4,,0,70,,18789,9,4,,0,30,,18779,9,4,,0,55,,18801,1,,,0,15,,18783,9,4,,0,30,,18787,9,4,,0,70,,18790,9,4,,0,15,,18803,1,,,0,15,,18780,9,4,,0,70,,18784,9,4,,0,30,,18792,9,4,,0,55,,18800,1,,,0,14,,18738,9,4,,0,1,,18754,1,,,0,29,,18748,9,4,,0,1,,18764,1,,,0,69,,18758,9,4,,0,1,,18775,1,,,0,15,,18804,1,,,0,14,,18768,9,4,,0,1,,18746,1,,,0,68,,18739,9,4,,0,2,,18755,1,,,0,28,,18749,9,4,,0,2,,18765,1,,,0,55,,18796,1,,,0,13,,18759,9,4,,0,2,,18776,1,,,0,28,,18769,9,4,,0,2,,18747,1,,,0,68,,18740,9,4,,0,2,,18756,1,,,0,28,,18750,9,4,,0,2,,18766,1,,,0,67,,18760,9,4,,0,3,,18777,1,,,0,27,,18770,9,4,,0,3,,18791,1,,,0,67,,18741,9,4,,0,3,,18793,1,,,0,22,,18805,9,4,,0,3,,18797,1,,,0,65,,18794,1,,,0
702029,'1817',2402,,18920,19,4,,0
702029,'1820',2401,,16238,19,4,,0
702029,'1823',2401,,18938,19,4,,0
702029,'1824',2402,,18999,19,4,,0
801019,'1816',828,,13476,11,4,,0,30,,13477,11,4,,0,100,,13462,11,4,,0,70,,13461,11,4,,0,100,,13466,11,4,,0,30,,13471,11,4,,0,100,,13469,11,4,,0,70,,13468,11,4,,0,100,,13465,11,4,,0,30,,13474,11,4,,0,100,,13455,11,4,,0,70,,13456,11,4,,0,100,,13460,11,4,,0,30,,13473,11,4,,0,100,,13464,11,4,,0,71,,13478,11,4,,0,100,,13480,11,4,,0
801019,'1817',758,,13407,11,4,,0,70,,19002,11,4,,0,30,,13411,11,4,,0,70,,13400,11,4,,0,30,,19001,11,4,,0,70,,13405,11,4,,0,30,,13418,11,4,,0,70,,13409,11,4,,0,30,,13406,11,4,,0,70,,13415,11,4,,0,30,,13401,11,4,,0,70,,13412,11,4,,0,30,,13414,11,4,,0,70,,13410,11,4,,0,30,,13397,11,4,,0,70,,13416,11,4,,0,30,,13402,11,4,,0,70,,13398,11,4,,0,30,,13413,11,4,,0,70,,13396,11,4,,0,30,,13399,11,4,,0,70,,13417,11,4,,0,30,,13394,11,4,,0,71,,13404,11,4,,0,30,,13419,11,4,,0,70,,13408,11,4,,0
801019,'1820',754,,16355,11,4,,0,175,,16338,11,4,,0,30,,16339,11,4,,0,100,,16340,11,4,,0,70,,16341,11,4,,0,30,,16342,11,4,,0,70,,16343,11,4,,0,30,,16344,11,4,,0,70,,16345,11,4,,0,30,,16346,11,4,,0,70,,16347,11,4,,0,30,,16360,11,4,,0,95,,16348,11,4,,0,60,,16349,11,4,,0,140,,16350,11,4,,0,104,,16351,11,4,,0,70,,16352,11,4,,0,30,,16353,11,4,,0,70,,16354,11,4,,0
801019,'1821',859,,13420,11,4,,0,170,,13423,11,4,,0,625,,13434,11,4,,0,60,,13435,11,4,,0
801019,'1823',754,,19020,11,4,,0,175,,19003,11,4,,0,30,,19004,11,4,,0,100,,19005,11,4,,0,70,,19006,11,4,,0,30,,19007,11,4,,0,70,,19008,11,4,,0,30,,19009,11,4,,0,70,,19010,11,4,,0,30,,19011,11,4,,0,70,,19012,11,4,,0,30,,19025,11,4,,0,95,,19013,11,4,,0,60,,19014,11,4,,0,140,,19015,11,4,,0,104,,19016,11,4,,0,70,,19017,11,4,,0,30,,19018,11,4,,0,70,,19019,11,4,,0
801019,'1824',758,,19038,11,4,,0,170,,19034,11,4,,0,130,,19037,11,4,,0,170,,19036,11,4,,0,130,,19031,11,4,,0,170,,19033,11,4,,0,130,,19032,11,4,,0,170,,19035,11,4,,0,131,,19039,11,4,,0
