11019,'1838',852,,44732,6,,,0,101,,44733,6,,,0,103,,44734,6,,,0,100,,44735,6,,,0,100,,44736,6,,,0,100,,44737,6,,,0,100,,44738,6,,,0,100,,44739,6,,,0,100,,44740,6,,,0,97,,44741,6,,,0,100,,36461,6,,,0,99,,44742,6,,,0,95,,42456,6,0,5 2 8 7,0
11019,'1865',653,,36492,6,,,0,101,,36493,6,,,0,99,,44743,6,,,0,100,,44744,6,,,0,100,,44745,6,,,0,100,,44746,6,,,0,100,,44747,6,,,0,100,,44748,6,,,0,100,,44749,6,,,0,100,,42458,6,,,0,100,,44750,6,,,0,100,,44751,6,,,0,99,,44752,6,,,0,100,,36505,6,,,0,100,,44753,6,,,0,95,,44754,6,0,5 2 8 7,0
11019,'1866',652,,44757,6,,,0,100,,44758,6,,,0,100,,44759,6,,,0,101,,44760,6,,,0,100,,44761,6,,,0,103,,44762,6,,,0,100,,44763,6,,,0,100,,36517,6,,,0,100,,44764,6,,,0,100,,36519,6,,,0,100,,36520,6,,,0,97,,44765,6,,,0,100,,44755,6,,,0,99,,44756,6,,,0,100,,44766,6,0,5 2 8 7,0
11019,'1867',852,,44767,6,,,0,101,,44768,6,,,0,103,,44769,6,,,0,100,,44770,6,,,0,100,,44771,6,,,0,100,,44772,6,,,0,100,,44773,6,,,0,100,,44774,6,,,0,100,,44775,6,,,0,97,,44776,6,,,0,100,,36533,6,,,0,99,,44777,6,,,0,95,,42467,6,0,5 2 8 7,0
11019,'1873',1356,,29875,6,,,0,200,,29877,6,,,0,100,,29878,6,,,0
11019,'1878',1853,,29891,6,,,0,194,,42478,6,0,5 2 8 7,0
11019,'1881',853,,29912,6,,,0,100,,42468,6,,,0,100,,29914,6,,,0,100,,36483,6,,,0,100,,36484,6,,,0,100,,36485,6,,,0,100,,36486,6,,,0,200,,36488,6,,,0,100,,36489,6,,,0,99,,36490,6,,,0,200,,42470,6,,,0,95,,29925,6,0,5 2 8 7,0
11019,'1882',653,,29910,6,,,0,101,,29911,6,,,0,799,,42469,6,,,0,399,,29923,6,,,0
11019,'1886',853,,44778,6,,,0,100,,44779,6,,,0,100,,44780,6,,,0,100,,44781,6,,,0,100,,44782,6,,,0,100,,44783,6,,,0,100,,44784,6,,,0,200,,44785,6,,,0,100,,44786,6,,,0,99,,44787,6,,,0,200,,44788,6,,,0,95,,44789,6,0,5 2 8 7,0
11019,'1887',652,,44792,6,,,0,100,,44793,6,,,0,100,,44794,6,,,0,101,,44795,6,,,0,100,,44796,6,,,0,103,,44797,6,,,0,100,,44798,6,,,0,200,,44799,6,,,0,297,,44800,6,,,0,100,,44790,6,,,0,99,,44791,6,,,0,100,,44801,6,0,5 2 8 7,0
11019,'1888',852,,44802,6,,,0,101,,44803,6,,,0,103,,44804,6,,,0,100,,44805,6,,,0,100,,44806,6,,,0,100,,44807,6,,,0,100,,44808,6,,,0,100,,44809,6,,,0,100,,44810,6,,,0,97,,44811,6,,,0,199,,44812,6,,,0
