15029,'1838',704,,36977,9,,,0,98,,45082,9,,,0,100,,36974,9,,,0,100,,36975,9,,,0,101,,45083,9,,,0,100,,36972,9,,,0,100,,36969,9,,,0,102,,45081,9,,,0,100,,36971,9,,,0,100,,36968,9,,,0,99,,45080,9,,,0,99,,36966,9,,,0,100,,36967,9,,,0,100,,45079,9,,,0
15029,'1865',629,,36995,9,,,0,29,,36996,9,,,0,71,,36997,9,,,0,71,,45086,9,,,0,35,,36999,9,,,0,70,,37000,9,,,0,25,,37001,9,,,0,70,,37002,9,,,0,30,,37003,9,,,0,70,,45087,9,,,0,30,,45088,9,,,0,70,,42575,9,,,0,30,,45089,9,,,0,70,,45090,9,,,0,30,,42576,9,,,0,70,,37010,9,,,0,31,,45091,9,,,0,75,,37012,9,,,0,32,,37013,9,,,0,70,,45092,9,,,0,29,,45093,9,,,0,66,,37016,9,,,0,29,,37017,9,,,0,69,,37018,9,,,0,27,,45094,9,,,0,30,,37020,9,,,0,70,,45095,9,,,0,30,,45096,9,,,0,70,,37023,9,,,0,100,,45098,9,,,0,97,,45097,9,,,0
15029,'1866',709,,37029,9,,,0,93,,37030,9,,,0,100,,45100,9,,,0,100,,37032,9,,,0,101,,37033,9,,,0,100,,45101,9,,,0,100,,37035,9,,,0,103,,37036,9,,,0,100,,45102,9,,,0,100,,37038,9,,,0,98,,37039,9,,,0,99,,45103,9,,,0,100,,37026,9,,,0,100,,37027,9,,,0
15029,'1867',704,,37054,9,,,0,98,,45107,9,,,0,100,,37051,9,,,0,100,,37052,9,,,0,101,,45108,9,,,0,100,,37049,9,,,0,100,,37046,9,,,0,102,,45106,9,,,0,100,,37048,9,,,0,100,,37045,9,,,0,99,,45105,9,,,0,99,,37043,9,,,0,100,,37044,9,,,0,100,,45104,9,,,0
15029,'1873',709,,30423,9,,,0,93,,30424,9,,,0,200,,30426,9,,,0,101,,30427,9,,,0,200,,30429,9,,,0,103,,30430,9,,,0,200,,30432,9,,,0,98,,30433,9,,,0,199,,30420,9,,,0,100,,30421,9,,,0
15029,'1878',704,,30448,9,,,0,198,,30445,9,,,0,100,,30446,9,,,0,201,,30443,9,,,0,100,,30440,9,,,0,202,,30442,9,,,0,100,,30439,9,,,0,198,,30437,9,,,0,100,,30438,9,,,0
15029,'1881',800,,36979,9,,,0,300,,36980,9,,,0,30,,36981,9,,,0,100,,36983,9,,,0,70,,36984,9,,,0,131,,36986,9,,,0,177,,36987,9,,,0,29,,36988,9,,,0,191,,30508,9,,,0,100,,36989,9,,,0,30,,42580,9,,,0,170,,36992,9,,,0,97,,36991,9,,,0
15029,'1882',629,,30484,9,,,0,29,,30485,9,,,0,71,,30486,9,,,0,106,,30488,9,,,0,70,,30489,9,,,0,25,,30490,9,,,0,70,,30491,9,,,0,30,,30492,9,,,0,170,,42578,9,,,0,130,,42579,9,,,0,70,,30499,9,,,0,106,,30501,9,,,0,32,,30502,9,,,0,165,,30505,9,,,0,29,,30506,9,,,0,69,,30507,9,,,0,57,,30509,9,,,0,170,,30512,9,,,0
15029,'1886',800,,45111,9,,,0,300,,45112,9,,,0,30,,45113,9,,,0,100,,45114,9,,,0,70,,45115,9,,,0,131,,45116,9,,,0,177,,45117,9,,,0,29,,45118,9,,,0,191,,45119,9,,,0,100,,45120,9,,,0,30,,45121,9,,,0,170,,45123,9,,,0,97,,45122,9,,,0
15029,'1887',902,,45125,9,,,0,301,,45126,9,,,0,303,,45127,9,,,0,297,,45128,9,,,0
15029,'1888',802,,45132,9,,,0,301,,45133,9,,,0,302,,45131,9,,,0,299,,45130,9,,,0,299,,45129,9,,,0
