10019,'1838',904,,36275,11,,,0,100,,36281,11,,,0,100,,36274,11,,,0,30,,36283,11,,,0,70,,36279,11,,,0,30,,36284,11,,,0,70,,36272,11,,,0,30,,36285,11,,,0,70,,36277,11,,,0,30,,36286,11,,,0,70,,36278,11,,,0,30,,36287,11,,,0,70,,36280,11,,,0,100,,36273,11,,,0,100,,36271,11,,,0,100,,36276,11,,,0,101,,36282,11,0,27 28 1 29,0
10019,'1865',533,,36312,11,,,0,70,,36302,11,,,0,30,,36313,11,,,0,70,,36303,11,,,0,30,,36314,11,,,0,70,,44713,11,,,0,101,,36304,11,,,0,100,,36300,11,,,0,100,,36299,11,,,0,100,,36298,11,,,0,100,,44711,11,,,0,100,,44710,11,,,0,100,,44712,11,,,0,100,,42439,11,,,0,30,,36315,11,,,0,70,,36293,11,,,0,30,,36316,11,,,0,70,,44714,11,,,0,30,,36317,11,,,0,70,,36306,11,,,0,30,,36318,11,,,0,70,,36307,11,,,0,100,,36308,11,,,0,100,,36309,11,,,0,101,,36311,11,0,27 28 1 29,0,100,,42441,11,0,27 28 1 29,0
10019,'1866',704,,36333,11,,,0,100,,36326,11,,,0,100,,36319,11,,,0,100,,36327,11,,,0,100,,36320,11,,,0,30,,36340,11,,,0,70,,36328,11,,,0,30,,36336,11,,,0,70,,36321,11,,,0,30,,36338,11,,,0,70,,36329,11,,,0,30,,36339,11,,,0,70,,36322,11,,,0,30,,36337,11,,,0,70,,36330,11,,,0,100,,36323,11,,,0,100,,36331,11,,,0,100,,36324,11,,,0,100,,36332,11,,,0,100,,36325,11,,,0,101,,36335,11,0,27 28 1 29,0,200,,44715,11,0,27 28 1 29,0
10019,'1867',904,,36345,11,,,0,100,,36351,11,,,0,100,,36344,11,,,0,30,,36357,11,,,0,70,,36349,11,,,0,30,,36353,11,,,0,70,,36342,11,,,0,30,,36355,11,,,0,70,,36347,11,,,0,30,,36356,11,,,0,70,,36348,11,,,0,30,,36354,11,,,0,70,,36350,11,,,0,100,,36343,11,,,0,100,,36341,11,,,0,100,,36346,11,,,0,101,,36352,11,0,27 28 1 29,0
10019,'1873',704,,29698,11,,,0,100,,29691,11,,,0,100,,29684,11,,,0,100,,29692,11,,,0,100,,29685,11,,,0,100,,29693,11,,,0,100,,29686,11,,,0,100,,29694,11,,,0,100,,29687,11,,,0,100,,29695,11,,,0,100,,29688,11,,,0,100,,29696,11,,,0,100,,29689,11,,,0,100,,29697,11,,,0,100,,29690,11,,,0,101,,29700,11,0,27 28 1 29,0
10019,'1878',904,,29705,11,,,0,100,,29711,11,,,0,100,,29704,11,,,0,100,,29709,11,,,0,100,,29702,11,,,0,100,,29707,11,,,0,100,,29708,11,,,0,100,,29710,11,,,0,100,,29703,11,,,0,100,,29701,11,,,0,100,,29706,11,,,0,101,,29712,11,0,27 28 1 29,0
10019,'1881',803,,36290,11,,,0,501,,29735,11,,,0,100,,29733,11,,,0,100,,36289,11,,,0,300,,42443,11,,,0
10019,'1882',603,,29741,11,,,0,100,,29742,11,,,0,201,,29743,11,,,0,100,,29739,11,,,0,100,,29738,11,,,0,100,,29737,11,,,0,400,,42442,11,,,0,100,,29732,11,,,0,200,,29745,11,,,0,100,,29746,11,,,0,100,,29747,11,,,0,100,,29748,11,,,0,101,,29750,11,0,27 28 1 29,0,100,,42444,11,0,27 28 1 29,0
10019,'1886',803,,44719,11,,,0,501,,44717,11,,,0,100,,44716,11,,,0,100,,44718,11,,,0,300,,44720,11,,,0
10019,'1887',2405,,44721,11,0,27 28 1 29,0
