19019,'1800',620,,30814,7,,,0,112,,30801,7,,,0,100,,30818,7,,,0,70,,30806,7,,,0,30,,30807,7,,,0,70,,30811,7,,,0,31,,30827,7,,,0,70,,30825,7,,,0,30,,30826,7,,,0,70,,30804,7,,,0,30,,30828,7,,,0,70,,30803,7,,,0,30,,30830,7,,,0,70,,30819,7,,,0,31,,30821,7,,,0,71,,30809,7,,,0,30,,30812,7,,,0,70,,30815,7,,,0,30,,30817,7,,,0,69,,30805,7,,,0,29,,30808,7,,,0,70,,30822,7,,,0,30,,30810,7,,,0,70,,30813,7,,,0,30,,30802,7,,,0,70,,30820,7,,,0,45,,30816,7,,,0,100,,30823,7,,,0,100,,30824,7,,,0,84,,30829,7,,,0
19019,'1838',620,,30844,7,,,0,112,,30831,7,,,0,100,,30848,7,,,0,70,,30836,7,,,0,30,,30837,7,,,0,70,,30841,7,,,0,31,,30857,7,,,0,70,,30855,7,,,0,30,,30856,7,,,0,70,,30834,7,,,0,30,,30858,7,,,0,70,,30833,7,,,0,30,,30860,7,,,0,70,,30849,7,,,0,31,,30851,7,,,0,71,,30839,7,,,0,30,,30842,7,,,0,70,,30845,7,,,0,30,,30847,7,,,0,69,,30835,7,,,0,29,,30838,7,,,0,70,,30852,7,,,0,30,,30840,7,,,0,70,,30843,7,,,0,30,,30832,7,,,0,70,,30850,7,,,0,45,,30846,7,,,0,100,,30853,7,,,0,100,,30854,7,,,0,84,,30859,7,,,0
19019,'1841',834,,21400,7,,,0,69,,26008,7,,,0,30,,26005,7,,,0,70,,21395,7,,,0,30,,21401,7,,,0,70,,26011,7,,,0,30,,26007,7,,,0,70,,26020,7,,,0,30,,26010,7,,,0,70,,26019,7,,,0,30,,26006,7,,,0,70,,26021,7,,,0,30,,26017,7,,,0,71,,26009,7,,,0,31,,26012,7,,,0,298,,26016,7,,,0,70,,26022,7,,,0,30,,26015,7,,,0,100,,26014,7,,,0,100,,26013,7,,,0,99,,26018,7,,,0,99,,21402,7,,,0
19019,'1848',622,,30891,7,,,0,80,,30875,7,,,0,30,,30865,7,,,0,70,,30886,7,,,0,30,,30877,7,,,0,70,,30867,7,,,0,30,,30862,7,,,0,70,,30884,7,,,0,31,,30885,7,,,0,70,,30876,7,,,0,30,,30866,7,,,0,70,,30864,7,,,0,30,,30880,7,,,0,70,,30872,7,,,0,30,,30882,7,,,0,70,,30892,7,,,0,31,,30883,7,,,0,71,,30863,7,,,0,30,,30861,7,,,0,70,,30868,7,,,0,30,,30879,7,,,0,69,,30871,7,,,0,29,,30869,7,,,0,70,,30881,7,,,0,30,,30888,7,,,0,70,,30870,7,,,0,30,,30889,7,,,0,110,,30887,7,,,0,70,,30874,7,,,0,100,,30878,7,,,0,100,,30873,7,,,0,25,,30890,7,,,0
19019,'1849',620,,30906,7,,,0,112,,30893,7,,,0,100,,30910,7,,,0,70,,30898,7,,,0,30,,30899,7,,,0,70,,30903,7,,,0,31,,30919,7,,,0,70,,30917,7,,,0,30,,30918,7,,,0,70,,30896,7,,,0,30,,30920,7,,,0,70,,30895,7,,,0,30,,30922,7,,,0,70,,30911,7,,,0,31,,30913,7,,,0,71,,30901,7,,,0,30,,30904,7,,,0,70,,30907,7,,,0,30,,30909,7,,,0,69,,30897,7,,,0,29,,30900,7,,,0,70,,30914,7,,,0,30,,30902,7,,,0,70,,30905,7,,,0,30,,30894,7,,,0,70,,30912,7,,,0,45,,30908,7,,,0,100,,30915,7,,,0,100,,30916,7,,,0,84,,30921,7,,,0
19019,'1850',834,,30930,7,,,0,69,,30927,7,,,0,30,,30923,7,,,0,70,,30925,7,,,0,30,,30931,7,,,0,70,,30933,7,,,0,30,,30926,7,,,0,70,,30942,7,,,0,30,,30929,7,,,0,70,,30941,7,,,0,30,,30924,7,,,0,70,,30943,7,,,0,30,,30939,7,,,0,71,,30928,7,,,0,31,,30934,7,,,0,298,,30938,7,,,0,70,,30944,7,,,0,30,,30937,7,,,0,100,,30936,7,,,0,100,,30935,7,,,0,99,,30940,7,,,0,99,,30932,7,,,0
19019,'1852',834,,30952,7,,,0,69,,30949,7,,,0,30,,30945,7,,,0,70,,30947,7,,,0,30,,30953,7,,,0,70,,30955,7,,,0,30,,30948,7,,,0,70,,30964,7,,,0,30,,30951,7,,,0,70,,30963,7,,,0,30,,30946,7,,,0,70,,30965,7,,,0,30,,30961,7,,,0,71,,30950,7,,,0,31,,30956,7,,,0,298,,30960,7,,,0,70,,30966,7,,,0,30,,30959,7,,,0,100,,30958,7,,,0,100,,30957,7,,,0,99,,30962,7,,,0,99,,30954,7,,,0
10019019,'1841',609,,28196,6,,,0,26,,28197,6,,,0,70,,24771,6,,,0,30,,28195,6,,,0,70,,28198,6,,,0,804,,28202,6,,,0,30,,24778,6,,,0,70,,28199,6,,,0,30,,28203,6,,,0,67,,28200,6,,,0,210,,28201,6,,,0
10019019,'1850',609,,34625,6,,,0,26,,34626,6,,,0,70,,34623,6,,,0,30,,34624,6,,,0,70,,34627,6,,,0,804,,34632,6,,,0,30,,34630,6,,,0,70,,34628,6,,,0,30,,34633,6,,,0,67,,34629,6,,,0,210,,34631,6,,,0
10019019,'1852',609,,34636,6,,,0,26,,34637,6,,,0,70,,34634,6,,,0,30,,34635,6,,,0,70,,34638,6,,,0,804,,34643,6,,,0,30,,34641,6,,,0,70,,34639,6,,,0,30,,34644,6,,,0,67,,34640,6,,,0,210,,34642,6,,,0
