10019,'1791',625,,10158,1,,,0,1300,,10162,1,,,0,100,,10148,1,,,0
10019,'1794',925,,10142,1,,,0,100,,10144,1,,,0,100,,10135,1,,,0,100,,10137,1,,,0,100,,10139,1,,,0,100,,10141,1,,,0,100,,10143,1,,,0,100,,10134,1,,,0,100,,10136,1,,,0,100,,10138,1,,,0,100,,10140,1,,,0
10019,'1808',725,,10171,1,,,0,100,,10164,1,,,0,100,,10172,1,,,0,100,,10165,1,,,0,100,,10173,1,,,0,100,,10166,1,,,0,100,,10174,1,,,0,100,,10167,1,,,0,100,,10175,1,,,0,100,,10168,1,,,0,100,,10176,1,,,0,100,,10169,1,,,0,100,,10177,1,,,0,100,,10170,1,,,0,100,,10178,1,,,0
10019,'1809',925,,10189,1,,,0,100,,10191,1,,,0,100,,10182,1,,,0,100,,10184,1,,,0,100,,10186,1,,,0,100,,10188,1,,,0,100,,10190,1,,,0,100,,10181,1,,,0,100,,10183,1,,,0,100,,10185,1,,,0,100,,10187,1,,,0
10019,'1815',722,,14284,1,,,0,103,,14295,1,,,0,100,,14296,1,,,0,100,,14297,1,,,0,100,,14294,1,,,0,100,,14293,1,,,0,100,,14292,1,,,0,100,,14291,1,,,0,100,,14290,1,,,0,100,,14289,1,,,0,100,,14288,1,,,0,100,,14287,1,,,0,300,,14286,1,,,0,100,,14285,1,,,0
10029,'1791',622,,10214,37,4,,0,1303,,10218,37,4,,0,100,,10219,37,4,,0
10029,'1794',925,,10197,37,4,,0,100,,10203,37,4,,0,100,,10196,37,4,,0,100,,10201,37,4,,0,100,,10194,37,4,,0,100,,10199,37,4,,0,100,,10200,37,4,,0,100,,10202,37,4,,0,100,,10195,37,4,,0,100,,10193,37,4,,0,100,,10198,37,4,,0
10029,'1808',725,,10238,37,4,,0,100,,10231,37,4,,0,100,,10224,37,4,,0,100,,10232,37,4,,0,100,,10225,37,4,,0,100,,10233,37,4,,0,100,,10226,37,4,,0,100,,10234,37,4,,0,100,,10227,37,4,,0,100,,10235,37,4,,0,100,,10228,37,4,,0,100,,10236,37,4,,0,100,,10229,37,4,,0,100,,10237,37,4,,0,100,,10230,37,4,,0
10029,'1809',925,,10245,37,4,,0,100,,10251,37,4,,0,100,,10244,37,4,,0,100,,10249,37,4,,0,100,,10242,37,4,,0,100,,10247,37,4,,0,100,,10248,37,4,,0,100,,10250,37,4,,0,100,,10243,37,4,,0,100,,10241,37,4,,0,100,,10246,37,4,,0
10029,'1815',722,,14308,37,4,,0,100,,14307,37,4,,0,103,,14309,37,4,,0,100,,14306,37,4,,0,100,,14305,37,4,,0,100,,14304,37,4,,0,100,,14302,37,4,,0,100,,14300,37,4,,0,100,,14303,37,4,,0,100,,14301,37,4,,0,100,,14299,37,4,,0,100,,14310,37,4,,0,300,,14311,37,4,,0,100,,14312,37,4,,0
10090019,'1791',645,,5411,4,,,0,100,,5412,4,,,0,100,,5413,4,,,0,100,,5414,4,,,0,470,,5415,4,,,0,100,,5416,4,,,0,100,,5417,4,,,0,100,,5418,4,,,0
10090029,'1791',715,,5419,5,,,0,100,,5420,5,,,0,100,,5421,5,,,0,100,,5422,5,,,0,430,,5423,5,,,0,100,,5424,5,,,0,100,,5425,5,,,0,100,,5426,5,,,0
20090019,'1791',725,,5506,13,4,,0,100,,5507,13,4,,0,100,,5508,13,4,,0,100,,5509,13,4,,0,500,,5510,13,4,,0,100,,5511,13,4,,0,100,,5512,13,4,,0,100,,5513,13,4,,0
20090029,'1791',625,,5514,1,,,0,100,,5515,1,,,0,100,,5516,1,,,0,100,,5517,1,,,0,500,,5518,1,,,0,100,,5519,1,,,0,100,,5520,1,,,0,100,,5521,1,,,0
