6019,'1824',654,,16950,26,4,,0,100,,16951,26,4,,0,100,,16952,26,4,,0,100,,16953,26,4,,0,100,,16954,26,4,,0,102,,16955,26,4,,0,102,,16956,26,4,,0,100,,16957,26,4,,0,100,,16958,26,4,,0,99,,16959,26,4,,0,100,,16960,26,4,,0,97,,16961,26,4,,0,100,,16962,26,4,,0
7019,'1796',1558,,20253,12,4,,0,567,,20252,12,4,,0,102,,20251,16,4,,0
7019,'1797',2126,,20287,12,4,,0,102,,20286,16,4,,0
7019,'1798',630,,20305,12,4,,0,70,,20306,12,4,,0,28,,20307,12,4,,0,231,,20303,31,4,,0,1267,,20308,12,4,,0,30,,20304,12,4,,0
7019,'1799',630,,20340,12,4,,0,70,,20341,12,4,,0,28,,20342,12,4,,0,231,,20338,31,4,,0,1267,,20343,12,4,,0,30,,20339,12,4,,0
7019,'1800',630,,20375,12,4,,0,70,,20376,12,4,,0,28,,20377,12,4,,0,231,,20373,31,4,,0,1267,,20378,12,4,,0,30,,20374,12,4,,0
7019,'1816',2228,,9997,16,4,,0
7019,'1817',630,,17023,12,4,,0,70,,17024,12,4,,0,28,,17025,12,4,,0,231,,17021,31,4,,0,1267,,9894,12,4,,0,30,,17022,12,4,,0
7019,'1824',2126,,17089,12,4,,0
7029,'1796',500,,20399,1,,,0,100,,20400,1,,,0,30,,20401,1,,,0,70,,20402,1,,,0,30,,20403,1,,,0,70,,20404,1,,,0,30,,20405,1,,,0,70,,20406,1,,,0,30,,20407,1,,,0,70,,20408,1,,,0,30,,20409,1,,,0,70,,20410,1,,,0,30,,20411,1,,,0,70,,20395,1,,,0,30,,20396,1,,,0,70,,20397,1,,,0,30,,20394,1,,,0,70,,20393,1,,,0,30,,20398,1,,,0,70,,20412,1,,,0,30,,20413,1,,,0,70,,20414,1,,,0,30,,20415,1,,,0,70,,20416,1,,,0,30,,20417,1,,,0,70,,20418,1,,,0,30,,20419,1,,,0,70,,20420,1,,,0,30,,20421,1,,,0,70,,20422,1,,,0,100,,20423,1,,,0,100,,20424,1,,,0,100,,20425,1,,,0
7029,'1797',631,,20426,1,,,0,70,,20440,1,,,0,30,,20427,1,,,0,69,,20441,1,,,0,30,,20428,1,,,0,70,,20442,1,,,0,30,,20429,1,,,0,70,,20443,1,,,0,30,,20430,1,,,0,70,,20444,1,,,0,30,,20431,1,,,0,70,,20445,1,,,0,30,,20432,1,,,0,70,,20446,1,,,0,30,,20433,1,,,0,70,,20447,1,,,0,30,,20434,1,,,0,70,,20448,1,,,0,30,,20435,1,,,0,70,,20449,1,,,0,30,,20436,1,,,0,70,,20450,1,,,0,30,,20437,1,,,0,70,,20451,1,,,0,30,,20438,1,,,0,70,,20452,1,,,0,30,,20439,1,,,0,70,,20453,1,,,0,100,,20454,1,,,0,100,,20455,1,,,0,100,,20456,1,,,0,30,,20458,1,0,13 14,0
7029,'1798',700,,20460,1,,,0,100,,20461,1,,,0,100,,20462,1,,,0,100,,20463,1,,,0,100,,20464,1,,,0,100,,20465,1,,,0,100,,20466,1,,,0,100,,20467,1,,,0,100,,20468,1,,,0,100,,20469,1,,,0,100,,20470,1,,,0,100,,20471,1,,,0,100,,20472,1,,,0,100,,20473,1,,,0,100,,20459,1,,,0,230,,20474,1,0,13 14,0
7029,'1799',700,,20476,1,,,0,100,,20477,1,,,0,100,,20478,1,,,0,100,,20479,1,,,0,100,,20480,1,,,0,100,,20481,1,,,0,100,,20482,1,,,0,100,,20483,1,,,0,100,,20484,1,,,0,100,,20485,1,,,0,100,,20486,1,,,0,100,,20487,1,,,0,100,,20488,1,,,0,100,,20489,1,,,0,100,,20475,1,,,0,230,,20490,1,0,13 14,0
7029,'1800',700,,20492,1,,,0,100,,20493,1,,,0,100,,20494,1,,,0,100,,20495,1,,,0,100,,20496,1,,,0,100,,20497,1,,,0,100,,20498,1,,,0,100,,20499,1,,,0,100,,20500,1,,,0,100,,20501,1,,,0,100,,20502,1,,,0,100,,20503,1,,,0,100,,20504,1,,,0,100,,20505,1,,,0,100,,20491,1,,,0,230,,20506,1,0,13 14,0
7029,'1816',900,,10101,1,,,0,230,,10090,1,,,0,70,,10104,1,,,0,130,,10092,1,,,0,100,,10093,1,,,0,70,,10107,1,,,0,300,,10110,1,,,0,300,,10113,1,,,0,100,,10114,1,,,0,100,,10115,1,,,0
7029,'1817',700,,10035,1,,,0,100,,10036,1,,,0,100,,17091,1,,,0,100,,10038,1,,,0,100,,10039,1,,,0,100,,17092,1,,,0,100,,10041,1,,,0,100,,10042,1,,,0,100,,17093,1,,,0,100,,10044,1,,,0,100,,10045,1,,,0,100,,17094,1,,,0,100,,10047,1,,,0,100,,10048,1,,,0,100,,17090,1,,,0,230,,17095,1,0,13 14,0
7029,'1824',631,,17122,1,,,0,70,,17133,1,,,0,30,,17123,1,,,0,69,,17134,1,,,0,30,,17124,1,,,0,100,,17125,1,,,0,70,,17135,1,,,0,30,,17126,1,,,0,70,,17136,1,,,0,130,,17127,1,,,0,70,,17137,1,,,0,100,,17138,1,,,0,130,,17128,1,,,0,70,,17139,1,,,0,30,,17129,1,,,0,70,,17140,1,,,0,30,,17130,1,,,0,100,,17131,1,,,0,70,,17141,1,,,0,30,,17132,1,,,0,70,,17142,1,,,0,330,,17143,1,0,13 14,0
11019,'1797',723,,20668,31,4,,0,100,,20669,31,4,,0,101,,20670,31,4,,0,100,,20671,31,4,,0,100,,20672,31,4,,0,106,,20673,31,4,,0,100,,20674,31,4,,0,100,,20675,31,4,,0,100,,20676,31,4,,0,98,,20677,31,4,,0,100,,20678,31,4,,0,97,,20679,31,4,,0
11019,'1798',924,,20681,31,4,,0,100,,20682,31,4,,0,103,,20683,31,4,,0,103,,20684,31,4,,0,100,,20685,31,4,,0,100,,20686,31,4,,0,100,,20687,31,4,,0,98,,20688,31,4,,0,100,,20689,31,4,,0,97,,20690,31,4,,0,98,,20691,31,4,,0,100,,20692,31,4,,0
11019,'1799',924,,20694,31,4,,0,100,,20695,31,4,,0,103,,20696,31,4,,0,103,,20697,31,4,,0,100,,20698,31,4,,0,100,,20699,31,4,,0,100,,20700,31,4,,0,98,,20701,31,4,,0,100,,20702,31,4,,0,97,,20703,31,4,,0,98,,20704,31,4,,0,100,,20705,31,4,,0
11019,'1800',924,,20707,31,4,,0,100,,20708,31,4,,0,103,,20709,31,4,,0,103,,20710,31,4,,0,100,,20711,31,4,,0,100,,20712,31,4,,0,100,,20713,31,4,,0,98,,20714,31,4,,0,100,,20715,31,4,,0,97,,20716,31,4,,0,98,,20717,31,4,,0,100,,20718,31,4,,0
11019,'1816',1430,,10299,31,4,,0,198,,10301,31,4,,0,100,,10302,31,4,,0
11019,'1817',924,,17178,31,4,,0,100,,17179,31,4,,0,103,,17180,31,4,,0,103,,17181,31,4,,0,100,,17182,31,4,,0,100,,17183,31,4,,0,100,,17184,31,4,,0,98,,17185,31,4,,0,100,,17186,31,4,,0,97,,17187,31,4,,0,98,,17188,31,4,,0,100,,17189,31,4,,0
11019,'1824',723,,17204,31,4,,0,100,,17205,31,4,,0,101,,17206,31,4,,0,100,,17207,31,4,,0,100,,17208,31,4,,0,106,,17209,31,4,,0,100,,17210,31,4,,0,200,,17211,31,4,,0,295,,17212,31,4,,0
20007019,'1796',535,,24812,1,,,0,1495,,24813,1,,,0,100,,24814,1,,,0,100,,24815,1,,,0,100,,24817,1,,,0,100,,24816,1,,,0
20007019,'1797',2030,,24818,1,,,0,100,,24819,1,,,0,100,,24820,1,,,0
20007019,'1798',630,,24838,1,,,0,200,,24823,1,,,0,100,,24824,1,,,0,100,,24825,1,,,0,100,,24826,1,,,0,100,,24827,1,,,0,100,,24828,1,,,0,100,,24829,1,,,0,100,,24830,1,,,0,100,,24831,1,,,0,100,,24832,1,,,0,100,,24833,1,,,0,100,,24834,1,,,0,100,,24835,1,,,0,100,,24836,1,,,0,70,,24837,1,,,0,30,,24822,1,,,0,70,,24821,1,,,0
20007019,'1799',630,,24856,1,,,0,200,,24841,1,,,0,100,,24842,1,,,0,100,,24843,1,,,0,100,,24844,1,,,0,100,,24845,1,,,0,100,,24846,1,,,0,100,,24847,1,,,0,100,,24848,1,,,0,100,,24849,1,,,0,100,,24850,1,,,0,100,,24851,1,,,0,100,,24852,1,,,0,100,,24853,1,,,0,100,,24854,1,,,0,70,,24855,1,,,0,30,,24840,1,,,0,70,,24839,1,,,0
20007019,'1800',630,,24874,1,,,0,200,,24859,1,,,0,100,,24860,1,,,0,100,,24861,1,,,0,100,,24862,1,,,0,100,,24863,1,,,0,100,,24864,1,,,0,100,,24865,1,,,0,100,,24866,1,,,0,100,,24867,1,,,0,100,,24868,1,,,0,100,,24869,1,,,0,100,,24870,1,,,0,100,,24871,1,,,0,100,,24872,1,,,0,70,,24873,1,,,0,30,,24858,1,,,0,70,,24857,1,,,0
20007019,'1816',2230,,13702,1,,,0
20007019,'1817',630,,19127,1,,,0,200,,19113,1,,,0,100,,19114,1,,,0,100,,19115,1,,,0,100,,19116,1,,,0,100,,19117,1,,,0,100,,19118,1,,,0,100,,19119,1,,,0,100,,19120,1,,,0,100,,19121,1,,,0,100,,19122,1,,,0,100,,19123,1,,,0,100,,19124,1,,,0,100,,19125,1,,,0,100,,19126,1,,,0,70,,13688,1,,,0,30,,19112,1,,,0,70,,19111,1,,,0
20007019,'1824',2030,,19132,1,,,0,100,,19133,1,,,0
