22019,'1838',840,,43036,6,,,0,100,,45520,6,,,0,100,,45515,6,,,0,100,,45519,6,,,0,100,,45516,6,,,0,100,,45517,6,,,0,100,,45514,6,,,0,100,,43033,6,,,0,100,,45518,6,,,0
22019,'1865',749,,43046,6,,,0,70,,43047,6,,,0,30,,43048,6,,,0,69,,43049,6,,,0,30,,43050,6,,,0,70,,45523,6,,,0,30,,43052,6,,,0,70,,43053,6,,,0,30,,45524,6,,,0,70,,43055,6,,,0,30,,43056,6,,,0,71,,43057,6,,,0,30,,43058,6,,,0,70,,43059,6,,,0,32,,45525,6,,,0,70,,43061,6,,,0,28,,43073,6,,,0,70,,43062,6,,,0,30,,43063,6,,,0,69,,43064,6,,,0,30,,45526,6,,,0,69,,43066,6,,,0,30,,43067,6,,,0,70,,43068,6,,,0,29,,43069,6,,,0,68,,45527,6,,,0,30,,43071,6,,,0
22019,'1866',843,,43075,6,,,0,72,,43076,6,,,0,30,,43077,6,,,0,70,,43078,6,,,0,30,,43079,6,,,0,70,,43080,6,,,0,30,,43081,6,,,0,70,,43082,6,,,0,31,,43083,6,,,0,70,,43084,6,,,0,30,,43085,6,,,0,70,,43086,6,,,0,31,,43087,6,,,0,70,,43088,6,,,0,30,,43089,6,,,0,70,,43090,6,,,0,29,,43091,6,,,0,70,,43092,6,,,0
22019,'1867',840,,43113,6,,,0,100,,45534,6,,,0,100,,45529,6,,,0,100,,45533,6,,,0,100,,45530,6,,,0,100,,45531,6,,,0,100,,45528,6,,,0,100,,43110,6,,,0,100,,45532,6,,,0
22019,'1873',843,,43152,6,,,0,72,,43153,6,,,0,30,,43154,6,,,0,70,,43155,6,,,0,30,,43156,6,,,0,70,,43157,6,,,0,30,,43158,6,,,0,70,,43159,6,,,0,31,,43160,6,,,0,70,,43161,6,,,0,30,,43162,6,,,0,70,,43163,6,,,0,31,,43164,6,,,0,70,,43165,6,,,0,30,,43166,6,,,0,70,,43167,6,,,0,29,,43168,6,,,0,70,,43169,6,,,0
22019,'1878',840,,43190,6,,,0,700,,43187,6,,,0
22019,'1881',1018,,43128,6,,,0,130,,43131,6,,,0,303,,43137,6,,,0,297,,43142,6,,,0,266,,43147,6,,,0
22019,'1882',749,,43123,6,,,0,70,,43124,6,,,0,30,,43125,6,,,0,69,,43126,6,,,0,30,,43127,6,,,0,100,,43129,6,,,0,70,,43130,6,,,0,100,,43132,6,,,0,30,,43133,6,,,0,71,,43134,6,,,0,30,,43135,6,,,0,70,,43136,6,,,0,102,,43138,6,,,0,28,,43150,6,,,0,70,,43139,6,,,0,30,,43140,6,,,0,69,,43141,6,,,0,99,,43143,6,,,0,30,,43144,6,,,0,70,,43145,6,,,0,29,,43146,6,,,0,98,,43148,6,,,0
22019,'1886',1018,,45537,6,,,0,130,,45538,6,,,0,303,,45539,6,,,0,297,,45540,6,,,0,266,,45541,6,,,0
22019,'1888',940,,45548,6,,,0,100,,45543,6,,,0,100,,45547,6,,,0,100,,45544,6,,,0,100,,45545,6,,,0,100,,45542,6,,,0,200,,45546,6,,,0
