1019,'1817',630,,16535,38,,,0,100,,16536,38,,,0,101,,16537,38,,,0,100,,16538,38,,,0,100,,16539,38,,,0,101,,16540,38,,,0,100,,16541,38,,,0,100,,16542,38,,,0,100,,16543,38,,,0,100,,16544,38,,,0,100,,16545,38,,,0,100,,16546,38,,,0,100,,16547,38,,,0,99,,16548,38,,,0,100,,16549,38,,,0,100,,16550,38,,,0,103,,16551,38,,,0,95,,16552,38,,,0
1019,'1820',601,,13768,38,,,0,35,,9355,38,,,0,70,,9331,38,,,0,31,,13765,38,,,0,71,,13774,38,,,0,31,,9328,38,,,0,70,,9334,38,,,0,29,,13780,38,,,0,70,,13767,38,,,0,30,,9324,38,,,0,71,,13773,38,,,0,30,,9329,38,,,0,70,,13769,38,,,0,30,,13779,38,,,0,70,,9332,38,,,0,31,,9325,38,,,0,70,,9356,38,,,0,32,,13766,38,,,0,70,,13770,38,,,0,30,,13778,38,,,0,69,,13775,38,,,0,30,,9338,38,,,0,69,,9305,38,,,0,29,,9339,38,,,0,70,,9341,38,,,0,29,,13771,38,,,0,69,,9337,38,,,0,25,,9357,38,,,0,70,,9351,38,,,0,30,,13777,38,,,0,70,,9350,38,,,0,29,,13776,38,,,0,74,,9348,38,,,0,30,,9347,38,,,0,70,,9345,38,,,0,25,,13772,38,,,0
1019,'1823',601,,16562,38,,,0,35,,16585,38,,,0,70,,16560,38,,,0,31,,16555,38,,,0,71,,16574,38,,,0,31,,16557,38,,,0,70,,16563,38,,,0,29,,16588,38,,,0,70,,16559,38,,,0,30,,16553,38,,,0,71,,16573,38,,,0,30,,16558,38,,,0,70,,16564,38,,,0,30,,16584,38,,,0,70,,16561,38,,,0,31,,16554,38,,,0,70,,16586,38,,,0,32,,16556,38,,,0,70,,16565,38,,,0,30,,16583,38,,,0,69,,16576,38,,,0,30,,16568,38,,,0,69,,16566,38,,,0,29,,16569,38,,,0,70,,16571,38,,,0,29,,16570,38,,,0,69,,16567,38,,,0,25,,16587,38,,,0,70,,16581,38,,,0,30,,16582,38,,,0,70,,16580,38,,,0,29,,16579,38,,,0,74,,16578,38,,,0,30,,16577,38,,,0,70,,16575,38,,,0,25,,16572,38,,,0
1019,'1824',600,,16600,38,,,0,30,,16614,38,,,0,70,,16599,38,,,0,30,,16619,38,,,0,71,,16609,38,,,0,30,,16593,38,,,0,70,,16615,38,,,0,30,,16617,38,,,0,70,,16598,38,,,0,30,,16620,38,,,0,70,,16608,38,,,0,31,,16592,38,,,0,70,,16603,38,,,0,30,,16613,38,,,0,70,,16597,38,,,0,30,,16621,38,,,0,70,,16607,38,,,0,30,,16591,38,,,0,70,,16602,38,,,0,30,,16612,38,,,0,70,,16596,38,,,0,30,,16622,38,,,0,70,,16606,38,,,0,30,,16590,38,,,0,70,,16601,38,,,0,30,,16611,38,,,0,69,,16594,38,,,0,30,,16623,38,,,0,70,,16604,38,,,0,30,,16589,38,,,0,70,,16595,38,,,0,30,,16610,38,,,0,73,,16605,38,,,0,30,,16624,38,,,0,70,,16618,38,,,0,25,,16616,38,,,0
1029,'1817',603,,16625,16,,,0,98,,16626,16,,,0,100,,16627,16,,,0,100,,16628,16,,,0,101,,16629,16,,,0,100,,16630,16,,,0,100,,16631,16,,,0,100,,16632,16,,,0,100,,16633,16,,,0,100,,16634,16,,,0,99,,16635,16,,,0,100,,16636,16,,,0,100,,16637,16,,,0,100,,16638,16,,,0,100,,16639,16,,,0,100,,16640,16,,,0,99,,16641,16,,,0,100,,16642,16,,,0
1029,'1820',601,,9387,16,,,0,102,,9407,16,,,0,29,,9384,16,,,0,70,,13781,16,,,0,30,,13794,16,,,0,69,,9382,16,,,0,32,,9389,16,,,0,70,,13792,16,,,0,30,,13783,16,,,0,70,,9378,16,,,0,30,,13793,16,,,0,70,,9383,16,,,0,30,,13784,16,,,0,70,,13791,16,,,0,30,,9385,16,,,0,70,,9380,16,,,0,30,,9408,16,,,0,72,,13782,16,,,0,30,,13785,16,,,0,70,,13790,16,,,0,29,,13786,16,,,0,70,,9392,16,,,0,30,,9359,16,,,0,68,,9397,16,,,0,30,,9396,16,,,0,70,,13787,16,,,0,30,,9394,16,,,0,69,,9409,16,,,0,30,,9403,16,,,0,70,,13789,16,,,0,30,,9401,16,,,0,70,,13788,16,,,0,30,,9399,16,,,0,25,,9398,16,,,0
1029,'1821',637,,9388,16,,,0
1029,'1823',601,,16652,16,,,0,102,,16672,16,,,0,29,,16649,16,,,0,70,,16644,16,,,0,30,,16676,16,,,0,69,,16647,16,,,0,32,,16653,16,,,0,70,,16671,16,,,0,30,,16651,16,,,0,70,,16643,16,,,0,30,,16675,16,,,0,70,,16648,16,,,0,30,,16654,16,,,0,70,,16670,16,,,0,30,,16650,16,,,0,70,,16645,16,,,0,30,,16673,16,,,0,72,,16646,16,,,0,30,,16655,16,,,0,70,,16669,16,,,0,29,,16658,16,,,0,70,,16657,16,,,0,30,,16656,16,,,0,68,,16662,16,,,0,30,,16661,16,,,0,70,,16660,16,,,0,30,,16659,16,,,0,69,,16674,16,,,0,30,,16668,16,,,0,70,,16667,16,,,0,30,,16666,16,,,0,70,,16665,16,,,0,30,,16664,16,,,0,25,,16663,16,,,0
1029,'1824',603,,16682,16,,,0,28,,16694,16,,,0,70,,16701,16,,,0,30,,16689,16,,,0,70,,16710,16,,,0,30,,16698,16,,,0,70,,16681,16,,,0,31,,16693,16,,,0,70,,16704,16,,,0,30,,16688,16,,,0,70,,16711,16,,,0,30,,16697,16,,,0,70,,16680,16,,,0,30,,16692,16,,,0,70,,16703,16,,,0,30,,16687,16,,,0,70,,16683,16,,,0,30,,16696,16,,,0,70,,16679,16,,,0,30,,16691,16,,,0,69,,16699,16,,,0,30,,16686,16,,,0,70,,16708,16,,,0,30,,16695,16,,,0,70,,16678,16,,,0,30,,16690,16,,,0,70,,16702,16,,,0,30,,16684,16,,,0,70,,16706,16,,,0,30,,16705,16,,,0,70,,16677,16,,,0,30,,16685,16,,,0,69,,16700,16,,,0,30,,16709,16,,,0,70,,16707,16,,,0
7029,'1816',621,,10116,7,,,0,298,,10101,18,,,0,230,,10090,18,,,0,70,,10104,18,,,0,130,,10092,18,,,0,101,,10093,18,,,0,70,,10107,18,,,0,299,,10110,18,,,0,301,,10113,18,,,0,100,,10114,18,,,0,100,,10115,18,,,0
7029,'1817',720,,10035,18,,,0,99,,10036,18,,,0,100,,17091,18,,,0,100,,10038,18,,,0,100,,10039,18,,,0,100,,17092,18,,,0,100,,10041,18,,,0,101,,10042,18,,,0,100,,17093,18,,,0,99,,10044,18,,,0,100,,10045,18,,,0,100,,17094,18,,,0,100,,10047,18,,,0,101,,10048,18,,,0,100,,17090,18,,,0
7029,'1820',649,,14242,18,,,0,72,,10061,18,,,0,30,,10062,18,,,0,70,,10063,18,,,0,30,,14243,18,,,0,70,,14244,18,,,0,30,,14245,18,,,0,70,,14246,18,,,0,30,,10068,18,,,0,170,,10054,18,,,0,30,,10055,18,,,0,70,,14241,18,,,0,31,,14240,18,,,0,70,,10052,18,,,0,31,,10057,18,,,0,69,,14247,18,,,0,30,,14248,18,,,0,70,,14249,18,,,0,29,,10074,18,,,0,70,,14250,18,,,0,29,,10076,18,,,0,100,,14251,18,,,0,70,,14252,18,,,0,30,,14253,18,,,0,69,,14254,18,,,0,201,,14255,18,,,0
7029,'1821',517,,10058,18,,,0,103,,10059,18,,,0,501,,10069,18,,,0,30,,10070,18,,,0,669,,10077,18,,,0,300,,10082,18,,,0,200,,10084,18,,,0
7029,'1823',649,,17102,18,,,0,72,,17103,18,,,0,30,,17104,18,,,0,70,,17105,18,,,0,30,,17106,18,,,0,70,,17107,18,,,0,30,,17108,18,,,0,70,,17109,18,,,0,30,,17110,18,,,0,170,,17098,18,,,0,30,,17099,18,,,0,70,,17100,18,,,0,31,,17097,18,,,0,70,,17096,18,,,0,31,,17101,18,,,0,69,,17111,18,,,0,30,,17112,18,,,0,70,,17113,18,,,0,29,,17114,18,,,0,70,,17115,18,,,0,29,,17116,18,,,0,100,,17117,18,,,0,70,,17118,18,,,0,30,,17119,18,,,0,69,,17120,18,,,0,201,,17121,18,,,0
7029,'1824',650,,17122,18,,,0,70,,17133,18,,,0,30,,17123,18,,,0,69,,17134,18,,,0,30,,17124,18,,,0,100,,17125,18,,,0,70,,17135,18,,,0,30,,17126,18,,,0,70,,17136,18,,,0,130,,17127,18,,,0,70,,17137,18,,,0,101,,17138,18,,,0,130,,17128,18,,,0,69,,17139,18,,,0,30,,17129,18,,,0,70,,17140,18,,,0,30,,17130,18,,,0,100,,17131,18,,,0,70,,17141,18,,,0,30,,17132,18,,,0,71,,17142,18,,,0
22019,'1816',617,,11255,2,0,19 2 24 1 25 26,0,24,,11259,2,0,19 2 24 1 25 26,0,70,,11343,2,0,19 2 24 1 25 26,0,30,,11260,2,0,19 2 24 1 25 26,0,70,,11256,2,0,19 2 24 1 25 26,0,31,,11336,2,,,0,72,,11243,2,,,0,30,,11244,2,,,0,70,,11337,2,,,0,30,,11245,2,,,0,70,,11246,2,,,0,30,,11338,2,,,0,70,,11247,2,,,0,31,,11248,2,,,0,70,,11339,2,,,0,30,,11249,2,,,0,70,,11250,2,,,0,31,,11340,2,,,0,70,,11251,2,,,0,30,,11252,2,,,0,70,,11341,2,,,0,29,,11253,2,,,0,70,,11254,2,,,0,29,,11344,2,0,19 2 24 1 25 26,0,70,,11257,2,0,19 2 24 1 25 26,0,30,,11261,2,0,19 2 24 1 25 26,0,69,,11342,2,0,19 2 24 1 25 26,0,30,,11262,2,0,19 2 24 1 25 26,0,69,,11258,2,0,19 2 24 1 25 26,0,30,,11345,2,0,19 2 24 1 25 26,0,70,,11263,2,0,19 2 24 1 25 26,0
22019,'1817',645,,17730,2,0,19 2 24 1 25 26,0,94,,17731,2,0,19 2 24 1 25 26,0,100,,17728,2,,,0,100,,17729,2,,,0,100,,17722,2,,,0,100,,17727,2,,,0,100,,17723,2,,,0,100,,17724,2,,,0,100,,17721,2,,,0,100,,17725,2,,,0,100,,17726,2,,,0,100,,11276,2,0,19 2 24 1 25 26,0,100,,17732,2,0,19 2 24 1 25 26,0,100,,11278,2,0,19 2 24 1 25 26,0,108,,17733,2,0,19 2 24 1 25 26,0
22019,'1820',553,,11333,2,0,19 2 24 1 25 26,0,62,,11335,2,0,19 2 24 1 25 26,0,30,,11305,2,0,19 2 24 1 25 26,0,172,,11308,2,,,0,30,,11309,2,,,0,69,,14931,2,,,0,30,,14932,2,,,0,70,,11312,2,,,0,30,,11313,2,,,0,70,,14933,2,,,0,30,,14934,2,,,0,70,,11316,2,,,0,30,,14935,2,,,0,71,,11318,2,,,0,30,,14936,2,,,0,70,,14937,2,,,0,32,,11321,2,,,0,70,,11322,2,,,0,28,,11334,2,,,0,70,,14938,2,,,0,30,,14939,2,,,0,69,,14940,2,,,0,30,,14941,2,,,0,69,,11327,2,,,0,30,,11264,2,,,0,70,,14942,2,,,0,30,,14943,2,,,0,68,,11330,2,,,0,100,,14944,2,0,19 2 24 1 25 26,0
22019,'1821',715,,11306,2,0,19 2 24 1 25 26,0,32,,11307,2,,,0,1296,,11331,2,,,0
22019,'1823',553,,17760,2,0,19 2 24 1 25 26,0,62,,17762,2,0,19 2 24 1 25 26,0,30,,17734,2,0,19 2 24 1 25 26,0,172,,17735,2,,,0,30,,17736,2,,,0,69,,17737,2,,,0,30,,17738,2,,,0,70,,17739,2,,,0,30,,17740,2,,,0,70,,17741,2,,,0,30,,17742,2,,,0,70,,17743,2,,,0,30,,17744,2,,,0,71,,17745,2,,,0,30,,17746,2,,,0,70,,17747,2,,,0,32,,17748,2,,,0,70,,17749,2,,,0,28,,17761,2,,,0,70,,17750,2,,,0,30,,17751,2,,,0,69,,17752,2,,,0,30,,17753,2,,,0,69,,17754,2,,,0,30,,17755,2,,,0,70,,17756,2,,,0,30,,17757,2,,,0,68,,17758,2,,,0,100,,17759,2,0,19 2 24 1 25 26,0
