22019,'1838',840,,43036,5,,,0,100,,45520,5,,,0,100,,45515,5,,,0,100,,45519,5,,,0,100,,45516,5,,,0,100,,45517,5,,,0,100,,45514,5,,,0,100,,43033,5,,,0,100,,45518,5,,,0
22019,'1865',749,,43046,5,,,0,70,,43047,5,,,0,30,,43048,5,,,0,69,,43049,5,,,0,30,,43050,5,,,0,69,,45523,5,,,0,30,,43052,5,,,0,70,,43053,5,,,0,30,,45524,5,,,0,71,,43055,5,,,0,30,,43056,5,,,0,71,,43057,5,,,0,30,,43058,5,,,0,70,,43059,5,,,0,32,,45525,5,,,0,70,,43061,5,,,0,28,,43073,5,,,0,70,,43062,5,,,0,29,,43063,5,,,0,69,,43064,5,,,0,30,,45526,5,,,0,69,,43066,5,,,0,30,,43067,5,,,0,70,,43068,5,,,0,30,,43069,5,,,0,68,,45527,5,,,0,30,,43071,5,,,0
22019,'1866',843,,43075,5,,,0,72,,43076,5,,,0,30,,43077,5,,,0,70,,43078,5,,,0,30,,43079,5,,,0,70,,43080,5,,,0,30,,43081,5,,,0,70,,43082,5,,,0,31,,43083,5,,,0,70,,43084,5,,,0,30,,43085,5,,,0,70,,43086,5,,,0,31,,43087,5,,,0,70,,43088,5,,,0,30,,43089,5,,,0,70,,43090,5,,,0,29,,43091,5,,,0,70,,43092,5,,,0
22019,'1867',840,,43113,5,,,0,100,,45534,5,,,0,100,,45529,5,,,0,100,,45533,5,,,0,100,,45530,5,,,0,100,,45531,5,,,0,100,,45528,5,,,0,100,,43110,5,,,0,100,,45532,5,,,0
22019,'1873',843,,43152,5,,,0,72,,43153,5,,,0,30,,43154,5,,,0,70,,43155,5,,,0,30,,43156,5,,,0,70,,43157,5,,,0,30,,43158,5,,,0,70,,43159,5,,,0,31,,43160,5,,,0,70,,43161,5,,,0,30,,43162,5,,,0,70,,43163,5,,,0,31,,43164,5,,,0,70,,43165,5,,,0,30,,43166,5,,,0,70,,43167,5,,,0,29,,43168,5,,,0,70,,43169,5,,,0
22019,'1878',840,,43190,5,,,0,700,,43187,5,,,0
22019,'1881',1017,,43128,5,,,0,130,,43131,5,,,0,304,,43137,5,,,0,296,,43142,5,,,0,267,,43147,5,,,0
22019,'1882',749,,43123,5,,,0,70,,43124,5,,,0,30,,43125,5,,,0,69,,43126,5,,,0,30,,43127,5,,,0,99,,43129,5,,,0,70,,43130,5,,,0,101,,43132,5,,,0,30,,43133,5,,,0,71,,43134,5,,,0,30,,43135,5,,,0,70,,43136,5,,,0,102,,43138,5,,,0,28,,43150,5,,,0,70,,43139,5,,,0,29,,43140,5,,,0,69,,43141,5,,,0,99,,43143,5,,,0,30,,43144,5,,,0,70,,43145,5,,,0,30,,43146,5,,,0,98,,43148,5,,,0
22019,'1886',1017,,45537,5,,,0,130,,45538,5,,,0,304,,45539,5,,,0,296,,45540,5,,,0,267,,45541,5,,,0
22019,'1888',940,,45548,5,,,0,100,,45543,5,,,0,100,,45547,5,,,0,100,,45544,5,,,0,100,,45545,5,,,0,100,,45542,5,,,0,200,,45546,5,,,0
