2019,'1838',710,,35124,37,,,0,30,,35101,37,,,0,70,,35105,37,,,0,30,,35117,37,,,0,71,,35112,37,,,0,30,,35102,37,,,0,70,,35106,37,,,0,30,,35118,37,,,0,70,,35113,37,,,0,30,,35103,37,,,0,70,,35107,37,,,0,30,,35119,37,,,0,70,,35114,37,,,0,30,,35104,37,,,0,70,,35108,37,,,0,30,,35120,37,,,0,70,,35115,37,,,0,30,,35099,37,,,0,70,,35109,37,,,0,30,,35121,37,,,0,70,,35116,37,,,0,30,,35097,37,,,0,70,,35110,37,,,0,30,,35122,37,,,0,100,,35098,37,,,0,100,,35123,37,,,0,100,,35100,37,,,0,100,,35111,37,,,0,99,,35125,37,,,0
2019,'1865',506,,43997,28,0,5 2 13 14,0,136,,35127,37,,,0,70,,35128,37,,,0,29,,35129,37,,,0,71,,35130,37,,,0,30,,35131,37,,,0,70,,35132,37,,,0,30,,35133,37,,,0,70,,35134,37,,,0,30,,35135,37,,,0,70,,35136,37,,,0,30,,35137,37,,,0,70,,35138,37,,,0,30,,35139,37,,,0,70,,35140,37,,,0,30,,35141,37,,,0,70,,35142,37,,,0,31,,35143,37,,,0,70,,35144,37,,,0,30,,35145,37,,,0,71,,35146,37,,,0,30,,35147,37,,,0,68,,35148,37,,,0,30,,35149,37,,,0,70,,35150,37,,,0,30,,35151,37,,,0,70,,35157,37,,,0,30,,35152,37,,,0,100,,35153,37,,,0,100,,35154,37,,,0,100,,35155,37,,,0,101,,35156,37,,,0
2019,'1866',641,,35159,28,,,0,70,,35166,37,,,0,30,,35175,37,,,0,70,,35182,37,,,0,30,,35160,37,,,0,70,,35167,37,,,0,30,,35176,37,,,0,70,,35183,37,,,0,30,,35161,37,,,0,70,,35168,37,,,0,30,,35177,37,,,0,70,,35184,37,,,0,30,,35162,37,,,0,70,,35169,37,,,0,30,,35178,37,,,0,70,,35185,37,,,0,30,,35163,37,,,0,70,,35170,37,,,0,30,,35179,37,,,0,70,,35186,37,,,0,30,,35164,37,,,0,70,,35171,37,,,0,30,,35180,37,,,0,70,,35187,37,,,0,30,,35165,37,,,0,70,,35172,37,,,0,30,,35181,37,,,0,100,,35173,37,,,0,100,,35188,37,,,0,100,,35174,37,,,0,98,,35189,37,,,0
2019,'1867',710,,35217,37,,,0,30,,35194,37,,,0,70,,35198,37,,,0,30,,35210,37,,,0,71,,35205,37,,,0,30,,35195,37,,,0,70,,35199,37,,,0,30,,35211,37,,,0,70,,35206,37,,,0,30,,35196,37,,,0,70,,35200,37,,,0,30,,35212,37,,,0,70,,35207,37,,,0,30,,35197,37,,,0,70,,35201,37,,,0,30,,35213,37,,,0,70,,35208,37,,,0,30,,35192,37,,,0,70,,35202,37,,,0,30,,35214,37,,,0,70,,35209,37,,,0,30,,35190,37,,,0,70,,35203,37,,,0,30,,35215,37,,,0,100,,35191,37,,,0,100,,35216,37,,,0,100,,35193,37,,,0,100,,35204,37,,,0,99,,35218,37,,,0
2019,'1873',641,,19444,28,,,0,70,,19451,37,,,0,30,,19460,37,,,0,70,,19467,37,,,0,30,,19445,37,,,0,70,,19452,37,,,0,30,,19461,37,,,0,70,,19468,37,,,0,30,,19446,37,,,0,70,,19453,37,,,0,30,,19462,37,,,0,70,,19469,37,,,0,30,,19447,37,,,0,70,,19454,37,,,0,30,,19463,37,,,0,70,,19470,37,,,0,30,,19448,37,,,0,70,,19455,37,,,0,30,,19464,37,,,0,70,,19471,37,,,0,30,,19449,37,,,0,70,,19456,37,,,0,30,,19465,37,,,0,70,,19472,37,,,0,30,,19450,37,,,0,70,,19457,37,,,0,30,,19466,37,,,0,100,,19458,37,,,0,100,,19473,37,,,0,100,,19459,37,,,0,98,,19474,37,,,0
2019,'1878',710,,19502,37,,,0,30,,19479,37,,,0,70,,19483,37,,,0,30,,19495,37,,,0,71,,19490,37,,,0,30,,19480,37,,,0,70,,19484,37,,,0,30,,19496,37,,,0,70,,19491,37,,,0,30,,19481,37,,,0,70,,19485,37,,,0,30,,19497,37,,,0,70,,19492,37,,,0,30,,19482,37,,,0,70,,19486,37,,,0,30,,19498,37,,,0,70,,19493,37,,,0,30,,19477,37,,,0,70,,19487,37,,,0,30,,19499,37,,,0,70,,19494,37,,,0,30,,19475,37,,,0,70,,19488,37,,,0,30,,19500,37,,,0,100,,19476,37,,,0,100,,19501,37,,,0,100,,19478,37,,,0,100,,19489,37,,,0,99,,19503,37,,,0
2019,'1881',506,,35126,28,0,5 2 13 14,0
2019,'1882',642,,19412,37,,,0,70,,19413,37,,,0,29,,19414,37,,,0,71,,19415,37,,,0,30,,19416,37,,,0,70,,19417,37,,,0,30,,19418,37,,,0,70,,19419,37,,,0,30,,19420,37,,,0,70,,19421,37,,,0,30,,19422,37,,,0,70,,19423,37,,,0,30,,19424,37,,,0,70,,19425,37,,,0,30,,19426,37,,,0,70,,19427,37,,,0,31,,19428,37,,,0,70,,19429,37,,,0,30,,19430,37,,,0,71,,19431,37,,,0,30,,19432,37,,,0,68,,19433,37,,,0,30,,19434,37,,,0,70,,19435,37,,,0,30,,19436,37,,,0,70,,19442,37,,,0,30,,19437,37,,,0,100,,19438,37,,,0,100,,19439,37,,,0,100,,19440,37,,,0,101,,19441,37,,,0
2019,'1886',506,,43998,28,0,5 2 13 14,0
7019,'1838',742,,35957,17,,,0,71,,44529,2,,,0,30,,35958,17,,,0,73,,44524,2,,,0,27,,44517,17,,,0,73,,42367,2,,,0,28,,35959,17,,,0,72,,44523,2,,,0,28,,35960,17,,,0,72,,44528,2,,,0,28,,44515,17,,,0,73,,44522,2,,,0,27,,35962,17,,,0,73,,44527,2,,,0,28,,35963,17,,,0,73,,44521,2,,,0,27,,44516,17,,,0,73,,44526,2,,,0,26,,35965,17,,,0,73,,42356,2,,,0,27,,35953,17,,,0,72,,44525,2,,,0,27,,44513,17,,,0,72,,42361,2,,,0,27,,35952,17,,,0,72,,42362,2,,,0,28,,35956,17,,,0,72,,42369,2,,,0,28,,44514,17,,,0
7019,'1865',542,,44531,17,,,0,103,,44532,17,,,0,70,,44533,17,,,0,32,,36047,17,,,0,72,,36040,17,,,0,30,,36048,17,,,0,68,,44534,17,,,0,30,,42371,17,,,0,70,,42370,17,,,0,30,,42372,17,,,0,70,,36043,17,,,0,30,,36051,17,,,0,70,,36044,17,,,0,30,,44537,17,,,0,70,,44535,17,,,0,30,,42373,17,,,0,71,,44536,17,,,0,32,,44543,17,,,0,73,,42376,17,,,0,27,,36068,17,,,0,70,,44544,17,,,0,30,,44538,17,,,0,68,,44539,17,,,0,29,,42374,17,,,0,70,,44540,17,,,0,28,,36059,17,,,0,70,,36060,17,,,0,28,,44541,17,,,0,70,,44542,17,,,0,30,,36063,17,,,0,100,,36064,17,,,0,71,,42377,2,,,0,28,,36065,17,,,0,100,,42375,17,,,0
7019,'1866',643,,36086,17,,,0,69,,44548,17,,,0,30,,44553,17,,,0,70,,36080,17,,,0,31,,36088,17,,,0,70,,44549,17,,,0,30,,36089,17,,,0,71,,44550,17,,,0,30,,44554,17,,,0,70,,44551,17,,,0,30,,36091,17,,,0,70,,36084,17,,,0,30,,36092,17,,,0,70,,44552,17,,,0,30,,44555,17,,,0,70,,36098,17,,,0,31,,36094,17,,,0,70,,36100,17,,,0,30,,36095,17,,,0,70,,44557,17,,,0,29,,44556,17,,,0,70,,44558,17,,,0,30,,36097,17,,,0,70,,44561,17,,,0,29,,36074,17,,,0,69,,44559,17,,,0,30,,44547,17,,,0,70,,44560,17,,,0,30,,36076,17,,,0,100,,36077,17,,,0,72,,42378,2,,,0,28,,36078,17,,,0
7019,'1867',742,,36113,17,,,0,71,,44580,2,,,0,30,,36114,17,,,0,73,,44575,2,,,0,27,,44568,17,,,0,73,,42392,2,,,0,28,,36115,17,,,0,72,,44574,2,,,0,28,,36116,17,,,0,72,,44579,2,,,0,28,,44566,17,,,0,73,,44573,2,,,0,27,,36118,17,,,0,73,,44578,2,,,0,28,,36119,17,,,0,73,,44572,2,,,0,27,,44567,17,,,0,73,,44577,2,,,0,26,,36121,17,,,0,73,,42381,2,,,0,27,,36109,17,,,0,72,,44576,2,,,0,27,,44564,17,,,0,72,,42386,2,,,0,27,,36108,17,,,0,72,,42387,2,,,0,28,,36112,17,,,0,72,,42394,2,,,0,28,,44565,17,,,0
7019,'1873',643,,29380,17,,,0,169,,29374,17,,,0,31,,29382,17,,,0,100,,29383,17,,,0,201,,29385,17,,,0,70,,29378,17,,,0,30,,29386,17,,,0,170,,29392,17,,,0,31,,29388,17,,,0,70,,29394,17,,,0,30,,29389,17,,,0,199,,29391,17,,,0,99,,29368,17,,,0,199,,29370,17,,,0,100,,29371,17,,,0,72,,42403,2,,,0,28,,29372,17,,,0
7019,'1878',742,,29407,17,,,0,101,,29408,17,,,0,173,,42417,2,,,0,28,,29409,17,,,0,100,,29410,17,,,0,200,,29412,17,,,0,101,,29413,17,,,0,199,,29415,17,,,0,73,,42406,2,,,0,27,,29403,17,,,0,171,,42411,2,,,0,27,,29402,17,,,0,72,,42412,2,,,0,28,,29406,17,,,0,72,,42419,2,,,0
7019,'1881',542,,36014,17,,,0,103,,36015,17,,,0,70,,29478,17,,,0,202,,36016,17,,,0,330,,36022,17,,,0,70,,36018,17,,,0,101,,36019,17,,,0,32,,36030,17,,,0,170,,36032,17,,,0,30,,36024,17,,,0,68,,36026,17,,,0,99,,36028,17,,,0,126,,36029,17,,,0,70,,29501,17,,,0
7019,'1882',747,,29486,17,,,0,72,,29479,17,,,0,30,,29487,17,,,0,98,,42396,17,,,0,70,,42395,17,,,0,30,,42397,17,,,0,70,,29482,17,,,0,30,,29490,17,,,0,70,,29483,17,,,0,130,,42398,17,,,0,176,,42401,17,,,0,27,,29507,17,,,0,197,,42399,17,,,0,98,,29498,17,,,0,70,,29499,17,,,0,128,,29502,17,,,0,100,,29503,17,,,0,71,,42402,2,,,0,28,,29504,17,,,0,100,,42400,17,,,0
7019,'1886',542,,44582,17,,,0,103,,44583,17,,,0,70,,44584,17,,,0,202,,44585,17,,,0,330,,44588,17,,,0,70,,44586,17,,,0,101,,44587,17,,,0,32,,44594,17,,,0,170,,44595,17,,,0,30,,44589,17,,,0,68,,44590,17,,,0,99,,44591,17,,,0,126,,44592,17,,,0,70,,44593,17,,,0
7019,'1887',712,,44599,17,,,0,30,,44604,17,,,0,171,,44600,17,,,0,101,,44601,17,,,0,30,,44605,17,,,0,70,,44602,17,,,0,200,,44603,17,,,0,30,,44606,17,,,0,271,,44608,17,,,0,29,,44607,17,,,0,70,,44609,17,,,0,100,,44612,17,,,0,98,,44610,17,,,0,30,,44598,17,,,0,70,,44611,17,,,0
7019,'1888',813,,44631,2,,,0,103,,44626,2,,,0,27,,44619,17,,,0,173,,44625,2,,,0,100,,44630,2,,,0,28,,44617,17,,,0,73,,44624,2,,,0,100,,44629,2,,,0,101,,44623,2,,,0,27,,44618,17,,,0,73,,44628,2,,,0,198,,44627,2,,,0,27,,44615,17,,,0,299,,44616,17,,,0
