4019,'1800',812,,28707,16,,,0,30,,28708,16,,,0,70,,28705,16,,,0,30,,28709,16,,,0,73,,28706,16,,,0,30,,28690,16,,,0,70,,28694,16,,,0,30,,28698,16,,,0,69,,28701,16,,,0,32,,28686,16,,,0,69,,28689,16,,,0,30,,28693,16,,,0,69,,28697,16,,,0,30,,28699,16,,,0,70,,28685,16,,,0,30,,28688,16,,,0,70,,28692,16,,,0,30,,28696,16,,,0,69,,28700,16,,,0,31,,28684,16,,,0,70,,28687,16,,,0,28,,28691,16,,,0,70,,28695,16,,,0,30,,28704,16,,,0,70,,28710,16,,,0,30,,28702,16,,,0,70,,28711,16,,,0,30,,28703,16,,,0
4019,'1838',812,,28735,16,,,0,30,,28736,16,,,0,70,,28733,16,,,0,30,,28737,16,,,0,73,,28734,16,,,0,30,,28718,16,,,0,70,,28722,16,,,0,30,,28726,16,,,0,69,,28729,16,,,0,32,,28714,16,,,0,69,,28717,16,,,0,30,,28721,16,,,0,69,,28725,16,,,0,30,,28727,16,,,0,70,,28713,16,,,0,30,,28716,16,,,0,70,,28720,16,,,0,30,,28724,16,,,0,69,,28728,16,,,0,31,,28712,16,,,0,70,,28715,16,,,0,28,,28719,16,,,0,70,,28723,16,,,0,30,,28732,16,,,0,70,,28738,16,,,0,30,,28730,16,,,0,70,,28739,16,,,0,30,,28731,16,,,0
4019,'1848',712,,28771,16,,,0,30,,28747,16,,,0,71,,28741,16,,,0,30,,28751,16,,,0,70,,28762,16,,,0,30,,28757,16,,,0,72,,28745,16,,,0,30,,28767,16,,,0,70,,28744,16,,,0,30,,28764,16,,,0,69,,28759,16,,,0,32,,28752,16,,,0,69,,28765,16,,,0,30,,28768,16,,,0,70,,28743,16,,,0,30,,28754,16,,,0,70,,28742,16,,,0,30,,28748,16,,,0,70,,28766,16,,,0,30,,28763,16,,,0,69,,28760,16,,,0,30,,28749,16,,,0,70,,28769,16,,,0,28,,28770,16,,,0,70,,28740,16,,,0,30,,28755,16,,,0,70,,28753,16,,,0,30,,28761,16,,,0,70,,28746,16,,,0,30,,28756,16,,,0,70,,28750,16,,,0,30,,28758,16,,,0
4019,'1849',812,,28795,16,,,0,30,,28796,16,,,0,70,,28793,16,,,0,30,,28797,16,,,0,73,,28794,16,,,0,30,,28778,16,,,0,70,,28782,16,,,0,30,,28786,16,,,0,69,,28789,16,,,0,32,,28774,16,,,0,69,,28777,16,,,0,30,,28781,16,,,0,69,,28785,16,,,0,30,,28787,16,,,0,70,,28773,16,,,0,30,,28776,16,,,0,70,,28780,16,,,0,30,,28784,16,,,0,69,,28788,16,,,0,31,,28772,16,,,0,70,,28775,16,,,0,28,,28779,16,,,0,70,,28783,16,,,0,30,,28792,16,,,0,70,,28798,16,,,0,30,,28790,16,,,0,70,,28799,16,,,0,30,,28791,16,,,0
4019,'1850',642,,28806,16,,,0,71,,28832,16,,,0,30,,28807,16,,,0,67,,28808,16,,,0,36,,28809,16,,,0,64,,28810,16,,,0,36,,28811,16,,,0,68,,28812,16,,,0,29,,28813,16,,,0,70,,28814,16,,,0,31,,28815,16,,,0,72,,28816,16,,,0,30,,28817,16,,,0,70,,28818,16,,,0,30,,28819,16,,,0,72,,28820,16,,,0,30,,28821,16,,,0,75,,28822,16,,,0,30,,28823,16,,,0,71,,28824,16,,,0,24,,28825,16,,,0,73,,28826,16,,,0,22,,28827,16,,,0,75,,28828,16,,,0,21,,28829,16,,,0,75,,28830,16,,,0,28,,28831,16,,,0,70,,28800,16,,,0,30,,28801,16,,,0,70,,28802,16,,,0,30,,28803,16,,,0,70,,28804,16,,,0,30,,28805,16,,,0
4019,'1852',642,,28839,16,,,0,71,,28865,16,,,0,30,,28840,16,,,0,67,,28841,16,,,0,36,,28842,16,,,0,64,,28843,16,,,0,36,,28844,16,,,0,68,,28845,16,,,0,29,,28846,16,,,0,70,,28847,16,,,0,31,,28848,16,,,0,72,,28849,16,,,0,30,,28850,16,,,0,70,,28851,16,,,0,30,,28852,16,,,0,72,,28853,16,,,0,30,,28854,16,,,0,75,,28855,16,,,0,30,,28856,16,,,0,71,,28857,16,,,0,24,,28858,16,,,0,73,,28859,16,,,0,22,,28860,16,,,0,75,,28861,16,,,0,21,,28862,16,,,0,75,,28863,16,,,0,28,,28864,16,,,0,70,,28833,16,,,0,30,,28834,16,,,0,70,,28835,16,,,0,30,,28836,16,,,0,70,,28837,16,,,0,30,,28838,16,,,0
7019,'1800',559,,29312,11,,,0,70,,29315,11,,,0,30,,29316,11,,,0,68,,29317,11,,,0,30,,29303,30,,,0,71,,29331,15,,,0,30,,29304,30,,,0,73,,29323,15,,,0,27,,29313,30,,,0,75,,29330,15,,,0,68,,29305,30,,,0,32,,29322,15,,,0,68,,29306,30,,,0,32,,29329,15,,,0,68,,29307,30,,,0,33,,29321,15,,,0,67,,29308,30,,,0,33,,29328,15,,,0,68,,29309,30,,,0,33,,29320,15,,,0,67,,29310,30,,,0,33,,29327,15,,,0,66,,29311,30,,,0,33,,29319,15,,,0,67,,29299,30,,,0,32,,29326,15,,,0,67,,29300,30,,,0,30,,29324,15,,,0,27,,29298,30,,,0,70,,29325,15,,,0,28,,29302,30,,,0,72,,29332,15,,,0,28,,29301,30,,,0,70,,29318,11,,,0,30,,29314,11,,,0
7019,'1838',559,,29347,11,,,0,70,,29350,11,,,0,30,,29351,11,,,0,68,,29352,11,,,0,30,,29338,30,,,0,71,,29366,15,,,0,30,,29339,30,,,0,73,,29358,15,,,0,27,,29348,30,,,0,75,,29365,15,,,0,68,,29340,30,,,0,32,,29357,15,,,0,68,,29341,30,,,0,32,,29364,15,,,0,68,,29342,30,,,0,33,,29356,15,,,0,67,,29343,30,,,0,33,,29363,15,,,0,68,,29344,30,,,0,33,,29355,15,,,0,67,,29345,30,,,0,33,,29362,15,,,0,66,,29346,30,,,0,33,,29354,15,,,0,67,,29334,30,,,0,32,,29361,15,,,0,67,,29335,30,,,0,30,,29359,15,,,0,27,,29333,30,,,0,70,,29360,15,,,0,28,,29337,30,,,0,72,,29367,15,,,0,28,,29336,30,,,0,70,,29353,11,,,0,30,,29349,11,,,0
7019,'1848',629,,29399,11,,,0,28,,29380,30,,,0,70,,29373,30,,,0,30,,29381,30,,,0,70,,29374,30,,,0,31,,29382,30,,,0,70,,29375,30,,,0,30,,29383,30,,,0,73,,29376,30,,,0,70,,29384,30,,,0,30,,29377,30,,,0,70,,29385,30,,,0,30,,29378,30,,,0,70,,29386,30,,,0,30,,29379,30,,,0,70,,29387,30,,,0,30,,29392,30,,,0,71,,29388,30,,,0,30,,29394,30,,,0,70,,29389,30,,,0,30,,29393,30,,,0,69,,29390,30,,,0,30,,29395,30,,,0,70,,29391,30,,,0,30,,29398,30,,,0,69,,29368,30,,,0,27,,29396,30,,,0,30,,29369,30,,,0,68,,29397,30,,,0,30,,29370,30,,,0,70,,29401,11,,,0,30,,29371,30,,,0,72,,29400,15,,,0,27,,29372,30,,,0
7019,'1849',559,,29416,11,,,0,70,,29419,11,,,0,30,,29420,11,,,0,68,,29421,11,,,0,30,,29407,30,,,0,71,,29435,15,,,0,30,,29408,30,,,0,73,,29427,15,,,0,27,,29417,30,,,0,75,,29434,15,,,0,68,,29409,30,,,0,32,,29426,15,,,0,68,,29410,30,,,0,32,,29433,15,,,0,68,,29411,30,,,0,33,,29425,15,,,0,67,,29412,30,,,0,33,,29432,15,,,0,68,,29413,30,,,0,33,,29424,15,,,0,67,,29414,30,,,0,33,,29431,15,,,0,66,,29415,30,,,0,33,,29423,15,,,0,67,,29403,30,,,0,32,,29430,15,,,0,67,,29404,30,,,0,30,,29428,15,,,0,27,,29402,30,,,0,70,,29429,15,,,0,28,,29406,30,,,0,72,,29436,15,,,0,28,,29405,30,,,0,70,,29422,11,,,0,30,,29418,11,,,0
7019,'1850',520,,29437,11,,,0,36,,29438,30,,,0,72,,29471,11,,,0,31,,29439,30,,,0,71,,29440,30,,,0,72,,29448,30,,,0,32,,29441,30,,,0,70,,29449,30,,,0,28,,29442,30,,,0,70,,29450,30,,,0,31,,29443,30,,,0,70,,29451,30,,,0,30,,29444,30,,,0,71,,29452,30,,,0,30,,29445,30,,,0,70,,29453,30,,,0,30,,29446,30,,,0,70,,29454,30,,,0,32,,29447,30,,,0,74,,29467,30,,,0,33,,29468,30,,,0,14,,29474,11,,,0,52,,29469,30,,,0,30,,29470,30,,,0,70,,29455,30,,,0,28,,29457,30,,,0,65,,29456,30,,,0,30,,29459,30,,,0,68,,29460,30,,,0,30,,29461,30,,,0,27,,29462,30,,,0,70,,29463,30,,,0,30,,29464,30,,,0,67,,29473,11,,,0,31,,29465,30,,,0,71,,29472,15,,,0,28,,29466,30,,,0,100,,29458,30,,,0
7019,'1852',520,,29475,11,,,0,36,,29476,30,,,0,72,,29509,11,,,0,31,,29477,30,,,0,71,,29478,30,,,0,72,,29486,30,,,0,32,,29479,30,,,0,70,,29487,30,,,0,28,,29480,30,,,0,70,,29488,30,,,0,31,,29481,30,,,0,70,,29489,30,,,0,30,,29482,30,,,0,71,,29490,30,,,0,30,,29483,30,,,0,70,,29491,30,,,0,30,,29484,30,,,0,70,,29492,30,,,0,32,,29485,30,,,0,74,,29505,30,,,0,33,,29506,30,,,0,14,,29512,11,,,0,52,,29507,30,,,0,30,,29508,30,,,0,70,,29493,30,,,0,28,,29495,30,,,0,65,,29494,30,,,0,30,,29497,30,,,0,68,,29498,30,,,0,30,,29499,30,,,0,27,,29500,30,,,0,70,,29501,30,,,0,30,,29502,30,,,0,67,,29511,11,,,0,31,,29503,30,,,0,71,,29510,15,,,0,28,,29504,30,,,0,100,,29496,30,,,0
14000001029,'1800',604,,34784,49,0,18 7,0
14000001029,'1838',604,,34789,49,0,18 7,0
14000001029,'1848',604,,34793,49,0,18 7,0
14000001029,'1849',604,,34799,49,0,18 7,0
14000001029,'1850',507,,34800,49,0,18 7,0,102,,34801,49,0,18 7,0
14000001029,'1852',507,,34808,49,0,18 7,0,102,,34809,49,0,18 7,0
