16029,'1838',742,,45175,19,,,0,99,,45176,19,,,0,96,,42757,19,,,0,104,,45179,19,,,0,98,,45181,19,,,0,100,,45178,19,,,0,101,,45180,19,,,0,100,,45173,19,,,0,100,,45174,19,,,0,99,,42762,19,,,0,99,,45177,19,,,0,101,,42768,19,,,0,100,,42763,19,,,0,103,,42764,19,,,0,97,,42770,19,,,0
16029,'1865',611,,42771,19,,,0,30,,42772,19,,,0,73,,42773,19,,,0,37,,42774,19,,,0,70,,42775,19,,,0,32,,42776,19,,,0,70,,42777,19,,,0,29,,45182,19,,,0,67,,42779,19,,,0,30,,42780,19,,,0,70,,45183,19,,,0,30,,42782,19,,,0,70,,42783,19,,,0,30,,45184,19,,,0,70,,42785,19,,,0,30,,42786,19,,,0,71,,42787,19,,,0,32,,42788,19,,,0,71,,42789,19,,,0,29,,45185,19,,,0,72,,42791,19,,,0,30,,42792,19,,,0,69,,42793,19,,,0,28,,42794,19,,,0,69,,42795,19,,,0,30,,45187,19,,,0,67,,42796,19,,,0,30,,42797,19,,,0,70,,42798,19,,,0,24,,42799,19,,,0,70,,45186,19,,,0,29,,42801,19,,,0,70,,42802,19,,,0
16029,'1866',611,,42811,19,,,0,27,,42826,19,,,0,70,,42819,19,,,0,30,,42804,19,,,0,70,,42812,19,,,0,30,,42827,19,,,0,70,,42820,19,,,0,29,,42805,19,,,0,71,,42813,19,,,0,30,,42828,19,,,0,70,,42821,19,,,0,31,,42806,19,,,0,70,,42814,19,,,0,30,,42829,19,,,0,71,,42822,19,,,0,30,,42807,19,,,0,71,,42815,19,,,0,29,,42830,19,,,0,71,,42823,19,,,0,30,,42808,19,,,0,69,,42816,19,,,0,30,,42831,19,,,0,69,,42824,19,,,0,29,,42809,19,,,0,71,,42817,19,,,0,30,,42832,19,,,0,70,,42825,19,,,0,30,,42810,19,,,0,70,,42818,19,,,0,31,,42833,19,,,0,97,,42834,19,,,0,73,,42835,19,,,0
16029,'1867',742,,45190,19,,,0,99,,45191,19,,,0,96,,42837,19,,,0,104,,45194,19,,,0,98,,45196,19,,,0,100,,45193,19,,,0,101,,45195,19,,,0,100,,45188,19,,,0,100,,45189,19,,,0,99,,42842,19,,,0,99,,45192,19,,,0,101,,42848,19,,,0,100,,42843,19,,,0,103,,42844,19,,,0,97,,42850,19,,,0
16029,'1873',611,,42891,19,,,0,27,,42906,19,,,0,70,,42899,19,,,0,30,,42884,19,,,0,70,,42892,19,,,0,30,,42907,19,,,0,70,,42900,19,,,0,29,,42885,19,,,0,71,,42893,19,,,0,30,,42908,19,,,0,70,,42901,19,,,0,31,,42886,19,,,0,70,,42894,19,,,0,30,,42909,19,,,0,71,,42902,19,,,0,30,,42887,19,,,0,71,,42895,19,,,0,29,,42910,19,,,0,71,,42903,19,,,0,30,,42888,19,,,0,69,,42896,19,,,0,30,,42911,19,,,0,69,,42904,19,,,0,29,,42889,19,,,0,71,,42897,19,,,0,30,,42912,19,,,0,70,,42905,19,,,0,30,,42890,19,,,0,70,,42898,19,,,0,31,,42913,19,,,0,97,,42914,19,,,0,73,,42915,19,,,0
16029,'1878',937,,42917,19,,,0,702,,42922,19,,,0,200,,42928,19,,,0,100,,42923,19,,,0,103,,42924,19,,,0,97,,42930,19,,,0
16029,'1881',952,,42858,19,,,0,167,,42861,19,,,0,130,,42864,19,,,0,303,,42870,19,,,0,298,,42883,19,,,0,261,,42880,19,,,0
16029,'1882',611,,42851,19,,,0,30,,42852,19,,,0,73,,42853,19,,,0,37,,42854,19,,,0,70,,42855,19,,,0,32,,42856,19,,,0,70,,42857,19,,,0,96,,42859,19,,,0,30,,42860,19,,,0,100,,42862,19,,,0,70,,42863,19,,,0,100,,42865,19,,,0,30,,42866,19,,,0,71,,42867,19,,,0,32,,42868,19,,,0,71,,42869,19,,,0,101,,42871,19,,,0,30,,42872,19,,,0,69,,42873,19,,,0,28,,42874,19,,,0,69,,42875,19,,,0,97,,42876,19,,,0,30,,42877,19,,,0,70,,42878,19,,,0,24,,42879,19,,,0,99,,42881,19,,,0,70,,42882,19,,,0
16029,'1886',952,,45197,19,,,0,167,,45198,19,,,0,130,,45199,19,,,0,303,,45200,19,,,0,298,,45202,19,,,0,261,,45201,19,,,0
16029,'1888',742,,45205,19,,,0,99,,45206,19,,,0,200,,45209,19,,,0,98,,45211,19,,,0,100,,45208,19,,,0,101,,45210,19,,,0,100,,45203,19,,,0,100,,45204,19,,,0,198,,45207,19,,,0
