1019,'1838',636,,34814,48,,,0,100,,34815,48,,,0,101,,34816,48,,,0,100,,34817,48,,,0,100,,34818,48,,,0,102,,34819,48,,,0,100,,34820,48,,,0,100,,34821,48,,,0,100,,34822,48,,,0,100,,34823,48,,,0,100,,34824,48,,,0,100,,34825,48,,,0,100,,34826,48,,,0,98,,34827,48,,,0,100,,34828,48,,,0,100,,34829,48,,,0,102,,34830,48,,,0,95,,34831,48,,,0
1019,'1865',608,,42047,48,,,0,30,,42070,48,,,0,70,,42045,48,,,0,31,,42040,48,,,0,71,,42059,48,,,0,31,,42042,48,,,0,70,,42048,48,,,0,29,,42073,48,,,0,70,,42044,48,,,0,30,,42038,48,,,0,71,,42058,48,,,0,30,,42043,48,,,0,70,,42049,48,,,0,30,,42069,48,,,0,70,,42046,48,,,0,31,,42039,48,,,0,70,,42071,48,,,0,32,,42041,48,,,0,70,,42050,48,,,0,30,,42068,48,,,0,69,,42061,48,,,0,30,,42053,48,,,0,70,,42051,48,,,0,28,,42054,48,,,0,70,,42056,48,,,0,29,,42055,48,,,0,69,,42052,48,,,0,30,,42072,48,,,0,70,,42066,48,,,0,30,,42067,48,,,0,70,,42065,48,,,0,28,,42064,48,,,0,74,,42063,48,,,0,30,,42062,48,,,0,70,,42060,48,,,0,25,,42057,48,,,0
1019,'1866',606,,34914,48,,,0,30,,34928,48,,,0,70,,34913,48,,,0,30,,34933,48,,,0,71,,34923,48,,,0,30,,34907,48,,,0,70,,34929,48,,,0,30,,34931,48,,,0,70,,34912,48,,,0,30,,34934,48,,,0,71,,34922,48,,,0,31,,34906,48,,,0,70,,34917,48,,,0,30,,34927,48,,,0,70,,34911,48,,,0,30,,34935,48,,,0,70,,34921,48,,,0,30,,34905,48,,,0,70,,34916,48,,,0,30,,34926,48,,,0,70,,34910,48,,,0,30,,34936,48,,,0,70,,34920,48,,,0,30,,34904,48,,,0,70,,34915,48,,,0,30,,34925,48,,,0,69,,34908,48,,,0,29,,34937,48,,,0,70,,34918,48,,,0,30,,34903,48,,,0,70,,34909,48,,,0,30,,34924,48,,,0,73,,34919,48,,,0,29,,34938,48,,,0,70,,34932,48,,,0,25,,34930,48,,,0
1019,'1867',636,,34939,48,,,0,100,,34940,48,,,0,101,,34941,48,,,0,100,,34942,48,,,0,100,,34943,48,,,0,102,,34944,48,,,0,100,,34945,48,,,0,100,,34946,48,,,0,100,,34947,48,,,0,100,,34948,48,,,0,100,,34949,48,,,0,100,,34950,48,,,0,100,,34951,48,,,0,98,,34952,48,,,0,100,,34953,48,,,0,100,,34954,48,,,0,102,,34955,48,,,0,95,,34956,48,,,0
1019,'1871',608,,28430,48,,,0,30,,34863,48,,,0,70,,34839,48,,,0,31,,34834,48,,,0,71,,34852,48,,,0,31,,34836,48,,,0,70,,34841,48,,,0,29,,34866,48,,,0,70,,34838,48,,,0,30,,34832,48,,,0,71,,34851,48,,,0,30,,34837,48,,,0,70,,34842,48,,,0,30,,34862,48,,,0,70,,34840,48,,,0,31,,34833,48,,,0,70,,34864,48,,,0,32,,34835,48,,,0,70,,34843,48,,,0,30,,34861,48,,,0,69,,34854,48,,,0,30,,34846,48,,,0,70,,34844,48,,,0,28,,34847,48,,,0,70,,34849,48,,,0,29,,34848,48,,,0,69,,34845,48,,,0,30,,34865,48,,,0,70,,34859,48,,,0,30,,34860,48,,,0,70,,34858,48,,,0,28,,34857,48,,,0,74,,34856,48,,,0,30,,34855,48,,,0,70,,34853,48,,,0,25,,34850,48,,,0
1019,'1873',606,,28342,48,,,0,30,,28356,48,,,0,70,,28341,48,,,0,30,,28361,48,,,0,71,,28351,48,,,0,30,,28335,48,,,0,70,,28357,48,,,0,30,,28359,48,,,0,70,,28340,48,,,0,30,,28362,48,,,0,71,,28350,48,,,0,31,,28334,48,,,0,70,,28345,48,,,0,30,,28355,48,,,0,70,,28339,48,,,0,30,,28363,48,,,0,70,,28349,48,,,0,30,,28333,48,,,0,70,,28344,48,,,0,30,,28354,48,,,0,70,,28338,48,,,0,30,,28364,48,,,0,70,,28348,48,,,0,30,,28332,48,,,0,70,,28343,48,,,0,30,,28353,48,,,0,69,,28336,48,,,0,29,,28365,48,,,0,70,,28346,48,,,0,30,,28331,48,,,0,70,,28337,48,,,0,30,,28352,48,,,0,73,,28347,48,,,0,29,,28366,48,,,0,70,,28360,48,,,0,25,,28358,48,,,0
1019,'1875',636,,28367,48,,,0,100,,28368,48,,,0,101,,28369,48,,,0,100,,28370,48,,,0,100,,28371,48,,,0,102,,28372,48,,,0,100,,28373,48,,,0,100,,28374,48,,,0,100,,28375,48,,,0,100,,28376,48,,,0,100,,28377,48,,,0,100,,28378,48,,,0,100,,28379,48,,,0,98,,28380,48,,,0,100,,28381,48,,,0,100,,28382,48,,,0,102,,28383,48,,,0,95,,28384,48,,,0
1019,'1876',608,,42083,48,,,0,30,,42106,48,,,0,70,,42081,48,,,0,31,,42076,48,,,0,71,,42095,48,,,0,31,,42078,48,,,0,70,,42084,48,,,0,29,,42109,48,,,0,70,,42080,48,,,0,30,,42074,48,,,0,71,,42094,48,,,0,30,,42079,48,,,0,70,,42085,48,,,0,30,,42105,48,,,0,70,,42082,48,,,0,31,,42075,48,,,0,70,,42107,48,,,0,32,,42077,48,,,0,70,,42086,48,,,0,30,,42104,48,,,0,69,,42097,48,,,0,30,,42089,48,,,0,70,,42087,48,,,0,28,,42090,48,,,0,70,,42092,48,,,0,29,,42091,48,,,0,69,,42088,48,,,0,30,,42108,48,,,0,70,,42102,48,,,0,30,,42103,48,,,0,70,,42101,48,,,0,28,,42100,48,,,0,74,,42099,48,,,0,30,,42098,48,,,0,70,,42096,48,,,0,25,,42093,48,,,0
802019,'1838',840,,41669,9,,,0,71,,41681,9,,,0,30,,41682,9,,,0,70,,41670,9,,,0,30,,41675,9,,,0,70,,41679,9,,,0,30,,41686,9,,,0,70,,41690,9,,,0,30,,41678,9,,,0,70,,41680,9,,,0,30,,41691,9,,,0,70,,41685,9,,,0,30,,41674,9,,,0,70,,41689,9,,,0,30,,41684,9,,,0,70,,41672,9,,,0,30,,41688,9,,,0,70,,41668,9,,,0,30,,41687,9,,,0,70,,41694,9,,,0,30,,41683,9,,,0,70,,41673,9,,,0,30,,41692,9,,,0,70,,41676,9,,,0,30,,41671,9,,,0,70,,41693,9,,,0,30,,41677,9,,,0
802019,'1857',749,,34621,9,,,0,60,,34587,9,,,0,30,,41775,9,,,0,70,,41749,9,,,0,30,,41750,9,,,0,70,,41751,9,,,0,30,,41752,9,,,0,70,,41753,9,,,0,30,,41754,9,,,0,71,,41755,9,,,0,30,,41756,9,,,0,70,,41757,9,,,0,30,,41758,9,,,0,70,,41759,9,,,0,31,,41760,9,,,0,71,,34600,9,,,0,20,,41761,9,,,0,20,,34602,9,,,0,60,,41777,9,,,0,20,,41762,9,,,0,20,,41763,9,,,0,60,,41764,9,,,0,19,,41765,9,,,0,19,,41779,9,,,0,60,,41766,9,,,0,20,,41767,9,,,0,20,,41768,9,,,0,60,,41769,9,,,0,30,,41770,9,,,0,69,,41771,9,,,0,25,,41772,9,,,0,70,,41773,9,,,0
802019,'1865',614,,43924,9,,,0,45,,43923,9,,,0,70,,43922,9,,,0,20,,41814,9,,,0,60,,41780,9,,,0,30,,41809,9,,,0,70,,41781,9,,,0,30,,41782,9,,,0,70,,41783,9,,,0,30,,41784,9,,,0,70,,41785,9,,,0,30,,41786,9,,,0,71,,41787,9,,,0,30,,41788,9,,,0,70,,41789,9,,,0,30,,41790,9,,,0,70,,41791,9,,,0,31,,41792,9,,,0,71,,41793,9,,,0,20,,41794,9,,,0,20,,41795,9,,,0,60,,41811,9,,,0,20,,41796,9,,,0,20,,41797,9,,,0,60,,41798,9,,,0,19,,41799,9,,,0,19,,41813,9,,,0,60,,41800,9,,,0,20,,41801,9,,,0,20,,41802,9,,,0,60,,41803,9,,,0,30,,41804,9,,,0,69,,41805,9,,,0,25,,41806,9,,,0,70,,41807,9,,,0,30,,43921,9,,,0
802019,'1866',840,,41842,9,,,0,71,,41837,9,,,0,30,,41838,9,,,0,70,,41839,9,,,0,30,,41827,9,,,0,70,,41820,9,,,0,30,,41833,9,,,0,70,,41826,9,,,0,30,,41819,9,,,0,70,,41832,9,,,0,30,,41824,9,,,0,70,,41821,9,,,0,30,,41831,9,,,0,70,,41825,9,,,0,30,,41817,9,,,0,70,,41830,9,,,0,30,,41823,9,,,0,70,,41818,9,,,0,30,,41829,9,,,0,70,,41822,9,,,0,30,,41816,9,,,0,70,,41828,9,,,0,30,,41834,9,,,0,70,,41835,9,,,0,30,,41836,9,,,0,70,,41841,9,,,0,30,,41840,9,,,0
802019,'1867',840,,41844,9,,,0,71,,41856,9,,,0,30,,41857,9,,,0,70,,41845,9,,,0,30,,41850,9,,,0,70,,41854,9,,,0,30,,41861,9,,,0,70,,41865,9,,,0,30,,41853,9,,,0,70,,41855,9,,,0,30,,41866,9,,,0,70,,41860,9,,,0,30,,41849,9,,,0,70,,41864,9,,,0,30,,41859,9,,,0,70,,41847,9,,,0,30,,41863,9,,,0,70,,41843,9,,,0,30,,41862,9,,,0,70,,41869,9,,,0,30,,41858,9,,,0,70,,41848,9,,,0,30,,41867,9,,,0,70,,41851,9,,,0,30,,41846,9,,,0,70,,41868,9,,,0,30,,41852,9,,,0
802019,'1871',614,,34622,9,,,0,45,,41778,9,,,0,70,,41776,9,,,0,1405,,41774,9,,,0
802019,'1873',840,,41721,9,,,0,71,,41716,9,,,0,30,,41717,9,,,0,70,,41718,9,,,0,30,,41706,9,,,0,70,,41699,9,,,0,30,,41712,9,,,0,70,,41705,9,,,0,30,,41698,9,,,0,70,,41711,9,,,0,30,,41703,9,,,0,70,,41700,9,,,0,30,,41710,9,,,0,70,,41704,9,,,0,30,,41696,9,,,0,70,,41709,9,,,0,30,,41702,9,,,0,70,,41697,9,,,0,30,,41708,9,,,0,70,,41701,9,,,0,30,,41695,9,,,0,70,,41707,9,,,0,30,,41713,9,,,0,70,,41714,9,,,0,30,,41715,9,,,0,70,,41720,9,,,0,30,,41719,9,,,0
802019,'1875',840,,41723,9,,,0,71,,41735,9,,,0,30,,41736,9,,,0,70,,41724,9,,,0,30,,41729,9,,,0,70,,41733,9,,,0,30,,41740,9,,,0,70,,41744,9,,,0,30,,41732,9,,,0,70,,41734,9,,,0,30,,41745,9,,,0,70,,41739,9,,,0,30,,41728,9,,,0,70,,41743,9,,,0,30,,41738,9,,,0,70,,41726,9,,,0,30,,41742,9,,,0,70,,41722,9,,,0,30,,41741,9,,,0,70,,41748,9,,,0,30,,41737,9,,,0,70,,41727,9,,,0,30,,41746,9,,,0,70,,41730,9,,,0,30,,41725,9,,,0,70,,41747,9,,,0,30,,41731,9,,,0
802019,'1876',614,,43928,9,,,0,45,,43927,9,,,0,70,,43926,9,,,0,1405,,43925,9,,,0
