15029,'1838',733,,36977,46,,,0,98,,45082,46,,,0,100,,36974,46,,,0,100,,36975,46,,,0,101,,45083,46,,,0,100,,36972,46,,,0,100,,36969,46,,,0,102,,45081,46,,,0,100,,36971,46,,,0,100,,36968,46,,,0,99,,45080,46,,,0,99,,36966,46,,,0,100,,36967,46,,,0,100,,45079,46,,,0
15029,'1865',608,,45084,6,,,0,20,,45085,6,,,0,31,,36995,46,,,0,70,,36996,46,,,0,74,,36997,46,,,0,30,,45086,46,,,0,73,,36999,46,,,0,30,,37000,46,,,0,65,,37001,46,,,0,30,,37002,46,,,0,70,,37003,46,,,0,30,,45087,46,,,0,70,,45088,46,,,0,30,,42575,46,,,0,70,,45089,46,,,0,30,,45090,46,,,0,70,,42576,46,,,0,31,,37010,46,,,0,73,,45091,46,,,0,35,,37012,46,,,0,72,,37013,46,,,0,30,,45092,46,,,0,67,,45093,46,,,0,23,,37016,46,,,0,69,,37017,46,,,0,29,,37018,46,,,0,27,,45094,46,,,0,70,,37020,46,,,0,30,,45095,46,,,0,70,,45096,46,,,0,30,,37023,46,,,0,100,,45098,46,,,0,97,,45097,46,,,0
15029,'1866',605,,45099,6,,,0,133,,37029,46,,,0,93,,37030,46,,,0,100,,45100,46,,,0,100,,37032,46,,,0,101,,37033,46,,,0,100,,45101,46,,,0,100,,37035,46,,,0,104,,37036,46,,,0,100,,45102,46,,,0,99,,37038,46,,,0,98,,37039,46,,,0,99,,45103,46,,,0,100,,37026,46,,,0,100,,37027,46,,,0
15029,'1867',733,,37054,46,,,0,98,,45107,46,,,0,100,,37051,46,,,0,100,,37052,46,,,0,101,,45108,46,,,0,100,,37049,46,,,0,100,,37046,46,,,0,102,,45106,46,,,0,100,,37048,46,,,0,100,,37045,46,,,0,99,,45105,46,,,0,99,,37043,46,,,0,100,,37044,46,,,0,100,,45104,46,,,0
15029,'1873',738,,30423,46,,,0,93,,30424,46,,,0,200,,30426,46,,,0,101,,30427,46,,,0,200,,30429,46,,,0,104,,30430,46,,,0,199,,30432,46,,,0,98,,30433,46,,,0,199,,30420,46,,,0,100,,30421,46,,,0
15029,'1878',733,,30448,46,,,0,198,,30445,46,,,0,100,,30446,46,,,0,201,,30443,46,,,0,100,,30440,46,,,0,202,,30442,46,,,0,100,,30439,46,,,0,198,,30437,46,,,0,100,,30438,46,,,0
15029,'1881',608,,30482,6,,,0,20,,36978,6,,,0,205,,36979,46,,,0,298,,36980,46,,,0,70,,36981,46,,,0,100,,36983,46,,,0,30,,36984,46,,,0,174,,36986,46,,,0,137,,36987,46,,,0,67,,36988,46,,,0,148,,30508,46,,,0,100,,36989,46,,,0,70,,42580,46,,,0,130,,36992,46,,,0,97,,36991,46,,,0
15029,'1882',659,,30484,46,,,0,70,,30485,46,,,0,74,,30486,46,,,0,103,,30488,46,,,0,30,,30489,46,,,0,65,,30490,46,,,0,30,,30491,46,,,0,70,,30492,46,,,0,130,,42578,46,,,0,170,,42579,46,,,0,31,,30499,46,,,0,108,,30501,46,,,0,72,,30502,46,,,0,120,,30505,46,,,0,69,,30506,46,,,0,29,,30507,46,,,0,97,,30509,46,,,0,130,,30512,46,,,0
15029,'1886',608,,45109,6,,,0,20,,45110,6,,,0,205,,45111,46,,,0,298,,45112,46,,,0,70,,45113,46,,,0,100,,45114,46,,,0,30,,45115,46,,,0,174,,45116,46,,,0,137,,45117,46,,,0,67,,45118,46,,,0,148,,45119,46,,,0,100,,45120,46,,,0,70,,45121,46,,,0,130,,45123,46,,,0,97,,45122,46,,,0
15029,'1887',605,,45124,6,,,0,326,,45125,46,,,0,301,,45126,46,,,0,304,,45127,46,,,0,296,,45128,46,,,0
15029,'1888',831,,45132,46,,,0,301,,45133,46,,,0,302,,45131,46,,,0,299,,45130,46,,,0,299,,45129,46,,,0
