15029,'1838',711,,36977,16,,,0,98,,45082,16,,,0,100,,36974,16,,,0,100,,36975,16,,,0,101,,45083,16,,,0,100,,36972,16,,,0,100,,36969,16,,,0,102,,45081,16,,,0,100,,36971,16,,,0,100,,36968,16,,,0,99,,45080,16,,,0,99,,36966,16,,,0,100,,36967,16,,,0,100,,45079,16,,,0
15029,'1865',636,,36995,16,,,0,69,,36996,16,,,0,32,,36997,16,,,0,71,,45086,16,,,0,34,,36999,16,,,0,70,,37000,16,,,0,25,,37001,16,,,0,70,,37002,16,,,0,30,,37003,16,,,0,70,,45087,16,,,0,30,,45088,16,,,0,70,,42575,16,,,0,30,,45089,16,,,0,70,,45090,16,,,0,30,,42576,16,,,0,70,,37010,16,,,0,32,,45091,16,,,0,75,,37012,16,,,0,32,,37013,16,,,0,70,,45092,16,,,0,29,,45093,16,,,0,65,,37016,16,,,0,29,,37017,16,,,0,69,,37018,16,,,0,27,,45094,16,,,0,70,,37020,16,,,0,30,,45095,16,,,0,70,,45096,16,,,0,30,,37023,16,,,0,100,,45098,16,,,0,97,,45097,16,,,0
15029,'1866',716,,37029,16,,,0,93,,37030,16,,,0,100,,45100,16,,,0,100,,37032,16,,,0,101,,37033,16,,,0,100,,45101,16,,,0,100,,37035,16,,,0,103,,37036,16,,,0,100,,45102,16,,,0,100,,37038,16,,,0,98,,37039,16,,,0,99,,45103,16,,,0,100,,37026,16,,,0,100,,37027,16,,,0
15029,'1867',711,,37054,16,,,0,98,,45107,16,,,0,100,,37051,16,,,0,100,,37052,16,,,0,101,,45108,16,,,0,100,,37049,16,,,0,100,,37046,16,,,0,102,,45106,16,,,0,100,,37048,16,,,0,100,,37045,16,,,0,99,,45105,16,,,0,99,,37043,16,,,0,100,,37044,16,,,0,100,,45104,16,,,0
15029,'1873',716,,30423,16,,,0,93,,30424,16,,,0,200,,30426,16,,,0,101,,30427,16,,,0,200,,30429,16,,,0,103,,30430,16,,,0,200,,30432,16,,,0,98,,30433,16,,,0,199,,30420,16,,,0,100,,30421,16,,,0
15029,'1878',711,,30448,16,,,0,198,,30445,16,,,0,100,,30446,16,,,0,201,,30443,16,,,0,100,,30440,16,,,0,202,,30442,16,,,0,100,,30439,16,,,0,198,,30437,16,,,0,100,,30438,16,,,0
15029,'1881',808,,36979,16,,,0,299,,36980,16,,,0,30,,36981,16,,,0,100,,36983,16,,,0,70,,36984,16,,,0,132,,36986,16,,,0,177,,36987,16,,,0,29,,36988,16,,,0,190,,30508,16,,,0,100,,36989,16,,,0,70,,42580,16,,,0,130,,36992,16,,,0,97,,36991,16,,,0
15029,'1882',636,,30484,16,,,0,69,,30485,16,,,0,32,,30486,16,,,0,105,,30488,16,,,0,70,,30489,16,,,0,25,,30490,16,,,0,70,,30491,16,,,0,30,,30492,16,,,0,170,,42578,16,,,0,130,,42579,16,,,0,70,,30499,16,,,0,107,,30501,16,,,0,32,,30502,16,,,0,164,,30505,16,,,0,29,,30506,16,,,0,69,,30507,16,,,0,97,,30509,16,,,0,130,,30512,16,,,0
15029,'1886',808,,45111,16,,,0,299,,45112,16,,,0,30,,45113,16,,,0,100,,45114,16,,,0,70,,45115,16,,,0,132,,45116,16,,,0,177,,45117,16,,,0,29,,45118,16,,,0,190,,45119,16,,,0,100,,45120,16,,,0,70,,45121,16,,,0,130,,45123,16,,,0,97,,45122,16,,,0
15029,'1887',909,,45125,16,,,0,301,,45126,16,,,0,303,,45127,16,,,0,297,,45128,16,,,0
15029,'1888',809,,45132,16,,,0,301,,45133,16,,,0,302,,45131,16,,,0,299,,45130,16,,,0,299,,45129,16,,,0
