19019,'1800',617,,30814,4,,,0,112,,30801,4,,,0,100,,30818,4,,,0,30,,30806,4,,,0,70,,30807,4,,,0,30,,30811,4,,,0,71,,30827,4,,,0,70,,30825,4,,,0,30,,30826,4,,,0,70,,30804,4,,,0,30,,30828,4,,,0,70,,30803,4,,,0,30,,30830,4,,,0,70,,30819,4,,,0,31,,30821,4,,,0,70,,30809,4,,,0,30,,30812,4,,,0,70,,30815,4,,,0,30,,30817,4,,,0,70,,30805,4,,,0,29,,30808,4,,,0,70,,30822,4,,,0,30,,30810,4,,,0,70,,30813,4,,,0,30,,30802,4,,,0,70,,30820,4,,,0,45,,30816,4,,,0,100,,30823,4,,,0,100,,30824,4,,,0,84,,30829,4,,,0
19019,'1838',617,,30844,4,,,0,112,,30831,4,,,0,100,,30848,4,,,0,30,,30836,4,,,0,70,,30837,4,,,0,30,,30841,4,,,0,71,,30857,4,,,0,70,,30855,4,,,0,30,,30856,4,,,0,70,,30834,4,,,0,30,,30858,4,,,0,70,,30833,4,,,0,30,,30860,4,,,0,70,,30849,4,,,0,31,,30851,4,,,0,70,,30839,4,,,0,30,,30842,4,,,0,70,,30845,4,,,0,30,,30847,4,,,0,70,,30835,4,,,0,29,,30838,4,,,0,70,,30852,4,,,0,30,,30840,4,,,0,70,,30843,4,,,0,30,,30832,4,,,0,70,,30850,4,,,0,45,,30846,4,,,0,100,,30853,4,,,0,100,,30854,4,,,0,84,,30859,4,,,0
19019,'1841',831,,21400,4,,,0,69,,26008,4,,,0,30,,26005,4,,,0,70,,21395,4,,,0,30,,21401,4,,,0,70,,26011,4,,,0,30,,26007,4,,,0,70,,26020,4,,,0,30,,26010,4,,,0,70,,26019,4,,,0,30,,26006,4,,,0,70,,26021,4,,,0,30,,26017,4,,,0,71,,26009,4,,,0,31,,26012,4,,,0,298,,26016,4,,,0,70,,26022,4,,,0,30,,26015,4,,,0,100,,26014,4,,,0,100,,26013,4,,,0,99,,26018,4,,,0,100,,21402,4,,,0
19019,'1848',619,,30891,4,,,0,40,,30875,4,,,0,70,,30865,4,,,0,30,,30886,4,,,0,70,,30877,4,,,0,30,,30867,4,,,0,70,,30862,4,,,0,30,,30884,4,,,0,71,,30885,4,,,0,70,,30876,4,,,0,30,,30866,4,,,0,70,,30864,4,,,0,30,,30880,4,,,0,70,,30872,4,,,0,30,,30882,4,,,0,70,,30892,4,,,0,31,,30883,4,,,0,70,,30863,4,,,0,30,,30861,4,,,0,70,,30868,4,,,0,30,,30879,4,,,0,70,,30871,4,,,0,29,,30869,4,,,0,70,,30881,4,,,0,30,,30888,4,,,0,70,,30870,4,,,0,30,,30889,4,,,0,110,,30887,4,,,0,70,,30874,4,,,0,100,,30878,4,,,0,100,,30873,4,,,0,25,,30890,4,,,0
19019,'1849',617,,30906,4,,,0,112,,30893,4,,,0,100,,30910,4,,,0,30,,30898,4,,,0,70,,30899,4,,,0,30,,30903,4,,,0,71,,30919,4,,,0,70,,30917,4,,,0,30,,30918,4,,,0,70,,30896,4,,,0,30,,30920,4,,,0,70,,30895,4,,,0,30,,30922,4,,,0,70,,30911,4,,,0,31,,30913,4,,,0,70,,30901,4,,,0,30,,30904,4,,,0,70,,30907,4,,,0,30,,30909,4,,,0,70,,30897,4,,,0,29,,30900,4,,,0,70,,30914,4,,,0,30,,30902,4,,,0,70,,30905,4,,,0,30,,30894,4,,,0,70,,30912,4,,,0,45,,30908,4,,,0,100,,30915,4,,,0,100,,30916,4,,,0,84,,30921,4,,,0
19019,'1850',831,,30930,4,,,0,69,,30927,4,,,0,30,,30923,4,,,0,70,,30925,4,,,0,30,,30931,4,,,0,70,,30933,4,,,0,30,,30926,4,,,0,70,,30942,4,,,0,30,,30929,4,,,0,70,,30941,4,,,0,30,,30924,4,,,0,70,,30943,4,,,0,30,,30939,4,,,0,71,,30928,4,,,0,31,,30934,4,,,0,298,,30938,4,,,0,70,,30944,4,,,0,30,,30937,4,,,0,100,,30936,4,,,0,100,,30935,4,,,0,99,,30940,4,,,0,100,,30932,4,,,0
19019,'1852',831,,30952,4,,,0,69,,30949,4,,,0,30,,30945,4,,,0,70,,30947,4,,,0,30,,30953,4,,,0,70,,30955,4,,,0,30,,30948,4,,,0,70,,30964,4,,,0,30,,30951,4,,,0,70,,30963,4,,,0,30,,30946,4,,,0,70,,30965,4,,,0,30,,30961,4,,,0,71,,30950,4,,,0,31,,30956,4,,,0,298,,30960,4,,,0,70,,30966,4,,,0,30,,30959,4,,,0,100,,30958,4,,,0,100,,30957,4,,,0,99,,30962,4,,,0,100,,30954,4,,,0
10019029,'1841',619,,28204,10,,,0,30,,24785,10,,,0,70,,28206,10,,,0,30,,28207,10,,,0,802,,28211,10,,,0,70,,24789,10,,,0,30,,28208,10,,,0,70,,28212,10,,,0,29,,28209,10,,,0,250,,28210,10,,,0
10019029,'1850',619,,34645,11,,,0,30,,34648,11,,,0,70,,34647,11,,,0,30,,34649,11,,,0,802,,34654,11,,,0,70,,34652,11,,,0,30,,34650,11,,,0,70,,34655,11,,,0,29,,34651,11,,,0,250,,34653,11,,,0
10019029,'1852',619,,34656,11,,,0,30,,34659,11,,,0,70,,34658,11,,,0,30,,34660,11,,,0,802,,34665,11,,,0,70,,34663,11,,,0,30,,34661,11,,,0,70,,34666,11,,,0,29,,34662,11,,,0,250,,34664,11,,,0
