1019,'1800',612,,28295,14,,,0,100,,28296,14,,,0,100,,28297,14,,,0,100,,28298,14,,,0,100,,28299,14,,,0,100,,28300,14,,,0,100,,28301,14,,,0,100,,28302,14,,,0,100,,28303,14,,,0,100,,28304,14,,,0,100,,28305,14,,,0,100,,28306,14,,,0,100,,28307,14,,,0,100,,28308,14,,,0,100,,28309,14,,,0,100,,28310,14,,,0,100,,28311,14,,,0,100,,28312,14,,,0
1019,'1838',612,,34814,14,,,0,100,,34815,14,,,0,100,,34816,14,,,0,100,,34817,14,,,0,100,,34818,14,,,0,100,,34819,14,,,0,100,,34820,14,,,0,100,,34821,14,,,0,100,,34822,14,,,0,100,,34823,14,,,0,100,,34824,14,,,0,100,,34825,14,,,0,100,,34826,14,,,0,100,,34827,14,,,0,100,,34828,14,,,0,100,,34829,14,,,0,100,,34830,14,,,0,100,,34831,14,,,0
1019,'1850',542,,28394,14,,,0,70,,28417,14,,,0,30,,28392,14,,,0,70,,28387,14,,,0,30,,28406,14,,,0,71,,28389,14,,,0,30,,28395,14,,,0,70,,28420,14,,,0,30,,28391,14,,,0,70,,28385,14,,,0,30,,28405,14,,,0,70,,28390,14,,,0,30,,28396,14,,,0,70,,28416,14,,,0,30,,28393,14,,,0,70,,28386,14,,,0,30,,28418,14,,,0,70,,28388,14,,,0,30,,28397,14,,,0,70,,28415,14,,,0,30,,28408,14,,,0,70,,28400,14,,,0,30,,28398,14,,,0,70,,28401,14,,,0,30,,28403,14,,,0,70,,28402,14,,,0,29,,28399,14,,,0,70,,28419,14,,,0,30,,28413,14,,,0,70,,28414,14,,,0,30,,28412,14,,,0,70,,28411,14,,,0,30,,28410,14,,,0,70,,28409,14,,,0,30,,28407,14,,,0,70,,28404,14,,,0
1019,'1859',542,,28342,14,,,0,70,,28356,14,,,0,30,,28341,14,,,0,70,,28361,14,,,0,30,,28351,14,,,0,70,,28335,14,,,0,30,,28357,14,,,0,70,,28359,14,,,0,30,,28340,14,,,0,70,,28362,14,,,0,30,,28350,14,,,0,70,,28334,14,,,0,30,,28345,14,,,0,70,,28355,14,,,0,30,,28339,14,,,0,70,,28363,14,,,0,30,,28349,14,,,0,70,,28333,14,,,0,30,,28344,14,,,0,70,,28354,14,,,0,30,,28338,14,,,0,70,,28364,14,,,0,30,,28348,14,,,0,70,,28332,14,,,0,30,,28343,14,,,0,70,,28353,14,,,0,30,,28336,14,,,0,70,,28365,14,,,0,30,,28346,14,,,0,70,,28331,14,,,0,30,,28337,14,,,0,70,,28352,14,,,0,30,,28347,14,,,0,70,,28366,14,,,0,30,,28360,14,,,0,70,,28358,14,,,0
1019,'1861',612,,28367,14,,,0,100,,28368,14,,,0,100,,28369,14,,,0,100,,28370,14,,,0,100,,28371,14,,,0,100,,28372,14,,,0,100,,28373,14,,,0,100,,28374,14,,,0,100,,28375,14,,,0,100,,28376,14,,,0,100,,28377,14,,,0,100,,28378,14,,,0,100,,28379,14,,,0,100,,28380,14,,,0,100,,28381,14,,,0,100,,28382,14,,,0,100,,28383,14,,,0,100,,28384,14,,,0
1019,'1864',542,,28430,14,,,0,70,,34863,14,,,0,30,,34839,14,,,0,70,,34834,14,,,0,30,,34852,14,,,0,71,,34836,14,,,0,30,,34841,14,,,0,70,,34866,14,,,0,30,,34838,14,,,0,70,,34832,14,,,0,30,,34851,14,,,0,70,,34837,14,,,0,30,,34842,14,,,0,70,,34862,14,,,0,30,,34840,14,,,0,70,,34833,14,,,0,30,,34864,14,,,0,70,,34835,14,,,0,30,,34843,14,,,0,70,,34861,14,,,0,30,,34854,14,,,0,70,,34846,14,,,0,30,,34844,14,,,0,70,,34847,14,,,0,30,,34849,14,,,0,70,,34848,14,,,0,29,,34845,14,,,0,70,,34865,14,,,0,30,,34859,14,,,0,70,,34860,14,,,0,30,,34858,14,,,0,70,,34857,14,,,0,30,,34856,14,,,0,70,,34855,14,,,0,30,,34853,14,,,0,70,,34850,14,,,0
1019,'1865',542,,34876,14,,,0,70,,34899,14,,,0,30,,34874,14,,,0,70,,34869,14,,,0,30,,34888,14,,,0,71,,34871,14,,,0,30,,34877,14,,,0,70,,34902,14,,,0,30,,34873,14,,,0,70,,34867,14,,,0,30,,34887,14,,,0,70,,34872,14,,,0,30,,34878,14,,,0,70,,34898,14,,,0,30,,34875,14,,,0,70,,34868,14,,,0,30,,34900,14,,,0,70,,34870,14,,,0,30,,34879,14,,,0,70,,34897,14,,,0,30,,34890,14,,,0,70,,34882,14,,,0,30,,34880,14,,,0,70,,34883,14,,,0,30,,34885,14,,,0,70,,34884,14,,,0,29,,34881,14,,,0,70,,34901,14,,,0,30,,34895,14,,,0,70,,34896,14,,,0,30,,34894,14,,,0,70,,34893,14,,,0,30,,34892,14,,,0,70,,34891,14,,,0,30,,34889,14,,,0,70,,34886,14,,,0
1019,'1866',542,,34914,14,,,0,70,,34928,14,,,0,30,,34913,14,,,0,70,,34933,14,,,0,30,,34923,14,,,0,70,,34907,14,,,0,30,,34929,14,,,0,70,,34931,14,,,0,30,,34912,14,,,0,70,,34934,14,,,0,30,,34922,14,,,0,70,,34906,14,,,0,30,,34917,14,,,0,70,,34927,14,,,0,30,,34911,14,,,0,70,,34935,14,,,0,30,,34921,14,,,0,70,,34905,14,,,0,30,,34916,14,,,0,70,,34926,14,,,0,30,,34910,14,,,0,70,,34936,14,,,0,30,,34920,14,,,0,70,,34904,14,,,0,30,,34915,14,,,0,70,,34925,14,,,0,30,,34908,14,,,0,70,,34937,14,,,0,30,,34918,14,,,0,70,,34903,14,,,0,30,,34909,14,,,0,70,,34924,14,,,0,30,,34919,14,,,0,70,,34938,14,,,0,30,,34932,14,,,0,70,,34930,14,,,0
1019,'1867',612,,34939,14,,,0,100,,34940,14,,,0,100,,34941,14,,,0,100,,34942,14,,,0,100,,34943,14,,,0,100,,34944,14,,,0,100,,34945,14,,,0,100,,34946,14,,,0,100,,34947,14,,,0,100,,34948,14,,,0,100,,34949,14,,,0,100,,34950,14,,,0,100,,34951,14,,,0,100,,34952,14,,,0,100,,34953,14,,,0,100,,34954,14,,,0,100,,34955,14,,,0,100,,34956,14,,,0
2019,'1800',657,,19560,23,,,0,70,,19537,23,,,0,30,,19541,23,,,0,70,,19553,23,,,0,30,,19548,23,,,0,70,,19538,23,,,0,30,,19542,23,,,0,70,,19554,23,,,0,30,,19549,23,,,0,70,,19539,23,,,0,30,,19543,23,,,0,70,,19555,23,,,0,30,,19550,23,,,0,70,,19540,23,,,0,30,,19544,23,,,0,70,,19556,23,,,0,30,,19551,23,,,0,70,,19535,23,,,0,30,,19545,23,,,0,70,,19557,23,,,0,30,,19552,23,,,0,70,,19533,23,,,0,30,,19546,23,,,0,70,,19558,23,,,0,100,,19534,23,,,0,100,,19559,23,,,0,100,,19536,23,,,0,100,,19547,23,,,0,99,,19561,23,,,0
2019,'1838',657,,35124,23,,,0,70,,35101,23,,,0,30,,35105,23,,,0,70,,35117,23,,,0,30,,35112,23,,,0,70,,35102,23,,,0,30,,35106,23,,,0,70,,35118,23,,,0,30,,35113,23,,,0,70,,35103,23,,,0,30,,35107,23,,,0,70,,35119,23,,,0,30,,35114,23,,,0,70,,35104,23,,,0,30,,35108,23,,,0,70,,35120,23,,,0,30,,35115,23,,,0,70,,35099,23,,,0,30,,35109,23,,,0,70,,35121,23,,,0,30,,35116,23,,,0,70,,35097,23,,,0,30,,35110,23,,,0,70,,35122,23,,,0,100,,35098,23,,,0,100,,35123,23,,,0,100,,35100,23,,,0,100,,35111,23,,,0,99,,35125,23,,,0
2019,'1850',452,,28647,14,0,5 2 13 14,0,175,,28616,23,,,0,30,,28617,23,,,0,70,,28618,23,,,0,30,,28619,23,,,0,71,,28620,23,,,0,29,,28621,23,,,0,70,,28622,23,,,0,30,,28623,23,,,0,70,,28624,23,,,0,30,,28625,23,,,0,70,,28626,23,,,0,30,,28627,23,,,0,70,,28628,23,,,0,30,,28629,23,,,0,70,,28630,23,,,0,30,,28631,23,,,0,70,,28632,23,,,0,30,,28633,23,,,0,70,,28634,23,,,0,30,,28635,23,,,0,70,,28636,23,,,0,30,,28637,23,,,0,70,,28638,23,,,0,30,,28639,23,,,0,70,,28640,23,,,0,30,,28646,23,,,0,70,,28641,23,,,0,100,,28642,23,,,0,100,,28643,23,,,0,100,,28644,23,,,0,100,,28645,23,,,0
2019,'1857',627,,19412,23,,,0,30,,19413,23,,,0,70,,19414,23,,,0,30,,19415,23,,,0,71,,19416,23,,,0,29,,19417,23,,,0,70,,19418,23,,,0,30,,19419,23,,,0,70,,19420,23,,,0,30,,19421,23,,,0,70,,19422,23,,,0,30,,19423,23,,,0,70,,19424,23,,,0,30,,19425,23,,,0,70,,19426,23,,,0,30,,19427,23,,,0,70,,19428,23,,,0,30,,19429,23,,,0,70,,19430,23,,,0,30,,19431,23,,,0,70,,19432,23,,,0,30,,19433,23,,,0,70,,19434,23,,,0,30,,19435,23,,,0,70,,19436,23,,,0,30,,19442,23,,,0,70,,19437,23,,,0,100,,19438,23,,,0,100,,19439,23,,,0,100,,19440,23,,,0,100,,19441,23,,,0
2019,'1859',627,,19444,14,,,0,30,,19451,23,,,0,70,,19460,23,,,0,30,,19467,23,,,0,70,,19445,23,,,0,30,,19452,23,,,0,70,,19461,23,,,0,30,,19468,23,,,0,70,,19446,23,,,0,30,,19453,23,,,0,70,,19462,23,,,0,30,,19469,23,,,0,70,,19447,23,,,0,30,,19454,23,,,0,70,,19463,23,,,0,30,,19470,23,,,0,70,,19448,23,,,0,30,,19455,23,,,0,70,,19464,23,,,0,30,,19471,23,,,0,70,,19449,23,,,0,30,,19456,23,,,0,70,,19465,23,,,0,30,,19472,23,,,0,70,,19450,23,,,0,30,,19457,23,,,0,70,,19466,23,,,0,100,,19458,23,,,0,100,,19473,23,,,0,100,,19459,23,,,0,100,,19474,23,,,0
2019,'1861',657,,19502,23,,,0,70,,19479,23,,,0,30,,19483,23,,,0,70,,19495,23,,,0,30,,19490,23,,,0,70,,19480,23,,,0,30,,19484,23,,,0,70,,19496,23,,,0,30,,19491,23,,,0,70,,19481,23,,,0,30,,19485,23,,,0,70,,19497,23,,,0,30,,19492,23,,,0,70,,19482,23,,,0,30,,19486,23,,,0,70,,19498,23,,,0,30,,19493,23,,,0,70,,19477,23,,,0,30,,19487,23,,,0,70,,19499,23,,,0,30,,19494,23,,,0,70,,19475,23,,,0,30,,19488,23,,,0,70,,19500,23,,,0,100,,19476,23,,,0,100,,19501,23,,,0,100,,19478,23,,,0,100,,19489,23,,,0,99,,19503,23,,,0
2019,'1864',452,,35126,14,0,5 2 13 14,0
2019,'1865',452,,35158,14,0,5 2 13 14,0,175,,35127,23,,,0,30,,35128,23,,,0,70,,35129,23,,,0,30,,35130,23,,,0,71,,35131,23,,,0,29,,35132,23,,,0,70,,35133,23,,,0,30,,35134,23,,,0,70,,35135,23,,,0,30,,35136,23,,,0,70,,35137,23,,,0,30,,35138,23,,,0,70,,35139,23,,,0,30,,35140,23,,,0,70,,35141,23,,,0,30,,35142,23,,,0,70,,35143,23,,,0,30,,35144,23,,,0,70,,35145,23,,,0,30,,35146,23,,,0,70,,35147,23,,,0,30,,35148,23,,,0,70,,35149,23,,,0,30,,35150,23,,,0,70,,35151,23,,,0,30,,35157,23,,,0,70,,35152,23,,,0,100,,35153,23,,,0,100,,35154,23,,,0,100,,35155,23,,,0,100,,35156,23,,,0
2019,'1866',627,,35159,14,,,0,30,,35166,23,,,0,70,,35175,23,,,0,30,,35182,23,,,0,70,,35160,23,,,0,30,,35167,23,,,0,70,,35176,23,,,0,30,,35183,23,,,0,70,,35161,23,,,0,30,,35168,23,,,0,70,,35177,23,,,0,30,,35184,23,,,0,70,,35162,23,,,0,30,,35169,23,,,0,70,,35178,23,,,0,30,,35185,23,,,0,70,,35163,23,,,0,30,,35170,23,,,0,70,,35179,23,,,0,30,,35186,23,,,0,70,,35164,23,,,0,30,,35171,23,,,0,70,,35180,23,,,0,30,,35187,23,,,0,70,,35165,23,,,0,30,,35172,23,,,0,70,,35181,23,,,0,100,,35173,23,,,0,100,,35188,23,,,0,100,,35174,23,,,0,100,,35189,23,,,0
2019,'1867',657,,35217,23,,,0,70,,35194,23,,,0,30,,35198,23,,,0,70,,35210,23,,,0,30,,35205,23,,,0,70,,35195,23,,,0,30,,35199,23,,,0,70,,35211,23,,,0,30,,35206,23,,,0,70,,35196,23,,,0,30,,35200,23,,,0,70,,35212,23,,,0,30,,35207,23,,,0,70,,35197,23,,,0,30,,35201,23,,,0,70,,35213,23,,,0,30,,35208,23,,,0,70,,35192,23,,,0,30,,35202,23,,,0,70,,35214,23,,,0,30,,35209,23,,,0,70,,35190,23,,,0,30,,35203,23,,,0,70,,35215,23,,,0,100,,35191,23,,,0,100,,35216,23,,,0,100,,35193,23,,,0,100,,35204,23,,,0,99,,35218,23,,,0
14000001019,'1800',2421,,34757,30,,,0,30,,41971,30,,,0,70,,24911,30,,,0,30,,34758,30,,,0,70,,41970,30,,,0
14000001019,'1838',2421,,41975,30,,,0,30,,41974,30,,,0,70,,41972,30,,,0,30,,41976,30,,,0,70,,41973,30,,,0
14000001019,'1850',2421,,34775,30,,,0,30,,34772,30,,,0,70,,34773,30,,,0,30,,34774,30,,,0,70,,34771,30,,,0
14000001019,'1857',2521,,24893,30,,,0
14000001019,'1859',2421,,34766,30,,,0,30,,34763,30,,,0,70,,24899,30,,,0,30,,34765,30,,,0,70,,34764,30,,,0
14000001019,'1861',2421,,34769,30,,,0,100,,24901,30,,,0,30,,34770,30,,,0
14000001019,'1863',2451,,41978,30,,,0,170,,41977,30,,,0
14000001019,'1864',2421,,41982,30,,,0,30,,41980,30,,,0,100,,41981,30,,,0,70,,41979,30,,,0
14000001019,'1865',2421,,41987,30,,,0,30,,41984,30,,,0,70,,41985,30,,,0,30,,41986,30,,,0,70,,41983,30,,,0
14000001019,'1866',2421,,41992,30,,,0,30,,41988,30,,,0,70,,41991,30,,,0,30,,41990,30,,,0,70,,41989,30,,,0
14000001019,'1867',2421,,41996,30,,,0,30,,41995,30,,,0,70,,41993,30,,,0,30,,41997,30,,,0,70,,41994,30,,,0
