2029,'1800',629,,19696,30,,,0,30,,19704,30,,,0,68,,19715,30,,,0,30,,19710,30,,,0,70,,19697,30,,,0,30,,19705,30,,,0,69,,19716,30,,,0,30,,19711,30,,,0,70,,19698,30,,,0,30,,19706,30,,,0,70,,19717,30,,,0,30,,19712,30,,,0,70,,19699,30,,,0,30,,19707,30,,,0,70,,19718,30,,,0,30,,19713,30,,,0,70,,19700,30,,,0,30,,19708,30,,,0,70,,19719,30,,,0,30,,19714,30,,,0,70,,19701,30,,,0,30,,19709,30,,,0,70,,19720,30,,,0,100,,19702,30,,,0,99,,19721,30,,,0,100,,19703,30,,,0,100,,19722,30,,,0,100,,19695,30,,,0
2029,'1838',629,,35220,30,,,0,30,,35228,30,,,0,68,,35239,30,,,0,30,,35234,30,,,0,70,,35221,30,,,0,30,,35229,30,,,0,69,,35240,30,,,0,30,,35235,30,,,0,70,,35222,30,,,0,30,,35230,30,,,0,70,,35241,30,,,0,30,,35236,30,,,0,70,,35223,30,,,0,30,,35231,30,,,0,70,,35242,30,,,0,30,,35237,30,,,0,70,,35224,30,,,0,30,,35232,30,,,0,70,,35243,30,,,0,30,,35238,30,,,0,70,,35225,30,,,0,30,,35233,30,,,0,70,,35244,30,,,0,100,,35226,30,,,0,99,,35245,30,,,0,100,,35227,30,,,0,100,,35246,30,,,0,100,,35219,30,,,0
2029,'1850',532,,28675,15,,,0,27,,28649,30,,,0,70,,28650,30,,,0,30,,28651,30,,,0,68,,28652,30,,,0,30,,28653,30,,,0,70,,28654,30,,,0,30,,28655,30,,,0,69,,28656,30,,,0,30,,28657,30,,,0,70,,28658,30,,,0,30,,28659,30,,,0,70,,28660,30,,,0,30,,28661,30,,,0,70,,28662,30,,,0,30,,28663,30,,,0,70,,28664,30,,,0,30,,28665,30,,,0,70,,28666,30,,,0,30,,28667,30,,,0,69,,28668,30,,,0,30,,28669,30,,,0,70,,28670,30,,,0,32,,28671,30,,,0,69,,28672,30,,,0,29,,28673,30,,,0,70,,28674,30,,,0,30,,28678,30,,,0,70,,28679,30,,,0,100,,28680,30,,,0,100,,28681,30,,,0,100,,28677,30,,,0
2029,'1857',532,,19588,15,,,0,27,,19562,30,,,0,70,,19563,30,,,0,30,,19564,30,,,0,68,,19565,30,,,0,30,,19566,30,,,0,70,,19567,30,,,0,30,,19568,30,,,0,69,,19569,30,,,0,30,,19570,30,,,0,70,,19571,30,,,0,30,,19572,30,,,0,70,,19573,30,,,0,30,,19574,30,,,0,70,,19575,30,,,0,30,,19576,30,,,0,70,,19577,30,,,0,30,,19578,30,,,0,70,,19579,30,,,0,30,,19580,30,,,0,69,,19581,30,,,0,30,,19582,30,,,0,70,,19583,30,,,0,32,,19584,30,,,0,69,,19585,30,,,0,29,,19586,30,,,0,70,,19587,30,,,0,30,,19591,30,,,0,70,,19592,30,,,0,100,,19593,30,,,0,100,,19594,30,,,0,100,,19590,30,,,0
2029,'1859',559,,19628,30,0,5 2 15 16 17,0,70,,19611,30,,,0,30,,19618,30,,,0,68,,19597,30,,,0,30,,19603,30,,,0,70,,19612,30,,,0,30,,19619,30,,,0,69,,19598,30,,,0,30,,19604,30,,,0,70,,19613,30,,,0,30,,19620,30,,,0,70,,19599,30,,,0,30,,19605,30,,,0,70,,19614,30,,,0,30,,19621,30,,,0,70,,19600,30,,,0,30,,19606,30,,,0,70,,19615,30,,,0,30,,19622,30,,,0,70,,19601,30,,,0,30,,19607,30,,,0,70,,19616,30,,,0,30,,19623,30,,,0,70,,19602,30,,,0,30,,19608,30,,,0,70,,19617,30,,,0,30,,19624,30,,,0,69,,19609,30,,,0,100,,19625,30,,,0,100,,19610,30,,,0,100,,19626,30,,,0
2029,'1861',629,,19632,30,,,0,30,,19640,30,,,0,68,,19651,30,,,0,30,,19646,30,,,0,70,,19633,30,,,0,30,,19641,30,,,0,69,,19652,30,,,0,30,,19647,30,,,0,70,,19634,30,,,0,30,,19642,30,,,0,70,,19653,30,,,0,30,,19648,30,,,0,70,,19635,30,,,0,30,,19643,30,,,0,70,,19654,30,,,0,30,,19649,30,,,0,70,,19636,30,,,0,30,,19644,30,,,0,70,,19655,30,,,0,30,,19650,30,,,0,70,,19637,30,,,0,30,,19645,30,,,0,70,,19656,30,,,0,100,,19638,30,,,0,99,,19657,30,,,0,100,,19639,30,,,0,100,,19658,30,,,0,100,,19631,30,,,0
2029,'1865',532,,35277,15,,,0,27,,35251,30,,,0,70,,35252,30,,,0,30,,35253,30,,,0,68,,35254,30,,,0,30,,35255,30,,,0,70,,35256,30,,,0,30,,35257,30,,,0,69,,35258,30,,,0,30,,35259,30,,,0,70,,35260,30,,,0,30,,35261,30,,,0,70,,35262,30,,,0,30,,35263,30,,,0,70,,35264,30,,,0,30,,35265,30,,,0,70,,35266,30,,,0,30,,35267,30,,,0,70,,35268,30,,,0,30,,35269,30,,,0,69,,35270,30,,,0,30,,35271,30,,,0,70,,35272,30,,,0,32,,35273,30,,,0,69,,35274,30,,,0,29,,35275,30,,,0,70,,35276,30,,,0,30,,35280,30,,,0,70,,35281,30,,,0,100,,35282,30,,,0,100,,35283,30,,,0,100,,35279,30,,,0
2029,'1866',559,,35317,30,0,5 2 15 16 17,0,70,,35300,30,,,0,30,,35307,30,,,0,68,,35286,30,,,0,30,,35292,30,,,0,70,,35301,30,,,0,30,,35308,30,,,0,69,,35287,30,,,0,30,,35293,30,,,0,70,,35302,30,,,0,30,,35309,30,,,0,70,,35288,30,,,0,30,,35294,30,,,0,70,,35303,30,,,0,30,,35310,30,,,0,70,,35289,30,,,0,30,,35295,30,,,0,70,,35304,30,,,0,30,,35311,30,,,0,70,,35290,30,,,0,30,,35296,30,,,0,70,,35305,30,,,0,30,,35312,30,,,0,70,,35291,30,,,0,30,,35297,30,,,0,70,,35306,30,,,0,30,,35313,30,,,0,69,,35298,30,,,0,100,,35314,30,,,0,100,,35299,30,,,0,100,,35315,30,,,0
2029,'1867',629,,35321,30,,,0,30,,35329,30,,,0,68,,35340,30,,,0,30,,35335,30,,,0,70,,35322,30,,,0,30,,35330,30,,,0,69,,35341,30,,,0,30,,35336,30,,,0,70,,35323,30,,,0,30,,35331,30,,,0,70,,35342,30,,,0,30,,35337,30,,,0,70,,35324,30,,,0,30,,35332,30,,,0,70,,35343,30,,,0,30,,35338,30,,,0,70,,35325,30,,,0,30,,35333,30,,,0,70,,35344,30,,,0,30,,35339,30,,,0,70,,35326,30,,,0,30,,35334,30,,,0,70,,35345,30,,,0,100,,35327,30,,,0,99,,35346,30,,,0,100,,35328,30,,,0,100,,35347,30,,,0,100,,35320,30,,,0
4029,'1800',739,,28887,17,,,0,70,,35549,17,,,0,30,,28885,17,,,0,70,,28888,17,,,0,32,,35548,17,,,0,70,,28878,17,,,0,29,,28881,17,,,0,70,,35545,17,,,0,30,,28871,17,,,0,70,,28874,17,,,0,30,,28877,17,,,0,70,,28879,17,,,0,30,,35546,17,,,0,70,,28870,17,,,0,30,,28873,17,,,0,70,,28876,17,,,0,30,,28880,17,,,0,70,,28868,17,,,0,30,,28869,17,,,0,70,,28872,17,,,0,30,,35547,17,,,0,70,,35552,17,,,0,30,,28892,17,,,0,71,,35553,17,,,0,30,,35551,17,,,0,70,,28884,17,,,0,30,,35550,17,,,0,70,,28882,17,,,0,100,,28883,17,,,0
4029,'1838',739,,35575,17,,,0,70,,35577,17,,,0,30,,35573,17,,,0,70,,35576,17,,,0,32,,35574,17,,,0,70,,35566,17,,,0,29,,35569,17,,,0,70,,35554,17,,,0,30,,35559,17,,,0,70,,35562,17,,,0,30,,35565,17,,,0,70,,35567,17,,,0,30,,35555,17,,,0,70,,35558,17,,,0,30,,35561,17,,,0,70,,35564,17,,,0,30,,35568,17,,,0,70,,35556,17,,,0,30,,35557,17,,,0,70,,35560,17,,,0,30,,35563,17,,,0,70,,35581,17,,,0,30,,35580,17,,,0,71,,35582,17,,,0,30,,35579,17,,,0,70,,35572,17,,,0,30,,35578,17,,,0,70,,35570,17,,,0,100,,35571,17,,,0
4029,'1850',640,,28985,17,,,0,70,,28986,17,,,0,35,,28987,17,,,0,66,,28988,17,,,0,36,,28989,17,,,0,64,,28990,17,,,0,31,,28991,17,,,0,70,,28992,17,,,0,30,,28993,17,,,0,70,,28994,17,,,0,30,,28995,17,,,0,71,,28996,17,,,0,30,,28997,17,,,0,70,,28998,17,,,0,30,,28999,17,,,0,70,,29000,17,,,0,30,,29001,17,,,0,75,,29002,17,,,0,25,,29003,17,,,0,76,,29004,17,,,0,24,,29005,17,,,0,76,,29006,17,,,0,24,,29007,17,,,0,75,,29008,17,,,0,26,,29009,17,,,0,69,,29010,17,,,0,30,,29011,17,,,0,70,,29012,17,,,0,29,,29013,17,,,0,70,,29014,17,,,0,30,,29015,17,,,0,70,,29016,17,,,0
4029,'1859',641,,28948,17,,,0,98,,28950,17,,,0,70,,28951,17,,,0,30,,28952,17,,,0,72,,28953,17,,,0,30,,28954,17,,,0,70,,28941,17,,,0,31,,28935,17,,,0,69,,28928,17,,,0,31,,28939,17,,,0,69,,28945,17,,,0,30,,28940,17,,,0,70,,28927,17,,,0,30,,28932,17,,,0,70,,28943,17,,,0,30,,28926,17,,,0,70,,28942,17,,,0,30,,28937,17,,,0,70,,28929,17,,,0,29,,28924,17,,,0,70,,28944,17,,,0,30,,28947,17,,,0,70,,28938,17,,,0,30,,28933,17,,,0,69,,28955,17,,,0,35,,28930,17,,,0,70,,28925,17,,,0,27,,28931,17,,,0,70,,28936,17,,,0,30,,28946,17,,,0,70,,28934,17,,,0
4029,'1861',739,,28977,17,,,0,100,,28975,17,,,0,70,,28978,17,,,0,102,,28968,17,,,0,29,,28971,17,,,0,100,,28961,17,,,0,70,,28964,17,,,0,30,,28967,17,,,0,70,,28969,17,,,0,100,,28960,17,,,0,30,,28963,17,,,0,70,,28966,17,,,0,30,,28970,17,,,0,70,,28958,17,,,0,30,,28959,17,,,0,70,,28962,17,,,0,130,,28982,17,,,0,171,,28974,17,,,0,100,,28972,17,,,0,100,,28973,17,,,0
4029,'1862',709,,35583,17,,,0
4029,'1863',809,,35588,17,,,0,132,,35587,17,,,0,169,,35584,17,,,0,230,,35585,17,,,0,400,,35586,17,,,0,70,,35591,17,,,0,101,,35592,17,,,0,30,,35590,17,,,0,100,,35589,17,,,0
4029,'1864',640,,35593,17,,,0,70,,29018,17,,,0,35,,29019,17,,,0,66,,29020,17,,,0,36,,29021,17,,,0,64,,29022,17,,,0,31,,35594,17,,,0,70,,29024,17,,,0,30,,29025,17,,,0,70,,35595,17,,,0,30,,29027,17,,,0,71,,29028,17,,,0,30,,29029,17,,,0,70,,29030,17,,,0,30,,35596,17,,,0,70,,29032,17,,,0,30,,29033,17,,,0,75,,35597,17,,,0,25,,35598,17,,,0,76,,35599,17,,,0,24,,35600,17,,,0,76,,35601,17,,,0,24,,35602,17,,,0,75,,35603,17,,,0,26,,35604,17,,,0,69,,35605,17,,,0,30,,29043,17,,,0,70,,29044,17,,,0,29,,29045,17,,,0,70,,29046,17,,,0,30,,35606,17,,,0,70,,29048,17,,,0
4029,'1865',640,,35607,17,,,0,70,,35608,17,,,0,35,,35609,17,,,0,66,,35610,17,,,0,36,,35611,17,,,0,64,,35612,17,,,0,31,,35613,17,,,0,70,,35614,17,,,0,30,,35615,17,,,0,70,,35616,17,,,0,30,,35617,17,,,0,71,,35618,17,,,0,30,,35619,17,,,0,70,,35620,17,,,0,30,,35621,17,,,0,70,,35622,17,,,0,30,,35623,17,,,0,75,,35624,17,,,0,25,,35625,17,,,0,76,,35626,17,,,0,24,,35627,17,,,0,76,,35628,17,,,0,24,,35629,17,,,0,75,,35630,17,,,0,26,,35631,17,,,0,69,,35632,17,,,0,30,,35633,17,,,0,70,,35634,17,,,0,29,,35635,17,,,0,70,,35636,17,,,0,30,,35637,17,,,0,70,,35638,17,,,0
4029,'1866',641,,35663,17,,,0,68,,35664,17,,,0,30,,35665,17,,,0,70,,35666,17,,,0,30,,35667,17,,,0,72,,35668,17,,,0,30,,35669,17,,,0,70,,35656,17,,,0,31,,35650,17,,,0,69,,35643,17,,,0,31,,35654,17,,,0,69,,35660,17,,,0,30,,35655,17,,,0,70,,35642,17,,,0,30,,35647,17,,,0,70,,35658,17,,,0,30,,35641,17,,,0,70,,35657,17,,,0,30,,35652,17,,,0,70,,35644,17,,,0,29,,35639,17,,,0,70,,35659,17,,,0,30,,35662,17,,,0,70,,35653,17,,,0,30,,35648,17,,,0,69,,35670,17,,,0,35,,35645,17,,,0,70,,35640,17,,,0,27,,35646,17,,,0,70,,35651,17,,,0,30,,35661,17,,,0,70,,35649,17,,,0
4029,'1867',739,,35692,17,,,0,70,,35694,17,,,0,30,,35690,17,,,0,70,,35693,17,,,0,32,,35691,17,,,0,70,,35683,17,,,0,29,,35686,17,,,0,70,,35671,17,,,0,30,,35676,17,,,0,70,,35679,17,,,0,30,,35682,17,,,0,70,,35684,17,,,0,30,,35672,17,,,0,70,,35675,17,,,0,30,,35678,17,,,0,70,,35681,17,,,0,30,,35685,17,,,0,70,,35673,17,,,0,30,,35674,17,,,0,70,,35677,17,,,0,30,,35680,17,,,0,70,,35698,17,,,0,30,,35697,17,,,0,71,,35699,17,,,0,30,,35696,17,,,0,70,,35689,17,,,0,30,,35695,17,,,0,70,,35687,17,,,0,100,,35688,17,,,0
20002019,'1800',1011,,41904,15,,,0
20002019,'1838',1011,,41905,15,,,0
20002019,'1863',1011,,41906,15,,,0
20002019,'1867',1011,,41907,15,,,0
