15029,'1838',703,,36977,7,,,0,98,,45082,7,,,0,100,,36974,7,,,0,100,,36975,7,,,0,101,,45083,7,,,0,100,,36972,7,,,0,100,,36969,7,,,0,102,,45081,7,,,0,100,,36971,7,,,0,100,,36968,7,,,0,99,,45080,7,,,0,99,,36966,7,,,0,100,,36967,7,,,0,100,,45079,7,,,0
15029,'1865',628,,36995,7,,,0,29,,36996,7,,,0,70,,36997,7,,,0,31,,45086,7,,,0,76,,36999,7,,,0,70,,37000,7,,,0,25,,37001,7,,,0,30,,37002,7,,,0,70,,37003,7,,,0,30,,45087,7,,,0,70,,45088,7,,,0,30,,42575,7,,,0,70,,45089,7,,,0,30,,45090,7,,,0,70,,42576,7,,,0,30,,37010,7,,,0,70,,45091,7,,,0,75,,37012,7,,,0,32,,37013,7,,,0,70,,45092,7,,,0,29,,45093,7,,,0,67,,37016,7,,,0,29,,37017,7,,,0,69,,37018,7,,,0,27,,45094,7,,,0,30,,37020,7,,,0,70,,45095,7,,,0,30,,45096,7,,,0,70,,37023,7,,,0,100,,45098,7,,,0,97,,45097,7,,,0
15029,'1866',708,,37029,7,,,0,93,,37030,7,,,0,100,,45100,7,,,0,100,,37032,7,,,0,101,,37033,7,,,0,100,,45101,7,,,0,100,,37035,7,,,0,103,,37036,7,,,0,100,,45102,7,,,0,100,,37038,7,,,0,98,,37039,7,,,0,99,,45103,7,,,0,100,,37026,7,,,0,100,,37027,7,,,0
15029,'1867',703,,37054,7,,,0,98,,45107,7,,,0,100,,37051,7,,,0,100,,37052,7,,,0,101,,45108,7,,,0,100,,37049,7,,,0,100,,37046,7,,,0,102,,45106,7,,,0,100,,37048,7,,,0,100,,37045,7,,,0,99,,45105,7,,,0,99,,37043,7,,,0,100,,37044,7,,,0,100,,45104,7,,,0
15029,'1873',708,,30423,7,,,0,93,,30424,7,,,0,200,,30426,7,,,0,101,,30427,7,,,0,200,,30429,7,,,0,103,,30430,7,,,0,200,,30432,7,,,0,98,,30433,7,,,0,199,,30420,7,,,0,100,,30421,7,,,0
15029,'1878',703,,30448,7,,,0,198,,30445,7,,,0,100,,30446,7,,,0,201,,30443,7,,,0,100,,30440,7,,,0,202,,30442,7,,,0,100,,30439,7,,,0,198,,30437,7,,,0,100,,30438,7,,,0
15029,'1881',758,,36979,7,,,0,301,,36980,7,,,0,70,,36981,7,,,0,100,,36983,7,,,0,30,,36984,7,,,0,170,,36986,7,,,0,177,,36987,7,,,0,29,,36988,7,,,0,192,,30508,7,,,0,100,,36989,7,,,0,30,,42580,7,,,0,170,,36992,7,,,0,97,,36991,7,,,0
15029,'1882',628,,30484,7,,,0,29,,30485,7,,,0,70,,30486,7,,,0,107,,30488,7,,,0,70,,30489,7,,,0,25,,30490,7,,,0,30,,30491,7,,,0,70,,30492,7,,,0,130,,42578,7,,,0,170,,42579,7,,,0,30,,30499,7,,,0,145,,30501,7,,,0,32,,30502,7,,,0,166,,30505,7,,,0,29,,30506,7,,,0,69,,30507,7,,,0,57,,30509,7,,,0,170,,30512,7,,,0
15029,'1886',758,,45111,7,,,0,301,,45112,7,,,0,70,,45113,7,,,0,100,,45114,7,,,0,30,,45115,7,,,0,170,,45116,7,,,0,177,,45117,7,,,0,29,,45118,7,,,0,192,,45119,7,,,0,100,,45120,7,,,0,30,,45121,7,,,0,170,,45123,7,,,0,97,,45122,7,,,0
15029,'1887',901,,45125,7,,,0,301,,45126,7,,,0,303,,45127,7,,,0,297,,45128,7,,,0
15029,'1888',801,,45132,7,,,0,301,,45133,7,,,0,302,,45131,7,,,0,299,,45130,7,,,0,299,,45129,7,,,0
