15019,'1838',723,,45028,28,,,0,100,,36883,28,,,0,100,,36886,28,,,0,101,,45027,28,,,0,100,,36881,28,,,0,100,,36879,28,,,0,101,,45026,28,,,0,100,,36880,28,,,0,100,,36877,28,,,0,99,,45025,28,,,0,100,,36875,28,,,0,100,,36876,28,,,0,100,,45024,28,,,0,99,,36887,28,,,0
15019,'1865',648,,36905,28,,,0,70,,45029,28,,,0,35,,36907,28,,,0,70,,36908,28,,,0,26,,36909,28,,,0,70,,36910,28,,,0,30,,36911,28,,,0,70,,45030,28,,,0,30,,45031,28,,,0,70,,42569,28,,,0,30,,45032,28,,,0,70,,45033,28,,,0,30,,42570,28,,,0,70,,36918,28,,,0,30,,45034,28,,,0,70,,36920,28,,,0,32,,36921,28,,,0,70,,45035,28,,,0,30,,45036,28,,,0,70,,36924,28,,,0,29,,36925,28,,,0,70,,36926,28,,,0,28,,45037,28,,,0,70,,36928,28,,,0,30,,45038,28,,,0,70,,45039,28,,,0,30,,36931,28,,,0,100,,45040,28,,,0,99,,45041,28,,,0,100,,45042,28,0,5 2 6 7,0
15019,'1866',723,,36935,28,,,0,100,,45043,28,,,0,100,,36937,28,,,0,101,,36938,28,,,0,100,,45044,28,,,0,100,,36940,28,,,0,101,,36941,28,,,0,100,,45045,28,,,0,100,,36943,28,,,0,99,,36944,28,,,0,100,,45046,28,,,0,100,,36946,28,,,0,100,,36947,28,,,0,99,,45047,28,,,0
15019,'1867',723,,45053,28,,,0,100,,36959,28,,,0,100,,36962,28,,,0,101,,45052,28,,,0,100,,36957,28,,,0,100,,36955,28,,,0,101,,45051,28,,,0,100,,36956,28,,,0,100,,36953,28,,,0,99,,45050,28,,,0,100,,36951,28,,,0,100,,36952,28,,,0,100,,45049,28,,,0,99,,36963,28,,,0
15019,'1873',723,,30301,28,,,0,200,,30303,28,,,0,101,,30304,28,,,0,200,,30306,28,,,0,101,,30307,28,,,0,200,,30309,28,,,0,99,,30310,28,,,0,200,,30312,28,,,0,100,,30313,28,,,0
15019,'1878',823,,30325,28,,,0,100,,30328,28,,,0,201,,30323,28,,,0,100,,30321,28,,,0,201,,30322,28,,,0,100,,30319,28,,,0,199,,30317,28,,,0,100,,30318,28,,,0,199,,30329,28,,,0
15019,'1881',718,,36889,28,,,0,301,,36890,28,,,0,30,,36891,28,,,0,100,,36893,28,,,0,70,,36894,28,,,0,130,,36896,28,,,0,172,,36897,28,,,0,30,,36898,28,,,0,197,,30384,28,,,0,100,,36899,28,,,0,70,,42574,28,,,0,130,,36901,28,,,0,99,,36902,28,,,0,100,,36903,28,0,5 2 6 7,0
15019,'1882',648,,30362,28,,,0,105,,30364,28,,,0,70,,30365,28,,,0,26,,30366,28,,,0,70,,30367,28,,,0,30,,30368,28,,,0,170,,42572,28,,,0,130,,42573,28,,,0,70,,30375,28,,,0,100,,30377,28,,,0,32,,30378,28,,,0,170,,30381,28,,,0,29,,30382,28,,,0,70,,30383,28,,,0,98,,30385,28,,,0,130,,30388,28,,,0
15019,'1886',718,,45054,28,,,0,301,,45055,28,,,0,30,,45056,28,,,0,100,,45057,28,,,0,70,,45058,28,,,0,130,,45059,28,,,0,172,,45060,28,,,0,30,,45061,28,,,0,197,,45062,28,,,0,100,,45063,28,,,0,70,,45064,28,,,0,130,,45065,28,,,0,99,,45066,28,,,0,100,,45067,28,0,5 2 6 7,0
15019,'1887',823,,45068,28,,,0,301,,45069,28,,,0,301,,45070,28,,,0,299,,45071,28,,,0,299,,45072,28,,,0
15019,'1888',723,,45078,28,,,0,301,,45077,28,,,0,301,,45076,28,,,0,299,,45075,28,,,0,300,,45074,28,,,0
