19019,'1838',621,,37471,8,,,0,112,,42931,8,,,0,100,,37475,8,,,0,70,,42935,8,,,0,30,,37464,8,,,0,70,,37468,8,,,0,31,,42945,8,,,0,70,,37482,8,,,0,30,,42944,8,,,0,70,,42933,8,,,0,30,,37485,8,,,0,70,,42932,8,,,0,30,,37487,8,,,0,70,,42940,8,,,0,31,,37478,8,,,0,71,,42936,8,,,0,30,,37469,8,,,0,70,,42938,8,,,0,30,,37474,8,,,0,69,,42934,8,,,0,29,,37465,8,,,0,70,,42941,8,,,0,30,,37467,8,,,0,70,,42937,8,,,0,30,,37459,8,,,0,70,,37477,8,,,0,45,,42939,8,,,0,100,,42942,8,,,0,100,,42943,8,,,0,84,,37486,8,,,0
19019,'1857',835,,30952,8,,,0,69,,30949,8,,,0,30,,30945,8,,,0,70,,30947,8,,,0,30,,30953,8,,,0,70,,37533,8,,,0,30,,37530,8,,,0,70,,37539,8,,,0,100,,37538,8,,,0,30,,37529,8,,,0,70,,37540,8,,,0,101,,37531,8,,,0,31,,37534,8,,,0,298,,37535,8,,,0,70,,30966,8,,,0,30,,30959,8,,,0,100,,30958,8,,,0,100,,30957,8,,,0,99,,37537,8,,,0,99,,30954,8,,,0
19019,'1865',835,,37548,8,,,0,69,,37545,8,,,0,30,,37541,8,,,0,70,,37543,8,,,0,30,,37549,8,,,0,70,,37551,8,,,0,30,,37544,8,,,0,70,,37560,8,,,0,30,,42946,8,,,0,70,,37559,8,,,0,30,,37542,8,,,0,70,,37561,8,,,0,30,,42947,8,,,0,71,,37546,8,,,0,31,,37552,8,,,0,298,,37556,8,,,0,70,,37562,8,,,0,30,,37555,8,,,0,100,,37554,8,,,0,100,,37553,8,,,0,99,,37558,8,,,0,99,,37550,8,,,0
19019,'1866',623,,37593,8,,,0,80,,37577,8,,,0,30,,37567,8,,,0,70,,37588,8,,,0,30,,37579,8,,,0,70,,37569,8,,,0,30,,37564,8,,,0,70,,37586,8,,,0,31,,37587,8,,,0,70,,37578,8,,,0,30,,37568,8,,,0,70,,37566,8,,,0,30,,37582,8,,,0,70,,37574,8,,,0,30,,37584,8,,,0,70,,37594,8,,,0,31,,37585,8,,,0,71,,37565,8,,,0,30,,37563,8,,,0,70,,37570,8,,,0,30,,37581,8,,,0,69,,37573,8,,,0,29,,37571,8,,,0,70,,37583,8,,,0,30,,37590,8,,,0,70,,37572,8,,,0,30,,37591,8,,,0,110,,37589,8,,,0,70,,37576,8,,,0,100,,37580,8,,,0,100,,37575,8,,,0,25,,37592,8,,,0
19019,'1867',621,,37608,8,,,0,112,,42948,8,,,0,100,,37612,8,,,0,70,,42952,8,,,0,30,,37601,8,,,0,70,,37605,8,,,0,31,,42962,8,,,0,70,,37619,8,,,0,30,,42961,8,,,0,70,,42950,8,,,0,30,,37622,8,,,0,70,,42949,8,,,0,30,,37624,8,,,0,70,,42957,8,,,0,31,,37615,8,,,0,71,,42953,8,,,0,30,,37606,8,,,0,70,,42955,8,,,0,30,,37611,8,,,0,69,,42951,8,,,0,29,,37602,8,,,0,70,,42958,8,,,0,30,,37604,8,,,0,70,,42954,8,,,0,30,,37596,8,,,0,70,,37614,8,,,0,45,,42956,8,,,0,100,,42959,8,,,0,100,,42960,8,,,0,84,,37623,8,,,0
19019,'1871',1234,,37532,8,,,0,200,,37536,8,,,0
19019,'1873',623,,30891,8,,,0,80,,30875,8,,,0,30,,30865,8,,,0,70,,30886,8,,,0,30,,30877,8,,,0,70,,30867,8,,,0,30,,30862,8,,,0,70,,30884,8,,,0,31,,30885,8,,,0,70,,37496,8,,,0,30,,37491,8,,,0,70,,37490,8,,,0,30,,37498,8,,,0,70,,37495,8,,,0,30,,37500,8,,,0,70,,37503,8,,,0,31,,37501,8,,,0,71,,37489,8,,,0,30,,37488,8,,,0,70,,37492,8,,,0,30,,37497,8,,,0,69,,37494,8,,,0,29,,37493,8,,,0,70,,37499,8,,,0,30,,37502,8,,,0,70,,30870,8,,,0,30,,30889,8,,,0,110,,30887,8,,,0,70,,30874,8,,,0,100,,30878,8,,,0,100,,30873,8,,,0,25,,30890,8,,,0
19019,'1874',733,,37504,8,,,0,170,,37508,8,,,0,131,,37526,8,,,0,100,,37525,8,,,0,70,,37506,8,,,0,100,,37505,8,,,0,100,,37518,8,,,0,102,,37510,8,,,0,100,,37515,8,,,0,99,,37507,8,,,0,99,,37521,8,,,0,100,,37513,8,,,0,145,,37516,8,,,0,100,,37522,8,,,0,100,,37523,8,,,0
19019,'1875',621,,37514,8,,,0,212,,30910,8,,,0,100,,30899,8,,,0,70,,30903,8,,,0,101,,37524,8,,,0,130,,37527,8,,,0,100,,37528,8,,,0,101,,37520,8,,,0,101,,37512,8,,,0,100,,37517,8,,,0,98,,37509,8,,,0,100,,37511,8,,,0,100,,30894,8,,,0,70,,37519,8,,,0,329,,30921,8,,,0
19019,'1876',1234,,42963,8,,,0,200,,42964,8,,,0
19019,'1878',733,,42965,8,,,0,170,,42969,8,,,0,131,,42979,8,,,0,100,,42978,8,,,0,70,,42967,8,,,0,100,,42966,8,,,0,100,,42974,8,,,0,102,,42970,8,,,0,100,,42972,8,,,0,99,,42968,8,,,0,99,,42975,8,,,0,100,,42971,8,,,0,145,,42973,8,,,0,100,,42976,8,,,0,100,,42977,8,,,0
10019019,'1857',636,,34637,7,,,0,70,,34634,7,,,0,30,,41870,7,,,0,70,,34638,7,,,0,804,,34643,7,,,0,30,,34641,7,,,0,70,,41872,7,,,0,97,,41873,7,,,0,210,,41874,7,,,0
10019019,'1865',610,,43929,7,,,0,26,,41879,7,,,0,70,,41876,7,,,0,30,,41877,7,,,0,70,,41880,7,,,0,804,,41885,7,,,0,30,,41883,7,,,0,70,,41881,7,,,0,30,,43930,7,,,0,67,,41882,7,,,0,210,,41884,7,,,0
10019019,'1871',610,,41871,7,,,0,1130,,41875,7,,,0
10019019,'1876',610,,43931,7,,,0,1130,,43932,7,,,0
