16029,'1796',557,,21283,9,,,0,70,,21284,9,,,0,73,,21285,9,,,0,36,,21286,9,,,0,70,,21287,9,,,0,33,,21288,9,,,0,70,,21289,9,,,0,29,,21290,9,,,0,67,,21291,9,,,0,30,,21292,9,,,0,70,,21293,9,,,0,30,,21294,9,,,0,70,,21295,9,,,0,30,,21296,9,,,0,70,,21297,9,,,0,30,,21298,9,,,0,71,,21299,9,,,0,32,,21300,9,,,0,70,,21301,9,,,0,30,,21302,9,,,0,72,,21303,9,,,0,30,,21304,9,,,0,69,,21305,9,,,0,28,,21306,9,,,0,69,,21307,9,,,0,30,,21315,9,,,0,67,,21308,9,,,0,30,,21309,9,,,0,70,,21310,9,,,0,24,,21311,9,,,0,30,,21312,9,,,0,69,,21313,9,,,0,27,,21314,9,,,0
16029,'1797',600,,21323,9,,,0,27,,21338,9,,,0,30,,21331,9,,,0,67,,21316,9,,,0,30,,21324,9,,,0,71,,21339,9,,,0,30,,21332,9,,,0,70,,21317,9,,,0,30,,21325,9,,,0,70,,21340,9,,,0,30,,21333,9,,,0,71,,21318,9,,,0,30,,21326,9,,,0,70,,21341,9,,,0,31,,21334,9,,,0,70,,21319,9,,,0,31,,21327,9,,,0,69,,21342,9,,,0,31,,21335,9,,,0,70,,21320,9,,,0,29,,21328,9,,,0,70,,21343,9,,,0,29,,21336,9,,,0,69,,21321,9,,,0,31,,21329,9,,,0,69,,21344,9,,,0,30,,21337,9,,,0,70,,21322,9,,,0,29,,21330,9,,,0,71,,21345,9,,,0,96,,21346,9,,,0,33,,21347,9,,,0
16029,'1798',728,,21351,9,,,0,100,,21352,9,,,0,97,,21349,9,,,0,103,,21358,9,,,0,98,,21361,9,,,0,100,,21357,9,,,0,101,,21359,9,,,0,100,,21348,9,,,0,100,,21350,9,,,0,99,,21354,9,,,0,99,,21353,9,,,0,100,,21360,9,,,0,100,,21355,9,,,0,102,,21356,9,,,0,97,,21362,9,,,0
16029,'1799',728,,21366,9,,,0,100,,21367,9,,,0,97,,21364,9,,,0,103,,21373,9,,,0,98,,21376,9,,,0,100,,21372,9,,,0,101,,21374,9,,,0,100,,21363,9,,,0,100,,21365,9,,,0,99,,21369,9,,,0,99,,21368,9,,,0,100,,21375,9,,,0,100,,21370,9,,,0,102,,21371,9,,,0,97,,21377,9,,,0
16029,'1800',728,,21381,9,,,0,100,,21382,9,,,0,97,,21379,9,,,0,103,,21388,9,,,0,98,,21391,9,,,0,100,,21387,9,,,0,101,,21389,9,,,0,100,,21378,9,,,0,100,,21380,9,,,0,99,,21384,9,,,0,99,,21383,9,,,0,100,,21390,9,,,0,100,,21385,9,,,0,102,,21386,9,,,0,97,,21392,9,,,0
16029,'1816',600,,10867,9,,,0,27,,10964,9,,,0,30,,10872,9,,,0,67,,10862,9,,,0,30,,10959,9,,,0,71,,10877,9,,,0,30,,10873,9,,,0,70,,10957,9,,,0,30,,10868,9,,,0,70,,10878,9,,,0,30,,10962,9,,,0,71,,10863,9,,,0,30,,10869,9,,,0,70,,10965,9,,,0,31,,10874,9,,,0,70,,10864,9,,,0,31,,10960,9,,,0,69,,10879,9,,,0,31,,10875,9,,,0,70,,10958,9,,,0,29,,10870,9,,,0,70,,10880,9,,,0,29,,10963,9,,,0,69,,10865,9,,,0,31,,10871,9,,,0,69,,10966,9,,,0,30,,10876,9,,,0,70,,10866,9,,,0,29,,10961,9,,,0,71,,10881,9,,,0,96,,10967,9,,,0,33,,10882,9,,,0
16029,'1817',728,,17526,9,,,0,100,,17527,9,,,0,97,,17524,9,,,0,103,,17532,9,,,0,98,,17534,9,,,0,100,,17531,9,,,0,101,,17533,9,,,0,100,,17523,9,,,0,100,,17525,9,,,0,99,,17529,9,,,0,99,,17528,9,,,0,100,,10896,9,,,0,100,,17530,9,,,0,102,,10892,9,,,0,97,,17535,9,,,0
32019,'1796',642,,22046,29,,,0,66,,22062,29,,,0,33,,22041,29,,,0,70,,22057,29,,,0,30,,22067,29,,,0,69,,22051,29,,,0,29,,22049,29,,,0,70,,22061,29,,,0,30,,22039,29,,,0,70,,22055,29,,,0,30,,22066,29,,,0,70,,22053,29,,,0,30,,22048,29,,,0,70,,22060,29,,,0,30,,22042,29,,,0,70,,22054,29,,,0,31,,22065,29,,,0,70,,22052,29,,,0,31,,22045,29,,,0,70,,22059,29,,,0,31,,22038,29,,,0,70,,22056,29,,,0,29,,22064,29,,,0,69,,22050,29,,,0,29,,22047,29,,,0,70,,22058,29,,,0,28,,22043,29,,,0,100,,22063,29,,,0,99,,22044,29,,,0,100,,22040,29,,,0,95,,22073,29,0,5 2 8 7,0
32019,'1797',640,,22087,29,,,0,65,,22104,29,,,0,30,,22081,29,,,0,70,,22098,29,,,0,30,,22105,29,,,0,70,,22093,29,,,0,30,,22086,29,,,0,71,,22103,29,,,0,31,,22080,29,,,0,70,,22097,29,,,0,31,,22108,29,,,0,70,,22092,29,,,0,30,,22085,29,,,0,70,,22102,29,,,0,30,,22079,29,,,0,70,,22096,29,,,0,30,,22107,29,,,0,70,,22091,29,,,0,30,,22084,29,,,0,70,,22101,29,,,0,30,,22078,29,,,0,70,,22095,29,,,0,30,,22109,29,,,0,69,,22090,29,,,0,30,,22083,29,,,0,70,,22099,29,,,0,30,,22077,29,,,0,100,,22106,29,,,0,99,,22082,29,,,0,100,,22076,29,,,0,100,,22110,29,0,5 2 8 7,0
32019,'1798',640,,22113,29,,,0,95,,22114,29,,,0,100,,22115,29,,,0,100,,22116,29,,,0,102,,22117,29,,,0,101,,22118,29,,,0,100,,22119,29,,,0,100,,22120,29,,,0,100,,22121,29,,,0,100,,22122,29,,,0,100,,22123,29,,,0,100,,22124,29,,,0,99,,22125,29,,,0,100,,22126,29,,,0,100,,22127,29,,,0,99,,22128,29,,,0,100,,22129,29,,,0,95,,22131,29,0,5 2 8 7,0
32019,'1799',640,,22132,29,,,0,95,,22133,29,,,0,100,,22134,29,,,0,100,,22135,29,,,0,102,,22136,29,,,0,101,,22137,29,,,0,100,,22138,29,,,0,100,,22139,29,,,0,100,,22140,29,,,0,100,,22141,29,,,0,100,,22142,29,,,0,100,,22143,29,,,0,99,,22144,29,,,0,100,,22145,29,,,0,100,,22146,29,,,0,99,,22147,29,,,0,100,,22148,29,,,0,95,,22150,29,0,5 2 8 7,0
32019,'1800',640,,22151,29,,,0,95,,22152,29,,,0,100,,22153,29,,,0,100,,22154,29,,,0,102,,22155,29,,,0,101,,22156,29,,,0,100,,22157,29,,,0,100,,22158,29,,,0,100,,22159,29,,,0,100,,22160,29,,,0,100,,22161,29,,,0,100,,22162,29,,,0,99,,22163,29,,,0,100,,22164,29,,,0,100,,22165,29,,,0,99,,22166,29,,,0,100,,22167,29,,,0,95,,22169,29,0,5 2 8 7,0
32019,'1817',640,,17897,29,,,0,95,,17898,29,,,0,100,,17899,29,,,0,100,,17900,29,,,0,102,,17901,29,,,0,101,,17902,29,,,0,100,,17903,29,,,0,100,,17904,29,,,0,100,,17905,29,,,0,100,,17906,29,,,0,100,,17907,29,,,0,100,,17908,29,,,0,99,,17909,29,,,0,100,,17910,29,,,0,100,,17911,29,,,0,99,,17912,29,,,0,100,,17913,29,,,0,95,,17915,29,0,5 2 8 7,0
32019,'1824',640,,17965,29,,,0,65,,17982,29,,,0,30,,17959,29,,,0,70,,17976,29,,,0,30,,17983,29,,,0,70,,17971,29,,,0,30,,17964,29,,,0,71,,17981,29,,,0,31,,17958,29,,,0,70,,17975,29,,,0,31,,17986,29,,,0,70,,17970,29,,,0,30,,17963,29,,,0,70,,17980,29,,,0,30,,17957,29,,,0,70,,17974,29,,,0,30,,17985,29,,,0,70,,17969,29,,,0,30,,17962,29,,,0,70,,17979,29,,,0,30,,17956,29,,,0,70,,17973,29,,,0,30,,17987,29,,,0,69,,17968,29,,,0,30,,17961,29,,,0,70,,17977,29,,,0,30,,17955,29,,,0,100,,17984,29,,,0,99,,17960,29,,,0,100,,17954,29,,,0,100,,17988,29,0,5 2 8 7,0
