15019,'1838',730,,45028,37,,,0,100,,36883,37,,,0,100,,36886,37,,,0,101,,45027,37,,,0,100,,36881,37,,,0,100,,36879,37,,,0,101,,45026,37,,,0,100,,36880,37,,,0,100,,36877,37,,,0,99,,45025,37,,,0,100,,36875,37,,,0,100,,36876,37,,,0,100,,45024,37,,,0,99,,36887,37,,,0
15019,'1865',602,,36904,3,0,5 2 6 7,0,54,,36905,37,,,0,70,,45029,37,,,0,76,,36907,37,,,0,30,,36908,37,,,0,25,,36909,37,,,0,70,,36910,37,,,0,30,,36911,37,,,0,70,,45030,37,,,0,30,,45031,37,,,0,70,,42569,37,,,0,30,,45032,37,,,0,70,,45033,37,,,0,30,,42570,37,,,0,70,,36918,37,,,0,30,,45034,37,,,0,70,,36920,37,,,0,32,,36921,37,,,0,70,,45035,37,,,0,30,,45036,37,,,0,70,,36924,37,,,0,29,,36925,37,,,0,70,,36926,37,,,0,28,,45037,37,,,0,70,,36928,37,,,0,30,,45038,37,,,0,70,,45039,37,,,0,30,,36931,37,,,0,100,,45040,37,,,0,98,,45041,37,,,0,100,,45042,37,0,5 2 6 7,0
15019,'1866',603,,45048,3,0,5 2 6 7,0,127,,36935,37,,,0,100,,45043,37,,,0,100,,36937,37,,,0,101,,36938,37,,,0,100,,45044,37,,,0,100,,36940,37,,,0,102,,36941,37,,,0,100,,45045,37,,,0,100,,36943,37,,,0,98,,36944,37,,,0,100,,45046,37,,,0,100,,36946,37,,,0,100,,36947,37,,,0,99,,45047,37,,,0
15019,'1867',730,,45053,37,,,0,100,,36959,37,,,0,100,,36962,37,,,0,101,,45052,37,,,0,100,,36957,37,,,0,100,,36955,37,,,0,101,,45051,37,,,0,100,,36956,37,,,0,100,,36953,37,,,0,99,,45050,37,,,0,100,,36951,37,,,0,100,,36952,37,,,0,100,,45049,37,,,0,99,,36963,37,,,0
15019,'1873',730,,30301,37,,,0,200,,30303,37,,,0,101,,30304,37,,,0,200,,30306,37,,,0,102,,30307,37,,,0,200,,30309,37,,,0,98,,30310,37,,,0,200,,30312,37,,,0,100,,30313,37,,,0
15019,'1878',830,,30325,37,,,0,100,,30328,37,,,0,201,,30323,37,,,0,100,,30321,37,,,0,201,,30322,37,,,0,100,,30319,37,,,0,199,,30317,37,,,0,100,,30318,37,,,0,199,,30329,37,,,0
15019,'1881',726,,36889,37,,,0,301,,36890,37,,,0,30,,36891,37,,,0,100,,36893,37,,,0,70,,36894,37,,,0,130,,36896,37,,,0,172,,36897,37,,,0,30,,36898,37,,,0,197,,30384,37,,,0,100,,36899,37,,,0,70,,42574,37,,,0,130,,36901,37,,,0,98,,36902,37,,,0,100,,36903,37,0,5 2 6 7,0
15019,'1882',602,,30361,3,0,5 2 6 7,0,54,,30362,37,,,0,146,,30364,37,,,0,30,,30365,37,,,0,25,,30366,37,,,0,70,,30367,37,,,0,30,,30368,37,,,0,170,,42572,37,,,0,130,,42573,37,,,0,70,,30375,37,,,0,100,,30377,37,,,0,32,,30378,37,,,0,170,,30381,37,,,0,29,,30382,37,,,0,70,,30383,37,,,0,98,,30385,37,,,0,130,,30388,37,,,0
15019,'1886',726,,45054,37,,,0,301,,45055,37,,,0,30,,45056,37,,,0,100,,45057,37,,,0,70,,45058,37,,,0,130,,45059,37,,,0,172,,45060,37,,,0,30,,45061,37,,,0,197,,45062,37,,,0,100,,45063,37,,,0,70,,45064,37,,,0,130,,45065,37,,,0,98,,45066,37,,,0,100,,45067,37,0,5 2 6 7,0
15019,'1887',603,,45073,3,0,5 2 6 7,0,227,,45068,37,,,0,301,,45069,37,,,0,302,,45070,37,,,0,298,,45071,37,,,0,299,,45072,37,,,0
15019,'1888',730,,45078,37,,,0,301,,45077,37,,,0,301,,45076,37,,,0,299,,45075,37,,,0,300,,45074,37,,,0
