14019,'1838',654,,36775,21,,,0,100,,44957,21,,,0,101,,44947,21,,,0,100,,44948,21,,,0,100,,44949,21,,,0,101,,44950,21,,,0,100,,44951,21,,,0,101,,44952,21,,,0,100,,44953,21,,,0,100,,44954,21,,,0,98,,44955,21,,,0,100,,36773,21,,,0,100,,44956,21,,,0,99,,42531,21,,,0,95,,36762,21,,,0
14019,'1865',529,,36840,21,,,0,100,,36839,21,,,0,80,,36810,21,,,0,30,,36823,21,,,0,68,,36811,21,,,0,23,,36824,21,,,0,70,,36812,21,,,0,30,,36825,21,,,0,70,,44958,21,,,0,30,,42540,21,,,0,70,,42539,21,,,0,30,,42541,21,,,0,70,,36815,21,,,0,30,,36828,21,,,0,70,,36816,21,,,0,30,,44964,21,,,0,70,,44959,21,,,0,30,,42542,21,,,0,71,,44960,21,,,0,31,,42543,21,,,0,80,,44961,21,,,0,30,,36832,21,,,0,69,,44962,21,,,0,30,,44965,21,,,0,70,,36821,21,,,0,19,,42544,21,,,0,70,,44963,21,,,0,30,,44966,21,,,0,70,,44968,21,,,0,29,,44967,21,,,0,92,,36837,21,,,0,100,,36838,21,,,0
14019,'1866',654,,44969,21,,,0,100,,44970,21,,,0,101,,36844,21,,,0,100,,44971,21,,,0,100,,44972,21,,,0,101,,44973,21,,,0,100,,36848,21,,,0,101,,44974,21,,,0,100,,36850,21,,,0,100,,36851,21,,,0,98,,44975,21,,,0,100,,44976,21,,,0,100,,44977,21,,,0,99,,44978,21,,,0,100,,44979,21,,,0,95,,36857,21,,,0,100,,42545,21,,,0
14019,'1867',654,,36872,21,,,0,100,,44990,21,,,0,101,,44980,21,,,0,100,,44981,21,,,0,100,,44982,21,,,0,101,,44983,21,,,0,100,,44984,21,,,0,101,,44985,21,,,0,100,,44986,21,,,0,100,,44987,21,,,0,98,,44988,21,,,0,100,,36870,21,,,0,100,,44989,21,,,0,99,,42546,21,,,0,95,,36859,21,,,0
14019,'1873',855,,30179,21,,,0,401,,30183,21,,,0,201,,30185,21,,,0,100,,30186,21,,,0,592,,30192,21,,,0,100,,42560,21,,,0
14019,'1878',654,,30207,21,,,0,1101,,30205,21,,,0,199,,42561,21,,,0,95,,30194,21,,,0
14019,'1881',1000,,30244,21,,,0,330,,36803,21,,,0,70,,36796,21,,,0,101,,36797,21,,,0,111,,36798,21,,,0,99,,36799,21,,,0,30,,36806,21,,,0,159,,36800,21,,,0,30,,30266,21,,,0,70,,36809,21,,,0,29,,36808,21,,,0
14019,'1882',529,,30271,21,,,0,100,,30270,21,,,0,80,,30241,21,,,0,30,,30254,21,,,0,68,,30242,21,,,0,23,,30255,21,,,0,70,,30243,21,,,0,30,,30256,21,,,0,100,,42555,21,,,0,70,,42554,21,,,0,30,,42556,21,,,0,70,,30246,21,,,0,30,,30259,21,,,0,70,,30247,21,,,0,130,,42557,21,,,0,102,,42558,21,,,0,110,,30263,21,,,0,169,,30252,21,,,0,19,,42559,21,,,0,291,,30268,21,,,0,100,,30269,21,,,0
14019,'1886',1000,,44991,21,,,0,330,,44997,21,,,0,70,,44992,21,,,0,101,,44993,21,,,0,111,,44994,21,,,0,99,,44995,21,,,0,30,,44998,21,,,0,159,,44996,21,,,0,30,,44999,21,,,0,70,,45001,21,,,0,29,,45000,21,,,0
14019,'1887',654,,45002,21,,,0,100,,45003,21,,,0,201,,45004,21,,,0,100,,45005,21,,,0,101,,45006,21,,,0,201,,45007,21,,,0,298,,45008,21,,,0,100,,45009,21,,,0,100,,45010,21,,,0,99,,45011,21,,,0,100,,45012,21,,,0
14019,'1888',754,,45023,21,,,0,101,,45013,21,,,0,100,,45014,21,,,0,100,,45015,21,,,0,101,,45016,21,,,0,100,,45017,21,,,0,101,,45018,21,,,0,100,,45019,21,,,0,100,,45020,21,,,0,98,,45021,21,,,0,200,,45022,21,,,0
