4019,'1800',807,,28707,12,,,0,30,,28708,12,,,0,70,,28705,12,,,0,30,,28709,12,,,0,71,,28706,12,,,0,30,,28690,12,,,0,70,,28694,12,,,0,30,,28698,12,,,0,69,,28701,12,,,0,32,,28686,12,,,0,69,,28689,12,,,0,30,,28693,12,,,0,69,,28697,12,,,0,30,,28699,12,,,0,70,,28685,12,,,0,30,,28688,12,,,0,70,,28692,12,,,0,30,,28696,12,,,0,70,,28700,12,,,0,31,,28684,12,,,0,70,,28687,12,,,0,29,,28691,12,,,0,70,,28695,12,,,0,30,,28704,12,,,0,70,,28710,12,,,0,30,,28702,12,,,0,70,,28711,12,,,0,30,,28703,12,,,0
4019,'1838',807,,28735,12,,,0,30,,28736,12,,,0,70,,28733,12,,,0,30,,28737,12,,,0,71,,28734,12,,,0,30,,28718,12,,,0,70,,28722,12,,,0,30,,28726,12,,,0,69,,28729,12,,,0,32,,28714,12,,,0,69,,28717,12,,,0,30,,28721,12,,,0,69,,28725,12,,,0,30,,28727,12,,,0,70,,28713,12,,,0,30,,28716,12,,,0,70,,28720,12,,,0,30,,28724,12,,,0,70,,28728,12,,,0,31,,28712,12,,,0,70,,28715,12,,,0,29,,28719,12,,,0,70,,28723,12,,,0,30,,28732,12,,,0,70,,28738,12,,,0,30,,28730,12,,,0,70,,28739,12,,,0,30,,28731,12,,,0
4019,'1841',637,,19733,12,,,0,70,,19759,12,,,0,30,,19734,12,,,0,67,,19735,12,,,0,36,,19736,12,,,0,64,,24993,12,,,0,36,,24994,12,,,0,68,,19739,12,,,0,29,,24995,12,,,0,70,,19741,12,,,0,30,,19742,12,,,0,72,,24996,12,,,0,30,,24997,12,,,0,70,,24998,12,,,0,30,,24999,12,,,0,71,,25000,12,,,0,30,,25001,12,,,0,74,,25002,12,,,0,30,,19750,12,,,0,71,,25003,12,,,0,24,,25004,12,,,0,75,,25005,12,,,0,22,,25006,12,,,0,76,,25007,12,,,0,21,,25008,12,,,0,75,,25009,12,,,0,29,,25010,12,,,0,70,,24987,12,,,0,30,,24988,12,,,0,70,,24989,12,,,0,30,,24990,12,,,0,70,,24991,12,,,0,30,,24992,12,,,0
4019,'1848',707,,28771,12,,,0,30,,28747,12,,,0,70,,28741,12,,,0,30,,28751,12,,,0,70,,28762,12,,,0,30,,28757,12,,,0,71,,28745,12,,,0,30,,28767,12,,,0,70,,28744,12,,,0,30,,28764,12,,,0,69,,28759,12,,,0,32,,28752,12,,,0,69,,28765,12,,,0,30,,28768,12,,,0,70,,28743,12,,,0,30,,28754,12,,,0,70,,28742,12,,,0,30,,28748,12,,,0,70,,28766,12,,,0,30,,28763,12,,,0,70,,28760,12,,,0,30,,28749,12,,,0,70,,28769,12,,,0,29,,28770,12,,,0,70,,28740,12,,,0,30,,28755,12,,,0,70,,28753,12,,,0,30,,28761,12,,,0,70,,28746,12,,,0,30,,28756,12,,,0,70,,28750,12,,,0,30,,28758,12,,,0
4019,'1849',807,,28795,12,,,0,30,,28796,12,,,0,70,,28793,12,,,0,30,,28797,12,,,0,71,,28794,12,,,0,30,,28778,12,,,0,70,,28782,12,,,0,30,,28786,12,,,0,69,,28789,12,,,0,32,,28774,12,,,0,69,,28777,12,,,0,30,,28781,12,,,0,69,,28785,12,,,0,30,,28787,12,,,0,70,,28773,12,,,0,30,,28776,12,,,0,70,,28780,12,,,0,30,,28784,12,,,0,70,,28788,12,,,0,31,,28772,12,,,0,70,,28775,12,,,0,29,,28779,12,,,0,70,,28783,12,,,0,30,,28792,12,,,0,70,,28798,12,,,0,30,,28790,12,,,0,70,,28799,12,,,0,30,,28791,12,,,0
4019,'1850',637,,28806,12,,,0,70,,28832,12,,,0,30,,28807,12,,,0,67,,28808,12,,,0,36,,28809,12,,,0,64,,28810,12,,,0,36,,28811,12,,,0,68,,28812,12,,,0,29,,28813,12,,,0,70,,28814,12,,,0,30,,28815,12,,,0,72,,28816,12,,,0,30,,28817,12,,,0,70,,28818,12,,,0,30,,28819,12,,,0,71,,28820,12,,,0,30,,28821,12,,,0,74,,28822,12,,,0,30,,28823,12,,,0,71,,28824,12,,,0,24,,28825,12,,,0,75,,28826,12,,,0,22,,28827,12,,,0,76,,28828,12,,,0,21,,28829,12,,,0,75,,28830,12,,,0,29,,28831,12,,,0,70,,28800,12,,,0,30,,28801,12,,,0,70,,28802,12,,,0,30,,28803,12,,,0,70,,28804,12,,,0,30,,28805,12,,,0
4019,'1852',637,,28839,12,,,0,70,,28865,12,,,0,30,,28840,12,,,0,67,,28841,12,,,0,36,,28842,12,,,0,64,,28843,12,,,0,36,,28844,12,,,0,68,,28845,12,,,0,29,,28846,12,,,0,70,,28847,12,,,0,30,,28848,12,,,0,72,,28849,12,,,0,30,,28850,12,,,0,70,,28851,12,,,0,30,,28852,12,,,0,71,,28853,12,,,0,30,,28854,12,,,0,74,,28855,12,,,0,30,,28856,12,,,0,71,,28857,12,,,0,24,,28858,12,,,0,75,,28859,12,,,0,22,,28860,12,,,0,76,,28861,12,,,0,21,,28862,12,,,0,75,,28863,12,,,0,29,,28864,12,,,0,70,,28833,12,,,0,30,,28834,12,,,0,70,,28835,12,,,0,30,,28836,12,,,0,70,,28837,12,,,0,30,,28838,12,,,0
7019,'1800',554,,29312,7,,,0,70,,29315,7,,,0,30,,29316,7,,,0,68,,29317,7,,,0,30,,29303,26,,,0,71,,29331,11,,,0,30,,29304,26,,,0,73,,29323,11,,,0,27,,29313,26,,,0,74,,29330,11,,,0,28,,29305,26,,,0,72,,29322,11,,,0,28,,29306,26,,,0,72,,29329,11,,,0,28,,29307,26,,,0,73,,29321,11,,,0,27,,29308,26,,,0,73,,29328,11,,,0,28,,29309,26,,,0,73,,29320,11,,,0,27,,29310,26,,,0,73,,29327,11,,,0,26,,29311,26,,,0,73,,29319,11,,,0,27,,29299,26,,,0,72,,29326,11,,,0,27,,29300,26,,,0,71,,29324,11,,,0,27,,29298,26,,,0,71,,29325,11,,,0,28,,29302,26,,,0,72,,29332,11,,,0,28,,29301,26,,,0,70,,29318,7,,,0,30,,29314,7,,,0
7019,'1838',554,,29347,7,,,0,70,,29350,7,,,0,30,,29351,7,,,0,68,,29352,7,,,0,30,,29338,26,,,0,71,,29366,11,,,0,30,,29339,26,,,0,73,,29358,11,,,0,27,,29348,26,,,0,74,,29365,11,,,0,28,,29340,26,,,0,72,,29357,11,,,0,28,,29341,26,,,0,72,,29364,11,,,0,28,,29342,26,,,0,73,,29356,11,,,0,27,,29343,26,,,0,73,,29363,11,,,0,28,,29344,26,,,0,73,,29355,11,,,0,27,,29345,26,,,0,73,,29362,11,,,0,26,,29346,26,,,0,73,,29354,11,,,0,27,,29334,26,,,0,72,,29361,11,,,0,27,,29335,26,,,0,71,,29359,11,,,0,27,,29333,26,,,0,71,,29360,11,,,0,28,,29337,26,,,0,72,,29367,11,,,0,28,,29336,26,,,0,70,,29353,7,,,0,30,,29349,7,,,0
7019,'1841',515,,25278,7,,,0,36,,25279,26,,,0,72,,20250,7,,,0,31,,25280,26,,,0,71,,25281,26,,,0,32,,25286,26,,,0,72,,20220,26,,,0,30,,20228,26,,,0,68,,25282,26,,,0,30,,20229,26,,,0,71,,25283,26,,,0,30,,25287,26,,,0,70,,20223,26,,,0,30,,25288,26,,,0,70,,20224,26,,,0,30,,25289,26,,,0,70,,25284,26,,,0,30,,20233,26,,,0,72,,25285,26,,,0,73,,25301,26,,,0,33,,25302,26,,,0,14,,25307,7,,,0,52,,25303,26,,,0,30,,25304,26,,,0,70,,25290,26,,,0,28,,25291,26,,,0,27,,20235,26,,,0,70,,25293,26,,,0,28,,25294,26,,,0,70,,25295,26,,,0,27,,25296,26,,,0,70,,25297,26,,,0,30,,25298,26,,,0,68,,25306,7,,,0,31,,25299,26,,,0,72,,25305,11,,,0,27,,25300,26,,,0,100,,25292,26,,,0
7019,'1848',624,,29399,7,,,0,28,,29380,26,,,0,70,,29373,26,,,0,30,,29381,26,,,0,70,,29374,26,,,0,31,,29382,26,,,0,70,,29375,26,,,0,30,,29383,26,,,0,72,,29376,26,,,0,30,,29384,26,,,0,70,,29377,26,,,0,30,,29385,26,,,0,70,,29378,26,,,0,30,,29386,26,,,0,70,,29379,26,,,0,30,,29387,26,,,0,70,,29392,26,,,0,31,,29388,26,,,0,70,,29394,26,,,0,30,,29389,26,,,0,70,,29393,26,,,0,29,,29390,26,,,0,70,,29395,26,,,0,30,,29391,26,,,0,70,,29398,26,,,0,29,,29368,26,,,0,68,,29396,26,,,0,30,,29369,26,,,0,69,,29397,26,,,0,30,,29370,26,,,0,70,,29401,7,,,0,30,,29371,26,,,0,72,,29400,11,,,0,27,,29372,26,,,0
7019,'1849',554,,29416,7,,,0,70,,29419,7,,,0,30,,29420,7,,,0,68,,29421,7,,,0,30,,29407,26,,,0,71,,29435,11,,,0,30,,29408,26,,,0,73,,29427,11,,,0,27,,29417,26,,,0,74,,29434,11,,,0,28,,29409,26,,,0,72,,29426,11,,,0,28,,29410,26,,,0,72,,29433,11,,,0,28,,29411,26,,,0,73,,29425,11,,,0,27,,29412,26,,,0,73,,29432,11,,,0,28,,29413,26,,,0,73,,29424,11,,,0,27,,29414,26,,,0,73,,29431,11,,,0,26,,29415,26,,,0,73,,29423,11,,,0,27,,29403,26,,,0,72,,29430,11,,,0,27,,29404,26,,,0,71,,29428,11,,,0,27,,29402,26,,,0,71,,29429,11,,,0,28,,29406,26,,,0,72,,29436,11,,,0,28,,29405,26,,,0,70,,29422,7,,,0,30,,29418,7,,,0
7019,'1850',515,,29437,7,,,0,36,,29438,26,,,0,72,,29471,7,,,0,31,,29439,26,,,0,71,,29440,26,,,0,32,,29448,26,,,0,72,,29441,26,,,0,30,,29449,26,,,0,68,,29442,26,,,0,30,,29450,26,,,0,71,,29443,26,,,0,30,,29451,26,,,0,70,,29444,26,,,0,30,,29452,26,,,0,70,,29445,26,,,0,30,,29453,26,,,0,70,,29446,26,,,0,30,,29454,26,,,0,72,,29447,26,,,0,73,,29467,26,,,0,33,,29468,26,,,0,14,,29474,7,,,0,52,,29469,26,,,0,30,,29470,26,,,0,70,,29455,26,,,0,28,,29457,26,,,0,27,,29456,26,,,0,70,,29459,26,,,0,28,,29460,26,,,0,70,,29461,26,,,0,27,,29462,26,,,0,70,,29463,26,,,0,30,,29464,26,,,0,68,,29473,7,,,0,31,,29465,26,,,0,72,,29472,11,,,0,27,,29466,26,,,0,100,,29458,26,,,0
7019,'1852',515,,29475,7,,,0,36,,29476,26,,,0,72,,29509,7,,,0,31,,29477,26,,,0,71,,29478,26,,,0,32,,29486,26,,,0,72,,29479,26,,,0,30,,29487,26,,,0,68,,29480,26,,,0,30,,29488,26,,,0,71,,29481,26,,,0,30,,29489,26,,,0,70,,29482,26,,,0,30,,29490,26,,,0,70,,29483,26,,,0,30,,29491,26,,,0,70,,29484,26,,,0,30,,29492,26,,,0,72,,29485,26,,,0,73,,29505,26,,,0,33,,29506,26,,,0,14,,29512,7,,,0,52,,29507,26,,,0,30,,29508,26,,,0,70,,29493,26,,,0,28,,29495,26,,,0,27,,29494,26,,,0,70,,29497,26,,,0,28,,29498,26,,,0,70,,29499,26,,,0,27,,29500,26,,,0,70,,29501,26,,,0,30,,29502,26,,,0,68,,29511,7,,,0,31,,29503,26,,,0,72,,29510,11,,,0,27,,29504,26,,,0,100,,29496,26,,,0
14000001029,'1800',601,,34784,45,0,18 7,0,1816,,34780,45,,,0,30,,24949,45,,,0,70,,34783,45,,,0,30,,34782,45,,,0,70,,24948,45,,,0,30,,34781,45,,,0
14000001029,'1838',601,,34789,45,0,18 7,0,1816,,34785,45,,,0,30,,24942,45,,,0,70,,34788,45,,,0,30,,34787,45,,,0,70,,24941,45,,,0,30,,34786,45,,,0
14000001029,'1841',503,,24916,45,0,18 7,0,102,,28284,45,0,18 7,0,1812,,28286,45,,,0,100,,28288,45,,,0,30,,28285,45,,,0,100,,28287,45,,,0
14000001029,'1843',2447,,24920,45,,,0,170,,24921,45,,,0
14000001029,'1845',2447,,24925,45,,,0,170,,24929,45,,,0
14000001029,'1847',2447,,24935,45,,,0,170,,24934,45,,,0
14000001029,'1848',601,,34793,45,0,18 7,0,1816,,34794,45,,,0,100,,34790,45,,,0,30,,34791,45,,,0,100,,34792,45,,,0
14000001029,'1849',601,,34799,45,0,18 7,0,1816,,34795,45,,,0,100,,34798,45,,,0,30,,34797,45,,,0,100,,34796,45,,,0
14000001029,'1850',503,,34800,45,0,18 7,0,102,,34801,45,0,18 7,0,1812,,34803,45,,,0,30,,34804,45,,,0,70,,34807,45,,,0,30,,34802,45,,,0,70,,34805,45,,,0,30,,34806,45,,,0
14000001029,'1852',503,,34808,45,0,18 7,0,102,,34809,45,0,18 7,0,1812,,34811,45,,,0,100,,34813,45,,,0,30,,34810,45,,,0,100,,34812,45,,,0
