13019,'1800',811,,30039,18,,,0,100,,30040,18,,,0,100,,30041,18,,,0,101,,30042,18,,,0,100,,30043,18,,,0,100,,36656,18,,,0,100,,30045,18,,,0,100,,30046,18,,,0,100,,30047,18,,,0,99,,30048,18,,,0,100,,30049,18,,,0,100,,30050,18,,,0,99,,36657,18,,,0,100,,36658,18,,,0,100,,36655,18,,,0
13019,'1838',811,,36660,18,,,0,100,,36661,18,,,0,100,,36662,18,,,0,101,,36663,18,,,0,100,,36664,18,,,0,100,,36665,18,,,0,100,,36666,18,,,0,100,,36667,18,,,0,100,,36668,18,,,0,99,,36669,18,,,0,100,,36670,18,,,0,100,,36671,18,,,0,99,,36672,18,,,0,100,,36673,18,,,0,100,,36659,18,,,0
13019,'1850',621,,30099,18,,,0,30,,30100,18,,,0,70,,30101,18,,,0,30,,30102,18,,,0,96,,30103,18,,,0,100,,30104,18,,,0,100,,30105,18,,,0,100,,30106,18,,,0,100,,30107,18,,,0,100,,30108,18,,,0,70,,30109,18,,,0,31,,30110,18,,,0,71,,30111,18,,,0,31,,30121,18,,,0,70,,30112,18,,,0,30,,30122,18,,,0,70,,30113,18,,,0,30,,30120,18,,,0,98,,30114,18,,,0,100,,30119,18,,,0,99,,30118,18,,,0,98,,30117,18,,,0,100,,30116,18,,,0
13019,'1859',710,,30068,18,,,0,402,,30072,18,,,0,200,,30074,18,,,0,100,,30075,18,,,0,499,,30080,18,,,0,199,,30082,18,,,0,200,,30083,18,,,0
13019,'1861',811,,30085,18,,,0,100,,30086,18,,,0,100,,30087,18,,,0,101,,30088,18,,,0,100,,30089,18,,,0,200,,30091,18,,,0,100,,30092,18,,,0,100,,30093,18,,,0,99,,30094,18,,,0,100,,30095,18,,,0,100,,30096,18,,,0
13019,'1862',811,,36674,18,,,0,100,,36675,18,,,0,100,,36676,18,,,0,201,,36677,18,,,0,300,,36678,18,,,0,100,,36679,18,,,0,99,,36680,18,,,0,100,,36681,18,,,0,199,,36682,18,,,0
13019,'1863',1312,,36684,18,,,0,698,,36685,18,,,0,100,,36686,18,,,0,100,,36683,18,,,0
13019,'1864',621,,30123,18,,,0,30,,30124,18,,,0,70,,30125,18,,,0,30,,30126,18,,,0,96,,30127,18,,,0,100,,30128,18,,,0,100,,36687,18,,,0,100,,30130,18,,,0,100,,36688,18,,,0,100,,36689,18,,,0,70,,36690,18,,,0,31,,36691,18,,,0,71,,30135,18,,,0,31,,36697,18,,,0,70,,36692,18,,,0,30,,36698,18,,,0,70,,36693,18,,,0,30,,30144,18,,,0,98,,36694,18,,,0,100,,30143,18,,,0,99,,30142,18,,,0,98,,30141,18,,,0,100,,36696,18,,,0
13019,'1865',621,,36699,18,,,0,30,,36700,18,,,0,70,,36701,18,,,0,30,,36702,18,,,0,96,,36703,18,,,0,100,,36704,18,,,0,100,,36705,18,,,0,100,,36706,18,,,0,100,,36707,18,,,0,100,,36708,18,,,0,70,,36709,18,,,0,31,,36710,18,,,0,71,,36711,18,,,0,31,,36721,18,,,0,70,,36712,18,,,0,30,,36722,18,,,0,70,,36713,18,,,0,30,,36720,18,,,0,98,,36714,18,,,0,100,,36719,18,,,0,99,,36718,18,,,0,98,,36717,18,,,0,100,,36716,18,,,0
13019,'1866',710,,36723,18,,,0,101,,36724,18,,,0,100,,36725,18,,,0,100,,36726,18,,,0,101,,36727,18,,,0,100,,36728,18,,,0,100,,36729,18,,,0,100,,36730,18,,,0,100,,36731,18,,,0,100,,36732,18,,,0,99,,36733,18,,,0,100,,36734,18,,,0,100,,36735,18,,,0,99,,36736,18,,,0,100,,36737,18,,,0,200,,36738,18,,,0
13019,'1867',811,,36740,18,,,0,100,,36741,18,,,0,100,,36742,18,,,0,101,,36743,18,,,0,100,,36744,18,,,0,100,,36745,18,,,0,100,,36746,18,,,0,100,,36747,18,,,0,100,,36748,18,,,0,99,,36749,18,,,0,100,,36750,18,,,0,100,,36751,18,,,0,99,,36752,18,,,0,100,,36753,18,,,0,100,,36739,18,,,0
