15029,'1838',711,,36977,17,,,0,98,,45082,17,,,0,100,,36974,17,,,0,100,,36975,17,,,0,101,,45083,17,,,0,100,,36972,17,,,0,100,,36969,17,,,0,102,,45081,17,,,0,100,,36971,17,,,0,100,,36968,17,,,0,99,,45080,17,,,0,99,,36966,17,,,0,100,,36967,17,,,0,100,,45079,17,,,0
15029,'1865',637,,36995,17,,,0,69,,36996,17,,,0,32,,36997,17,,,0,71,,45086,17,,,0,34,,36999,17,,,0,70,,37000,17,,,0,25,,37001,17,,,0,70,,37002,17,,,0,30,,37003,17,,,0,70,,45087,17,,,0,30,,45088,17,,,0,70,,42575,17,,,0,30,,45089,17,,,0,70,,45090,17,,,0,30,,42576,17,,,0,70,,37010,17,,,0,31,,45091,17,,,0,75,,37012,17,,,0,32,,37013,17,,,0,70,,45092,17,,,0,29,,45093,17,,,0,65,,37016,17,,,0,29,,37017,17,,,0,69,,37018,17,,,0,27,,45094,17,,,0,70,,37020,17,,,0,30,,45095,17,,,0,70,,45096,17,,,0,30,,37023,17,,,0,100,,45098,17,,,0,97,,45097,17,,,0
15029,'1866',716,,37029,17,,,0,93,,37030,17,,,0,100,,45100,17,,,0,100,,37032,17,,,0,101,,37033,17,,,0,100,,45101,17,,,0,100,,37035,17,,,0,103,,37036,17,,,0,100,,45102,17,,,0,100,,37038,17,,,0,98,,37039,17,,,0,99,,45103,17,,,0,100,,37026,17,,,0,100,,37027,17,,,0
15029,'1867',711,,37054,17,,,0,98,,45107,17,,,0,100,,37051,17,,,0,100,,37052,17,,,0,101,,45108,17,,,0,100,,37049,17,,,0,100,,37046,17,,,0,102,,45106,17,,,0,100,,37048,17,,,0,100,,37045,17,,,0,99,,45105,17,,,0,99,,37043,17,,,0,100,,37044,17,,,0,100,,45104,17,,,0
15029,'1873',716,,30423,17,,,0,93,,30424,17,,,0,200,,30426,17,,,0,101,,30427,17,,,0,200,,30429,17,,,0,103,,30430,17,,,0,200,,30432,17,,,0,98,,30433,17,,,0,199,,30420,17,,,0,100,,30421,17,,,0
15029,'1878',711,,30448,17,,,0,198,,30445,17,,,0,100,,30446,17,,,0,201,,30443,17,,,0,100,,30440,17,,,0,202,,30442,17,,,0,100,,30439,17,,,0,198,,30437,17,,,0,100,,30438,17,,,0
15029,'1881',809,,36979,17,,,0,299,,36980,17,,,0,30,,36981,17,,,0,100,,36983,17,,,0,70,,36984,17,,,0,131,,36986,17,,,0,177,,36987,17,,,0,29,,36988,17,,,0,190,,30508,17,,,0,100,,36989,17,,,0,70,,42580,17,,,0,130,,36992,17,,,0,97,,36991,17,,,0
15029,'1882',637,,30484,17,,,0,69,,30485,17,,,0,32,,30486,17,,,0,105,,30488,17,,,0,70,,30489,17,,,0,25,,30490,17,,,0,70,,30491,17,,,0,30,,30492,17,,,0,170,,42578,17,,,0,130,,42579,17,,,0,70,,30499,17,,,0,106,,30501,17,,,0,32,,30502,17,,,0,164,,30505,17,,,0,29,,30506,17,,,0,69,,30507,17,,,0,97,,30509,17,,,0,130,,30512,17,,,0
15029,'1886',809,,45111,17,,,0,299,,45112,17,,,0,30,,45113,17,,,0,100,,45114,17,,,0,70,,45115,17,,,0,131,,45116,17,,,0,177,,45117,17,,,0,29,,45118,17,,,0,190,,45119,17,,,0,100,,45120,17,,,0,70,,45121,17,,,0,130,,45123,17,,,0,97,,45122,17,,,0
15029,'1887',909,,45125,17,,,0,301,,45126,17,,,0,303,,45127,17,,,0,297,,45128,17,,,0
15029,'1888',809,,45132,17,,,0,301,,45133,17,,,0,302,,45131,17,,,0,299,,45130,17,,,0,299,,45129,17,,,0
