1019,'1800',611,,28295,13,,,0,100,,28296,13,,,0,100,,28297,13,,,0,100,,28298,13,,,0,100,,28299,13,,,0,100,,28300,13,,,0,100,,28301,13,,,0,100,,28302,13,,,0,100,,28303,13,,,0,100,,28304,13,,,0,100,,28305,13,,,0,100,,28306,13,,,0,100,,28307,13,,,0,100,,28308,13,,,0,100,,28309,13,,,0,100,,28310,13,,,0,100,,28311,13,,,0,100,,28312,13,,,0
1019,'1838',611,,34814,13,,,0,100,,34815,13,,,0,100,,34816,13,,,0,100,,34817,13,,,0,100,,34818,13,,,0,100,,34819,13,,,0,100,,34820,13,,,0,100,,34821,13,,,0,100,,34822,13,,,0,100,,34823,13,,,0,100,,34824,13,,,0,100,,34825,13,,,0,100,,34826,13,,,0,100,,34827,13,,,0,100,,34828,13,,,0,100,,34829,13,,,0,100,,34830,13,,,0,100,,34831,13,,,0
1019,'1850',541,,28394,13,,,0,70,,28417,13,,,0,30,,28392,13,,,0,70,,28387,13,,,0,30,,28406,13,,,0,71,,28389,13,,,0,30,,28395,13,,,0,70,,28420,13,,,0,30,,28391,13,,,0,70,,28385,13,,,0,31,,28405,13,,,0,70,,28390,13,,,0,30,,28396,13,,,0,70,,28416,13,,,0,30,,28393,13,,,0,70,,28386,13,,,0,30,,28418,13,,,0,70,,28388,13,,,0,30,,28397,13,,,0,70,,28415,13,,,0,29,,28408,13,,,0,70,,28400,13,,,0,30,,28398,13,,,0,70,,28401,13,,,0,30,,28403,13,,,0,70,,28402,13,,,0,29,,28399,13,,,0,70,,28419,13,,,0,30,,28413,13,,,0,70,,28414,13,,,0,30,,28412,13,,,0,70,,28411,13,,,0,30,,28410,13,,,0,70,,28409,13,,,0,30,,28407,13,,,0,70,,28404,13,,,0
1019,'1859',541,,28342,13,,,0,70,,28356,13,,,0,30,,28341,13,,,0,70,,28361,13,,,0,30,,28351,13,,,0,70,,28335,13,,,0,30,,28357,13,,,0,70,,28359,13,,,0,30,,28340,13,,,0,70,,28362,13,,,0,30,,28350,13,,,0,70,,28334,13,,,0,30,,28345,13,,,0,70,,28355,13,,,0,30,,28339,13,,,0,70,,28363,13,,,0,30,,28349,13,,,0,70,,28333,13,,,0,30,,28344,13,,,0,70,,28354,13,,,0,30,,28338,13,,,0,70,,28364,13,,,0,30,,28348,13,,,0,70,,28332,13,,,0,30,,28343,13,,,0,70,,28353,13,,,0,30,,28336,13,,,0,70,,28365,13,,,0,30,,28346,13,,,0,70,,28331,13,,,0,30,,28337,13,,,0,70,,28352,13,,,0,30,,28347,13,,,0,70,,28366,13,,,0,30,,28360,13,,,0,70,,28358,13,,,0
1019,'1861',611,,28367,13,,,0,100,,28368,13,,,0,100,,28369,13,,,0,100,,28370,13,,,0,100,,28371,13,,,0,100,,28372,13,,,0,100,,28373,13,,,0,100,,28374,13,,,0,100,,28375,13,,,0,100,,28376,13,,,0,100,,28377,13,,,0,100,,28378,13,,,0,100,,28379,13,,,0,100,,28380,13,,,0,100,,28381,13,,,0,100,,28382,13,,,0,100,,28383,13,,,0,100,,28384,13,,,0
1019,'1864',541,,28430,13,,,0,70,,34863,13,,,0,30,,34839,13,,,0,70,,34834,13,,,0,30,,34852,13,,,0,71,,34836,13,,,0,30,,34841,13,,,0,70,,34866,13,,,0,30,,34838,13,,,0,70,,34832,13,,,0,31,,34851,13,,,0,70,,34837,13,,,0,30,,34842,13,,,0,70,,34862,13,,,0,30,,34840,13,,,0,70,,34833,13,,,0,30,,34864,13,,,0,70,,34835,13,,,0,30,,34843,13,,,0,70,,34861,13,,,0,29,,34854,13,,,0,70,,34846,13,,,0,30,,34844,13,,,0,70,,34847,13,,,0,30,,34849,13,,,0,70,,34848,13,,,0,29,,34845,13,,,0,70,,34865,13,,,0,30,,34859,13,,,0,70,,34860,13,,,0,30,,34858,13,,,0,70,,34857,13,,,0,30,,34856,13,,,0,70,,34855,13,,,0,30,,34853,13,,,0,70,,34850,13,,,0
1019,'1865',541,,34876,13,,,0,70,,34899,13,,,0,30,,34874,13,,,0,70,,34869,13,,,0,30,,34888,13,,,0,71,,34871,13,,,0,30,,34877,13,,,0,70,,34902,13,,,0,30,,34873,13,,,0,70,,34867,13,,,0,31,,34887,13,,,0,70,,34872,13,,,0,30,,34878,13,,,0,70,,34898,13,,,0,30,,34875,13,,,0,70,,34868,13,,,0,30,,34900,13,,,0,70,,34870,13,,,0,30,,34879,13,,,0,70,,34897,13,,,0,29,,34890,13,,,0,70,,34882,13,,,0,30,,34880,13,,,0,70,,34883,13,,,0,30,,34885,13,,,0,70,,34884,13,,,0,29,,34881,13,,,0,70,,34901,13,,,0,30,,34895,13,,,0,70,,34896,13,,,0,30,,34894,13,,,0,70,,34893,13,,,0,30,,34892,13,,,0,70,,34891,13,,,0,30,,34889,13,,,0,70,,34886,13,,,0
1019,'1866',541,,34914,13,,,0,70,,34928,13,,,0,30,,34913,13,,,0,70,,34933,13,,,0,30,,34923,13,,,0,70,,34907,13,,,0,30,,34929,13,,,0,70,,34931,13,,,0,30,,34912,13,,,0,70,,34934,13,,,0,30,,34922,13,,,0,70,,34906,13,,,0,30,,34917,13,,,0,70,,34927,13,,,0,30,,34911,13,,,0,70,,34935,13,,,0,30,,34921,13,,,0,70,,34905,13,,,0,30,,34916,13,,,0,70,,34926,13,,,0,30,,34910,13,,,0,70,,34936,13,,,0,30,,34920,13,,,0,70,,34904,13,,,0,30,,34915,13,,,0,70,,34925,13,,,0,30,,34908,13,,,0,70,,34937,13,,,0,30,,34918,13,,,0,70,,34903,13,,,0,30,,34909,13,,,0,70,,34924,13,,,0,30,,34919,13,,,0,70,,34938,13,,,0,30,,34932,13,,,0,70,,34930,13,,,0
1019,'1867',611,,34939,13,,,0,100,,34940,13,,,0,100,,34941,13,,,0,100,,34942,13,,,0,100,,34943,13,,,0,100,,34944,13,,,0,100,,34945,13,,,0,100,,34946,13,,,0,100,,34947,13,,,0,100,,34948,13,,,0,100,,34949,13,,,0,100,,34950,13,,,0,100,,34951,13,,,0,100,,34952,13,,,0,100,,34953,13,,,0,100,,34954,13,,,0,100,,34955,13,,,0,100,,34956,13,,,0
2019,'1800',656,,19560,22,,,0,70,,19537,22,,,0,30,,19541,22,,,0,70,,19553,22,,,0,30,,19548,22,,,0,70,,19538,22,,,0,30,,19542,22,,,0,70,,19554,22,,,0,30,,19549,22,,,0,70,,19539,22,,,0,30,,19543,22,,,0,70,,19555,22,,,0,30,,19550,22,,,0,70,,19540,22,,,0,30,,19544,22,,,0,70,,19556,22,,,0,30,,19551,22,,,0,70,,19535,22,,,0,30,,19545,22,,,0,70,,19557,22,,,0,30,,19552,22,,,0,70,,19533,22,,,0,30,,19546,22,,,0,70,,19558,22,,,0,100,,19534,22,,,0,100,,19559,22,,,0,100,,19536,22,,,0,100,,19547,22,,,0,99,,19561,22,,,0
2019,'1838',656,,35124,22,,,0,70,,35101,22,,,0,30,,35105,22,,,0,70,,35117,22,,,0,30,,35112,22,,,0,70,,35102,22,,,0,30,,35106,22,,,0,70,,35118,22,,,0,30,,35113,22,,,0,70,,35103,22,,,0,30,,35107,22,,,0,70,,35119,22,,,0,30,,35114,22,,,0,70,,35104,22,,,0,30,,35108,22,,,0,70,,35120,22,,,0,30,,35115,22,,,0,70,,35099,22,,,0,30,,35109,22,,,0,70,,35121,22,,,0,30,,35116,22,,,0,70,,35097,22,,,0,30,,35110,22,,,0,70,,35122,22,,,0,100,,35098,22,,,0,100,,35123,22,,,0,100,,35100,22,,,0,100,,35111,22,,,0,99,,35125,22,,,0
2019,'1850',451,,28647,13,0,5 2 13 14,0,175,,28616,22,,,0,30,,28617,22,,,0,70,,28618,22,,,0,30,,28619,22,,,0,71,,28620,22,,,0,29,,28621,22,,,0,70,,28622,22,,,0,30,,28623,22,,,0,70,,28624,22,,,0,30,,28625,22,,,0,70,,28626,22,,,0,30,,28627,22,,,0,70,,28628,22,,,0,30,,28629,22,,,0,70,,28630,22,,,0,30,,28631,22,,,0,70,,28632,22,,,0,30,,28633,22,,,0,70,,28634,22,,,0,30,,28635,22,,,0,70,,28636,22,,,0,30,,28637,22,,,0,70,,28638,22,,,0,30,,28639,22,,,0,70,,28640,22,,,0,30,,28646,22,,,0,70,,28641,22,,,0,100,,28642,22,,,0,100,,28643,22,,,0,100,,28644,22,,,0,100,,28645,22,,,0
2019,'1857',626,,19412,22,,,0,30,,19413,22,,,0,70,,19414,22,,,0,30,,19415,22,,,0,71,,19416,22,,,0,29,,19417,22,,,0,70,,19418,22,,,0,30,,19419,22,,,0,70,,19420,22,,,0,30,,19421,22,,,0,70,,19422,22,,,0,30,,19423,22,,,0,70,,19424,22,,,0,30,,19425,22,,,0,70,,19426,22,,,0,30,,19427,22,,,0,70,,19428,22,,,0,30,,19429,22,,,0,70,,19430,22,,,0,30,,19431,22,,,0,70,,19432,22,,,0,30,,19433,22,,,0,70,,19434,22,,,0,30,,19435,22,,,0,70,,19436,22,,,0,30,,19442,22,,,0,70,,19437,22,,,0,100,,19438,22,,,0,100,,19439,22,,,0,100,,19440,22,,,0,100,,19441,22,,,0
2019,'1859',626,,19444,13,,,0,30,,19451,22,,,0,70,,19460,22,,,0,30,,19467,22,,,0,70,,19445,22,,,0,30,,19452,22,,,0,70,,19461,22,,,0,30,,19468,22,,,0,70,,19446,22,,,0,30,,19453,22,,,0,70,,19462,22,,,0,30,,19469,22,,,0,70,,19447,22,,,0,30,,19454,22,,,0,70,,19463,22,,,0,30,,19470,22,,,0,70,,19448,22,,,0,30,,19455,22,,,0,70,,19464,22,,,0,30,,19471,22,,,0,70,,19449,22,,,0,30,,19456,22,,,0,70,,19465,22,,,0,30,,19472,22,,,0,70,,19450,22,,,0,30,,19457,22,,,0,70,,19466,22,,,0,100,,19458,22,,,0,100,,19473,22,,,0,100,,19459,22,,,0,100,,19474,22,,,0
2019,'1861',656,,19502,22,,,0,70,,19479,22,,,0,30,,19483,22,,,0,70,,19495,22,,,0,30,,19490,22,,,0,70,,19480,22,,,0,30,,19484,22,,,0,70,,19496,22,,,0,30,,19491,22,,,0,70,,19481,22,,,0,30,,19485,22,,,0,70,,19497,22,,,0,30,,19492,22,,,0,70,,19482,22,,,0,30,,19486,22,,,0,70,,19498,22,,,0,30,,19493,22,,,0,70,,19477,22,,,0,30,,19487,22,,,0,70,,19499,22,,,0,30,,19494,22,,,0,70,,19475,22,,,0,30,,19488,22,,,0,70,,19500,22,,,0,100,,19476,22,,,0,100,,19501,22,,,0,100,,19478,22,,,0,100,,19489,22,,,0,99,,19503,22,,,0
2019,'1864',451,,35126,13,0,5 2 13 14,0
2019,'1865',451,,35158,13,0,5 2 13 14,0,175,,35127,22,,,0,30,,35128,22,,,0,70,,35129,22,,,0,30,,35130,22,,,0,71,,35131,22,,,0,29,,35132,22,,,0,70,,35133,22,,,0,30,,35134,22,,,0,70,,35135,22,,,0,30,,35136,22,,,0,70,,35137,22,,,0,30,,35138,22,,,0,70,,35139,22,,,0,30,,35140,22,,,0,70,,35141,22,,,0,30,,35142,22,,,0,70,,35143,22,,,0,30,,35144,22,,,0,70,,35145,22,,,0,30,,35146,22,,,0,70,,35147,22,,,0,30,,35148,22,,,0,70,,35149,22,,,0,30,,35150,22,,,0,70,,35151,22,,,0,30,,35157,22,,,0,70,,35152,22,,,0,100,,35153,22,,,0,100,,35154,22,,,0,100,,35155,22,,,0,100,,35156,22,,,0
2019,'1866',626,,35159,13,,,0,30,,35166,22,,,0,70,,35175,22,,,0,30,,35182,22,,,0,70,,35160,22,,,0,30,,35167,22,,,0,70,,35176,22,,,0,30,,35183,22,,,0,70,,35161,22,,,0,30,,35168,22,,,0,70,,35177,22,,,0,30,,35184,22,,,0,70,,35162,22,,,0,30,,35169,22,,,0,70,,35178,22,,,0,30,,35185,22,,,0,70,,35163,22,,,0,30,,35170,22,,,0,70,,35179,22,,,0,30,,35186,22,,,0,70,,35164,22,,,0,30,,35171,22,,,0,70,,35180,22,,,0,30,,35187,22,,,0,70,,35165,22,,,0,30,,35172,22,,,0,70,,35181,22,,,0,100,,35173,22,,,0,100,,35188,22,,,0,100,,35174,22,,,0,100,,35189,22,,,0
2019,'1867',656,,35217,22,,,0,70,,35194,22,,,0,30,,35198,22,,,0,70,,35210,22,,,0,30,,35205,22,,,0,70,,35195,22,,,0,30,,35199,22,,,0,70,,35211,22,,,0,30,,35206,22,,,0,70,,35196,22,,,0,30,,35200,22,,,0,70,,35212,22,,,0,30,,35207,22,,,0,70,,35197,22,,,0,30,,35201,22,,,0,70,,35213,22,,,0,30,,35208,22,,,0,70,,35192,22,,,0,30,,35202,22,,,0,70,,35214,22,,,0,30,,35209,22,,,0,70,,35190,22,,,0,30,,35203,22,,,0,70,,35215,22,,,0,100,,35191,22,,,0,100,,35216,22,,,0,100,,35193,22,,,0,100,,35204,22,,,0,99,,35218,22,,,0
502029,'1800',626,,32586,15,,,0,28,,39259,15,,,0,65,,32577,15,,,0,30,,39266,15,,,0,71,,32582,15,,,0,30,,39265,15,,,0,72,,32580,15,,,0,30,,32600,15,,,0,70,,32569,15,,,0,30,,39264,15,,,0,55,,39275,15,,,0,15,,32570,15,,,0,16,,39277,15,,,0,15,,32598,15,,,0,55,,39280,15,,,0,15,,39260,15,,,0,15,,39269,15,,,0,15,,32597,15,,,0,55,,39272,15,,,0,15,,32572,15,,,0,15,,39274,15,,,0,15,,32596,15,,,0,55,,39278,15,,,0,16,,32573,15,,,0,15,,39279,15,,,0,15,,39263,15,,,0,55,,39268,15,,,0,15,,32574,15,,,0,15,,39271,15,,,0,15,,32594,15,,,0,55,,39273,15,,,0,14,,32575,15,,,0,14,,39276,15,,,0,15,,32593,15,,,0,55,,39281,15,,,0,15,,32576,15,,,0,15,,39267,15,,,0,15,,32592,15,,,0,55,,39270,15,,,0,15,,32585,15,,,0,30,,39262,15,,,0,70,,39261,15,,,0,30,,32590,15,,,0,70,,32578,15,,,0,30,,32589,15,,,0,70,,32579,15,,,0,30,,32587,15,,,0,68,,32584,15,,,0,30,,32588,15,,,0,70,,32581,15,,,0
502029,'1838',626,,39300,15,,,0,28,,39282,15,,,0,65,,39291,15,,,0,30,,39316,15,,,0,71,,39296,15,,,0,30,,39315,15,,,0,72,,39294,15,,,0,30,,39314,15,,,0,70,,39283,15,,,0,30,,39313,15,,,0,55,,39325,15,,,0,15,,39284,15,,,0,16,,39327,15,,,0,15,,39312,15,,,0,55,,39330,15,,,0,15,,39285,15,,,0,15,,39319,15,,,0,15,,39311,15,,,0,55,,39322,15,,,0,15,,39286,15,,,0,15,,39324,15,,,0,15,,39310,15,,,0,55,,39328,15,,,0,16,,39287,15,,,0,15,,39329,15,,,0,15,,39309,15,,,0,55,,39318,15,,,0,15,,39288,15,,,0,15,,39321,15,,,0,15,,39308,15,,,0,55,,39323,15,,,0,14,,39289,15,,,0,14,,39326,15,,,0,15,,39307,15,,,0,55,,39331,15,,,0,15,,39290,15,,,0,15,,39317,15,,,0,15,,39306,15,,,0,55,,39320,15,,,0,15,,39299,15,,,0,30,,39305,15,,,0,70,,39297,15,,,0,30,,39304,15,,,0,70,,39292,15,,,0,30,,39303,15,,,0,70,,39293,15,,,0,30,,39301,15,,,0,68,,39298,15,,,0,30,,39302,15,,,0,70,,39295,15,,,0
502029,'1850',551,,32772,15,,,0,55,,32773,15,,,0,15,,32774,15,,,0,17,,32775,15,,,0,7,,32776,15,,,0,8,,32777,15,,,0,56,,32778,15,,,0,13,,32779,15,,,0,13,,32780,15,,,0,13,,32781,15,,,0,7,,32782,15,,,0,46,,32783,15,,,0,12,,32784,15,,,0,6,,32785,15,,,0,6,,32786,15,,,0,12,,32787,15,,,0,12,,32788,15,,,0,52,,32789,15,,,0,10,,32790,15,,,0,13,,32791,15,,,0,14,,32792,15,,,0,15,,32793,15,,,0,55,,32794,15,,,0,15,,32795,15,,,0,15,,32796,15,,,0,16,,32797,15,,,0,55,,32798,15,,,0,15,,32799,15,,,0,16,,32800,15,,,0,15,,32801,15,,,0,55,,32802,15,,,0,15,,32803,15,,,0,15,,32804,15,,,0,15,,32805,15,,,0,55,,32806,15,,,0,15,,32807,15,,,0,15,,32808,15,,,0,15,,32809,15,,,0,55,,32810,15,,,0,15,,32811,15,,,0,16,,32812,15,,,0,16,,32813,15,,,0,55,,32814,15,,,0,15,,32815,15,,,0,15,,32816,15,,,0,12,,32817,15,,,0,52,,32818,15,,,0,12,,32819,15,,,0,12,,32820,15,,,0,11,,32821,15,,,0,12,,32822,15,,,0,52,,32823,15,,,0,12,,32824,15,,,0,11,,32825,15,,,0,11,,32826,15,,,0,12,,32827,15,,,0,52,,32828,15,,,0,11,,32829,15,,,0,12,,32830,15,,,0,12,,32831,15,,,0,15,,32832,15,,,0,55,,32842,15,,,0,14,,32833,15,,,0,29,,32834,15,,,0,70,,32835,15,,,0,30,,32836,15,,,0,70,,32837,15,,,0,30,,32838,15,,,0,70,,32839,15,,,0,30,,32840,15,,,0,70,,32841,15,,,0
502029,'1859',624,,32675,15,,,0,15,,32721,15,,,0,15,,32682,15,,,0,70,,32674,15,,,0,30,,32683,15,,,0,66,,32673,15,,,0,30,,32684,15,,,0,72,,32672,15,,,0,30,,32685,15,,,0,70,,32712,15,,,0,30,,32704,15,,,0,70,,32713,15,,,0,31,,32705,15,,,0,70,,32714,15,,,0,30,,32706,15,,,0,70,,32715,15,,,0,30,,32707,15,,,0,71,,32716,15,,,0,30,,32708,15,,,0,70,,32717,15,,,0,30,,32709,15,,,0,69,,32718,15,,,0,29,,32710,15,,,0,70,,32719,15,,,0,30,,32677,15,,,0,55,,32694,15,,,0,15,,32711,15,,,0,30,,32678,15,,,0,100,,32679,15,,,0,70,,32671,15,,,0,30,,32680,15,,,0,70,,32670,15,,,0,30,,32676,15,,,0,68,,32669,15,,,0,30,,32681,15,,,0,70,,32668,15,,,0
502029,'1861',626,,32740,15,,,0,93,,32731,15,,,0,101,,32736,15,,,0,102,,32734,15,,,0,30,,32754,15,,,0,70,,32723,15,,,0,100,,32724,15,,,0,31,,32752,15,,,0,100,,32751,15,,,0,70,,32726,15,,,0,30,,32750,15,,,0,71,,32727,15,,,0,100,,32728,15,,,0,30,,32748,15,,,0,69,,32729,15,,,0,29,,32747,15,,,0,70,,32730,15,,,0,30,,32746,15,,,0,70,,32739,15,,,0,130,,32744,15,,,0,70,,32732,15,,,0,30,,32743,15,,,0,70,,32733,15,,,0,30,,32741,15,,,0,68,,32738,15,,,0,30,,32742,15,,,0,70,,32735,15,,,0
502029,'1862',1007,,39332,15,,,0,30,,39340,15,,,0,70,,39333,15,,,0,31,,39341,15,,,0,70,,39334,15,,,0,30,,39342,15,,,0,70,,39335,15,,,0,30,,39343,15,,,0,70,,39336,15,,,0,31,,39344,15,,,0,70,,39337,15,,,0,30,,39345,15,,,0,70,,39338,15,,,0,28,,39346,15,,,0,70,,39339,15,,,0,30,,39347,15,,,0,100,,39348,15,,,0,70,,39349,15,,,0
502029,'1863',654,,39350,15,,,0,95,,39357,15,,,0,101,,39356,15,,,0,202,,39355,15,,,0,55,,39366,15,,,0,31,,39368,15,,,0,70,,39371,15,,,0,15,,39351,15,,,0,15,,39360,15,,,0,70,,39363,15,,,0,30,,39365,15,,,0,70,,39369,15,,,0,31,,39370,15,,,0,15,,39354,15,,,0,55,,39359,15,,,0,30,,39362,15,,,0,70,,39364,15,,,0,28,,39367,15,,,0,70,,39372,15,,,0,30,,39358,15,,,0,70,,39361,15,,,0,45,,39353,15,,,0,70,,39352,15,,,0
502029,'1864',551,,39373,15,,,0,55,,32844,15,,,0,15,,32845,15,,,0,17,,32846,15,,,0,7,,39374,15,,,0,8,,39375,15,,,0,56,,39376,15,,,0,13,,39377,15,,,0,13,,32851,15,,,0,13,,32852,15,,,0,7,,32853,15,,,0,46,,39378,15,,,0,12,,32855,15,,,0,6,,39379,15,,,0,6,,39380,15,,,0,12,,32858,15,,,0,12,,32859,15,,,0,52,,39381,15,,,0,10,,39382,15,,,0,13,,32862,15,,,0,14,,32863,15,,,0,15,,32864,15,,,0,55,,39383,15,,,0,15,,39384,15,,,0,15,,32867,15,,,0,16,,39385,15,,,0,55,,32869,15,,,0,15,,39386,15,,,0,16,,39387,15,,,0,15,,32872,15,,,0,55,,39388,15,,,0,15,,32874,15,,,0,15,,32875,15,,,0,15,,32876,15,,,0,55,,32877,15,,,0,15,,39389,15,,,0,15,,32879,15,,,0,15,,32880,15,,,0,55,,39390,15,,,0,15,,32882,15,,,0,16,,39391,15,,,0,16,,32884,15,,,0,55,,32885,15,,,0,15,,32886,15,,,0,15,,32887,15,,,0,12,,32888,15,,,0,52,,32889,15,,,0,12,,39392,15,,,0,12,,39393,15,,,0,11,,32892,15,,,0,12,,32893,15,,,0,52,,32894,15,,,0,12,,32895,15,,,0,11,,32896,15,,,0,11,,39394,15,,,0,12,,39395,15,,,0,52,,39396,15,,,0,11,,32900,15,,,0,12,,39397,15,,,0,12,,32902,15,,,0,15,,39398,15,,,0,55,,32913,15,,,0,14,,32904,15,,,0,29,,39399,15,,,0,70,,32906,15,,,0,30,,39400,15,,,0,70,,32908,15,,,0,30,,32909,15,,,0,70,,32910,15,,,0,30,,32911,15,,,0,70,,32912,15,,,0
502029,'1865',551,,39401,15,,,0,55,,39402,15,,,0,15,,39403,15,,,0,17,,39404,15,,,0,7,,39405,15,,,0,8,,39406,15,,,0,56,,39407,15,,,0,13,,39408,15,,,0,13,,39409,15,,,0,13,,39410,15,,,0,7,,39411,15,,,0,46,,39412,15,,,0,12,,39413,15,,,0,6,,39414,15,,,0,6,,39415,15,,,0,12,,39416,15,,,0,12,,39417,15,,,0,52,,39418,15,,,0,10,,39419,15,,,0,13,,39420,15,,,0,14,,39421,15,,,0,15,,39422,15,,,0,55,,39423,15,,,0,15,,39424,15,,,0,15,,39425,15,,,0,16,,39426,15,,,0,55,,39427,15,,,0,15,,39428,15,,,0,16,,39429,15,,,0,15,,39430,15,,,0,55,,39431,15,,,0,15,,39432,15,,,0,15,,39433,15,,,0,15,,39434,15,,,0,55,,39435,15,,,0,15,,39436,15,,,0,15,,39437,15,,,0,15,,39438,15,,,0,55,,39439,15,,,0,15,,39440,15,,,0,16,,39441,15,,,0,16,,39442,15,,,0,55,,39443,15,,,0,15,,39444,15,,,0,15,,39445,15,,,0,12,,39446,15,,,0,52,,39447,15,,,0,12,,39448,15,,,0,12,,39449,15,,,0,11,,39450,15,,,0,12,,39451,15,,,0,52,,39452,15,,,0,12,,39453,15,,,0,11,,39454,15,,,0,11,,39455,15,,,0,12,,39456,15,,,0,52,,39457,15,,,0,11,,39458,15,,,0,12,,39459,15,,,0,12,,39460,15,,,0,15,,39461,15,,,0,55,,39471,15,,,0,14,,39462,15,,,0,29,,39463,15,,,0,70,,39464,15,,,0,30,,39465,15,,,0,70,,39466,15,,,0,30,,39467,15,,,0,70,,39468,15,,,0,30,,39469,15,,,0,70,,39470,15,,,0
502029,'1866',624,,39479,15,,,0,15,,39525,15,,,0,15,,39486,15,,,0,70,,39478,15,,,0,30,,39487,15,,,0,66,,39477,15,,,0,30,,39488,15,,,0,72,,39476,15,,,0,30,,39489,15,,,0,55,,39490,15,,,0,15,,39516,15,,,0,15,,39499,15,,,0,15,,39508,15,,,0,55,,39491,15,,,0,15,,39517,15,,,0,16,,39500,15,,,0,15,,39509,15,,,0,55,,39492,15,,,0,15,,39518,15,,,0,15,,39501,15,,,0,15,,39510,15,,,0,55,,39493,15,,,0,15,,39519,15,,,0,15,,39502,15,,,0,15,,39511,15,,,0,55,,39494,15,,,0,16,,39520,15,,,0,15,,39503,15,,,0,15,,39512,15,,,0,55,,39495,15,,,0,15,,39521,15,,,0,15,,39504,15,,,0,15,,39513,15,,,0,55,,39496,15,,,0,14,,39522,15,,,0,14,,39505,15,,,0,15,,39514,15,,,0,55,,39497,15,,,0,15,,39523,15,,,0,15,,39506,15,,,0,15,,39481,15,,,0,55,,39498,15,,,0,15,,39515,15,,,0,15,,39507,15,,,0,15,,39482,15,,,0,55,,39524,15,,,0,45,,39483,15,,,0,70,,39475,15,,,0,30,,39484,15,,,0,70,,39474,15,,,0,30,,39480,15,,,0,68,,39473,15,,,0,30,,39485,15,,,0,70,,39472,15,,,0
502029,'1867',626,,39544,15,,,0,28,,39526,15,,,0,65,,39535,15,,,0,30,,39560,15,,,0,71,,39540,15,,,0,30,,39559,15,,,0,72,,39538,15,,,0,30,,39558,15,,,0,70,,39527,15,,,0,30,,39557,15,,,0,55,,39569,15,,,0,15,,39528,15,,,0,16,,39571,15,,,0,15,,39556,15,,,0,55,,39574,15,,,0,15,,39529,15,,,0,15,,39563,15,,,0,15,,39555,15,,,0,55,,39566,15,,,0,15,,39530,15,,,0,15,,39568,15,,,0,15,,39554,15,,,0,55,,39572,15,,,0,16,,39531,15,,,0,15,,39573,15,,,0,15,,39553,15,,,0,55,,39562,15,,,0,15,,39532,15,,,0,15,,39565,15,,,0,15,,39552,15,,,0,55,,39567,15,,,0,14,,39533,15,,,0,14,,39570,15,,,0,15,,39551,15,,,0,55,,39575,15,,,0,15,,39534,15,,,0,15,,39561,15,,,0,15,,39550,15,,,0,55,,39564,15,,,0,15,,39543,15,,,0,30,,39549,15,,,0,70,,39541,15,,,0,30,,39548,15,,,0,70,,39536,15,,,0,30,,39547,15,,,0,70,,39537,15,,,0,30,,39545,15,,,0,68,,39542,15,,,0,30,,39546,15,,,0,70,,39539,15,,,0
601019,'1800',2211,,23359,8,4,,0,30,,23358,8,4,,0,70,,23357,15,4,,0
601019,'1838',641,,39578,15,4,,0,70,,39581,15,4,,0,30,,39605,15,4,,0,70,,39590,15,4,,0,30,,39608,15,4,,0,70,,39576,15,4,,0,30,,39583,15,4,,0,70,,39603,15,4,,0,30,,39606,15,4,,0,70,,39577,15,4,,0,30,,39589,15,4,,0,68,,39607,15,4,,0,32,,39602,15,4,,0,70,,39580,15,4,,0,30,,39592,15,4,,0,70,,39598,15,4,,0,30,,39595,15,4,,0,70,,39585,15,4,,0,30,,39584,15,4,,0,70,,39579,15,4,,0,30,,39599,15,4,,0,70,,39588,15,4,,0,30,,39601,15,4,,0,70,,39597,15,4,,0,30,,39582,15,4,,0,70,,39604,15,4,,0,30,,39596,15,4,,0,70,,39610,15,4,,0,30,,39593,15,4,,0,70,,39609,15,4,,0,30,,39586,15,4,,0,70,,39587,15,4,,0,30,,39594,15,4,,0,70,,39591,15,4,,0
601019,'1850',632,,32942,15,4,,0,20,,32934,15,4,,0,53,,32936,14,4,,0,15,,32929,14,4,,0,15,,32933,14,4,,0,15,,32944,14,4,,0,55,,32937,14,4,,0,15,,32928,14,4,,0,15,,32930,14,4,,0,15,,32943,14,4,,0,63,,32954,15,4,,0,30,,32959,15,4,,0,70,,32960,15,4,,0,30,,32957,15,4,,0,70,,32955,15,4,,0,30,,32961,15,4,,0,70,,32963,15,4,,0,30,,32958,15,4,,0,70,,32956,15,4,,0,30,,32964,15,4,,0,70,,32962,15,4,,0,20,,32922,15,4,,0,15,,32951,14,4,,0,55,,32939,14,4,,0,15,,32947,14,4,,0,15,,32935,14,4,,0,15,,32948,14,4,,0,55,,32938,14,4,,0,15,,32945,14,4,,0,15,,32940,14,4,,0,15,,32946,14,4,,0,55,,32932,14,4,,0,15,,32949,14,4,,0,15,,32927,14,4,,0,15,,32952,14,4,,0,55,,32931,14,4,,0,15,,32950,14,4,,0,17,,32916,15,4,,0,70,,32917,15,4,,0,12,,32925,15,4,,0,18,,32923,15,4,,0,70,,32920,15,4,,0,30,,32921,15,4,,0,70,,32915,15,4,,0,30,,32918,15,4,,0,70,,32914,15,4,,0,30,,32919,15,4,,0,76,,32924,15,4,,0
601019,'1857',652,,23253,15,4,,0,98,,23263,14,4,,0,100,,23262,14,4,,0,93,,23278,15,4,,0,100,,23276,15,4,,0,100,,23280,15,4,,0,100,,23277,15,4,,0,100,,23283,15,4,,0,90,,23241,15,4,,0,15,,23270,14,4,,0,55,,23258,14,4,,0,30,,23254,14,4,,0,15,,23267,14,4,,0,55,,23257,14,4,,0,30,,23259,14,4,,0,15,,23265,14,4,,0,55,,23251,14,4,,0,30,,23246,14,4,,0,15,,23271,14,4,,0,55,,23250,14,4,,0,32,,23235,15,4,,0,70,,23236,15,4,,0,30,,23242,15,4,,0,70,,23239,15,4,,0,30,,23240,15,4,,0,70,,23234,15,4,,0,30,,23237,15,4,,0,70,,23233,15,4,,0,30,,23238,15,4,,0,76,,23243,15,4,,0
601019,'1859',641,,23300,15,4,,0,70,,23318,15,4,,0,30,,23299,15,4,,0,70,,23317,15,4,,0,30,,23298,15,4,,0,70,,23316,15,4,,0,30,,23297,15,4,,0,70,,23315,15,4,,0,30,,23295,15,4,,0,70,,23313,15,4,,0,30,,23296,15,4,,0,68,,23314,15,4,,0,32,,23294,15,4,,0,70,,23312,15,4,,0,30,,23285,15,4,,0,70,,23311,15,4,,0,30,,23293,15,4,,0,70,,23310,15,4,,0,30,,23291,15,4,,0,70,,23309,15,4,,0,30,,23286,15,4,,0,70,,23307,15,4,,0,30,,23288,15,4,,0,70,,23308,15,4,,0,30,,23292,15,4,,0,70,,23306,15,4,,0,30,,23287,15,4,,0,70,,23305,15,4,,0,30,,23290,15,4,,0,70,,23304,15,4,,0,30,,23289,15,4,,0,70,,23303,15,4,,0,30,,23284,15,4,,0,70,,23302,15,4,,0
601019,'1861',2211,,23321,8,4,,0,30,,23320,8,4,,0,70,,23319,15,4,,0
601019,'1864',632,,32973,15,4,,0,73,,39613,14,4,,0,15,,32967,14,4,,0,15,,39612,14,4,,0,70,,39614,14,4,,0,15,,32966,14,4,,0,15,,39611,14,4,,0,78,,32978,15,4,,0,100,,32981,15,4,,0,100,,32979,15,4,,0,100,,32983,15,4,,0,100,,32980,15,4,,0,100,,32982,15,4,,0,105,,32975,14,4,,0,100,,32974,14,4,,0,100,,32976,14,4,,0,100,,32977,14,4,,0,99,,32965,15,4,,0
601019,'1865',632,,39644,15,4,,0,20,,39636,15,4,,0,53,,39638,14,4,,0,15,,39631,14,4,,0,15,,39635,14,4,,0,15,,39646,14,4,,0,55,,39639,14,4,,0,15,,39630,14,4,,0,15,,39632,14,4,,0,15,,39645,14,4,,0,63,,39656,15,4,,0,30,,39661,15,4,,0,70,,39662,15,4,,0,30,,39659,15,4,,0,70,,39657,15,4,,0,30,,39663,15,4,,0,70,,39665,15,4,,0,30,,39660,15,4,,0,70,,39658,15,4,,0,30,,39666,15,4,,0,70,,39664,15,4,,0,20,,39624,15,4,,0,15,,39653,14,4,,0,55,,39641,14,4,,0,15,,39649,14,4,,0,15,,39637,14,4,,0,15,,39650,14,4,,0,55,,39640,14,4,,0,15,,39647,14,4,,0,15,,39642,14,4,,0,15,,39648,14,4,,0,55,,39634,14,4,,0,15,,39651,14,4,,0,15,,39629,14,4,,0,15,,39654,14,4,,0,55,,39633,14,4,,0,15,,39652,14,4,,0,17,,39618,15,4,,0,70,,39619,15,4,,0,12,,39627,15,4,,0,18,,39625,15,4,,0,70,,39622,15,4,,0,30,,39623,15,4,,0,70,,39617,15,4,,0,30,,39620,15,4,,0,70,,39616,15,4,,0,30,,39621,15,4,,0,76,,39626,15,4,,0
601019,'1866',641,,39683,15,4,,0,70,,39701,15,4,,0,30,,39682,15,4,,0,70,,39700,15,4,,0,30,,39681,15,4,,0,70,,39699,15,4,,0,30,,39680,15,4,,0,70,,39698,15,4,,0,30,,39678,15,4,,0,70,,39696,15,4,,0,30,,39679,15,4,,0,68,,39697,15,4,,0,32,,39677,15,4,,0,70,,39695,15,4,,0,30,,39668,15,4,,0,70,,39694,15,4,,0,30,,39676,15,4,,0,70,,39693,15,4,,0,30,,39674,15,4,,0,70,,39692,15,4,,0,30,,39669,15,4,,0,70,,39690,15,4,,0,30,,39671,15,4,,0,70,,39691,15,4,,0,30,,39675,15,4,,0,70,,39689,15,4,,0,30,,39670,15,4,,0,70,,39688,15,4,,0,30,,39673,15,4,,0,70,,39687,15,4,,0,30,,39672,15,4,,0,70,,39686,15,4,,0,30,,39667,15,4,,0,70,,39685,15,4,,0
601019,'1867',2211,,39704,8,4,,0,30,,39703,8,4,,0,70,,39702,15,4,,0
602019,'1800',2211,,23484,1,,,0,30,,23483,1,,,0,70,,23482,1,,,0
602019,'1838',641,,39730,1,,,0,70,,39715,1,,,0,30,,39719,1,,,0,70,,39734,1,,,0,30,,39710,1,,,0,70,,39706,1,,,0,30,,39729,1,,,0,70,,39726,1,,,0,30,,39720,1,,,0,70,,39728,1,,,0,30,,39738,1,,,0,70,,39727,1,,,0,30,,39707,1,,,0,70,,39736,1,,,0,30,,39737,1,,,0,70,,39705,1,,,0,30,,39731,1,,,0,70,,39714,1,,,0,30,,39716,1,,,0,70,,39739,1,,,0,30,,39721,1,,,0,70,,39711,1,,,0,30,,39724,1,,,0,70,,39735,1,,,0,30,,39709,1,,,0,70,,39713,1,,,0,30,,39722,1,,,0,70,,39712,1,,,0,30,,39725,1,,,0,70,,39718,1,,,0,30,,39732,1,,,0,70,,39717,1,,,0,30,,39723,1,,,0,70,,39708,1,,,0
602019,'1850',632,,32995,1,0,19 2 11 2 24 1 25 26,0,20,,33009,1,0,19 2 11 2 24 1 25 26,0,53,,33007,1,0,19 2 11 2 24 1 25 26,0,15,,32994,1,0,19 2 11 2 24 1 25 26,0,15,,32997,1,0,19 2 11 2 24 1 25 26,0,15,,33008,1,0,19 2 11 2 24 1 25 26,0,55,,33002,1,0,19 2 11 2 24 1 25 26,0,15,,33021,1,0,19 2 11 2 24 1 25 26,0,15,,32998,1,0,19 2 11 2 24 1 25 26,0,15,,33018,1,,,0,63,,33027,1,,,0,30,,33025,1,,,0,70,,33032,1,,,0,30,,33030,1,,,0,70,,33026,1,,,0,30,,33024,1,,,0,70,,33031,1,,,0,30,,33022,1,,,0,70,,33028,1,,,0,30,,33023,1,,,0,70,,33029,1,,,0,20,,33005,1,0,19 2 11 2 24 1 25 26,0,15,,33014,1,0,19 2 11 2 24 1 25 26,0,55,,33006,1,0,19 2 11 2 24 1 25 26,0,15,,33013,1,0,19 2 11 2 24 1 25 26,0,15,,32999,1,0,19 2 11 2 24 1 25 26,0,15,,33012,1,0,19 2 11 2 24 1 25 26,0,55,,33004,1,0,19 2 11 2 24 1 25 26,0,15,,33016,1,0,19 2 11 2 24 1 25 26,0,15,,33003,1,0,19 2 11 2 24 1 25 26,0,15,,33011,1,0,19 2 11 2 24 1 25 26,0,55,,33000,1,0,19 2 11 2 24 1 25 26,0,15,,33015,1,0,19 2 11 2 24 1 25 26,0,15,,32996,1,0,19 2 11 2 24 1 25 26,0,15,,33020,1,0,19 2 11 2 24 1 25 26,0,55,,33001,1,0,19 2 11 2 24 1 25 26,0,15,,33010,1,,,0,17,,32984,1,,,0,70,,32985,1,,,0,12,,33017,1,,,0,18,,32990,1,,,0,70,,32988,1,,,0,30,,32989,1,,,0,70,,32993,1,,,0,30,,32986,1,,,0,70,,32991,1,,,0,30,,32987,1,,,0,76,,32992,1,,,0
602019,'1857',652,,23385,1,0,19 2 11 2 24 1 25 26,0,98,,23384,1,0,19 2 11 2 24 1 25 26,0,100,,23394,1,,,0,93,,23401,1,,,0,100,,23406,1,,,0,100,,23400,1,,,0,100,,23398,1,,,0,100,,23399,1,,,0,90,,23381,1,0,19 2 11 2 24 1 25 26,0,15,,23390,1,0,19 2 11 2 24 1 25 26,0,55,,23382,1,0,19 2 11 2 24 1 25 26,0,30,,23375,1,0,19 2 11 2 24 1 25 26,0,15,,23388,1,0,19 2 11 2 24 1 25 26,0,55,,23380,1,0,19 2 11 2 24 1 25 26,0,30,,23379,1,0,19 2 11 2 24 1 25 26,0,15,,23387,1,0,19 2 11 2 24 1 25 26,0,55,,23376,1,0,19 2 11 2 24 1 25 26,0,30,,23372,1,0,19 2 11 2 24 1 25 26,0,15,,23396,1,0,19 2 11 2 24 1 25 26,0,55,,23377,1,0,19 2 11 2 24 1 25 26,0,32,,23360,1,,,0,70,,23361,1,,,0,30,,23366,1,,,0,70,,23364,1,,,0,30,,23365,1,,,0,70,,23369,1,,,0,30,,23362,1,,,0,70,,23367,1,,,0,30,,23363,1,,,0,76,,23368,1,,,0
602019,'1859',641,,23425,1,,,0,70,,23442,1,,,0,30,,23424,1,,,0,70,,23441,1,,,0,30,,23423,1,,,0,70,,23440,1,,,0,30,,23422,1,,,0,70,,23439,1,,,0,30,,23421,1,,,0,70,,23438,1,,,0,30,,23419,1,,,0,70,,23437,1,,,0,30,,23420,1,,,0,70,,23435,1,,,0,30,,23418,1,,,0,70,,23436,1,,,0,30,,23411,1,,,0,70,,23434,1,,,0,30,,23412,1,,,0,70,,23433,1,,,0,30,,23410,1,,,0,70,,23432,1,,,0,30,,23413,1,,,0,70,,23431,1,,,0,30,,23416,1,,,0,70,,23429,1,,,0,30,,23417,1,,,0,70,,23430,1,,,0,30,,23415,1,,,0,70,,23427,1,,,0,30,,23414,1,,,0,70,,23428,1,,,0,30,,23409,1,,,0,70,,23426,1,,,0
602019,'1861',2211,,23446,1,,,0,30,,23445,1,,,0,70,,23444,1,,,0
602019,'1864',632,,33034,1,0,19 2 11 2 24 1 25 26,0,73,,39743,1,0,19 2 11 2 24 1 25 26,0,15,,33033,1,0,19 2 11 2 24 1 25 26,0,15,,39740,1,0,19 2 11 2 24 1 25 26,0,70,,39742,1,0,19 2 11 2 24 1 25 26,0,15,,33044,1,0,19 2 11 2 24 1 25 26,0,15,,39741,1,0,19 2 11 2 24 1 25 26,0,78,,33046,1,,,0,100,,33050,1,,,0,100,,33045,1,,,0,100,,33049,1,,,0,100,,33047,1,,,0,100,,33048,1,,,0,105,,33040,1,0,19 2 11 2 24 1 25 26,0,100,,33042,1,0,19 2 11 2 24 1 25 26,0,100,,33041,1,0,19 2 11 2 24 1 25 26,0,100,,33039,1,,,0,99,,33043,1,,,0
602019,'1865',632,,39755,1,0,19 2 11 2 24 1 25 26,0,20,,39769,1,0,19 2 11 2 24 1 25 26,0,53,,39767,1,0,19 2 11 2 24 1 25 26,0,15,,39754,1,0,19 2 11 2 24 1 25 26,0,15,,39757,1,0,19 2 11 2 24 1 25 26,0,15,,39768,1,0,19 2 11 2 24 1 25 26,0,55,,39762,1,0,19 2 11 2 24 1 25 26,0,15,,39781,1,0,19 2 11 2 24 1 25 26,0,15,,39758,1,0,19 2 11 2 24 1 25 26,0,15,,39778,1,,,0,63,,39787,1,,,0,30,,39785,1,,,0,70,,39792,1,,,0,30,,39790,1,,,0,70,,39786,1,,,0,30,,39784,1,,,0,70,,39791,1,,,0,30,,39782,1,,,0,70,,39788,1,,,0,30,,39783,1,,,0,70,,39789,1,,,0,20,,39765,1,0,19 2 11 2 24 1 25 26,0,15,,39774,1,0,19 2 11 2 24 1 25 26,0,55,,39766,1,0,19 2 11 2 24 1 25 26,0,15,,39773,1,0,19 2 11 2 24 1 25 26,0,15,,39759,1,0,19 2 11 2 24 1 25 26,0,15,,39772,1,0,19 2 11 2 24 1 25 26,0,55,,39764,1,0,19 2 11 2 24 1 25 26,0,15,,39776,1,0,19 2 11 2 24 1 25 26,0,15,,39763,1,0,19 2 11 2 24 1 25 26,0,15,,39771,1,0,19 2 11 2 24 1 25 26,0,55,,39760,1,0,19 2 11 2 24 1 25 26,0,15,,39775,1,0,19 2 11 2 24 1 25 26,0,15,,39756,1,0,19 2 11 2 24 1 25 26,0,15,,39780,1,0,19 2 11 2 24 1 25 26,0,55,,39761,1,0,19 2 11 2 24 1 25 26,0,15,,39770,1,,,0,17,,39744,1,,,0,70,,39745,1,,,0,12,,39777,1,,,0,18,,39750,1,,,0,70,,39748,1,,,0,30,,39749,1,,,0,70,,39753,1,,,0,30,,39746,1,,,0,70,,39751,1,,,0,30,,39747,1,,,0,76,,39752,1,,,0
602019,'1866',641,,39809,1,,,0,70,,39826,1,,,0,30,,39808,1,,,0,70,,39825,1,,,0,30,,39807,1,,,0,70,,39824,1,,,0,30,,39806,1,,,0,70,,39823,1,,,0,30,,39805,1,,,0,70,,39822,1,,,0,30,,39803,1,,,0,70,,39821,1,,,0,30,,39804,1,,,0,70,,39819,1,,,0,30,,39802,1,,,0,70,,39820,1,,,0,30,,39795,1,,,0,70,,39818,1,,,0,30,,39796,1,,,0,70,,39817,1,,,0,30,,39794,1,,,0,70,,39816,1,,,0,30,,39797,1,,,0,70,,39815,1,,,0,30,,39800,1,,,0,70,,39813,1,,,0,30,,39801,1,,,0,70,,39814,1,,,0,30,,39799,1,,,0,70,,39811,1,,,0,30,,39798,1,,,0,70,,39812,1,,,0,30,,39793,1,,,0,70,,39810,1,,,0
602019,'1867',2211,,39830,1,,,0,30,,39829,1,,,0,70,,39828,1,,,0
14000001019,'1800',2420,,34757,29,,,0,30,,41971,29,,,0,70,,24911,29,,,0,30,,34758,29,,,0,70,,41970,29,,,0
14000001019,'1838',2420,,41975,29,,,0,30,,41974,29,,,0,70,,41972,29,,,0,30,,41976,29,,,0,70,,41973,29,,,0
14000001019,'1850',2420,,34775,29,,,0,30,,34772,29,,,0,70,,34773,29,,,0,30,,34774,29,,,0,70,,34771,29,,,0
14000001019,'1857',2520,,24893,29,,,0
14000001019,'1859',2420,,34766,29,,,0,30,,34763,29,,,0,70,,24899,29,,,0,30,,34765,29,,,0,70,,34764,29,,,0
14000001019,'1861',2420,,34769,29,,,0,100,,24901,29,,,0,30,,34770,29,,,0
14000001019,'1863',2450,,41978,29,,,0,170,,41977,29,,,0
14000001019,'1864',2420,,41982,29,,,0,30,,41980,29,,,0,100,,41981,29,,,0,70,,41979,29,,,0
14000001019,'1865',2420,,41987,29,,,0,30,,41984,29,,,0,70,,41985,29,,,0,30,,41986,29,,,0,70,,41983,29,,,0
14000001019,'1866',2420,,41992,29,,,0,30,,41988,29,,,0,70,,41991,29,,,0,30,,41990,29,,,0,70,,41989,29,,,0
14000001019,'1867',2420,,41996,29,,,0,30,,41995,29,,,0,70,,41993,29,,,0,30,,41997,29,,,0,70,,41994,29,,,0
