11029,'1838',819,,36544,16,,,0,100,,42479,16,,,0,105,,42480,16,,,0,100,,36547,16,,,0,100,,42481,16,,,0,100,,42482,16,,,0,100,,36550,16,,,0,100,,42483,16,,,0,100,,42484,16,,,0,97,,36553,16,,,0,100,,36554,16,,,0,99,,42485,16,,,0,100,,42486,16,,,0
11029,'1857',622,,30011,9,,,0,98,,29997,16,,,0,101,,29998,16,,,0,201,,30000,16,,,0,100,,36576,16,,,0,100,,36577,16,,,0,100,,36578,16,,,0,100,,36579,16,,,0,200,,36581,16,,,0,100,,36582,16,,,0,99,,36583,16,,,0,100,,30009,16,,,0,200,,29996,16,,,0
11029,'1865',622,,36600,9,,,0,98,,36586,16,,,0,101,,36587,16,,,0,100,,42487,16,,,0,101,,36589,16,,,0,100,,36590,16,,,0,100,,36591,16,,,0,100,,36592,16,,,0,100,,36593,16,,,0,100,,42488,16,,,0,100,,36595,16,,,0,100,,36596,16,,,0,99,,36597,16,,,0,100,,36598,16,,,0,100,,42489,16,,,0,100,,36585,16,,,0
11029,'1866',621,,36601,9,,,0,98,,36615,16,,,0,100,,36602,16,,,0,100,,36603,16,,,0,105,,36604,16,,,0,100,,36605,16,,,0,100,,36606,16,,,0,100,,36607,16,,,0,100,,36608,16,,,0,100,,36609,16,,,0,100,,36610,16,,,0,97,,36611,16,,,0,100,,36612,16,,,0,99,,36613,16,,,0,100,,36614,16,,,0
11029,'1867',819,,36616,16,,,0,100,,42490,16,,,0,105,,42491,16,,,0,100,,36619,16,,,0,100,,42492,16,,,0,100,,42493,16,,,0,100,,36622,16,,,0,100,,42494,16,,,0,100,,42495,16,,,0,97,,36625,16,,,0,100,,36626,16,,,0,99,,42496,16,,,0,100,,42497,16,,,0
11029,'1871',921,,36575,16,,,0,601,,36580,16,,,0,499,,36584,16,,,0
11029,'1873',621,,36557,9,,,0,98,,36566,16,,,0,100,,29953,16,,,0,100,,29954,16,,,0,105,,36558,16,,,0,100,,36559,16,,,0,100,,36560,16,,,0,100,,29958,16,,,0,100,,36561,16,,,0,100,,29960,16,,,0,100,,29961,16,,,0,97,,36562,16,,,0,100,,36563,16,,,0,99,,36564,16,,,0,100,,36565,16,,,0
11029,'1874',919,,36567,16,,,0,105,,36568,16,,,0,200,,36569,16,,,0,100,,36570,16,,,0,200,,36571,16,,,0,100,,36572,16,,,0,296,,36573,16,,,0,100,,36574,16,,,0
11029,'1875',819,,29967,16,,,0,305,,29970,16,,,0,300,,29973,16,,,0,297,,29976,16,,,0,100,,29977,16,,,0
11029,'1876',921,,42498,16,,,0,601,,42499,16,,,0,499,,42500,16,,,0
11029,'1878',919,,42501,16,,,0,105,,42502,16,,,0,200,,42503,16,,,0,100,,42504,16,,,0,200,,42505,16,,,0,100,,42506,16,,,0,296,,42507,16,,,0,100,,42508,16,,,0
