100,970000,1,0
100,152,2,0
100,143,3,0
100,170,4,0
100,172,5,0
100,175,6,0
100,179,7,0
100,188,8,0
100,187,9,0
100,2016,10,0
100,183,11,0
100,205,12,0
100,201,13,0
100,203,14,0
100,746,15,0
100,199056,16,0
100,9068,17,0
100,2018,18,0
100,202,19,0
100,198,20,0
100,196,21,0
100,195,22,0
100,190,23,0
100,191,24,0
100,2015,25,0
100,2022,26,0
100,2023,27,0
100,224,28,0
100,190225,29,0
100,228,30,0
100,2025,31,0
100,54,32,0
100,53,33,0
100,250,34,0
100,2029,35,0
100,254,36,0
100,256,37,0
100,258,38,0
100,2030,39,0
100,262,40,0
100,265,41,0
100,192039,42,0
100,297,43,0
100,299,44,0
100,301,45,0
100,320,46,0
100,317,47,0
100,190427,48,0
100,428,49,0
100,190430,50,0
100,192042,51,0
100,107,52,0
100,437,53,0
100,440,54,0
100,441,55,0
100,190444,56,0
100,456,57,0
100,55,58,0
100,458,59,0
100,459,60,0
100,460,61,0
100,464,62,0
100,192070,63,1
101,192070,1,0
101,751,2,0
101,2069,3,0
101,2068,4,0
101,455,5,0
101,192009,6,0
101,696,7,0
101,2043,8,0
101,436,9,0
101,433,10,0
101,190431,11,0
101,429,12,0
101,190426,13,0
101,318,14,0
101,302,15,0
101,300,16,0
101,298,17,0
101,192036,18,0
101,269,19,0
101,2031,20,0
101,264,21,0
101,261,22,0
101,259,23,0
101,257,24,0
101,255,25,0
101,253,26,0
101,252,27,0
101,251,28,0
101,585,29,0
101,230,30,0
101,229,31,0
101,227,32,0
101,190226,33,0
101,223,34,0
101,222,35,0
101,213,36,0
101,212,37,0
101,192,38,0
101,193,39,0
101,194,40,0
101,197,41,0
101,199,42,0
101,203,43,0
101,746,44,0
101,199056,45,0
101,9068,46,0
101,2018,47,0
101,200,48,0
101,204,49,0
101,184,50,0
101,185,51,0
101,186,52,0
101,189,53,0
101,57,54,0
101,174,55,0
101,173,56,0
101,171,57,0
101,148,58,0
101,151,59,0
101,970000,60,1
200,970000,1,0
200,152,2,0
200,146,3,0
200,150,4,0
200,145,5,0
200,141,6,0
200,160,7,0
200,2013,8,0
200,157,9,0
200,154,10,0
200,161,11,0
200,168,12,0
200,166,13,0
200,164,14,0
200,181,15,0
200,207,16,0
200,2017,17,0
200,210,18,0
200,745,19,0
200,217,20,0
200,199074,21,0
200,9076,22,0
200,73,23,0
200,2021,24,0
200,2001,25,0
200,235,26,0
200,2026,27,0
200,70,28,0
200,192028,29,0
200,288,30,0
200,286,31,0
200,283,32,0
200,280,33,0
200,190272,34,0
200,9082,35,0
200,192039,36,0
200,297,37,0
200,299,38,0
200,301,39,0
200,320,40,0
200,317,41,0
200,190427,42,0
200,428,43,0
200,190430,44,0
200,192042,45,0
200,107,46,0
200,437,47,0
200,440,48,0
200,441,49,0
200,190444,50,0
200,456,51,0
200,55,52,0
200,458,53,0
200,459,54,0
200,460,55,0
200,464,56,0
200,192070,57,0
200,461,58,0
200,190451,59,0
200,9087,60,0
200,855,61,0
200,450,62,0
200,447,63,0
200,9083,64,0
200,2056,65,0
200,488,66,0
200,486,67,0
200,484,68,0
200,481,69,0
200,471,70,0
200,479,71,0
200,477,72,0
200,498,73,0
200,474,74,0
200,473,75,0
200,190502,76,1
201,190502,1,0
201,472,2,0
201,475,3,0
201,2059,4,0
201,476,5,0
201,478,6,0
201,480,7,0
201,482,8,0
201,483,9,0
201,485,10,0
201,487,11,0
201,489,12,0
201,445,13,0
201,448,14,0
201,449,15,0
201,454,16,0
201,9086,17,0
201,190800,18,0
201,452,19,0
201,464,20,0
201,192070,21,0
201,751,22,0
201,2069,23,0
201,2068,24,0
201,455,25,0
201,192009,26,0
201,696,27,0
201,2043,28,0
201,436,29,0
201,433,30,0
201,190431,31,0
201,429,32,0
201,190426,33,0
201,318,34,0
201,302,35,0
201,300,36,0
201,298,37,0
201,192037,38,0
201,294,39,0
201,190292,40,0
201,273,41,0
201,279,42,0
201,284,43,0
201,285,44,0
201,287,45,0
201,190231,46,0
201,232,47,0
201,233,48,0
201,234,49,0
201,9229,50,0
201,216,51,0
201,51,52,0
201,690,53,0
201,190052,54,0
201,218,55,0
201,746,56,0
201,209,57,0
201,208,58,0
201,206,59,0
201,182,60,0
201,180,61,0
201,163,62,0
201,167,63,0
201,169,64,0
201,162,65,0
201,155,66,0
201,156,67,0
201,158,68,0
201,159,69,0
201,142,70,0
201,144,71,0
201,149,72,0
201,147,73,0
201,151,74,0
201,970000,75,1
300,190503,1,0
300,111,2,0
300,1017,3,0
300,508,4,0
300,509,5,0
300,2063,6,0
300,2065,7,0
300,507,8,0
300,504,9,0
300,503,10,0
300,497,11,0
300,494,12,0
300,492,13,0
300,491,14,0
300,467,15,0
300,192070,16,0
300,751,17,0
300,2069,18,0
300,2068,19,0
300,455,20,0
300,192009,21,0
300,190413,22,0
300,415,23,0
300,190417,24,0
300,420,25,0
300,423,26,0
300,424,27,0
300,324,28,0
300,322,29,0
300,316,30,0
300,314,31,0
300,311,32,0
300,309,33,0
300,308,34,0
300,305,35,0
300,192037,36,1
301,192037,1,0
301,303,2,0
301,304,3,0
301,310,4,0
301,312,5,0
301,313,6,0
301,315,7,0
301,321,8,0
301,323,9,0
301,425,10,0
301,422,11,0
301,421,12,0
301,190411,13,0
301,414,14,0
301,412,15,0
301,190444,16,0
301,456,17,0
301,55,18,0
301,458,19,0
301,459,20,0
301,460,21,0
301,464,22,0
301,192070,23,0
301,465,24,0
301,490,25,0
301,493,26,0
301,495,27,0
301,496,28,0
301,502,29,0
301,505,30,0
301,2067,31,0
301,2066,32,0
301,2064,33,0
301,2062,34,0
301,2061,35,0
301,2060,36,0
301,2008,37,0
301,190503,38,1
400,192077,1,0
400,799,2,0
400,744,3,0
400,192076,4,0
400,41,5,0
400,190399,6,0
400,397,7,0
400,190044,8,0
400,378,9,0
400,192053,10,0
400,382,11,0
400,190501,12,0
400,2052,13,0
400,190363,14,0
400,361,15,0
400,359,16,0
400,190356,17,0
400,9070,18,0
400,277,19,0
400,190272,20,0
400,9082,21,0
400,192036,22,0
400,192037,23,0
400,192039,24,1
401,192037,1,0
401,294,2,0
401,190292,3,0
401,273,4,0
401,278,5,0
401,275,6,0
401,190357,7,0
401,360,8,0
401,362,9,0
401,190364,10,0
401,366,11,0
401,190504,12,0
401,383,13,0
401,381,14,0
401,190380,15,0
401,9077,16,0
401,190043,17,0
401,398,18,0
401,190400,19,0
401,402,20,0
401,190584,21,0
401,816,22,0
401,192077,23,1
600,192079,1,0
600,799,2,0
600,741,3,0
600,739,4,0
600,642,5,0
600,190090,6,0
600,192004,7,0
600,9054,8,0
600,2002,9,0
600,100,10,0
600,40,11,0
600,606,12,0
600,615,13,0
600,9208,14,0
600,9228,15,0
600,192075,16,0
600,558,17,0
600,556,18,0
600,554,19,0
600,568,20,0
600,717,21,0
600,550,22,0
600,718,23,0
600,754,24,0
600,547,25,0
600,199037,26,0
600,537,27,0
600,534,28,0
600,190033,29,0
600,190034,30,0
600,2072,31,0
600,520,32,0
600,460,33,0
600,464,34,0
600,192070,35,1
601,192070,1,0
601,751,2,0
601,521,3,0
601,190523,4,0
601,190524,5,0
601,535,6,0
601,536,7,0
601,9043,8,0
601,546,9,0
601,716,10,0
601,549,11,0
601,551,12,0
601,803,13,0
601,567,14,0
601,555,15,0
601,557,16,0
601,559,17,0
601,192074,18,0
601,612,19,0
601,614,20,0
601,607,21,0
601,39,22,0
601,692,23,0
601,632,24,0
601,192003,25,0
601,190662,26,0
601,641,27,0
601,9057,28,0
601,740,29,0
601,97,30,0
601,192084,31,0
601,192079,32,1
700,190712,1,0
700,48,2,0
700,515,3,0
700,854,4,0
700,648,5,0
700,651,6,0
700,97,7,0
700,192082,8,0
700,799,9,0
700,744,10,0
700,192076,11,0
700,41,12,0
700,190399,13,0
700,396,14,0
700,839,15,0
700,837,16,0
700,835,17,0
700,833,18,0
700,9044,19,0
700,192014,20,0
700,218,21,0
700,746,22,0
700,199056,23,0
700,9068,24,0
700,2018,25,0
700,200,26,0
700,204,27,0
700,184,28,0
700,847,29,0
700,207,30,0
700,2017,31,0
700,210,32,0
700,831,33,0
700,829,34,0
700,828,35,0
700,9081,36,0
700,190818,37,0
700,726,38,0
700,725,39,0
700,727,40,0
700,728,41,1
701,728,1,0
701,826,2,0
701,827,3,0
701,830,4,0
701,9069,5,0
701,190730,6,0
701,209,7,0
701,208,8,0
701,206,9,0
701,182,10,0
701,183,11,0
701,205,12,0
701,201,13,0
701,203,14,0
701,832,15,0
701,216,16,0
701,51,17,0
701,690,18,0
701,190052,19,0
701,192007,20,0
701,9050,21,0
701,2050,22,0
701,834,23,0
701,836,24,0
701,838,25,0
701,398,26,0
701,190400,27,0
701,402,28,0
701,190584,29,0
701,816,30,0
701,192083,31,0
701,799,32,0
701,77,33,0
701,649,34,0
701,822,35,0
701,824,36,0
701,819,37,0
701,190712,38,1
1000,199088,1,0
1000,871,2,0
1000,872,3,0
1000,7,4,0
1000,785,5,0
1000,780,6,0
1000,774,7,0
1000,775,8,0
1000,776,9,0
1000,873,10,0
1000,9060,11,0
1000,9061,12,0
1000,787,13,0
1000,788,14,0
1000,789,15,0
1000,790,16,0
1000,791,17,0
1000,190792,18,0
1000,777,19,0
1000,24,20,0
1000,69,21,0
1000,22,22,0
1000,20,23,0
1000,9085,24,0
1000,9048,25,0
1000,9001,26,0
1000,9002,27,0
1000,9003,28,0
1000,9062,29,0
1000,671,30,0
1000,192003,31,0
1000,190662,32,0
1000,641,33,0
1000,9057,34,0
1000,740,35,0
1000,97,36,0
1000,192084,37,1
1001,192084,1,0
1001,799,2,0
1001,741,3,0
1001,739,4,0
1001,642,5,0
1001,190090,6,0
1001,9053,7,0
1001,672,8,0
1001,9004,9,0
1001,9005,10,0
1001,9006,11,0
1001,9049,12,0
1001,8,13,0
1001,19,14,0
1001,21,15,0
1001,23,16,0
1001,25,17,0
1001,793,18,0
1001,190794,19,0
1001,795,20,0
1001,796,21,0
1001,765,22,0
1001,766,23,0
1001,767,24,0
1001,768,25,0
1001,780,26,0
1001,774,27,0
1001,775,28,0
1001,776,29,0
1001,873,30,0
1001,9060,31,0
1001,9061,32,0
1001,797,33,0
1001,2019,34,0
1001,866,35,0
1001,867,36,0
1001,868,37,0
1001,869,38,0
1001,782,39,0
1001,199088,40,1
1100,192082,1,0
1100,9231,2,0
1100,9046,3,0
1100,190103,4,0
1100,9208,5,0
1100,9228,6,0
1100,192075,7,0
1100,527,8,0
1100,9029,9,0
1100,9026,10,0
1100,9018,11,0
1100,9019,12,0
1100,9020,13,0
1100,9021,14,0
1100,518,15,0
1100,732,16,0
1100,517,17,0
1100,513,18,0
1100,511,19,0
1100,2062,20,0
1100,2061,21,0
1100,2060,22,0
1100,2008,23,0
1100,190506,24,0
1100,190502,25,1
1101,190506,1,0
1101,111,2,0
1101,1017,3,0
1101,508,4,0
1101,509,5,0
1101,510,6,0
1101,512,7,0
1101,516,8,0
1101,731,9,0
1101,519,10,0
1101,9022,11,0
1101,9023,12,0
1101,9024,13,0
1101,9025,14,0
1101,9027,15,0
1101,9028,16,0
1101,528,17,0
1101,192074,18,0
1101,612,19,0
1101,190101,20,0
1101,9045,21,0
1101,9232,22,0
1101,192082,23,1
1200,199205,1,0
1200,9067,2,0
1200,60,3,0
1200,9071,4,0
1200,62,5,0
1200,64,6,0
1200,134,7,0
1200,132,8,0
1200,9065,9,0
1200,755,10,0
1200,80,11,0
1200,58,12,0
1200,59,13,0
1200,89,14,0
1200,190029,15,0
1200,86,16,0
1200,117,17,0
1200,84,18,0
1200,83,19,0
1200,82,20,0
1200,123,21,0
1200,190127,22,0
1200,128,23,0
1200,266,24,0
1200,305,25,0
1200,192036,26,0
1200,294,27,0
1200,190292,28,0
1200,274,29,0
1200,353,30,0
1200,351,31,0
1200,349,32,0
1200,347,33,0
1200,345,34,0
1200,335,35,0
1200,334,36,0
1200,331,37,0
1200,330,38,0
1200,328,39,0
1200,325,40,0
1200,326,41,0
1200,190502,42,0
1200,190501,43,1
1201,190502,1,0
1201,2046,2,0
1201,327,3,0
1201,329,4,0
1201,2044,5,0
1201,332,6,0
1201,333,7,0
1201,336,8,0
1201,344,9,0
1201,346,10,0
1201,348,11,0
1201,350,12,0
1201,108,13,0
1201,352,14,0
1201,290,15,0
1201,291,16,0
1201,9212,17,0
1201,756,18,0
1201,303,19,0
1201,92,20,0
1201,190032,21,0
1201,295,22,0
1201,42,23,0
1201,9203,24,0
1201,93,25,0
1201,190126,26,0
1201,124,27,0
1201,81,28,0
1201,122,29,0
1201,121,30,0
1201,118,31,0
1201,85,32,0
1201,116,33,0
1201,190115,34,0
1201,88,35,0
1201,114,36,0
1201,119,37,0
1201,120,38,0
1201,125,39,0
1201,9064,40,0
1201,9225,41,0
1201,9226,42,0
1201,9066,43,0
1201,199205,44,1
1401,192084,1,0
1401,799,2,0
1401,842,3,0
1401,841,4,0
1401,848,5,0
1401,849,6,0
1401,850,7,0
1401,851,8,0
1401,852,9,0
1401,856,10,0
1401,9074,11,0
1401,9075,12,0
1401,858,13,0
1401,6,14,0
1401,190399,15,1
1402,190399,1,0
1402,407,2,0
1402,406,3,0
1402,403,4,0
1402,586,5,0
1402,583,6,0
1402,589,7,0
1402,582,8,0
1402,591,9,0
1402,593,10,0
1402,595,11,0
1402,697,12,0
1402,410,13,0
1402,50,14,0
1402,98,15,0
1402,815,16,0
1402,404,17,0
1402,618,18,0
1402,619,19,0
1402,94,20,0
1402,96,21,0
1402,635,22,0
1402,736,23,0
1402,634,24,0
1402,97,25,0
1402,192079,26,0
1402,192084,27,1
1500,742,1,0
1500,9084,2,0
1500,190694,3,0
1500,644,4,0
1500,653,5,0
1500,655,6,0
1500,659,7,0
1500,657,8,0
1500,9057,9,0
1500,740,10,0
1500,97,11,0
1500,192085,12,0
1500,566,13,0
1500,735,14,0
1500,552,15,0
1500,548,16,0
1500,637,17,0
1500,639,18,0
1500,661,19,0
1500,9053,20,0
1500,672,21,0
1500,673,22,0
1500,663,23,0
1500,664,24,0
1500,665,25,0
1500,666,26,0
1500,758,27,0
1500,667,28,0
1500,668,29,0
1500,669,30,0
1500,670,31,0
1500,678,32,0
1500,677,33,0
1500,676,34,0
1500,540,35,0
1500,533,36,0
1500,531,37,0
1500,530,38,0
1500,190018,39,0
1500,532,40,0
1500,470,41,0
1500,469,42,0
1500,468,43,0
1500,680,44,0
1500,682,45,0
1500,91,46,0
1500,689,47,0
1500,5,48,0
1500,630,49,0
1500,629,50,0
1500,627,51,0
1500,68,52,0
1500,597,53,0
1500,608,54,0
1500,611,55,0
1500,192075,56,0
1500,35,57,0
1500,804,58,0
1500,698,59,0
1500,31,60,0
1500,30,61,0
1500,27,62,0
1500,26,63,0
1500,10,64,0
1500,11,65,0
1500,405,66,0
1500,408,67,0
1500,587,68,0
1500,588,69,0
1500,590,70,0
1500,592,71,0
1500,594,72,0
1500,596,73,0
1500,9051,74,0
1500,545,75,0
1500,684,76,0
1500,199037,77,1
1501,199037,1,0
1501,9043,2,0
1501,539,3,0
1501,685,4,0
1501,809,5,0
1501,810,6,0
1501,542,7,0
1501,687,8,0
1501,569,9,0
1501,565,10,0
1501,563,11,0
1501,564,12,0
1501,572,13,0
1501,571,14,0
1501,570,15,0
1501,576,16,0
1501,577,17,0
1501,578,18,0
1501,579,19,0
1501,580,20,0
1501,581,21,0
1501,575,22,0
1501,562,23,0
1501,560,24,0
1501,811,25,0
1501,192074,26,0
1501,610,27,0
1501,609,28,0
1501,598,29,0
1501,553,30,0
1501,628,31,0
1501,737,32,0
1501,631,33,0
1501,4,34,0
1501,3,35,0
1501,2,36,0
1501,1,37,0
1501,681,38,0
1501,600,39,0
1501,599,40,0
1501,15,41,0
1501,16,42,0
1501,190028,43,0
1501,17,44,0
1501,105,45,0
1501,14,46,0
1501,13,47,0
1501,12,48,0
1501,679,49,0
1501,626,50,0
1501,625,51,0
1501,624,52,0
1501,623,53,0
1501,622,54,0
1501,621,55,0
1501,604,56,0
1501,603,57,0
1501,602,58,0
1501,675,59,0
1501,601,60,0
1501,671,61,0
1501,192003,62,0
1501,660,63,0
1501,640,64,0
1501,638,65,0
1501,9230,66,0
1501,635,67,0
1501,736,68,0
1501,97,69,0
1501,192077,70,0
1501,192081,71,0
1501,799,72,0
1501,741,73,0
1501,739,74,0
1501,656,75,0
1501,658,76,0
1501,654,77,0
1501,652,78,0
1501,643,79,0
1501,190693,80,0
1501,49,81,0
1501,743,82,0
1501,457,83,0
1501,75,84,0
1501,9078,85,0
1501,647,86,0
1501,854,87,0
1501,648,88,0
1501,651,89,0
1501,77,90,0
1501,649,91,0
1501,78,92,0
1501,9079,93,0
1501,646,94,0
1501,645,95,0
1501,742,96,1
1600,199074,1,0
1600,9076,2,0
1600,73,3,0
1600,2021,4,0
1600,237,5,0
1600,239,6,0
1600,860,7,0
1600,861,8,0
1600,862,9,0
1600,863,10,0
1600,865,11,0
1600,762,12,0
1600,368,13,0
1600,366,14,0
1600,190505,15,0
1600,111,16,0
1600,1017,17,0
1600,506,18,0
1600,374,19,0
1600,375,20,0
1600,376,21,0
1600,377,22,0
1600,190043,23,0
1600,396,24,0
1600,190396,25,1
1601,190396,1,0
1601,837,2,0
1601,394,3,0
1601,393,4,0
1601,392,5,0
1601,391,6,0
1601,390,7,0
1601,389,8,0
1601,388,9,0
1601,387,10,0
1601,386,11,0
1601,385,12,0
1601,384,13,0
1601,761,14,0
1601,190506,15,0
1601,2052,16,0
1601,367,17,0
1601,369,18,0
1601,372,19,0
1601,243,20,0
1601,2027,21,0
1601,242,22,0
1601,241,23,0
1601,240,24,0
1601,238,25,0
1601,9229,26,0
1601,217,27,0
1601,199074,28,0
1601,9076,29,0
1601,73,30,0
1601,2021,31,0
1601,192007,32,1
1800,190396,1,0
1800,837,2,0
1800,835,3,0
1800,833,4,0
1800,9044,5,0
1800,192007,6,0
1800,199074,7,0
1800,9076,8,0
1800,73,9,0
1800,2021,10,0
1800,2001,11,0
1800,235,12,0
1800,2026,13,0
1800,70,14,0
1800,192028,15,0
1800,288,16,0
1800,286,17,0
1800,283,18,0
1800,280,19,0
1800,190272,20,0
1800,9082,21,0
1800,192039,22,0
1800,297,23,0
1800,299,24,0
1800,301,25,0
1800,320,26,0
1800,317,27,0
1800,190427,28,0
1800,428,29,0
1800,190430,30,0
1800,192042,31,0
1800,107,32,0
1800,437,33,0
1800,440,34,0
1800,441,35,0
1800,190444,36,0
1800,456,37,0
1800,55,38,0
1800,458,39,0
1800,459,40,0
1800,460,41,0
1800,464,42,0
1800,192070,43,0
1800,465,44,0
1800,843,45,0
1800,845,46,0
1800,846,47,0
1800,506,48,0
1800,374,49,0
1800,375,50,0
1800,376,51,0
1800,377,52,0
1800,190043,53,0
1800,396,54,1
50100,192077,1,0
50100,192076,2,0
50100,190399,3,0
50100,190044,4,0
50100,192053,5,0
50100,199042,6,0
50100,190363,7,0
50100,190356,8,0
50100,190272,9,0
50100,192039,10,0
50100,190427,11,0
50100,190411,12,0
50100,199040,13,0
50100,199038,14,0
50100,190523,15,0
50100,190524,16,0
50100,199036,17,0
50100,199034,18,0
50100,199032,19,0
50100,199030,20,0
50100,192003,21,0
50100,190662,22,0
50100,9057,23,1
50101,192039,1,0
50101,190427,2,0
50101,190411,3,0
50101,199040,4,0
50101,199038,5,0
50101,190523,6,0
50101,190524,7,0
50101,199036,8,0
50101,199034,9,0
50101,199032,10,0
50101,199030,11,0
50101,192003,12,0
50101,190662,13,0
50101,9057,14,0
50101,192077,15,1
50200,192078,1,0
50200,739,2,0
50200,190090,3,0
50200,199015,4,0
50200,199031,5,0
50200,199033,6,0
50200,199035,7,0
50200,199037,8,0
50200,190033,9,0
50200,190034,10,0
50200,199039,11,0
50200,190413,12,0
50200,190417,13,0
50200,190426,14,0
50200,192037,15,1
50201,192037,1,0
50201,190292,2,0
50201,190357,3,0
50201,190364,4,0
50201,199041,5,0
50201,190380,6,0
50201,190043,7,0
50201,190400,8,0
50201,190584,9,0
50201,192078,10,1
60101,9222,1,0
60101,9224,2,0
60101,192080,3,0
60101,700,4,0
60101,65,5,0
60101,2012,6,0
60101,190139,7,0
60101,134,8,0
60101,132,9,0
60101,2010,10,0
60101,190127,11,0
60101,266,12,0
60101,192039,13,0
60101,190292,14,0
60101,9201,15,0
60101,190426,16,0
60101,192037,17,1
60200,190426,1,0
60200,199202,2,0
60200,9203,3,0
60200,190126,4,0
60200,79,5,0
60200,9225,6,0
60200,9226,7,0
60200,199205,8,0
60200,9206,9,0
60200,9221,10,0
60200,9207,11,0
60200,9222,12,0
60200,9224,13,0
60200,192080,14,1
70100,199227,1,0
70100,745,2,0
70100,2001,3,0
70100,192028,4,0
70100,283,5,0
70100,9233,6,0
70100,192037,7,0
70100,190292,8,0
70100,353,9,0
70100,349,10,0
70100,345,11,0
70100,9217,12,0
70100,199217,13,0
70100,1017,14,0
70100,510,15,0
70100,9030,16,0
70100,734,17,0
70100,199218,18,0
70100,612,19,0
70100,617,20,0
70100,192079,21,1
70201,192079,1,0
70201,616,2,0
70201,9208,3,0
70201,199209,4,0
70201,733,5,0
70201,806,6,0
70201,511,7,0
70201,2060,8,0
70201,199210,9,0
70201,9211,10,0
70201,346,11,0
70201,350,12,0
70201,352,13,0
70201,9212,14,0
70201,192036,15,0
70201,190292,16,0
70201,284,17,0
70201,190231,18,0
70201,9229,19,0
70201,832,20,0
70201,9215,21,0
70201,199227,22,1
